0.2117
0.1464
0.1582
0.14600000000000002
0.12309999999999999
0.1271
0.126
0.1424
0.1402
0.1261
0.1075
0.060200000000000004
1.3183
1.0585
1.1291
0.9853999999999999
0.2234
0.174
0.9763999999999999
1.1608
0.9307
0.5781000000000001
0.5891
0.4051
0.0
0.0037
0.0
0.0
0.0
0.0
0.0
0.0
0.6557000000000001
1.0071999999999999
0.8179000000000001
0.6956
0.2982
0.3005
1.0288
0.1105
0.1076
0.2354
0.25579999999999997
1.0079
0.0955
0.0
0.0
0.0
0.8393999999999999
0.2869
0.1917
0.1764
0.15810000000000002
0.1187
0.1321
0.6776
1.685
0.24930000000000002
0.2587
0.218
0.2299
0.24309999999999998
0.31589999999999996
0.3611
0.3221
0.29259999999999997
0.21710000000000002
0.2508
0.1315
1.5359
1.5859
1.3689
0.0406
0.035699999999999996
0.0322
0.035199999999999995
0.0265
0.0185
0.0102
0.0089
0.0135
0.012199999999999999
0.019399999999999997
0.0
0.0
0.004
0.0298
0.0213
0.1894
0.2063
0.0166
0.13269999999999998
0.0798
0.22039999999999998
0.155
0.052199999999999996
0.22960000000000003
0.19140000000000001
0.1851
0.1376
0.15739999999999998
0.7723
0.2502
0.2439
0.2879
0.47929999999999995
0.44129999999999997
0.254
0.6428
0.2294
0.21050000000000002
1.3784999999999998
0.567
1.7028
3.1798
0.2375
0.3186
0.3735
0.3486
0.2659
0.18430000000000002
0.1974
0.132
0.104
0.0698
0.057499999999999996
0.0654
0.0741
0.1308
0.4165
0.5081
0.3284
0.12
1.0907
0.3196
0.1031
0.12919999999999998
0.1644
0.8255
0.1104
0.1575
0.2781
1.3889
0.47939999999999994
0.31000000000000005
0.2741
0.2605
0.24180000000000001
0.24659999999999999
0.22949999999999998
0.21139999999999998
0.2183
0.4286
1.9799
0.5175000000000001
0.3373
0.2804
0.46900000000000003
0.30369999999999997
0.19640000000000002
0.2355
0.2777
0.3191
0.2009
0.3603
0.6785000000000001
0.33499999999999996
0.3238
0.5685
0.5208999999999999
0.4088
0.3242
0.3273
0.3221
0.37360000000000004
0.5081
0.4669
0.2697
0.20629999999999998
0.1797
0.217
0.3085
0.6103000000000001
0.5035999999999999
0.4625
1.7762
0.27659999999999996
1.1293
1.605
0.46199999999999997
0.4253
0.3426
0.024599999999999997
0.018
0.0177
0.0207
0.019
0.017
0.0461
0.10389999999999999
0.022600000000000002
0.0
0.0
0.0
0.0
0.0
0.0
0.0
0.0135
0.0527
0.0065
0.0203
0.07039999999999999
0.10120000000000001
0.0959
0.0499
0.0
0.0
0.0002
0.0069
0.0004
0.0012
0.0003
0.0466
0.1081
0.44399999999999995
0.0199
0.0019
0.0018
0.0
0.0
0.4472
0.927
0.0071
0.848
0.44789999999999996
0.046299999999999994
0.0349
0.0147
0.0063
0.2447
0.2355
0.5335
0.5271
0.3331
0.3435
0.7234
1.6931
0.8262
0.11610000000000001
0.0283
0.0072
0.06659999999999999
0.129
0.2585
0.4329
0.1182
0.4928
0.3882
0.27999999999999997
1.4243999999999999
0.8582000000000001
0.41459999999999997
0.30200000000000005
0.8334
0.21839999999999998
0.1056
0.096
0.1012
0.1248
0.3913
0.39680000000000004
0.2574
0.9034
0.42010000000000003
0.0249
0.0
0.0
0.0
0.0
0.0512
0.2399
2.5369
1.9534
0.7929
0.9642
0.6135999999999999
0.2881
0.16999999999999998
0.157
0.1489
0.14379999999999998
0.1409
0.1404
0.13490000000000002
0.1391
0.1398
0.2291
0.3166
0.16620000000000001
0.5263
0.2584
0.16060000000000002
0.18230000000000002
0.20440000000000003
0.16870000000000002
0.2843
0.4254
0.2293
0.25329999999999997
0.2742
0.2405
0.1799
0.10289999999999999
0.0754
0.0645
0.0581
0.06290000000000001
0.0738
0.0869
0.08879999999999999
0.0952
0.32
0.2029
0.3873
0.5031
0.1885
0.1694
0.17930000000000001
0.238
0.6689
0.607
0.3196
0.4089
0.5505
0.2865
0.06570000000000001
0.0625
0.057999999999999996
0.056
0.0634
0.0707
0.0971
0.1274
0.1982
0.40490000000000004
0.2373
0.3129
0.3416
0.20500000000000002
0.1623
0.14150000000000001
0.21989999999999998
0.2737
0.9754
0.31930000000000003
0.1894
0.1084
0.0653
0.0587
0.14150000000000001
0.1351
0.1301
0.125
0.1232
0.1338
0.16
0.2313
0.527
0.3479
0.439
0.8339
0.4149
0.31820000000000004
0.39980000000000004
0.39859999999999995
0.5975999999999999
0.4783
0.3355
0.33240000000000003
0.3141
0.2711
0.2092
0.1628
0.0492
0.0443
0.0469
0.044899999999999995
0.048
0.0624
0.07569999999999999
0.12890000000000001
0.26789999999999997
0.988
0.3881
0.378
0.2879
0.9372
0.3631
0.2331
0.25539999999999996
0.3077
1.0098
1.5068000000000001
0.4536
0.1655
0.10819999999999999
0.0804
0.053099999999999994
0.0271
0.030799999999999998
0.0411
0.0287
0.038900000000000004
0.0326
0.0487
0.0557
0.1049
0.1115
1.1763
0.7992
1.7076
0.3051
0.2572
0.3432
0.5177
0.3401
0.2903
0.2621
0.2741
0.2834
0.1882
0.4595
0.4818
0.43779999999999997
0.3183
0.2382
0.2252
0.21789999999999998
0.1851
0.1531
0.1011
0.2658
0.4854
0.2365
0.9544999999999999
0.5006999999999999
1.0348
0.6986
0.8069
1.3262999999999998
0.38170000000000004
0.49779999999999996
0.2531
0.1918
0.1851
0.0405
0.0392
0.057800000000000004
0.0371
0.0741
0.4132
0.1834
0.0067
0.0
0.0
0.0
0.0
0.0045
0.0
0.0
1.6307
0.1457
0.25229999999999997
2.3104
1.5793000000000001
1.0044
0.8660000000000001
0.0389
0.0453
0.3312
0.316
0.30920000000000003
0.3073
0.3093
0.3092
0.3489
0.5665
1.3577
1.0246
0.8292999999999999
0.4328
0.5289
0.29410000000000003
0.2391
0.2376
0.246
0.36860000000000004
0.33530000000000004
1.1255
0.7047000000000001
0.6273
0.6406000000000001
0.45840000000000003
0.20829999999999999
0.183
0.1674
0.1588
0.1527
0.15860000000000002
0.1711
0.3724
0.2667
0.15460000000000002
0.1704
0.1552
0.14650000000000002
0.14129999999999998
0.1427
0.1526
0.1748
0.3335
0.3868
0.8114
0.2128
0.197
0.1676
0.1577
0.13269999999999998
0.1096
0.08560000000000001
0.0856
0.0738
0.0916
0.0721
0.1017
0.1245
0.9058999999999999
0.6574
0.6026
0.21910000000000002
0.1946
0.183
0.1612
0.1582
0.2606
0.8487
1.3154
1.689
1.8441
0.6952
0.2203
0.0188
0.0155
0.0155
0.016399999999999998
0.0191
0.022199999999999998
0.0314
0.0561
0.0697
0.0654
0.0409
0.039400000000000004
0.0698
0.0912
0.1663
0.09
0.6246
0.1313
0.0436
0.094
0.45130000000000003
0.3483
0.039400000000000004
0.0
0.2074
0.1901
0.173
0.1647
0.15860000000000002
0.1548
0.1703
0.2743
0.42310000000000003
0.2782
0.35819999999999996
0.37639999999999996
0.3647
0.2843
0.28759999999999997
0.2541
0.2208
0.4986
1.2652
0.39690000000000003
0.40259999999999996
0.4323
0.4788
0.3361
0.2013
0.1624
0.1262
0.1321
0.1217
0.0686
0.0
0.0
0.0
0.0
0.2263
0.0
0.0
0.0
0.0
0.040999999999999995
0.1738
0.1915
0.3014
0.0
0.0317
0.0826
0.041
0.0324
0.0246
0.0216
0.0207
0.022
0.0201
0.0215
0.027299999999999998
0.0504
0.0562
0.060500000000000005
0.0079
0.0221
0.0018
0.0142
0.009999999999999998
0.0258
0.013
0.0011
0.0123
0.0024
0.025099999999999997
0.0213
0.0116
0.0134
0.10880000000000001
0.1063
0.0997
0.10650000000000001
0.10500000000000001
0.1357
0.2351
0.5770000000000001
0.2547
0.2431
0.3843
0.2912
0.1578
0.1706
0.2687
0.3017
0.19090000000000001
0.16720000000000002
0.35719999999999996
0.37070000000000003
0.5621
0.0959
0.0791
0.08810000000000001
0.060700000000000004
0.0645
0.0461
0.051699999999999996
0.0493
0.0527
0.0385
1.3788
0.5785
0.323
0.35929999999999995
0.24780000000000002
0.361
0.38070000000000004
0.4406
0.2964
0.2943
0.7125
0.33130000000000004
0.9687
0.3482
0.34409999999999996
0.1941
0.0826
0.25670000000000004
0.20579999999999998
0.1976
0.1966
0.1972
0.2137
0.2657
0.7999
0.9196
0.254
0.1593
0.14150000000000001
0.1441
0.1336
0.1183
0.1326
0.1508
1.1716
0.3725
0.7353000000000001
0.663
0.609
0.5735
0.2999
0.0248
0.006
0.0134
0.021900000000000003
0.023
0.025500000000000002
0.0179
0.0476
0.08710000000000001
0.2137
1.2195
0.9084
0.5361
0.4473
0.7568
0.2192
0.179
1.0963
0.6833
0.46040000000000003
0.1796
0.1064
0.0552
0.035199999999999995
0.0
0.0
0.0062
0.0031
0.0124
0.0728
0.8329
0.2156
0.2375
0.4465
1.4005999999999998
0.42060000000000003
0.1496
0.15510000000000002
0.1167
0.27690000000000003
1.3847
0.333
0.1848
0.1162
0.060899999999999996
0.0064
0.0285
0.0137
0.09040000000000001
0.0844
0.0807
0.0809
0.07919999999999999
0.0835
0.0995
0.1355
0.1261
0.12490000000000001
0.1084
0.0774
0.0789
0.0896
0.09570000000000001
0.10830000000000001
0.09559999999999999
0.0769
0.10719999999999999
0.1915
0.1638
0.16249999999999998
0.1316
0.1021
0.1367
0.0988
0.09040000000000001
0.09409999999999999
0.0944
0.1112
0.1263
0.16899999999999998
0.4045
0.6594
0.2122
0.5356000000000001
0.3212
0.2217
0.1285
0.1137
0.127
1.4502
0.1163
0.035500000000000004
0.1976
1.1515
0.9426999999999999
0.2849
0.13169999999999998
0.1255
0.1232
0.1286
0.1708
0.1991
0.1558
0.1522
0.1688
0.2776
0.2535
0.1299
0.17859999999999998
0.2864
0.2016
0.2275
0.2286
0.1987
0.2223
0.2365
0.2326
0.2772
0.18469999999999998
0.1358
0.0372
0.0172
0.010100000000000001
0.006500000000000001
0.0196
0.0048000000000000004
0.0078000000000000005
0.0179
0.023
0.07500000000000001
0.1817
0.1127
0.0818
0.3296
0.0868
0.0237
0.0052
1.1059
1.8431000000000002
1.1179000000000001
0.2695
0.2722
0.1545
0.0724
0.1359
0.1245
0.11629999999999999
0.1111
0.109
0.1153
0.1387
0.20329999999999998
0.8206
1.0008
0.5729
0.39259999999999995
0.2222
0.22160000000000002
0.2043
0.22899999999999998
0.7716000000000001
0.6876
0.5441
0.41469999999999996
0.3761
0.276
0.19090000000000001
0.1555
0.1491
0.1147
0.108
0.10830000000000001
0.09129999999999999
0.0933
0.10669999999999999
0.1385
0.2259
1.1593
0.6386000000000001
0.4272
0.9899
0.9543
0.322
0.3216
0.3785
1.2917999999999998
0.9194
1.2561
0.8525
1.3886
1.6681
0.3329
0.1351
0.1223
0.1122
0.1116
0.1388
0.4356
0.1603
0.1617
0.16870000000000002
0.16310000000000002
0.13779999999999998
0.1456
0.2481
0.2585
0.22810000000000002
0.2318
0.23049999999999998
0.49219999999999997
0.2847
0.25329999999999997
1.0033
0.2637
0.1819
0.14140000000000003
0.0317
0.028499999999999998
0.0372
0.0257
0.0231
0.0223
0.0474
0.048100000000000004
0.113
0.324
0.31120000000000003
0.11900000000000001
0.4745
0.5469
0.2683
0.4577
1.7506
0.2784
0.2338
0.3653
0.8201
1.3079
0.1593
0.0415
0.0
0.0016
0.0115
0.0132
0.022
0.026099999999999998
0.036000000000000004
0.0838
0.2389
1.0316
0.157
0.024900000000000002
0.3785
0.29800000000000004
0.2327
0.1473
0.2136
0.266
0.2799
0.4608
0.46109999999999995
0.18860000000000002
0.0227
0.0021
0.11649999999999999
0.11280000000000001
0.1061
0.105
0.1125
0.1401
0.299
0.2668
0.21400000000000002
0.42619999999999997
0.24230000000000002
0.1598
0.26049999999999995
0.2001
0.2409
0.2143
0.15810000000000002
0.1901
0.2345
0.2663
0.1763
0.1578
0.14150000000000001
0.1174
0.0536
0.0499
0.045200000000000004
0.0484
0.045899999999999996
0.0441
0.11560000000000001
0.3235
0.1902
0.5757
0.1723
0.36060000000000003
0.3962
0.24130000000000001
0.263
0.3356
0.1388
0.1396
0.0996
0.1417
0.2522
0.2577
0.1844
0.0969
0.2104
0.1835
0.1766
0.1688
0.1688
0.1895
0.2517
0.2516
0.2207
0.2008
0.2
0.19269999999999998
0.781
0.26349999999999996
0.4326
0.28759999999999997
0.2384
0.2724
0.2833
0.3428
0.3571
0.3723
0.39790000000000003
0.2972
0.1661
0.10930000000000001
0.1241
0.11299999999999999
0.0959
0.097
0.0371
1.203
0.4102
0.1249
0.14179999999999998
0.2168
0.4595
0.2416
0.20450000000000002
0.8242
2.1393999999999997
1.8719999999999999
0.5199
0.4503
0.621
0.4274
0.3439
0.298
0.0
0.0
0.0
0.0
0.0
0.0
0.0
0.0019
0.0
0.0179
0.0113
0.0
0.0
0.0072
0.4943
0.1853
0.4429
0.5942999999999999
0.1533
0.1371
0.1567
0.40149999999999997
0.0953
0.005
0.0724
0.0617
0.0402
0.0689
0.063
0.0406
0.0266
0.0347
0.0027
0.0095
0.0
0.0
0.4107
0.4451
0.0263
0.0218
0.0071
0.4289
0.1689
0.12739999999999999
0.0754
0.07669999999999999
0.1037
0.0813
0.0892
0.07919999999999999
0.0713
0.06989999999999999
0.0688
0.07780000000000001
0.0907
0.07869999999999999
0.0659
0.0696
0.0791
0.08879999999999999
0.0923
0.08310000000000001
0.0764
0.0739
0.0763
0.1653
0.11549999999999999
0.1528
0.2168
0.14700000000000002
0.0991
0.08460000000000001
0.1582
0.0863
0.0173
0.0644
0.034199999999999994
0.0
0.0
0.0
0.0
0.0
0.0
0.0
0.0
0.1551
0.0
0.0
0.02
0.0326
0.9124
1.1131
0.1694
0.8914
0.35940000000000005
0.1159
0.13269999999999998
0.11199999999999999
0.1095
0.1075
0.11080000000000001
0.1162
0.138
0.1681
0.1981
0.27649999999999997
0.2211
0.1782
0.3647
1.329
0.3101
0.2767
0.2582
0.9029
0.4717
0.2968
0.23199999999999998
0.2041
0.18969999999999998
0.15639999999999998
0.1371
0.127
0.1274
0.11660000000000001
0.12079999999999999
0.12890000000000001
0.1506
0.2554
0.2946
0.379
0.24359999999999998
0.1686
0.5639000000000001
0.19140000000000001
0.20829999999999999
0.5713
0.6077
0.8986999999999999
0.8752
0.4022
0.2366
0.2292
0.1991
0.1608
0.2561
0.3185
0.24209999999999998
0.2493
0.22549999999999998
0.2499
0.3494
1.5461
0.9619
0.33499999999999996
0.26080000000000003
0.27890000000000004
0.362
0.4711
0.3538
0.2222
0.19540000000000002
0.5212
0.5308
0.31610000000000005
0.5800000000000001
0.8422000000000001
1.0551
0.6998
0.1086
0.09609999999999999
0.093
0.0846
0.0776
0.0779
0.0764
0.0579
0.24220000000000003
0.2063
0.45020000000000004
0.19590000000000002
0.1205
0.124
0.1616
0.2257
0.272
0.1592
0.21789999999999998
0.2602
0.1612
0.1497
0.14100000000000001
0.12490000000000001
0.1449
0.11510000000000001
0.10289999999999999
0.0953
0.0905
0.0662
0.4089
0.4502
0.066
0.0882
0.11280000000000001
0.0867
0.0832
0.0649
0.0683
0.06939999999999999
0.21589999999999998
0.22760000000000002
0.2605
0.2619
0.145
0.1683
0.2216
0.2026
0.2551
0.2333
0.2395
0.2524
0.2694
0.4224
0.4839
0.4778
0.6820999999999999
1.1564
1.1813
0.388
0.3172
0.4527
0.38139999999999996
0.37029999999999996
0.5640000000000001
1.6773000000000002
0.1809
0.18409999999999999
0.2871
0.267
0.2144
0.20850000000000002
0.08829999999999999
0.0451
0.036699999999999997
0.0403
0.0472
0.047700000000000006
0.07719999999999999
0.038599999999999995
0.8051999999999999
1.0312999999999999
1.3717
0.6878
0.09820000000000001
0.12060000000000001
0.19119999999999998
0.1913
0.24130000000000001
0.7973
0.8088
0.5639000000000001
0.4976
0.46940000000000004
0.28290000000000004
0.1327
0.0
0.0
0.0
0.0
0.0
0.0
0.0
0.0
0.0055
0.0726
0.0185
0.0
0.0
0.0
0.0
0.0158
0.0
0.0
0.0319
0.0071
0.0
0.012
0.0295
0.009
0.0754
0.07
0.0653
0.0611
0.0752
0.087
0.1439
0.30610000000000004
0.7596
1.7101000000000002
1.6884000000000001
1.1688
0.7849
2.2826
0.9546000000000001
0.9985999999999999
1.0827
0.9991
1.3195999999999999
0.5875
0.17570000000000002
0.0564
0.08310000000000001
0.0965
0.1542
0.14400000000000002
0.137
0.13840000000000002
0.1471
0.1478
0.1559
0.168
0.17109999999999997
0.2015
0.1805
0.1681
0.41600000000000004
0.3074
0.2391
0.3867
0.6894
0.6174
0.8353
0.3755
0.2277
0.22260000000000002
0.2081
0.1834
0.0938
0.0655
0.07189999999999999
0.0653
0.0614
0.0663
0.0717
0.2112
0.9532
1.4477000000000002
0.6332
0.4779
0.5812999999999999
0.4905
0.6984
0.8855
0.6884
0.8881
1.1421999999999999
1.2767
0.7323
0.701
1.0735000000000001
0.3686
0.09770000000000001
0.0857
0.07700000000000001
0.0774
0.0697
0.0879
0.11699999999999999
0.22240000000000001
0.30569999999999997
0.6204
0.535
0.36929999999999996
1.3739
0.4185
1.6410999999999998
1.2811
0.4588
1.3823
2.6691
0.8624999999999999
0.4091
0.3933
0.2591
0.17020000000000002
0.0491
0.039400000000000004
0.058499999999999996
0.054099999999999995
0.0567
0.0724
0.07800000000000001
0.1137
0.21910000000000002
0.9352
0.7898000000000001
0.34719999999999995
0.5530999999999999
0.2876
0.31420000000000003
1.4383000000000001
0.5918
0.2673
0.5378
0.6976
0.1658
0.0609
0.032100000000000004
0.0504
0.0768
0.054900000000000004
0.033
0.0562
0.032600000000000004
0.0612
0.0265
0.0669
0.08929999999999999
0.0296
0.3876
0.3536
0.22999999999999998
0.9488000000000001
0.3189
0.4001
0.3134
0.6276
0.26639999999999997
0.1703
0.10850000000000001
2.1287000000000003
0.6822
1.2262
0.2203
0.18280000000000002
0.1693
0.1656
0.1615
0.159
0.16720000000000002
0.48919999999999997
0.276
0.1724
0.1686
0.16149999999999998
0.1545
0.1452
0.14329999999999998
0.159
0.1774
0.2554
0.2914
0.5603
0.469
0.384
0.3819
0.295
0.2046
0.21450000000000002
0.22
0.3688
0.38260000000000005
0.3813
0.2854
0.2449
0.1698
0.0952
0.0217
0.0127
0.0368
0.0388
0.055900000000000005
0.042800000000000005
0.0504
0.15560000000000002
0.6955
0.2912
0.8230999999999999
0.9442999999999999
0.8936999999999999
0.5819
0.2579
0.2329
0.20579999999999998
0.1861
0.184
0.1795
0.1782
0.19519999999999998
0.2041
0.2205
0.2859
0.19790000000000002
0.1229
1.3061
0.3315
0.5991
0.3734
0.5561
0.2825
0.21000000000000002
0.2588
0.3641
0.42769999999999997
0.40559999999999996
0.0
0.0
0.0
0.0
0.0039
0.0074
0.0
0.0
0.0
0.5773
0.36619999999999997
0.0
0.5395
1.9261
0.5767
1.1032
0.5892000000000001
0.0771
0.1124
0.8063
0.5007
0.2227
0.0
0.0
0.12260000000000001
0.1517
0.1597
0.1522
0.18109999999999998
0.8342
0.2473
0.051500000000000004
0.0819
0.2602
0.0902
0.11349999999999999
0.14150000000000001
0.11130000000000001
0.1673
0.0988
0.054599999999999996
0.0413
0.3358
0.6415
0.8445
1.0305
1.3106
0.2598
0.0079
0.0083
0.008
0.0103
0.020999999999999998
0.055999999999999994
0.2867
0.5533
0.271
0.10479999999999999
0.057800000000000004
0.0439
0.0471
0.05
0.1258
0.2404
0.06359999999999999
0.10819999999999999
0.29460000000000003
0.0493
0.0042
0.0
0.0021
0.0079
0.12990000000000002
0.10900000000000001
0.1036
0.1
0.0997
0.1038
0.1169
0.1439
0.2243
0.3875
0.36719999999999997
0.7649
0.4619
0.2575
0.23759999999999998
0.2588
0.2465
0.153
0.11549999999999999
0.1211
0.16970000000000002
0.2532
0.32030000000000003
0.2232
2.2705
0.8645
0.33199999999999996
0.35960000000000003
0.36460000000000004
0.3931
0.5219
0.9074
0.9797
0.8180000000000001
0.9057
0.8753
0.8451
0.7935
0.8499000000000001
0.7872
0.6554
0.6548
0.9694
1.7944
1.1515
1.9582000000000002
3.2746000000000004
2.5140000000000002
0.122
0.1173
0.1148
0.113
0.11760000000000001
0.13679999999999998
0.16720000000000002
0.16920000000000002
0.1629
0.1656
0.20850000000000002
0.2362
0.5661
0.193
0.14750000000000002
0.1439
0.1489
0.2052
0.5525
0.7132000000000001
0.2963
0.1707
0.1172
0.1063
0.2011
0.1666
0.15439999999999998
0.1429
0.1333
0.12719999999999998
0.1354
0.1451
0.4328
0.1901
0.1328
0.1656
0.2621
0.17049999999999998
0.246
0.3157
0.1799
0.1154
0.14129999999999998
0.1376
0.1432
0.1633
0.2751
0.2904
0.14400000000000002
0.1316
0.1341
0.13829999999999998
0.1607
0.2163
0.2791
0.33340000000000003
0.35829999999999995
0.2771
0.3341
0.2748
0.9454
0.5757000000000001
0.7856000000000001
0.35009999999999997
0.29610000000000003
0.9742
0.6422
0.6502
0.3954
0.22860000000000003
0.14400000000000002
0.1336
0.0
0.0
0.0
0.0
0.0
0.0084
0.1499
0.0
0.0
0.0
0.0
0.0
0.0
0.0
0.0
0.0
0.3093
0.10930000000000001
0.0382
0.0539
0.0226
0.0
0.0
0.0
0.12440000000000001
0.05740000000000001
0.0491
0.1281
0.078
0.0659
0.0643
0.0153
0.0
0.0664
0.0344
0.005
0.1379
0.0511
0.19039999999999999
0.0859
0.027000000000000003
0.0054
0.0
0.0
0.0
0.0
0.023100000000000002
0.0337
0.039
0.0364
0.0387
0.0356
0.032799999999999996
0.043
0.0441
0.0213
0.2445
0.5255000000000001
0.1985
0.469
0.022
0.0588
0.2661
0.1875
0.21250000000000002
0.0679
0.0529
0.0481
0.0084
0.0041
0.0058
0.0149
0.0989
0.08629999999999999
0.0774
0.07200000000000001
0.0678
0.0668
0.0655
0.0681
0.0921
0.12
0.18309999999999998
0.2021
0.13269999999999998
0.1613
0.143
0.1021
0.1001
0.1476
0.16870000000000002
0.1958
0.2142
0.1784
0.1255
0.1038
0.1671
0.1525
0.1658
0.1525
0.161
0.1749
0.18230000000000002
0.1772
0.15239999999999998
0.1298
0.1542
0.15
1.7913000000000001
0.20550000000000002
0.1493
1.2907
1.2147000000000001
1.2442
0.6335999999999999
0.38439999999999996
0.2784
0.2107
0.1811
0.1593
0.09179999999999999
0.08510000000000001
0.0786
0.0765
0.0735
0.0746
0.07669999999999999
0.0995
0.1479
0.1593
0.1484
0.14750000000000002
0.1383
0.1206
0.1266
0.1291
0.1264
0.1676
0.2293
0.1898
0.1381
0.1193
0.1012
0.0879
0.0
0.0
0.0
0.0
0.0
0.0062
0.0
0.3216
0.453
0.7789
0.6706
0.1633
0.0204
0.0
0.0
0.0
0.2796
0.483
0.1582
0.0701
0.1461
0.0566
0.0023
0.0
0.1799
0.15839999999999999
0.16670000000000001
0.17509999999999998
0.3325
0.5234
0.475
0.4905
0.6827
0.7674000000000001
0.3909
0.1857
0.49870000000000003
1.2469000000000001
2.2696
0.5515
0.9642000000000001
1.645
0.7404
1.1513
0.8325
0.7704
0.3564
0.241
0.3187
0.1169
0.10669999999999999
0.0801
0.0721
0.0563
0.5424
0.6155999999999999
0.10850000000000001
0.13269999999999998
0.1926
0.1545
0.13679999999999998
0.1326
0.1397
0.1338
0.1345
0.15839999999999999
0.1667
0.18380000000000002
0.1661
0.1849
0.4663
0.579
0.1501
0.1446
0.1417
0.14450000000000002
0.1474
0.1668
0.2692
0.6634
0.43710000000000004
0.14600000000000002
0.09759999999999999
0.0865
0.0954
0.10250000000000001
0.08979999999999999
0.127
0.49450000000000005
1.0316
0.30310000000000004
1.033
0.7214
0.4892
0.2429
0.1768
0.27959999999999996
0.1543
0.1275
0.12
0.1167
0.0997
0.0889
0.06989999999999999
0.0527
0.5730999999999999
0.5645
0.2331
0.0848
0.1869
0.0922
0.0687
0.11549999999999999
0.2929
0.38749999999999996
0.5015000000000001
0.5410999999999999
0.4765
0.2558
0.1829
0.0858
0.0797
0.0736
0.06570000000000001
0.060200000000000004
0.07339999999999999
0.0847
0.1066
0.1385
0.0808
0.1397
0.2263
0.17509999999999998
0.1205
0.17170000000000002
0.12639999999999998
0.4222
0.3624
0.025300000000000003
0.048600000000000004
0.0284
0.017
0.023
0.0208
0.1121
0.0959
0.0875
0.1133
0.1064
0.1605
0.21500000000000002
0.0251
0.0
0.0
0.0
0.0
0.0
0.0
0.0
0.0
0.0
1.313
0.8998
0.8312999999999999
1.5534
0.4091
0.2544
0.187
0.1361
0.1315
0.1378
0.1247
0.1259
0.1347
0.2948
1.0192999999999999
0.0721
0.6021
0.6553
0.083
0.0649
0.0794
0.08360000000000001
0.2633
0.2908
0.18330000000000002
0.3775
0.2556
0.24259999999999998
0.1616
1.2566
0.2445
0.6344000000000001
0.3719
0.24220000000000003
0.21839999999999998
0.2129
0.2145
0.2573
0.9421
0.3187
0.2427
0.2955
0.25160000000000005
0.269
0.273
0.2606
0.32430000000000003
0.35960000000000003
1.3889
1.9849
1.4337
0.8654999999999999
0.4665
0.38749999999999996
0.3197
0.0721
0.0665
0.056499999999999995
0.0516
0.058499999999999996
0.0592
0.0703
0.09809999999999999
0.2145
0.9414
0.5154000000000001
0.2481
0.14750000000000002
0.2956
0.3339
0.20079999999999998
0.5638
0.4607
0.7849999999999999
0.891
0.5062
0.21610000000000001
0.1033
0.0897
0.2428
0.20779999999999998
0.22039999999999998
0.2115
0.1901
0.20079999999999998
0.23509999999999998
0.24280000000000002
0.3954
0.7391000000000001
0.6204000000000001
1.0062
0.5722
0.6166
1.3439999999999999
0.376
0.4232
0.2868
0.33830000000000005
0.3876
0.3716
0.33430000000000004
0.29510000000000003
0.2538
1.8761
2.5571
0.3534
0.3355
0.2854
0.3574
0.5075
0.8249
1.1093
0.6742
0.5583
0.4568
0.4958
0.48219999999999996
0.4375
0.4377
0.4976
1.3410000000000002
2.1859
3.5146
3.3511
3.8268
4.5436
5.0742
0.0
0.0
0.0
0.0
0.0
0.0
0.0064
0.122
0.0776
0.054099999999999995
0.035500000000000004
0.0218
0.042300000000000004
0.0428
0.046
0.09140000000000001
0.1063
0.0645
0.0817
0.1637
0.1978
0.122
0.0226
0.0
0.2467
0.2644
0.25460000000000005
0.2187
0.2016
0.1979
0.1995
0.2188
0.2235
1.1911
0.3604
0.3385
0.3951
0.5703
0.48819999999999997
0.2444
0.2077
0.2303
0.3951
0.1521
0.20829999999999999
0.2261
0.3891
0.3976
0.0986
0.0742
0.0626
0.0637
0.0601
0.0627
0.0973
0.2605
0.098
0.0677
0.061700000000000005
0.0752
0.095
0.0853
0.0916
0.1345
0.1809
0.6537
1.1491
0.4455
0.35629999999999995
0.27259999999999995
0.3125
0.248
0.7706
1.1124
1.8304
2.0766999999999998
2.0013
2.0896999999999997
1.2172
0.1651
0.0403
0.0363
0.002
0.0558
0.11549999999999999
0.0521
0.3879
0.758
2.6949
5.3553999999999995
2.3951000000000002
1.9049999999999998
2.1387
3.0717999999999996
2.4034
1.0869
0.0786
0.07300000000000001
0.0668
0.0703
0.0738
0.0844
0.1452
0.1613
0.1774
0.1488
0.12290000000000001
0.1059
0.11779999999999999
0.1202
0.1215
0.1268
0.1452
0.4366
0.7167
0.531
0.5606
0.2046
0.1112
0.0739
0.042300000000000004
0.1344
0.0296
0.015899999999999997
0.0179
0.0153
0.032600000000000004
0.1282
0.10469999999999999
0.23110000000000003
0.3378
0.0434
0.0989
0.0286
0.0
0.0064
0.0
0.0078
0.16510000000000002
0.3045
0.32430000000000003
0.3494
0.3273
0.0993
0.0895
0.09609999999999999
0.07769999999999999
0.0711
0.0661
0.07070000000000001
0.0829
0.1081
0.2837
0.3419
0.42289999999999994
0.1855
0.214
0.1646
0.1373
0.06290000000000001
0.07339999999999999
0.09609999999999999
0.11699999999999999
0.1413
0.1768
0.1506
0.11499999999999999
0.0838
0.018000000000000002
0.0082
0.0133
0.0143
0.007
0.0338
0.0298
0.0
0.0
0.0
0.0
0.0
0.0
0.0
0.0
0.0
0.0
0.0
0.0
0.0
0.0
0.0
0.0
0.0
0.11080000000000001
0.1127
0.1084
0.1089
0.1076
0.1244
0.1553
0.3679
1.1215
1.4369
0.42069999999999996
0.3402
0.2932
0.3042
0.2286
0.24530000000000002
0.36060000000000003
0.458
0.6339
1.1300999999999999
0.5711999999999999
0.1983
0.152
0.1362
0.0718
0.06470000000000001
0.0594
0.0702
0.10339999999999999
0.30879999999999996
0.28259999999999996
0.1447
0.1377
0.5730999999999999
0.0706
0.0317
0.0149
0.0161
0.0127
0.0216
0.0233
0.0653
0.23099999999999998
0.1809
0.0986
0.0627
0.0502
0.0495
0.0458
0.044700000000000004
0.04820000000000001
0.0506
0.0558
0.08449999999999999
0.16999999999999998
0.11430000000000001
0.1194
0.0809
0.053000000000000005
0.020700000000000003
0.016300000000000002
0.0471
0.22749999999999998
0.4069
0.48109999999999997
0.1593
0.1636
0.2983
0.2416
0.1795
0.0368
0.0248
0.0
0.0096
0.0038
0.0
0.0
0.0
0.0
0.5349
0.0223
0.0
0.4369
0.0349
0.191
0.0
0.0062
0.004
0.0
0.011
0.40159999999999996
0.050800000000000005
0.11649999999999999
0.0635
0.0414
0.0
0.1391
0.1377
0.1285
0.1255
0.12079999999999999
0.1255
0.1592
0.19190000000000002
0.1459
0.1235
0.11349999999999999
0.0915
0.0914
0.0887
0.1036
0.1242
0.5225000000000001
0.46040000000000003
0.2917
0.5387
0.4809
0.1987
0.13369999999999999
0.1202
0.0436
0.043300000000000005
0.0414
0.0395
0.0442
0.0748
0.2596
0.2603
0.264
0.22290000000000001
0.23570000000000002
0.1442
0.15039999999999998
0.2011
0.2165
0.3165
0.8958
0.2796
0.307
0.4718
0.22190000000000001
0.10419999999999999
0.032600000000000004
0.0354
0.021400000000000002
0.0381
0.030699999999999998
0.021
0.012799999999999999
0.032799999999999996
0.1379
0.4293
0.0606
0.1055
0.3423
0.0117
0.0
0.0
0.0
0.0
0.0
0.0
0.1197
0.28659999999999997
0.0034
0.0
0.0
0.0
0.0827
0.0611
0.061
0.0538
0.0523
0.0546
0.0587
0.07
0.0891
0.12369999999999999
0.1681
0.3812
0.4645
0.6688000000000001
0.48619999999999997
0.7501
0.4738
0.3206
0.2818
0.2773
0.2691
0.2626
0.2208
0.1482
0.0221
0.003
0.0108
0.0103
0.0183
0.0371
0.027899999999999998
0.0
0.0351
1.2731000000000001
0.5599000000000001
1.6265
2.1096000000000004
2.016
0.7687999999999999
0.3359
0.4656
0.3779
0.2319
0.25639999999999996
0.29479999999999995
0.3965
0.3702
0.1013
0.07139999999999999
0.048
0.043
0.0422
0.044700000000000004
0.048299999999999996
0.0577
0.076
0.0811
0.0879
0.1177
0.15510000000000002
0.39239999999999997
0.5324
0.1869
0.198
0.36560000000000004
1.6158
0.8596999999999999
0.2948
0.3295
0.2414
0.1635
0.1086
0.0698
0.0576
0.05
0.0461
0.0417
0.0405
0.047
0.0581
0.07730000000000001
0.2892
0.1258
0.09
0.1197
0.2125
0.2426
0.2438
0.30610000000000004
0.15689999999999998
0.2133
0.33799999999999997
0.1688
0.18409999999999999
0.2076
0.1257
0.1491
0.14350000000000002
0.1447
0.1432
0.154
0.23959999999999998
0.5998
0.3537
0.30069999999999997
0.30169999999999997
0.24569999999999997
0.2313
0.21989999999999998
0.2558
0.2414
0.2218
0.1797
0.21100000000000002
0.5439
1.0594999999999999
0.4337
0.2326
0.1406
0.1351
0.0755
0.1163
0.153
0.0724
0.035
0.1867
0.4012
0.1365
0.0881
0.4927
0.6648
0.0148
0.4899
0.08259999999999999
0.5263
0.0915
0.091
0.1272
0.7678
0.3813
0.319
0.26739999999999997
0.21939999999999998
0.1373
0.368
0.36329999999999996
0.4065
0.42269999999999996
0.4639
0.8552
1.7681999999999998
1.2234
1.0548
0.6922999999999999
0.427
0.2883
0.2575
0.24380000000000002
0.2923
0.4737
0.9601999999999999
0.9999
0.6848000000000001
0.5618
0.5524
0.92
0.3033
0.2873
0.3496
0.363
0.4024
0.4438
0.46430000000000005
0.37260000000000004
0.392
0.3681
0.3392
0.37239999999999995
0.3186
0.2435
0.20029999999999998
0.3226
1.3548
1.119
0.7623
0.4776
0.6823
1.3261
0.6780999999999999
0.6975
0.33999999999999997
0.2973
0.29479999999999995
0.3197
0.3392
0.34819999999999995
0.363
0.3845
0.32589999999999997
0.3095
0.2848
0.26739999999999997
0.27049999999999996
0.3402
0.44530000000000003
0.442
0.4074
0.3512
0.3236
0.4105
0.434
0.4092
0.4239
0.2742
0.2218
0.21610000000000001
0.1187
0.09079999999999999
0.0877
0.0879
0.0849
0.14500000000000002
0.5219
0.2774
0.21639999999999998
0.3811
0.3866
0.132
0.1369
0.0938
0.0631
0.0422
0.0596
0.7042999999999999
0.4416
0.3983
0.3066
0.25
0.1775
0.113
0.0476
0.0533
0.0439
0.048799999999999996
0.054400000000000004
0.10120000000000001
0.2853
0.0843
0.0592
0.057300000000000004
0.0494
0.0359
0.0982
0.0781
0.10189999999999999
0.1669
0.1577
0.098
0.060700000000000004
0.3264
0.5934
0.15689999999999998
0.1268
0.3206
0.1497
0.1457
0.146
0.1422
0.1622
0.2416
0.2256
0.2177
0.22089999999999999
0.3423
0.3994
0.21300000000000002
0.3302
0.29879999999999995
0.2688
0.9591000000000001
0.9187000000000001
0.6901999999999999
0.7726999999999999
0.3173
0.314
0.262
0.1983
0.1693
0.1199
0.1193
0.11
0.11779999999999999
0.0993
0.0999
0.1073
0.5265
0.32589999999999997
0.8505
0.0639
0.06559999999999999
0.0811
0.0558
0.0207
0.6746
0.5727
0.17220000000000002
0.34459999999999996
0.0785
0.1098
0.7758
0.7066999999999999
0.1981
0.0
0.0
0.0
0.0
0.0
0.0048
0.0269
0.0465
0.056499999999999995
0.0353
0.006
0.0013
0.3062
0.3303
0.0772
0.0457
0.26249999999999996
0.3202
0.1528
0.5706
0.178
0.0597
0.0029
0.0023
0.1496
0.061200000000000004
0.1415
0.13829999999999998
0.0638
0.1346
0.242
0.5227
0.9553
0.1011
0.0464
0.038400000000000004
0.0592
0.0335
0.0
2.9795
3.9878
4.1518
2.2301
3.8914999999999997
4.3812
1.9009
0.618
0.21660000000000001
0.1765
0.1736
0.1764
0.1709
0.15689999999999998
0.1537
0.323
0.2655
0.1163
0.45809999999999995
0.2501
0.2706
0.1542
0.1467
0.23920000000000002
0.2225
0.12140000000000001
0.1
0.12209999999999999
0.1582
0.3056
0.3115
0.266
0.23270000000000002
0.5979
0.8834
0.4881
0.4264
0.4274
0.5235000000000001
0.9456
0.9062
0.8179000000000001
1.1472
0.9161
0.6304
0.7335
0.4036
0.2671
0.2487
0.2399
0.29359999999999997
0.7764
0.7827
0.8277
0.8577
0.8449
0.5818
0.0716
0.0502
0.0417
0.040999999999999995
0.0318
0.0373
0.0403
0.048799999999999996
0.044899999999999995
0.0361
0.020900000000000002
0.1193
0.181
0.6854
0.0641
0.036500000000000005
0.8278000000000001
0.6596
0.2456
0.08360000000000001
0.1306
0.1113
0.1237
0.10869999999999999
0.0508
0.0292
0.0077
0.0025
0.0
0.0
0.0
0.0065
0.0216
0.0
0.0
0.0
0.0
0.0
0.0
0.0
0.1374
0.0602
0.0
0.0536
0.1835
0.2003
0.0809
0.23500000000000001
0.0259
0.0154
0.006699999999999999
0.0031
0.0
0.0
0.0
0.0
0.0
0.0
0.0
0.0
0.0
0.1357
0.07250000000000001
0.1452
0.0585
0.0036
0.0
0.3217
0.2894
0.2366
0.1621
0.1149
0.0791
0.0873
0.0791
0.0849
0.07619999999999999
0.0863
0.10239999999999999
0.4541
0.2894
0.21
0.0593
0.038
0.0656
0.06789999999999999
0.0826
0.1224
0.2307
0.5314000000000001
0.9424
0.0891
0.07780000000000001
0.1006
0.0927
0.0828
0.3393
0.22910000000000003
0.2042
0.1982
0.19369999999999998
0.1928
0.27949999999999997
0.40349999999999997
0.3156
0.2795
0.3506
0.4299
0.7711
0.3611
0.8822
0.43579999999999997
0.3842
0.5353
0.2757
1.1431
1.1126
0.5751
0.5665
0.4406
0.0
0.0
0.0
0.022
0.0253
0.0124
0.0
0.0
0.0
0.0
0.0
0.0
0.0582
0.0698
0.0
0.30820000000000003
0.7103999999999999
0.4981
0.1439
0.3201
0.0037999999999999996
0.0049
0.1223
0.307
0.1655
0.15439999999999998
0.1594
0.15789999999999998
0.182
0.218
0.2339
0.2755
0.3131
0.3026
0.348
0.262
0.2697
0.6158
0.6825
0.4317
0.379
0.27240000000000003
0.1462
0.113
0.1387
0.14129999999999998
0.1436
0.1351
0.2047
0.19690000000000002
0.1735
0.1716
0.16510000000000002
0.1813
0.2224
0.2807
2.1019
0.23620000000000002
0.1737
0.163
0.1835
0.1879
0.1893
0.2045
0.2036
0.4136
0.6819
0.5375000000000001
0.6804
0.8702
0.5212
0.29569999999999996
0.0
0.0
0.0
0.0
0.0
0.0726
0.3721
0.6777
0.5219
0.0802
0.0111
0.3516
1.5152
0.3406
0.6002000000000001
0.1915
0.2652
0.4841
0.5189
0.34909999999999997
0.0163
0.0
0.0008
0.0013
0.1268
0.1243
0.123
0.1247
0.128
0.1421
0.1902
0.5796
0.471
0.1605
0.0912
0.0765
0.0917
0.0958
0.0882
0.1085
0.1774
1.0863
0.4135
0.47100000000000003
0.3732
0.31989999999999996
0.2384
0.1649
0.1494
0.1274
0.11760000000000001
0.1148
0.09459999999999999
0.0813
0.0776
0.0663
0.0668
0.4848
0.2738
0.7425999999999999
0.8599
1.2138
0.7439
0.13979999999999998
0.1129
0.1109
0.26749999999999996
0.6258
0.4313
0.38539999999999996
0.3748
0.2822
0.0548
0.051699999999999996
0.0466
0.0502
0.0524
0.06709999999999999
0.2516
0.3456
0.5166999999999999
0.6159
0.09709999999999999
0.068
0.08940000000000001
0.13040000000000002
0.1615
0.1739
0.3107
0.6154
0.2338
0.4366
0.2162
0.1644
0.1056
0.07170000000000001
0.0176
0.0148
0.0106
0.009
0.0175
0.019
0.0294
0.042800000000000005
0.0393
0.0694
0.11599999999999999
0.213
0.2092
0.0975
0.0685
0.0733
0.1571
0.6373
0.6658
0.3578
0.33099999999999996
0.1745
0.0812
0.026999999999999996
0.0766
0.0689
0.06420000000000001
0.07350000000000001
0.06409999999999999
0.0743
0.0816
0.39790000000000003
0.44199999999999995
0.027299999999999998
0.0125
0.0052
0.0164
0.027
0.048799999999999996
0.3458
0.5714
0.1853
0.1501
0.2691
0.3425
0.2659
0.23299999999999998
0.134
0.2455
0.2398
0.2395
0.2429
0.2588
0.3225
0.42400000000000004
0.3281
0.2903
0.31310000000000004
0.2549
0.1965
0.1938
0.1876
0.1726
0.173
0.1768
0.1908
0.19140000000000001
0.2263
0.2455
0.2897
0.3031
0.265
0.06420000000000001
0.06420000000000001
0.0679
0.0649
0.0586
0.07039999999999999
0.098
0.1716
0.49470000000000003
0.9085
0.664
0.8693
0.2459
0.3365
0.25570000000000004
0.40049999999999997
0.3069
0.12359999999999999
0.0954
0.0912
0.1157
0.1341
0.0928
0.0817
0.0911
0.0853
0.0854
0.0865
0.09079999999999999
0.11449999999999999
0.14029999999999998
0.1
0.08349999999999999
0.09129999999999999
0.0851
0.0587
0.0588
0.0761
0.0998
0.20500000000000002
0.12940000000000002
0.0887
0.1034
0.12060000000000001
0.12179999999999999
0.1365
0.11510000000000001
0.0954
0.0954
0.088
0.0902
0.0893
0.09709999999999999
0.55
0.2383
0.089
0.0755
0.0726
0.0689
0.0635
0.06359999999999999
0.057300000000000004
0.0563
0.0713
0.20829999999999999
0.6131
0.2945
0.18209999999999998
0.2329
0.39949999999999997
0.2086
0.1256
0.0
0.0
0.0
0.0
0.0
0.0
0.0
0.0
0.1932
0.6501
0.3665
0.0403
0.0
0.0
0.6255999999999999
0.1272
0.4491
0.7384
0.4709
0.3236
0.1003
0.0211
0.0
0.0
0.0176
0.1016
0.0459
0.010199999999999999
0.0023
0.012299999999999998
0.0496
0.033299999999999996
0.3065
0.0016
0.09
0.33609999999999995
0.0407
0.0
0.0
0.0
0.0
0.096
0.918
0.0159
0.0043
0.0
0.0
0.0
0.12190000000000001
0.1118
0.1011
0.11030000000000001
0.1193
0.2388
0.3571
0.1254
0.0839
0.0943
0.0907
0.0785
0.07919999999999999
0.083
0.1026
0.14200000000000002
0.7910999999999999
1.345
0.475
0.397
0.30820000000000003
0.3136
0.2657
0.181
0.0936
0.0821
0.0789
0.0796
0.0753
0.0564
0.1708
0.5064
0.0
0.0
0.0
0.0
0.0
0.0
0.0
0.0163
0.0754
0.7836000000000001
0.21589999999999998
0.3664
0.40349999999999997
0.24380000000000002
0.184
0.1367
0.1037
0.10239999999999999
0.09559999999999999
0.0859
0.0895
0.4609
0.3621
0.29969999999999997
0.3103
0.2565
0.2637
0.4437
0.6765
0.20029999999999998
0.1639
0.1587
0.1928
0.3509
0.49750000000000005
0.4798
0.3173
0.1849
0.11750000000000001
0.10139999999999999
0.1089
0.0965
0.09309999999999999
0.0926
0.08779999999999999
0.0884
0.5606
1.3226
0.056999999999999995
0.0902
0.093
0.0648
0.0688
0.0832
0.1038
0.1866
0.356
0.2746
0.2934
0.5608
0.6909
0.3647
0.2459
0.1604
0.031
0.025599999999999998
0.0303
0.0308
0.0319
0.039
0.0704
0.1173
0.16260000000000002
0.2037
0.4041
0.5032
0.5473
0.26180000000000003
0.6427
0.9218999999999999
0.2202
0.1954
0.8000999999999999
0.1745
0.1169
0.0557
0.0338
0.0335
0.11399999999999999
0.1172
0.1269
0.1226
0.13269999999999998
0.1769
0.2628
0.2419
0.2169
0.2904
0.1466
0.2099
0.3745
0.21889999999999998
0.17909999999999998
0.9597
0.45680000000000004
0.20129999999999998
0.6134
0.8170999999999999
0.6409
0.11449999999999999
0.1024
0.10339999999999999
0.2601
0.3204
0.2857
0.3449
0.3832
0.306
0.3248
0.3624
0.3275
0.2823
0.2601
0.182
0.43979999999999997
1.6693
0.6924
0.4028
0.3608
2.0181
1.9071
1.0547
0.9684999999999999
0.8862
0.3714
0.2898
0.0919
0.07830000000000001
0.07050000000000001
0.0649
0.0639
0.07020000000000001
0.0746
0.0898
0.0933
0.135
0.1534
0.14830000000000002
0.3457
0.1487
0.16920000000000002
0.3073
0.5688
0.2733
0.2649
0.23020000000000002
0.18159999999999998
0.1985
0.2603
0.1904
0.0319
0.016399999999999998
0.0162
0.0076
0.0119
0.1867
1.0253999999999999
0.0291
0.0276
0.028999999999999998
0.186
0.3902
0.1115
0.0847
0.1472
0.1316
0.1207
0.1842
0.164
0.1486
0.1691
0.1197
0.0559
0.0368
0.0066
0.0018
0.001
0.0012
0.0
0.0029
0.0038
0.022699999999999998
0.4848
0.10220000000000001
0.0577
0.0468
0.0601
0.0877
0.1278
0.0833
0.0974
0.4503
0.07469999999999999
0.0744
0.0677
0.04190000000000001
0.0269
0.010100000000000001
0.0869
0.0751
0.0695
0.0633
0.0596
0.06770000000000001
0.082
0.1617
0.6933
0.3821
0.2099
0.2612
0.2401
0.16499999999999998
0.1318
0.14150000000000001
0.6142
0.6318
0.45030000000000003
0.2921
0.2898
0.2882
0.2388
0.134
0.28169999999999995
0.2419
0.236
0.2267
0.2162
0.6325
0.9946999999999999
0.2178
0.2314
0.24280000000000002
0.5442
0.5865
0.4367
0.3285
0.25070000000000003
1.5293
0.5074
1.792
1.8685
0.46199999999999997
0.49629999999999996
0.46140000000000003
0.3499
0.3054
0.0587
0.054599999999999996
0.057999999999999996
0.0597
0.060700000000000004
0.0707
0.0791
0.0739
0.07150000000000001
0.036000000000000004
0.014100000000000001
0.0011
0.0
0.0108
0.0865
0.5249999999999999
0.3526
0.5854999999999999
0.30410000000000004
0.3409
0.26180000000000003
0.38739999999999997
0.1159
0.0608
0.1149
0.07339999999999999
0.07529999999999999
0.09240000000000001
0.0632
0.0458
0.0695
2.1849
0.6381
0.0174
0.0121
0.0199
0.0
0.0
0.0114
0.0054
0.0232
0.5327000000000001
1.6764999999999999
0.803
1.0631
1.3332
1.7688000000000001
0.386
0.060700000000000004
0.041
0.0346
0.0343
0.0305
0.0339
0.0375
0.046700000000000005
0.11170000000000001
0.1202
0.26580000000000004
0.6106
0.2075
0.1711
0.3425
0.1476
0.12840000000000001
0.37239999999999995
0.6304
0.4014
0.3277
0.3065
0.2295
0.11460000000000001
0.2
0.16920000000000002
0.1629
0.1602
0.1557
0.1665
0.1901
0.20950000000000002
0.19490000000000002
0.1856
0.179
0.1872
0.186
0.2071
0.3544
0.3686
0.2902
0.3346
0.9164
1.1104
0.6598999999999999
0.5035000000000001
0.39480000000000004
0.28859999999999997
0.2263
0.1804
0.20179999999999998
0.1985
0.1386
0.2267
1.0279
0.1324
0.0
0.0
0.0
0.0
0.0
0.0
0.0
0.39230000000000004
1.1469999999999998
1.1402999999999999
0.3211
0.3835
0.5107
0.3271
0.2295
0.2639
0.0172
0.0233
0.0199
0.0015
0.0032
0.0073999999999999995
0.026999999999999996
0.2223
1.336
0.8863
0.4161
0.313
0.4983
0.5134000000000001
1.3349
0.3074
0.2958
0.6658
0.8395
0.5388
0.1323
0.0484
0.021400000000000002
0.014700000000000001
0.1654
0.14250000000000002
0.13369999999999999
0.12340000000000001
0.1139
0.11960000000000001
0.12409999999999999
0.1613
0.22699999999999998
0.6913
0.4406
0.33999999999999997
0.36160000000000003
0.3052
0.39949999999999997
0.3347
2.2058
0.5146
0.5673
0.6897
0.48260000000000003
0.4365
0.5680000000000001
0.3055
0.4867
0.3749
0.31189999999999996
0.28049999999999997
0.2572
0.2281
0.2385
0.248
0.3393
0.268
0.398
0.3171
0.2529
0.24409999999999998
0.2788
0.3478
0.54
0.3962
0.3687
0.8506
0.3674
0.4175
0.4628
0.5003
0.051000000000000004
0.0452
0.0387
0.0383
0.0349
0.0377
0.0472
0.0943
0.0837
0.0688
0.046200000000000005
0.026000000000000002
0.034199999999999994
0.0419
0.05689999999999999
0.0653
0.059399999999999994
0.17059999999999997
0.0877
0.0797
0.0531
0.0629
0.0606
0.0452
0.0649
0.0638
0.0545
0.0555
0.0608
0.11280000000000001
0.2005
0.1331
0.1117
0.13240000000000002
0.1558
0.1325
0.2291
0.1358
0.1273
0.1227
0.1432
0.3116
0.1568
0.336
0.5632
0.1971
0.11610000000000001
0.06559999999999999
0.193
0.18409999999999999
0.1775
0.1753
0.1766
0.18259999999999998
0.22820000000000001
0.2266
0.1418
0.8638
0.2793
0.5336000000000001
0.2402
0.18969999999999998
0.194
0.2033
0.1399
0.1376
0.1381
0.0994
0.1137
0.1185
0.1768
0.2217
0.0077
0.0
0.0011
0.0
0.0065
0.0
0.0
0.0
0.0
0.9602999999999999
1.0956000000000001
0.3476
0.0064
0.21080000000000002
0.7706
0.08149999999999999
0.0106
0.027299999999999998
0.0371
0.0519
0.0687
0.1506
0.2298
0.1105
0.316
0.3174
0.32130000000000003
0.2963
0.2891
0.3609
0.5820000000000001
0.30479999999999996
0.1415
0.1645
0.08310000000000001
0.0767
0.0761
0.0748
0.0709
0.511
0.7241
0.1671
0.4343
0.4378
0.5570999999999999
0.642
0.3345
0.2974
0.1424
0.1235
0.1101
0.1048
0.0981
0.0986
0.0979
0.1951
0.1535
0.1074
0.1131
0.1181
0.10769999999999999
0.1062
0.1276
0.1395
0.1182
0.1594
0.13119999999999998
0.1263
0.1265
0.13419999999999999
0.1415
0.13279999999999997
0.1487
0.13140000000000002
0.12329999999999999
0.1168
0.1043
0.1077
0.10830000000000001
0.1028
0.0905
0.0876
0.0786
0.1725
0.19119999999999998
1.1165
0.2237
0.2652
0.1613
0.4957
0.16820000000000002
0.11610000000000001
0.1465
0.1187
0.12890000000000001
0.1314
0.0
0.0
0.0
0.0
0.0
0.0
0.0
0.0101
0.09129999999999999
0.0206
0.0095
0.0364
0.0133
0.0144
0.0193
0.043
0.0352
0.0563
0.0675
0.0346
0.073
0.088
0.0649
0.0214
0.1091
0.1058
0.1037
0.10389999999999999
0.1088
0.10650000000000001
0.0849
0.07450000000000001
0.0598
0.0736
0.10450000000000001
0.08940000000000001
0.08560000000000001
0.09590000000000001
0.1015
0.27040000000000003
0.4492
0.1063
0.2039
0.21150000000000002
0.1429
0.1221
0.10350000000000001
0.1075
0.1586
0.1403
0.137
0.133
0.13169999999999998
0.1351
0.1446
0.3115
0.2143
0.1367
0.1125
0.269
0.20700000000000002
0.1122
0.08249999999999999
0.10419999999999999
0.1369
0.369
0.5206
0.4085
0.2771
0.2304
0.2015
0.1696
0.1747
0.1567
0.15510000000000002
0.1439
0.1385
0.1442
0.1525
0.1678
0.25570000000000004
0.5122
0.5832999999999999
1.0552
0.3228
0.2756
0.784
0.7025
0.7324999999999999
0.4432
0.34409999999999996
0.31279999999999997
0.2741
0.2511
0.2304
0.19929999999999998
0.1428
0.14500000000000002
0.1184
0.1069
0.10469999999999999
0.0964
0.0886
0.07219999999999999
0.07400000000000001
0.0958
0.1283
0.0718
0.28959999999999997
0.148
0.1012
0.08310000000000001
0.0538
0.0698
0.243
0.2243
0.5945
0.2459
0.19140000000000001
0.1543
0.0514
0.0491
0.055400000000000005
0.0535
0.0397
0.0471
0.057499999999999996
0.0464
0.2799
0.23079999999999998
0.2815
0.109
0.3298
0.1063
0.24720000000000003
0.7417
0.6782
0.0815
0.0703
0.3629
0.1293
0.0949
0.0682
0.0655
0.2242
0.20850000000000002
0.2047
0.21289999999999998
0.2489
0.2851
0.2103
0.16720000000000002
0.1531
0.4016
0.18680000000000002
0.2353
0.4012
0.2164
0.1645
0.2072
0.2859
0.18
0.2104
0.3092
0.309
0.3346
0.3932
0.3374
0.0037
0.001
0.0101
0.0023
0.0013
0.015199999999999998
0.08310000000000001
0.2843
1.1127
0.2652
0.2206
0.406
0.404
0.3486
0.5178
0.5735
0.8388
0.6116
0.22149999999999997
0.11929999999999999
0.0627
0.0077
0.0043
0.0094
0.2266
0.1538
0.15589999999999998
0.1647
0.1662
0.4159
2.8992
0.1825
0.048600000000000004
0.0344
0.0524
0.0265
0.0265
0.0196
0.1237
0.136
0.1661
0.1641
0.22190000000000001
0.2871
0.2235
0.266
0.29969999999999997
0.3005
0.0368
0.033100000000000004
0.0293
0.0316
0.0343
0.055999999999999994
0.0936
0.0577
0.056900000000000006
0.1262
0.0754
0.0213
0.021400000000000002
0.032
0.028900000000000002
0.037500000000000006
0.0569
0.0945
0.0935
0.1053
0.11099999999999999
0.14800000000000002
0.0861
0.038
0.0636
0.038500000000000006
0.053500000000000006
0.0375
0.044399999999999995
0.2734
0.29159999999999997
0.10919999999999999
0.0555
0.3827
0.6302000000000001
0.33680000000000004
0.1016
0.0844
0.0418
1.1299000000000001
0.5379
0.0627
0.0121
0.0
0.0026
0.0
0.0203
0.0104
0.0
0.0
0.0
0.0
0.0
0.0186
0.1275
0.22460000000000002
0.5304
0.2348
0.3881
0.1617
0.2845
0.2276
0.9468000000000001
0.08929999999999999
0.18780000000000002
0.248
0.21989999999999998
0.1624
0.0
0.0
0.0
0.0
0.023399999999999997
0.014700000000000001
0.012300000000000002
0.0106
0.0035
0.0018
0.0016
0.0078
0.0
0.7667
0.0184
0.0
0.1882
0.09440000000000001
0.2198
0.1544
0.015899999999999997
0.0
0.0
0.0684
0.0882
0.0766
0.06
0.030199999999999998
0.07050000000000001
0.0626
0.057999999999999996
0.056499999999999995
0.056999999999999995
0.0669
0.10250000000000001
0.1669
0.16799999999999998
0.1594
0.1341
0.11180000000000001
0.1548
0.156
0.17559999999999998
0.201
0.2033
0.1761
0.13190000000000002
0.15439999999999998
0.16570000000000001
0.1881
0.1572
0.09609999999999999
0.2009
0.247
0.173
0.1778
0.1367
0.139
0.1593
0.1848
0.181
0.7874
1.0559
0.1502
0.19440000000000002
0.6643
1.2377
0.5152
0.3362
0.6722
0.3381
0.34440000000000004
0.31810000000000005
0.28080000000000005
0.2544
0.2238
0.1105
0.1066
0.0964
0.0995
0.1043
0.091
0.07919999999999999
0.0627
0.0569
0.0563
0.0429
0.038900000000000004
0.07289999999999999
0.0927
0.0897
0.1099
0.1989
1.4367
1.1833
0.577
0.9813000000000001
0.3054
0.20679999999999998
0.1545
0.2081
0.1449
0.1585
0.1881
0.8043
0.5918
0.2609
0.277
0.3183
0.2783
0.2011
0.2084
0.2747
0.3153
0.22010000000000002
0.1518
0.3719
1.3755
0.2298
0.2164
0.3877
0.5642
0.4628
0.9785
0.1651
0.1739
0.1792
0.18519999999999998
0.1935
0.2646
0.452
0.47019999999999995
0.4717
0.2675
0.2298
0.2668
0.28159999999999996
0.3297
0.3337
0.3165
1.311
0.4939
0.2753
0.28900000000000003
0.2732
0.18530000000000002
0.13440000000000002
0.13190000000000002
0.0056
0.0001
0.0019
0.0029
0.0
0.0
0.0015
0.0
0.0
0.0717
0.1896
0.7917000000000001
0.2367
0.0
0.0
0.0
0.0
0.0
0.1126
0.1577
0.2052
0.0616
0.0132
0.0
0.2447
0.222
0.20650000000000002
0.2006
0.18930000000000002
0.20600000000000002
0.218
0.24319999999999997
0.26880000000000004
0.2831
0.4793
0.587
0.48419999999999996
0.9395
0.47250000000000003
0.4125
0.4274
0.7743
0.9622999999999999
0.5690999999999999
0.4581
0.3564
0.2739
0.2385
0.3565
0.2584
0.2198
0.2042
0.1891
0.1874
0.1911
0.21939999999999998
0.23609999999999998
0.2339
0.3504
0.48530000000000006
0.3382
0.2922
0.37360000000000004
0.3344
0.29500000000000004
0.40249999999999997
0.27890000000000004
0.2813
0.8682
0.40049999999999997
0.3446
0.32489999999999997
0.1537
0.11180000000000001
0.1183
0.1292
0.12969999999999998
0.11699999999999999
0.11149999999999999
0.2807
0.6341
0.3396
0.0
0.0
0.0
0.0
0.0
0.0
0.0
0.0182
0.4127
0.4782
0.7197
0.7529
0.353
0.18519999999999998
2.6978
2.7126
2.7761
2.8014
2.9467
3.0854999999999997
3.3847
2.226
1.2650000000000001
1.3403999999999998
1.5352000000000001
1.5634000000000001
1.658
1.6836
1.9417999999999997
2.0198
1.0442
0.7583
1.2073
2.3068999999999997
1.8698000000000001
1.474
1.2165
0.9765
0.0
0.0
0.0
0.0
0.0
0.0
0.0
0.0
0.10590000000000001
0.2072
0.0
0.002
0.0
0.0
0.0
0.2695
0.0237
0.0348
0.0477
0.0
0.0
0.0
0.0
0.0
0.2816
0.2026
0.1775
0.1427
0.1525
0.1675
0.1639
0.13840000000000002
0.13369999999999999
0.1416
0.2198
0.33999999999999997
2.3215
1.8018
0.4749
0.3632
0.8487
0.0761
0.0165
0.2766
0.8314
0.3518
0.3399
0.2959
0.16699999999999998
0.14150000000000001
0.1338
0.122
0.1184
0.11049999999999999
0.1
0.0872
0.35309999999999997
0.2939
0.15660000000000002
0.0406
0.0125
0.0232
0.0194
0.0339
0.307
0.0813
0.1124
0.257
0.1904
0.352
0.44930000000000003
0.2404
0.1084
0.1095
0.08610000000000001
0.0781
0.0811
0.3613
1.1385
0.23970000000000002
0.242
0.2324
0.2774
0.3043
0.4919
0.303
0.2697
0.277
0.7802
1.0682
1.4344999999999999
0.8088
0.8385
1.0747
1.6421000000000001
0.2383
0.056999999999999995
0.0527
0.047
0.0455
0.0427
0.0497
0.0915
0.14529999999999998
0.09570000000000001
0.15839999999999999
0.1911
0.0854
0.1043
0.0867
0.1107
0.0943
0.0467
0.051199999999999996
0.0805
0.1067
0.0897
0.0889
0.07880000000000001
0.0553
0.4799
0.5235000000000001
0.884
0.7081999999999999
0.5241
0.4489
0.4446
0.4545
0.5478
0.5186999999999999
0.5396
0.7188
0.4994
0.6152
0.6137
0.6083000000000001
0.59
0.4509
0.37370000000000003
0.3441
0.38049999999999995
0.3569
0.3261
0.3204
0.2419
0.1795
0.1759
0.1765
0.1598
0.1405
0.1582
0.1489
0.2154
0.6537
0.17959999999999998
0.1591
0.36
0.2968
0.1992
0.1508
0.1773
0.3751
1.0586
0.7927
0.39949999999999997
0.3644
0.49219999999999997
0.3016
0.1258
0.1026
0.094
0.091
0.0851
0.0926
0.1007
0.11699999999999999
0.2184
0.48519999999999996
0.32199999999999995
0.4776
0.32799999999999996
0.2555
0.4184
0.5878
0.12390000000000001
0.0664
0.0206
0.0398
0.0543
0.1358
0.249
0.2114
0.0
0.0
0.0008
0.0
0.0045
0.027000000000000003
0.0592
0.0648
0.0393
0.0068
0.0
0.057499999999999996
0.3111
0.1691
0.1167
0.441
0.30469999999999997
0.12340000000000001
0.771
0.5825
0.0236
0.0
0.0
0.0
0.0101
0.0
0.0
0.0
0.0
0.0
0.0
0.0
0.0
0.0
0.3557
0.3144
0.0371
0.0446
0.0
0.0
0.0
0.2041
0.0
0.0
0.0971
0.17959999999999998
0.0716
0.0
0.2119
0.1445
0.157
0.14579999999999999
0.13
0.1391
0.1615
0.30820000000000003
0.5452
0.3745
0.39849999999999997
0.5763
0.6251
0.4065
0.4112
0.8733
2.2628
0.4477
0.3382
0.8789
1.3449
0.9201
0.8443
0.4355
0.0
0.0
0.0
0.0
0.0
0.0
0.0
0.0
0.0
0.3738
1.3384
1.3779
0.1459
0.2772
0.3458
0.0
0.0596
0.2672
0.030899999999999997
0.1533
0.1892
0.3024
0.134
0.0
0.054400000000000004
0.051199999999999996
0.0487
0.0479
0.032600000000000004
0.043
0.0457
0.0339
0.0333
0.5461
0.0114
0.0
0.0
0.0055
0.2704
0.2906
0.9544999999999999
0.5656
0.3456
0.45990000000000003
0.1767
0.17880000000000001
0.0975
0.0574
0.0767
0.0736
0.0736
0.0473
0.013500000000000002
0.0464
0.0416
0.016399999999999998
0.0644
0.7003
0.2447
0.2471
0.9237
0.1459
0.305
0.0542
0.0377
0.0476
2.3836
0.35119999999999996
1.3184
0.253
0.1985
0.1197
0.0534
0.0398
0.0278
0.0341
0.0237
0.0298
0.0425
0.062299999999999994
0.065
0.08510000000000001
0.0685
0.1013
0.27659999999999996
1.1185
0.1839
0.3648
0.5236
0.1987
1.0228000000000002
0.4327
0.3297
0.2935
0.22920000000000001
0.13019999999999998
0.085
0.0844
0.0848
0.0815
0.0816
0.1117
0.5543
0.8220000000000001
0.3892
0.761
1.5773000000000001
0.402
0.2457
0.24680000000000002
0.2229
0.21389999999999998
0.6082000000000001
0.46440000000000003
1.1782
0.6154999999999999
0.43210000000000004
0.2619
0.1482
0.1255
0.0267
0.0145
0.0085
0.0125
0.0106
0.0051
0.0111
0.0342
0.0638
0.1104
0.13440000000000002
0.079
0.4836
0.2739
0.1073
0.07780000000000001
0.4802
0.1416
0.0864
0.6145
0.254
0.30720000000000003
0.2381
0.0725
0.1935
0.1777
0.1687
0.16749999999999998
0.16299999999999998
0.1633
0.1971
0.3287
0.30920000000000003
0.2633
0.2357
0.25279999999999997
0.249
0.23299999999999998
0.2103
0.2153
0.2299
0.27190000000000003
0.5165
0.5178
0.6708
0.4819
0.3896
0.2742
0.0178
0.0161
0.0085
0.011300000000000001
0.0353
0.0567
0.16570000000000001
0.8964
1.6128
1.182
0.1423
0.0785
0.0755
0.0484
0.0112
0.031799999999999995
1.9145
0.2295
1.3123
0.141
0.013
0.043
0.0438
0.026999999999999996
0.1109
0.09290000000000001
0.0938
0.08460000000000001
0.0814
0.0796
0.0811
0.089
0.10719999999999999
0.21610000000000001
0.4999
1.099
0.5503
0.5377
0.5055000000000001
0.6720999999999999
0.2432
0.21860000000000002
0.3522
0.2757
0.2495
0.2655
0.253
0.1855
0.10389999999999999
0.1066
0.1094
0.10900000000000001
0.109
0.1276
0.1602
0.3816
0.21439999999999998
0.1041
0.1162
0.5156
0.3548
0.1731
0.2296
0.2101
0.1794
0.3055
0.4296
0.3185
0.29969999999999997
0.1325
0.0873
0.0822
0.1282
0.131
0.134
0.1411
0.1386
0.131
0.1235
0.12739999999999999
0.15050000000000002
0.192
0.1425
0.1333
0.15839999999999999
0.1288
0.1145
0.1128
0.1359
0.1231
0.1325
0.13119999999999998
0.0955
0.08779999999999999
0.09090000000000001
0.0953
0.0668
0.0576
0.0634
0.0617
0.06509999999999999
0.1673
0.8194999999999999
0.0145
0.0318
0.0388
0.046
0.0872
0.0581
0.050199999999999995
0.033299999999999996
0.4559
1.3173
0.36729999999999996
0.2172
0.1623
0.2923
0.0689
0.028999999999999998
0.0519
0.07139999999999999
0.0664
0.0672
0.06670000000000001
0.0765
0.09129999999999999
0.2784
0.8753
0.33730000000000004
0.23679999999999998
0.24480000000000002
0.2187
0.1922
0.2234
0.2281
0.4569
0.8017
1.7875999999999999
0.5899
0.2388
0.1743
0.1023
0.0699
0.07050000000000001
0.0345
0.0317
0.0298
0.03
0.033
0.044899999999999995
0.0973
0.1639
0.1846
0.14040000000000002
0.11249999999999999
0.06939999999999999
0.0915
0.1333
0.2483
0.2275
0.4885
0.3944
0.205
0.46740000000000004
0.6636
0.1629
0.0438
0.0213
0.2464
0.2117
0.1926
0.18430000000000002
0.1745
0.1504
0.12229999999999999
0.1016
0.1063
0.1476
0.1353
0.128
0.1414
0.11910000000000001
0.07680000000000001
0.0742
0.0591
0.0796
0.5166
0.3184
0.7269
0.3483
0.3165
0.2698
0.0002
0.0007
0.015
0.0063999999999999994
0.038099999999999995
0.2127
0.4202
0.1917
0.247
1.04
0.2946
0.2486
0.0969
0.1058
0.1001
0.1134
0.2051
0.3387
0.16620000000000001
0.0402
0.0058
0.0
0.0
0.0
0.038
0.0343
0.031100000000000003
0.0294
0.0305
0.034
0.0416
0.0645
0.1646
0.264
0.1653
0.1827
0.2167
0.14429999999999998
0.1743
0.13269999999999998
0.1127
0.113
0.10250000000000001
0.1099
0.0856
0.0664
0.0484
0.0359
0.0
0.0
0.0
0.0
0.0
0.0
0.0
0.0
0.0
0.1808
0.0
0.0
0.0928
0.0464
0.0558
0.2655
0.1262
0.0064
2.1734
0.3307
0.019700000000000002
0.0131
0.0
0.0
0.023600000000000003
0.022
0.0288
0.0267
0.0279
0.0518
0.0822
0.16670000000000001
0.1691
0.061700000000000005
0.048100000000000004
0.1243
0.0524
0.0857
0.1375
0.46340000000000003
0.1626
0.1757
0.0747
0.0923
0.29309999999999997
0.0356
0.0
0.006500000000000001
0.1377
0.12380000000000001
0.11249999999999999
0.1118
0.1036
0.10389999999999999
0.11560000000000001
0.36329999999999996
0.42779999999999996
0.1827
0.20850000000000002
0.3565
0.30879999999999996
0.236
0.4272
0.4037
0.6674
0.357
0.4269
0.6059
0.5425
0.3458
0.2858
0.20190000000000002
0.1229
0.0916
0.06570000000000001
0.0776
0.06889999999999999
0.6
0.2591
0.075
0.0765
0.1014
0.09240000000000001
0.06639999999999999
0.39949999999999997
0.10250000000000001
0.0713
0.253
1.7212
2.3658
2.1836
0.8360000000000001
1.0317
0.306
0.2402
0.1976
0.1446
0.135
0.1326
0.12940000000000002
0.12459999999999999
0.1331
0.1564
0.6327
0.2575
0.39549999999999996
0.5042
0.2838
0.18480000000000002
0.1737
0.1592
0.2276
0.3453
0.2259
0.2663
0.2511
0.24080000000000001
0.25539999999999996
0.23070000000000002
0.1795
0.1746
0.1353
0.1248
0.1136
0.1172
0.1257
0.1365
0.1639
0.2462
0.395
0.7745
1.6268
1.8864999999999998
0.5033000000000001
0.3943
1.3718
0.7808999999999999
0.5476
0.4898
0.5005000000000001
0.5288999999999999
0.8498
0.7915
0.376
0.003
0.0027
0.0019
0.0043
0.047
0.3397
0.0682
0.0509
0.0379
0.0375
0.0081
0.0
0.0037
0.018600000000000002
0.0812
0.3288
0.0706
0.2018
0.0978
0.039599999999999996
0.0698
0.12919999999999998
0.0463
0.0055
0.3
0.18880000000000002
0.1664
0.1691
0.24220000000000003
0.6815
0.18580000000000002
0.0968
0.0989
0.1685
0.17270000000000002
0.1526
0.14
0.1356
0.1607
0.2301
0.5337
0.7981
0.2228
0.15460000000000002
0.1446
0.1328
0.31610000000000005
0.32830000000000004
0.32230000000000003
0.2762
0.2854
0.2721
0.2499
0.2923
0.5568
1.2171
0.9706
0.3398
0.11410000000000001
0.1232
0.1089
0.1011
0.08349999999999999
0.1005
0.3186
2.2695
0.19340000000000002
0.1306
0.16299999999999998
0.2116
0.24680000000000002
0.2482
0.168
0.11780000000000002
0.0868
0.07669999999999999
0.06659999999999999
0.06570000000000001
0.0709
0.0876
0.1078
0.1121
0.4562
0.4514
0.22949999999999998
0.1698
0.24860000000000002
0.197
0.16999999999999998
0.186
0.3199
0.43779999999999997
0.44189999999999996
0.386
0.37460000000000004
0.258
0.0
0.0
0.0
0.0
0.0
0.0331
0.1582
1.1617
0.9478
1.1705
0.25939999999999996
0.1931
0.0
0.0
0.0
0.0026
0.0226
0.12789999999999999
0.3387
0.0
0.0
0.0
0.0
0.0
0.1011
0.11729999999999999
0.1436
0.098
0.08299999999999999
0.0833
0.0781
0.1013
0.0872
0.35660000000000003
0.1285
0.1007
0.2138
0.1033
0.257
0.0853
0.058399999999999994
0.07200000000000001
0.1628
0.28059999999999996
0.1983
0.1631
0.16920000000000002
0.14300000000000002
0.0811
0.0607
0.058300000000000005
0.0545
0.05
0.0503
0.059899999999999995
0.1057
0.527
0.2212
0.2469
0.2118
0.4336
0.15810000000000002
0.322
0.2024
0.1208
0.5278
0.1116
0.10200000000000001
0.12140000000000001
0.1733
0.1823
0.1227
0.0363
0.0278
0.040999999999999995
0.0312
0.0264
0.021099999999999997
0.0295
0.0283
0.0111
0.0588
0.4515
1.3969999999999998
0.6706
0.5371
1.8847
1.0516
0.15789999999999998
0.10469999999999999
0.5806
0.6828
0.2509
0.1839
0.0984
0.0689
0.0
0.0
0.0
0.0
0.0
0.0
0.0
0.0
0.0
0.0
0.0479
0.0
0.0
0.0
0.553
0.0
0.0
0.0
0.1732
0.0
0.0
0.0
0.0
0.0
0.1315
0.1109
0.10439999999999999
0.0968
0.0875
0.0933
0.1103
0.1261
0.2157
0.174
0.2644
0.8092
0.10779999999999999
0.09709999999999999
0.1042
0.1381
0.5628
0.333
0.3477
0.3699
0.5025999999999999
0.534
0.2722
0.18519999999999998
0.07919999999999999
0.075
0.0717
0.0737
0.0711
0.07819999999999999
0.0887
0.228
0.2931
0.3288
0.1769
0.1728
0.1465
0.12380000000000001
0.12240000000000001
0.14079999999999998
0.1003
0.0869
0.0799
0.0727
0.0643
0.06
0.0636
0.0633
0.0907
0.0796
0.0739
0.0746
0.07919999999999999
0.0834
0.15510000000000002
0.226
0.0516
0.049100000000000005
0.0145
0.0
0.0077
0.0
0.0
0.0006
0.248
0.0149
0.7004
0.2812
0.06609999999999999
0.0991
0.239
0.1829
0.1678
0.1302
0.11929999999999999
0.1251
0.1169
0.12179999999999999
0.2116
0.5604
0.172
0.1854
0.2833
0.4101
0.20879999999999999
0.18869999999999998
0.16310000000000002
0.22519999999999998
0.5039
0.8102
0.17049999999999998
0.1594
0.2011
0.2546
0.3412
0.3591
0.17120000000000002
0.1656
0.1583
0.1503
0.1594
0.18230000000000002
1.0222
0.8260000000000001
0.3728
1.5252
1.4682
0.6733
0.2881
0.2983
0.8500000000000001
0.5952
0.2854
0.30810000000000004
0.5724
0.32689999999999997
0.242
0.1874
0.17609999999999998
0.1562
0.0
0.0
0.0
0.005
0.011699999999999999
0.0684
0.1689
0.23709999999999998
0.9014
1.1689
0.6722
0.10239999999999999
0.0487
0.19990000000000002
0.5022
0.2051
1.4320000000000002
0.2561
0.7612
1.0550000000000002
0.0
0.0
0.0
0.0
0.0396
0.0316
0.028499999999999998
0.024
0.0286
0.0303
0.0269
0.0496
0.0993
0.7597
0.9994000000000001
0.5726
0.7865
0.2165
0.249
0.2207
0.15410000000000001
0.2109
0.43989999999999996
0.3426
0.2365
0.1751
0.10669999999999999
0.0658
0.1979
0.16749999999999998
0.1362
0.1382
0.1331
0.1343
0.1301
0.1697
0.49239999999999995
0.08249999999999999
0.0547
0.036000000000000004
0.044
0.06720000000000001
0.12290000000000001
0.24309999999999998
0.2945
0.26039999999999996
0.4698
0.735
0.6024
0.877
0.26380000000000003
0.2092
0.3044
0.2788
0.2633
0.2079
0.1825
0.1637
0.1524
0.11380000000000001
0.49250000000000005
0.1364
0.1235
0.1848
0.09179999999999999
0.09290000000000001
0.1066
0.2409
0.4198
0.1983
0.179
0.1344
0.1809
0.1542
0.1489
0.1603
0.0763
0.0773
0.0697
0.063
0.0551
0.0509
0.045
0.054099999999999995
0.1192
0.09820000000000001
0.07239999999999999
0.0304
0.024
0.0414
0.063
0.0702
0.054599999999999996
0.1171
0.23929999999999998
0.11760000000000001
0.086
0.0936
0.08030000000000001
0.0645
0.0
0.0
0.0
0.0
0.0
0.0
0.0327
1.1288
0.28049999999999997
0.074
0.0477
0.0892
0.0834
0.08149999999999999
0.0494
0.043800000000000006
0.8045
0.4869
0.050100000000000006
0.0077
0.0
0.0
0.0
0.0
0.08829999999999999
0.0643
0.0561
0.0577
0.050699999999999995
0.0473
0.0547
0.2156
0.1708
0.0867
0.07669999999999999
0.0752
0.11
0.0884
0.0938
0.0988
0.6085
0.195
0.1668
0.41069999999999995
0.5481
0.2802
0.2717
0.2114
0.1859
0.1174
0.1089
0.1025
0.1012
0.1152
0.1094
0.6464000000000001
0.3912
0.0759
0.1559
0.1061
0.15539999999999998
0.1149
0.10139999999999999
0.0469
0.0823
0.0999
0.0
0.0904
0.1356
0.1818
0.31379999999999997
0.31320000000000003
0.0403
0.08549999999999999
0.0503
0.046200000000000005
0.028900000000000002
0.027299999999999998
0.0129
0.048600000000000004
0.374
0.9017999999999999
1.0418
0.7099
0.4389
0.09709999999999999
0.0644
0.06420000000000001
0.039900000000000005
0.0449
0.0
0.0149
0.033
0.0758
0.1081
0.08149999999999999
0.14500000000000002
0.1323
0.12580000000000002
0.12340000000000001
0.1238
0.1377
0.1659
0.1745
0.17880000000000001
0.2137
0.241
0.2358
0.2902
0.22349999999999998
0.2037
0.20550000000000002
0.186
0.2283
0.2791
0.29479999999999995
0.3604
0.39790000000000003
0.3217
0.2047
0.022899999999999997
0.017300000000000003
0.0153
0.0082
0.0146
0.009600000000000001
0.17830000000000001
0.4416
0.1777
0.30810000000000004
0.46409999999999996
0.5605
0.6503
0.2461
0.2551
0.2713
0.43010000000000004
0.4192
0.3261
0.245
0.18380000000000002
0.1125
0.0656
0.0392
0.029500000000000002
0.0221
0.0166
0.0211
0.026000000000000002
0.014700000000000001
0.051100000000000007
0.2815
0.0713
0.0237
0.008
0.0
0.0097
0.0057
0.0001
0.019
0.5097
0.3156
0.5791999999999999
0.3668
0.557
0.172
0.0872
0.0428
0.0844
0.0691
0.06369999999999999
0.062200000000000005
0.06
0.0635
0.07250000000000001
0.0936
0.40430000000000005
0.3292
0.121
0.11660000000000001
0.19090000000000001
0.1732
0.3483
0.4697
0.1731
0.18780000000000002
0.2559
0.3121
0.25029999999999997
0.2969
0.3169
0.15560000000000002
0.1124
0.0582
0.0487
0.0455
0.0416
0.0519
0.0595
0.0741
0.0822
0.0856
0.34650000000000003
0.3967
0.7
0.8454999999999999
0.0499
0.06839999999999999
0.0696
0.7081
0.15
0.1771
0.17070000000000002
0.14079999999999998
0.1072
0.077
0.0011
0.0005
0.0016
0.0
0.001
0.0
0.0
0.0040999999999999995
0.37279999999999996
0.13490000000000002
0.134
0.2067
0.0821
0.0693
0.1259
0.3754
1.224
0.2025
0.14279999999999998
0.2434
0.28069999999999995
0.2056
0.0818
0.0157
0.1194
0.1112
0.1001
0.1026
0.1028
0.1183
0.1315
0.2162
0.2909
0.1804
0.1523
0.156
0.1825
0.19230000000000003
0.1972
0.18359999999999999
0.1853
0.23399999999999999
0.15489999999999998
0.17070000000000002
0.6182
0.6345999999999999
0.1466
0.1136
0.2646
0.222
0.2058
0.1984
0.1936
0.191
0.21839999999999998
0.3294
0.2338
0.1973
0.2172
0.16799999999999998
0.1272
0.1139
0.09820000000000001
0.10439999999999999
0.1192
0.1782
0.29679999999999995
0.3003
0.3379
0.30279999999999996
0.23750000000000002
0.2172
0.0897
0.0866
0.0797
0.07519999999999999
0.0783
0.0985
0.3628
0.7319
0.2924
0.257
0.2248
0.1819
0.21200000000000002
0.2341
0.28490000000000004
0.2633
0.24559999999999998
0.8580000000000001
0.2878
0.3526
0.2207
0.183
0.1273
0.0986
0.08349999999999999
0.0812
0.0731
0.07100000000000001
0.0694
0.2086
0.4325
0.22870000000000001
0.2353
0.28200000000000003
0.3238
0.26589999999999997
0.3165
0.22089999999999999
0.181
0.1754
0.20550000000000002
0.3953
0.43279999999999996
0.35719999999999996
0.281
0.1741
0.1026
0.086
0.0312
0.008199999999999999
0.0332
0.0406
0.057800000000000004
0.1592
0.3944
0.3175
0.4061
0.309
0.1731
0.0687
0.07730000000000001
0.107
0.2025
2.0086
0.1194
0.0698
0.0976
0.1391
0.13779999999999998
0.0641
0.0079
0.014
0.009899999999999999
0.0
0.0
0.0011
0.0
0.0
0.0
0.7245
0.2685
0.0187
0.0163
0.0201
0.039
0.0026
0.0
0.0
0.6191
0.0
0.0
0.0991
0.2666
0.1623
0.0629
0.0115
0.009899999999999999
0.0079
0.008
0.012199999999999999
0.0111
0.0146
0.022
0.029400000000000003
0.0429
0.0513
0.033600000000000005
0.0039
0.08270000000000001
0.0379
0.0545
0.0982
0.0979
0.0325
0.0027
0.011699999999999999
0.0
0.0
0.0
0.0
0.053200000000000004
0.14250000000000002
0.15799999999999997
0.1132
0.0673
0.1195
0.1609
2.2006
1.8091000000000002
1.3422
0.7623000000000001
0.8833
0.6255999999999999
0.21849999999999997
0.1414
0.1524
0.1498
0.1993
0.8403
0.23520000000000002
0.2171
0.1537
0.1513
0.12290000000000001
0.2117
0.1847
0.1702
0.1612
0.1516
0.1466
0.1598
0.1794
0.2383
1.3779
0.8585
0.43979999999999997
0.8880999999999999
1.2064
0.9972000000000001
0.7323
0.3009
0.3439
0.32999999999999996
0.39670000000000005
0.452
0.5422
0.6596
0.3808
0.0
0.0
0.2681
0.40709999999999996
0.0
0.0
0.0
0.0
0.0
0.0
0.0
0.0
0.0
0.3187
0.0
0.0
0.0
0.0
0.8969
0.0
0.0
0.0
0.0
0.424
0.0896
0.0857
0.0867
0.09
0.09090000000000001
0.0985
0.11699999999999999
0.13190000000000002
0.1376
0.0805
0.0761
0.0513
0.0639
0.0871
0.0984
0.1236
0.2016
0.07780000000000001
0.055099999999999996
0.1314
0.1125
0.11410000000000001
0.09459999999999999
0.0807
0.1143
0.0916
0.07980000000000001
0.0786
0.07250000000000001
0.07089999999999999
0.0814
0.0998
0.3567
0.3489
0.4409
0.2017
0.1764
0.16460000000000002
0.704
0.2142
0.24359999999999998
0.358
0.5508
0.3871
0.271
0.2687
0.2493
0.1666
0.14229999999999998
0.123
0.11449999999999999
0.11069999999999999
0.1073
0.1059
0.11019999999999999
0.1441
0.21889999999999998
0.1876
0.18209999999999998
0.22660000000000002
0.25029999999999997
0.2062
0.2367
0.33740000000000003
0.2642
0.21000000000000002
0.2252
0.31410000000000005
0.2919
0.2825
0.2809
0.21150000000000002
0.2672
0.1186
0.08230000000000001
0.087
0.08130000000000001
0.1184
0.151
0.1301
0.0885
0.1042
0.2419
0.1295
0.2602
0.10729999999999999
0.078
0.0687
0.0796
0.7516
0.7451
0.3897
0.3391
0.4209
0.8969
0.2823
0.0
0.0
0.0
0.0
0.0
0.0
0.0
0.0
0.0365
0.0586
0.024100000000000003
0.2326
0.0187
0.0041
0.0106
0.012899999999999998
0.18889999999999998
0.1376
0.0916
0.0755
0.0568
0.0921
0.181
0.0887
0.0281
0.014599999999999998
0.0108
0.0067
0.0067
0.0039
0.008
0.0129
0.0156
0.05499999999999999
0.0634
0.0494
0.0693
0.1602
0.1091
0.0869
0.0742
0.0548
0.036699999999999997
0.0284
0.0412
0.0954
0.11610000000000001
0.0638
0.0
0.0
0.0
0.0
0.0401
0.1607
1.1348
0.2284
0.1197
1.171
0.9634
0.2305
0.0123
0.028300000000000002
0.14679999999999999
0.27149999999999996
0.1471
0.1806
0.0919
0.0
0.0
0.0
0.0
0.0
0.0003
0.0
0.0
0.0
0.0
0.0
0.1247
0.708
0.0
0.0003
0.016
0.0085
0.0
0.0
0.0
0.0
0.0
0.7797000000000001
0.9006
0.5198
0.0518
0.0344
0.0046
0.0055000000000000005
0.12940000000000002
0.128
0.123
0.11829999999999999
0.1174
0.12719999999999998
0.238
1.0041
0.27090000000000003
0.2897
0.3098
0.3424
0.4129
0.2911
0.30110000000000003
0.2734
0.24519999999999997
0.3215
0.3942
0.28800000000000003
0.2293
0.19740000000000002
0.15610000000000002
0.1345
0.12129999999999999
0.1673
0.17459999999999998
0.1618
0.13790000000000002
0.19779999999999998
0.2704
0.20479999999999998
0.14529999999999998
0.1056
0.1409
0.093
0.0968
0.12490000000000001
0.3085
0.1794
0.1407
0.17049999999999998
0.2005
0.44999999999999996
0.195
0.0821
0.0555
0.0591
0.022699999999999998
0.0248
0.022600000000000002
0.0179
0.025599999999999998
0.001
0.4756
0.5126
0.0
0.0
0.0
0.0
0.0
0.0
0.0
0.0
0.0
0.0
0.3943
0.1363
0.3869
0.3199
0.1386
0.0643
0.32230000000000003
0.26
0.247
0.2338
0.2182
0.22649999999999998
0.2516
0.2955
0.37270000000000003
0.4767
0.7593000000000001
1.4489
1.0221
0.606
0.6505
0.9528
1.9691999999999998
0.7726
0.5865
2.0681
1.1743999999999999
0.9929
0.8173999999999999
0.5704
0.06459999999999999
0.0073
0.0569
0.050100000000000006
0.0576
0.1258
0.2368
0.3264
0.2946
0.0368
0.0438
0.2812
0.9462999999999999
1.7297
0.5759
1.926
0.3608
0.8713
0.8162
0.1061
0.0637
0.0019
0.0107
0.0403
0.055099999999999996
0.048600000000000004
0.0371
0.0317
0.0379
0.0317
0.0191
0.0812
0.7915000000000001
1.1556
0.9936
2.4551
0.558
0.1503
0.1165
1.1097
0.6098
0.1812
0.1851
0.1729
0.2898
0.5405
0.6029
0.21650000000000003
0.0
0.0
0.0
0.0
0.0
0.0
0.0
0.0
0.0
0.0
0.4103
0.0212
0.42579999999999996
0.2547
0.022000000000000002
0.0
0.0
0.0561
0.0
0.0
0.0
0.0
0.0
0.0
0.0468
0.0455
0.0417
0.0392
0.0351
0.0369
0.0637
0.14150000000000001
0.0485
0.0741
0.059000000000000004
0.098
0.0655
0.0465
0.0484
0.0465
0.011
0.0111
0.0489
0.0579
0.069
0.0448
0.042800000000000005
0.0397
0.079
0.0661
0.062
0.0554
0.051100000000000007
0.0633
0.0743
0.0977
0.10819999999999999
0.1207
0.1447
0.1288
0.25770000000000004
0.4999
0.3188
0.33899999999999997
0.9448
0.4305
0.24
0.2378
0.3595
0.5609999999999999
0.2677
0.1192
0.0
0.0
0.0
0.0
0.0
0.0
0.0
0.0
0.7142999999999999
1.084
0.3694
0.12969999999999998
0.0242
0.0
0.0
0.5355
0.5728
0.0718
1.2594
0.9801
1.9189
1.5807
0.0554
0.0
0.1442
0.1306
0.113
0.1282
0.11399999999999999
0.13090000000000002
0.1498
0.2143
0.42479999999999996
0.782
0.3418
0.2111
0.27380000000000004
0.2987
0.4235
0.5226999999999999
1.3432
0.1921
0.1177
0.1405
0.1604
0.21960000000000002
0.7977000000000001
0.23249999999999998
0.052
0.0406
0.0339
0.0305
0.0
0.0
0.0173
0.0312
0.7985
0.6288
1.2256
2.5624000000000002
0.46
0.2051
0.6983999999999999
0.2837
0.0197
0.0378
0.0417
0.057699999999999994
0.1583
0.3238
0.3398
0.1271
0.0559
0.0447
0.044899999999999995
0.0464
0.0495
0.0675
0.1686
0.15739999999999998
0.1906
0.07339999999999999
0.1266
0.0246
0.0421
0.0681
0.45599999999999996
0.1006
0.1396
0.1518
0.057499999999999996
0.2144
0.2664
0.291
0.0682
0.0292
0.14750000000000002
0.1175
0.1157
0.1
0.0934
0.1078
0.1196
0.10830000000000001
0.2528
0.13269999999999998
0.111
0.1267
0.1222
0.1281
0.3544
1.197
0.7525999999999999
0.1627
0.1188
0.2056
0.3468
1.3517
0.39260000000000006
0.1608
0.3907
0.4175
0.4359
0.44620000000000004
0.44299999999999995
0.4746
0.5577
0.7068
1.0110999999999999
0.5642
0.634
1.1613
0.9714
0.8708
1.1029
0.9498
0.6257999999999999
0.4575
0.46330000000000005
0.6034999999999999
0.4456
0.3005
0.2333
0.2422
0.24970000000000003
0.2355
0.2299
0.236
0.2827
0.4272
0.3115
0.2666
0.26680000000000004
0.365
0.3214
0.2836
0.5457
0.335
0.2993
0.5871
0.5342
0.7659
0.4809
0.32430000000000003
0.2812
0.2884
0.31020000000000003
0.2899
0.1052
0.08510000000000001
0.0695
0.0664
0.0754
0.0859
0.1053
1.2097
0.7958999999999999
1.4361
0.21539999999999998
0.21960000000000002
0.2116
0.2033
0.19590000000000002
0.34550000000000003
0.23669999999999997
0.18159999999999998
1.0903
0.1965
0.1881
0.19080000000000003
0.1747
0.112
0.1006
0.0789
0.0685
0.0667
0.0641
0.0587
0.0721
0.1343
0.6188
0.5604
0.6348
0.8589
0.3915
0.2714
0.4394
0.3554
0.2935
0.6418999999999999
0.7903
0.5396
0.4141
0.422
0.3438
0.1874
0.030899999999999997
0.0237
0.0228
0.022799999999999997
0.0076
0.0169
0.8394999999999999
0.9218
0.0
0.0
0.0
0.0
0.0
0.0
0.0031
0.0186
0.219
0.5404
2.0574
0.3964
0.31089999999999995
0.3477
0.4264
0.1197
0.12040000000000001
0.10819999999999999
0.1041
0.0979
0.0998
0.10439999999999999
0.1823
0.6284000000000001
0.48059999999999997
0.4034
0.2419
0.1802
0.1708
0.1883
0.1629
0.2219
0.8874
0.7489
1.0446
0.9650000000000001
0.5204
0.5609
0.41090000000000004
0.1913
0.2626
0.2147
0.21250000000000002
0.20529999999999998
0.2001
0.2158
0.2219
0.2588
0.268
0.9842
0.1928
0.2096
0.2575
0.1496
0.1185
0.1359
0.1474
0.1846
0.6493
1.2162
0.49360000000000004
0.393
0.5415
0.355
0.1008
0.09770000000000001
0.097
0.101
0.1234
0.1371
0.1271
0.09209999999999999
0.0713
0.0633
0.0569
0.0864
0.3016
0.19
0.1491
0.8069999999999999
0.8936
0.8918999999999999
0.5198
0.30920000000000003
0.18730000000000002
0.0975
0.0801
0.0834
0.06319999999999999
0.06820000000000001
0.0446
0.039900000000000005
0.038400000000000004
0.046
0.0627
0.0627
0.0404
0.0394
0.0869
0.0271
0.06559999999999999
0.0586
0.1451
0.062299999999999994
0.0154
0.0194
0.7449
0.166
0.1626
0.2304
0.2324
0.1316
0.09290000000000001
0.0803
0.07650000000000001
0.07919999999999999
0.0985
0.12279999999999999
0.1345
0.14989999999999998
0.11610000000000001
0.06470000000000001
0.0428
0.030899999999999997
0.5261
0.3433
0.5603
0.164
0.1779
0.47740000000000005
0.1344
0.1748
0.1828
0.14140000000000003
0.1103
0.0877
0.0925
0.0851
0.078
0.0758
0.0712
0.08030000000000001
0.2871
0.3439
0.1366
0.1452
0.1553
0.2138
0.19390000000000002
0.1738
0.1633
0.18
0.8007
0.404
0.253
0.21889999999999998
0.24380000000000002
0.2136
0.1634
0.1162
0.1227
0.109
0.1042
0.0916
0.08460000000000001
0.0923
0.40270000000000006
0.256
0.1
0.9626999999999999
0.37929999999999997
0.19890000000000002
0.1855
0.1724
0.331
0.17880000000000001
0.1008
0.1002
0.104
0.0794
0.1269
0.255
0.3433
0.2153
0.1784
0.3827
0.2202
0.1619
0.14079999999999998
0.1373
0.252
0.7154
0.2024
0.6189
0.3691
0.15339999999999998
0.1529
0.1185
0.09409999999999999
0.1077
0.0993
0.1122
0.5146
0.15050000000000002
0.186
0.2485
0.35509999999999997
0.2832
0.154
0.13979999999999998
0.1291
0.12240000000000001
0.11499999999999999
0.1082
0.1101
0.1395
0.1023
0.0852
0.0719
0.07050000000000001
0.0649
0.0658
0.0683
0.0848
0.09240000000000001
0.1366
0.27969999999999995
0.2416
0.2387
0.1933
0.17049999999999998
0.158
0.0
0.0
0.0
0.0
0.0
0.005
0.0
0.0
0.0
1.1798
0.8433999999999999
0.9682
0.2024
0.2435
0.45209999999999995
0.3549
0.9463
0.3752
0.6496
0.985
1.2862
1.0184
0.0409
0.0
0.0
0.0
0.0001
0.0024
0.0
0.0207
0.0033
0.318
0.4163
0.08729999999999999
0.0788
0.0123
0.0
0.037000000000000005
1.0051999999999999
0.1454
0.3903
0.4085
0.6371
0.8348
0.3077
0.0
0.0
0.0
0.3997
0.4272
0.4399
0.4326
0.39680000000000004
0.4
0.4326
0.5662
1.0292000000000001
1.0405
0.4586
0.2794
0.2777
0.2949
0.37160000000000004
0.4446
0.44179999999999997
0.4424
0.7077
0.44020000000000004
0.3276
0.2896
0.2559
0.2596
0.1758
0.1575
0.1376
0.1396
0.1326
0.1411
0.1582
0.3225
0.3796
0.2393
0.4054
0.6422
0.2687
0.2515
0.3064
0.31820000000000004
0.3372
0.3574
0.251
0.2611
0.5293
0.7050000000000001
0.4295
0.2859
0.2842
0.2855
0.3211
0.31820000000000004
0.3459
0.3994
0.8919
0.45310000000000006
0.0805
0.0303
0.0204
0.0056
0.022199999999999998
0.030899999999999997
0.040999999999999995
0.9061
1.3327
0.7115
1.4513
1.9933999999999998
0.5347
0.2001
0.18009999999999998
0.174
0.14700000000000002
0.1237
0.1078
0.1003
0.0933
0.0817
0.0759
0.0697
0.0606
0.08360000000000001
0.10369999999999999
0.1132
0.1205
0.1587
0.135
0.1392
0.13019999999999998
0.1653
0.2132
0.1995
0.25880000000000003
0.25939999999999996
0.2158
0.1812
0.1389
0.12309999999999999
0.1095
0.107
0.0994
0.1068
0.1237
0.1525
0.9301999999999999
0.2012
0.4651
1.1808999999999998
0.5312
0.29800000000000004
0.4485
0.31989999999999996
0.2375
0.26439999999999997
0.23620000000000002
0.9415
0.44499999999999995
0.401
0.31179999999999997
0.21450000000000002
0.0172
0.0139
0.009000000000000001
0.009000000000000001
0.0086
0.0040999999999999995
0.0095
0.0495
0.11829999999999999
0.1156
0.0889
0.1053
0.1326
0.0716
0.0692
0.0764
0.0867
0.10830000000000001
0.138
0.15910000000000002
0.1128
0.0979
0.0655
0.0284
0.0555
0.0491
0.0543
0.0486
0.0511
0.057800000000000004
0.0714
0.08449999999999999
0.1073
0.20290000000000002
0.399
0.6387
0.27149999999999996
0.2703
0.1904
0.2157
0.296
0.1605
0.1307
0.1222
0.09340000000000001
0.0695
0.0607
0.0527
0.0698
0.0606
0.060300000000000006
0.0556
0.0558
0.06309999999999999
0.0818
0.1423
0.2196
0.5097
0.36040000000000005
0.2774
0.7648999999999999
0.4267
0.2949
0.3594
1.3121
0.5846
0.5290999999999999
0.3372
0.2218
0.131
0.08549999999999999
0.0745
0.1583
0.0998
0.0865
0.0946
0.08080000000000001
0.0484
0.1693
0.31920000000000004
0.0
0.0
0.0
0.0
0.0
0.0
0.0
0.0
0.013
0.4231
0.4069
0.45330000000000004
0.8627
0.5199
0.2566
0.242
0.0493
0.038599999999999995
0.0349
0.027200000000000002
0.0325
0.13169999999999998
0.31310000000000004
0.0808
0.0655
0.1359
0.3167
0.035
0.1193
0.0348
0.9075
0.10969999999999999
0.1006
0.5584
0.12890000000000001
0.38830000000000003
0.1184
0.1679
0.1527
0.0794
0.0
0.0
0.0
0.0
0.0
0.0
0.0
0.02
0.892
2.4886
1.9889999999999999
1.7373
1.0169
0.49629999999999996
0.6769000000000001
1.5329000000000002
1.0744
0.6565000000000001
0.6411
0.5795
0.2855
0.1087
0.0106
0.0
0.07
0.045
0.028300000000000002
0.0206
0.015300000000000001
0.014599999999999998
0.0148
0.1074
0.0805
0.0139
0.0788
0.0321
0.0134
0.0
0.0
0.0
0.0
0.0304
0.0366
0.0699
0.0574
0.0195
0.0091
0.0057
0.1021
0.0869
0.0749
0.0688
0.0663
0.06670000000000001
0.0913
0.1075
0.3305
0.42110000000000003
0.813
0.8567
0.4096
0.2572
0.319
0.2714
0.2647
0.7729
0.2318
0.2844
0.33840000000000003
0.4738
0.6855
0.2605
0.0132
0.0047
0.0
0.0
0.0
0.0
0.0
0.0306
0.0345
0.3452
0.6552
0.0041
1.2086999999999999
0.32339999999999997
0.1223
0.1003
0.0799
0.1262
0.3992
0.329
0.10719999999999999
0.0968
0.07139999999999999
0.0337
0.1466
0.14529999999999998
0.1312
0.12079999999999999
0.12029999999999999
0.1376
0.3121
0.44
0.2665
0.2937
0.2812
0.20879999999999999
0.2162
0.2228
0.2169
0.1645
0.1261
0.1588
0.3668
0.6782999999999999
0.3798
0.38839999999999997
0.3104
0.183
0.4585
0.3692
0.3215
0.2514
0.2364
0.2342
0.25270000000000004
0.2784
0.30169999999999997
0.3383
0.3648
0.4197
0.46840000000000004
1.194
0.2369
0.1749
0.1892
0.3188
1.1909999999999998
1.0371000000000001
1.1574
2.0997
2.295
1.0075
0.0538
0.0505
0.0458
0.045
0.046
0.0581
0.0816
0.1206
0.1344
0.12459999999999999
0.13890000000000002
0.1694
0.2022
0.14200000000000002
0.1685
0.1496
0.1262
0.26539999999999997
0.1713
0.16620000000000001
0.1361
0.0922
0.0634
0.048100000000000004
0.0
0.0
0.0024
0.0052
0.0076
0.013600000000000001
0.1972
0.11349999999999999
0.0
0.0
0.0
0.0
0.0
0.0
0.0107
0.0441
0.0201
0.0
0.0049
0.0293
0.0006
0.0
0.0
0.0
0.0044
0.0
0.0
0.0
0.0
0.0
0.0
0.0
0.0
0.6938
1.064
0.316
0.1784
1.0086
0.4979
0.8949
1.4794
1.3127
0.6675
0.5114
0.47819999999999996
0.7746
0.2542
0.0449
0.26780000000000004
0.2966
0.3433
0.3471
0.3355
0.3478
0.4148
0.49029999999999996
0.5117
0.6482
0.44110000000000005
0.19
0.15510000000000002
0.8354999999999999
1.853
0.5602
0.6934
1.0595
0.8503000000000001
0.5938000000000001
0.671
0.5847
0.24480000000000002
0.2242
0.0
0.0
0.0
0.0
0.0
0.0
0.0
0.0
0.0
0.0
0.0
0.0
0.0
0.0
0.0
0.0
0.0
0.0
0.0
0.0
0.0
0.0
0.0
0.0
0.2929
0.4068
0.134
0.112
0.08549999999999999
0.077
0.0808
0.0965
0.0627
0.0479
0.0723
0.0614
0.0799
0.1086
0.9183999999999999
0.3382
0.2117
0.9027999999999999
0.29710000000000003
0.3035
0.551
0.8659
0.6364000000000001
0.5937
0.0279
0.3962
0.002
0.0137
0.0
0.0024
0.0052
0.034999999999999996
0.1359
0.08460000000000001
0.2691
0.0504
0.0611
0.039900000000000005
0.0247
0.0529
0.0221
0.0117
0.5529999999999999
0.24530000000000002
0.1691
0.1951
0.20400000000000001
0.122
0.0827
0.0759
0.0765
0.0774
0.0965
0.3431
0.1557
0.0867
0.0799
0.096
0.0859
0.0993
0.10200000000000001
0.1046
0.094
0.12260000000000001
0.13
0.1036
0.17070000000000002
0.1759
0.1845
0.12630000000000002
0.0872
0.0802
0.0958
0.0947
0.10039999999999999
0.10439999999999999
0.1073
0.1195
0.1117
0.08760000000000001
0.0692
0.0754
0.057300000000000004
0.0548
0.0514
0.0566
0.057499999999999996
0.07350000000000001
0.0701
0.0436
0.0644
0.09179999999999999
0.0814
0.0746
0.0727
0.0755
0.0203
0.0174
0.0275
0.0232
0.028900000000000002
0.0343
0.0553
0.08760000000000001
0.1565
0.39949999999999997
0.2845
1.0311
0.7929
0.3113
0.2798
0.397
0.1807
0.1524
0.1533
0.08979999999999999
0.075
0.0322
0.0247
0.0241
0.0
0.0
0.0
0.0
0.0
0.0083
0.0606
0.0
0.0
0.0
0.0
0.0085
0.0
0.0
0.0
0.0329
0.0
0.0
0.0334
0.0
0.0
0.0
0.0
0.0
0.0
0.0
0.0
0.0
0.0
0.0
0.0013
0.032799999999999996
0.2227
0.539
0.8136
0.45820000000000005
0.43889999999999996
0.1327
0.0869
0.0637
0.083
0.2051
0.0634
0.06609999999999999
0.0584
0.018600000000000002
0.0
0.0
0.0
1.2703
1.192
1.4224
0.28590000000000004
0.003
0.0
0.0
0.0
0.0
0.0
0.0
0.0
0.0
0.0
0.0
0.0068
1.0635
1.5669
1.1266
0.0
0.0
0.0
0.0
0.1318
0.1047
0.09820000000000001
0.0847
0.0808
0.0854
0.08049999999999999
0.109
0.1058
0.1013
0.1862
0.1293
1.0695999999999999
0.221
0.1785
0.22599999999999998
0.1972
0.14229999999999998
0.2565
0.6174999999999999
0.41369999999999996
0.4242
0.6097999999999999
0.2702
0.2788
0.2409
0.2136
0.2036
0.1936
0.1966
0.20029999999999998
0.2747
0.4235
0.24880000000000002
0.7743
0.4717
0.2601
0.2173
0.2358
0.27549999999999997
0.7355
0.7686000000000001
0.7648
0.7658
0.5264
0.6473
0.6314
0.4436
0.3291
0.28390000000000004
0.2843
0.27859999999999996
0.2919
0.2717
1.8520999999999999
1.0401
0.5831
0.5786
0.3313
0.6211
0.5032
0.5172
0.33940000000000003
0.6457999999999999
0.2915
0.33
0.3783
0.16210000000000002
0.2404
0.2733
0.3261
0.3395
0.5567
0.30269999999999997
0.30810000000000004
0.3174
0.3151
0.28800000000000003
0.6518
1.2679
0.2026
0.2157
0.41659999999999997
0.19519999999999998
0.1451
0.119
0.091
0.1031
0.14839999999999998
0.1913
0.5585
0.4
0.35829999999999995
0.39649999999999996
0.5225
0.4524
0.1034
0.0819
0.09
0.0874
0.0812
0.08280000000000001
0.0912
0.0884
0.0779
0.068
0.050199999999999995
0.042800000000000005
0.0674
0.4031
0.5909
0.401
0.4993
0.629
0.1615
1.1663000000000001
1.2012
0.42069999999999996
0.2131
0.1525
0.0868
0.039099999999999996
0.0211
0.0097
0.0
0.0
0.0
0.0
0.0
0.0
0.0037
0.0148
0.0
0.0
0.0
0.0
0.0
0.0291
0.0034
0.0
0.0
0.0
0.0257
0.0387
0.0691
0.0629
0.052500000000000005
0.0446
0.0409
0.044700000000000004
0.0387
0.0408
0.029400000000000003
1.2386
0.36779999999999996
0.1403
0.1478
0.0722
0.0461
0.0438
0.04190000000000001
0.06470000000000001
0.053099999999999994
0.0717
0.1121
0.1424
0.16210000000000002
0.1064
0.0296
0.0284
0.0308
0.0312
0.038400000000000004
0.0783
0.3433
0.344
0.1768
0.1021
0.09359999999999999
0.1792
0.2815
0.19690000000000002
0.3268
0.3278
0.2429
0.1792
0.2101
0.5698
0.13369999999999999
0.0296
0.024599999999999997
0.0309
0.0891
0.1036
0.11280000000000001
0.1113
0.1153
0.1375
0.1714
0.0989
0.0484
0.040999999999999995
0.0239
0.0019
0.008400000000000001
0.0111
0.0284
0.0442
0.0339
0.0715
0.12190000000000001
0.0945
0.0637
0.0868
0.0766
0.061700000000000005
0.1096
0.0934
0.08779999999999999
0.0832
0.08130000000000001
0.088
0.0993
0.1172
0.1469
0.173
0.1753
0.1736
0.2188
0.2242
0.25839999999999996
0.44520000000000004
0.2824
0.27890000000000004
0.7979
0.46040000000000003
0.5189999999999999
0.4324
0.27859999999999996
0.1643
0.5558000000000001
0.5062
0.4759
0.5285
0.704
0.8755
0.5412
0.4747
0.4246
0.4998
0.4992
0.4833
0.4774
0.4467
0.4256
0.4561
0.8335000000000001
2.3051
1.9609
0.5513
0.4616
0.4255
0.4793
0.902
0.026799999999999997
0.0281
0.0267
0.030199999999999998
0.0195
0.019700000000000002
0.0186
0.0123
0.5204
0.6667
0.7431
2.6655
1.0025
0.4881
1.1458
0.5545
0.5686
1.718
0.551
0.4356
0.41869999999999996
0.4093
0.2763
0.1029
0.1311
0.1178
0.1116
0.1112
0.1116
0.11860000000000001
0.14379999999999998
0.2001
0.634
0.5568
0.1814
1.1078999999999999
0.3506
0.2371
0.1926
0.17259999999999998
0.6357
0.42589999999999995
0.1714
0.1473
0.174
0.182
0.1772
0.14450000000000002
0.0834
0.09709999999999999
0.08779999999999999
0.0911
0.0936
0.1221
0.1754
0.2624
0.3019
0.1739
0.5188
0.852
1.3346
0.1981
0.1149
0.07150000000000001
0.10719999999999999
0.8518
0.1671
0.1981
0.20629999999999998
0.14229999999999998
0.10719999999999999
0.0902
0.0677
0.0369
0.034600000000000006
0.032100000000000004
0.0303
0.0339
0.0402
0.0557
0.0669
0.4526
0.1137
0.8678
0.36019999999999996
0.2683
0.2937
0.1889
0.1137
0.1251
0.1149
0.0748
0.0885
0.36019999999999996
0.6242
0.20850000000000002
0.19269999999999998
0.17520000000000002
0.18309999999999998
0.1622
0.3291
1.026
0.8203
0.3326
0.2817
0.29900000000000004
0.3197
0.3705
0.3885
0.3677
0.34040000000000004
0.5395
0.4512
0.3881
0.6952
1.4245
0.39549999999999996
0.4169
0.35050000000000003
0.2821
0.046700000000000005
0.030899999999999997
0.0241
0.020200000000000003
0.0095
0.0064
0.0034
0.0018
0.0
0.026699999999999998
0.0199
0.0337
0.0325
0.0634
0.3131
0.6488
0.4428
0.2945
0.49839999999999995
0.339
0.1718
0.1684
0.2137
0.1293
0.17659999999999998
0.1472
0.13690000000000002
0.1285
0.12190000000000001
0.12530000000000002
0.13319999999999999
0.1582
0.2274
0.4381
0.4256
0.6839
0.3341
0.3608
0.4833
0.513
0.4158
0.5841
0.6373
0.362
0.3607
0.4145
0.48529999999999995
0.3245
0.07550000000000001
0.06770000000000001
0.0655
0.06609999999999999
0.06770000000000001
0.0708
0.0732
0.0688
0.08629999999999999
0.1502
0.1037
0.0801
0.0655
0.0878
0.0846
0.10999999999999999
0.12040000000000001
0.0821
0.0823
0.06470000000000001
0.0939
0.1296
0.11069999999999999
0.0868
0.1021
0.0901
0.0809
0.0789
0.07819999999999999
0.0785
0.07819999999999999
0.0991
0.2024
0.2229
0.20600000000000002
0.1436
0.1099
0.1221
0.1246
0.136
0.1483
0.2147
0.2602
0.2475
0.27490000000000003
0.3649
0.2258
0.1372
0.1066
0.10089999999999999
0.0942
0.09240000000000001
0.0932
0.1048
0.2307
0.4159
0.20379999999999998
0.1918
0.20550000000000002
0.1646
0.1469
0.14350000000000002
0.138
0.1467
0.8038000000000001
0.4656
0.4173
0.29869999999999997
0.31679999999999997
0.2316
0.13340000000000002
0.10519999999999999
0.19340000000000002
0.1922
0.1991
0.21300000000000002
0.22949999999999998
0.2424
0.2666
0.25
0.2388
0.3056
0.1333
0.07550000000000001
0.0711
0.0823
0.10070000000000001
0.14950000000000002
0.25980000000000003
0.21389999999999998
0.3771
0.3589
0.2381
0.2881
0.31679999999999997
0.2183
0.343
0.2602
0.191
0.189
0.1647
0.147
0.13190000000000002
0.1637
0.1086
0.09209999999999999
0.0807
0.0985
0.11960000000000001
0.1382
0.1328
0.19240000000000002
0.2195
0.34709999999999996
0.11779999999999999
0.0631
0.2464
1.3218999999999999
0.1359
0.3965
0.12669999999999998
0.1036
0.1023
0.0964
0.0963
0.08560000000000001
0.0922
0.1136
0.132
1.0663
1.3182
1.0872
1.0343
0.6314
0.3811
0.29810000000000003
0.2405
0.2526
0.278
0.277
0.2819
0.2679
0.2481
0.19019999999999998
0.0305
0.0279
0.0277
0.0258
0.0267
0.025500000000000002
0.0933
0.2881
0.2496
0.21999999999999997
0.14679999999999999
0.1197
0.1344
0.1486
0.1341
0.1509
0.8084
0.6912
0.3523
0.8224
0.2569
0.131
0.038599999999999995
0.03
0.11180000000000001
0.0911
0.0814
0.0741
0.0658
0.0663
0.07500000000000001
0.0608
0.1941
0.359
0.2877
0.7364
0.050600000000000006
0.054599999999999996
0.11729999999999999
0.13040000000000002
0.3248
0.4129
0.2404
0.2019
0.1751
0.1845
0.2259
0.181
0.028900000000000002
0.0166
0.0139
0.0112
0.0173
0.0168
0.0068000000000000005
0.0124
0.0285
0.0911
0.7432
1.0943
0.9551000000000001
0.7614000000000001
0.17709999999999998
0.1526
0.18880000000000002
0.7472
0.4225
0.5994
0.513
0.4638
0.2593
0.076
0.1273
0.1215
0.1147
0.11399999999999999
0.12140000000000001
0.1288
0.1628
0.1905
0.2373
0.2883
0.3433
0.3378
0.2732
0.2765
0.2603
0.2319
0.2819
0.3476
1.6401
0.3513
0.2764
0.1959
0.1326
0.1158
0.0239
0.0167
0.016800000000000002
0.018099999999999998
0.0119
0.0042
0.0056
0.0219
0.0154
0.0353
0.0
0.0
0.0
0.0
0.0
0.0
0.0
0.0027
0.0371
0.0
0.0
0.0
0.028499999999999998
0.0318
0.15450000000000003
0.1442
0.1488
0.1736
0.2835
0.5903
0.223
0.17049999999999998
0.1639
0.2762
0.1563
0.2122
0.1471
0.1333
0.11130000000000001
0.1217
0.1622
0.1466
0.1462
0.0684
0.08330000000000001
0.0862
0.1134
0.12340000000000001
0.027299999999999998
0.0
0.0022
0.0125
0.029
1.3799
0.8119000000000001
0.1356
0.1203
1.8839
1.8723
1.1401000000000001
0.0
0.0
0.0
0.0167
0.0
0.0
0.0356
0.0099
0.028
0.0
0.0
0.0013
