0.043399999999999994
0.012
0.0552
0.0635
0.0472
0.0
0.0
0.0
0.0
0.0
0.0
0.0
0.0
0.0
0.0086
0.0
0.0
1.3821
0.9314
0.2258
2.2485
0.8513
0.08879999999999999
0.8553000000000001
0.128
0.127
0.1303
0.1308
0.13040000000000002
0.1279
0.1389
0.16849999999999998
0.1492
0.1845
0.0811
0.1105
0.0808
0.0741
0.0558
0.06789999999999999
0.089
0.0741
0.11510000000000001
0.06470000000000001
0.0737
0.0846
0.0991
0.10969999999999999
0.0655
0.052000000000000005
0.0519
0.046
0.0407
0.0348
0.0519
0.0517
0.1707
0.27690000000000003
0.3304
0.1318
0.07880000000000001
0.11280000000000001
0.1952
0.0905
0.0921
0.1513
1.5760999999999998
1.0575
0.5562
0.25939999999999996
0.1222
0.078
0.1369
0.10289999999999999
0.0784
0.076
0.0744
0.0824
0.101
0.091
0.06420000000000001
0.061
0.0684
0.0591
0.0747
0.0708
0.4222
0.1669
0.1501
0.3337
0.3069
0.3086
0.2483
0.2904
0.28459999999999996
0.18359999999999999
0.2369
0.2389
0.2259
0.2047
0.1598
0.1144
0.0635
0.0258
0.0
0.0
0.0
0.0
0.0
0.0
0.0
0.04
0.2141
0.6383000000000001
1.3919000000000001
0.6513
0.5423
1.17
0.5193
0.2631
0.0583
0.0493
0.044899999999999995
0.0413
0.0344
0.0316
0.0477
0.0664
0.7215
0.2097
0.20179999999999998
0.5560999999999999
0.1375
0.163
0.49849999999999994
0.8125
0.518
0.4663
0.1691
0.1764
0.20950000000000002
0.26990000000000003
0.2237
0.12040000000000001
0.0479
0.0519
0.0491
0.040499999999999994
0.0314
0.0278
0.0399
0.07050000000000001
0.8099999999999999
0.7841
1.3792
1.1688
0.1603
0.447
0.8959
1.0587
0.9832000000000001
0.41069999999999995
0.0694
0.1419
0.2084
0.1339
0.08499999999999999
0.0561
0.1324
0.0955
0.0819
0.07100000000000001
0.0692
0.0684
0.06939999999999999
0.0771
0.07680000000000001
0.079
0.14650000000000002
0.22540000000000002
0.5178
0.5089
0.11880000000000002
0.0915
0.09409999999999999
0.5532
0.829
0.5044
0.31589999999999996
0.2318
0.17909999999999998
0.14179999999999998
0.0987
0.0712
0.0646
0.0663
0.054400000000000004
0.0592
0.0698
0.06709999999999999
0.4798
0.1358
0.1391
0.1828
0.32939999999999997
0.1708
0.2353
0.19940000000000002
0.191
0.2775
0.0916
0.8276
0.6375000000000001
0.2766
0.23070000000000002
0.15589999999999998
0.0179
0.0266
0.0
0.0441
0.0508
0.1037
0.42500000000000004
0.7875
0.5105999999999999
2.2744
1.0025
0.3729
0.163
0.2496
0.2257
0.2261
0.3044
0.5585
2.6357999999999997
2.585
1.0431
0.0112
0.0214
0.0497
0.2087
0.2084
0.2189
0.217
0.20889999999999997
0.2424
0.3124
1.0514999999999999
0.415
0.3144
0.46030000000000004
0.4536
0.281
0.2364
0.16699999999999998
1.4817
1.7609
1.7852999999999999
0.7025
0.2885
0.2375
0.1795
0.1689
0.1768
0.0485
0.0479
0.0376
0.052000000000000005
0.09670000000000001
0.2465
0.0737
0.0683
0.06420000000000001
0.5362
0.014000000000000002
0.027
0.0453
0.0659
0.0673
0.1271
0.1923
0.1308
0.4216
0.6599
1.1413
0.0218
0.0345
0.0327
0.3026
0.2807
0.0892
0.0562
0.0441
0.0388
0.0431
1.4569999999999999
0.4205
0.0
0.0
0.0
0.0
0.0
0.0
0.0
0.0
0.4398
0.8531
0.0215
0.14989999999999998
0.2344
0.3386
0.1552
0.024399999999999998
0.0198
0.018500000000000003
0.0212
0.0202
0.0195
0.0094
0.0028
0.0023
0.004
0.004
0.0
0.0
0.011
0.02
0.0144
0.0665
0.0404
0.0002
0.030299999999999997
0.1129
0.0982
0.0229
0.0131
0.1708
0.16249999999999998
0.16260000000000002
0.1703
0.20429999999999998
0.2192
0.2398
0.2439
0.2609
0.23770000000000002
0.1847
0.1593
0.2687
0.4792
0.40790000000000004
0.6675
0.7023999999999999
0.7227
0.4254
0.4812
0.45599999999999996
0.4662
0.2808
0.1906
0.027700000000000002
0.0153
0.0127
0.009399999999999999
0.012499999999999999
0.0003
0.1862
0.1029
0.002
0.0002
0.1011
0.057300000000000004
0.0
0.0
0.0
0.0
0.0
0.6922999999999999
0.249
0.0686
0.17759999999999998
0.1006
0.0349
0.0174
0.08180000000000001
0.0805
0.0703
0.0761
0.0806
0.11879999999999999
0.1844
0.126
0.1005
0.0988
0.12290000000000001
0.1064
0.1381
0.1306
0.3122
0.24669999999999997
0.2652
0.576
0.5544
0.3651
0.5083
0.1911
0.1065
0.0864
0.0
0.0
0.0
0.0
0.0121
0.0
0.0
0.0
0.0
0.384
1.3738000000000001
2.0867
1.9857
0.6712
0.2908
0.2592
0.2777
0.6204000000000001
0.5427
0.9994999999999999
0.8042
1.3182
0.6635000000000001
0.0
0.0688
0.0605
0.0566
0.0542
0.0627
0.1786
0.5669
0.1388
0.12060000000000001
0.24930000000000002
0.1171
0.0659
0.0735
0.0926
0.3296
0.22039999999999998
0.1453
0.21300000000000002
0.9042
0.193
0.139
0.1719
0.1457
0.09770000000000001
3.1969000000000003
3.2871
3.5343
3.2352
1.9936
1.7684
1.1513
0.8989
0.7321
0.5755
0.5657
0.5699000000000001
0.5431
0.5548
0.6914
1.1612
1.3643
0.8762000000000001
0.6324000000000001
0.8823
2.5464
0.9979
0.4458
1.9186
0.0402
0.0296
0.025099999999999997
0.0203
0.020999999999999998
0.0217
0.025500000000000002
0.043
0.069
0.43770000000000003
0.5576
0.6398
0.3356
0.1653
0.3429
0.3518
0.2662
0.4263
0.5592
0.2625
0.20889999999999997
0.1768
0.13319999999999999
0.0695
0.1253
0.07239999999999999
0.08990000000000001
0.0828
0.0888
0.11
0.1749
2.2843999999999998
0.0614
0.0104
0.0228
0.0061
0.0
0.0
0.0
0.006
0.0365
0.4292
1.1691
0.7002999999999999
0.2449
0.1989
0.1335
0.0894
0.1588
0.1441
0.14200000000000002
0.1411
0.13279999999999997
0.1454
0.16699999999999998
0.3163
0.47350000000000003
0.2784
0.1834
0.1745
0.1849
0.1622
0.1261
1.054
0.458
0.2529
0.4014
0.4107
0.3511
0.3235
0.7572
0.306
0.0751
0.0668
0.0697
0.0686
0.07
0.0853
0.1236
0.1775
0.24219999999999997
0.2759
0.48140000000000005
0.5424
0.6394
0.3749
0.5358999999999999
0.717
0.353
0.3339
1.0586
0.4718
0.4182
0.2647
0.13929999999999998
0.0939
0.0804
0.06080000000000001
0.0561
0.061399999999999996
0.0547
0.0534
0.055999999999999994
0.0678
0.09090000000000001
0.10039999999999999
0.12090000000000001
0.2354
0.15410000000000001
1.0118
0.2036
0.2796
0.3668
0.2202
0.2511
0.2635
0.8393
0.38780000000000003
0.2162
0.1543
0.0138
0.0
0.0
0.0
0.0
0.0
0.0
0.0018
0.0
0.137
0.10289999999999999
0.5056
0.2822
0.0481
0.0
0.0
0.0
0.0045
0.7905
0.0419
0.2524
0.6482
0.6035999999999999
0.0962
0.0276
0.0091
0.0123
0.0121
0.0042
0.015300000000000001
0.012
0.0191
0.0273
0.2751
0.0665
0.1343
0.2032
0.0873
0.0937
0.7029
0.0128
0.0
0.0
0.0
0.0
0.0248
0.0629
0.0484
0.2227
0.2057
0.2059
0.19069999999999998
0.18469999999999998
0.1636
0.16999999999999998
0.1483
0.166
0.684
0.4136
0.199
0.1066
0.188
0.18530000000000002
0.1456
0.1194
0.1879
1.336
0.9228000000000001
0.4761
0.30710000000000004
0.2074
0.1918
0.1818
0.1444
0.1364
0.1134
0.12669999999999998
0.1204
0.14429999999999998
0.16060000000000002
1.3024
2.0291
0.5242
0.7788999999999999
0.7796000000000001
0.322
0.345
0.4435
0.5331
1.2017
0.8757999999999999
0.5162
0.5312
0.4798
0.5421
0.3514
0.1045
0.0996
0.11030000000000001
0.1101
0.1073
0.1006
0.13140000000000002
0.1469
0.0576
0.1487
0.0078
0.0102
0.0104
0.014499999999999999
0.023399999999999997
0.0819
0.0643
0.033
0.33930000000000005
0.3286
0.2793
0.2558
0.1492
0.1296
0.0004
0.0
0.0006
0.0
0.0034
0.022600000000000002
0.07490000000000001
0.0228
0.0
0.46340000000000003
0.057800000000000004
0.0
0.0
0.0
0.0277
0.7536
0.52
0.3832
0.5636
0.0927
0.0722
0.0323
0.0
0.0
0.0
0.0
0.0
0.0
0.0
0.0
0.0
0.0258
0.2132
1.1937
1.3067
0.111
0.0
0.0
0.035
0.048
0.0835
0.3241
0.0905
0.0
0.0
0.0
0.0
0.0
0.1724
0.1502
0.1396
0.133
0.13340000000000002
0.1296
0.1442
0.1563
0.175
0.43810000000000004
0.3523
0.3332
0.2135
0.2257
0.1918
0.1794
0.2233
0.1567
1.763
0.2741
0.354
0.34850000000000003
0.2677
0.20850000000000002
0.013600000000000001
0.0084
0.0048000000000000004
0.006
0.0050999999999999995
0.008400000000000001
0.0238
0.0284
0.0192
0.015099999999999999
0.0091
0.0
0.008
0.0156
0.022199999999999998
0.0259
0.034100000000000005
0.0406
0.0139
0.048100000000000004
0.0506
0.0632
0.0509
0.0236
0.0309
0.016300000000000002
0.012
0.0136
0.0076
0.0111
0.0238
0.038900000000000004
0.0348
0.0264
0.0328
0.036699999999999997
0.08349999999999999
0.9418
0.1348
0.30510000000000004
0.4708
0.312
1.2595
0.2182
0.1817
0.1807
0.15910000000000002
0.0949
0.051699999999999996
0.0445
0.0385
0.045700000000000005
0.0572
0.0928
0.0524
0.030699999999999998
0.023100000000000002
0.032
0.0246
0.0201
0.083
0.0825
0.0684
0.0771
0.07719999999999999
0.18969999999999998
0.1904
0.22799999999999998
0.17709999999999998
0.1114
0.0752
0.0562
0.2111
0.1885
0.1865
0.1861
0.1792
0.2011
0.2467
0.3656
0.5402
0.509
0.7
0.3847
1.3826999999999998
1.4268999999999998
1.2301
0.3821
0.5874
0.6672
0.46430000000000005
0.6852
0.5811999999999999
0.44389999999999996
0.3308
0.24409999999999998
0.187
0.17020000000000002
0.2091
0.2049
0.1913
0.24259999999999998
0.2965
0.3361
0.3266
0.2602
0.24
0.9931
0.6408
0.4525
1.4912999999999998
1.8780999999999999
0.48119999999999996
0.5633
0.9627
0.9107999999999999
0.6384
0.19490000000000002
0.1591
0.1578
0.3722
0.3276
0.33430000000000004
0.33399999999999996
0.32430000000000003
0.3862
0.6001
1.1571
0.6717
0.3549
0.36660000000000004
0.3604
0.3346
0.30610000000000004
0.2943
0.2751
0.272
2.1189999999999998
1.0895000000000001
2.076
0.5396
0.4548
0.3758
0.3536
0.08030000000000001
0.0683
0.0625
0.0619
0.0665
0.06970000000000001
0.1041
0.1239
0.12090000000000001
0.13090000000000002
0.1251
0.267
0.4353
0.1485
0.1183
0.1377
0.4391
0.4608
0.9456
0.9201
0.7477999999999999
0.2818
0.2135
0.1282
0.0166
0.0434
0.025500000000000002
0.0134
0.0073
0.0
0.0017
0.0
0.7447
0.1795
0.1635
0.0784
0.15
0.0187
0.0697
0.020999999999999998
0.0
0.0109
0.5333
0.0
0.0
0.0375
0.088
0.0786
0.5805
0.12290000000000001
0.0056
0.0291
0.0
0.0
0.0
0.1479
0.054
0.0023
0.0
0.0
0.0013
0.0
0.0125
0.0
0.0317
0.31779999999999997
0.348
0.5932
0.1348
2.1645000000000003
0.7251
0.1404
0.11080000000000001
0.10930000000000001
0.0891
0.0847
0.0901
0.096
0.1194
0.15710000000000002
0.1144
0.138
0.1656
0.17709999999999998
0.1462
0.1303
0.1444
0.213
0.6086
1.0261
0.3141
0.2732
0.9641
0.4273
0.33009999999999995
0.1861
0.2617
0.3106
0.3204
0.2784
0.25880000000000003
0.269
0.29600000000000004
0.4296
0.5903
0.5013
0.2955
0.22999999999999998
0.27059999999999995
0.3433
0.5764
0.2606
0.2116
0.2099
0.2822
0.443
0.7688
0.8042
0.34199999999999997
0.2581
0.0209
0.05550000000000001
0.0455
0.038900000000000004
0.028399999999999998
0.0601
0.0186
0.0591
0.0988
0.2283
0.3061
1.9987
0.3377
0.1647
0.1724
0.0917
0.2032
0.6073
0.5988
2.1836
1.7751000000000001
1.1553
0.3078
0.0
0.4299
0.2863
0.2722
0.2464
0.22699999999999998
0.21250000000000002
0.2665
1.3479
0.249
0.21000000000000002
0.2831
0.26149999999999995
0.2721
0.28049999999999997
0.4105
0.34340000000000004
0.2277
0.2074
0.1018
0.2944
0.8646
0.5294
0.4664
0.38980000000000004
0.0056
0.0232
0.0158
0.022699999999999998
0.0106
0.0429
0.0786
0.03
0.0123
0.1615
0.0
0.0
0.0
0.0171
0.1542
0.0052
0.0
0.013
0.1691
0.0
0.1571
0.2403
0.11259999999999999
0.030600000000000002
0.1053
0.0958
0.0882
0.0789
0.0789
0.0833
0.0946
0.1133
0.1399
0.6936
0.712
0.1534
0.2351
0.4758
0.3405
0.507
0.3372
0.3018
0.39670000000000005
0.5284
0.4522
0.5126999999999999
0.35919999999999996
0.1814
0.1655
0.1538
0.14429999999999998
0.1402
0.1439
0.22469999999999998
0.3573
0.246
0.2
0.2229
0.2373
0.2325
0.3624
0.2684
0.2802
0.3852
0.5771000000000001
0.41569999999999996
0.5031
0.5142
0.5065
0.5207999999999999
0.4507
0.2587
0.2012
0.191
0.1885
0.184
0.1818
0.1943
0.2324
0.4234
0.3246
0.2606
0.2091
0.1748
0.1868
0.1977
0.1993
0.8765000000000001
0.3765
0.3339
0.2888
0.28459999999999996
0.2746
0.2778
0.2593
0.2225
0.0
0.0
0.0
0.0
0.0
0.0
0.0
0.0
0.0393
0.2963
0.1171
0.2357
0.0005
0.0104
0.061799999999999994
0.0497
0.0232
0.0371
0.0675
0.0649
0.040999999999999995
0.0541
0.040499999999999994
0.007
0.0
0.0
0.0
0.0
0.0
0.0
0.0
0.0
0.0
0.0
0.0
0.0
0.0
0.0
0.0
0.0
0.0
0.0
0.0
0.0
0.0
0.0
0.0
0.0
0.16549999999999998
0.1618
0.1703
0.18430000000000002
0.1696
0.1609
0.1686
0.17159999999999997
0.1607
0.1552
0.1562
0.14479999999999998
0.1414
0.6013
0.1904
0.1632
0.1809
0.392
0.6485
0.9622
0.3327
0.23070000000000002
0.15239999999999998
0.1393
0.2427
0.211
0.1968
0.187
0.181
0.1749
0.3991
0.4592
0.1746
0.2801
0.4637
0.2012
0.17070000000000002
0.1618
0.2212
0.24
0.1966
0.2061
0.194
0.1727
0.1552
0.1628
0.2016
0.1964
0.0372
0.034
0.0296
0.030100000000000002
0.0342
0.0497
0.1531
0.22899999999999998
0.16999999999999998
0.1785
0.14579999999999999
0.10919999999999999
0.1744
0.1758
0.3349
0.2004
0.12409999999999999
0.18009999999999998
0.2126
0.27240000000000003
0.3125
0.40190000000000003
0.2323
0.0688
0.2022
0.193
0.18259999999999998
0.17149999999999999
0.15839999999999999
0.1577
0.1513
0.1538
0.16060000000000002
0.7655000000000001
0.3342
0.4603
0.2269
0.5138
0.2705
0.6421
0.2745
0.2904
0.36860000000000004
0.26739999999999997
0.2321
0.2252
0.2155
0.2042
0.5854
0.43829999999999997
0.2294
0.2072
0.1916
0.1931
0.2029
0.2253
0.2756
0.30469999999999997
0.7211
0.6926
1.1614
0.5608
0.5037
0.4532
0.4498
1.7749
0.7261
1.6714
1.2376
0.35240000000000005
0.3278
0.23700000000000002
2.6095
1.2569
0.0603
0.1059
0.078
0.08679999999999999
0.1012
0.20629999999999998
0.5397000000000001
0.4304
0.571
0.4924
0.33199999999999996
0.3165
0.6076
1.3044
1.2275
1.1663999999999999
4.2286
1.9059
0.8934
0.8463
1.3887
0.7512
0.1688
0.1722
0.16570000000000001
0.162
0.1721
0.2017
0.4158
0.4942
0.3577
0.9444
0.37239999999999995
0.22749999999999998
0.21150000000000002
0.2339
0.3809
0.3167
0.2134
0.2862
0.5637
0.3063
0.2268
0.1768
0.1464
0.14529999999999998
0.1063
0.0933
0.0922
0.12090000000000001
0.1482
0.1254
0.11480000000000001
0.097
0.0658
0.0712
0.0586
0.0535
0.11710000000000001
0.5761999999999999
0.1638
0.14229999999999998
0.1871
0.387
0.2455
0.4508
0.244
0.1727
0.1252
0.10189999999999999
0.2607
0.2619
0.249
0.24619999999999997
0.2575
0.2802
0.3593
0.4211
0.6278
0.6275
0.4434
0.4262
0.6665000000000001
0.4304
0.30910000000000004
0.2807
0.3084
0.6276999999999999
0.3404
1.1549
0.692
0.5365
0.4138
0.3118
0.0555
0.018799999999999997
0.0432
0.0349
0.0313
0.0448
0.0465
0.019299999999999998
0.0253
0.1465
0.5379
1.7237999999999998
0.7507999999999999
1.4394
0.7864
0.2143
0.1704
0.8098
0.1639
0.1875
0.2112
0.3514
0.34619999999999995
0.1489
0.0026
0.0
0.0
0.0
0.0
0.0
0.0
0.0052
0.042199999999999994
0.8507
0.4679
0.0891
0.2303
0.21789999999999998
0.164
0.0917
0.0606
0.09090000000000001
0.2728
0.5139
0.134
0.0572
0.0072
0.0016
0.0335
0.034
0.0397
0.036699999999999997
0.0427
0.0545
0.1679
0.4354
0.1632
0.5782
0.3726
0.6382
0.2399
0.1859
0.1872
0.8058000000000001
0.1366
0.1248
0.0959
0.1006
0.0797
0.0626
0.0554
0.045399999999999996
0.0162
0.0102
0.0093
0.0081
0.008
0.0068000000000000005
0.0144
0.068
0.12090000000000001
0.09440000000000001
0.1583
0.1842
0.09179999999999999
0.08549999999999999
0.4285
0.25229999999999997
0.4021
0.4809
0.3655
0.26170000000000004
0.24
0.16820000000000002
0.0806
0.028699999999999996
0.1644
0.15439999999999998
0.15360000000000001
0.1555
0.15639999999999998
0.1669
0.18469999999999998
0.2995
0.36960000000000004
0.2832
0.14350000000000002
0.11979999999999999
0.124
0.13
0.1222
0.1552
0.2656
0.1763
0.2128
0.5681999999999999
0.6678
0.35860000000000003
0.20950000000000002
0.174
0.1335
0.1117
0.13629999999999998
0.1281
0.1411
0.3125
0.5778000000000001
0.2205
0.10930000000000001
0.0737
0.056499999999999995
0.0692
0.0806
0.0905
0.34759999999999996
0.6373
0.2138
0.1766
0.0591
1.6994
0.6032
0.8236
0.3592
0.1926
0.0637
0.0465
0.0405
0.0416
0.0383
0.0579
0.07619999999999999
0.1011
0.0928
0.1316
0.09559999999999999
0.0531
0.2122
0.5264
0.1179
0.11879999999999999
0.9277
0.8328
1.5636
0.8420000000000001
0.4606
0.5181
0.2112
0.0915
0.16620000000000001
0.1628
0.1633
0.1619
0.1522
0.1482
0.1447
0.1416
0.1336
0.24830000000000002
0.2202
0.19479999999999997
0.2176
0.15839999999999999
0.1616
0.1663
0.1197
0.1016
0.14
0.1409
0.13240000000000002
0.1409
0.15789999999999998
0.1636
0.1011
0.0916
0.08529999999999999
0.0869
0.09340000000000001
0.10339999999999999
0.29259999999999997
0.4494
0.27949999999999997
0.4103
0.2242
0.1676
0.18580000000000002
0.1821
0.1575
0.18159999999999998
0.3133
1.0838
0.4955
0.371
0.43689999999999996
0.591
0.3653
0.1339
0.062
0.060899999999999996
0.0565
0.0581
0.0567
0.0789
0.12769999999999998
0.0848
0.06709999999999999
0.1255
0.0852
0.0408
0.07930000000000001
0.0788
0.1398
0.0847
0.029699999999999997
0.0299
0.0422
0.0843
0.0824
0.1036
0.0984
0.0687
0.0084
0.0334
0.0
0.038500000000000006
0.0
0.0134
0.0877
0.0374
0.0129
0.0915
2.2197
2.1559
3.3076
0.1542
0.1292
2.4722999999999997
5.0682
0.8548
0.442
1.4003999999999999
4.847099999999999
1.3261
0.0628
0.0
0.1365
0.1265
0.1222
0.1189
0.1221
0.1268
0.1774
0.43310000000000004
0.14579999999999999
0.103
0.1059
0.08779999999999999
0.0497
0.0389
0.0245
0.0241
0.0285
0.0613
0.1365
0.1017
0.0887
0.0648
0.056499999999999995
0.0604
2.1699
0.3205
0.0074
0.3751
1.3044
0.2499
0.1763
0.2123
0.23020000000000002
0.3332
0.3287
0.28600000000000003
0.49670000000000003
0.5074000000000001
0.4718
0.4286
0.4394
0.5072
0.24159999999999998
0.2496
0.2024
0.1926
0.1524
0.1131
0.2066
0.2012
0.1938
0.1918
0.1908
0.1983
0.2145
0.2551
0.49160000000000004
0.7625
0.6523
0.5992999999999999
0.3941
0.4053
0.5287
0.6662
0.37329999999999997
0.3598
0.3496
0.4466
0.4088
0.3493
0.2757
0.2281
0.0293
0.0171
0.0102
0.0313
0.0369
0.1407
0.030899999999999997
0.0083
0.0
0.0883
0.0
0.0
0.0
0.0
0.0
0.0021
0.6545000000000001
0.6141
0.0
0.0
0.0
0.0
0.06559999999999999
0.058800000000000005
0.29500000000000004
0.2639
0.27
0.262
0.2467
0.25029999999999997
0.2677
0.30079999999999996
0.3593
0.622
0.7061
0.4073
0.2835
0.8951
0.6994
0.5168
1.1648
0.37129999999999996
0.432
0.4098
0.5348
0.6563
0.36719999999999997
0.305
0.21810000000000002
0.20929999999999999
0.2039
0.1983
0.1885
0.1832
0.178
0.2112
0.24459999999999998
0.2753
0.2446
0.22849999999999998
0.2358
0.2044
0.1951
0.2052
0.2025
0.1872
0.2708
0.3414
0.2671
0.2642
0.27080000000000004
0.25070000000000003
0.1062
0.1069
0.1071
0.1051
0.1002
0.1106
0.1267
0.1407
0.17980000000000002
0.3385
0.6201
0.8443
0.7629
0.44720000000000004
0.289
0.17830000000000001
0.1502
0.133
0.1346
0.1203
0.11299999999999999
0.0963
0.0926
0.089
2.019
1.2034
0.43689999999999996
0.2837
0.2787
0.2857
0.265
0.3124
0.4301
0.5801000000000001
1.1335
1.6606
2.4539
3.4369
2.0181999999999998
1.2622
1.3135
1.917
1.5877
2.1062
3.9324000000000003
2.4362
1.2841
2.8162
0.1043
0.0818
0.0727
0.0922
0.0668
0.0914
0.0886
0.1265
0.1773
0.3085
0.3255
1.3701999999999999
0.4178
0.8905
0.9591
0.4238
0.6437
0.5086
0.5542
0.6469
0.5175
0.6259
1.6978
0.3612
0.035
0.0329
0.033600000000000005
0.0618
0.0678
0.1007
0.0879
0.0525
0.0405
0.014100000000000001
0.0
0.0
0.0113
0.0362
0.0874
0.0427
0.1938
0.2203
0.0161
0.0656
0.27690000000000003
0.3558
0.3176
0.21639999999999998
0.0685
0.057800000000000004
0.0431
0.0512
0.048799999999999996
0.0612
0.12059999999999998
0.3647
0.0629
0.0071
0.0
0.0
0.0
0.0
0.0
0.0016
0.6691
0.6977
0.2855
0.0985
0.18430000000000002
0.1877
0.1991
0.1282
0.2248
0.19090000000000001
0.175
0.16920000000000002
0.1553
0.1661
0.1681
0.1861
0.19219999999999998
0.2029
0.2032
0.2516
0.2847
0.25880000000000003
0.2704
0.25749999999999995
1.5053
0.7357
0.316
0.3423
0.45740000000000003
0.4085
0.3809
0.3191
0.015300000000000001
0.0194
0.0218
0.0219
0.023
0.0165
0.1715
0.4323
0.3077
0.38280000000000003
0.1807
0.09409999999999999
0.167
0.22920000000000001
0.25529999999999997
0.258
0.23459999999999998
0.3176
0.40750000000000003
0.3849
0.3781
0.2811
0.0934
0.026799999999999997
0.0092
0.0091
0.015300000000000001
0.0177
0.0116
0.009899999999999999
0.0215
0.0817
0.627
0.10540000000000001
0.06709999999999999
0.0591
0.07100000000000001
0.0822
0.07680000000000001
0.273
0.9309
0.7543
0.6845
0.6492
0.43389999999999995
0.11960000000000001
0.024800000000000003
0.0167
0.055499999999999994
0.0185
0.0281
0.0221
0.0166
0.011
0.0013
0.0004
0.0
0.0145
0.0524
0.2537
0.6083
0.1343
0.09079999999999999
0.862
0.4436
0.2374
0.4911
1.025
0.6062
0.3722
0.4104
0.3036
0.1691
0.1364
0.0707
0.036199999999999996
0.0154
0.0063
0.0277
0.0085
0.978
0.17070000000000002
0.2157
0.10930000000000001
0.5837
0.0375
0.0451
0.061
0.0639
0.1772
0.6496
0.36250000000000004
0.2192
0.22110000000000002
0.7373000000000001
0.1325
0.2289
0.2133
0.2079
0.2008
0.19490000000000002
0.1885
0.1845
0.1908
0.21610000000000001
0.2368
0.2072
0.1951
0.183
0.2261
0.2592
0.25970000000000004
0.3352
0.3336
0.4032
0.8142
0.5531999999999999
0.5159
0.35150000000000003
0.2694
0.10200000000000001
0.07980000000000001
0.07769999999999999
0.0722
0.0674
0.0868
0.2009
0.2288
0.0601
0.0492
0.027700000000000002
0.34040000000000004
0.1527
0.10769999999999999
0.0986
0.15940000000000001
0.3267
0.0954
0.0291
0.024
0.0475
0.0566
0.079
0.08149999999999999
0.0
0.0
0.0
0.0
0.0
0.0
0.0
0.0
0.0
0.0
0.0
0.0
0.0
0.739
0.0
0.5515
0.0357
0.0
0.0
0.06939999999999999
0.1157
0.0023
0.0137
0.0853
0.1433
0.138
0.1217
0.1136
0.1136
0.1235
0.14129999999999998
0.182
0.21639999999999998
0.1985
0.7829
0.42569999999999997
0.6717
0.9972000000000001
0.314
0.2021
0.2334
0.2741
0.5502
0.8257
0.45
0.264
0.1928
0.1506
0.1629
0.1467
0.14279999999999998
0.1371
0.13540000000000002
0.1432
0.15460000000000002
0.22419999999999998
0.3194
0.29900000000000004
0.30310000000000004
0.22899999999999998
0.2044
0.23220000000000002
0.5086999999999999
0.9645999999999999
0.3876
0.313
0.2369
0.236
0.2744
0.3588
0.32520000000000004
0.22060000000000002
0.1129
0.0944
0.0932
0.1362
0.1543
0.1383
0.1283
0.1256
0.14989999999999998
0.0912
0.0364
0.0514
0.136
0.3565
0.1774
0.09570000000000001
0.1582
0.3009
0.1673
0.2148
0.4037
0.4328
0.2836
0.1386
0.06459999999999999
0.055900000000000005
0.057300000000000004
0.0552
0.0518
0.0527
0.0649
0.17809999999999998
0.39080000000000004
0.2694
0.4273
0.2358
0.16770000000000002
0.15839999999999999
0.1971
0.40359999999999996
2.1902
1.2905
0.4498
0.3951
0.4865
0.533
0.2571
0.1219
0.0655
0.0606
0.06359999999999999
0.0545
0.0678
0.1205
0.4019
0.11449999999999999
0.07419999999999999
0.1119
0.07830000000000001
0.0765
0.07569999999999999
0.0814
0.0654
0.3865
0.11699999999999999
0.09179999999999999
0.5014
0.5583
0.2927
0.36960000000000004
0.3195
0.1433
0.0
0.0
0.0
0.0
0.0
0.3099
1.4327
0.0188
0.0
0.0
0.0
0.0
0.0134
0.0063999999999999994
0.0062
0.0
0.5161
0.6148
2.4802999999999997
0.8491
0.4513
0.038000000000000006
0.0
0.0
0.16249999999999998
0.1532
0.1485
0.14550000000000002
0.1464
0.15539999999999998
0.1727
0.1991
0.2404
0.2541
0.2468
0.416
0.394
0.2704
0.2475
0.25680000000000003
0.27649999999999997
0.27049999999999996
0.4591
0.4296
0.37739999999999996
0.2896
0.2141
0.1782
0.015200000000000002
0.0049
0.026099999999999998
0.020900000000000002
0.0183
0.0374
0.0301
0.021400000000000002
0.0402
0.8179000000000001
0.6791
1.693
0.4805
0.5621
0.11699999999999999
0.1501
0.16620000000000001
0.1611
0.3811
1.7232
1.544
1.1759
0.3336
0.0267
0.0464
0.043
0.0411
0.0383
0.0344
0.0399
0.043399999999999994
0.34900000000000003
0.2542
0.6296999999999999
0.33540000000000003
0.4252
0.13190000000000002
0.1066
0.1015
0.15910000000000002
0.3533
0.0984
0.1051
0.1027
0.112
0.10830000000000001
0.1133
0.07730000000000001
0.0879
0.0751
0.0746
0.0732
0.0708
0.0758
0.0801
0.08610000000000001
0.15
0.1131
0.08460000000000001
0.0572
0.060899999999999996
0.0822
0.1033
0.1225
0.2918
0.1609
0.1337
0.5905
0.6883
0.398
0.13
0.0948
0.25939999999999996
0.15239999999999998
0.0592
0.0587
0.049
0.0342
0.046200000000000005
0.2862
0.1766
0.44509999999999994
0.36939999999999995
0.0756
0.0314
0.0
0.0
0.0
0.0
0.0
0.8389
0.20800000000000002
0.21250000000000002
0.2064
0.2398
0.1794
0.006
0.0025
0.0
0.0031
0.0049
0.0077
0.0191
0.1885
0.1402
0.07400000000000001
0.0128
0.0
0.0088
0.0192
0.0286
0.0393
0.0548
0.2192
0.0827
0.1104
0.0605
0.1329
0.1416
0.0368
0.16599999999999998
0.1269
0.1192
0.1158
0.1163
0.1169
0.1177
0.12179999999999999
0.12819999999999998
0.2001
0.3436
0.22010000000000002
0.2134
0.16349999999999998
0.11560000000000001
0.1018
0.09079999999999999
0.8268
0.49750000000000005
0.39280000000000004
0.4814
0.4648
0.3448
0.20779999999999998
0.1975
0.18730000000000002
0.183
0.1764
0.1632
0.1583
0.14789999999999998
0.20279999999999998
0.2057
0.10830000000000001
0.07949999999999999
0.0562
0.0567
0.07680000000000001
0.1154
0.22660000000000002
0.2515
0.20679999999999998
0.24180000000000001
0.5447
0.5276000000000001
0.3984
0.2096
0.1815
0.2425
0.2081
0.191
0.17959999999999998
0.1849
0.194
0.2015
0.22949999999999998
0.2102
0.18719999999999998
0.1476
0.12919999999999998
0.6991999999999999
0.9962
0.4398
0.4246
0.8756999999999999
1.0305
0.4178
0.44889999999999997
1.189
0.5566
0.4088
0.29810000000000003
0.07089999999999999
0.0989
0.0677
0.045899999999999996
0.0499
0.1019
0.7239
0.1264
0.0679
0.0392
0.1912
0.1101
0.051500000000000004
0.0474
0.0289
0.015899999999999997
0.0073
0.0964
0.3691
0.1273
0.1779
0.047799999999999995
0.0341
0.024900000000000002
0.4066
0.3069
0.2518
0.2365
0.23
0.2426
0.2828
0.3312
0.3971
0.4696
0.5183
0.4566
0.6693
1.2244
0.4
0.20629999999999998
0.28759999999999997
0.6686
0.1538
1.6056
0.4738
0.4733
0.4438
0.36729999999999996
0.243
0.3983
0.3658
0.45920000000000005
0.3712
0.4721
0.4979
0.44320000000000004
0.5124
0.8070999999999999
0.4409
0.2603
0.5706
0.5909
0.6449
0.2266
0.18880000000000002
0.16660000000000003
0.1964
0.2509
0.23320000000000002
0.2714
0.3143
0.27849999999999997
0.20350000000000001
0.1966
0.1941
0.196
0.2048
0.2484
0.2616
0.2286
0.21639999999999998
0.2423
0.2156
0.18380000000000002
0.19690000000000002
0.2275
0.25360000000000005
0.3069
0.3174
0.3861
0.28690000000000004
0.25070000000000003
0.2499
0.2808
0.2745
0.23349999999999999
0.13140000000000002
0.1111
0.1005
0.0952
0.09190000000000001
0.0892
0.0924
0.0959
0.0866
0.0965
0.1111
0.1708
0.2847
0.26980000000000004
0.1924
0.1821
0.1773
0.1937
0.173
0.1978
0.2611
0.2168
0.1837
0.1588
0.18819999999999998
0.17120000000000002
0.15839999999999999
0.1543
0.14589999999999997
0.1664
0.16549999999999998
0.1492
1.2046999999999999
0.174
0.1764
0.4177
0.19879999999999998
0.24730000000000002
0.3271
0.4095
0.4542
0.4958
0.2175
0.1895
0.2123
0.19140000000000001
0.1693
0.161
0.0336
0.0716
0.0309
0.0013
0.0
0.0
0.0
0.0
0.0
0.0753
0.0504
0.0461
0.0189
0.0252
0.0298
0.0
0.0
0.0
0.3633
0.1956
0.3538
0.0567
0.036
0.0334
0.0388
0.0373
0.034199999999999994
0.0339
0.0342
0.0435
0.0553
0.05739999999999999
0.0461
0.1087
0.0991
0.2044
0.088
0.0706
0.1003
0.19720000000000001
0.07070000000000001
0.045
0.0314
0.0054
0.0
0.0
0.011300000000000001
0.017599999999999998
0.131
0.11879999999999999
0.1074
0.1101
0.1057
0.1125
0.1303
0.4192
0.38029999999999997
0.1411
0.10350000000000001
0.089
0.1018
0.1051
0.0985
0.12340000000000001
0.5422
0.6941999999999999
0.4923
0.32030000000000003
0.3484
0.387
0.3682
0.2066
0.12880000000000003
0.1101
0.0857
0.0826
0.0754
0.07569999999999999
0.11579999999999999
0.1534
0.0891
0.0472
0.0432
0.025
0.038000000000000006
0.0436
0.049699999999999994
0.0403
0.0364
0.0916
0.026
0.0586
0.092
0.1142
0.1081
0.087
0.17880000000000001
0.1748
0.14950000000000002
0.15089999999999998
0.1405
0.1476
0.1741
0.2275
0.274
0.3285
0.8792
0.3721
0.7542
0.4394
0.398
0.27590000000000003
0.28900000000000003
0.7353999999999999
1.77
1.1891
0.5913
0.6208
0.4792
0.2929
0.1288
0.11030000000000001
0.10919999999999999
0.1057
0.1064
0.1635
0.3627
0.2793
0.23370000000000002
0.2563
0.183
0.7801
0.5087
0.2982
0.2663
0.244
0.2636
0.201
0.11979999999999999
0.06920000000000001
0.1056
0.12440000000000001
0.1562
0.1427
0.1142
0.10650000000000001
0.1009
0.1057
0.11
0.1408
0.22710000000000002
0.2563
0.2224
0.2283
0.3879
0.5519000000000001
0.8034
0.25339999999999996
0.2558
0.2425
0.2421
0.3429
0.4981
0.765
0.788
0.24609999999999999
0.1521
0.1179
0.21860000000000002
0.21050000000000002
0.20350000000000001
0.2008
0.1998
0.2076
0.2263
0.3101
0.5136000000000001
0.31789999999999996
0.3183
0.647
0.3259
0.2922
0.2835
0.294
0.3987
0.4655
0.7058
0.3983
0.34650000000000003
0.30100000000000005
0.24780000000000002
0.2213
0.3862
0.376
0.3647
0.36019999999999996
0.3733
0.3929
0.47040000000000004
0.6137
0.8486
0.8057000000000001
0.6597999999999999
0.6362
0.6707
0.6175999999999999
0.4828
0.4837
0.5630999999999999
0.6640999999999999
0.5663
1.7888000000000002
1.0836
0.7885
0.5805
0.454
0.18409999999999999
0.1488
0.1311
0.1305
0.1252
0.11860000000000001
0.383
0.7585999999999999
0.2185
0.2207
0.5952
0.36
0.29079999999999995
0.24159999999999998
0.2106
0.20140000000000002
0.231
0.2784
0.5419
0.737
0.961
0.5554
0.4279
0.2574
0.3489
0.18
0.1459
0.13019999999999998
0.12279999999999999
0.1265
0.1333
0.14250000000000002
0.173
0.3486
0.4359
1.1539
0.3086
1.3587
0.9671
0.424
0.4908
0.6146
0.3075
0.2422
0.2379
0.2005
0.36160000000000003
0.4476
0.0473
0.0409
0.0365
0.0366
0.0339
0.0265
0.024100000000000003
0.0205
0.016300000000000002
0.0317
0.0201
0.0388
0.0641
0.0698
0.0371
0.0398
0.030100000000000002
0.036500000000000005
0.18780000000000002
0.0673
0.0991
0.0801
0.0691
0.0598
0.07339999999999999
0.0695
0.0645
0.0663
0.0721
0.08460000000000001
0.1366
0.1442
0.1422
0.1476
0.125
0.1119
0.12010000000000001
0.1362
0.1298
0.144
0.2999
0.5739
0.3405
0.7286
0.4576
0.23859999999999998
0.12229999999999999
0.081
0.126
0.122
0.1301
0.1417
0.1829
0.31810000000000005
0.24509999999999998
0.1699
0.1411
0.144
0.1517
0.15239999999999998
0.1978
0.1673
0.1347
0.8185
0.26139999999999997
0.7748999999999999
0.3971
0.2079
0.1487
0.11679999999999999
0.1168
0.10930000000000001
0.0221
0.0242
0.0212
0.0189
0.0316
0.042300000000000004
0.0911
0.061
0.0523
0.2054
0.1369
0.0373
0.1187
0.0225
0.0007
0.0
0.0227
0.307
0.006500000000000001
0.0658
0.4176
0.2602
0.056400000000000006
0.0057
0.1683
0.14679999999999999
0.13490000000000002
0.13890000000000002
0.1383
0.15660000000000002
0.1739
0.17120000000000002
0.17259999999999998
0.1573
0.17759999999999998
0.1542
0.27499999999999997
0.24020000000000002
0.2377
0.2025
0.16949999999999998
0.8087
0.23420000000000002
0.44389999999999996
0.6436
0.6277
0.3817
0.197
0.9026
2.4778000000000002
1.5327
2.2828999999999997
1.7287
1.9258000000000002
0.121
0.0
0.0
0.0
0.1825
2.9596999999999998
2.3612
0.0
0.0
0.0501
0.3452
0.3435
1.2550999999999999
0.1015
0.0
0.0101
0.11
0.2686
0.115
0.1215
0.11649999999999999
0.1126
0.10500000000000001
0.11510000000000001
0.1502
0.21939999999999998
0.2571
0.9903
2.0073
0.8343
1.1852
0.3498
0.39139999999999997
0.43410000000000004
0.4383
1.2432
1.1378
0.3981
0.2594
0.2059
0.1735
0.1544
0.0
0.0
0.0
0.0
0.0
0.0
0.0078
0.0199
0.027299999999999998
0.0066
0.055
0.0
0.0
0.0
0.0
0.0
0.0001
0.0
0.0
0.0349
0.0
0.0
0.0
0.0
0.3034
0.31510000000000005
0.2898
0.253
0.2388
0.2233
0.22920000000000001
0.3907
1.3121
1.4681
0.9225
0.5951
1.3584
0.2434
0.2202
0.243
0.2511
0.2787
1.3213
0.4696
0.4557
0.4249
0.4076
0.34450000000000003
0.17170000000000002
0.14100000000000001
0.1384
0.1356
0.1872
1.0004
0.359
0.1879
0.1938
0.16620000000000001
0.1472
0.1642
0.2862
0.3238
0.6487
1.2401
0.7378
1.1793
0.5315000000000001
0.7678
0.8075
1.2228
0.9187
0.2415
0.4477
0.42379999999999995
0.4125
0.416
0.413
0.3577
0.3507
0.3033
0.2921
0.28600000000000003
0.2948
0.3133
0.3785
0.587
1.2435
0.6339
0.5103
0.3966
1.0986
1.0663
1.9405000000000001
1.2363
0.41259999999999997
0.3694
0.029900000000000003
0.0238
0.0204
0.0213
0.022699999999999998
0.0285
0.0369
0.027800000000000002
0.023100000000000002
0.0445
0.033100000000000004
0.0154
0.0329
0.030899999999999997
0.0212
0.021900000000000003
0.0258
0.052500000000000005
0.062200000000000005
0.0912
0.0975
0.13340000000000002
0.11549999999999999
0.0591
0.0292
0.0361
0.0369
0.0346
0.047299999999999995
0.0688
0.1323
0.22349999999999998
1.1453
1.6726999999999999
1.4592
1.9351
0.5243
0.40790000000000004
0.33830000000000005
0.6827
0.5861000000000001
0.37160000000000004
0.2702
0.15810000000000002
0.0814
0.0513
0.0439
0.0415
0.2118
0.1854
0.1892
0.1888
0.1904
0.2002
0.24270000000000003
0.2895
0.5176000000000001
0.533
0.45410000000000006
0.4038
0.42390000000000005
0.218
0.1633
0.1256
0.1378
1.0599
0.3901
0.4718
0.3248
0.1983
0.1466
0.1361
0.0313
0.0237
0.030899999999999997
0.0281
0.023
0.0366
0.1412
0.20579999999999998
0.0545
0.040499999999999994
0.039900000000000005
0.022199999999999998
0.0267
0.022199999999999998
0.0506
0.7242
0.30169999999999997
0.5549
0.9432
0.427
0.35760000000000003
0.1865
0.0713
0.039099999999999996
0.0089
0.0
0.0
0.0
0.0
0.0
0.0
0.0
0.0
0.0
0.0
0.0
0.0121
0.0882
0.0005
0.0
0.0
0.0
0.0
0.0304
0.0638
0.057800000000000004
0.0678
0.0518
0.0563
0.0463
0.0409
0.0428
0.0405
0.0388
0.039599999999999996
0.2162
0.1491
0.051199999999999996
0.0365
0.0363
0.0502
0.0493
0.06789999999999999
0.0867
0.0854
0.3111
0.6060000000000001
0.2301
0.3245
0.273
0.1819
0.10250000000000001
0.2902
0.2929
0.28659999999999997
0.2599
0.25660000000000005
0.26549999999999996
0.4924
0.4587
0.1805
0.0735
0.041999999999999996
0.0169
0.02
0.024800000000000003
0.4249
1.333
0.7073
0.9648
1.0127
0.8645
1.9525000000000001
0.4838
0.2087
0.1819
0.12480000000000001
0.1128
0.1056
0.1023
0.09759999999999999
0.10469999999999999
0.1085
0.30279999999999996
0.3773
0.2815
0.3892
0.37689999999999996
0.2234
0.22089999999999999
0.24230000000000002
0.3902
0.8197000000000001
0.36160000000000003
0.20329999999999998
0.1905
0.2394
0.3086
0.29510000000000003
0.1939
0.1121
0.1003
0.0955
0.0932
0.0992
0.1284
0.22049999999999997
0.1722
0.13369999999999999
0.1498
0.15389999999999998
0.1558
0.24459999999999998
0.1772
0.1729
0.18409999999999999
0.17309999999999998
0.218
0.6377
0.513
0.4487
0.47750000000000004
0.4843
0.2183
0.1157
0.0998
0.093
0.09029999999999999
0.09359999999999999
0.0884
0.10200000000000001
0.1053
0.0963
0.0978
0.16
0.1476
0.3696
0.2734
0.12410000000000002
0.1238
0.1171
0.4127
0.1456
0.15360000000000001
0.2036
0.2105
0.15839999999999999
0.1245
0.026000000000000002
0.0199
0.0232
0.03
0.0336
0.0368
0.171
0.1916
0.0479
0.022899999999999997
0.0113
0.0
0.0068
0.008
0.1855
0.8173
0.4235
0.3154
0.1258
0.11199999999999999
1.0518999999999998
0.3009
0.0821
0.0446
0.1477
0.1402
0.1415
0.1412
0.14950000000000002
0.1491
0.2444
0.3691
0.10999999999999999
0.08299999999999999
0.0479
0.0453
0.0305
0.0296
0.0179
0.0479
0.3012
0.1734
0.403
0.3442
0.4262
0.18280000000000002
0.11779999999999999
0.1255
0.0263
0.015399999999999999
0.014100000000000001
0.012
0.0146
0.0172
0.0118
0.0
0.12490000000000001
0.987
0.6329
0.5528
0.0731
0.1073
0.2996
0.729
0.3054
0.27090000000000003
0.3275
0.3248
0.3715
0.8467
0.3311
0.0537
0.32589999999999997
0.3316
0.3216
0.3094
0.2935
0.2722
0.2545
0.2501
0.2356
0.7026
0.4434
0.223
0.19540000000000002
0.2167
0.2656
0.3697
0.43420000000000003
1.3439
0.6273
0.3364
0.3297
0.3345
0.3183
0.31779999999999997
0.3656
0.1273
0.1267
0.17980000000000002
0.1501
0.1997
0.24120000000000003
0.5285
0.2029
0.39790000000000003
0.0056
0.0164
0.0
0.0
0.0
0.0025
0.0202
0.048100000000000004
0.0227
0.066
0.1028
0.048799999999999996
0.5576
0.1972
0.2126
0.2174
0.2213
0.2208
0.2207
0.22699999999999998
0.2512
0.27180000000000004
0.5186999999999999
0.2492
0.5788
0.3035
0.2091
0.2526
0.2881
0.2522
0.4986
0.2379
0.2208
0.35150000000000003
0.2905
0.2004
0.14789999999999998
0.1492
0.0004
0.0
0.0
0.0
0.0
0.0
0.0174
0.0689
0.0
0.0
0.0
0.0
0.0
0.0
0.0
0.0
1.5476
1.0524
0.12
0.16870000000000002
1.0558
1.299
1.7607
0.17880000000000001
0.06770000000000001
0.043899999999999995
0.0316
0.0288
0.0253
0.0204
0.013000000000000001
0.0093
0.0054
0.0119
0.0185
0.037500000000000006
0.0103
0.028999999999999998
0.8029000000000001
0.13390000000000002
0.1772
0.3601
0.2142
0.2006
0.33540000000000003
0.1496
0.0864
0.0779
0.1716
0.15589999999999998
0.1496
0.1375
0.15889999999999999
0.2202
0.14529999999999998
0.1247
0.11030000000000001
0.18209999999999998
0.1315
0.3734
0.2425
0.1529
0.0639
0.0698
0.4803
0.2513
0.20129999999999998
0.0555
0.0821
0.08990000000000001
0.1357
0.1337
0.0587
0.0527
0.048
0.0485
0.0503
0.0597
0.186
0.3537
0.23470000000000002
0.1411
0.1147
0.0622
0.0906
0.09709999999999999
0.0977
0.0634
0.0474
0.397
0.2799
0.1988
0.2597
0.30179999999999996
0.1607
0.0592
0.1242
0.1118
0.1053
0.10350000000000001
0.1122
0.4022
0.39249999999999996
0.2306
0.24819999999999998
0.3196
0.3397
0.2338
0.369
0.3013
0.2664
0.2921
0.3994
1.671
0.5846
0.38839999999999997
0.4436
0.4596
0.2448
0.1381
0.12519999999999998
0.1128
0.1095
0.1084
0.10700000000000001
0.1114
0.1201
0.2113
0.3698
0.40249999999999997
0.1086
0.0643
0.0571
0.0465
0.028900000000000002
0.041
0.0948
0.1701
0.09670000000000001
0.1849
0.20129999999999998
0.2202
0.2798
0.1759
0.0267
0.018099999999999998
0.016300000000000002
0.0114
0.0058
0.1631
0.525
0.0373
0.0645
0.1047
0.11710000000000001
0.0867
0.1191
0.09709999999999999
0.0922
0.0983
0.884
0.268
0.2157
0.1937
0.2074
0.17980000000000002
0.0898
0.031100000000000003
0.39490000000000003
0.33409999999999995
0.3146
0.2892
0.2731
0.2711
0.2507
0.2677
0.24919999999999998
0.2681
0.5045
0.7016
1.4340000000000002
0.7779
0.37929999999999997
0.45840000000000003
0.8517
0.44489999999999996
0.6815
0.5644
0.49860000000000004
0.5246
0.6035
0.5521
0.0764
0.0562
0.0491
0.044700000000000004
0.0406
0.044399999999999995
0.045899999999999996
0.061799999999999994
0.0843
0.1598
0.2884
0.181
0.2541
0.41879999999999995
0.2728
0.4552
0.8339000000000001
0.2608
0.309
0.3416
0.2958
0.33230000000000004
0.35529999999999995
0.17820000000000003
0.1905
0.15889999999999999
0.14639999999999997
0.1451
0.1373
0.13990000000000002
0.1456
0.2965
0.2691
0.15660000000000002
0.1382
0.1568
0.15389999999999998
0.1432
0.1473
0.2059
0.4404
0.5874
0.826
0.2667
0.2894
0.2784
0.3056
0.2711
0.1842
0.1731
0.1603
0.1578
0.1558
0.1602
0.1933
0.353
0.8343
0.5522
0.5562
0.3305
0.3799
0.39390000000000003
0.3722
0.329
0.3028
0.4123
0.3932
0.6983
0.5279
0.45309999999999995
0.33640000000000003
0.2279
0.6837
0.3062
0.1965
0.1513
0.1274
0.1215
0.1269
0.11069999999999999
0.1244
0.16570000000000001
0.6249
0.7336
0.5128999999999999
2.3691
0.5129
0.38
0.3163
0.2415
0.5988
0.4192
0.3306
0.29190000000000005
0.5778
0.6859
0.2999
0.2865
0.28090000000000004
0.2757
0.2803
0.3168
0.5368999999999999
0.5498000000000001
0.3855
0.3718
0.4039
0.526
0.994
0.3936
0.31779999999999997
0.3568
0.3772
0.796
1.5381
2.1112
0.9526
0.4285
0.3416
0.2989
0.1895
0.1744
0.1674
0.1564
0.14229999999999998
0.1369
0.12340000000000001
0.1111
0.063
0.06709999999999999
0.05550000000000001
0.43470000000000003
0.5006999999999999
0.2913
0.088
0.12040000000000001
0.2375
0.1626
0.3408
0.3282
0.18580000000000002
0.1574
0.1409
0.1406
0.08710000000000001
0.092
0.0867
0.0892
0.0915
0.15050000000000002
0.46330000000000005
0.5396
0.5224
0.5495000000000001
0.38739999999999997
0.2458
0.4203
0.2615
0.2062
0.2023
0.6056
0.27559999999999996
0.30010000000000003
0.3963
0.2156
0.1295
0.0889
0.0833
0.19090000000000001
0.1507
0.12419999999999999
0.1191
0.10550000000000001
0.4114
0.22249999999999998
0.1163
0.1068
0.1086
0.18630000000000002
0.1612
0.1972
0.1525
0.18180000000000002
0.2347
0.1653
0.8795999999999999
0.2705
0.2438
0.7858
0.2227
0.2498
0.2094
0.064
0.030400000000000003
0.027299999999999998
0.0298
0.0221
0.0271
0.026099999999999998
0.0385
0.0422
0.0555
0.0907
0.2933
0.2607
0.5479
0.3161
0.3871
0.6856
0.74
0.45530000000000004
0.45189999999999997
0.4671
0.4133
0.41490000000000005
0.2245
0.012
0.0123
0.0199
0.0165
0.08729999999999999
0.11760000000000001
0.1176
0.1254
0.1666
0.2813
0.1512
0.0996
0.12090000000000001
0.2044
0.087
0.0753
0.7847
0.21900000000000003
0.27359999999999995
0.1114
0.0207
0.0
0.0
0.007299999999999999
0.0818
0.0691
0.0635
0.0616
0.0616
0.0675
0.1081
0.1763
0.1037
0.1114
0.13240000000000002
0.2309
0.15960000000000002
0.1255
0.1192
0.16160000000000002
0.1857
0.1524
0.14679999999999999
0.1401
0.1624
0.184
0.1874
0.1374
0.0007
0.0005
0.0005
0.0
0.0
0.0
0.0
0.0
0.0322
0.24130000000000001
0.0625
0.0
0.0
0.0
0.06
0.18430000000000002
0.07680000000000001
0.038400000000000004
0.0381
0.06670000000000001
0.0224
0.039
0.0208
0.0
0.2721
0.2954
0.2633
0.22899999999999998
0.1882
0.192
0.1959
0.2012
0.2217
0.2707
0.5529000000000001
0.6258
0.2993
0.5681
0.8287
0.7091000000000001
0.5073
2.7110000000000003
1.1586
0.14889999999999998
0.1671
0.1502
0.1482
0.1593
0.0832
0.1145
0.11449999999999999
0.1118
0.1185
0.1696
0.2281
0.4617
0.3075
0.09129999999999999
0.1522
0.5652
0.1714
0.18280000000000002
0.22749999999999998
0.2698
0.3067
0.9561999999999999
0.2063
0.2383
0.1391
0.0292
0.0183
0.051199999999999996
0.10750000000000001
0.10439999999999999
0.1036
0.1019
0.0965
0.111
0.1295
0.14150000000000001
0.1518
0.1688
0.2651
0.7601
0.2827
0.3046
0.9311
0.5222
0.2449
0.224
0.18469999999999998
0.15639999999999998
0.1227
0.1047
0.0952
0.0915
0.1159
0.096
0.0801
0.060200000000000004
0.0587
0.065
0.0788
0.0665
0.891
0.35419999999999996
0.1978
0.3155
0.2419
0.2212
0.3095
0.1631
0.1193
0.13369999999999999
0.8974
0.202
0.4364
0.5094
0.5276
0.24270000000000003
0.0
0.0
0.0003
0.0
0.0026
0.0008
0.0
0.0045
0.0136
0.2026
0.0
0.7447
0.5288
0.0
0.0254
1.0888
0.053
0.0
0.0
0.1681
0.5139
0.2098
0.1406
0.0117
0.0234
0.0074
0.0
0.0
0.0
0.0
0.0
0.0
0.0
0.0
0.0
0.0
0.0
0.0881
0.4108
0.4773
0.23370000000000002
0.4592
0.32099999999999995
0.3158
0.3605
0.57
0.374
0.4717
0.067
0.0625
0.0545
0.051500000000000004
0.0483
0.0475
0.1117
0.2832
0.059
0.0504
0.0675
0.0539
0.0582
0.0625
0.1156
0.101
0.0537
0.0887
0.1061
0.1022
0.10969999999999999
0.0974
0.0796
0.060700000000000004
0.0041
0.0
0.0
0.0
0.0
0.0
0.0124
0.14830000000000002
0.6738000000000001
0.33380000000000004
0.0061
0.2545
0.0731
0.0349
0.015
0.0
0.4377
0.1941
0.0071
0.0
0.0
0.0
0.0
0.0
0.0022
0.0025
0.0
0.0011
0.001
0.0011
0.0184
0.3484
0.1271
0.0451
0.0624
0.029400000000000003
0.0413
0.0409
0.0412
0.028
0.0094
0.052000000000000005
0.1303
0.2365
0.1822
0.0627
0.0073
0.0
0.0368
0.0324
0.0284
0.0279
0.029500000000000002
0.0374
0.0521
0.06639999999999999
0.0928
0.1313
0.125
0.10189999999999999
0.12769999999999998
0.119
0.12179999999999999
0.13790000000000002
0.1728
0.1605
0.1679
0.1608
0.15610000000000002
0.12990000000000002
0.0787
0.0429
0.0
0.0
0.0
0.0
0.0
0.0
0.0
0.0
0.0
0.0
0.0
0.0
0.0
0.0
0.0
0.0
0.0
0.0
0.0
0.0
0.0
0.0054
0.009
0.0047
0.1732
0.1089
0.09820000000000001
0.0935
0.0756
0.0759
0.0761
0.0973
0.16
0.203
0.2163
0.17359999999999998
0.14579999999999999
0.11399999999999999
0.7012
0.5032
1.3194
2.5309
0.48650000000000004
0.3532
0.3651
0.4315
1.0501
0.3704
0.2082
0.1953
0.1439
0.1553
0.1484
0.1547
0.16210000000000002
0.1527
0.14479999999999998
0.1583
0.1591
0.1755
0.18109999999999998
0.175
0.1765
0.1691
0.7374999999999999
1.0461
1.0015
2.3357
0.8505
0.7804
0.8340000000000001
0.4647
0.4312
0.39490000000000003
0.3977
0.393
0.40349999999999997
0.4161
0.9686000000000001
0.9440999999999999
0.4429
0.3277
0.2888
0.2844
0.2892
0.2697
0.2599
0.2854
0.34409999999999996
0.4202
0.4081
0.5486
1.4087
0.744
0.6151
0.5299
0.1278
0.24109999999999998
0.3579
0.2519
0.1641
0.14350000000000002
0.1318
0.1436
0.0926
1.0754000000000001
0.6929000000000001
1.4729
0.0492
0.0
0.0075
0.0026
0.0101
0.036000000000000004
0.0183
0.0
0.0022
0.059399999999999994
0.2175
0.5041
0.1499
0.1256
0.1172
0.10450000000000001
0.1009
0.1041
0.1081
0.1277
0.1486
0.23249999999999998
0.4654
0.357
0.5374
0.6565
0.3806
0.2575
0.1921
0.1594
0.15239999999999998
0.1461
0.1723
0.24830000000000002
0.3638
0.2586
0.09459999999999999
0.0879
0.0875
0.0813
0.0797
0.0863
0.0968
0.1109
0.1593
0.3381
0.3398
0.4364
0.23370000000000002
0.23620000000000002
0.3526
0.482
0.21810000000000002
0.1645
0.14579999999999999
0.3464
0.3066
0.2243
0.14550000000000002
0.10919999999999999
0.1056
0.10819999999999999
0.107
0.1169
0.1372
0.17930000000000001
0.11430000000000001
0.0966
0.0847
0.1065
0.0955
0.0798
0.0794
0.0923
0.0947
0.1058
0.1227
0.3377
0.2741
0.1648
0.1147
0.0949
0.0854
0.0802
0.06420000000000001
0.0645
0.0512
0.0519
0.0462
0.0386
0.0563
0.0969
0.4363
0.209
0.3379
0.0555
0.0509
0.049
0.0224
0.021900000000000003
0.037
0.0305
0.3646
0.6991
0.7728999999999999
0.20329999999999998
0.1007
0.063
0.1779
0.14329999999999998
0.1581
0.1268
0.2616
0.3143
0.1027
0.1159
0.12259999999999999
0.056
0.3564
0.12840000000000001
0.5870000000000001
0.2579
0.3007
0.37870000000000004
0.2687
0.19690000000000002
0.8388
0.4283
0.3386
0.5976
1.0015
0.25229999999999997
0.0041
0.0
0.0
0.0
0.0
0.0
0.0
0.0
0.0
1.3778000000000001
2.0389999999999997
0.6698000000000001
0.0267
0.0178
0.1073
0.37210000000000004
1.679
2.308
0.48310000000000003
0.1358
0.0149
0.0
0.0
0.0
0.0
0.0
0.0
0.0
0.0
0.0
0.29860000000000003
0.0971
0.0
0.0
0.0
0.0
0.0
0.0
0.0
0.0
0.0157
0.0
1.0299
1.7494
0.3526
0.4222
0.9346000000000001
0.144
0.08460000000000001
0.07469999999999999
0.0697
0.0685
0.0708
0.0748
0.0801
0.0869
0.0827
0.1367
0.2122
0.1101
0.1016
0.1255
0.1903
0.2717
0.8454999999999999
1.0326
0.315
0.1857
0.17149999999999999
0.1511
0.12179999999999999
0.0949
0.1552
0.1307
0.1136
0.10880000000000001
0.1046
0.1037
0.101
0.10289999999999999
0.25980000000000003
0.1511
0.2827
0.34149999999999997
0.10669999999999999
0.131
0.3174
0.2904
0.2459
0.6636
0.48819999999999997
0.2907
0.29800000000000004
0.29700000000000004
0.2197
0.1845
0.2946
0.36829999999999996
0.4244
0.5342
0.7390000000000001
0.48550000000000004
0.4302
0.3639
0.2834
0.2515
0.3641
0.4992
0.8976999999999999
1.3178999999999998
0.8767
0.7995
1.2323
2.0984
0.998
0.4179
0.2931
0.2113
0.18
0.15760000000000002
0.1187
0.0753
0.0764
0.0659
0.0709
0.0771
0.0901
0.1159
0.1352
0.4713
0.3458
0.3478
0.1271
0.3856
0.9732
0.2481
0.4197
0.34349999999999997
0.0379
0.0063999999999999994
0.0687
0.0496
0.1142
0.12190000000000001
0.0037
0.003
0.0059
0.0049
0.0056
0.0027
0.0029
0.0164
0.3563
0.2969
0.21710000000000002
0.2647
0.4513
0.10200000000000001
0.1412
0.4082
0.48310000000000003
0.11230000000000001
0.1224
0.216
0.14789999999999998
0.0987
0.0442
0.0136
0.08779999999999999
0.0862
0.0837
0.0817
0.0757
0.0701
0.0675
0.06989999999999999
0.0821
0.1613
0.17959999999999998
0.19340000000000002
0.13090000000000002
0.132
0.1128
0.10930000000000001
0.0978
0.06659999999999999
0.0759
0.0738
0.055499999999999994
0.0516
0.0557
0.0629
0.0801
0.0805
0.0779
0.0805
0.08499999999999999
0.114
0.1477
0.7070000000000001
0.2632
0.0837
0.059800000000000006
0.38029999999999997
0.123
0.106
0.0822
0.0695
0.253
0.31210000000000004
0.13440000000000002
0.1198
0.109
0.0513
0.0481
0.057800000000000004
0.0208
0.0073
0.0084
0.009
0.0058000000000000005
0.0047
0.0121
0.0046
0.09
0.065
0.32489999999999997
0.2781
0.027299999999999998
0.016800000000000002
0.2617
0.8188
0.2179
0.11580000000000001
0.1724
0.218
0.2242
0.46140000000000003
0.2097
0.079
0.0998
0.0493
0.0467
0.0406
0.038599999999999995
0.0186
0.0
0.0
0.0
0.627
1.1333
0.1265
0.0
1.0496
0.0047
0.0
0.4015
0.5666
0.0375
0.0483
0.1503
0.27490000000000003
0.494
0.2419
0.1245
0.132
0.1331
0.12990000000000002
0.1208
0.1053
0.1016
0.0832
0.1142
0.2298
0.1191
0.054000000000000006
0.035699999999999996
0.07880000000000001
0.1738
0.1422
0.1543
0.3192
0.2541
0.1754
0.1706
0.3479
0.1276
0.10120000000000001
0.1092
0.1061
0.1021
0.09759999999999999
0.09390000000000001
0.1042
0.12179999999999999
0.346
0.4249
0.2518
0.6325000000000001
0.27390000000000003
0.2003
0.19490000000000002
0.18919999999999998
0.3969
0.7595000000000001
0.3076
0.37160000000000004
0.2741
0.2336
0.1775
0.1367
0.11649999999999999
0.2757
0.1995
0.9129999999999999
0.4658
0.2956
0.2741
0.2858
0.4505
0.6947000000000001
0.5619000000000001
0.2677
0.38670000000000004
0.4665
0.21200000000000002
0.1892
0.37760000000000005
0.29500000000000004
0.1983
0.2048
0.1383
0.1851
0.1683
0.2098
0.2198
0.1057
0.10200000000000001
0.10139999999999999
0.10719999999999999
0.1206
0.1543
0.13979999999999998
0.1313
0.1389
0.2313
0.14550000000000002
0.10619999999999999
0.1275
0.1536
0.16260000000000002
0.21000000000000002
0.1726
0.1664
0.2319
0.17559999999999998
0.14500000000000002
0.1424
0.125
0.106
0.1336
0.108
0.10350000000000001
0.08180000000000001
0.09709999999999999
0.1901
0.2366
0.0112
0.0357
0.3229
0.0636
0.1154
0.08510000000000001
0.038599999999999995
0.0
0.0
1.3667
0.0237
1.2509000000000001
0.4284
0.07189999999999999
0.17909999999999998
0.17659999999999998
0.1738
0.0566
0.0462
0.0539
0.0552
0.0746
0.07250000000000001
0.1065
0.1278
0.1031
0.0626
0.0299
0.056999999999999995
0.1741
0.9267
0.09659999999999999
0.0785
0.0884
0.6725
0.5678
0.2728
0.1211
0.0576
0.0458
0.048
0.1064
0.0741
0.06939999999999999
0.0726
0.0577
0.054099999999999995
0.0549
0.0711
0.10389999999999999
0.09809999999999999
0.0839
0.042800000000000005
0.0236
0.0211
0.0366
0.7166
1.9811999999999999
1.9634999999999998
1.2982
0.509
1.0008
0.4429
0.22610000000000002
0.1771
0.2237
0.1988
0.3023
0.2844
0.10239999999999999
0.1202
0.0938
0.1003
0.1454
0.3423
0.11839999999999999
0.2088
0.6003
0.0246
0.0042
0.0375
0.7543
0.068
0.6024999999999999
0.0807
0.0632
0.0931
0.1086
0.1304
0.252
0.23399999999999999
0.2128
0.2047
0.18730000000000002
0.17909999999999998
0.1713
0.1889
0.20040000000000002
0.2831
0.29600000000000004
0.20879999999999999
0.1931
0.2193
0.3069
0.3996
0.6213
1.6717
0.76
0.31189999999999996
0.3109
0.3468
0.37270000000000003
0.3161
0.0718
0.056499999999999995
0.0491
0.0533
0.0471
0.05
0.0499
0.5693
0.2405
0.055499999999999994
0.0444
0.0716
0.0805
0.0635
0.0377
0.0252
0.2874
0.1572
0.0787
0.10039999999999999
0.3089
0.2234
0.2429
0.1767
0.0901
0.0567
0.06440000000000001
0.0564
0.0416
0.0591
0.0907
0.052500000000000005
0.4533
0.644
0.42
1.1638
0.182
0.153
0.29009999999999997
1.3963999999999999
1.2933
0.17830000000000001
0.3496
0.3994
0.3501
0.43420000000000003
0.4183
0.18880000000000002
0.14200000000000002
0.0907
0.0864
0.10289999999999999
0.0999
0.1162
0.12029999999999999
0.1723
0.19619999999999999
0.18409999999999999
0.7063
0.896
0.11069999999999999
1.001
0.21939999999999998
0.1724
0.2784
2.4571
0.2322
0.1424
0.24109999999999998
0.253
0.1732
1.0079
0.031599999999999996
0.032600000000000004
0.0249
0.030199999999999998
0.0278
0.0193
0.44620000000000004
1.1023
0.1384
0.0051
0.0039
0.0
0.0016
0.0
0.0
0.0034
0.106
0.2347
1.5519
0.8125
0.4162
1.3366
0.3401
0.0799
0.2638
0.2607
0.2333
0.2267
0.2182
0.22
0.2501
0.4123
0.8748
0.9636
1.0638999999999998
0.4753
0.6295999999999999
0.663
0.9588
0.387
0.3456
0.3462
0.41869999999999996
0.5085999999999999
0.5221
0.6247
0.6253
0.4095
0.0014
0.0018999999999999998
0.0004
0.0003
0.0
0.0
0.0
0.0297
0.11149999999999999
0.1516
0.3774
0.4334
0.507
0.216
0.2336
0.16299999999999998
0.38639999999999997
0.3754
0.1895
0.3527
0.19269999999999998
0.0879
0.022
0.0022
0.0
0.0
0.0
0.0
0.0
0.0
0.0
0.0331
0.1719
0.18819999999999998
0.11480000000000001
0.23399999999999999
0.0721
0.038099999999999995
0.0179
0.0127
0.004200000000000001
0.0378
0.0432
0.0375
0.0128
0.0
0.0
0.0
0.1017
0.0658
0.0631
0.0523
0.0429
0.0455
0.046
0.056
0.12029999999999999
0.1794
0.1846
0.3558
0.23370000000000002
0.1599
0.226
0.1688
0.7808
0.4293
0.7797
1.5935
0.527
0.3624
0.2801
0.19090000000000001
0.09820000000000001
0.0899
0.08990000000000001
0.0804
0.07730000000000001
0.0837
0.1043
0.1477
0.5599
0.4327
0.3346
0.5233
0.6158
0.2279
0.2377
0.4516
0.8293999999999999
0.3692
0.5797
0.5248
0.29510000000000003
0.2346
0.1666
0.12840000000000001
0.1632
0.2413
0.2239
0.22920000000000001
0.2375
0.2693
0.23260000000000003
0.2125
0.2695
0.27240000000000003
0.2194
0.09620000000000001
0.0838
0.097
0.0931
0.0867
0.0883
0.1208
0.2024
0.49129999999999996
0.381
0.3497
0.1437
0.1086
0.0389
0.0227
0.0223
0.019
0.0124
0.0115
0.007600000000000001
0.033299999999999996
0.149
0.0566
0.3739
0.2235
0.0179
0.0241
0.1476
0.2378
0.5095999999999999
0.0638
0.0031
0.0
0.0557
0.1576
0.0834
0.0538
0.0522
0.0519
0.052500000000000005
0.0602
0.07189999999999999
0.0615
0.0707
0.0975
0.17770000000000002
0.30010000000000003
0.43579999999999997
0.4433
0.6765
0.3937
0.9674
2.3935
1.7658999999999998
0.7909999999999999
0.9291
2.4191000000000003
2.7467
0.4468
0.138
0.0732
0.1438
0.1315
0.1259
0.12040000000000001
0.1259
0.127
0.5679000000000001
0.5525
0.1491
0.1711
0.1946
0.2536
0.15139999999999998
0.1424
0.1341
0.1325
0.4179
0.5481
0.9828
0.16620000000000001
0.1916
0.1891
0.1751
0.152
0.7359
0.7102999999999999
0.5101
0.4948
0.4828
0.4965
0.5685
0.6511
0.7137
0.6672
0.6936
0.5354
0.9976
1.238
1.2250999999999999
0.6374
0.6478999999999999
1.1902
0.403
2.0025
0.9938
0.622
0.4652
0.3806
0.2491
0.2272
0.2153
0.2049
0.1911
0.1802
0.2396
0.6036
0.2792
0.2447
0.2869
0.3337
0.29800000000000004
0.28559999999999997
0.4188
0.27259999999999995
0.1963
0.1592
0.1991
0.2646
0.7266
0.464
0.42869999999999997
0.3415
0.0626
0.042
0.0376
0.0402
0.0327
0.0312
0.0482
0.0591
0.3909
0.0884
0.5462
0.19369999999999998
0.2717
0.12469999999999999
0.1781
0.1336
0.15510000000000002
0.3083
0.0966
0.8638
0.5157
0.2081
0.1277
0.0758
0.0628
0.0611
0.0617
0.066
0.07419999999999999
0.1491
0.3016
0.21610000000000001
0.18380000000000002
0.0862
0.2161
0.0533
0.06309999999999999
0.0943
0.1441
0.7503
0.9641000000000001
0.1634
0.0804
0.4864
0.16620000000000001
0.1385
0.0799
0.0644
0.0523
0.0202
0.0169
0.0157
0.026
0.0453
0.0225
0.0091
0.0377
0.4147
0.9719
0.2804
1.2370999999999999
0.3761
0.29369999999999996
0.1646
0.1718
0.0485
0.0281
0.0
0.0157
0.9467
1.641
0.2377
0.17809999999999998
0.1754
0.1713
0.1683
0.1467
0.1749
0.2092
0.3729
0.5304
0.9449
0.5347999999999999
0.6051
0.7704
0.5136000000000001
1.3908
0.3547
0.2415
0.2717
0.4437
0.5791999999999999
0.5686
0.8148
1.6712
0.47919999999999996
0.0
0.0
0.0
0.0
0.0
0.0
0.0
0.4733
0.3218
0.18369999999999997
0.2703
0.0211
0.3504
0.21250000000000002
0.7928999999999999
0.33299999999999996
0.7980999999999999
1.1215
0.1749
0.5273
0.0
0.0
0.0
0.0
0.0002
0.0
0.0
0.0
0.0
0.0
0.0183
0.44889999999999997
0.37670000000000003
0.0355
0.0017
0.0
0.0
0.0
0.0
0.004200000000000001
0.0
0.019
0.9938
0.4007
0.0948
0.1861
0.1449
0.0406
0.0167
0.0134
0.0142
0.0093
0.0072
0.009
0.0025
0.0139
0.1098
0.4243
0.49119999999999997
1.1888999999999998
0.5287
0.36529999999999996
0.532
0.31510000000000005
0.38270000000000004
0.45709999999999995
0.26990000000000003
0.2787
0.2755
0.2622
0.145
0.0399
0.14900000000000002
0.0592
0.0364
0.0266
0.0308
0.021400000000000002
0.036699999999999997
0.0639
0.358
0.2343
0.3287
0.0
0.0217
0.0
0.0
0.0
0.0
0.272
0.0
0.265
0.09179999999999999
0.0417
0.0296
0.0274
0.0844
0.081
0.07650000000000001
0.07730000000000001
0.076
0.08879999999999999
0.1684
0.3277
0.3816
0.353
0.1729
0.1343
0.1188
0.1283
0.1109
0.1382
1.1681
0.449
0.3315
0.767
0.2733
0.192
0.12190000000000001
0.092
0.0684
0.051199999999999996
0.0383
0.0465
0.058
0.0627
0.027299999999999998
0.0085
0.0
0.0
0.0
0.0
0.0866
0.09960000000000001
0.07669999999999999
0.1046
0.1394
0.2022
0.0907
0.1038
0.10980000000000001
0.07350000000000001
0.0733
0.0659
0.15089999999999998
0.1431
0.1398
0.1418
0.1343
0.11929999999999999
0.11030000000000001
0.11099999999999999
0.1389
0.1192
0.3684
0.0706
0.0815
0.1148
0.1343
0.0679
0.4308
0.07200000000000001
0.0548
0.0949
0.1189
0.195
0.2658
0.1598
2.5445
1.7982999999999998
0.7218
0.25670000000000004
0.20179999999999998
0.3731
0.6252
3.0167
1.066
0.9841
1.7989000000000002
0.0128
0.0877
0.0933
0.0746
0.16920000000000002
0.0603
0.0618
0.1265
0.071
0.0
1.2742
1.8367
0.3033
0.0875
0.07869999999999999
0.0716
0.062
0.0692
0.0722
0.08460000000000001
0.1164
0.1232
0.5984
1.0205
0.8716999999999999
0.6988
0.1554
0.12390000000000001
0.1845
0.31020000000000003
1.3249
0.8046
0.2953
0.2368
0.1781
0.1447
0.1131
0.0934
0.0874
0.1217
0.174
0.1696
0.0938
0.06420000000000001
0.054000000000000006
0.0598
0.1633
0.0906
0.0681
0.0869
0.07450000000000001
0.0548
0.0941
0.08399999999999999
0.0358
0.3347
0.1305
0.0631
0.0685
0.0796
0.0836
0.0
0.0
0.0
0.014
0.0047
0.0
0.0
0.0
0.2235
1.9067
0.6902
0.04920000000000001
0.024
0.0
0.7878999999999999
0.0425
0.035
0.10389999999999999
0.367
0.7412
0.24580000000000002
0.20079999999999998
0.0941
0.0188
0.0003
0.0
0.0
0.0
0.0
0.0828
0.0103
0.0
0.0
0.0
0.0
0.0
0.0
0.0
0.0
0.1482
1.4523000000000001
0.8397
1.521
0.42419999999999997
0.2542
0.23620000000000002
0.1558
0.0611
0.0582
0.0477
0.04
0.0393
0.0377
0.038599999999999995
0.044
0.0693
0.0617
0.0632
0.0616
0.079
0.0581
0.046200000000000005
0.0334
0.039
0.0576
0.1713
0.1991
0.1742
0.176
0.1451
0.1133
0.0824
0.0
0.0
0.0
0.0
0.0
0.0
0.1278
0.2375
0.0153
0.0112
0.0063
0.0341
0.07139999999999999
0.038099999999999995
0.0204
0.0203
0.1259
0.6451
0.647
0.43579999999999997
0.3175
0.16849999999999998
0.0564
0.0
0.14350000000000002
0.1124
0.09029999999999999
0.0979
0.0993
0.0975
0.1101
0.1517
0.16570000000000001
0.1719
0.11180000000000001
0.0942
0.8749
0.4117
0.20040000000000002
0.1931
0.9706
1.5412000000000001
1.5571000000000002
1.3744
1.4662000000000002
0.4569
0.3227
0.1864
0.15460000000000002
0.07869999999999999
0.059399999999999994
0.051500000000000004
0.045700000000000005
0.0372
0.0296
0.035699999999999996
0.051699999999999996
0.06470000000000001
0.0476
0.0475
0.0191
0.0728
0.1986
0.1147
0.29800000000000004
1.2979
1.8083
1.309
0.4841
0.5496
0.6749
0.3943
0.0194
0.0055
0.0131
0.020900000000000002
0.0009
0.016
0.0292
0.0647
0.0761
0.0319
0.10490000000000001
0.121
0.0645
2.1327
1.5804
0.5555
0.3095
0.1732
0.6878
0.36729999999999996
0.11270000000000001
0.0429
0.0
0.024800000000000003
0.0305
0.0266
0.0236
0.0231
0.0196
0.0149
0.0124
0.0155
0.02
0.0227
0.0123
0.0266
0.0368
0.0199
0.012499999999999999
0.011
0.0166
0.044700000000000004
0.09140000000000001
0.07239999999999999
0.0472
0.024800000000000003
0.0218
0.0218
0.0115
0.0
0.0
0.0139
0.0
0.0
0.0024
0.3282
1.8817000000000002
0.6924
2.2499000000000002
3.6209
1.7999
0.2934
0.1644
0.7817000000000001
1.837
3.0565999999999995
3.1673999999999998
3.9859999999999998
5.4297
2.0159000000000002
0.0
0.0
0.002
0.0034999999999999996
0.0
0.0
0.0
0.0
0.0
0.0
0.0
0.0
0.0
0.0
0.0092
0.18930000000000002
0.0826
0.2443
0.5251
0.0107
1.2676
0.5386
0.2155
0.17220000000000002
0.10869999999999999
0.08310000000000001
0.0383
0.034699999999999995
0.037599999999999995
0.0385
0.031799999999999995
0.0345
0.7203999999999999
1.1355
0.6234
0.4718
0.1246
0.09
0.093
0.1148
0.1372
0.1593
0.17109999999999997
0.20879999999999999
0.5729
0.6323
0.4809
0.5577000000000001
0.2098
0.0762
0.0
0.0
0.0
0.0
0.0
0.0
0.0068
0.012199999999999999
0.0048
0.0019
0.0054
0.0
0.1158
0.2256
0.2495
0.6578999999999999
1.3334000000000001
0.2319
0.0528
0.19979999999999998
0.4201
0.097
0.0097
0.0
0.0156
0.0126
0.0058
0.0044
0.003
0.0018
0.0055
0.0228
0.013
0.0938
0.5369
0.6781
0.1037
0.33640000000000003
0.0
0.0
0.015300000000000001
0.17700000000000002
0.5771999999999999
0.8553
0.16999999999999998
0.0807
0.059699999999999996
0.0324
0.1461
0.13369999999999999
0.13019999999999998
0.125
0.1259
0.1381
0.158
0.16599999999999998
0.1732
0.5665
0.3077
0.2243
0.2997
0.2387
0.2344
1.1165
0.1971
0.2147
0.1898
0.2281
0.2396
0.2707
0.2964
0.202
0.1356
0.13090000000000002
0.13140000000000002
0.3218
0.4111
0.1261
0.010100000000000001
0.0
0.004
0.0208
0.0446
0.0408
0.052199999999999996
0.06810000000000001
0.0181
0.0249
0.0057
1.0251
1.9541
2.072
1.085
0.8662
1.0591
1.2442
0.25579999999999997
0.2565
0.28300000000000003
0.2931
0.2653
0.25939999999999996
0.2828
0.32289999999999996
0.38939999999999997
1.2862
0.5656
0.601
0.7101
1.5962
0.45130000000000003
0.36050000000000004
0.274
0.3325
0.49639999999999995
0.4173
0.3196
0.27190000000000003
0.2465
0.2267
0.1242
0.1077
0.0993
0.0941
0.092
0.0919
0.0942
0.12259999999999999
0.1671
0.3843
0.3413
0.33140000000000003
0.1805
0.15589999999999998
0.1518
0.1716
0.1403
0.1568
0.2151
0.2158
0.2192
0.2989
0.45840000000000003
0.2603
0.4252
0.3702
0.35929999999999995
0.3597
0.335
0.3536
0.3827
0.4436
0.5494
0.7464
0.8638
0.5196000000000001
1.1255
0.9265000000000001
2.4795
1.2678
1.0722
0.5863
0.5255000000000001
0.5959000000000001
0.5922000000000001
0.6426000000000001
0.8488
0.5851999999999999
0.0528
0.0494
0.0492
0.048799999999999996
0.051500000000000004
0.0705
0.1165
0.2434
0.22399999999999998
0.2021
0.2937
0.2149
0.11629999999999999
0.1476
0.23149999999999998
0.32489999999999997
0.24269999999999997
0.1923
0.1162
0.0953
0.0817
0.0591
0.0497
0.0495
0.25939999999999996
0.2394
0.24580000000000002
0.2501
0.2459
0.2555
0.29059999999999997
0.7875
0.5796
0.2499
0.1572
0.1454
0.1328
0.1645
0.17049999999999998
0.245
0.2541
0.2267
0.7511
0.9983
0.4161
0.43579999999999997
0.8113
0.3637
0.18430000000000002
0.156
0.1473
0.1434
0.1391
0.1487
0.1575
0.1884
0.2359
0.22949999999999998
0.2194
0.2701
0.381
0.3135
0.3755
0.4729
0.4203
0.7088
0.4104
0.4592
0.5771
0.4492
0.3598
0.2557
0.0907
0.1437
0.0928
0.0842
0.0769
0.09839999999999999
0.6494
0.5707
0.0529
0.0101
0.0062
0.0
0.0
0.0
0.0
0.0
0.0
0.2801
0.13999999999999999
0.1593
0.1812
0.1345
0.0854
0.0542
0.062299999999999994
0.0781
0.0607
0.0523
0.0269
0.022
0.029900000000000003
0.056
0.0712
0.0602
0.34219999999999995
0.10600000000000001
0.2157
0.7813000000000001
0.3408
0.0732
0.0683
0.0325
0.6671
1.2450999999999999
0.8129
1.4574
0.5956
0.0896
0.029400000000000003
0.020900000000000002
0.0116
0.011099999999999999
0.0055
0.0027
0.004
0.02
0.11270000000000001
0.0274
0.2602
0.0875
0.2313
0.0274
0.0203
0.0262
0.0476
0.1333
0.0879
0.4413
0.10880000000000001
0.0665
0.0371
0.022699999999999998
0.2897
0.2445
0.2316
0.21739999999999998
0.187
0.1631
0.17359999999999998
0.1694
0.1272
0.12209999999999999
0.0885
0.1061
0.0726
1.5807
0.2326
0.25939999999999996
0.3093
0.5523
0.7924
0.34009999999999996
0.33609999999999995
0.3369
0.3765
0.33540000000000003
0.1706
0.1405
0.1345
0.1341
0.13069999999999998
0.15999999999999998
0.251
0.2827
0.3179
0.1891
0.2026
0.2344
0.2905
0.36629999999999996
0.3874
0.2198
0.4092
0.1195
0.0557
0.0883
0.2393
0.40290000000000004
0.345
0.2205
0.4498
0.4361
0.4829
0.2984
0.2714
0.2538
0.2522
0.2737
0.4021
0.2661
0.23349999999999999
0.24769999999999998
0.2445
0.17859999999999998
1.2638
0.5112
0.5913999999999999
1.0644
0.4838
0.5334
0.4689
0.43489999999999995
0.4195
0.4081
0.0195
0.012299999999999998
0.0073
0.0094
0.0072
0.0032
0.0031
0.1202
0.0722
0.010599999999999998
0.0006
0.0009
0.0165
0.0161
0.0252
0.068
0.12160000000000001
0.1084
0.071
0.1099
0.1379
0.1158
0.0963
0.0492
0.1819
0.15410000000000001
0.1459
0.1426
0.1427
0.1763
0.3714
0.19790000000000002
0.1401
0.144
0.1298
0.1531
0.2163
0.1797
0.1981
0.26330000000000003
0.2067
0.19340000000000002
0.8412000000000001
0.4188
0.3005
0.29410000000000003
0.3431
0.2927
0.052000000000000005
0.0727
0.0636
0.041
0.0327
0.018099999999999998
0.0189
0.0193
0.009899999999999999
0.3189
0.33959999999999996
0.0
0.472
0.7951
0.2276
0.0434
0.0047
0.0012
0.0
0.6102
0.3916
0.20929999999999999
0.1424
0.08410000000000001
0.2607
0.2072
0.2257
0.20850000000000002
0.1955
0.19669999999999999
0.2137
0.20400000000000001
0.2724
0.48019999999999996
1.0164
2.3649
0.6591
1.1246
1.7219
2.9492000000000003
2.0002999999999997
2.4104
1.9015
0.9790000000000001
0.6621
0.5809
0.463
0.3694
0.104
0.0754
0.079
0.07719999999999999
0.0827
0.07339999999999999
0.0789
0.1562
1.0619
1.5358
0.9238999999999999
0.2399
0.1607
0.2182
0.2504
0.36260000000000003
0.6988
1.6665
1.3572
0.5596
0.6643
0.5246
0.256
0.1493
0.0887
0.0822
0.07780000000000001
0.07819999999999999
0.0751
0.07050000000000001
0.0497
0.0378
0.0268
0.030699999999999998
0.02
0.019200000000000002
0.0194
0.025500000000000002
0.0352
0.0591
0.0701
0.07880000000000001
0.2387
0.20879999999999999
0.1735
0.1177
0.089
0.0865
0.0
0.0
0.0
0.030399999999999996
0.0
0.0059
0.0
0.0
0.0
0.1852
2.6313
3.7467
0.8603000000000001
3.091
5.0879
3.6432
1.7758
0.9874
0.5749
0.37070000000000003
0.1451
0.050800000000000005
0.0514
0.0205
0.22999999999999998
0.2225
0.2272
0.2294
0.23670000000000002
0.2586
0.38980000000000004
0.42910000000000004
0.42969999999999997
0.3973
0.2278
0.159
0.1582
0.2025
0.2973
0.49470000000000003
0.40590000000000004
0.5474
0.7094
0.5257999999999999
0.4284
0.6779
0.392
0.24220000000000003
0.08960000000000001
0.0866
0.0922
0.12110000000000001
0.1188
0.168
0.1697
0.06
0.06770000000000001
0.0584
0.0605
0.07919999999999999
0.24230000000000002
0.1019
0.07200000000000001
1.1411
0.2937
0.238
0.0313
0.5705
0.2152
0.0995
0.0988
0.1053
0.0
0.0
0.0
0.0
0.0
0.0
0.0
0.017
0.1146
0.4313
0.6482
0.061
0.0
0.4764
1.6566
0.0072
0.0489
0.1071
0.42110000000000003
0.07039999999999999
0.0047
0.0
0.0
0.0
0.0727
0.0668
0.0577
0.055400000000000005
0.0513
0.0511
0.0617
0.14939999999999998
0.1221
0.2709
0.1117
0.1237
0.1131
0.086
0.07350000000000001
0.062200000000000005
0.0387
0.0503
0.3317
0.0952
0.15660000000000002
0.183
0.1808
0.12140000000000001
0.2526
0.2092
0.2629
0.2505
0.3395
0.7770999999999999
1.5013
0.8031999999999999
0.1956
0.1296
0.13540000000000002
0.3638
0.2899
0.21639999999999998
0.1845
0.1812
0.3217
0.8696999999999999
1.1092
0.405
0.414
0.1555
0.1388
0.1481
0.1671
0.14350000000000002
0.1368
0.1372
0.1327
0.1367
0.1328
0.15789999999999998
0.1632
0.22599999999999998
0.1506
0.1291
0.3488
0.37710000000000005
0.12029999999999999
0.10650000000000001
0.1215
0.5209
0.3374
0.2312
0.2377
0.3108
0.7407
0.2439
0.0
0.0
0.0
0.0056
0.0097
0.0056
0.0
0.0
0.4686
0.8472999999999999
0.9541
0.421
0.8602000000000001
0.6214999999999999
0.865
2.2718999999999996
0.6919
0.12689999999999999
0.0729
0.365
0.1375
0.0
0.0
0.0
0.8118000000000001
0.3052
0.0519
0.0456
0.0499
0.0457
0.07819999999999999
1.1861
0.747
0.37370000000000003
0.4938
0.2338
0.3312
0.4875
0.9993000000000001
0.4901
0.3147
1.1232
0.23199999999999998
0.223
0.1686
0.1729
0.13979999999999998
0.11399999999999999
0.051199999999999996
0.0408
0.0379
0.0323
0.031
0.032100000000000004
0.0343
0.0509
0.0728
0.133
0.1745
0.5071
0.2901
0.2696
0.2774
0.2076
0.476
0.402
0.1784
0.1794
0.19090000000000001
0.1915
0.1507
0.09040000000000001
0.5206
0.49219999999999997
0.47009999999999996
0.4603
0.44510000000000005
0.4466
0.5166
0.6559999999999999
0.5625
0.6517
0.5453
0.43179999999999996
0.39149999999999996
0.4012
1.3340999999999998
0.927
0.7928
1.4163000000000001
0.6382
0.4778
0.46499999999999997
0.46709999999999996
0.5579000000000001
0.5635
0.1034
0.0892
0.0763
0.0711
0.06620000000000001
0.057
0.0462
0.039
0.0697
0.5919
0.14600000000000002
0.1534
0.0801
0.0771
0.07519999999999999
0.060399999999999995
0.0677
0.1032
0.2484
0.3281
0.2911
0.2615
0.20789999999999997
0.1573
0.1143
0.1286
0.1361
0.1381
0.11729999999999999
0.1157
0.1311
0.2519
0.1459
0.7412
0.26980000000000004
0.9563999999999999
0.29550000000000004
0.028200000000000003
0.0372
0.0378
0.0392
0.0466
0.11299999999999999
0.1222
0.1309
0.1306
0.12530000000000002
0.11629999999999999
0.0539
0.0479
0.0535
0.0498
0.053099999999999994
0.0575
0.07139999999999999
0.07930000000000001
0.1033
0.41900000000000004
0.2578
0.43889999999999996
0.1996
0.2298
0.1177
0.08660000000000001
0.37210000000000004
0.11130000000000001
0.1094
0.1084
0.0696
0.044700000000000004
0.0395
0.0381
0.0819
0.0751
0.0713
0.0688
0.0703
0.0938
0.2631
0.18680000000000002
0.1245
0.1722
0.14279999999999998
0.1301
0.1462
0.12930000000000003
0.1179
0.1331
0.19669999999999999
0.17420000000000002
0.19669999999999999
0.1785
0.15360000000000001
0.14679999999999999
0.12490000000000001
0.096
0.10200000000000001
0.1629
0.1312
0.1219
0.1191
0.133
0.1637
0.2184
0.2673
0.28
0.9126000000000001
0.20929999999999999
0.8140999999999999
0.6114999999999999
0.1658
0.1476
0.1703
0.2326
1.1075
0.1933
0.1412
0.1057
0.0907
0.08929999999999999
0.0916
0.08149999999999999
0.0776
0.0769
0.07519999999999999
0.0946
0.24559999999999998
0.1194
0.062
0.0575
0.053599999999999995
0.050699999999999995
0.0605
0.0663
0.0774
0.0938
0.1017
0.1301
0.1049
0.13319999999999999
0.2303
0.2123
0.1668
0.1206
0.1174
0.1111
0.1061
0.1041
0.10439999999999999
0.1051
0.1139
0.14329999999999998
0.2405
0.29510000000000003
0.16820000000000002
0.17149999999999999
0.21710000000000002
0.1577
0.1489
0.1471
0.24080000000000001
0.2672
0.31379999999999997
0.25260000000000005
0.1911
0.16299999999999998
0.13729999999999998
0.1205
0.1264
0.061
0.0739
0.0546
0.0548
0.035
0.045
0.0401
0.027200000000000002
0.3834
0.0016
0.0442
0.1527
0.8164
0.8488
0.4055
0.159
0.35309999999999997
0.055
0.0407
0.046
0.0327
0.23550000000000001
0.2648
0.0955
0.0988
0.09770000000000001
0.0973
0.0975
0.1199
0.1681
0.2102
0.4965
0.3516
0.6096999999999999
0.14100000000000001
0.1383
0.2075
0.2911
0.23220000000000002
0.6187
0.5198
0.28459999999999996
0.3271
0.2867
0.15239999999999998
0.0857
0.0839
0.1297
0.1305
0.1212
0.1241
0.1149
0.1314
0.057499999999999996
0.71
1.8462
1.5176
0.933
0.0431
0.0366
0.0363
0.015000000000000001
0.0883
0.2818
0.2989
0.483
0.20879999999999999
0.16970000000000002
0.17520000000000002
0.1349
0.1255
0.2801
0.2803
0.2886
0.2847
0.2853
0.31610000000000005
0.3716
0.4325
0.5316000000000001
0.7977
0.7451
0.48129999999999995
0.4936
0.5749
0.6585
0.8952
3.0605
1.1593
0.9389000000000001
0.9036
0.7946
0.5414
0.3522
0.2901
0.1746
0.16620000000000001
0.16610000000000003
0.1637
0.1483
0.1558
0.1627
0.17120000000000002
0.159
0.2552
0.1343
0.2182
0.3923
0.7361
0.2358
0.33099999999999996
0.4688
0.21810000000000002
0.3694
0.44630000000000003
0.2771
0.2072
0.1733
0.1688
0.07350000000000001
0.0566
0.058300000000000005
0.0485
0.047299999999999995
0.045399999999999996
0.0471
0.051000000000000004
0.0537
0.1066
0.1671
0.42869999999999997
0.40290000000000004
0.4259
0.16570000000000001
0.9377
0.6053000000000001
0.192
0.31710000000000005
0.2219
0.194
0.1899
0.1641
0.124
0.1254
0.10339999999999999
0.0968
0.0892
0.0824
0.08330000000000001
0.0688
0.08099999999999999
0.0629
0.063
0.06269999999999999
0.0803
0.8493999999999999
0.4925
0.272
0.2706
0.1629
0.1144
0.134
0.2065
0.2509
0.176
0.1653
0.1483
0.09609999999999999
0.0701
0.06459999999999999
0.0587
0.0526
0.0596
0.062299999999999994
0.0543
0.11080000000000001
0.1736
0.2072
0.2342
0.10070000000000001
0.10500000000000001
0.5382
0.7005
0.22390000000000002
0.1792
0.27759999999999996
0.3163
0.3183
0.5198
0.2778
0.16670000000000001
0.267
0.22549999999999998
0.2041
0.18409999999999999
0.1679
0.15960000000000002
0.14500000000000002
0.138
0.1465
0.1645
0.2053
0.24530000000000002
0.2139
0.30679999999999996
0.29769999999999996
0.5896
0.48519999999999996
0.2944
0.2382
0.2329
0.6773
0.5629
0.38439999999999996
0.4457
0.1606
0.153
0.1421
0.1366
0.128
0.1452
0.4918
0.8163
0.3671
0.5221
0.6489
0.2172
0.19119999999999998
0.178
0.1628
0.1633
0.19669999999999999
0.297
0.3182
0.3567
0.3254
0.297
0.24009999999999998
0.1802
0.1377
0.13169999999999998
0.11829999999999999
0.1203
0.12159999999999999
0.1279
0.1378
0.1822
0.2396
0.4744
0.5931
0.9568
0.23220000000000002
0.4682
0.3506
0.2556
0.39580000000000004
1.24
0.9594
0.3554
0.2615
0.22010000000000002
0.1778
0.1553
0.47619999999999996
0.3831
0.3588
0.23309999999999997
0.2103
0.1868
0.1754
0.2972
0.5028
0.12990000000000002
0.1764
0.1086
0.1057
0.09759999999999999
0.2298
0.393
0.1736
0.1189
0.1339
0.6596000000000001
0.31699999999999995
1.5442
0.5113000000000001
0.29769999999999996
0.0319
0.014100000000000001
0.0119
0.014100000000000001
0.0049
0.012400000000000001
0.0127
0.0079
0.0369
0.0641
0.15410000000000001
0.1655
0.0505
0.0675
0.46390000000000003
0.5354
0.22110000000000002
0.5051
1.177
0.2496
0.2964
0.5413
0.18330000000000002
0.0818
0.4063
0.4098
0.3486
0.33499999999999996
0.7236
0.925
0.2153
0.2494
0.2539
0.6363
0.5436
0.3805
0.5695
0.7378
0.6388
0.7792
1.0897999999999999
1.5747
0.6785
0.4203
0.3825
0.4365
0.5294
0.49639999999999995
0.1026
0.09290000000000001
0.0825
0.078
0.0728
0.0713
0.074
0.0887
0.0954
0.07680000000000001
0.0823
0.0733
0.0653
0.0681
0.067
0.06269999999999999
0.0651
0.1542
0.1184
0.15
0.1629
0.1256
0.09190000000000001
0.0822
0.24059999999999998
0.2444
0.24689999999999998
0.3591
0.4495
0.1666
0.1279
0.1159
0.1109
0.4716
0.43589999999999995
0.0
0.0
0.0079
0.0
0.0322
0.32589999999999997
0.1749
0.6737
0.954
0.1399
0.35619999999999996
0.5506
0.3386
0.10189999999999999
0.0927
0.089
0.0874
0.08779999999999999
0.0935
0.1523
0.2809
0.2538
0.2244
0.30010000000000003
0.47720000000000007
0.321
0.25379999999999997
0.24880000000000002
0.5357
0.5427
0.3096
0.2952
0.38539999999999996
0.4326
0.3491
0.2256
0.1412
0.0235
0.0224
0.0271
0.0116
0.0933
0.13440000000000002
0.1625
0.1531
0.1731
0.1049
0.13
0.0804
0.3426
0.48219999999999996
0.20179999999999998
0.4525
0.9891
0.8421000000000001
0.194
0.0902
0.0513
0.0052
0.0023
0.0191
0.19340000000000002
0.19140000000000001
0.16920000000000002
0.1451
0.13629999999999998
0.1365
0.1295
0.1619
0.1636
0.1336
0.671
1.6823
2.0872
0.7066
0.3741
0.2434
0.2473
0.5156000000000001
0.7535
0.5482
1.0785
0.3499
0.2772
0.1997
0.0803
0.0938
0.0622
0.0532
0.0346
0.024399999999999998
0.0077
0.0234
0.6528
0.013
0.0
0.0
0.0
0.0019
0.2657
0.13490000000000002
0.0365
0.1627
0.3147
0.46349999999999997
0.5491
0.4658
0.1042
0.095
0.0376
0.0347
0.0319
0.0322
0.0325
0.0419
0.1437
0.1336
0.0496
0.0402
0.034199999999999994
0.031700000000000006
0.0339
0.0345
0.0335
0.0337
0.0397
0.10550000000000001
0.13
0.1471
0.081
0.0446
0.029
0.0232
0.0356
0.0214
0.0135
0.0182
0.015799999999999998
0.014499999999999999
0.0109
0.0046
0.0056
0.0131
0.0109
0.0031
0.030100000000000002
0.0288
0.0416
0.099
0.1043
0.1341
0.1702
0.2591
0.4583
0.1376
0.0997
0.07289999999999999
0.0075
0.0067
0.0065
0.0085
0.0072
0.0114
0.029599999999999998
0.020900000000000002
0.38989999999999997
0.33309999999999995
0.20579999999999998
0.0852
0.0699
0.0785
0.40090000000000003
0.3327
1.2673
0.312
0.1678
0.6961999999999999
0.6751
0.3621
0.044
0.0111
0.0
0.0
0.0
0.0
0.0
0.0
0.0
0.0
0.6369
1.0453000000000001
0.9438
0.0431
0.0
0.0
0.0
0.0429
2.2916
1.5231
0.0962
0.5518000000000001
0.1388
0.0
0.0
0.0
1.049
0.6317999999999999
0.2786
0.1976
0.217
0.2135
0.2339
0.2781
0.2395
0.2062
0.4023
0.3502
0.31
1.3123999999999998
1.1329
1.1898
4.2229
2.761
3.4291
0.6133
0.6537
0.7025
0.5432
1.5779
0.1275
0.4513
0.18230000000000002
0.2848
0.2528
0.0751
0.08729999999999999
0.0767
0.09509999999999999
0.2001
0.2682
0.0527
0.017
0.4733
0.0149
0.0
0.0118
0.025800000000000003
0.2123
0.3624
0.2935
0.2395
0.08149999999999999
0.0527
0.1664
0.132
0.1195
0.1142
0.1126
0.12029999999999999
0.14750000000000002
0.1734
0.1195
0.1387
0.1588
0.2494
0.17320000000000002
0.1116
0.0886
0.1032
0.12259999999999999
0.4022
0.2861
0.2022
0.1955
0.1859
0.19090000000000001
0.175
0.0
0.0007
0.0056
0.0008
0.0016
0.0015999999999999999
0.0089
0.1705
0.45640000000000003
0.48450000000000004
0.21139999999999998
0.4686
0.20929999999999999
0.0888
0.050100000000000006
0.03
0.0534
0.1557
0.1389
0.2779
0.3985
0.1709
0.0212
0.0
0.0
0.0
0.0009
0.0017
0.0099
0.0
0.8676
0.2213
0.0
0.0
0.0
0.0
0.0
0.0
0.0
0.0
1.4493
1.2893
2.2941000000000003
0.7393000000000001
1.1343
0.2242
0.1177
0.06259999999999999
0.0
0.0
0.0
0.0
0.0102
0.15789999999999998
0.2144
0.1615
0.28600000000000003
0.38849999999999996
0.1056
0.0542
0.0848
0.1379
0.1602
0.4468
0.8921
0.7857000000000001
0.4074
0.2852
0.0
0.0
0.0
0.0
0.064
0.066
0.0648
0.0628
0.0672
0.0733
0.1042
0.15189999999999998
0.391
0.9488000000000001
0.2346
1.3172000000000001
0.3921
0.258
0.2393
0.2054
0.1415
0.1869
0.3267
0.088
0.11430000000000001
0.09770000000000001
0.0797
0.0659
0.0
0.0
0.0
0.0
0.0
0.0
0.0398
0.2773
0.3434
0.04
0.1004
1.2764
0.7046
0.0628
1.1057000000000001
0.6033999999999999
1.0917999999999999
0.3647
0.275
0.3014
0.0
0.0
0.0
0.0
0.2382
0.2183
0.2142
0.2207
0.2101
0.1905
0.18180000000000002
0.1749
0.1717
0.18259999999999998
0.1752
0.177
0.218
0.21739999999999998
0.2001
0.7428
0.348
0.3958
1.1217000000000001
0.42910000000000004
0.2271
0.2673
0.3437
0.3012
0.2812
0.2369
0.21689999999999998
0.20340000000000003
0.1879
0.1896
0.19419999999999998
0.1742
0.8744
0.49770000000000003
1.1213
0.8096
0.1139
0.1814
0.3312
0.5161
0.5514
0.2155
0.1406
0.1252
0.1104
0.12279999999999999
0.1431
0.13069999999999998
0.0845
0.0769
0.07100000000000001
0.07089999999999999
0.0696
0.0786
0.10439999999999999
0.1454
0.1449
0.12669999999999998
0.12
0.14529999999999998
0.17270000000000002
0.14629999999999999
0.14129999999999998
0.132
0.1068
0.1306
0.1568
0.20450000000000002
0.2912
0.2304
0.1634
0.1106
0.0493
0.0411
0.0388
0.0373
0.0422
0.0395
0.0502
0.07750000000000001
0.1301
0.1849
0.25529999999999997
1.0304
0.8935
0.5137
0.20679999999999998
0.1987
0.1819
1.2707
0.235
0.1724
0.17220000000000002
0.1428
0.1013
0.0668
0.0
0.0
0.0
0.0
0.0
0.0
0.1394
0.0754
0.0
0.038400000000000004
0.0324
0.0007
0.0067
0.0
0.0152
0.1033
0.9154
0.1851
0.1921
0.1185
0.1043
0.1758
0.1127
0.0157
0.1406
0.1139
0.1024
0.1018
0.09620000000000001
0.1002
0.1568
0.2854
0.1037
0.0758
0.0589
0.07150000000000001
0.0844
0.081
0.0871
0.1038
0.379
0.7476
0.1689
0.1686
0.2301
0.20929999999999999
0.2272
0.2251
0.4075
0.2415
0.20679999999999998
0.16920000000000002
0.1594
0.1437
0.14229999999999998
0.1647
0.19
0.2125
0.269
0.27
0.2744
0.3107
1.1448
1.9939
1.7695
0.577
1.9907
1.9220000000000002
1.3956
0.8400000000000001
0.8259000000000001
0.7698
0.1663
0.14850000000000002
0.14100000000000001
0.13319999999999999
0.1315
0.1297
0.1209
0.1414
0.218
0.2089
0.257
0.1262
0.10350000000000001
0.1143
0.1437
0.5587
0.2854
0.2286
0.4341
0.23420000000000002
0.23349999999999999
0.39280000000000004
0.2518
0.1982
0.08679999999999999
0.0741
0.06689999999999999
0.0649
0.0624
0.0637
0.064
0.06620000000000001
0.0627
0.0876
0.0958
0.0879
0.1096
0.125
0.12769999999999998
0.1041
0.0774
0.1512
0.1028
0.0575
0.0843
0.1208
0.1299
0.104
0.0
0.0
0.0
0.0
0.0
0.0
0.0062
0.5677
0.2452
0.0
0.0
0.0069
0.1915
0.0
0.0
0.4668
0.4073
1.2196
0.1246
0.21200000000000002
0.2301
0.0
0.0
0.0
0.35660000000000003
0.32730000000000004
0.4285
0.45640000000000003
0.352
0.3348
0.3415
0.519
0.8765000000000001
0.2124
0.0606
0.0575
0.0453
0.0528
0.0716
0.2079
0.2583
0.1224
0.2484
0.3689
0.2677
0.2481
0.5443
0.4838
0.0807
0.07200000000000001
0.07239999999999999
0.07400000000000001
0.0754
0.0766
0.4099
0.5973
0.13520000000000001
0.0882
0.0751
0.0741
0.10400000000000001
0.1079
0.1167
0.1225
0.2399
0.7190000000000001
0.0729
0.1032
0.1283
0.1383
0.1117
0.0883
0.13340000000000002
0.1399
0.1275
0.1286
0.1293
0.2323
0.2811
0.1488
0.0906
0.48200000000000004
0.1285
0.1633
0.2694
0.1493
0.1015
0.6596
0.6789000000000001
0.1037
0.092
0.16499999999999998
0.23399999999999999
0.2415
0.2552
0.2046
0.1013
0.0912
0.08510000000000001
0.0826
0.0861
0.1188
0.1753
0.11860000000000001
0.08579999999999999
0.1026
0.3234
0.1853
0.13929999999999998
0.1298
0.1349
0.1652
0.3902
0.201
0.1276
0.1236
0.2074
0.2519
0.1807
0.1308
0.0479
0.0626
0.054900000000000004
0.0542
0.0536
0.0926
0.09720000000000001
0.6798
1.4203000000000001
0.6952
0.2502
0.1384
0.1354
0.2087
0.2222
0.29610000000000003
0.5796
0.3639
0.5417000000000001
1.4544
1.1472
0.3028
0.0879
0.0626
0.1185
0.12010000000000001
0.1127
0.11299999999999999
0.1028
0.1168
0.12260000000000001
0.7715
0.4032
0.3132
0.22060000000000002
0.16449999999999998
0.17809999999999998
0.1915
0.2563
0.18780000000000002
0.1099
0.1026
0.1565
0.504
0.2234
0.1593
0.12490000000000001
0.1095
0.34099999999999997
0.3479
0.3645
0.3522
0.35150000000000003
0.3779
0.4208
0.4679
0.9256
2.1702
0.744
0.5248999999999999
0.6223
1.1566999999999998
2.2363
0.45630000000000004
0.41590000000000005
0.532
1.0598
0.796
0.7609
0.6274
0.46699999999999997
0.3963
0.267
0.2579
0.2602
0.244
0.2375
0.2322
0.2387
0.25839999999999996
0.31079999999999997
0.9354
0.444
0.3688
0.39239999999999997
0.33299999999999996
0.2683
0.2098
0.2265
0.2667
1.0405
1.0428
0.6414
0.40759999999999996
0.3096
0.2672
0.09809999999999999
0.079
0.0906
0.08549999999999999
0.0763
0.0796
0.08410000000000001
0.0827
0.093
0.12240000000000001
0.1593
0.36560000000000004
0.6194
0.3236
0.2704
0.6067
0.9202
1.4169
1.1902
1.5904
1.0542
0.11479999999999999
0.1422
0.1221
0.035500000000000004
0.039400000000000004
0.0487
0.0489
0.049
0.0758
0.1187
0.1374
0.5465
0.09770000000000001
0.029400000000000003
0.5904
0.1152
0.11199999999999999
0.0767
0.1806
0.15789999999999998
0.1111
0.0351
0.0
0.0
0.0
0.0
0.0
0.0436
0.0429
0.0376
0.0395
0.0421
0.057300000000000004
0.08360000000000001
0.0785
0.058300000000000005
0.0381
0.035100000000000006
0.0792
0.1134
0.068
0.4256
0.1199
0.076
0.4351
0.1315
0.2136
0.3073
0.020300000000000002
0.0133
0.020900000000000002
0.08990000000000001
0.0854
0.0838
0.0803
0.0879
0.0865
0.1416
0.27359999999999995
0.3052
0.44920000000000004
0.49870000000000003
0.2532
0.188
0.1388
0.11549999999999999
0.1015
0.1216
0.7673
0.7719
1.4256
0.1558
0.12990000000000002
0.10880000000000001
0.1027
0.1341
0.1139
0.1053
0.1053
0.1114
0.1399
0.1645
0.1664
0.1708
0.186
0.3647
0.4004
0.3153
0.23399999999999999
0.17820000000000003
0.1474
0.2576
0.785
0.0763
0.0368
0.11549999999999999
0.1865
0.1875
0.14939999999999998
0.14329999999999998
0.1334
0.1323
0.12869999999999998
0.1282
0.14379999999999998
0.1629
0.19340000000000002
0.2418
0.2872
0.2814
0.4837
0.3438
0.8395
0.2825
0.2652
0.2883
0.1884
0.18380000000000002
0.2278
0.3644
0.3022
0.19
0.156
0.0938
0.0893
0.0844
0.08410000000000001
0.08449999999999999
0.0921
0.1071
0.17149999999999999
0.1744
0.1532
0.14040000000000002
0.1708
0.1255
0.12010000000000001
0.1116
0.1235
0.1753
0.2102
0.2089
0.16970000000000002
0.14429999999999998
0.11499999999999999
0.0938
0.08560000000000001
0.0336
0.028700000000000003
0.0286
0.028200000000000003
0.0308
0.0854
0.1226
0.046200000000000005
0.0276
0.0455
0.0352
0.0681
0.0506
0.0323
0.0009
0.0046
0.3165
0.6833
0.136
0.028999999999999998
0.161
0.15489999999999998
0.0927
0.044899999999999995
0.09670000000000001
0.0987
0.08710000000000001
0.08199999999999999
0.0843
0.07869999999999999
0.0899
0.0885
0.07350000000000001
0.302
0.1968
0.5572
0.2554
0.24280000000000002
0.0679
0.07719999999999999
0.11649999999999999
0.4059
0.07089999999999999
0.047
0.031100000000000003
0.0255
0.0435
0.0528
0.159
0.12309999999999999
0.1178
0.1104
0.0984
0.0996
0.11460000000000001
0.17880000000000001
0.13190000000000002
0.041800000000000004
0.0258
0.011800000000000001
0.0044
0.0127
0.0496
0.3095
0.7212999999999999
0.5722
0.8846
0.7406999999999999
0.7135
0.598
0.423
0.30820000000000003
0.0991
0.08310000000000001
0.0781
0.0777
0.0775
0.0812
0.1037
0.1538
0.1945
0.2115
0.2169
0.28400000000000003
0.34709999999999996
0.2353
0.2184
0.2669
0.3527
0.9642999999999999
0.9853
0.8254999999999999
0.6044
0.4229
0.2952
0.18619999999999998
0.1157
0.0966
0.0858
0.08349999999999999
0.0824
0.0796
0.1856
0.4521
0.2103
0.1563
0.1669
0.2887
0.31779999999999997
0.2739
0.30169999999999997
0.2455
0.6902
0.2701
0.1558
0.185
0.45030000000000003
0.4043
0.3638
0.2056
0.1899
0.1868
0.1837
0.18159999999999998
0.1805
0.1784
0.19519999999999998
0.2252
0.6165
0.5045
0.43920000000000003
0.2878
0.1857
0.1675
0.1235
0.1162
0.1341
0.1834
0.187
0.2407
0.2529
0.2047
0.1592
0.1517
0.0794
0.07400000000000001
0.0742
0.0738
0.06420000000000001
0.060899999999999996
0.0372
0.37129999999999996
0.2596
0.0005
0.0005
0.0118
0.061
0.0078
0.0063
0.0533
0.0769
0.0318
0.1283
0.5258
0.129
0.0208
0.0208
0.0395
0.0395
0.0329
0.0293
0.028200000000000003
0.028999999999999998
0.030100000000000002
0.0331
0.045399999999999996
0.0708
0.105
0.07050000000000001
0.179
0.137
0.074
0.06
0.0584
0.1023
0.12440000000000001
0.0969
0.0723
0.07150000000000001
0.0676
0.061399999999999996
0.048799999999999996
1.6324
0.22100000000000003
0.2518
0.23149999999999998
0.1894
0.1946
0.18359999999999999
0.1242
2.4339
0.24519999999999997
0.6329
0.3732
0.2294
0.1937
0.239
0.3458
0.3668
0.32130000000000003
0.2303
0.3459
0.9598
1.5957000000000001
0.7444
0.6077
0.048100000000000004
0.030100000000000002
0.024300000000000002
0.0269
0.0264
0.0237
0.021400000000000002
0.0273
0.1197
0.10020000000000001
0.1838
0.0789
0.0543
0.059300000000000005
0.05499999999999999
0.0322
0.0414
0.4278
0.3005
0.3998
0.6724
0.4747
0.1446
0.0684
0.0816
0.030100000000000002
0.052199999999999996
0.0681
0.0817
0.0799
0.9383
0.0013
0.0
0.0
0.0
0.0
0.0
0.0
0.0662
0.0815
0.0889
1.4412
1.5135999999999998
0.873
0.2845
0.2653
0.32989999999999997
0.4783
0.1008
0.0907
0.0937
0.0856
0.0823
0.0728
0.5441
0.4659
0.14679999999999999
0.13219999999999998
0.1339
0.1311
0.1386
0.1588
0.2212
0.18409999999999999
0.13190000000000002
0.6144000000000001
1.8159999999999998
0.4437
0.2162
0.2116
0.16099999999999998
0.1127
0.1509
0.1407
0.1255
0.127
0.12990000000000002
0.14450000000000002
0.1632
0.1872
0.1785
0.2273
0.30000000000000004
0.23759999999999998
0.25670000000000004
0.223
0.2221
0.2586
0.3137
1.0812
0.6867
0.4511
0.4719
0.5533
0.4243
0.24059999999999998
1.891
0.5191
0.3753
1.1085
3.6918
3.7165
3.5254000000000003
0.046
0.0
0.0
0.0
0.0
0.0005
0.0
0.033800000000000004
0.0162
0.0
0.0
0.0106
0.2513
0.2205
0.5479
0.7623
0.1319
0.10439999999999999
0.09720000000000001
0.0911
0.0883
0.0968
0.10250000000000001
0.1402
0.14850000000000002
0.1921
0.3415
0.2072
0.2312
0.2357
0.2562
0.2259
0.215
0.2838
0.2086
0.8285
0.7662
0.7796000000000001
0.1977
0.138
0.1028
0.2498
0.2195
0.23859999999999998
0.44589999999999996
0.6196
0.3165
0.2139
0.15089999999999998
0.139
0.12940000000000002
0.097
0.1207
0.1948
0.2599
0.38449999999999995
0.8656
0.3166
0.2926
0.27380000000000004
0.44120000000000004
0.5139
0.7853
1.1824000000000001
0.6043000000000001
0.1812
0.1365
0.123
0.11330000000000001
0.1053
0.1018
0.1049
0.1404
0.1167
0.0014
0.941
0.1726
0.9872
0.5316
0.5357
0.5045
0.7564
0.5296
0.5627
0.9177
0.3238
0.449
0.5503
0.3453
0.0504
0.048
0.049600000000000005
0.0485
0.049100000000000005
0.0615
0.0931
0.15860000000000002
0.3235
0.2984
0.3059
0.28690000000000004
0.5029
0.3879
0.6406
0.26270000000000004
0.2099
0.36060000000000003
0.45220000000000005
0.444
0.4088
0.2212
0.1023
0.0628
