0.0743
0.0644
0.0626
0.0606
0.0589
0.0634
0.0745
0.0988
0.15639999999999998
0.2061
0.2791
0.8297
0.4388
0.3326
0.4997
0.275
0.2318
0.583
0.2508
0.2333
0.2318
0.2007
0.1422
0.09290000000000001
0.0
0.0356
0.041
0.0453
0.0147
0.091
0.2767
0.4782
1.0958
0.7885
0.2646
0.4304
0.8043
0.0046
0.0359
0.0457
0.0582
2.4652
1.6409
0.0
0.0
0.0
0.0
0.0231
0.0816
0.0713
0.0637
0.0621
0.061700000000000005
0.0635
0.0708
0.0746
0.07769999999999999
0.1268
0.2137
0.1391
0.0716
0.058300000000000005
0.036599999999999994
0.0377
0.0592
0.1384
0.1733
0.19019999999999998
0.178
0.159
0.1126
0.0851
0.003
0.0014
0.0060999999999999995
0.0106
0.0103
0.0312
0.0654
0.0931
0.0921
0.061
0.1112
0.4204
0.139
0.7755000000000001
0.35019999999999996
0.2323
0.1003
0.0404
0.0519
0.1374
0.0317
0.0
0.0
0.0
0.0363
0.021400000000000002
0.0249
0.0274
0.013900000000000001
0.033800000000000004
0.029699999999999997
0.056400000000000006
0.066
0.0765
0.3207
1.1878
0.2827
0.5917
0.6412
0.1488
0.2446
0.0821
0.0902
0.5905
0.2776
0.3736
0.5286
0.1538
0.2426
0.2039
0.21189999999999998
0.21739999999999998
0.2029
0.1774
0.1926
0.2116
0.20729999999999998
0.1744
0.1268
0.0867
0.373
1.1673
0.5018
0.235
0.1762
0.7265999999999999
0.562
0.2412
0.9190999999999999
0.7511
0.4312
0.7782
0.0939
0.0704
0.062
0.0582
0.0529
0.0591
0.1049
0.21389999999999998
0.4275
0.0999
0.5434
0.528
0.6436000000000001
0.0932
0.0179
0.002
0.0406
0.0823
0.0097
0.025099999999999997
0.0555
0.066
0.0699
0.054099999999999995
0.4517
0.1585
0.1053
0.1085
0.10170000000000001
0.1136
0.15760000000000002
0.3351
0.5999
0.21289999999999998
0.46950000000000003
0.1319
0.0847
0.0767
0.0733
0.0586
0.1036
0.6836
0.9828
0.7162
0.3312
0.23660000000000003
0.1552
0.10189999999999999
0.0
0.0
0.0
0.0
0.0
0.0503
0.0881
0.0
0.0
0.0
0.0
0.0
0.0303
0.0
0.0
0.0
0.2213
1.3195000000000001
0.6652
0.2716
0.2402
0.0927
0.015
0.0
0.0
0.0
0.0
0.0
0.0
0.0
0.0
0.0
0.0
0.0
0.0
0.0
0.0
0.0311
0.0714
0.1053
0.1197
0.0439
0.09519999999999999
0.2983
0.29369999999999996
0.1789
0.06409999999999999
0.0099
0.101
0.08299999999999999
0.07680000000000001
0.0759
0.0683
0.069
0.0554
0.1683
0.20350000000000001
0.041299999999999996
0.0356
0.0106
0.0076
0.0163
0.0499
0.2567
0.2732
0.17049999999999998
0.3306
0.3945
0.5624
0.0992
0.08249999999999999
0.0743
0.13319999999999999
0.1331
0.1282
0.12990000000000002
0.13490000000000002
0.15960000000000002
0.2557
0.2984
0.3402
0.6111
0.2718
0.2603
0.2178
0.2315
0.2059
0.221
0.43410000000000004
0.28859999999999997
0.3538
0.2707
0.2938
0.2313
0.1609
0.1335
0.12140000000000001
0.11410000000000001
0.10980000000000001
0.1123
0.0887
0.1745
1.5923
1.3098999999999998
0.4869
0.1425
0.262
0.116
0.1184
0.0877
0.155
0.4385
1.5679999999999998
0.2261
0.209
0.628
0.5614
0.5455
0.2293
0.1471
0.07200000000000001
0.0542
0.049
0.0475
0.05
0.0518
0.0639
0.0874
0.1726
0.6836
0.329
0.9483999999999999
0.39799999999999996
0.2368
0.3812
0.2793
0.1753
0.2239
0.367
0.25939999999999996
0.2773
0.3614
0.3164
0.14200000000000002
0.2315
0.24430000000000002
0.2509
0.2404
0.2586
0.4961
0.4946
0.27249999999999996
0.1997
0.1964
0.2094
0.1905
0.1639
0.1497
0.1471
0.1709
0.1854
1.2174
0.4436
0.2403
0.2112
0.17670000000000002
0.1521
0.1522
0.1372
0.1297
0.1164
0.1082
0.1036
0.109
0.1073
0.1127
0.0946
0.5485
0.26880000000000004
0.1523
0.3294
0.2851
0.1945
0.5579
0.3154
0.1903
0.2142
0.4084
0.29369999999999996
0.35550000000000004
0.4309
0.2238
0.0895
0.088
0.0897
0.0951
0.0933
0.0948
0.10830000000000001
0.1222
0.11699999999999999
0.2793
0.1345
0.0655
0.1078
0.1406
0.8400000000000001
0.0876
0.0927
0.4388
0.1641
0.12290000000000001
0.1038
0.09889999999999999
0.1071
0.0915
0.238
0.2359
0.2376
0.2182
0.2071
0.2206
0.2291
0.24919999999999998
0.2474
0.17909999999999998
0.182
0.4119
0.8593999999999999
0.297
0.46440000000000003
0.3382
0.27959999999999996
0.7999
0.3774
0.33540000000000003
0.3335
0.24659999999999999
0.1988
0.18359999999999999
0.14229999999999998
0.1351
0.14200000000000002
0.1348
0.1288
0.1261
0.1254
0.1467
0.13090000000000002
0.4607
0.0991
0.1047
0.827
0.5645
0.2503
0.1509
0.1142
0.127
0.4718
0.3116
0.28900000000000003
0.2156
0.18
0.15460000000000002
0.11030000000000001
0.0982
0.0952
0.0929
0.0891
0.0943
0.1114
0.29100000000000004
0.2721
0.1381
0.2164
0.1206
0.1399
0.14950000000000002
0.2238
0.48629999999999995
0.5635
0.18109999999999998
0.1328
0.3529
0.39849999999999997
0.3536
0.22199999999999998
0.1434
0.1259
0.1131
0.1075
0.0951
0.0875
0.0829
0.0887
0.0963
0.1074
0.3944
0.4956
0.1533
0.38380000000000003
0.8336
0.2499
0.43929999999999997
0.1721
0.1518
0.2319
0.2694
0.20950000000000002
0.17099999999999999
0.7477
0.1747
0.196
0.196
0.191
0.1766
0.1762
0.1777
0.3993
1.2729
0.4545
0.6684
0.8886000000000001
0.2819
0.2826
0.3398
0.6531
0.5861000000000001
0.3117
0.37360000000000004
0.6101
1.033
0.5464
0.5855
0.48729999999999996
0.2895
0.07780000000000001
0.042899999999999994
0.040999999999999995
0.0492
0.0369
0.0359
0.0387
0.061900000000000004
0.06509999999999999
0.11349999999999999
0.2424
0.21039999999999998
0.281
0.6862
1.1083
0.2364
0.24609999999999999
0.628
0.5108
0.7482
0.6455
1.3859
0.7877
0.10569999999999999
0.1764
0.154
0.1387
0.122
0.11130000000000001
0.1008
0.0996
0.09989999999999999
0.0938
0.1073
0.0969
0.10289999999999999
0.11929999999999999
0.223
0.1869
0.15960000000000002
0.3375
0.6196
0.548
0.6732
0.4728
0.4119
0.349
0.2547
0.0046
0.0
0.0
0.0
0.0
0.0
0.0083
0.0398
0.0528
0.0054
0.381
0.373
1.6609
2.8262
0.6902
0.1724
0.19019999999999998
0.184
0.3194
0.4286
0.0717
0.0
0.0
0.0
0.128
0.11460000000000001
0.11130000000000001
0.1062
0.1037
0.11
0.1233
0.1764
0.2338
0.194
0.1759
0.1601
0.1539
0.1526
0.1761
0.9851000000000001
0.7058
0.645
0.4693
0.4406
0.6058
0.5833999999999999
0.30479999999999996
0.1804
0.1392
0.1402
0.1362
0.1239
0.1136
0.09559999999999999
0.0777
0.0819
0.1174
0.2399
0.0952
0.0832
0.0366
0.0261
0.0108
0.0018
0.0028
0.0055000000000000005
0.0033
0.0218
0.09390000000000001
0.147
0.1396
0.1374
0.312
0.1496
0.1186
0.0966
0.0858
0.0865
0.091
0.1041
0.0638
0.0495
0.0283
0.0248
0.028900000000000002
0.0174
0.0074
0.0033
0.0131
1.1366
1.2343
0.367
0.2061
0.13369999999999999
0.09670000000000001
0.0878
0.4857
0.5021
0.5581
0.4164
0.31589999999999996
0.29510000000000003
0.30979999999999996
0.3064
0.2737
0.21539999999999998
0.2309
1.474
0.785
1.119
0.23470000000000002
0.2338
0.3496
0.3599
0.23070000000000002
0.1774
0.15739999999999998
0.1456
0.12460000000000002
0.1112
0.0938
0.0839
0.0863
0.0826
0.06789999999999999
0.08729999999999999
0.1179
0.1554
0.1517
0.155
0.17120000000000002
0.20350000000000001
0.1966
0.1746
0.1113
1.9363
1.8864
0.6977
0.6327
2.1804
1.6751999999999998
0.5325
0.4314
0.26980000000000004
0.2526
0.2228
0.2111
0.1994
0.192
0.19640000000000002
0.1989
0.21200000000000002
0.2163
0.23070000000000002
0.2532
0.23249999999999998
0.2224
0.24519999999999997
0.5319
0.9558
0.7412000000000001
0.5908
0.48160000000000003
0.3938
0.37170000000000003
0.5458
0.7221
0.3798
0.1466
0.1306
0.1216
0.119
0.11699999999999999
0.118
0.1201
0.1659
0.1503
0.1537
0.15610000000000002
0.1461
0.0956
0.1004
0.1029
0.14329999999999998
0.2224
0.4426
0.27859999999999996
0.1619
0.1666
0.18059999999999998
0.1894
0.1744
0.1006
0.0742
0.07400000000000001
0.065
0.0606
0.058899999999999994
0.0591
0.064
0.0819
0.487
0.6093
1.4098000000000002
0.13169999999999998
0.2437
0.7654
0.2128
0.1434
0.1595
0.3253
0.2305
0.1941
0.2388
0.2958
0.214
0.0
0.0
0.0
0.0
0.0
0.0
0.0
0.0
0.1057
0.5051
0.6329
0.8582
0.1818
0.0
0.0
0.0
0.5007
0.2115
0.0
0.0
0.0
0.0
0.0
0.0
0.2922
0.24880000000000002
0.1992
0.2152
0.21839999999999998
0.2469
0.352
0.7176
2.6026
0.4457
1.4998
0.43479999999999996
0.2109
0.17830000000000001
0.154
0.19669999999999999
0.37829999999999997
1.1063
0.4246
0.44099999999999995
0.2264
0.15
0.1227
0.1383
0.1738
0.1399
0.10980000000000001
0.0884
0.0945
0.088
0.11549999999999999
0.4817
0.4899
1.4858
0.6349
0.2225
0.2414
0.14679999999999999
0.1066
0.0926
0.10439999999999999
0.1352
0.3407
0.2283
0.25
0.33089999999999997
0.7035
0.3681
0.1925
0.11699999999999999
0.07869999999999999
0.061900000000000004
0.0528
0.0419
0.0404
0.0433
0.0479
0.0706
0.0922
0.1036
0.1781
0.1167
0.1003
0.0638
0.0659
0.47409999999999997
0.7721
0.5034000000000001
0.2435
0.2224
0.2532
0.2231
0.0063
0.0
0.0
0.0095
0.0
0.0
0.0
0.0844
0.3157
0.1064
0.1459
1.9277
0.37989999999999996
0.0112
0.5868
0.5066999999999999
0.4555
1.9036
1.5931000000000002
1.4504
0.7228
0.0816
0.0
0.001
0.026299999999999997
0.045
0.045799999999999993
0.0499
0.026600000000000002
0.0645
0.0789
0.2851
0.9358
0.27649999999999997
0.4055
0.4523
0.0077
0.1351
0.18050000000000002
0.0936
0.0199
0.0122
0.0229
0.0
0.0
0.0
0.0
0.0
0.16999999999999998
0.1274
0.134
0.1277
0.09970000000000001
0.1174
0.1439
0.1555
0.42390000000000005
0.1138
0.1148
0.9854999999999999
0.535
0.2188
1.4472
0.2615
0.4487
0.6083
0.184
0.4978
0.4394
0.27180000000000004
0.2039
0.1477
0.1008
0.11069999999999999
0.1906
0.1084
0.0872
0.07780000000000001
0.0631
0.0582
0.054400000000000004
0.3517
0.022699999999999998
0.05
0.0441
0.0494
0.3823
0.188
0.0405
0.0629
0.105
0.1096
0.18030000000000002
0.4656
0.3664
0.20629999999999998
0.2579
0.2557
0.2367
0.2308
0.2145
0.1709
0.1604
0.1434
0.1456
1.5422
1.1602000000000001
0.4337
0.1481
0.0938
0.0867
0.0492
0.09709999999999999
0.1959
1.123
1.6933
1.5651
0.6996
0.39590000000000003
0.3115
0.057300000000000004
0.0424
0.0416
0.0388
0.030699999999999998
0.0351
0.0232
0.519
0.221
0.050199999999999995
0.0684
0.0739
0.0754
0.0603
0.0605
0.1375
0.6863
0.12480000000000001
0.24789999999999998
0.21910000000000002
0.26639999999999997
0.346
0.29069999999999996
0.1354
0.3621
0.3393
0.3234
0.3201
0.29410000000000003
0.317
0.31379999999999997
0.7157
1.2871000000000001
0.2625
0.1913
0.1784
0.1925
0.2484
0.9623
0.5766
0.643
0.5668
0.4175
0.4028
0.3667
0.3604
0.3228
0.2994
0.1288
0.0712
0.0881
0.076
0.07400000000000001
0.1105
0.5322
0.21689999999999998
0.1449
0.514
0.7273000000000001
0.2064
0.5369999999999999
0.057499999999999996
0.0562
0.0492
0.0722
0.2047
0.9724
1.8189
0.9921
0.3256
0.2613
0.1752
0.08779999999999999
0.0837
0.0786
0.0805
0.0739
0.08410000000000001
0.1296
0.42400000000000004
1.0856
0.4306
0.40700000000000003
0.7478
1.0978
0.7619
0.7988999999999999
0.3809
0.2877
0.6438
0.7213
0.5648
0.6476999999999999
0.39339999999999997
0.20479999999999998
0.115
0.2616
0.1861
0.16570000000000001
0.15339999999999998
0.1487
0.1716
0.1739
0.185
0.2229
0.25029999999999997
0.3565
1.8228999999999997
0.6509
0.2698
0.2636
0.30979999999999996
0.42179999999999995
2.2802
0.4618
0.6866
1.8171
0.8054
0.6682
0.5257000000000001
0.10980000000000001
0.09670000000000001
0.0886
0.0828
0.0724
0.0596
0.055400000000000005
0.0614
0.057300000000000004
0.0728
0.0615
0.0559
0.0633
0.10769999999999999
0.1352
0.1619
0.1821
0.1497
0.19190000000000002
0.203
0.14579999999999999
0.1664
0.201
0.1564
0.199
0.27
0.2336
0.1709
0.1515
0.1603
0.16410000000000002
0.2366
0.3891
0.1575
0.1503
0.14229999999999998
0.1217
0.1377
0.28459999999999996
0.2671
0.247
0.9631
0.6204999999999999
0.9658
0.2365
0.19540000000000002
0.1434
0.1457
0.293
0.13829999999999998
0.131
0.1225
0.1003
0.10930000000000001
0.0943
0.11130000000000001
0.5409
0.18280000000000002
0.1467
0.1829
0.1745
0.1069
0.0878
0.1005
0.0817
1.1049
1.4924
1.2117
0.308
0.3115
0.4124
0.47719999999999996
0.1477
0.137
0.13219999999999998
0.127
0.138
0.1824
0.6577999999999999
0.5324
0.387
0.6432
0.5393
0.4458
1.2586
0.3502
0.3438
0.2639
0.2195
0.2559
0.8246
0.3899
0.3115
0.2569
0.1879
0.15410000000000001
0.13829999999999998
0.1303
0.1313
0.12890000000000001
0.1265
0.1437
0.17320000000000002
0.2405
0.3459
0.4132
0.6986
1.0227
0.6269
1.5706
0.8735999999999999
0.4797
0.3899
0.38070000000000004
0.5694
0.6482
0.4381
0.30179999999999996
0.2149
0.17070000000000002
0.068
0.06670000000000001
0.0648
0.0635
0.0569
0.0605
0.0847
0.11549999999999999
0.3066
0.1141
0.5251
0.3291
0.1187
0.11030000000000001
0.1303
0.2854
1.1833
0.2928
0.1301
0.1466
0.3466
0.5823
0.07550000000000001
0.0643
0.3971
0.42969999999999997
0.4438
0.39849999999999997
0.365
0.3247
0.30879999999999996
0.29279999999999995
0.3207
0.9120999999999999
0.6367
0.2355
0.1978
0.2688
0.5409999999999999
0.9097
0.5364
0.8095000000000001
0.6395
0.3896
0.38980000000000004
0.401
0.3541
0.348
0.3066
0.2879
0.2913
0.2752
0.2656
0.24209999999999998
0.2233
0.2016
0.2905
0.7891
0.3005
0.3724
0.3288
0.2575
0.193
0.15899999999999997
0.1623
0.24120000000000003
0.2767
0.883
0.9117
0.6428
0.6596
0.48260000000000003
0.06
0.0843
0.05
0.0489
0.1313
0.16549999999999998
0.0
0.0
0.0
0.0
0.0
0.0
0.0
0.0
0.0
0.0
0.0
0.2306
0.9851
0.9941
1.3087
0.8772
0.06989999999999999
0.0995
0.0876
0.0754
0.0669
0.0722
0.0786
0.1116
0.2052
0.13040000000000002
0.0852
0.1475
0.11080000000000001
0.0275
0.0141
0.0058
0.0005
0.0
0.0
1.0145
1.0226
0.3322
0.1758
0.2048
0.1679
0.0987
0.2234
0.2107
0.2015
0.19219999999999998
0.1851
0.18309999999999998
0.19390000000000002
0.2065
0.2552
0.4071
0.3821
0.7666
0.3549
0.2457
0.20279999999999998
0.18469999999999998
0.1795
0.21710000000000002
0.6261
0.30300000000000005
0.3601
0.3851
0.36260000000000003
0.2985
0.041499999999999995
0.028499999999999998
0.0274
0.0186
0.022
0.0155
0.4238
0.1038
0.0335
0.2026
0.0421
0.0795
0.0183
0.0208
0.0
0.004
0.0248
0.0
0.8069
0.3163
0.4922
0.0814
0.0575
0.0416
0.0816
0.07780000000000001
0.07419999999999999
0.07050000000000001
0.0752
0.0962
0.199
0.3318
0.19240000000000002
0.3967
0.1889
0.2268
0.6482
0.12990000000000002
0.1043
0.1217
0.1881
0.27
0.5264
0.2752
0.2167
0.1765
0.12390000000000001
0.0946
0.4364
0.3832
0.3273
0.2984
0.2734
0.2533
0.2539
0.2344
0.4014
0.49360000000000004
0.43600000000000005
0.2515
0.1874
0.2364
0.5291
0.44599999999999995
0.5893999999999999
0.5219
0.6017
0.5652999999999999
0.47350000000000003
0.6920999999999999
0.8915
0.4706
0.0776
0.111
0.0745
0.1343
0.0
0.1523
0.0003
1.1337
0.5211
1.2321
0.5094
0.17670000000000002
0.0
0.0274
0.093
0.0886
0.2031
0.4144
1.2314
0.5366
1.7270999999999999
1.8268
0.3011
0.15439999999999998
0.1404
0.11460000000000001
0.1118
0.10339999999999999
0.0989
0.10200000000000001
0.099
0.1351
0.1988
0.5888
0.6703
1.3369
0.9601
0.4751
0.24020000000000002
0.2633
0.3371
0.3601
0.6543
0.8958
1.1358
1.0452000000000001
0.5171
0.23759999999999998
0.2141
0.1966
0.19119999999999998
0.197
0.2107
0.2529
0.2448
0.1535
0.1101
0.09709999999999999
0.0906
0.0804
0.0911
0.09820000000000001
0.12669999999999998
0.1767
0.2349
0.16970000000000002
0.1473
0.2248
0.2376
0.24480000000000002
0.2402
0.2134
0.1382
0.13479999999999998
0.135
0.14950000000000002
0.2107
0.1797
0.13119999999999998
0.1004
0.0922
0.11510000000000001
0.1132
0.11510000000000001
0.1384
0.2433
0.16060000000000002
0.8391
0.5562
0.252
0.28990000000000005
0.236
0.2
0.1866
0.1548
0.1424
0.1597
0.1311
0.12409999999999999
0.10919999999999999
0.1018
0.09570000000000001
0.1037
0.0947
0.0906
0.10969999999999999
0.31110000000000004
0.43860000000000005
0.29259999999999997
0.3773
0.16599999999999998
0.7986
0.505
0.3626
0.2355
0.1824
0.1728
0.18009999999999998
0.21189999999999998
0.1982
0.2409
0.2122
0.199
0.181
0.19340000000000002
0.43069999999999997
0.8339000000000001
0.38180000000000003
0.2306
0.1881
0.19190000000000002
0.1926
0.1796
0.168
0.16010000000000002
0.17720000000000002
0.22349999999999998
0.6890999999999999
1.1402999999999999
1.157
0.3859
0.4436
0.5365
0.3847
0.0585
0.076
0.043399999999999994
0.0603
0.0091
0.3109
0.5679000000000001
0.0
0.0
0.0
0.0
0.0
0.0
0.0
0.0
0.0
0.0
0.2901
0.4381
0.0
0.0872
0.16299999999999998
0.0088
0.0628
0.0739
0.07039999999999999
0.069
0.0695
0.07050000000000001
0.0789
0.0965
0.1121
0.1022
0.0936
0.0717
0.123
0.1454
0.0901
0.0757
0.0866
0.13140000000000002
0.1225
0.0964
0.0775
0.0674
0.0568
0.0604
0.0608
0.177
0.1588
0.1476
0.14479999999999998
0.1424
0.1439
0.14629999999999999
0.1397
0.13990000000000002
0.2046
0.28459999999999996
0.17320000000000002
0.1318
0.1481
0.1548
0.1568
0.1496
0.1462
0.094
0.0838
0.1042
0.13379999999999997
0.1562
0.15350000000000003
0.1129
0.0934
0.0853
0.08310000000000001
0.0731
0.07819999999999999
0.1016
0.0737
0.0358
0.0343
0.0308
0.0436
0.052500000000000005
0.0441
0.0491
0.2232
0.9719
0.2741
0.42160000000000003
0.5503
0.2653
0.14650000000000002
0.1469
0.1469
0.1245
0.1118
0.10500000000000001
0.10070000000000001
0.0989
0.1028
0.1057
0.12190000000000001
0.14989999999999998
0.14429999999999998
0.1623
0.2542
0.2242
0.1977
0.22970000000000002
0.2057
0.2027
0.1828
0.1523
0.2024
0.2318
0.2034
0.1661
0.1412
0.09179999999999999
0.0637
0.0641
0.0659
0.0576
0.0678
0.24209999999999998
0.3207
0.1488
0.1713
0.076
0.1256
0.0978
0.0765
0.0285
0.0127
0.545
0.2569
0.025
0.0172
0.059399999999999994
0.1449
0.19440000000000002
0.1278
0.4366
0.41910000000000003
0.4008
0.4496
0.5747
0.3952
0.2579
0.1804
0.1871
0.2058
0.24669999999999997
0.2318
0.3247
0.597
0.26449999999999996
1.2189999999999999
0.5284
0.36839999999999995
0.5771
0.6473
2.7717
0.7287
0.5246999999999999
0.44600000000000006
0.9694
0.5837
0.6077
0.5585
0.484
0.5031
0.542
0.7603
1.4468
0.6335999999999999
0.4265
0.5862
0.9242
0.7796000000000001
1.8268
1.1642000000000001
1.4767000000000001
1.5641
0.7965
1.1663000000000001
0.7651
0.5940000000000001
0.4573
1.1548
0.1259
0.1074
0.0964
0.098
0.096
0.1041
0.1185
0.14279999999999998
0.1703
0.1675
0.1526
0.164
0.4226
0.2764
0.28800000000000003
0.23320000000000002
0.2165
0.4893
0.3431
0.38280000000000003
0.9764
0.5631999999999999
0.3892
0.2004
0.13340000000000002
0.12409999999999999
0.1255
0.11430000000000001
0.1168
0.1346
0.1624
0.21860000000000002
0.3628
1.1194
0.5178
0.4873
0.4273
0.8081
0.4925
0.41659999999999997
0.7715
0.45299999999999996
0.7019
1.145
0.4839
0.22610000000000002
0.1754
0.15689999999999998
0.1846
0.1545
0.18
0.19190000000000002
0.16049999999999998
0.1367
0.1348
0.1537
0.2183
0.21050000000000002
0.0543
0.0668
0.1006
0.5638
0.32589999999999997
0.0766
0.4864
0.07200000000000001
0.0763
0.0621
0.0882
0.5233
0.3813
0.9710000000000001
0.06870000000000001
0.0632
0.058499999999999996
0.0582
0.056999999999999995
0.061399999999999996
0.0916
0.2812
0.2345
0.1774
0.1754
0.125
0.1325
0.13879999999999998
0.1357
0.1755
0.3025
0.1621
0.1543
0.2022
0.24459999999999998
0.2447
0.1497
0.0839
0.135
0.126
0.1221
0.12040000000000001
0.11910000000000001
0.1246
0.1494
0.1893
0.1595
0.1387
0.1256
0.1396
0.13319999999999999
0.1356
0.1318
0.1714
0.223
0.1689
0.1817
0.19390000000000002
0.1981
0.1804
0.1595
0.14489999999999997
0.17170000000000002
0.2384
0.06620000000000001
0.07880000000000001
0.06620000000000001
0.0882
0.1467
0.1476
0.1312
0.20199999999999999
0.3754
0.1101
0.1905
0.1195
0.3467
0.2964
0.1755
0.6926
0.6274000000000001
0.3275
0.16249999999999998
0.2182
0.29710000000000003
0.1851
0.0
0.0
0.0
0.0
0.0
0.0013
0.0099
0.002
0.0056
0.0
0.0
0.0
0.1934
0.1018
0.0382
0.1747
0.9025
0.1139
0.21
0.1097
0.0
0.0
0.0
0.0
0.09179999999999999
0.0758
0.0687
0.0663
0.0637
0.066
0.07289999999999999
0.0986
0.1084
0.1106
0.1132
0.2416
0.15350000000000003
0.1199
0.11349999999999999
0.16620000000000001
0.2589
0.2242
0.2106
0.1755
0.1912
0.1897
0.18919999999999998
0.1486
0.07680000000000001
0.0429
0.0721
0.0963
0.0572
0.0152
0.0
0.0
0.0
0.0
0.0
0.0
0.0
0.17099999999999999
0.0
0.9433
0.38739999999999997
0.9333
0.6568
0.5563
1.5959
0.1494
0.08299999999999999
0.056499999999999995
0.492
0.4303
0.1987
0.1694
0.1604
0.18109999999999998
0.2354
0.27249999999999996
0.2256
0.222
0.2986
0.2731
0.2591
0.2378
0.3107
0.32899999999999996
0.2104
0.2124
0.25970000000000004
0.3387
0.28700000000000003
0.2784
1.1019999999999999
1.2214
0.0137
0.0058
0.0
0.0
0.0
0.0
0.0
0.0
0.009399999999999999
0.0067
0.0329
0.0144
0.0137
0.0009
0.0153
0.0058
0.0
0.0
0.0093
0.0322
0.0223
0.0336
0.0399
0.0232
0.0006
0.0
0.0
0.0
0.0
0.0049
0.0441
0.0643
0.061
0.1043
0.0923
0.0922
0.0863
0.07189999999999999
0.0681
0.13290000000000002
0.2192
0.1242
0.0707
0.0527
0.0608
0.0445
0.0182
0.0006
0.27890000000000004
0.2638
0.2508
0.2442
0.2357
0.2326
0.2269
0.2201
0.2425
1.185
0.5196999999999999
0.46230000000000004
0.3317
0.4526
0.382
0.3456
0.3789
0.347
0.3479
0.469
0.6496
0.6048
0.3701
0.3015
0.207
0.1784
0.1691
0.1666
0.1629
0.1849
0.2072
0.243
0.2678
0.2905
0.4414
0.37879999999999997
0.14
1.2189
0.9331
0.315
0.3076
0.24580000000000002
0.1283
0.0931
0.1388
0.125
0.1543
0.1582
0.0737
0.0694
0.0677
0.0681
0.0745
0.22149999999999997
0.42479999999999996
0.2108
0.1845
0.17880000000000001
0.17409999999999998
0.159
0.1855
0.23249999999999998
0.2942
0.3128
0.5017
0.6995
0.5424
0.5842
0.4589
0.2182
0.09459999999999999
0.0773
0.0
0.0
0.0
0.0
0.0
0.0
0.0167
0.3221
0.0523
0.0
0.5929
0.0
0.0
0.0
0.5116
0.0
0.0
0.0
0.0588
0.1883
0.0
0.0
0.0
0.0
0.09129999999999999
0.08610000000000001
0.0796
0.0759
0.0766
0.0801
0.1329
0.4161
0.2683
0.1959
0.151
0.1624
0.19469999999999998
0.1649
0.1409
0.1502
0.2751
0.3774
0.7263999999999999
0.7054
0.3348
0.2546
0.16410000000000002
0.11069999999999999
0.2391
0.2205
0.20800000000000002
0.20729999999999998
0.19519999999999998
0.2106
0.2293
0.3317
0.9118
0.17170000000000002
0.09559999999999999
0.09
0.1079
0.1351
0.1573
0.5834
0.6755
0.6384
1.0764
0.6645
0.4506
0.4111
0.4065
0.32799999999999996
0.30920000000000003
0.2925
0.2804
0.2773
0.2766
0.2742
0.28400000000000003
0.3153
0.8189
0.7029000000000001
0.40559999999999996
0.3618
0.4339
0.3925
0.3589
0.3852
0.37729999999999997
0.3259
0.3232
0.4313
0.4448
0.46799999999999997
0.497
0.39480000000000004
0.1874
0.177
0.1745
0.1763
0.2039
0.48650000000000004
0.3726
0.3752
0.3964
0.3708
0.3621
0.3201
0.5243
0.4786
0.41859999999999997
0.4796
0.4578
0.8159000000000001
0.8214
0.5018
0.5112000000000001
0.38339999999999996
0.24069999999999997
0.19
0.094
0.08879999999999999
0.0829
0.08249999999999999
0.0818
0.089
0.1034
0.1275
0.15410000000000001
0.1301
0.1493
0.1615
0.1202
0.12840000000000001
0.1232
0.12079999999999999
0.1276
0.1721
0.1507
0.20029999999999998
0.2434
0.1852
0.11499999999999999
0.0923
0.1182
0.1033
0.09040000000000001
0.08829999999999999
0.0854
0.0869
0.0949
0.1154
0.1263
0.1663
0.36719999999999997
0.1409
0.1385
0.14650000000000002
0.1814
0.1693
0.1511
0.17270000000000002
0.6875
0.39870000000000005
0.3018
0.37270000000000003
0.2762
0.1661
0.1075
0.1054
0.0967
0.0912
0.0937
0.0911
0.178
0.7793
0.3598
0.40449999999999997
0.486
0.30920000000000003
0.3141
0.2529
0.2062
0.19169999999999998
0.2676
0.6163000000000001
0.3755
0.7192
0.5461
0.49829999999999997
0.3318
0.163
0.13319999999999999
0.122
0.1187
0.1205
0.1275
0.1611
0.1983
0.192
0.1945
0.3076
0.331
0.1659
0.19240000000000002
0.22699999999999998
0.3634
0.29169999999999996
0.2403
0.5383
0.5256000000000001
0.3022
0.3004
0.3064
0.21139999999999998
0.1422
0.1064
0.0969
0.0875
0.0852
0.0829
0.09179999999999999
0.1278
0.1419
0.13140000000000002
0.1573
0.1562
0.0797
0.10350000000000001
0.0923
0.0904
0.0812
0.0732
0.124
0.0867
0.11199999999999999
0.0868
0.0975
0.0974
0.0829
0.1914
0.1855
0.2002
0.19590000000000002
0.18469999999999998
0.20329999999999998
1.2023
1.3516
0.2772
0.1038
0.0823
0.0388
0.0574
0.0527
0.25780000000000003
1.4699
0.41900000000000004
0.5264
1.0798999999999999
0.7031000000000001
0.4125
0.5514
0.4867
0.29610000000000003
0.8863
0.8069999999999999
0.5552
0.27090000000000003
0.2034
0.19190000000000002
0.1945
0.216
0.2169
0.2484
0.4335
0.5955
0.4093
0.6271
0.9530000000000001
1.1524
0.8876
0.5143
0.6155999999999999
0.4621
0.4131
0.3429
0.28190000000000004
0.25939999999999996
0.1171
0.0929
0.086
0.09179999999999999
0.08829999999999999
0.0885
0.1006
0.125
0.1792
0.3764
0.2278
0.1763
0.1813
0.2392
0.4094
0.25780000000000003
0.2455
1.2357
0.5925
0.443
0.3134
0.478
0.6807
0.19
0.059
0.0455
0.042300000000000004
0.03
0.0315
0.0281
0.025500000000000002
0.0156
0.3215
0.6333
0.3605
0.5461
0.0
0.0085
0.0385
0.0877
0.0763
0.0634
0.11480000000000001
0.0837
0.065
0.0944
0.1343
0.11480000000000001
0.12940000000000002
0.1206
0.1123
0.1116
0.1097
0.119
0.1413
0.2387
0.7797000000000001
0.3348
0.2121
0.1535
0.1587
0.1699
0.153
0.1789
0.2653
0.9561
0.49329999999999996
0.3363
0.4041
0.4264
0.30510000000000004
0.1797
0.5554
0.443
0.4394
0.4514
0.4682
0.5119
0.5384
1.3067
0.4366
0.3194
0.8662000000000001
0.6081
1.1219
0.3542
0.3446
0.5831
0.8603000000000001
0.3706
0.3688
0.3583
0.3593
0.3906
0.4396
0.6628000000000001
0.0
0.0117
0.0007
0.0
0.0083
0.0139
0.0072
0.0095
0.0495
0.7205
0.8624
0.4697
0.7385999999999999
0.4723
0.3406
1.3859
3.3116000000000003
0.5700000000000001
1.9162
2.2988
0.7531
0.20879999999999999
0.062
0.0491
0.3173
0.34519999999999995
0.3204
0.4197
0.639
0.7367
0.4676
0.3871
0.3752
0.6961
1.3171
0.597
1.1179000000000001
0.49119999999999997
0.5206999999999999
0.5325
0.6376
0.8705
0.5647
0.3439
0.2052
0.17770000000000002
0.1436
0.126
0.07519999999999999
0.0636
0.0571
0.0563
0.058300000000000005
0.0618
0.0743
0.1115
0.17920000000000003
0.9365
0.30679999999999996
0.579
0.7081
0.39580000000000004
0.2485
0.1874
0.1739
0.2277
0.6321
0.7941
0.3798
0.19740000000000002
0.1094
0.0837
0.3603
0.3681
0.3987
0.403
0.43279999999999996
0.37770000000000004
0.3952
0.4069
0.4247
0.4285
1.4965000000000002
0.31789999999999996
0.41500000000000004
0.5445
0.4647
0.5371
0.8761
1.3886
2.1536
0.4547
0.5367
0.7695
0.2182
0.27290000000000003
0.0475
0.0264
0.0327
0.0277
0.0436
0.2665
1.1341999999999999
0.2383
0.3047
0.2853
0.8386
0.4173
0.3625
0.277
0.1854
0.15150000000000002
0.1599
0.2437
0.8826
0.6514
0.4249
0.2019
0.09040000000000001
0.0631
0.1142
0.0973
0.0871
0.0862
0.0832
0.08510000000000001
0.09590000000000001
0.1295
0.2122
0.2751
0.40680000000000005
0.726
0.6343
0.5123
0.39580000000000004
0.2691
0.2506
0.6378
0.2959
0.3264
0.44
0.4652
0.3163
0.1777
0.1457
0.11699999999999999
0.11510000000000001
0.1093
0.1091
0.1173
0.14679999999999999
0.1925
0.2544
0.2898
0.2827
0.2314
0.525
0.7256
0.4722
0.73
0.4098
0.7790999999999999
1.4381
0.45089999999999997
0.41269999999999996
0.4049
0.323
0.1971
0.4688
0.19690000000000002
0.2054
0.2024
0.1645
0.155
0.12029999999999999
0.16949999999999998
0.1514
0.1175
0.2165
0.07780000000000001
2.3781999999999996
0.3477
0.4663
0.3897
0.3218
0.503
0.8396
0.5259
0.3806
0.3889
0.43610000000000004
0.4052
0.1261
0.123
0.1121
0.1105
0.1198
0.1338
0.24380000000000002
0.49549999999999994
1.3431000000000002
0.4327
0.2744
0.244
0.2701
0.3202
0.3305
0.3837
1.8092
2.0103
1.7648000000000001
0.9641
0.22399999999999998
0.1497
0.11660000000000001
0.1161
0.0
0.0008
0.0024
0.006
0.0071
0.031100000000000003
0.0465
0.0072
0.0
0.0
0.0
0.0
0.0
0.0
0.0036
0.2856
0.6658
0.1222
0.0798
0.1124
0.2397
0.1362
0.0
0.0
0.1945
0.21989999999999998
0.2354
0.25160000000000005
0.3687
0.7926
0.3347
0.20900000000000002
0.2336
1.1825999999999999
1.3043
0.6061
1.5636
0.9156
1.113
0.2814
0.1192
0.1402
0.06080000000000001
0.0751
0.153
0.19469999999999998
0.21400000000000002
0.2217
0.0499
0.028
0.0351
0.0344
0.030199999999999998
0.0411
0.2245
0.26720000000000005
0.0334
0.0027
0.007
0.0323
0.32480000000000003
0.0167
0.011600000000000001
0.0003
0.0
1.2805
1.5089000000000001
0.7336
0.12329999999999999
0.0296
0.0165
0.0267
0.4318
0.4226
0.4183
0.41400000000000003
0.40559999999999996
0.4354
0.6147
0.9084
0.6361
0.4393
0.4872
0.6444
0.7575000000000001
0.7271000000000001
0.8539000000000001
1.2912
0.4702
0.2474
0.2436
0.36
0.4506
0.4488
0.4195
0.39549999999999996
0.1741
0.1399
0.1306
0.12090000000000001
0.109
0.109
0.1154
0.1187
0.1831
0.3182
0.24760000000000001
0.1754
0.1452
0.1481
0.5161
0.24330000000000002
0.2727
0.4263
0.28659999999999997
0.263
0.1982
0.9490999999999999
0.42879999999999996
0.18980000000000002
0.10750000000000001
0.10930000000000001
0.1054
0.1016
0.10619999999999999
0.1357
0.2096
0.5089
0.4988
0.3315
0.2626
0.2567
0.4978
0.3083
0.2857
0.3306
0.6248
0.524
0.47000000000000003
0.5261
0.22260000000000002
0.1441
0.10550000000000001
0.10200000000000001
0.2733
0.2422
0.2293
0.2341
0.2288
0.23870000000000002
0.2558
0.3459
0.8766
0.6329
0.37460000000000004
0.7697
0.4142
0.4102
0.32999999999999996
0.3184
0.41979999999999995
0.5502
0.309
0.2474
0.3043
0.3883
0.42469999999999997
0.3546
0.154
0.137
0.13119999999999998
0.132
0.12969999999999998
0.1392
0.1597
0.3702
0.21950000000000003
0.1293
0.1048
0.10200000000000001
0.1092
0.1069
0.1016
0.1076
0.1587
0.1512
0.12179999999999999
0.16499999999999998
0.2221
0.2783
0.3584
0.2364
0.1698
0.1599
0.14889999999999998
0.1433
0.1368
0.1357
0.1408
0.1387
0.15510000000000002
0.34299999999999997
0.2895
0.4789
0.357
0.2358
0.1775
0.1436
0.1388
0.1485
0.6001
0.3872
0.7985
0.32720000000000005
0.24119999999999997
0.1965
0.3486
0.3154
0.3264
0.2728
0.2007
0.18269999999999997
0.1482
0.1184
0.0745
0.0345
0.0083
0.0
0.0
0.0
0.0193
0.6839
0.5252
0.3779
1.384
0.8092
0.4522
0.6460999999999999
0.9343
0.9299999999999999
0.2242
0.2304
0.2294
0.2298
0.2343
0.2543
0.3322
0.4329
0.3853
0.2964
0.2931
0.2968
0.25129999999999997
0.2643
0.26139999999999997
0.2723
0.4858
0.5764
0.5276
0.4657
0.42010000000000003
0.27259999999999995
0.187
0.1837
0.026799999999999997
0.0175
0.0127
0.0116
0.0081
0.0064
0.008199999999999999
0.0
0.2425
0.2399
0.0138
0.0125
0.0204
0.030699999999999998
0.1012
0.098
0.16770000000000002
0.0743
0.1205
0.2049
0.09970000000000001
0.0844
0.0791
0.0484
0.1577
0.10869999999999999
0.1118
0.0839
0.0934
0.0537
0.0739
0.0601
0.0499
0.054099999999999995
0.0329
0.018099999999999998
0.0061
1.6969999999999998
0.0037
0.0
0.0033
0.0165
0.0239
0.5052
0.3146
0.4538
0.4255
0.1706
0.0686
0.0587
0.0498
0.0444
0.0409
0.0372
0.0325
0.0303
0.0878
0.4329
0.054
0.046700000000000005
0.0819
0.1061
0.1401
0.0482
0.0471
0.0749
0.15009999999999998
0.0796
0.099
0.1544
0.1845
0.108
0.2323
0.2208
0.2205
0.2213
0.22849999999999998
0.245
0.27890000000000004
0.33089999999999997
0.4263
0.49470000000000003
0.5164
0.6078
1.218
0.6207
0.6999
0.5007
0.4196
1.2951
1.3963999999999999
0.4554
0.3508
0.2873
0.2303
0.2153
0.1402
0.1196
0.1006
0.09770000000000001
0.091
0.0935
0.0983
0.1266
0.163
0.2791
0.4928
0.5215
0.2945
0.5822
0.3046
0.2104
0.2029
0.2303
0.3432
0.6796
0.3786
0.4028
0.4524
0.2948
0.1042
0.059300000000000005
0.0437
0.0334
0.0247
0.0313
0.0245
0.0217
0.0322
0.0206
0.022199999999999998
0.5632
0.0385
0.039099999999999996
0.0948
0.1116
0.1168
0.1367
0.6553
0.12179999999999999
0.11699999999999999
0.15999999999999998
0.2497
0.2826
0.09140000000000001
0.09129999999999999
0.0898
0.08879999999999999
0.08610000000000001
0.1043
0.1417
0.275
0.6671
0.16970000000000002
0.2698
0.2429
0.2351
0.2473
0.2511
0.2277
0.6644
0.24830000000000002
0.19490000000000002
0.45089999999999997
0.23770000000000002
0.1408
0.09040000000000001
0.0842
0.1131
0.0997
0.09570000000000001
0.09179999999999999
0.08960000000000001
0.0931
0.18560000000000001
0.3003
0.1225
0.1139
0.10039999999999999
0.0864
0.0814
0.0739
0.061200000000000004
0.0576
0.0577
0.1043
0.1149
0.11610000000000001
0.1501
0.175
0.16620000000000001
0.1292
0.2197
0.1349
0.1035
0.09759999999999999
0.0954
0.0793
0.08080000000000001
0.0886
0.06520000000000001
0.0867
0.0756
0.0935
0.4682
0.4957
0.1084
0.1066
0.1115
0.8438
0.1867
0.9040999999999999
0.2874
0.3306
0.4806
0.2409
0.0826
0.0504
0.0437
0.0436
0.0376
0.036
0.0478
0.1043
0.1497
0.1008
0.08499999999999999
0.1238
0.10919999999999999
0.0799
0.07139999999999999
0.08360000000000001
0.45330000000000004
0.2051
0.6458
0.37829999999999997
0.36119999999999997
0.2907
0.3964
0.3709
0.0298
0.0258
0.0216
0.022400000000000003
0.0213
0.022
0.0257
0.1749
0.1691
0.0974
0.0451
0.0716
0.0499
0.045899999999999996
0.043399999999999994
0.06570000000000001
0.0645
0.0727
0.0613
0.0217
0.0137
0.0231
0.0363
0.0316
0.1604
0.11599999999999999
0.1348
0.12830000000000003
0.0938
0.0905
0.5473
0.8734
0.0887
0.0776
0.086
0.0765
0.0794
0.08460000000000001
0.0946
1.4874999999999998
0.8714
1.3617
0.1547
0.1532
0.2233
0.1933
0.1812
0.2254
0.1522
0.1347
0.1369
0.1306
0.1228
0.11679999999999999
0.1095
0.1039
0.09620000000000001
0.11660000000000001
0.0292
0.8265
0.31820000000000004
0.451
0.0802
0.0763
0.1132
0.11080000000000001
0.1454
0.2324
0.3897
0.231
0.2261
0.242
0.024
0.0286
0.0114
0.025400000000000002
0.0424
0.0288
0.2175
0.47819999999999996
0.3876
0.4279
0.3257
0.24159999999999998
0.31799999999999995
0.3759
0.4159
0.399
0.3991
0.7657
0.6865
1.7926
2.641
0.0445
0.0421
0.0412
0.1017
0.10300000000000001
0.098
0.1013
0.1077
0.13319999999999999
0.1837
0.33799999999999997
0.3963
0.30419999999999997
0.2844
0.14950000000000002
0.27759999999999996
0.17559999999999998
0.1447
0.15339999999999998
0.26470000000000005
0.1618
0.1509
0.3529
0.1671
0.123
0.098
0.0912
0.0047
0.0056
0.014
0.0085
0.020900000000000002
0.09079999999999999
0.71
0.5689
1.1728
1.4663
0.5898
0.2953
0.7164
0.8761
0.9169
0.6903
0.7644
1.2059
0.5396000000000001
0.2025
0.0314
0.0
0.0034000000000000002
0.0
0.0475
0.0427
0.0404
0.041800000000000004
0.0437
0.0405
0.0606
0.1514
0.182
0.1352
0.09609999999999999
0.0769
0.0842
0.081
0.0844
0.1104
0.2358
0.9997
1.0166
0.6064
0.7323
0.3096
0.135
0.0744
0.0586
0.0439
0.045200000000000004
0.041999999999999996
0.0513
0.0371
0.1104
0.8727
0.5740000000000001
0.2502
0.17709999999999998
0.14450000000000002
0.20140000000000002
0.19740000000000002
0.18480000000000002
0.25529999999999997
0.7059
1.2112
1.3972
1.3387
1.0462
0.2343
0.0929
0.078
0.2595
0.2274
0.213
0.2057
0.20079999999999998
0.2008
0.2112
0.25429999999999997
0.3157
0.8467
0.3895
0.4057
0.3163
0.29690000000000005
0.2953
0.35119999999999996
0.3664
0.3124
1.62
0.40249999999999997
0.4388
0.4844
0.5811
0.4254
0.2283
0.2109
0.2071
0.20479999999999998
0.1987
0.2051
0.2445
0.389
0.4577
0.4138
0.4632
0.49
0.4435
0.4206
0.894
0.8254
0.4023
0.3552
0.355
0.4145
0.44120000000000004
0.47109999999999996
0.4347
0.3139
0.32789999999999997
0.3081
0.3063
0.3002
0.278
0.27390000000000003
0.2831
0.2454
0.8118
0.8150999999999999
0.2915
0.3054
0.2851
0.3117
0.38670000000000004
0.3501
0.5267999999999999
0.5257999999999999
1.1731
0.379
0.48360000000000003
0.449
0.3926
0.3486
0.0065
0.0096
0.0
0.0025
0.0078
0.0042
0.4393
0.9522
0.25970000000000004
0.3205
0.3725
0.1982
0.12209999999999999
0.1315
0.122
0.0814
0.053200000000000004
0.18180000000000002
2.8791
2.4453
1.3227
0.2069
0.1421
0.0755
0.3565
0.483
0.0516
0.5347999999999999
0.0
0.0
0.0
0.0033
0.0057
0.0
0.0
0.0
0.0
0.0553
0.1103
0.0
0.0
0.0
0.0
0.2757
0.9669
0.1507
0.14350000000000002
0.4887
0.0
0.0
0.0
0.0
0.0
0.0
0.1118
0.3515
0.0
0.0
0.0
0.023399999999999997
0.0524
0.0565
0.0778
0.1413
0.5188
0.9054
0.0
0.0235
0.0721
0.033100000000000004
0.007
0.0
0.09759999999999999
0.0974
0.0989
0.0927
0.1274
0.4989
0.4917
0.3519
0.39180000000000004
1.0852
0.8528
0.3046
0.2392
0.3181
0.3976
0.428
0.3857
0.7572000000000001
0.945
0.2491
0.1874
0.11910000000000001
0.0857
0.0882
0.066
0.057300000000000004
0.054400000000000004
0.0511
0.0441
0.0346
0.0232
0.0428
0.038599999999999995
0.025599999999999998
0.0199
0.001
0.0
0.0011
0.0095
0.0577
0.0588
0.0082
0.029500000000000002
0.0516
0.0542
0.0761
0.09509999999999999
0.0826
0.0528
0.0514
0.0467
0.048100000000000004
0.0479
0.0619
0.0953
0.4053
0.3401
0.11660000000000001
0.0882
0.1242
0.1026
0.0876
0.0533
0.0519
0.5287999999999999
0.1173
0.3971
0.437
0.1731
0.1089
0.0714
0.0547
0.2257
0.2351
0.2152
0.2167
0.27980000000000005
0.2323
0.0995
0.056400000000000006
0.054599999999999996
0.06820000000000001
0.0517
0.0529
0.0576
0.0818
0.28890000000000005
0.7864
0.8762
0.7825
0.7061999999999999
0.268
0.2968
0.489
0.8938999999999999
0.9271
0.0767
0.0721
0.0733
0.07569999999999999
0.08399999999999999
0.1129
0.08299999999999999
0.0579
0.0526
0.1689
0.0917
0.0505
0.0348
0.0493
0.0431
0.0723
0.07089999999999999
0.051500000000000004
0.0717
0.044
0.0648
0.1037
0.094
0.0827
0.0284
0.0258
0.0258
0.0259
0.0338
0.07919999999999999
0.18969999999999998
0.1083
0.0852
0.1219
0.0907
0.1071
0.0816
0.0793
0.0636
0.0823
0.0849
0.0609
0.0677
0.0461
0.0278
0.0116
0.015
0.0178
0.20479999999999998
0.292
0.31679999999999997
0.3604
0.4879
0.0491
0.0377
0.0208
0.0224
0.0004
0.739
0.0489
0.013999999999999999
0.8864
0.1845
0.1713
0.0466
0.11199999999999999
0.0897
0.14350000000000002
0.1364
0.19390000000000002
0.2385
0.1537
0.158
0.139
0.136
0.134
0.13679999999999998
0.1507
0.1691
0.18669999999999998
0.185
0.1523
0.126
0.1396
0.2232
0.2427
0.6291
1.0499
1.1515
0.7221
0.3163
0.40390000000000004
0.6037
0.6947
0.5488999999999999
0.24280000000000002
0.0
0.0
0.0
0.0
0.0
0.0
0.0268
0.3284
0.0361
0.0826
0.10200000000000001
0.0118
0.016
0.0018
0.0
0.0
0.0
0.0
0.0
0.0
0.0
0.0
0.0
0.0
0.17170000000000002
0.1096
0.07680000000000001
0.0695
0.0626
0.061
0.0647
0.0686
0.0628
0.0784
0.3366
0.5176000000000001
0.2046
0.5434
0.12309999999999999
0.0879
0.0943
0.6501
1.2499
0.44489999999999996
0.6764
0.385
0.28959999999999997
0.2193
0.1291
0.1281
0.1242
0.1237
0.1276
0.1759
0.2662
0.19140000000000001
0.2136
0.246
0.255
0.1101
0.1063
0.1229
0.1188
0.11230000000000001
0.1121
0.4662
0.1153
0.1177
0.1417
0.147
0.11729999999999999
0.101
0.3826
0.4118
0.39690000000000003
0.4091
0.4102
0.3712
0.4185
0.7663
1.2543
0.1082
0.0329
0.0028
0.0047
0.0068000000000000005
0.0
0.0341
0.7947
0.4345
0.37860000000000005
0.28259999999999996
0.2737
0.2641
0.2571
0.23399999999999999
0.019999999999999997
0.0235
0.0212
0.0234
0.0241
0.0186
0.0343
0.1537
0.4792
0.2793
0.1865
0.15389999999999998
0.19419999999999998
0.19840000000000002
0.2148
0.2617
0.20479999999999998
0.2047
0.30569999999999997
0.7371
0.8562000000000001
0.4104
0.1263
0.0381
0.2198
0.21139999999999998
0.2054
0.20479999999999998
0.2049
0.2329
0.2519
0.2177
0.2015
0.2354
0.267
0.2814
0.31820000000000004
0.2289
0.2058
0.2125
0.1889
0.2041
0.2665
0.2532
0.2494
0.2457
0.23859999999999998
0.2261
0.08
0.0713
0.066
0.06359999999999999
0.06520000000000001
0.0707
0.0802
0.0898
0.116
0.3068
0.29710000000000003
0.08230000000000001
0.134
0.17520000000000002
0.1094
0.10439999999999999
0.1486
0.1285
0.0863
0.7227
0.3394
0.385
0.2394
0.1154
0.1137
0.106
0.1016
0.0996
0.0964
0.08879999999999999
0.0801
0.0785
0.0817
0.0941
0.0848
0.0775
0.0543
0.0606
0.0543
0.0639
0.0815
0.0803
0.10189999999999999
0.1469
0.184
0.2053
0.1652
0.1392
0.15189999999999998
0.1426
0.1336
0.1301
0.12840000000000001
0.12359999999999999
0.1345
0.1507
0.17120000000000002
0.1931
0.2064
0.1922
0.1713
0.1808
0.1953
0.2583
0.4958
0.4726
1.6207
0.4205
1.1672
0.3619
0.1661
0.1592
0.0308
0.0283
0.0222
0.0254
0.0351
0.11499999999999999
0.52
0.2006
0.1666
0.18880000000000002
0.1669
0.2134
0.3199
0.16
0.1262
0.1253
0.18630000000000002
1.2515
1.2789000000000001
0.1053
0.0887
0.0616
0.0422
0.041999999999999996
0.0615
0.0552
0.0553
0.053
0.054900000000000004
0.0581
0.1577
0.8226
0.0624
0.0503
0.12140000000000001
0.0716
0.06509999999999999
0.06219999999999999
0.0632
0.1006
0.2481
0.10289999999999999
0.2399
0.3143
0.11299999999999999
0.0988
0.0777
0.06720000000000001
0.0979
0.0839
0.077
0.08180000000000001
0.0721
0.0829
0.0995
0.1471
0.266
0.8186
0.2366
0.3548
0.3954
0.3135
0.35009999999999997
0.2096
0.1457
0.1881
0.1586
0.1231
0.6167
0.7785
0.32930000000000004
0.1384
0.0919
0.0654
0.0539
0.048799999999999996
0.0398
0.0276
0.0063
0.001
0.0044
0.0101
0.0068
0.0
0.0
0.0
0.0165
0.09570000000000001
0.7781
0.9301999999999999
0.268
0.28
0.49319999999999997
0.1986
0.1357
0.1222
0.14129999999999998
0.1026
0.1139
0.11069999999999999
0.09459999999999999
0.0887
0.1542
0.5578
0.12940000000000002
0.1086
0.1169
0.0837
0.2443
0.10919999999999999
0.0785
1.0007000000000001
2.0164999999999997
1.9809
0.2036
0.153
0.1787
0.1806
0.18059999999999998
0.1696
0.0858
0.0596
0.067
0.0451
0.019799999999999998
0.0079
0.014
0.0066
0.0095
0.3287
0.4393
1.0445
0.0174
0.0472
0.5226
0.0341
0.0071
0.0033
0.0
0.0
0.0128
0.1179
0.1887
0.1568
0.32520000000000004
0.31289999999999996
0.35250000000000004
0.3173
0.31000000000000005
0.3411
0.3815
0.4172
0.5153000000000001
0.6289
0.5724
1.9603000000000002
1.9180000000000001
0.8643
0.5379
2.1012
0.7452000000000001
0.4642
0.382
0.2992
0.3198
0.3025
0.3036
0.2927
0.0138
0.0097
0.018799999999999997
0.0205
0.019299999999999998
0.0247
0.035199999999999995
0.064
0.1195
0.2756
0.27590000000000003
0.23220000000000002
0.5443
0.14129999999999998
0.1516
0.7402000000000001
0.75
0.14750000000000002
0.1923
0.2223
0.22360000000000002
0.1748
0.0874
0.0364
0.003
0.0
0.0
0.0
0.0
0.0
0.0
0.0202
0.041
0.0614
0.0435
0.3649
0.1241
0.0129
0.0103
0.038099999999999995
0.1221
0.5541
0.21550000000000002
0.1022
0.0952
0.1159
0.1088
0.0501
0.0842
0.0497
0.0498
0.059000000000000004
0.042499999999999996
0.06889999999999999
0.0635
0.11879999999999999
0.19219999999999998
0.21849999999999997
0.1276
0.2145
0.28569999999999995
1.5525
0.1864
0.1064
0.5752
0.18009999999999998
0.22719999999999999
0.6055999999999999
1.3287
0.965
0.9413
0.4507
0.1654
0.0457
0.035500000000000004
0.0231
0.005
0.0267
0.0066
0.14
0.5037
0.9224
0.4965
0.11480000000000001
0.1419
0.0204
0.0076
0.0116
0.0
0.0322
0.1716
0.2852
0.32230000000000003
0.1691
1.3956
0.0653
0.08929999999999999
0.08199999999999999
0.076
0.0753
0.07469999999999999
0.0805
0.0942
0.1159
0.12090000000000001
0.1282
0.1252
0.101
0.0852
0.1011
0.1162
0.1383
0.1535
0.26970000000000005
0.2806
0.1891
0.17859999999999998
0.1653
0.1223
0.0951
1.0722
0.466
0.3419
0.3016
0.276
0.2465
0.2328
0.2583
0.3093
0.41169999999999995
0.5095
0.6052
0.3883
0.4771
0.5785
0.5463
0.8801000000000001
1.0607
0.4924
0.4661
0.4809
0.47040000000000004
0.49929999999999997
0.6212
0.20400000000000001
0.23070000000000002
0.1923
0.2046
0.2208
0.5624
1.2115
0.2878
0.2647
0.2427
0.25239999999999996
0.26380000000000003
0.31579999999999997
0.2792
0.2861
0.3568
2.1092
1.5529
0.6436999999999999
0.7686
1.2815
0.41290000000000004
0.3196
0.5191
0.1719
0.1694
0.16410000000000002
0.1644
0.1734
0.18919999999999998
0.2172
0.2334
0.27859999999999996
0.42069999999999996
0.375
0.3867
0.33089999999999997
0.28959999999999997
0.245
0.2469
0.5235000000000001
0.816
0.5165
0.32230000000000003
0.3097
0.2431
0.1851
0.16349999999999998
0.0026
0.0
0.0
0.0
0.0
0.0
0.0147
0.2117
0.9013
0.1051
0.12380000000000001
0.9324999999999999
0.0938
0.0577
0.0499
0.0813
0.8755999999999999
0.8618
1.5486
1.3056999999999999
0.0074
0.0
0.026000000000000002
0.0392
0.0
0.0
0.0
0.0
0.0
0.0
0.0048
0.060899999999999996
0.0237
0.3041
0.0031
0.0
0.0142
0.0143
0.11950000000000001
0.1689
0.0
0.0338
0.0596
0.0063
0.0126
0.0448
0.0465
0.0029
0.0038000000000000004
0.0
0.0
0.0
0.0
0.0
0.0272
0.14600000000000002
0.0065
0.0121
0.0174
0.0114
0.0165
0.0007
0.0
0.0
0.0
0.0098
0.0073
0.0
0.0
0.002
0.0081
0.0
0.24409999999999998
0.2156
0.19340000000000002
0.1809
0.16670000000000001
0.1721
0.17270000000000002
0.1778
0.1701
0.18619999999999998
0.3252
0.3641
0.319
0.7076
0.4896
0.4228
0.5442
0.30710000000000004
0.3063
0.3677
0.317
0.3002
0.27759999999999996
0.2592
0.1196
0.1175
0.11280000000000001
0.1205
0.15410000000000001
0.1658
0.1573
0.1511
0.1483
0.1461
0.3236
0.1338
0.2207
0.2319
0.1607
0.1417
0.8796999999999999
0.20379999999999998
0.26839999999999997
0.43279999999999996
0.1861
0.1516
0.125
0.1109
0.39570000000000005
0.279
0.20579999999999998
0.1732
0.16299999999999998
0.1602
0.1743
0.18430000000000002
0.1799
0.1934
0.2586
0.23859999999999998
0.26639999999999997
1.8805
0.7272000000000001
0.3507
0.30710000000000004
0.4486
0.8724
0.7074
0.616
0.7191000000000001
0.8671
0.48950000000000005
1.0467
1.5154
1.7963
0.4787
0.3224
0.2691
0.2724
0.2247
0.2219
0.3085
0.35660000000000003
0.4162
1.8619
4.658799999999999
3.2029
1.3633
1.1354000000000002
1.413
1.6522000000000001
1.103
0.8944
0.8601000000000001
1.0452000000000001
1.5491000000000001
0.1159
0.10039999999999999
0.10170000000000001
0.09240000000000001
0.0886
0.09259999999999999
0.1153
0.16999999999999998
0.1733
0.1631
0.1469
0.1702
0.155
0.1566
0.1563
0.3236
0.5188999999999999
0.5657
1.0485
1.4113
0.46099999999999997
0.27859999999999996
0.1901
0.14989999999999998
0.24230000000000002
0.2007
0.17099999999999999
0.15810000000000002
0.14279999999999998
0.12890000000000001
0.1251
0.131
0.3283
0.7655000000000001
0.08679999999999999
0.0
0.0
0.0
0.0
0.0
0.0
0.0407
0.6286
0.7333000000000001
0.6144000000000001
0.7139
0.3093
0.1968
0.0069
0.0389
0.0127
0.0055
0.004
0.0133
0.0547
0.0325
0.013300000000000001
0.0019
0.1374
0.017599999999999998
0.097
0.0349
0.0763
0.0128
0.0
0.0401
0.088
0.0
0.08629999999999999
0.028
0.015
0.0047
0.007699999999999999
0.0044
0.0119
0.0074
0.0115
0.0016
0.0
0.014199999999999999
0.4186
1.1761
0.40790000000000004
0.129
0.1466
0.1063
0.19390000000000002
1.1784000000000001
0.36360000000000003
0.6075
1.1056
0.3453
0.1852
0.0526
0.0008
0.0045
0.23349999999999999
0.2326
0.23220000000000002
0.2336
0.243
0.3246
0.5541
0.3907
0.2701
0.2168
0.3339
0.25449999999999995
0.258
0.28559999999999997
0.3325
0.5298
0.6540999999999999
0.2515
0.22849999999999998
0.32530000000000003
0.28300000000000003
0.24130000000000001
0.2017
0.20090000000000002
0.35059999999999997
0.33299999999999996
0.2368
0.46419999999999995
0.3781
0.4132
0.4595
0.3397
0.2775
0.14229999999999998
0.0877
0.10389999999999999
0.375
0.0439
0.027
0.014
0.0
0.0101
0.016
0.2091
0.38549999999999995
0.174
0.1743
0.6890000000000001
0.0424
0.0304
0.0236
0.022
0.0217
0.0201
0.0179
0.0204
0.0137
0.032
0.0616
0.0934
0.031
0.0258
0.0158
0.0241
0.033800000000000004
0.1057
0.1023
0.0748
0.1274
0.1477
0.1114
0.0778
0.14329999999999998
0.1347
0.1315
0.1162
0.121
0.1345
0.1467
0.2692
1.2498
1.3668999999999998
2.1861
0.8167
0.15660000000000002
0.19119999999999998
0.20879999999999999
0.246
0.4608
0.3024
0.2269
0.2094
0.2158
0.2123
0.1614
0.1602
0.1557
0.1431
0.1386
0.1366
0.1357
0.1504
0.21960000000000002
0.4071
0.217
0.1637
0.1177
0.0984
0.10819999999999999
0.1058
0.10350000000000001
0.1061
0.1323
0.255
0.1599
0.17420000000000002
0.1896
0.22749999999999998
0.2404
0.18359999999999999
0.1101
0.1023
0.0968
0.0945
0.0942
0.0977
0.1047
0.1235
0.1606
0.17609999999999998
0.164
0.1743
0.1881
0.1661
0.1673
0.1697
0.20429999999999998
0.2119
0.2358
0.242
0.20400000000000001
0.1768
0.14400000000000002
0.1208
0.563
0.4196
0.4327
0.3729
0.3466
0.9241999999999999
1.5751
0.3275
0.2673
0.3362
0.4948
1.2461
0.4905
0.3765
0.4294
1.9314
1.3598
0.8237
2.8825
0.3105
0.4599
0.4546
0.4093
0.4617
0.2117
0.1936
0.1844
0.1784
0.1714
0.1709
0.1739
0.2046
0.2611
0.241
0.2687
0.3283
0.25639999999999996
0.20350000000000001
0.1723
0.16360000000000002
0.1782
0.2403
0.2081
0.2399
0.261
0.2572
0.238
0.2174
0.1618
0.149
0.1404
0.1375
0.1333
0.1325
0.1357
0.1883
0.275
0.275
0.2368
0.19390000000000002
0.1722
0.1598
0.1449
0.1511
0.1497
0.1794
0.2395
0.2629
0.2561
0.27290000000000003
0.2803
0.2164
0.14100000000000001
0.1435
0.1398
0.13440000000000002
0.1474
0.15710000000000002
0.17220000000000002
0.15300000000000002
0.1282
0.1462
0.15810000000000002
0.36260000000000003
0.1738
0.1558
0.1338
0.1358
0.3989
0.2516
0.558
0.4441
0.2629
0.1682
0.1306
0.12040000000000001
0.4041
0.3886
0.3591
0.3284
0.31220000000000003
0.3027
0.2982
0.31110000000000004
0.41300000000000003
0.578
0.4678
0.4219
0.3553
0.4583
0.627
0.3918
0.3466
0.6549
0.5333
0.2828
0.3568
0.4306
0.5962000000000001
0.5239
0.012400000000000001
0.0029999999999999996
0.0018
0.0003
0.0001
0.0
0.0
0.0
0.0
0.2412
0.0544
0.0188
0.1293
0.2138
0.0019
0.0149
0.09620000000000001
0.014499999999999999
0.0227
0.019799999999999998
0.0
0.0026
0.0187
0.023600000000000003
0.1064
0.0681
0.07569999999999999
0.059899999999999995
0.0623
0.08460000000000001
0.3174
0.4282
0.1901
0.8147
0.6632
0.4485
0.1222
0.1364
0.13190000000000002
0.1043
0.7012
0.0042
0.0
0.0
0.0
0.0
0.0081
0.0937
0.23520000000000002
0.2049
0.3008
0.262
0.221
0.1761
0.15189999999999998
0.12990000000000002
0.1199
0.4344
0.1694
0.1231
0.1285
0.4461
0.0368
0.881
0.2778
0.12510000000000002
0.8023
0.1686
0.19629999999999997
0.31930000000000003
0.3567
0.2984
0.0741
0.0614
0.0557
0.0532
0.0521
0.0563
0.07669999999999999
0.1025
0.0708
0.0775
0.10389999999999999
0.0862
0.0761
0.0756
0.104
0.19569999999999999
0.368
0.1657
0.32120000000000004
0.3053
0.3434
0.3172
0.2132
0.1318
0.6148
0.7536
0.4709
0.3944
0.3567
0.3417
0.3221
0.3369
0.353
0.4089
1.1295000000000002
0.5712
0.7158
1.0652
0.9652
0.8022
0.5957
0.9143
0.7477
0.4765
0.5126999999999999
0.5252
0.603
0.5891
0.0479
0.0463
0.0462
0.0419
0.043
0.0533
0.0747
0.2227
0.33909999999999996
0.214
0.7704
0.3086
0.1306
0.1636
0.2633
0.2854
0.5887
0.5529000000000001
0.44329999999999997
0.4212
0.3265
0.14200000000000002
0.0511
0.0482
0.0
0.0
0.0
0.0
0.0
0.0
0.0
0.0
0.0
0.0
0.0
0.0
0.0553
0.0103
0.0
0.0608
0.20350000000000001
0.007299999999999999
0.0194
0.0635
0.0085
0.0
0.0
0.0
0.1377
0.1291
0.12890000000000001
0.12580000000000002
0.124
0.14200000000000002
0.20750000000000002
0.40049999999999997
0.1711
0.189
0.1777
0.2984
0.3652
0.1639
0.151
0.2169
0.4235
0.2007
0.2123
0.1648
0.17270000000000002
0.16920000000000002
0.15949999999999998
0.14700000000000002
0.0092
0.0060999999999999995
0.0161
0.0106
0.013099999999999999
0.29789999999999994
0.7291000000000001
0.2386
0.2721
0.3958
0.2728
0.0692
0.0806
0.0969
0.0993
0.2065
0.361
0.12079999999999999
0.1095
0.3483
0.076
0.039599999999999996
0.0225
0.0219
0.224
0.2351
0.2533
0.25780000000000003
0.2995
0.5911
0.3318
0.22010000000000002
0.1846
0.1686
0.19169999999999998
0.23349999999999999
0.129
0.1163
0.0947
0.1006
0.1106
0.1757
0.4184
0.3317
0.45289999999999997
0.1618
0.1058
0.1137
0.1004
0.0961
0.0964
0.1008
0.1134
0.21
0.3046
0.1739
0.13679999999999998
0.14579999999999999
0.1114
0.1062
0.0995
0.09820000000000001
0.0874
0.08829999999999999
0.1095
0.2137
0.2033
0.1488
0.11349999999999999
0.09659999999999999
0.09
0.0843
0.11549999999999999
0.09870000000000001
0.1054
0.10389999999999999
0.10350000000000001
0.2172
0.5508
0.0506
0.0484
0.0817
0.1274
0.0529
0.038900000000000004
0.0332
0.0215
0.045200000000000004
0.0953
0.032
0.2374
0.14550000000000002
0.17459999999999998
0.2292
0.09179999999999999
0.1069
0.13369999999999999
0.14500000000000002
0.1496
0.1498
0.1504
0.1703
0.1844
0.24630000000000002
0.5359
0.1739
0.1398
0.5976
0.1713
0.1923
0.2117
0.2277
0.16970000000000002
0.165
0.29710000000000003
0.28059999999999996
0.2294
0.10400000000000001
0.07339999999999999
0.0889
0.3052
0.29669999999999996
0.2946
0.3
0.3019
0.33420000000000005
0.4151
1.0574
0.9301
0.6045
0.40459999999999996
0.3075
0.31579999999999997
0.33409999999999995
0.32899999999999996
0.4023
0.5837
0.399
0.4996
0.7722
0.5093
0.4599
0.3769
0.318
0.0219
0.0013
0.0033
0.0
0.0
0.0
0.0
0.0
0.0
0.0
0.0
0.0617
0.383
0.8010999999999999
0.24009999999999998
0.0566
0.0084
0.0862
0.39
0.0721
0.1733
0.1488
0.1963
0.12819999999999998
0.0431
0.0
0.02
0.0111
0.001
0.0255
0.0
0.0
0.0096
0.0
0.0
1.5317
0.0
0.8311
1.952
0.2953
0.3641
1.2299000000000002
0.6560999999999999
0.3593
0.19169999999999998
0.3367
0.6727000000000001
0.2396
0.1856
0.1711
0.1614
0.158
0.155
0.1728
0.3366
0.41600000000000004
0.2637
0.19779999999999998
0.1925
0.2753
0.3347
0.30900000000000005
0.30710000000000004
0.2315
0.27290000000000003
0.3045
0.1604
0.2048
0.5517000000000001
0.3019
0.23160000000000003
0.1901
0.1114
0.11299999999999999
0.1129
0.1165
0.1295
0.1948
0.3842
0.2939
0.219
0.1854
0.1991
0.30169999999999997
0.40859999999999996
0.24789999999999998
0.2341
0.23399999999999999
0.22849999999999998
0.6815
1.0838
0.23
0.1858
0.1252
0.09559999999999999
0.0937
0.0305
0.0688
0.024
0.0818
0.0528
0.04
0.3432
0.1501
0.0
0.0
0.0
0.0
0.0
0.0
0.0
0.0
0.0
0.4905
1.1585
0.031
0.0
0.0
0.0
0.0
0.08149999999999999
0.0589
0.0601
0.0682
0.0621
0.0783
0.0906
0.1117
0.15360000000000001
0.14229999999999998
0.1527
0.11610000000000001
0.1301
1.4732
0.1469
0.0983
0.0814
0.10469999999999999
0.23159999999999997
1.3128
1.7846000000000002
0.6496
0.5216000000000001
0.7942
0.2711
0.2455
0.2484
0.2616
0.2346
0.2409
0.32530000000000003
1.2951
2.0077
0.22999999999999998
0.2172
0.2116
0.2837
0.3423
0.43589999999999995
0.4365
0.34709999999999996
0.8071
1.9731
1.5773000000000001
0.894
0.4601
0.3538
0.2821
0.2702
0.26070000000000004
0.2702
0.2761
0.33089999999999997
0.7957000000000001
0.5892999999999999
0.3305
0.23070000000000002
0.1941
0.19019999999999998
0.1863
0.1842
0.1971
0.2372
0.6771
0.9822
0.44179999999999997
1.0497
1.0227
0.7598
1.1502
0.5067
0.2761
0.0
0.0
0.0
0.0
0.0045
0.0
0.608
0.4344
0.0
0.0
0.0
0.0
0.0
0.0
0.0
0.0087
0.43110000000000004
0.3276
0.9751
0.6334
0.7925
0.060399999999999995
0.0
0.0
0.1613
0.1562
0.1795
0.1436
0.1263
0.1157
0.1114
0.1058
0.0893
0.0893
0.0324
0.0429
0.0476
0.0811
1.0036
0.38849999999999996
0.2021
0.3119
0.32989999999999997
0.3328
0.2412
0.2688
0.6883999999999999
1.0082
0.0279
0.013999999999999999
0.0079
0.0087
0.0116
0.0035
0.0036
0.0138
0.042800000000000005
0.12840000000000001
0.2144
0.1523
0.22569999999999998
0.061
0.046
0.0192
0.0248
0.398
0.7948
0.2428
0.1953
0.19569999999999999
0.1538
0.060200000000000004
0.11599999999999999
0.112
0.11069999999999999
0.1066
0.1153
0.1375
0.2203
0.1787
0.1519
0.2131
0.1879
0.1341
0.6248
0.1644
0.1578
0.6719999999999999
0.8546
0.6282
0.5823
0.2663
0.20350000000000001
0.1862
0.1732
0.1432
0.2595
0.2317
0.23459999999999998
0.22410000000000002
0.2046
0.2105
0.1935
0.1785
0.1804
0.1812
0.1869
2.5381
1.8053
0.8282
0.8235999999999999
0.7833
0.4331
0.7548
0.6424
0.3667
0.3511
0.31489999999999996
0.278
0.2518
0.10500000000000001
0.1817
0.1056
0.095
0.08549999999999999
0.098
0.1436
0.2844
0.24970000000000003
0.2633
0.5718
0.1345
0.1573
0.1298
0.1063
0.1063
0.1051
0.0988
0.7631
0.2857
0.2017
0.1713
0.1419
0.1065
0.122
0.1163
0.1104
0.1081
0.1109
0.12229999999999999
0.1384
0.1713
0.20729999999999998
0.3641
0.369
0.2139
0.6118
0.9158000000000001
0.275
0.19169999999999998
0.14229999999999998
0.131
0.1437
0.1547
0.17070000000000002
0.1668
0.15860000000000002
0.13529999999999998
0.1691
0.1459
0.1338
0.128
0.1181
0.1226
0.1244
0.1535
0.1661
0.3053
0.2643
0.4054
0.3528
0.5416000000000001
0.4857
0.5283
1.2058
0.43489999999999995
0.33509999999999995
0.2806
0.27490000000000003
0.29359999999999997
0.394
0.3017
0.02
0.0413
0.0383
0.021
0.0207
0.0154
0.049100000000000005
0.1226
0.4046
0.0
0.0028
0.0
0.0264
0.0022
0.0
1.021
0.0299
0.10590000000000001
0.2545
0.1671
0.0335
0.0571
0.0679
0.0722
0.15100000000000002
0.1764
0.16799999999999998
0.2002
0.1868
0.1847
0.21860000000000002
0.2398
0.3326
0.3356
0.3153
0.21639999999999998
0.3063
0.3638
0.3311
0.1649
0.16360000000000002
0.6182
0.2642
0.5301
0.2374
0.1745
0.1451
0.13140000000000002
0.0
0.0
0.0
0.0
0.0
0.0
0.037
0.6806
0.1298
0.3147
0.2215
0.1641
0.111
0.0766
0.043
0.0075
0.1768
0.12059999999999998
0.0758
0.111
0.11180000000000001
0.0559
0.005
0.0
0.046799999999999994
0.0509
0.0477
0.0574
0.0531
0.06820000000000001
0.0961
0.16999999999999998
0.201
0.28500000000000003
0.47400000000000003
1.2926000000000002
0.2146
0.1051
0.06870000000000001
0.048299999999999996
1.0095
1.0036
0.1898
0.0965
0.0915
0.0641
0.0606
0.0492
0.0531
0.0254
0.0178
0.025
0.0204
0.0294
0.0159
0.03
0.123
0.10289999999999999
0.0819
0.13090000000000002
0.0509
0.038400000000000004
0.0125
0.009399999999999999
0.682
0.8185
0.07970000000000001
0.0762
0.2154
0.7017
0.28900000000000003
0.1129
0.16570000000000001
0.14079999999999998
0.1434
0.1406
0.13729999999999998
0.14479999999999998
0.1487
0.2747
0.35319999999999996
0.4858
0.0848
0.20090000000000002
0.35100000000000003
0.1099
0.09570000000000001
0.1198
0.38
0.6378
0.38439999999999996
0.1243
0.1804
0.1943
0.21860000000000002
0.212
0.1563
0.156
0.1614
0.1684
0.17370000000000002
0.16310000000000002
0.1248
0.1119
0.10239999999999999
0.092
0.0696
0.0575
0.056999999999999995
0.0696
0.0859
0.1389
0.2501
0.1413
0.159
0.2589
0.2265
0.2142
0.1695
0.1471
0.1361
0.13490000000000002
0.1226
0.12409999999999999
0.1237
0.1489
0.26649999999999996
0.3319
0.3211
0.4026
0.47550000000000003
0.3207
0.4423
0.2803
0.2156
0.21350000000000002
0.2383
0.6581
0.4561
0.7846
0.4171
0.313
0.2142
0.1555
0.3125
0.303
0.2934
0.2851
0.2871
0.3093
0.5803
0.6871
0.7127
0.7429
0.5584
0.3593
0.2309
0.2278
0.2225
0.22999999999999998
0.2546
0.484
0.7868999999999999
2.4602
0.503
0.4427
0.3556
0.3237
0.0634
0.044300000000000006
0.0332
0.027499999999999997
0.019700000000000002
0.0149
0.0093
0.0194
0.012799999999999999
0.020200000000000003
0.0234
0.06319999999999999
0.0265
0.0196
0.028200000000000003
0.0473
0.033299999999999996
0.0065
0.0
0.0
0.0
0.009899999999999999
0.0657
0.0804
0.3651
0.17809999999999998
0.154
0.1511
0.14250000000000002
0.1331
0.2164
0.49720000000000003
0.1619
0.1109
0.1086
0.08460000000000001
0.08349999999999999
0.0702
0.0635
0.0633
0.1046
0.5424
0.7850999999999999
0.6442
0.8070999999999999
0.486
0.3423
0.25429999999999997
0.0217
0.0183
0.0303
0.0264
0.0359
0.0292
0.0358
0.0133
0.048100000000000004
0.1302
0.3725
0.6143000000000001
0.243
1.1289
0.762
1.0497
0.7699
0.4304
0.4612
1.1486999999999998
2.4448
0.3495
0.0369
0.0205
0.1356
0.13690000000000002
0.14529999999999998
0.1938
0.2387
0.27180000000000004
0.2855
0.21050000000000002
0.14850000000000002
0.15550000000000003
0.10669999999999999
0.0759
0.0809
0.0684
0.09179999999999999
0.12969999999999998
0.3018
1.1989999999999998
0.45589999999999997
0.2986
0.1366
0.162
0.1703
0.1556
0.0924
0.0862
0.0829
0.08149999999999999
0.0828
0.11610000000000001
0.3033
0.1721
0.1132
0.11649999999999999
0.10819999999999999
0.10869999999999999
0.11349999999999999
0.12459999999999999
0.13040000000000002
0.15410000000000001
0.2113
0.22749999999999998
0.18159999999999998
0.17570000000000002
0.1735
0.15539999999999998
0.12430000000000001
0.1012
0.061200000000000004
0.048600000000000004
0.0412
0.0436
0.036699999999999997
0.0537
0.0533
0.1022
0.31179999999999997
1.2890000000000001
0.5576
0.3264
0.3486
0.2958
0.46599999999999997
0.1681
1.7739
2.2350000000000003
1.0349
0.24159999999999998
0.054099999999999995
0.0138
0.013900000000000001
0.0387
0.0
0.0
0.0
0.0
0.0
0.0074
0.1016
0.7211000000000001
0.5729
0.0615
0.5372
0.2934
0.26849999999999996
0.188
0.1822
0.1075
0.0886
0.14
0.0882
0.0665
0.004
0.0
0.0
0.0
0.5952
0.494
0.4613
0.4643
0.474
0.5144
0.6789000000000001
1.0
1.2063000000000001
1.2013
0.5819000000000001
0.1742
0.0716
0.0795
0.11120000000000001
0.1866
0.286
0.6469
0.784
1.8774000000000002
0.8451
0.9713
0.9057999999999999
0.5837000000000001
0.0
0.0
0.0
0.0
0.0044
0.0
0.0
0.0
0.0
0.1023
0.8912
0.36
0.7303
0.8767
0.5347999999999999
1.5440999999999998
0.1673
0.114
0.2131
0.3614
0.4075
0.6103000000000001
0.47550000000000003
0.06899999999999999
0.2381
0.1302
0.1488
0.1361
0.1095
0.1295
0.13190000000000002
0.1264
0.09010000000000001
0.06709999999999999
0.0
1.4821
0.6752
0.9183999999999999
1.272
0.7881
0.8432
0.6514
0.281
0.3269
0.5457000000000001
0.1855
0.1111
0.3205
0.030699999999999998
0.0303
0.034
0.0351
0.0495
0.1953
0.5273
0.2334
0.139
0.0684
0.059399999999999994
0.1134
0.1761
0.1881
0.2133
0.31779999999999997
0.6312
0.3638
0.17709999999999998
0.3519
0.2067
0.0455
0.0236
0.0312
0.10020000000000001
0.0703
0.0432
0.0414
0.0377
0.0276
0.0204
0.0063
0.0
0.0059
0.0055
0.0
0.10479999999999999
0.1355
0.21050000000000002
0.1898
0.1157
0.24380000000000002
0.3015
0.3095
0.5568
0.16949999999999998
0.1353
0.2542
0.0065
0.0
0.0
0.0
0.0
0.0
0.0
0.0
0.0
0.0
0.0
0.0
0.0
0.0
0.0
0.0
0.1212
0.2145
0.0
0.1952
0.0
0.0
0.0195
0.020900000000000002
0.3164
0.3062
0.32289999999999996
0.3142
0.3571
0.39949999999999997
0.4492
0.5201
0.5245
0.4581
0.5548
0.5284
2.0529
1.9444
1.4174
0.8492999999999999
0.5679000000000001
0.4565
0.5532
0.9802
0.7019
0.4516
0.3352
0.2955
0.1454
0.13890000000000002
0.1348
0.13379999999999997
0.134
0.13940000000000002
0.1498
0.1632
0.19119999999999998
0.20750000000000002
0.2097
0.2051
0.21710000000000002
0.2344
0.2743
0.2651
0.2402
0.2444
0.3319
0.3271
0.2717
0.2183
0.165
0.145
0.1539
0.1563
0.15660000000000002
0.1558
0.1587
0.18769999999999998
0.2629
0.3655
0.3958
0.2198
0.20700000000000002
0.2021
0.2863
0.3012
0.5063
0.3104
0.28090000000000004
0.7114
0.2679
0.3419
0.2321
0.16849999999999998
0.1355
0.1265
0.0
0.0
0.0
0.0013
0.0
0.0
0.0024
0.6184000000000001
0.61
0.8177000000000001
1.0272
0.609
1.0715
0.3983
0.2268
0.2229
0.6938
0.5746
0.5027999999999999
0.612
0.2773
0.1082
0.0029
0.0
0.24180000000000001
0.22039999999999998
0.217
0.2158
0.2231
0.2419
0.3111
0.9646
0.3425
0.1629
0.132
0.2587
0.1678
0.1387
0.09739999999999999
0.09459999999999999
0.3387
0.42989999999999995
0.1792
0.1599
0.2151
0.1835
0.1656
0.17120000000000002
0.0693
0.0587
0.0534
0.0572
0.0556
0.0637
0.06709999999999999
0.063
0.044899999999999995
0.043
0.029400000000000003
0.0339
0.0534
0.0619
0.0826
0.1632
0.47509999999999997
0.6259
0.7058
0.3388
0.3145
0.3953
0.315
0.1621
0.0511
0.0429
0.031799999999999995
0.0374
0.0294
0.0257
0.026099999999999998
0.0477
0.3157
0.45149999999999996
0.2965
0.2352
0.12459999999999999
0.1147
0.2593
0.13620000000000002
0.08180000000000001
0.0862
0.15839999999999999
0.45999999999999996
0.2485
0.1638
0.1142
0.06820000000000001
0.1975
0.1723
0.152
0.1333
0.12029999999999999
0.1115
0.1023
0.1014
0.1475
0.18259999999999998
0.2086
0.2005
0.134
0.1587
0.217
0.1725
0.17670000000000002
0.2147
0.2061
0.19190000000000002
0.1975
0.2156
0.2277
0.2109
0.0173
0.0115
0.0252
0.021
0.0344
0.042300000000000004
0.077
0.1154
1.0713
0.5201
0.9676
1.3319
0.7612
0.4054
0.4234
1.4881
1.8784
0.3493
0.1976
0.5917
0.9587
0.5617000000000001
0.20729999999999998
0.0465
0.2953
0.2475
0.2304
0.2142
0.1908
0.19469999999999998
0.2007
0.202
0.2089
0.2118
0.20829999999999999
0.2177
0.34650000000000003
0.5359
0.45999999999999996
0.7599
1.9016
0.9721
0.5586
1.3274
1.7737
0.8717
0.6996
0.49870000000000003
0.1668
0.1524
0.14129999999999998
0.129
0.1168
0.1266
0.1285
0.14989999999999998
0.1291
0.18009999999999998
0.325
0.9416
0.1936
0.2193
0.7016
1.0237
2.3165
1.8963999999999999
1.9049
0.7695000000000001
0.6365
0.2384
0.153
0.15139999999999998
0.0856
0.0884
0.0905
0.0937
0.0791
0.0697
0.06709999999999999
0.0754
0.062200000000000005
0.052
0.0445
0.0406
0.0467
0.1491
0.1522
0.096
0.6011
0.7516
0.6895
0.16349999999999998
0.1313
0.0838
0.0563
0.058300000000000005
0.1012
0.0721
0.0599
0.0532
0.0402
0.0409
0.0366
0.0371
0.0286
0.036000000000000004
0.0413
0.0474
0.07730000000000001
0.1476
0.2031
0.40349999999999997
0.9933
0.2886
0.2343
0.6888
0.5921
0.42
0.38239999999999996
0.2365
0.0098
0.0
0.0026
0.012
0.0
0.0039
0.0
0.1285
2.3836
1.3726
1.0184
0.2903
0.2283
0.36719999999999997
0.3792
1.1712
0.8558
1.204
2.6542
1.3047
1.0487
0.6219
0.1481
0.0505
0.037000000000000005
0.0312
0.029500000000000002
0.0383
0.0289
0.027500000000000004
0.0201
0.2253
0.5024
0.6415000000000001
0.9993000000000001
0.1593
0.0844
0.0769
0.0737
0.08410000000000001
0.0998
0.11480000000000001
0.1567
0.2042
0.1931
0.1613
0.0991
0.0622
0.27649999999999997
0.2425
0.2427
0.23770000000000002
0.2106
0.23370000000000002
0.1823
1.3053
0.529
0.18330000000000002
0.195
0.4042
0.4874
0.3089
0.27249999999999996
0.3026
1.7405
0.5952999999999999
0.3573
0.32820000000000005
0.44179999999999997
0.3141
0.2612
0.2905
0.0935
0.0874
0.089
0.08660000000000001
0.087
0.091
0.1074
0.1439
0.2533
0.2317
0.2676
0.18
0.17830000000000001
0.10800000000000001
0.06820000000000001
0.054000000000000006
0.4448
0.11069999999999999
0.1479
0.3335
0.14129999999999998
0.12940000000000002
0.1015
0.08549999999999999
0.30379999999999996
0.3137
0.4293
0.45589999999999997
0.7030000000000001
0.7478
0.2253
0.2132
0.1741
0.22
0.1986
0.1835
0.18569999999999998
0.22360000000000002
0.3371
0.374
0.2778
1.3821
0.1099
0.13090000000000002
0.1588
0.1809
0.2567
0.45740000000000003
0.0916
0.0761
0.0678
0.06820000000000001
0.0615
0.0684
0.1345
0.1359
0.0436
0.0558
0.06520000000000001
0.0524
0.0374
0.0287
0.0322
0.2349
0.7101
1.8003
0.6604
0.1868
0.2316
0.2722
0.22260000000000002
0.1508
0.0591
0.0299
0.0319
0.0224
0.013500000000000002
0.0115
0.0069
0.023100000000000002
0.0463
0.0815
0.0914
0.2355
0.22540000000000002
0.10830000000000001
0.14250000000000002
0.0944
0.9307
0.3669
1.1861
0.7071000000000001
0.22
0.1961
0.1748
0.13240000000000002
0.0977
0.07089999999999999
0.0621
0.0486
0.037599999999999995
0.0424
0.0406
0.0414
0.1416
0.1359
0.27749999999999997
0.9366
0.0039
0.0144
0.0436
0.0021
0.030199999999999998
0.089
0.0509
0.47759999999999997
0.4438
0.3422
0.2437
0.1478
0.28280000000000005
0.28700000000000003
0.2959
0.3096
0.3107
0.2963
0.3151
0.3368
0.35209999999999997
0.3438
0.3005
0.2694
0.33020000000000005
0.49429999999999996
0.7605999999999999
0.4657
0.6316999999999999
0.3957
0.3089
0.3387
0.3084
0.2882
0.2567
0.2414
0.0535
0.0387
0.0317
0.0286
0.027
0.025
0.028699999999999996
0.0373
0.0364
0.0534
0.0605
0.08610000000000001
0.32380000000000003
0.1719
0.09029999999999999
0.1581
0.1458
0.0753
0.1149
0.1583
0.163
0.1716
0.1766
0.1154
0.0
0.0
0.0
0.0
0.0
0.0
0.0
0.019700000000000002
0.0561
0.43
0.0906
1.6735000000000002
0.3528
0.1101
0.249
0.2168
0.0371
0.0
0.0
0.0
0.0
0.0
0.0
0.0022
0.2026
0.0495
0.49260000000000004
0.37839999999999996
0.044399999999999995
0.0485
0.0763
0.10089999999999999
0.2047
0.0259
0.6384
0.0
0.0
0.0
0.0
0.0576
0.06659999999999999
0.0
0.071
0.0095
0.0
0.0
0.0
0.0
0.0596
0.0498
0.0466
0.0461
0.040999999999999995
0.0526
0.2763
0.1897
0.08990000000000001
0.0727
0.0618
0.0728
0.2522
0.1434
0.1688
0.4455
1.4686
0.7827999999999999
0.1553
0.1812
0.23609999999999998
0.24419999999999997
0.2115
0.1158
0.0144
0.0968
0.0112
0.0892
0.1426
0.1384
0.0
0.008
0.011899999999999999
0.0325
0.0
0.0
0.2514
0.071
0.17959999999999998
0.0
0.0
0.2355
0.3932
0.07769999999999999
0.056499999999999995
0.0325
0.211
0.7713
0.1053
0.1047
0.1006
0.0991
0.0975
0.10619999999999999
0.121
0.13679999999999998
0.1406
0.13319999999999999
0.1365
0.1644
0.21199999999999997
0.14579999999999999
0.1488
0.14229999999999998
0.1326
0.2469
0.266
0.19219999999999998
0.1379
0.0979
0.0832
0.07919999999999999
0.0385
0.0298
0.0319
0.0303
0.031700000000000006
0.038599999999999995
0.057499999999999996
0.1287
0.18259999999999998
0.2269
0.28869999999999996
0.794
0.6594
0.1527
0.12530000000000002
0.161
0.40690000000000004
0.7103
0.5796
0.4204
0.4316
0.3952
0.2284
0.0743
0.0638
0.07730000000000001
0.0774
0.0638
0.0646
0.0774
0.0819
0.056
0.0698
0.048
0.1367
2.4598
2.1461
0.5953
0.9501000000000001
0.1523
0.11030000000000001
0.0993
0.3447
0.3409
0.29259999999999997
0.1199
0.050100000000000006
0.0664
0.1846
0.1721
0.1613
0.15839999999999999
0.1605
0.19190000000000002
0.2005
0.1752
0.1557
0.2089
0.32720000000000005
0.22749999999999998
0.323
0.2301
0.21760000000000002
0.2889
1.0929
0.2665
0.3145
0.2842
0.29000000000000004
0.3326
0.3902
0.2727
0.3537
0.24419999999999997
0.1747
0.1563
0.13829999999999998
0.1347
0.14400000000000002
0.1484
0.137
0.15350000000000003
0.2254
0.192
0.1866
0.205
0.48119999999999996
0.36019999999999996
0.2695
0.36050000000000004
0.5014
0.8542000000000001
0.4737
0.6236999999999999
0.5295
0.3319
0.07300000000000001
0.069
0.0663
0.0699
0.0757
0.1285
0.1188
0.07100000000000001
0.0564
0.07200000000000001
0.0716
0.0429
0.0549
0.0721
0.1388
0.12059999999999998
0.0628
0.0621
0.0953
0.14179999999999998
0.1321
0.14850000000000002
0.1099
0.077
0.1697
0.1633
0.15610000000000002
0.16210000000000002
0.17309999999999998
0.2471
0.2676
0.1884
0.1608
0.16999999999999998
0.161
0.1513
0.1688
0.17859999999999998
0.1871
0.2146
0.6258
0.8682
0.4244
0.351
0.2831
0.26239999999999997
0.2343
0.2002
0.040900000000000006
0.0375
0.034100000000000005
0.033800000000000004
0.0329
0.0416
0.1054
0.1936
0.0728
0.057300000000000004
0.048100000000000004
0.0503
0.0605
0.07
0.0935
0.154
0.14700000000000002
0.1671
0.18980000000000002
0.17620000000000002
0.14479999999999998
0.09290000000000001
0.0577
0.0409
0.0
0.0
0.0
0.0
0.0
0.0101
0.0258
0.036000000000000004
0.0341
0.057499999999999996
0.0354
0.1158
0.183
0.0643
0.0743
0.1094
0.1172
0.08499999999999999
0.0125
0.0
0.0
0.0
0.0
0.0
0.6388
0.7176
0.2798
0.2498
0.1977
0.1878
1.8623999999999998
0.9983
0.2319
0.19829999999999998
0.23770000000000002
0.24159999999999998
0.2801
0.2688
0.3067
0.39070000000000005
0.4365
0.6094999999999999
0.6243
0.7314
0.9125
1.5175
0.5953
0.38480000000000003
0.2158
0.0
0.0023
0.0012
0.0
0.0
0.0236
0.0
0.5861000000000001
0.0116
0.0
0.0
0.0
0.0
0.07819999999999999
0.13140000000000002
0.4868
0.3719
0.0923
0.0268
0.0
0.0
0.17520000000000002
0.2259
0.058399999999999994
0.081
0.0847
0.0926
0.0806
0.11610000000000001
0.2439
0.5788
1.8018999999999998
1.0049
0.28159999999999996
0.3976
0.3679
0.4928
1.2034
0.4386
0.1496
0.5667
0.0907
0.0039
0.0074
0.0
0.0
0.0171
0.0867
0.0643
0.063
0.061200000000000004
0.0593
0.058499999999999996
0.07100000000000001
0.0892
0.1045
0.163
0.2576
0.3237
0.29969999999999997
0.2946
0.7539
0.4731
0.4959
0.32489999999999997
0.32199999999999995
0.6029
1.2387
0.2975
0.1982
0.13119999999999998
0.1854
0.14900000000000002
0.1287
0.1173
0.1063
0.10869999999999999
0.11460000000000001
0.1167
0.1037
0.1073
0.1479
0.1488
0.0885
1.1718000000000002
0.1669
0.5569999999999999
0.31020000000000003
0.5738
0.9275
0.22870000000000001
0.2525
0.2512
0.2908
0.2521
0.039099999999999996
0.0448
0.036699999999999997
0.0352
0.0335
0.0338
0.0686
0.3456
0.6282000000000001
0.3787
0.35
0.21539999999999998
0.255
0.29610000000000003
0.3124
0.2508
0.2263
0.30510000000000004
0.3751
0.5982000000000001
0.3546
0.18209999999999998
0.07200000000000001
0.0471
0.0191
0.0013
0.0007
0.0001
0.0023
0.0
0.0
0.0
0.2047
0.3091
0.0156
0.0
0.0
0.0
0.0
0.1553
0.0416
0.0159
0.3077
0.0
0.0
0.2378
0.3065
0.1066
0.6292
0.2417
0.3045
0.3237
0.3016
0.3399
0.396
0.5357000000000001
0.5663
0.3732
0.20229999999999998
0.2311
0.24180000000000001
0.2704
0.2954
0.22260000000000002
0.4264
1.5733
0.237
0.2331
0.2646
0.2777
0.8376
0.43779999999999997
0.2238
0.1983
0.1792
0.1583
0.13640000000000002
0.136
0.13879999999999998
0.1454
0.1476
0.2099
0.2721
0.4
0.2323
0.5248999999999999
0.378
0.3659
0.7265999999999999
0.1248
0.1291
0.11410000000000001
0.1181
0.16249999999999998
0.24559999999999998
0.2532
0.26480000000000004
0.2626
0.26139999999999997
0.2506
0.24269999999999997
0.23870000000000002
0.3275
1.8512
0.5553
0.4569
0.8866
0.5064
0.5242
0.501
0.6569
0.429
0.3426
0.3567
0.601
0.6301
0.46709999999999996
0.4411
0.3608
0.2931
0.07289999999999999
0.0654
0.06920000000000001
0.0633
0.059300000000000005
0.0629
0.0741
0.08710000000000001
0.1499
0.3533
0.0686
0.5977
0.1696
0.11069999999999999
0.1617
0.2713
0.0772
0.015
0.0
0.2152
0.5226
0.126
0.1237
0.0923
0.0557
0.0427
0.0358
0.0337
0.032799999999999996
0.0318
0.020900000000000002
0.0283
0.1585
0.0678
0.0771
0.0706
0.0325
0.053
0.07550000000000001
0.09359999999999999
0.0877
0.0754
0.06470000000000001
0.0727
0.1247
0.1781
0.1086
0.0735
0.1641
0.1312
0.1103
0.0959
0.0864
0.0828
0.1112
0.16620000000000001
0.08330000000000001
0.0974
0.13490000000000002
0.09029999999999999
0.0693
0.0523
0.0494
0.0523
0.036599999999999994
0.033100000000000004
0.036000000000000004
0.0219
0.0175
0.0345
0.0595
0.06739999999999999
0.1704
0.14129999999999998
0.1523
0.14350000000000002
0.1384
0.1651
0.2596
0.6333
1.7059
1.0957
0.6223
0.4337
0.4913
0.6025
0.5257000000000001
2.0635000000000003
1.1813
1.0382
1.1178
1.2471
1.2113
0.8366
0.4682
0.2515
0.06520000000000001
0.0538
0.0493
0.0509
0.0464
0.0479
0.0668
0.5189
0.16849999999999998
0.3298
0.0426
0.0413
0.039
0.037000000000000005
0.0371
0.0405
0.3513
0.2112
0.0829
0.0591
0.0728
0.1013
0.1599
0.10779999999999999
0.10139999999999999
0.0931
0.08710000000000001
0.086
0.0853
0.1144
0.2044
0.14379999999999998
0.10300000000000001
0.10930000000000001
0.10880000000000001
0.1631
0.2126
0.14250000000000002
0.1372
0.242
0.4638
0.271
0.3117
0.28490000000000004
0.3816
0.2009
0.13840000000000002
0.1129
0.1866
0.16649999999999998
0.1516
0.15000000000000002
0.149
0.1748
0.5547
0.244
0.1504
0.1303
0.15089999999999998
0.1245
0.14379999999999998
0.1698
0.382
0.2931
0.2405
0.6472
0.2856
0.5428000000000001
0.6703
0.4084
0.2728
0.2039
0.0109
0.0119
0.0071
0.0049
0.0039
0.0103
0.038900000000000004
0.0195
0.003
0.0424
0.0315
0.0054
0.0313
0.0172
0.0366
0.0187
0.0
0.0
0.0289
0.0369
0.0601
0.0377
0.022
0.0087
0.0048
0.0
0.0
0.0
0.0
0.0
0.0
0.0
0.0
0.0
0.0
0.0069
0.0
0.0
0.0219
0.0338
0.0
1.8596
0.0992
0.1672
0.2465
0.0521
0.0
0.3024
0.1594
0.1878
0.132
0.1794
0.3598
0.3587
0.17149999999999999
0.17609999999999998
0.217
0.2242
0.2187
0.1361
0.2258
0.252
0.12919999999999998
0.06939999999999999
0.0628
0.5085
0.3752
0.2787
0.3163
0.315
0.226
0.1563
0.1557
0.15239999999999998
0.1477
0.1493
0.1628
0.216
0.30210000000000004
0.3155
0.3759
0.6338
0.4839
0.30079999999999996
0.3457
0.3929
0.39149999999999996
0.4606
0.6209
0.7408
0.7168
0.48550000000000004
0.4196
0.3024
0.20229999999999998
0.1675
0.059399999999999994
0.055900000000000005
0.0504
0.053500000000000006
0.0508
0.0495
0.059899999999999995
0.0614
0.057800000000000004
0.1283
0.263
0.0144
0.0346
0.0723
0.5648
0.053
0.0581
0.0672
0.0624
0.1531
0.0903
0.13269999999999998
0.1279
0.06720000000000001
0.045
0.0237
0.0332
0.0397
0.0752
0.1473
0.2442
0.3936
0.6103999999999999
0.5133
0.29769999999999996
0.181
2.1026
1.4556
1.4106999999999998
0.268
0.2489
0.3694
0.5412
0.1563
0.0086
0.002
0.0142
0.014199999999999999
0.086
0.0678
0.0602
0.054400000000000004
0.0565
0.0674
0.11380000000000001
0.1027
0.0548
0.0427
0.2789
0.2913
0.6053
0.1244
0.44430000000000003
0.2005
0.2313
0.0854
0.017
0.06180000000000001
0.1356
0.15639999999999998
0.1352
0.1058
0.0243
0.0176
0.0235
0.0164
0.0221
0.019799999999999998
0.0253
0.0732
0.2242
0.3811
0.3234
0.887
0.317
0.0695
0.0346
0.028700000000000003
0.3846
0.19619999999999999
0.1181
0.1764
0.1999
0.16549999999999998
0.0964
0.0343
0.1173
0.0942
0.0944
0.0968
0.0897
0.0897
0.09670000000000001
0.0982
0.0974
0.0604
0.0189
0.2752
0.3189
0.5497000000000001
0.1603
0.10969999999999999
0.151
0.1995
0.3064
0.1081
0.1898
0.1382
0.1267
0.11349999999999999
0.1734
0.1703
0.1653
0.1647
0.1389
0.1572
0.1845
1.1833
0.8809
0.1298
0.0935
0.0723
0.0974
0.11380000000000001
0.1747
0.2785
0.2683
0.5118
0.42000000000000004
0.5487
1.2987000000000002
0.5839000000000001
0.3918
0.6876
0.1386
0.1237
0.1101
0.0785
0.0562
0.039400000000000004
0.0225
0.0152
0.0381
0.10930000000000001
0.0922
0.1033
0.0061
0.0079
0.016800000000000002
0.1077
0.2038
0.0492
0.096
0.0084
0.0015
0.012799999999999999
0.09090000000000001
0.1506
0.1443
0.1207
0.1225
0.11779999999999999
0.11829999999999999
0.1246
0.1334
0.2106
0.38739999999999997
1.1783000000000001
1.3729
0.6239
0.4455
1.1395
1.5415999999999999
0.7439
0.9787
1.5756000000000001
1.6
0.9984999999999999
0.8189
0.5473
0.34409999999999996
0.2389
0.12129999999999999
0.1142
0.1113
0.1088
0.1109
0.1278
0.163
0.1419
0.123
0.12209999999999999
0.1284
0.1568
0.12079999999999999
0.1316
0.12840000000000001
0.19069999999999998
0.2881
0.2288
0.1834
0.1513
0.1699
0.1446
0.11729999999999999
0.1121
0.2676
0.1961
0.1756
0.1679
0.15639999999999998
0.15610000000000002
0.1552
0.1673
0.1643
0.1671
0.1891
0.403
0.5671999999999999
0.3997
1.0239
0.6043
0.9018999999999999
1.8952
0.4387
0.367
0.6026
0.4071
0.3379
0.31679999999999997
0.2259
0.24180000000000001
0.2489
0.2368
0.2269
0.23759999999999998
0.2978
0.7130000000000001
0.2501
0.1911
0.1488
0.3618
0.33999999999999997
0.173
0.1389
0.11599999999999999
0.1116
0.1416
0.44320000000000004
0.1794
0.41969999999999996
0.1964
0.17370000000000002
0.16299999999999998
0.21000000000000002
0.195
0.192
0.1961
0.2097
0.22660000000000002
0.2182
0.2316
0.24509999999999998
0.3579
0.27659999999999996
0.2226
0.3009
0.3487
0.3099
0.43779999999999997
0.5316
1.1183
0.2187
0.2116
0.2303
0.2496
0.2615
0.23220000000000002
0.0708
0.062
0.0634
0.0571
0.0592
0.063
0.0902
0.1623
0.5646
1.072
1.0331000000000001
1.2778
0.3665
0.22799999999999998
0.18880000000000002
0.2121
1.2356
0.5759000000000001
0.5972
0.503
0.3052
0.1775
0.10700000000000001
0.0836
0.09129999999999999
0.08579999999999999
0.076
0.0905
0.13119999999999998
0.26639999999999997
0.13140000000000002
0.0572
0.0535
0.077
0.08410000000000001
0.07680000000000001
0.0797
0.0926
0.09490000000000001
0.1269
0.1328
0.9332
0.2849
0.6063000000000001
0.2804
0.3151
0.236
0.14579999999999999
0.0019
0.0322
0.1645
0.7099
0.1353
0.1234
0.1259
0.2671
0.4435
0.144
0.06609999999999999
0.0747
0.11530000000000001
0.0949
0.0356
0.7461
0.162
0.0645
0.0024
0.0
0.0008
0.0
0.0
0.0
0.25849999999999995
0.2541
0.23620000000000002
0.2361
0.24080000000000001
0.2876
0.346
0.2952
0.2595
0.32320000000000004
0.2603
0.2116
0.2355
0.2661
0.5279
0.3298
0.2778
0.526
0.29610000000000003
0.26739999999999997
0.26380000000000003
0.3258
0.5026999999999999
0.3244
0.07450000000000001
0.0663
0.06720000000000001
0.08
0.0852
0.0741
0.0378
0.0255
0.0181
0.0247
0.018000000000000002
0.0217
0.045899999999999996
0.0692
0.062
0.0674
0.0592
0.0259
0.0262
0.113
0.1116
0.0857
0.0753
0.0688
0.0049
0.0097
0.0022
0.0023
0.0
0.0097
0.0373
0.0114
0.0
0.0
0.0103
0.0
0.0
0.0
0.0
0.0
0.0
0.0
0.0
0.0
0.0
0.0
0.0
0.0
0.1195
0.1131
0.1104
0.11080000000000001
0.10389999999999999
0.1251
0.15960000000000002
1.2158
0.7897
0.4727
0.25120000000000003
0.2046
0.2071
0.23299999999999998
0.2781
0.34809999999999997
0.6685
1.1886999999999999
0.2683
0.2091
0.1992
0.1694
0.1497
0.1261
0.562
0.5501
0.4396
0.39349999999999996
0.37039999999999995
0.29510000000000003
0.2546
0.2037
0.18280000000000002
0.1624
0.4152
0.258
0.2311
0.7676000000000001
1.4175
1.1653
0.8624
2.3133999999999997
1.5251000000000001
0.2737
0.40900000000000003
0.4147
0.3516
0.3527
0.6597999999999999
0.7704
0.5134000000000001
0.39570000000000005
0.38339999999999996
0.4455
0.4008
0.5496000000000001
0.6756
0.3448
0.5905
2.6097
0.2698
0.3183
1.495
0.9523
0.6571
3.1161999999999996
4.722300000000001
1.5524
1.6898
0.4369
0.3449
0.3346
0.1851
0.1739
0.1687
0.1614
0.1652
0.2528
0.5345
0.21839999999999998
0.1663
0.1923
0.20650000000000002
0.2064
0.18730000000000002
0.1899
0.1926
0.216
0.2197
0.2097
0.30210000000000004
0.5277000000000001
0.5912
0.39
0.33009999999999995
0.2606
0.2041
0.11699999999999999
0.0854
0.0758
0.0693
0.0701
0.07070000000000001
0.0711
0.0771
0.0879
0.1732
0.2843
0.1573
1.2446000000000002
0.1622
0.1573
0.1725
0.3604
0.4029
0.3725
0.5468999999999999
0.2583
0.21550000000000002
0.1957
0.035500000000000004
0.029899999999999996
0.0207
0.0238
0.0225
0.0187
0.0177
0.0421
0.1931
0.1784
0.5416
0.2452
0.2309
0.0571
0.0361
0.027
0.0656
0.22089999999999999
0.2706
0.2079
0.15839999999999999
0.1245
0.0827
0.0436
0.1765
0.1259
0.10020000000000001
0.0933
0.0819
0.08360000000000001
0.087
0.095
0.478
0.24009999999999998
0.2264
0.1625
0.1664
0.1188
0.6252
0.2265
0.1891
0.46420000000000006
0.2076
0.16920000000000002
0.1742
0.20879999999999999
0.32689999999999997
0.23009999999999997
0.39049999999999996
0.16449999999999998
0.1521
0.1426
0.1743
0.6833
0.6571
0.13169999999999998
0.0345
0.0172
0.0031
0.0345
0.0382
0.0054
0.0
0.0036
0.0259
1.2347000000000001
2.1448
1.3740999999999999
0.8099000000000001
0.48260000000000003
0.46609999999999996
0.5381
0.0031
0.0
0.0
0.0
0.0
0.0
0.0
0.0
0.0
0.0
0.0236
0.0413
0.4386
0.17020000000000002
0.0119
0.0
0.0059
0.3434
0.6728000000000001
0.26049999999999995
0.2019
0.0921
0.0404
0.0076
0.055099999999999996
0.0555
0.062400000000000004
0.0679
0.06520000000000001
0.0621
0.1144
0.2322
0.37570000000000003
0.3462
0.9081
0.2475
1.105
0.5072
0.3137
0.263
1.0426
0.8986000000000001
0.3597
0.6966
0.2476
0.133
0.0919
0.0606
0.3409
0.276
0.27659999999999996
0.2581
0.24519999999999997
0.2495
0.2615
0.30200000000000005
0.3493
0.5379
0.2394
0.2889
0.33999999999999997
0.3563
1.2642
2.3764000000000003
1.2787
0.8558
0.258
0.2565
0.27580000000000005
0.271
0.8971
0.5335
0.0744
0.0819
0.08549999999999999
0.0878
0.088
0.1048
0.133
0.32889999999999997
0.4274
0.0686
0.045
0.0385
0.0456
0.0348
0.032299999999999995
0.0498
0.4275
0.1726
0.14200000000000002
0.1036
0.0552
0.0257
0.0305
0.030100000000000002
0.07289999999999999
0.0639
0.07419999999999999
0.055900000000000005
0.0665
0.06670000000000001
0.3502
0.42569999999999997
0.059800000000000006
0.0413
0.0363
0.0101
0.0073
0.0
0.0048
0.46249999999999997
0.198
0.35819999999999996
0.77
0.48500000000000004
0.11910000000000001
0.21789999999999998
0.2927
0.1556
0.0115
0.0070999999999999995
0.0028
0.0035
0.0025
0.0007
0.0046
0.0166
0.22920000000000001
0.0407
0.0183
0.068
0.06369999999999999
0.0249
0.0193
0.0315
0.054599999999999996
0.054599999999999996
0.045399999999999996
0.0379
0.037500000000000006
0.043
0.0422
0.0263
0.15
0.1341
0.1259
0.12360000000000002
0.1307
0.1495
0.1995
0.1994
0.19240000000000002
0.2128
0.2229
0.2419
0.45130000000000003
0.2501
0.22799999999999998
0.2417
0.487
0.6731
0.9616
0.5376
0.49720000000000003
0.4265
0.3276
0.2247
0.0947
0.0959
0.08990000000000001
0.0889
0.0954
0.1215
0.2743
0.3659
0.4486
0.725
0.3773
0.2242
0.2147
0.2407
0.2223
0.21339999999999998
0.9153
0.3852
0.5684
0.48560000000000003
0.28590000000000004
0.15510000000000002
0.09179999999999999
0.08879999999999999
0.09140000000000001
0.08299999999999999
0.0799
0.0931
0.09029999999999999
0.0758
0.0741
0.07880000000000001
0.0739
0.0934
0.07089999999999999
0.0609
0.1769
0.2266
0.13629999999999998
0.1381
0.11610000000000001
0.1169
0.1162
0.0985
0.0779
0.0927
0.1096
0.1015
0.0696
0.0637
0.0631
0.0567
0.0493
0.0681
0.07289999999999999
0.0701
0.061200000000000004
0.0624
0.1233
0.6396999999999999
0.2061
0.8211999999999999
0.4128
0.3694
0.3061
0.5327
0.19829999999999998
0.1169
0.0844
0.053
0.052599999999999994
0.054400000000000004
0.1462
0.13090000000000002
0.12029999999999999
0.1137
0.10719999999999999
0.1007
0.0953
0.09620000000000001
0.1072
0.1183
0.1784
0.2057
0.122
0.14150000000000001
0.1494
0.1364
0.13440000000000002
0.14550000000000002
0.1038
0.1119
0.1419
0.1516
0.13290000000000002
0.1286
0.1734
0.1566
0.1456
0.1366
0.1266
0.1072
0.0878
0.0825
0.07339999999999999
0.0895
0.0885
0.10039999999999999
0.0952
0.1086
0.1056
0.1295
0.1282
0.12
0.2732
0.2121
0.23070000000000002
0.2294
0.2279
0.2168
0.08310000000000001
0.06490000000000001
0.06420000000000001
0.069
0.0682
0.0726
0.08499999999999999
0.1122
0.1678
0.5938
0.3684
0.7308000000000001
0.37839999999999996
1.2559
0.31779999999999997
0.30469999999999997
0.6128
0.5123
0.7078
0.3721
0.278
0.2195
0.1681
0.1259
0.1021
0.0925
0.0922
0.0845
0.0864
0.0986
0.1099
0.15239999999999998
0.1707
0.1919
0.4582
0.28400000000000003
0.4345
0.8754
0.2464
0.3046
0.44220000000000004
0.653
0.6649
0.3402
0.5617000000000001
0.4716
0.1953
0.1259
0.08560000000000001
0.0711
0.0607
0.0562
0.0504
0.0503
0.049600000000000005
0.0759
0.0849
0.0667
0.0878
0.08560000000000001
0.0939
0.0797
0.1017
0.0872
0.0553
0.0552
0.0478
0.0805
0.0922
0.1085
0.1185
0.09809999999999999
0.2311
0.2283
0.249
0.2356
0.2228
0.2346
0.2367
0.23199999999999998
0.16770000000000002
0.16970000000000002
0.1804
0.5918
1.1054
0.8882
0.2431
0.7678
1.4217
0.7055
0.5014000000000001
0.262
0.2334
0.1875
0.1725
0.1701
0.1149
0.11349999999999999
0.1043
0.0993
0.09889999999999999
0.1255
0.8181
0.3799
0.255
0.2104
0.3153
0.2144
0.22949999999999998
0.2275
0.22
0.2255
0.7036
0.2032
0.18159999999999998
0.3679
0.4916
0.4626
0.2575
0.1478
0.0579
0.031799999999999995
0.0264
0.0343
0.028499999999999998
0.0336
0.035
0.0401
0.0731
0.3571
0.10250000000000001
0.10900000000000001
0.1313
1.1205
0.6112
0.8807
0.1349
0.1917
0.3164
0.21939999999999998
0.26
0.37860000000000005
0.2726
0.10479999999999999
0.0939
0.0843
0.0801
0.0771
0.0772
0.0824
0.0937
0.1276
0.244
0.4315
0.26149999999999995
0.22110000000000002
0.3106
0.3255
0.3775
0.3932
0.3952
0.2754
0.25980000000000003
0.2949
0.3605
0.4665
0.3615
0.15689999999999998
0.055400000000000005
0.0377
0.0421
0.0358
0.028
0.0448
0.05740000000000001
0.7741
0.9882
0.47409999999999997
0.2987
0.0
0.0
0.0
0.0013
0.0337
0.4471
0.0802
0.1936
0.2846
0.1585
0.26239999999999997
0.3106
0.0954
0.005
0.0081
0.0117
0.0121
0.0115
0.0089
0.032
0.1119
0.1996
0.1364
0.1064
0.1653
0.12840000000000001
0.1063
0.1001
0.2552
0.19190000000000002
0.12290000000000001
1.0804
0.601
0.7011000000000001
0.22039999999999998
0.0959
0.0346
0.1446
0.1352
0.1259
0.1243
0.1258
0.1504
0.3772
0.5531
0.2976
0.23199999999999998
0.2223
0.2386
0.5239
0.317
0.2858
0.2671
0.2649
0.9550000000000001
0.33140000000000003
0.724
0.4773
0.3754
0.2449
0.16770000000000002
0.1555
0.11410000000000001
0.11810000000000001
0.113
0.1022
0.10339999999999999
0.12179999999999999
0.14200000000000002
0.5145
0.8734
0.2467
0.4752
0.2645
0.152
0.1398
0.3357
1.1495
1.6728
0.1357
0.1547
0.165
0.1607
0.1792
0.1693
0.18669999999999998
0.16870000000000002
0.1632
0.1599
0.15889999999999999
0.1704
0.2044
0.2518
0.29410000000000003
0.3355
0.4219
0.4511
0.43979999999999997
0.3732
0.3798
0.6958
0.7573000000000001
0.6972
1.0895
0.7602
1.2403
0.6444000000000001
0.3906
0.267
0.028199999999999996
0.021400000000000002
0.0234
0.0229
0.020900000000000002
0.0441
0.5203
0.48260000000000003
0.15960000000000002
0.09230000000000001
0.193
0.1048
0.08940000000000001
0.0838
0.104
0.1237
1.4796
0.12240000000000001
0.2311
0.18030000000000002
0.0644
0.0089
0.0053
0.021
0.0
0.0
0.0
0.0
0.0
0.0
0.0
0.0
0.0
0.0058
0.0211
0.0902
0.0
0.0
0.0
0.0
0.0
0.015399999999999999
0.0027
0.0053
0.0323
0.0552
0.028200000000000003
0.0052
