0.066
0.0628
0.0731
0.07239999999999999
0.079
0.1108
0.16160000000000002
0.1449
0.2229
0.5842
0.4441
0.0539
0.087
0.14889999999999998
0.2096
0.898
1.2185
0.8416
0.4356
0.2054
0.1873
0.1098
0.0581
0.0644
0.0448
0.0177
0.0124
0.0029
0.0003
0.0
0.0
0.0
0.0082
0.0172
0.0173
0.011300000000000001
0.0021
0.019
0.1543
0.4521
0.4397
0.1377
0.19419999999999998
0.2313
0.1431
0.1622
0.2854
0.1454
0.0439
0.0416
0.039099999999999996
0.0353
0.03560000000000001
0.0442
0.3369
0.3389
0.1351
0.1287
0.1138
0.1027
0.1122
0.1344
0.1466
0.1644
0.266
0.2956
0.4183
0.49960000000000004
0.2348
0.1445
0.065
0.0495
0.5939
0.5235
0.5015000000000001
0.4327
0.3631
0.3417
0.3441
0.3542
0.3748
0.39239999999999997
0.38739999999999997
0.3647
0.2939
1.5983
1.5652
2.0967000000000002
0.7913
0.5071
0.4839
0.4437
0.4256
0.46130000000000004
0.9328000000000001
1.1997
0.3933
0.1847
0.1301
0.1348
0.1276
0.1256
0.13629999999999998
0.1698
0.2328
0.2682
0.8014
0.7343
0.3146
0.16110000000000002
0.1121
0.1163
0.18359999999999999
0.7267
0.6945999999999999
0.49150000000000005
0.6386000000000001
0.6407
0.5528
0.32320000000000004
0.18880000000000002
0.2495
0.2378
0.22210000000000002
0.2106
0.1935
0.2313
0.2281
0.2398
0.2218
1.6761
0.24670000000000003
0.2481
0.4404
0.626
0.3567
0.2676
0.256
0.2595
0.2813
0.25360000000000005
0.2233
0.1895
0.1858
0.629
0.6408
0.6439999999999999
0.6276
0.5797
0.5896
0.6242000000000001
0.6512
0.8386
0.6743
0.7278
0.9893
1.7595999999999998
0.9794
1.0978
0.7668999999999999
0.9087
0.9313
0.6964
1.601
0.7298
0.5001
0.40080000000000005
0.4214
0.08349999999999999
0.065
0.06720000000000001
0.0558
0.0697
0.07469999999999999
0.0673
0.14379999999999998
0.2321
1.7966000000000002
1.1208
0.5988
1.1406
0.4699
0.6940999999999999
1.4790999999999999
0.9853000000000001
0.7019
0.9131
0.7501
0.5912
0.42369999999999997
0.28159999999999996
0.1516
0.1278
0.1757
0.0705
0.05
0.0318
0.0352
0.0402
0.0686
0.108
0.0923
0.11680000000000001
0.1773
1.1818
1.1829
0.2134
0.0624
0.0581
0.0877
0.5627
0.4374
0.5942000000000001
0.5688
0.6918
0.6855
0.0419
0.04
0.0381
0.0344
0.028999999999999998
0.0332
0.0521
0.1417
0.8694999999999999
0.1326
0.1186
0.2026
0.38930000000000003
0.2162
0.19369999999999998
0.14329999999999998
0.7872
0.1785
0.1293
0.14479999999999998
0.17570000000000002
0.1351
0.0794
0.0463
0.20800000000000002
0.1953
0.19519999999999998
0.1763
0.1779
0.19119999999999998
0.2439
0.20529999999999998
0.1877
0.2152
0.36450000000000005
0.3045
0.6246
0.297
0.3805
2.0324
0.5982000000000001
0.3493
0.503
0.8712
0.4487
0.4065
0.3311
0.2645
0.0274
0.0219
0.0158
0.0121
0.0063
0.0044
0.0
0.0033
0.0442
0.1925
0.1048
0.0411
0.0147
0.019700000000000002
0.0424
0.0347
0.0004
0.0074
0.0249
0.014400000000000001
0.0119
0.0348
0.0468
0.0336
0.0626
0.059
0.0572
0.057499999999999996
0.07
0.0824
0.1215
0.1551
0.1691
0.1531
0.1814
0.22870000000000001
0.5655
0.30000000000000004
0.3883
0.3235
0.228
0.741
0.7421
0.2392
0.16899999999999998
0.098
0.0646
0.061200000000000004
0.09770000000000001
0.0882
0.0781
0.0749
0.0721
0.08130000000000001
0.0969
0.11549999999999999
0.09079999999999999
0.0954
0.12329999999999999
0.1684
0.216
0.1229
0.19
0.1617
0.11699999999999999
0.20240000000000002
0.37539999999999996
0.1935
0.15889999999999999
0.1297
0.1134
0.09570000000000001
0.8009
0.1422
0.1441
0.1245
0.1291
0.7423
1.2071
0.24130000000000001
0.24710000000000001
0.2547
0.3614
0.3486
0.3406
0.2076
0.19340000000000002
0.17049999999999998
0.2326
0.3809
0.352
0.40469999999999995
0.4881
0.4868
0.6758
0.5508000000000001
0.1354
0.1356
0.1036
0.1278
0.1558
0.2308
0.0416
0.0061
0.0034
0.0086
0.0593
0.014499999999999999
0.0206
0.029
0.108
0.0535
0.0
0.0
0.0
0.33709999999999996
0.3335
0.5151
0.3527
0.11449999999999999
0.0876
0.0814
0.0745
0.073
0.07350000000000001
0.0826
0.1386
0.2887
0.217
0.223
0.2137
0.1195
0.1366
0.1552
0.17120000000000002
0.197
0.2861
0.2263
0.2087
0.25470000000000004
0.24120000000000003
0.2475
0.1794
0.1056
0.1491
0.1429
0.137
0.1367
0.1353
0.1474
0.1778
0.2353
0.6909000000000001
0.29710000000000003
0.2645
0.5912
0.5232
0.4002
0.35109999999999997
0.3059
0.45299999999999996
0.4033
0.33089999999999997
0.3954
0.44120000000000004
0.334
0.2316
0.1744
0.10400000000000001
0.0763
0.0673
0.0708
0.0587
0.1344
0.2382
0.0
0.0
0.0
0.0
0.0
0.0
0.0
0.0224
0.315
0.5944
0.9710000000000001
0.29059999999999997
0.1996
0.3285
0.2247
0.1604
0.148
0.0609
0.057300000000000004
0.0568
0.0536
0.0421
0.0413
0.036500000000000005
0.038
0.1675
0.06770000000000001
0.012
0.0
0.0
0.0
0.0103
0.04
0.8207
0.4308
1.1074
0.20149999999999998
0.1471
0.1308
0.0907
0.0704
0.0757
0.0556
0.058300000000000005
0.0407
0.0239
0.2081
0.4606
0.0267
0.035
0.0429
0.046799999999999994
0.1194
0.0154
0.0325
0.0138
0.045899999999999996
0.1341
0.0492
0.3512
0.0859
0.5397
0.12090000000000001
0.17099999999999999
0.15889999999999999
0.1731
0.1637
0.15889999999999999
0.1567
0.155
0.1643
0.1985
0.3146
0.2363
0.2361
0.208
0.2229
0.1938
0.1725
0.1537
0.1588
0.187
0.2234
0.2319
0.2244
0.2118
0.2066
0.1928
0.1784
0.0
0.0324
0.0
0.0057
0.0258
0.1018
0.0072
0.0
0.21910000000000002
0.0
0.0
1.1767999999999998
0.2239
0.0
0.1286
1.6848
0.016
0.0
0.3663
2.1538
0.8291999999999999
0.6612
0.452
0.0
0.043300000000000005
0.016
0.0089
0.0091
0.0048000000000000004
0.0036
0.0048
0.0126
0.0119
0.0403
0.0711
0.2601
0.3961
0.539
0.225
0.2502
0.7773
0.8913
0.2992
0.24760000000000001
0.8634000000000001
0.3794
0.3073
0.298
1.9615999999999998
2.5561
2.0918
1.9182000000000001
1.2381
1.1235
1.8864
3.6294
2.7784
1.3797000000000001
0.7393000000000001
0.49570000000000003
0.7316
1.0131
1.9402
2.8227
2.6406
1.721
1.6896
2.6302000000000003
1.5228
1.1764000000000001
0.9046
0.7585
0.5245
0.607
0.4236
0.40759999999999996
0.2925
0.23920000000000002
0.2062
0.2021
0.1807
0.172
0.1806
0.17980000000000002
0.8701
0.33440000000000003
0.1905
0.2196
0.2319
0.7485999999999999
1.1002
1.5593
0.7928999999999999
0.3742
0.3568
0.33340000000000003
0.2566
0.1843
0.16749999999999998
0.1546
0.1403
0.14079999999999998
0.1417
0.1106
0.2565
0.43279999999999996
0.4153
0.2059
0.1148
0.1221
0.1605
0.11460000000000001
0.1376
0.5223
0.4578
0.9205000000000001
0.2964
0.24580000000000002
0.2175
0.19269999999999998
0.184
0.17170000000000002
0.1617
0.1618
0.1606
0.1431
0.1196
0.1116
0.101
0.11510000000000001
0.1075
0.1006
0.1197
0.144
0.1241
0.14179999999999998
0.2168
0.7091000000000001
0.6928
0.2919
0.2353
0.2592
0.3161
0.24939999999999998
0.013500000000000002
0.011099999999999999
0.018
0.0134
0.0108
0.0092
0.037700000000000004
0.020499999999999997
0.6198
0.0335
0.0
0.6444000000000001
0.2806
0.1461
0.1963
0.1166
0.9287000000000001
0.217
0.0548
0.1249
0.2505
0.113
0.0592
0.0222
0.38870000000000005
0.4676
0.5447
0.6181
0.5255000000000001
0.4931
0.5713
0.7010000000000001
1.1354
1.6444
1.2641
0.6103000000000001
1.2338
0.6543
0.5538000000000001
0.4751
0.4246
0.5223
0.6805
0.6888
0.4059
0.3025
0.23620000000000002
0.2263
0.1567
0.1451
0.1437
0.1416
0.1421
0.1488
0.1351
0.1182
0.1051
0.11599999999999999
0.13319999999999999
0.1106
0.0991
0.1259
0.1635
0.5767
0.5819000000000001
0.8956000000000001
0.6312
0.281
0.2888
0.28
0.199
0.1608
0.4343
0.8955000000000001
1.9994
0.6849
0.30010000000000003
0.2907
0.3708
0.4263
0.39390000000000003
0.3872
0.3701
0.3425
0.3019
0.2762
0.2935
0.37039999999999995
0.6167
1.9729999999999999
1.5295
0.4973
0.3603
0.3234
0.2577
0.2145
0.127
0.07339999999999999
0.036699999999999997
0.0606
0.0343
0.0661
0.0769
0.0739
0.0838
0.0634
0.1052
1.1115
0.3349
1.3616
0.3251
0.1373
0.9407
1.1363
1.5401
2.8936
1.1080999999999999
0.7056
0.7134
0.434
0.1235
0.1038
0.1027
0.1073
0.1211
0.1111
0.0875
0.1502
0.5493
0.07339999999999999
0.0406
0.0037
0.0
0.0043
0.0039
0.0406
0.1696
0.112
1.0813000000000001
0.0209
0.09609999999999999
0.12279999999999999
0.1183
0.12329999999999999
0.007600000000000001
0.004
0.0009
0.002
0.001
0.0004
0.0039
0.01
0.0222
0.0505
0.0623
0.0681
0.11069999999999999
0.07300000000000001
0.087
0.0845
0.0691
0.053
0.0748
0.0709
0.0269
0.011
0.0091
0.0032
0.1159
0.0757
0.1011
0.09390000000000001
0.08310000000000001
0.0898
0.1026
0.31179999999999997
1.2005
0.1979
0.1434
1.3820000000000001
1.0909
0.3244
0.1902
1.0703
0.7225
0.3772
0.4322
0.6404
1.3605
0.5531999999999999
0.3587
0.1544
0.0
0.0
0.0
0.0
0.0041
0.0
0.0
0.0
0.1806
1.6122999999999998
1.1881
1.1324999999999998
0.8627
0.8378
1.6594
0.9025000000000001
0.6166
0.5367999999999999
0.3136
0.268
0.2155
0.07050000000000001
0.0134
0.0
0.0408
0.0405
0.0424
0.0405
0.0294
0.0436
0.060000000000000005
0.08310000000000001
0.9935999999999999
0.42599999999999993
0.6375
1.3798
0.34750000000000003
0.1752
0.2005
0.1995
1.4775
0.3221
0.301
0.317
0.2525
0.1718
0.1283
0.0855
0.1314
0.10289999999999999
0.0884
0.0717
0.0311
0.0066
0.0
0.0
0.0
0.0
0.0
0.002
0.0008
0.0098
0.0189
0.0162
0.0687
1.0328
1.2483
0.7148
0.14739999999999998
0.1003
0.1647
0.2018
0.1521
0.1206
0.12079999999999999
0.106
0.0928
0.086
0.08360000000000001
0.099
0.1047
0.6981999999999999
0.12340000000000001
0.2616
0.2657
0.3073
0.8194999999999999
0.4119
0.1326
0.1812
0.7559
0.3958
0.3097
0.34230000000000005
0.4193
0.2828
0.0148
0.0072
0.0018
0.0052
0.0076
0.014100000000000001
0.0548
0.1548
0.0669
0.7881
0.2828
0.187
0.5553
0.1008
0.18380000000000002
0.2741
0.1081
0.1416
0.5547
0.21489999999999998
0.1951
0.1948
0.1502
0.06359999999999999
0.0819
0.0598
0.049100000000000005
0.040999999999999995
0.0429
0.0417
0.0397
0.09409999999999999
0.7377
0.2888
0.638
0.0253
0.0575
0.0711
0.12840000000000001
0.1011
0.0872
0.10450000000000001
0.0911
0.0809
0.0998
0.2119
0.22160000000000002
0.11560000000000001
0.037899999999999996
0.0412
0.0336
0.053099999999999994
0.0372
0.0359
0.05
0.12919999999999998
1.4359
0.6676
0.1769
0.13790000000000002
0.0639
0.0624
0.0585
0.6388999999999999
0.6406000000000001
0.213
0.5151
2.4600999999999997
2.552
0.5546
0.0419
0.0526
0.11180000000000001
0.0911
0.0912
0.0723
0.0451
0.0641
0.07780000000000001
0.0299
1.5403
0.2669
0.4376
0.7312
0.3532
0.29900000000000004
0.3424
0.3105
1.3935
0.4428
0.2021
0.2458
0.2893
0.4992
0.6272
0.2815
0.4128
0.2429
0.20190000000000002
0.21810000000000002
0.2067
0.1916
0.1976
1.2174
0.6162
0.1844
0.0216
0.0
0.0
0.0
0.0
0.0
0.0138
0.0619
0.22760000000000002
0.2798
0.1941
0.4044
0.347
0.2027
0.14079999999999998
0.1308
0.1192
0.1209
0.12190000000000001
0.1416
0.3027
0.6238
0.38959999999999995
0.4006
0.3452
0.25429999999999997
0.2556
0.2882
0.2962
0.2909
1.524
1.1383999999999999
0.6069
0.5745
0.5416
0.3886
0.21710000000000002
0.1523
0.2633
0.30110000000000003
0.3034
0.2704
0.2595
0.3175
0.4192
0.305
0.2492
0.4056
0.2594
0.1895
0.982
0.228
0.301
0.2267
0.193
0.1965
0.9951
0.4158
0.38670000000000004
0.4572
0.5586
0.397
0.4884
0.4403
0.34299999999999997
0.3624
0.34009999999999996
0.2581
0.2398
0.2276
0.1986
0.6574
0.7644
0.1936
0.2367
0.5301
0.6356
0.6378
0.5496
1.2647
0.6584
0.4732
0.35509999999999997
0.41300000000000003
0.3782
0.3103
0.0238
0.0014
0.0039000000000000003
0.0111
0.020499999999999997
0.0078
0.0026
0.025
0.031799999999999995
0.0
0.0005
0.0
0.6828000000000001
0.0935
0.2249
1.029
1.1774
2.0657
0.1649
0.3627
0.6205
0.8319000000000001
0.5493
0.0208
0.0125
0.0043
0.0060999999999999995
0.0056
0.0041
0.020999999999999998
0.17529999999999998
0.1163
0.0158
0.015
0.1065
0.1957
0.086
0.0606
0.057
0.36610000000000004
0.6839000000000001
0.6633
0.2156
0.1518
0.1832
0.0923
0.029400000000000003
0.014700000000000001
0.38580000000000003
0.41869999999999996
0.4804
0.538
0.43970000000000004
0.3157
0.3126
0.32889999999999997
0.309
0.40349999999999997
0.7156
0.2922
0.1159
2.5271
1.2788
1.1608
0.5849
0.492
0.446
0.5101
0.4546
0.599
0.6225
0.4343
0.1068
0.0834
0.0753
0.0746
0.0664
0.0615
0.5984
0.25429999999999997
0.1303
0.1521
0.1896
0.2465
0.4087
0.2049
0.2072
0.2292
0.8304
2.2375
0.8511
0.3996
0.4738
0.3694
0.25539999999999996
0.1563
0.3133
0.3165
0.3005
0.3308
0.3779
0.6003000000000001
0.7189
0.5988
0.5384
1.0711
0.1873
0.15039999999999998
0.1181
0.12160000000000001
0.14250000000000002
0.2139
0.5939
0.9198
1.6621000000000001
0.8949999999999999
0.5025999999999999
0.5522
0.5005
0.364
0.1526
0.1454
0.1311
0.12890000000000001
0.1239
0.1341
0.1436
0.1945
0.9296
0.2811
0.2025
0.2089
0.1807
0.1846
0.175
0.19
0.28700000000000003
0.5444
0.2791
0.2198
0.2096
0.21789999999999998
0.22660000000000002
0.19140000000000001
0.1642
0.17559999999999998
0.16820000000000002
0.1648
0.1606
0.1713
0.1992
0.1948
0.7062
0.1156
0.0604
0.0318
0.0236
0.040400000000000005
0.3066
1.2861
0.6595
1.6769
1.295
1.1659000000000002
0.5707
0.5387000000000001
0.1711
0.1543
0.1134
0.1067
0.1063
0.1169
0.12040000000000001
0.153
0.18930000000000002
0.1179
0.08230000000000001
0.077
0.0787
0.0669
0.0811
0.0877
0.11789999999999999
0.1276
0.10439999999999999
0.09140000000000001
0.0909
0.1658
0.107
0.1027
0.1038
0.0982
0.0426
0.0393
0.0398
0.0372
0.0393
0.047799999999999995
0.10250000000000001
0.4323
0.2284
0.1384
0.1322
0.20179999999999998
0.1933
0.1904
0.1954
0.1884
0.3861
0.24930000000000002
0.1839
0.4116
0.3462
0.0979
0.0495
0.042300000000000004
0.1015
0.1009
0.0943
0.0951
0.0973
0.1084
0.1604
0.2623
0.3347
0.5252
0.2228
0.086
0.0784
0.0869
0.0917
0.1164
0.1473
0.6887
0.3084
0.42369999999999997
0.3453
0.3093
0.1852
0.11130000000000001
0.1402
0.0558
0.041
0.0353
0.0323
0.029699999999999997
0.0686
0.3992
0.0604
0.0913
0.355
0.07899999999999999
0.2404
0.0079
0.0005
0.0
0.050699999999999995
0.09129999999999999
0.2242
0.3836
0.2224
0.23199999999999998
0.1936
0.1072
0.1176
0.10200000000000001
0.1032
0.09240000000000001
0.0796
0.0823
0.10400000000000001
0.0984
0.6497999999999999
0.2971
0.4889
0.9376
0.048
0.1006
0.2395
0.1983
0.1051
0.0688
0.0938
0.0693
0.095
0.1127
0.1365
0.1209
0.11510000000000001
0.1099
0.1114
0.11080000000000001
0.119
0.154
0.2157
0.1817
0.1617
0.16849999999999998
0.1499
0.13290000000000002
0.1354
0.1629
0.185
0.596
0.47830000000000006
0.3025
0.4854
0.6769000000000001
0.4652
0.29069999999999996
0.1614
0.1264
0.0178
0.0137
0.002
0.0038
0.0
0.0016
0.002
0.9236
1.475
0.3493
0.0
0.0
0.0
0.0
0.0374
0.099
0.8554
0.3999
0.07780000000000001
0.08460000000000001
0.1052
0.1546
0.1271
0.030600000000000002
0.1236
0.1147
0.11030000000000001
0.1085
0.10400000000000001
0.1059
0.1105
0.1869
0.1608
0.14450000000000002
0.1334
0.1195
0.1147
0.1105
0.113
0.139
0.1277
0.0937
0.0949
0.09670000000000001
0.0911
0.1057
0.12029999999999999
0.1194
0.07300000000000001
0.0576
0.0561
0.0556
0.051000000000000004
0.2613
0.3283
0.0482
0.0267
0.0279
0.0164
0.0308
0.054099999999999995
0.0649
0.0948
0.2355
0.5382
0.5613
0.0727
0.0811
0.16499999999999998
0.1154
0.0875
0.0754
0.0878
0.064
0.0624
0.0701
0.058899999999999994
0.06939999999999999
0.1118
0.2003
0.23659999999999998
0.23809999999999998
0.2576
0.2711
0.25279999999999997
0.2063
0.20479999999999998
0.42779999999999996
0.5453
0.33899999999999997
1.2091
0.7738
1.0048
1.1478
1.4884
0.9101999999999999
0.101
0.0801
0.0809
0.074
0.0698
0.0763
0.0847
0.11630000000000001
0.153
0.1731
0.2135
0.42479999999999996
0.7088
1.2652999999999999
0.4364
0.5184
0.9393
0.7912
0.8422000000000001
0.9292
0.5811999999999999
0.3765
0.2445
0.1598
0.5768
0.3138
0.29
0.2786
0.2403
0.2522
0.2496
0.26480000000000004
0.27090000000000003
0.2405
0.25039999999999996
1.1609
1.3392
1.5506
0.28800000000000003
0.2859
0.406
1.2229
1.7775
0.6181000000000001
0.5377
0.4748
0.431
0.3903
0.0838
0.0736
0.0896
0.0821
0.0851
0.09340000000000001
0.1094
0.1232
0.21430000000000002
0.8303
0.7998000000000001
0.6483
0.8738
0.32789999999999997
0.2864
0.2704
1.251
0.3353
0.5171
1.673
0.1507
0.18059999999999998
0.1466
0.1246
0.0564
0.054
0.061399999999999996
0.0589
0.07730000000000001
0.10170000000000001
0.1609
0.2014
0.20379999999999998
0.1353
0.189
0.4366
0.4981
0.35
0.4897
0.5527
0.5307999999999999
0.6274
0.9359
0.3325
0.16310000000000002
0.0688
0.0371
0.0491
0.015200000000000002
0.0195
0.0111
0.0066
0.0132
0.0006
0.0971
0.3276
0.0467
0.0403
0.4696
0.014599999999999998
0.0344
0.034600000000000006
0.0625
0.0582
0.0503
0.1023
0.21650000000000003
0.4454
0.2281
0.1829
0.0842
0.0234
0.044800000000000006
0.03
0.0395
0.0157
0.0345
0.3401
0.8180000000000001
0.0223
0.1527
0.18619999999999998
0.27340000000000003
0.08660000000000001
0.0519
0.0677
0.2355
0.5289999999999999
0.8002
0.28459999999999996
0.3106
1.5352
1.0652
0.4704
0.050199999999999995
0.0748
0.20829999999999999
0.1982
0.1935
0.1919
0.1864
0.1942
0.2122
0.5222
0.41890000000000005
0.2834
0.30300000000000005
0.3251
0.2867
0.2969
0.568
1.1105
0.5775
0.4365
0.5842
0.5237
0.5486
0.38549999999999995
0.2787
0.2324
0.0237
0.0038
0.0129
0.0183
0.0058
0.008
0.0133
0.009
0.028900000000000002
0.049300000000000004
0.0838
0.3439
0.2973
1.7398
0.5559000000000001
0.8163
1.0545
0.9632000000000001
1.4395
2.027
1.816
0.2974
0.1363
0.0762
0.1375
0.1263
0.1197
0.1182
0.1105
0.1154
0.12310000000000001
0.2792
0.6941
0.2491
0.1453
0.08130000000000001
0.0731
0.0933
0.10669999999999999
0.2582
0.6281
0.2417
0.1819
0.1533
0.1627
0.23149999999999998
0.3039
0.2024
0.1003
0.09709999999999999
0.1115
0.1338
0.2349
0.768
0.3628
0.2872
0.1464
0.09359999999999999
0.07619999999999999
0.0604
0.048100000000000004
0.0626
0.0875
0.09770000000000001
0.99
1.7194
1.6465
0.8864000000000001
0.3921
0.20500000000000002
0.0917
0.1046
0.018699999999999998
0.0218
0.0
0.0
0.0
0.0
0.0
0.0635
0.0325
0.0
0.1237
0.0
0.0
0.0
0.0001
0.0
0.0
0.0
0.37679999999999997
0.2243
0.5196000000000001
0.5934
0.185
0.0443
0.043
0.0354
0.0339
0.0335
0.0324
0.0458
0.15039999999999998
0.0912
0.036500000000000005
0.028
0.0207
0.0115
0.012799999999999999
0.014
0.0065
0.0063999999999999994
0.0167
0.12940000000000002
0.0373
0.5324
0.3079
0.1977
0.108
0.0565
0.0838
0.0751
0.0701
0.0651
0.061200000000000004
0.0682
0.0889
0.17620000000000002
0.6526
0.9165
0.5313
0.49470000000000003
0.3699
0.26880000000000004
0.2682
0.5921
1.1734
0.9116
1.4253
0.45030000000000003
0.2625
0.17620000000000002
0.11830000000000002
0.10120000000000001
0.1621
0.14400000000000002
0.1182
0.0877
0.08380000000000001
0.060899999999999996
0.0634
0.07849999999999999
0.067
0.8413
2.3915
1.3880000000000001
0.3878
0.3667
0.4648
0.3121
0.17159999999999997
0.1676
0.2079
0.20479999999999998
0.1986
0.2338
0.4507
1.0145
0.1814
0.1794
0.18180000000000002
0.2203
0.24230000000000002
0.2554
0.2935
0.31010000000000004
0.3534
0.3541
0.192
0.16749999999999998
0.19490000000000002
0.20729999999999998
0.2208
0.4767
0.5281
0.3226
0.2439
0.3595
0.2319
0.265
0.27990000000000004
0.2226
0.08629999999999999
0.079
0.07500000000000001
0.0732
0.0762
0.09359999999999999
0.1517
0.1895
0.1896
0.2092
0.2407
0.3839
0.5530999999999999
0.19929999999999998
0.1718
0.1904
0.7349
0.44920000000000004
0.5354
0.3923
0.362
0.26449999999999996
0.1642
0.1049
0.1023
0.0985
0.0884
0.0907
0.0866
0.1001
0.1173
0.2227
0.4479
0.139
0.1079
0.0938
0.1215
0.1506
0.2867
0.2024
0.1252
0.2675
1.2629
0.5045999999999999
0.5546
0.6033999999999999
0.16399999999999998
0.0982
0.07930000000000001
0.0696
0.058800000000000005
0.0572
0.058300000000000005
0.0638
0.0944
0.1724
0.2384
0.31510000000000005
0.3994
0.4627
0.5587
0.2782
0.5015000000000001
0.35719999999999996
0.3515
0.4868
0.4636
0.4114
0.3604
0.33919999999999995
0.2544
0.1352
0.10120000000000001
0.1071
0.0954
0.0971
0.0898
0.1642
0.4738
0.3462
0.2409
0.2733
0.2904
0.24659999999999999
0.24430000000000002
0.2901
0.28159999999999996
0.3009
1.2928000000000002
1.892
2.1582
0.9007000000000001
0.39159999999999995
0.2806
0.1511
0.1235
0.386
0.2751
0.1297
0.24480000000000002
0.2107
0.1136
0.0715
1.3833
0.5491999999999999
0.0
0.0
0.0
0.0
0.0
0.0
0.0
0.0
0.0
0.0
0.0
0.0
0.0
0.0
0.0015
0.2062
0.15360000000000001
0.1553
0.23399999999999999
0.1887
0.131
0.11359999999999999
0.1255
0.0965
0.28090000000000004
0.1982
0.1247
0.7402
0.26149999999999995
0.1139
1.2879
0.8049
0.2632
0.2563
0.2659
0.1481
0.1444
0.5776
0.24509999999999998
0.29500000000000004
0.27549999999999997
0.2621
0.2025
0.1613
0.15410000000000001
0.1655
0.1749
0.1809
0.24230000000000002
0.2831
0.2016
0.1713
0.2177
0.3641
0.3372
0.2996
1.0519
3.1361
0.0935
0.1253
0.1467
0.3899
0.6631
0.1474
0.1175
0.09770000000000001
0.0892
0.0833
0.0612
0.0304
0.0064
0.0
0.0
0.0626
0.1192
0.0
0.0
0.0
0.0
0.0416
0.2195
0.21960000000000002
0.0377
0.0757
0.08399999999999999
0.0741
0.11299999999999999
0.07500000000000001
0.0608
0.0703
0.06
0.058499999999999996
0.0672
0.060899999999999996
0.1303
0.34909999999999997
0.3499
0.8426
2.7069
1.6055
0.6924999999999999
1.9864000000000002
1.9481000000000002
0.8421
2.3287
0.7001999999999999
0.2559
0.28300000000000003
0.2205
0.1538
0.111
0.2123
0.1995
0.1892
0.1874
0.1852
0.1985
0.2193
0.6259
0.3635
0.2669
0.2449
0.2469
0.2591
0.26680000000000004
0.2817
0.3592
0.3433
0.4979
0.8386
0.41169999999999995
0.5899
0.7455
0.3096
0.2371
0.0706
0.0628
0.0634
0.0649
0.07
0.062
0.0877
0.0945
0.21150000000000002
1.1848999999999998
1.5221
0.4667
1.1503999999999999
0.9903
0.5738
1.3628
0.4535
0.3476
0.3468
0.39949999999999997
0.4723
0.42869999999999997
0.2528
0.149
0.1106
0.11149999999999999
0.0969
0.10600000000000001
0.1011
0.106
0.1162
0.2545
0.5536
1.5973000000000002
0.7535
0.7904
0.1735
0.2219
0.2643
0.3573
0.2225
0.21739999999999998
0.1893
0.1598
0.1688
0.14579999999999999
0.1227
0.11860000000000001
0.07089999999999999
0.063
0.0506
0.047
0.0426
0.0448
0.059000000000000004
0.1207
0.0763
0.0378
0.0583
0.022
0.0171
0.0206
0.0271
0.0288
0.027999999999999997
0.1356
0.0999
0.1386
0.1288
0.0844
0.0453
0.035199999999999995
1.5684
1.6166
0.8046
0.47650000000000003
0.4064
0.3994
0.3891
0.2963
0.2397
0.21810000000000002
0.19990000000000002
0.18309999999999998
0.19
0.1691
0.1616
0.15289999999999998
0.13879999999999998
0.1891
0.8135000000000001
0.6997
0.5834
0.4787
0.4543
0.9166
0.2188
0.1958
0.1805
0.186
0.20379999999999998
0.21190000000000003
0.1703
0.1607
0.1353
0.1371
0.1341
0.12110000000000001
0.7999
0.2947
0.3936
0.20779999999999998
0.1829
0.17099999999999999
0.1915
0.2469
0.22010000000000002
0.19979999999999998
0.1939
0.1881
0.3004
0.24770000000000003
0.13729999999999998
0.133
0.12780000000000002
0.13419999999999999
0.137
0.1632
0.1827
0.6053
0.6796
0.2366
0.5119
0.2555
0.192
0.18880000000000002
0.2137
0.5246
0.3975
0.3391
0.3257
0.3335
0.3801
0.25980000000000003
0.1222
0.1133
0.1166
0.1159
0.1046
0.1115
0.12840000000000001
0.17170000000000002
0.1951
1.0917
1.7394
1.7891
0.5443
1.2226
0.014
0.025
0.07440000000000001
0.1009
0.12029999999999999
0.1419
0.1587
0.1269
0.11750000000000001
0.1023
0.0698
0.0499
0.0558
0.058300000000000005
0.0606
0.0746
0.11
0.23470000000000002
0.0683
0.0039
0.0
0.0
0.0
0.0
0.0
0.0
0.0
0.09709999999999999
0.23879999999999998
0.5862
0.0952
0.1292
0.1089
0.0806
0.1059
0.0921
0.08349999999999999
0.0803
0.079
0.07719999999999999
0.0727
0.0834
0.1336
0.1405
0.135
0.1163
0.0961
0.1148
0.137
0.14629999999999999
0.1338
0.14700000000000002
0.2501
0.2899
0.3048
0.36450000000000005
0.2111
0.1406
0.1372
0.1416
0.1876
0.2773
0.5682
0.5659000000000001
0.521
0.3089
0.1018
0.0118
0.0
0.0
0.0071
0.0027
0.0
1.1166
0.2622
0.173
0.0719
0.0708
0.0947
0.19669999999999999
0.2754
0.202
0.0489
0.0395
0.0412
0.033
0.0268
0.0184
0.0159
0.0131
0.013399999999999999
0.1625
0.2308
0.0511
0.1125
0.1517
0.0074
0.0
0.0
0.0
0.0
0.0
0.0897
0.1622
0.0936
0.0618
0.045899999999999996
0.0432
0.0385
0.039
0.0364
0.044899999999999995
0.0596
0.1812
0.1396
0.1101
0.0764
0.0699
0.11779999999999999
0.0886
0.12580000000000002
0.1254
0.0778
0.11750000000000001
0.137
0.1041
0.0603
0.0567
0.0535
0.0412
0.1331
0.12329999999999999
0.1179
0.11610000000000001
0.1142
0.1152
0.1217
0.1742
0.28390000000000004
0.3207
0.1547
0.11349999999999999
0.0863
0.0689
0.048600000000000004
0.0589
0.0891
0.2923
0.4007
0.2704
0.1998
0.1555
0.1283
0.1179
0.5121
0.36629999999999996
0.3194
0.3073
0.27959999999999996
0.2713
0.3151
0.4776
0.2256
0.1374
0.4396
0.1961
0.19479999999999997
0.1832
0.4767
0.5315000000000001
0.369
0.3256
0.35960000000000003
1.1692
0.2016
0.31720000000000004
0.353
0.3841
0.1069
0.065
0.0901
0.0261
0.0445
0.0132
0.018099999999999998
0.0094
0.035500000000000004
0.0
0.0083
0.0202
0.2693
2.1035
0.5270999999999999
0.9754
0.457
0.1195
0.2043
0.4222
0.16899999999999998
0.0739
0.0638
0.0862
0.0644
0.0526
0.044700000000000004
0.037000000000000005
0.032
0.0202
0.016
0.0165
0.0155
0.068
0.06570000000000001
0.0566
0.043399999999999994
0.0673
0.0451
0.0458
0.0474
0.0279
0.08259999999999999
0.08729999999999999
0.07669999999999999
0.1063
0.1529
0.12029999999999999
0.021400000000000002
0.0196
0.0234
0.0197
0.0196
0.0369
0.1084
0.2944
0.23570000000000002
0.395
0.0951
0.0691
0.3433
0.0413
0.0278
0.035500000000000004
0.0722
0.1855
0.17029999999999998
0.40800000000000003
0.13729999999999998
0.0461
0.0123
0.0127
0.6321
0.6666000000000001
0.6875
0.4663
0.4302
0.3953
0.38639999999999997
0.4164
0.6553
0.6666
0.45220000000000005
0.39680000000000004
0.3304
0.3649
0.6829000000000001
0.6204000000000001
0.688
1.8641
0.6692
0.4537
0.5183
0.6368
0.7644
0.8916999999999999
0.093
0.0836
0.07819999999999999
0.0766
0.076
0.0844
0.1099
0.1873
0.2012
0.1812
0.1498
0.14200000000000002
0.16460000000000002
0.1713
0.1848
0.20929999999999999
0.23909999999999998
0.2216
0.1487
0.14989999999999998
0.16770000000000002
0.1938
0.1755
0.1223
0.13019999999999998
0.1221
0.1172
0.1149
0.1137
0.11699999999999999
0.1277
0.14900000000000002
0.15239999999999998
0.1875
0.1565
0.1856
0.2047
0.1493
0.1406
0.16549999999999998
0.20379999999999998
0.2549
0.3638
0.189
0.1555
0.14939999999999998
0.1489
0.1386
0.066
0.0596
0.048100000000000004
0.0475
0.045899999999999996
0.0478
0.061
0.2142
0.36250000000000004
0.1708
0.20700000000000002
0.1219
0.2885
0.1216
0.12940000000000002
0.1297
0.1291
0.39680000000000004
0.1554
0.41500000000000004
0.18780000000000002
0.2573
0.35150000000000003
0.1509
0.1694
0.3681
0.2813
0.1537
0.1362
0.1481
0.16210000000000002
0.17820000000000003
0.1565
0.1587
0.4605
0.3947
0.5720000000000001
0.24509999999999998
0.5858
0.2696
0.1557
0.1315
0.14379999999999998
0.2113
0.2318
0.2061
0.1879
0.1681
0.2276
0.17570000000000002
0.1462
0.1392
0.1311
0.1405
0.1257
0.2
0.303
0.3059
0.397
0.2801
0.1308
0.1465
0.2011
0.2669
0.9856
0.5653
0.1217
0.0823
0.14450000000000002
0.129
0.22640000000000002
0.2571
0.2581
0.2097
0.2122
0.2382
0.2132
0.1966
0.213
0.1992
0.1755
0.17930000000000001
0.1253
0.12890000000000001
0.4365
2.6607000000000003
1.1564999999999999
0.5503
0.5987
0.4887
0.2479
0.2648
0.1945
0.16770000000000002
0.33940000000000003
0.5369999999999999
0.0732
0.06570000000000001
0.0588
0.051000000000000004
0.0432
0.0887
0.5751
0.1753
0.12919999999999998
0.1945
0.1851
0.14989999999999998
0.20329999999999998
0.158
0.1336
0.1299
0.7609
0.2812
1.1565
0.314
0.3196
0.352
0.2753
0.1382
0.048100000000000004
0.014599999999999998
0.0017
0.003
0.0015999999999999999
0.0014
0.0
0.0054
0.005200000000000001
0.193
0.42879999999999996
0.192
0.14229999999999998
0.2929
0.0288
0.0
0.0375
0.4015
0.7163999999999999
0.3116
0.1835
0.18619999999999998
0.1716
0.0933
0.079
0.06820000000000001
0.0606
0.063
0.0625
0.0576
0.052500000000000005
0.0466
0.038
0.0501
0.043800000000000006
0.0395
0.0691
0.08579999999999999
0.0654
0.0818
0.1281
0.19069999999999998
0.433
0.19140000000000001
0.15200000000000002
0.1499
0.1441
0.11460000000000001
0.1698
0.1735
0.1745
0.1318
0.11889999999999999
0.1396
0.13069999999999998
0.1611
0.1523
0.14939999999999998
0.1374
0.0385
1.7316
0.5126999999999999
0.24819999999999998
1.9855
0.24109999999999998
0.2229
0.16699999999999998
1.0614999999999999
0.5297000000000001
0.4602
0.43220000000000003
0.2918
0.1266
0.11230000000000001
0.1077
0.1066
0.1036
0.1091
0.13340000000000002
0.1585
0.13140000000000002
0.13440000000000002
0.12840000000000001
0.125
0.1474
0.1291
0.13490000000000002
0.2242
0.1863
0.1315
0.5507
0.3713
0.1743
0.19090000000000001
0.2097
0.18130000000000002
0.0999
0.0917
0.08729999999999999
0.0809
0.0834
0.0806
0.095
0.1706
0.29900000000000004
0.4807
0.6026
0.1081
0.1234
0.1217
0.1376
0.2262
0.35219999999999996
0.22849999999999998
0.4241
0.45189999999999997
0.30079999999999996
0.29610000000000003
0.3286
0.17049999999999998
0.0203
0.0238
0.0275
0.026099999999999998
0.0252
0.024
0.0405
0.08230000000000001
0.2036
0.7621
0.1444
0.0292
0.2445
0.3513
0.2948
0.2577
0.21960000000000002
0.2988
0.318
0.1825
0.1916
0.12409999999999999
0.0643
0.0206
0.3253
0.32189999999999996
0.31789999999999996
0.3295
0.3106
0.3568
0.9506
1.3777
0.7266
0.591
0.8829
0.6289
0.4912
0.5535
0.7474000000000001
0.7269
1.1462
1.4673999999999998
0.4363
0.479
0.396
0.3477
0.2841
0.2783
0.0146
0.0085
0.007
0.0083
0.014
0.0404
0.0465
0.068
0.07730000000000001
0.1054
0.09609999999999999
0.017300000000000003
0.2472
0.15999999999999998
0.25939999999999996
0.0762
0.0191
0.1792
0.1706
0.010599999999999998
0.0404
0.0398
0.0286
0.0087
0.13829999999999998
0.1431
0.1276
0.12140000000000001
0.24259999999999998
0.24669999999999997
0.2223
0.2272
0.2414
0.8306
0.2631
0.12990000000000002
0.1755
0.3644
0.23399999999999999
0.27449999999999997
1.2833
0.7234
1.2192
0.5698
0.3886
0.3174
0.1874
0.1558
0.0476
0.044700000000000004
0.0436
0.0476
0.0439
0.0488
0.0697
0.1626
0.41389999999999993
0.2012
0.1264
1.2169999999999999
0.4538
0.16510000000000002
0.1969
0.2872
0.1786
0.1726
0.2605
0.27080000000000004
0.31510000000000005
0.27790000000000004
0.18259999999999998
0.08499999999999999
0.059399999999999994
0.0448
0.0426
0.0407
0.0422
0.0446
0.0639
0.0528
0.0441
0.0537
0.0372
0.0352
0.24359999999999998
0.0383
0.0098
0.0171
0.0137
0.060899999999999996
0.266
0.46330000000000005
0.2198
0.1258
0.09820000000000001
0.0701
0.0
0.0
0.0023
0.028200000000000003
0.041499999999999995
0.033600000000000005
0.044700000000000004
0.0358
0.0852
0.2138
0.0054
0.0092
0.018099999999999998
0.0414
0.3083
2.4024
2.1326
0.9667
0.1676
0.1215
0.0053
0.0
0.0
0.0
0.2036
0.137
0.1123
0.1058
0.10200000000000001
0.1062
0.11299999999999999
0.2108
0.22299999999999998
0.28500000000000003
0.4426
0.29569999999999996
0.1959
0.1729
0.21839999999999998
0.22660000000000002
0.1623
0.7842
0.1116
0.14850000000000002
0.1579
0.1864
0.2794
0.2343
0.10550000000000001
0.0989
0.09340000000000001
0.09129999999999999
0.0963
0.1109
0.189
0.2491
0.2173
0.2155
0.15739999999999998
0.1514
0.2187
0.1664
0.13479999999999998
0.1503
0.1777
0.8180000000000001
0.5237
0.4766
0.3871
0.3356
0.2343
0.1393
0.15410000000000001
0.1268
0.1132
0.1056
0.096
0.0937
0.0839
0.0854
0.1624
0.1488
0.1673
0.19540000000000002
0.1028
0.1237
0.1712
0.4022
0.837
1.0411000000000001
0.3597
0.2921
0.35760000000000003
0.31589999999999996
0.2323
0.1884
0.0586
0.052
0.0509
0.047
0.046200000000000005
0.0513
0.0524
0.0682
0.1587
0.5465
0.2406
0.4366
0.091
0.1157
0.2012
0.328
0.14550000000000002
0.1496
0.1285
0.093
0.0839
0.0698
0.0654
0.0626
0.0002
0.0
0.0
0.0
0.0
0.0
0.0287
0.0171
0.0
0.0
0.0
0.0
0.0
0.0
0.0005
0.0003
0.0074
0.047299999999999995
0.004
0.022699999999999998
0.0026
0.0079
0.0114
0.0
0.1887
0.1689
0.1578
0.1495
0.1381
0.1303
0.1338
0.13579999999999998
0.1237
0.1241
0.12029999999999999
0.1194
0.1338
0.2893
0.6287
0.3426
0.4233
1.0178
0.3545
0.3117
0.8432999999999999
0.4009
0.18409999999999999
0.16920000000000002
0.0
0.0
0.0
0.0
0.0
0.0
0.0
0.0491
0.8129000000000001
1.7736
1.3109
3.1161
0.8369
0.0065
0.0083
0.0461
0.2421
0.2276
0.2147
0.0652
0.0396
0.0
0.0
0.0
0.0594
0.0475
0.0422
0.0406
0.04
0.0443
0.0761
0.08310000000000001
0.0765
0.1153
0.1144
0.0237
0.023899999999999998
0.0263
0.0179
0.0145
0.0173
0.0774
0.0423
0.0802
0.08940000000000001
0.1267
0.1022
0.057
0.1838
0.1643
0.1543
0.1417
0.1313
0.1214
0.1157
0.11860000000000001
0.2721
0.15689999999999998
0.1609
0.1463
0.1323
0.1449
0.20140000000000002
0.3722
0.2424
0.15639999999999998
0.1726
0.2515
0.2141
0.2029
0.20550000000000002
0.1958
0.0
0.0
0.0
0.0
0.0
0.0
0.0
0.0757
0.051300000000000005
0.078
0.0555
0.7045
0.0241
0.0
0.0
0.0
0.0
0.13679999999999998
0.0015
0.0
0.0879
0.16249999999999998
0.1392
0.0415
0.054599999999999996
0.0423
0.0422
0.0391
0.0386
0.042300000000000004
0.040900000000000006
0.0542
0.0639
0.09
0.4404
1.0718
0.3553
0.4346
0.21810000000000002
0.2528
0.2569
0.7827999999999999
0.5122
0.24409999999999998
0.15239999999999998
0.1219
0.107
0.08030000000000001
0.06520000000000001
0.0584
0.0521
0.0519
0.0535
0.0598
0.0707
0.0879
0.1293
0.184
0.1381
0.1122
0.1197
0.1307
0.1299
0.1175
0.16670000000000001
0.237
0.12840000000000001
0.1278
0.1669
0.2046
0.15510000000000002
0.0887
0.137
0.1274
0.13019999999999998
0.1164
0.1121
0.11280000000000001
0.1178
0.1593
0.21339999999999998
0.1051
0.0912
0.1006
0.1084
0.1262
0.6447
1.0984
0.597
0.25070000000000003
0.1663
0.2414
0.2877
0.1615
0.10350000000000001
0.1091
0.0324
0.029699999999999997
0.0259
0.0258
0.0242
0.027999999999999997
0.040400000000000005
0.3286
0.24209999999999998
0.099
0.0621
0.0331
0.061200000000000004
0.0801
0.12229999999999999
0.1548
0.2842
0.472
0.2237
0.2738
0.24230000000000002
0.2467
0.1139
0.0392
0.1174
0.0971
0.0891
0.0842
0.0817
0.09140000000000001
0.0983
0.1201
0.1528
0.22549999999999998
0.40859999999999996
0.2023
0.2851
0.6535
0.173
0.1652
0.16649999999999998
0.6764
0.3348
0.3191
0.3188
0.3088
0.23149999999999998
0.14900000000000002
0.2234
0.2643
0.3886
0.269
0.0512
0.0214
0.0325
0.0164
0.0
0.0
0.0
0.0
0.0
0.7848
0.20299999999999999
0.105
0.3849
0.8184
2.2709
1.947
0.5476
0.5926
0.9206000000000001
0.8655999999999999
0.07780000000000001
0.0761
0.07619999999999999
0.0821
0.08299999999999999
0.0955
0.13829999999999998
0.2102
0.5568
0.5529
0.4438
0.6437999999999999
0.3023
0.306
0.6125
0.6661
0.2488
0.5431
0.7265999999999999
0.17459999999999998
0.1544
0.1157
0.0942
0.08149999999999999
0.33130000000000004
0.3612
0.27890000000000004
0.399
0.377
0.4827
0.5427
0.6643
0.8425
2.3034
0.9419000000000001
0.723
1.1155
0.6803
0.5081
0.4414
2.0855
0.6729
1.029
2.4108
2.0265
2.0864000000000003
2.3956
0.7550000000000001
0.2306
0.2174
0.20829999999999999
0.24609999999999999
0.28790000000000004
0.5379
0.3881
0.20479999999999998
0.15739999999999998
0.15839999999999999
0.1367
0.1405
0.1366
0.1516
0.2665
0.4013
0.9724999999999999
2.1702000000000004
0.897
0.6604
0.3839
0.3725
0.3113
0.27049999999999996
0.1931
0.2084
0.195
0.1835
0.1827
0.1889
0.749
0.40700000000000003
0.2443
0.2123
0.2867
0.2146
0.2236
0.2277
0.2476
0.2119
0.187
0.5831
0.622
0.3608
0.3905
0.32320000000000004
0.2309
0.1889
0.2108
0.19319999999999998
0.1935
0.19390000000000002
0.20400000000000001
0.3712
0.4889
0.36060000000000003
0.3139
0.26439999999999997
0.1873
0.2952
0.5964
0.3722
0.2741
0.3236
0.3154
0.2389
0.1776
0.1278
0.16410000000000002
0.1961
0.2254
0.21989999999999998
0.1466
0.126
0.1122
0.1086
0.1026
0.1053
0.1117
0.1649
0.2022
0.34609999999999996
0.1734
0.2074
0.6548
0.6965
0.15510000000000002
0.1422
1.1236000000000002
0.9675
0.2611
0.1644
0.2072
0.237
0.2912
0.22249999999999998
0.16949999999999998
0.15389999999999998
0.1449
0.1402
0.1377
0.1423
0.16510000000000002
0.2339
0.47319999999999995
0.3796
0.371
0.3588
0.3115
0.30879999999999996
0.32099999999999995
0.3436
0.5175000000000001
0.5579
0.7276
1.2659
0.7265999999999999
0.4483
0.2956
0.2195
0.08
0.07150000000000001
0.061200000000000004
0.0726
0.1095
0.189
0.0846
0.0455
0.0513
0.0607
0.0552
0.051500000000000004
0.1114
0.12160000000000001
0.09090000000000001
0.1129
0.2504
0.907
0.2005
0.4607
0.3423
0.2344
0.1625
0.1157
0.1132
0.0891
0.07669999999999999
0.073
0.0665
0.0674
0.06939999999999999
0.0818
0.1134
0.139
0.12919999999999998
0.1543
0.1712
0.1931
0.3036
0.2754
0.5708
0.25570000000000004
0.18130000000000002
0.18569999999999998
0.2172
0.27390000000000003
0.39780000000000004
0.20779999999999998
0.0732
0.0751
0.0885
0.10070000000000001
0.11019999999999999
0.1185
0.1419
0.1326
0.2278
0.12340000000000001
0.0516
0.0049
0.0025
0.020900000000000002
0.0523
0.3603
0.19920000000000002
0.10419999999999999
0.11080000000000001
0.1686
0.1077
0.11860000000000001
0.08349999999999999
0.06
0.0
0.0
0.0
0.0069
0.0035
0.0
0.0
0.0008
0.0057
0.0398
0.22340000000000002
0.2519
0.069
0.5385
0.2119
0.303
1.3594
0.3845
0.737
0.372
0.5245
0.3738
0.064
0.0111
0.4149
0.5154000000000001
0.3321
0.1987
0.15689999999999998
0.16799999999999998
0.1709
0.1912
0.251
0.2999
0.41509999999999997
0.4653
0.419
1.555
1.5262
0.3776
0.35819999999999996
0.5917
0.7788999999999999
0.9933000000000001
1.1008
1.1027
1.0602
0.6191
0.0
0.0
0.0
0.0
0.0
0.0
0.0
0.0
0.0179
0.0021
0.0235
0.0
0.0
0.0
0.0
0.0
0.0
0.0498
0.004
0.0135
0.0029
0.0007
0.0
0.0
0.1718
0.1547
0.1498
0.1406
0.13290000000000002
0.14989999999999998
0.1713
0.5793
0.9460999999999999
0.1515
0.14629999999999999
0.1485
0.18980000000000002
0.3293
0.5853999999999999
0.2262
0.1881
0.19690000000000002
0.1634
0.1916
0.2119
0.2512
0.23120000000000002
0.1757
0.1131
0.1074
0.1092
0.1151
0.1888
0.5961000000000001
0.1884
0.18209999999999998
0.1441
0.14939999999999998
0.14629999999999999
0.14450000000000002
0.14229999999999998
0.1729
0.17759999999999998
0.2364
1.103
0.8198000000000001
1.1162999999999998
1.4550999999999998
0.6017
0.19340000000000002
0.0952
0.1099
0.2504
0.2284
0.22799999999999998
0.2247
0.2264
0.2311
0.2565
0.29259999999999997
0.5415
1.1253
0.9577
2.7726
0.6691
0.5005999999999999
0.5646
0.5476
0.9206000000000001
1.1448
0.9217
0.5825
0.5174
0.47209999999999996
0.41759999999999997
0.3397
0.246
0.2233
0.2051
0.1996
0.2001
0.2019
0.27759999999999996
1.2743
0.3284
0.42310000000000003
0.3771
0.3305
0.3209
0.3591
1.0335
0.607
0.4738
1.3124
0.41900000000000004
0.3242
0.31
0.42269999999999996
0.8533999999999999
0.4726
0.1085
0.052
0.0519
0.0431
0.0183
0.0216
0.0238
0.0138
0.0
0.0374
0.0852
0.5923
0.1606
0.2081
1.2945
0.3566
0.0
0.0
0.0
0.0
0.0011
0.07819999999999999
0.1527
0.1666
0.2218
0.197
0.1849
0.18109999999999998
0.1753
0.1789
0.18469999999999998
0.21589999999999998
0.3447
0.661
0.40290000000000004
0.43689999999999996
0.42169999999999996
0.3922
0.5018
0.437
0.4748
0.7068
0.3597
0.3473
0.3627
0.3853
0.4653
0.33609999999999995
0.173
0.1486
0.1379
0.13190000000000002
0.1264
0.1347
0.14190000000000003
0.1669
0.257
0.2306
0.16820000000000002
0.2334
0.1858
0.2368
0.2861
0.185
0.4218
0.3679
0.1064
0.0716
0.11
0.1503
0.1905
0.1729
0.1033
0.07830000000000001
0.0986
0.07919999999999999
0.0694
0.0495
0.0486
0.038400000000000004
0.0225
0.266
0.0173
0.1089
0.7908000000000001
0.8399000000000001
0.0
1.4032
0.0655
0.0309
0.0308
0.29200000000000004
0.2484
0.14579999999999999
0.13169999999999998
0.1185
0.2082
0.18180000000000002
0.16649999999999998
0.15849999999999997
0.15339999999999998
0.1573
0.1676
0.18869999999999998
0.23099999999999998
0.2918
0.3171
0.368
0.41759999999999997
0.7041999999999999
0.2674
0.2299
0.2354
0.3035
0.3801
0.7894
0.643
0.5222
0.40769999999999995
0.30569999999999997
0.2098
0.1758
0.1899
0.1819
0.1782
0.2116
0.2484
0.4301
1.2743
0.4135
0.1096
0.2232
0.5537
0.1352
0.0933
0.1036
0.29869999999999997
0.1549
0.24000000000000002
0.4277
0.3493
0.3845
0.4083
0.3305
0.0
0.0
0.0
0.0003
0.0
0.0001
0.0
0.0341
0.1226
0.1199
0.1474
0.6793
0.2965
0.0637
0.09759999999999999
0.3271
0.6425
0.1904
0.1928
0.25070000000000003
0.2565
0.25470000000000004
0.1369
0.0161
0.12179999999999999
0.1137
0.1135
0.1147
0.11080000000000001
0.1007
0.0964
0.0932
0.0806
0.0977
0.0859
0.1221
0.161
0.27459999999999996
0.1875
0.27049999999999996
0.138
0.07669999999999999
0.0779
0.15410000000000001
0.1812
0.13019999999999998
0.0999
0.1009
0.1306
0.1195
0.1129
0.1056
0.1124
0.13019999999999998
0.203
0.196
0.1266
0.1096
0.1357
0.8565
0.9178
0.1882
0.3368
0.2625
0.6970999999999999
0.1294
0.0833
0.1496
0.2229
0.1708
0.13040000000000002
0.1195
0.1033
0.258
0.2269
0.1633
0.1301
0.14229999999999998
0.2106
1.0369000000000002
0.24619999999999997
0.0565
0.0407
0.0149
0.0143
0.0156
0.0335
0.0718
0.1154
1.4083999999999999
0.6564000000000001
0.3921
0.2239
0.1834
0.1473
0.1143
0.025500000000000002
0.0207
0.0177
0.015899999999999997
0.0142
0.0126
0.013600000000000001
0.0156
0.014700000000000001
0.019200000000000002
0.0154
0.1276
0.0914
0.054400000000000004
0.028900000000000002
0.020499999999999997
0.0436
0.0629
0.0336
0.03
0.0264
0.0071
0.009899999999999999
0.0135
0.1266
0.1125
0.1076
0.1037
0.1022
0.11230000000000001
0.1332
0.164
0.2447
0.441
0.273
0.2884
0.4841
0.35609999999999997
0.4891
0.21910000000000002
0.1829
0.19490000000000002
0.7242
0.5605
0.3947
0.2504
0.1789
0.1357
0.0
0.0
0.0
0.0
0.0
0.0
0.0
0.0
0.0
0.1805
0.8593
0.8608
0.2123
0.403
0.41269999999999996
0.0795
1.5322
0.2633
0.17880000000000001
1.1454
0.0548
0.0
0.0
0.0
0.0
0.0
0.0
0.0
0.0
0.0
0.01
0.0359
0.0516
0.0076
0.0
0.0
0.0
0.0
0.0
0.0
0.0
0.0
0.0
0.0
0.0
0.0029
0.0049
0.0
0.15589999999999998
0.1523
0.1479
0.14850000000000002
0.1627
0.1982
0.20929999999999999
0.2134
0.2294
0.308
0.3755
0.31779999999999997
0.33030000000000004
0.28590000000000004
0.2306
0.2385
0.3462
0.3685
0.4625
0.3317
0.3039
0.2338
0.1708
0.15050000000000002
0.2032
0.1795
0.1645
0.1537
0.14429999999999998
0.1353
0.1397
0.1428
0.1137
0.0941
0.0863
0.089
0.0813
0.0948
0.127
0.1678
0.1709
0.1948
0.1362
0.1382
0.18430000000000002
0.18480000000000002
0.1652
0.1663
0.0806
0.0582
0.0492
0.048799999999999996
0.049
0.0494
0.0563
0.066
0.0631
0.0766
0.08299999999999999
0.0799
0.1513
0.2557
0.2987
0.2972
0.4904
1.3975
0.4934
0.3503
0.2952
0.2723
0.2102
0.1342
0.0724
0.0743
0.0499
0.059800000000000006
0.0685
0.0967
0.0923
0.1874
0.5446
1.3615
1.5383
0.5283
1.0513
3.0517
0.7494
1.0387
1.1953
0.4748
0.6827
0.7941
0.2664
0.1231
0.07970000000000001
0.0932
0.1477
0.13419999999999999
0.1265
0.12040000000000001
0.11860000000000001
0.1579
0.6545
0.1928
0.1482
0.1946
0.17930000000000001
0.1827
0.1538
0.1423
0.1318
0.1472
0.22490000000000002
0.5415
0.2731
0.2034
0.2149
0.2814
0.2998
0.2192
0.1324
0.1196
0.12029999999999999
0.119
0.10439999999999999
0.1005
0.0987
0.11449999999999999
0.11680000000000001
0.21939999999999998
0.15689999999999998
0.1343
0.2005
0.1706
0.18969999999999998
0.3599
1.3969
0.2879
0.5394
0.33799999999999997
0.1459
0.1658
0.191
0.1818
0.0743
0.0582
0.0475
0.0435
0.0408
0.0413
0.04
0.0448
0.0493
0.0676
0.12090000000000001
0.0882
0.0919
0.1091
0.1325
0.09570000000000001
0.07999999999999999
0.1491
0.1021
0.153
0.2187
0.21600000000000003
0.1391
0.09
0.08310000000000001
0.07949999999999999
0.07730000000000001
0.0783
0.0809
0.0927
0.1399
0.1708
0.1723
0.1206
0.1243
0.1957
0.1076
0.1108
0.0891
0.0811
0.1202
0.14479999999999998
0.0938
0.10769999999999999
0.15339999999999998
0.1202
0.0761
0.0696
0.0565
0.0521
0.0463
0.0456
0.052599999999999994
0.0596
0.09079999999999999
0.079
0.0477
0.4617
0.12090000000000001
0.040400000000000005
0.0184
0.031
0.0417
0.0756
0.1937
0.3806
0.3173
0.1127
0.1015
0.0796
0.0586
0.0531
0.0625
0.06079999999999999
0.0636
0.061700000000000005
0.0648
0.0807
0.4414
0.3137
0.1296
0.1538
0.1047
0.0997
0.10239999999999999
0.11080000000000001
0.1008
0.5932
0.15539999999999998
0.1494
0.2953
0.6814
0.45330000000000004
0.134
0.0739
0.0736
0.1573
0.14600000000000002
0.1469
0.1338
0.14200000000000002
0.1464
0.1502
0.2333
0.3113
0.5193
0.4164
0.5147999999999999
0.7225
0.7453000000000001
0.18409999999999999
0.1597
1.7202
0.24819999999999998
0.5981000000000001
0.15560000000000002
0.2589
0.26980000000000004
0.2481
0.17049999999999998
0.07669999999999999
0.0555
0.046
0.0526
0.0455
0.052500000000000005
0.0595
0.0816
0.1245
0.20579999999999998
0.2723
0.4113
0.257
0.7532
0.34550000000000003
0.2476
0.2679
0.45299999999999996
0.8125
0.41200000000000003
0.41700000000000004
0.6209
0.5603
0.21330000000000002
0.08380000000000001
0.0744
0.0745
0.07369999999999999
0.0654
0.0688
0.0806
0.08510000000000001
0.5573
0.3356
0.3655
0.6309
0.5606
0.15439999999999998
0.4528
0.1343
0.1129
0.10930000000000001
0.1555
0.1814
0.2097
0.2233
0.18869999999999998
0.1314
0.1543
0.12840000000000001
0.1256
0.12329999999999999
0.1195
0.1291
0.1587
0.37929999999999997
0.28550000000000003
0.1109
0.0667
0.0518
0.0688
0.093
0.1611
0.3555
0.5489999999999999
0.7325999999999999
0.259
0.8228
0.8703000000000001
0.473
0.35919999999999996
0.5367
0.1152
0.1074
0.1077
0.1041
0.1045
0.1289
0.266
0.6472
0.6532
0.4979
0.2986
0.2193
0.2574
0.3038
0.3123
0.5409
0.527
0.6551
0.9123
0.4001
0.3244
0.2185
0.14850000000000002
0.12229999999999999
0.192
0.1849
0.1817
0.18009999999999998
0.17880000000000001
0.177
0.18819999999999998
0.2012
0.2416
0.404
0.3247
0.1899
0.19240000000000002
0.4431
0.2639
0.21960000000000002
0.2301
0.4268
0.2516
0.2525
0.2954
0.34809999999999997
0.2392
0.1893
0.10830000000000001
0.1055
0.10350000000000001
0.1094
0.1158
0.14629999999999999
0.2764
0.29059999999999997
0.3402
0.5539000000000001
0.22870000000000001
0.1232
0.10819999999999999
0.1275
0.1261
0.1493
0.18
1.4332
0.6387
0.5691999999999999
0.2646
0.17220000000000002
0.11499999999999999
0.1085
0.2198
0.1988
0.189
0.1809
0.1803
0.19390000000000002
0.24159999999999998
0.4512
0.47750000000000004
0.5765
0.5002
0.9806
0.4031
0.29400000000000004
0.2581
0.2958
0.5677
0.6978
0.7913
0.499
0.4773
0.5905
0.8289
0.502
0.1041
0.097
0.095
0.0942
0.0922
0.1017
0.1164
0.1282
0.2069
0.1235
0.1075
0.7044
0.202
0.1824
0.2412
0.3006
0.18719999999999998
0.2833
0.4777
0.1746
0.1833
0.1515
0.11979999999999999
0.10020000000000001
0.0
0.0
0.0
0.0
0.0
0.0007
0.0024
0.019299999999999998
0.1549
0.3984
0.20929999999999999
0.044
0.4115
0.15239999999999998
0.3358
0.1056
0.2451
0.1573
0.043
0.050600000000000006
0.022
0.0007
0.0028
0.0027
0.0
0.0
0.0
0.0
0.0
0.0
0.0
0.0
0.0
0.0
0.0
0.0
0.0083
0.0582
0.0696
0.0163
0.19920000000000002
1.1755
0.173
0.3786
0.5743
0.24780000000000002
0.1972
0.2577
0.0298
0.1378
0.091
0.066
0.0469
0.0562
0.0905
0.0922
0.061700000000000005
0.0137
0.2818
0.1423
0.7615000000000001
0.1966
0.0275
0.0241
0.033
0.0228
0.11929999999999999
0.3426
0.1228
0.0
0.0
0.0
0.051699999999999996
0.0471
0.0429
0.0433
0.043
0.0475
0.0582
0.0943
0.1487
0.1245
0.11660000000000001
0.19590000000000002
0.1316
0.1207
0.1178
0.13240000000000002
0.12840000000000001
0.1183
0.1555
0.2076
0.2185
0.14450000000000002
0.08149999999999999
0.055
0.0738
0.054900000000000004
0.0403
0.0393
0.0414
0.0401
0.0334
0.0802
0.6032
0.2802
0.4785
0.358
0.3096
0.23209999999999997
1.6186
0.2455
0.2404
0.2945
0.275
0.3931
0.5183
0.9835
1.0638999999999998
0.1466
0.0003
0.0
0.0059
0.006
0.0041
0.0
0.001
0.3044
0.0
0.0
0.0
0.0
0.0
0.0
0.0
0.2306
0.0655
0.0594
0.4692
0.5395
0.3329
0.1144
0.016
0.0097
0.304
0.2855
0.2843
0.27780000000000005
0.2593
0.2624
0.6043000000000001
0.4719
0.2821
0.3304
0.3145
0.2913
0.24130000000000001
0.2192
0.1948
0.9356
1.2949
0.9005
0.21739999999999998
0.1699
0.2057
0.1956
0.2741
0.2854
0.3739
0.09029999999999999
0.051100000000000007
0.0518
0.0673
0.0631
1.1768
0.0874
0.0387
0.1139
0.1306
0.0728
0.11449999999999999
0.0519
0.0226
0.0023
0.0224
0.2733
0.9675
0.6662
1.7208
0.24630000000000002
0.1845
0.1745
0.0508
0.046799999999999994
0.0418
0.0416
0.0422
0.0463
0.0476
0.05790000000000001
0.09720000000000001
0.11399999999999999
0.1713
0.1454
0.07919999999999999
0.0947
0.1117
0.0818
0.4409
0.5277000000000001
0.17959999999999998
0.16
0.4457
0.26349999999999996
0.0537
0.038400000000000004
0.0441
0.0456
0.052000000000000005
0.0545
0.056100000000000004
0.06620000000000001
0.09940000000000002
0.12890000000000001
0.1162
0.0324
0.008
0.0
0.0
0.0
0.0198
0.1445
0.4447
0.2679
0.36439999999999995
0.2648
0.123
0.0929
0.0533
0.0405
0.0
0.0164
0.0
0.0
0.0
0.0
0.0
0.0
0.0445
1.2484
2.0238
1.5972
2.6136
0.9531999999999999
1.1199
1.7341
0.874
1.4555
1.6764999999999999
1.3012000000000001
0.3755
0.0
0.0
0.0
0.045899999999999996
0.0403
0.038400000000000004
0.0377
0.0424
0.0606
0.0901
0.0881
0.093
0.1129
0.1442
0.1709
0.1646
0.1288
0.121
0.1235
0.1293
0.115
0.0802
0.078
0.0998
0.08879999999999999
0.062299999999999994
0.0464
0.050699999999999995
0.0109
0.0116
0.0096
0.0024000000000000002
0.0093
0.015
0.0229
0.036000000000000004
0.5541
0.5864
0.9703999999999999
0.118
0.4184
0.1422
0.0
0.0
0.7049
0.0
0.0
0.0
0.0
0.0
0.0
0.2123
0.2052
0.1893
0.1691
0.1508
0.1472
0.1391
0.1217
0.0877
0.2405
0.3503
0.9421999999999999
0.37210000000000004
0.1274
0.09409999999999999
0.1112
0.1007
0.1081
0.298
0.26739999999999997
0.2723
0.26339999999999997
0.2528
0.2323
0.0726
0.0251
0.0109
0.0177
0.0113
0.0048000000000000004
0.0015
0.0092
0.0069
0.0197
0.0373
0.2146
0.6964
0.6054
0.0403
0.6794
0.5941
0.4243
1.0756000000000001
0.219
0.6890000000000001
0.3002
0.2822
0.25529999999999997
0.0776
0.0935
0.0728
0.0872
0.0856
0.0771
0.1135
0.1249
0.075
0.7681
0.2393
0.0126
0.8162999999999999
1.2935
0.1334
0.8183
0.8443
0.1396
0.1279
0.4121
0.2848
0.4371
0.506
0.1511
0.0229
0.0068000000000000005
0.012
0.0181
0.0177
0.0266
0.3458
0.236
0.1629
0.24430000000000002
0.048
0.0027
0.0046
0.0234
0.0712
0.6858000000000001
0.9684
0.8014
1.8863
0.2964
0.0514
0.0248
0.0057
0.0248
0.1593
0.155
0.1477
0.1365
0.1345
0.1335
0.1308
0.13190000000000002
0.1021
0.5153
0.4398
1.0775000000000001
0.26580000000000004
0.24570000000000003
0.1538
0.1862
0.2153
0.21760000000000002
0.272
0.2259
0.1815
0.1684
0.1718
0.1752
0.0726
0.0624
0.0571
0.054900000000000004
0.0512
0.0494
0.0441
0.0485
0.0736
0.1891
0.1465
0.1144
0.0664
0.1038
0.1178
0.09870000000000001
0.3675
0.7096
0.1112
0.0754
0.08979999999999999
0.0945
0.0954
0.079
0.1405
0.1384
0.13990000000000002
0.13419999999999999
0.1375
0.15489999999999998
0.18230000000000002
0.22920000000000001
0.5061
0.3869
0.3287
0.2112
0.1908
0.2398
0.3504
0.7787999999999999
0.3164
0.271
0.3062
0.4284
0.3635
0.2302
0.1466
0.1313
0.10020000000000001
0.0998
0.09190000000000001
0.0915
0.08399999999999999
0.094
0.10719999999999999
0.6149
0.4181
0.13740000000000002
0.4569
0.1933
0.20329999999999998
0.14200000000000002
0.1168
0.1084
0.1264
0.22640000000000002
0.2941
0.4481
0.2031
0.18209999999999998
0.1385
0.107
0.0796
0.07830000000000001
0.07880000000000001
0.07830000000000001
0.0747
0.0849
0.1076
0.2652
0.3177
0.4453
0.1516
0.43270000000000003
0.19669999999999999
0.185
0.2599
0.1817
0.0766
0.0064
0.0
0.2232
0.5026999999999999
0.09290000000000001
0.0796
0.0722
0.2219
0.1904
0.18309999999999998
0.1771
0.1713
0.1758
0.1925
0.20500000000000002
0.2131
0.2355
0.2619
0.25980000000000003
0.3889
0.4067
0.8117000000000001
0.3758
0.3811
0.4246
0.48750000000000004
0.5453
0.7646
0.6902
0.43720000000000003
0.3006
0.2072
0.1951
0.1842
0.1797
0.1797
0.1821
0.20029999999999998
0.2358
0.6013
0.4691
0.5508
0.8198000000000001
0.5064
0.30510000000000004
0.2727
0.2659
0.6439
0.3746
0.2722
0.27880000000000005
0.3287
0.3358
0.305
0.248
0.20500000000000002
0.19519999999999998
0.1992
0.19369999999999998
0.1857
0.191
0.2069
0.2245
0.29679999999999995
0.2827
0.23270000000000002
0.25839999999999996
0.35550000000000004
0.3268
0.4589
0.5954
0.6189
0.3823
0.34550000000000003
0.8782
0.6749
0.2603
0.2077
0.1915
0.0172
0.012900000000000002
0.0207
0.022199999999999998
0.019700000000000002
0.0225
0.0184
0.0317
0.0491
0.0826
0.19679999999999997
0.2975
0.3188
1.3087
0.4194
0.4723
0.6088
0.8806999999999999
0.45710000000000006
0.40149999999999997
0.7397
0.5944
0.1983
0.0708
0.0
0.0
0.0
0.0
0.0
0.0
0.0
0.0039
0.0029000000000000002
0.0359
0.0653
0.0796
0.1308
0.1367
0.0392
0.062
0.0806
0.061
0.2087
0.12890000000000001
0.1633
0.1475
0.0722
0.0178
0.0596
0.0453
0.0325
0.0298
0.0268
0.0506
0.0549
0.0196
0.0011
0.0018
0.024800000000000003
0.043
0.0475
0.0301
0.044700000000000004
0.0475
0.024
0.0986
0.0464
0.047299999999999995
0.1147
0.0456
0.0281
0.0305
0.453
0.31010000000000004
0.2243
0.1876
0.1722
0.1731
0.1787
0.1984
0.2107
0.2009
0.8288
0.6627000000000001
1.5234
2.0635000000000003
0.6391
0.4374
0.4291
0.4255
0.4993
0.7554000000000001
0.7676000000000001
0.6255999999999999
0.5203
0.4004
0.0584
0.0591
0.056999999999999995
0.0561
0.047299999999999995
0.0505
0.0629
0.2143
0.0693
0.0553
0.0188
0.021900000000000003
0.044300000000000006
0.0417
0.0923
0.1126
0.024800000000000003
0.031
0.07519999999999999
0.0389
0.0341
0.0541
0.07619999999999999
0.0692
0.020900000000000002
0.0227
0.0303
0.0307
0.0386
0.0527
0.094
0.1027
0.2791
0.48819999999999997
0.2475
0.1461
0.0819
0.1019
0.3554
0.7927
0.2862
0.11380000000000001
0.038599999999999995
0.0161
0.0
0.0
0.0
0.0
0.15639999999999998
0.15439999999999998
0.164
0.1637
0.1802
0.2025
0.26689999999999997
0.31120000000000003
0.4219
0.496
0.44630000000000003
0.2203
0.21860000000000002
0.3524
0.6234999999999999
0.7951
0.8189
1.1616
0.9035
0.596
0.5569999999999999
0.30369999999999997
0.1436
0.1396
0.6696
0.61
0.5551999999999999
0.5158
0.5578000000000001
0.6546000000000001
0.5007
0.4501
0.42369999999999997
0.4207
0.5739
0.5004
0.8572
1.1243
1.3439
0.7304999999999999
0.6146
0.8307
0.6586000000000001
0.4938
0.5021
1.1851
1.0584
0.8855999999999999
0.0
0.0063
0.0196
0.0
0.0002
0.0089
0.11499999999999999
0.32789999999999997
0.5213
0.1408
0.8145
1.514
2.2547
0.8069
0.7867999999999999
0.4483
0.9994000000000001
0.4692
1.031
0.7207
0.0
0.0
0.0
0.0015
0.0572
0.0537
0.054099999999999995
0.0532
0.051000000000000004
0.067
0.0797
0.124
0.17830000000000001
0.23399999999999999
0.1526
0.1318
0.24209999999999998
0.2031
0.275
0.4652
1.7851
0.4652
0.1977
0.383
0.2845
0.313
0.3112
0.12560000000000002
0.1132
0.1085
0.1048
0.1026
0.10389999999999999
0.1064
0.1308
0.1664
0.20729999999999998
0.4798
0.384
0.3272
0.8726999999999999
0.42400000000000004
0.4514
0.5980000000000001
0.239
0.23659999999999998
0.3201
0.2819
0.23270000000000002
0.1905
0.15239999999999998
0.1242
0.114
0.0862
0.0867
0.0819
0.0697
0.0764
0.0631
0.06470000000000001
0.0487
0.0538
0.1246
1.1931
0.1279
0.6379
0.12789999999999999
0.38959999999999995
0.7011000000000001
0.092
0.1076
0.08679999999999999
0.06420000000000001
0.0693
0.10400000000000001
0.1015
0.0611
0.0527
0.0322
0.0346
0.0293
0.0319
0.032100000000000004
0.0341
0.0329
0.9521999999999999
0.0895
0.1537
0.2333
0.131
0.1519
0.1318
0.08549999999999999
0.12869999999999998
0.1842
0.2736
0.4101
0.28559999999999997
0.202
0.11000000000000001
0.038400000000000004
0.031
0.031
0.0279
0.0297
0.0281
0.0337
0.0676
0.32389999999999997
0.1254
0.1374
0.946
0.15789999999999998
0.0311
0.0264
0.0452
0.5382
0.14889999999999998
0.5014
0.6566000000000001
0.2398
0.2538
0.17070000000000002
0.0776
0.09620000000000001
0.08929999999999999
0.0882
0.08990000000000001
0.09509999999999999
0.1498
0.154
0.0837
0.0673
0.0818
0.0716
0.0706
0.08729999999999999
0.0797
0.07500000000000001
0.0765
0.0633
0.050699999999999995
0.0649
0.1756
0.1837
0.1511
0.126
0.1075
0.45709999999999995
0.3946
0.36
0.35309999999999997
0.3518
0.3459
0.32630000000000003
0.3708
0.3659
0.3609
0.3897
0.3996
1.6989999999999998
0.7571
0.4427
0.5073
0.5176000000000001
1.6633
1.5039
0.6854
0.6093
0.619
0.7691
0.7581
0.13979999999999998
0.1139
0.115
0.1092
0.1041
0.1172
0.3621
1.3325
0.22310000000000002
0.27790000000000004
0.1726
0.1279
0.0716
0.0501
0.0346
0.0561
0.092
0.2737
0.5031
0.3362
0.2888
0.2857
0.2252
0.1745
0.067
0.054000000000000006
0.0503
0.048600000000000004
0.045
0.0469
0.060200000000000004
0.1359
0.1084
0.1212
0.13579999999999998
0.1586
0.0669
0.0456
0.0199
0.0124
0.0092
0.0188
0.012
0.016300000000000002
0.039900000000000005
0.07039999999999999
0.0819
0.07170000000000001
0.0698
0.0621
0.0538
0.0528
0.052199999999999996
0.0653
0.08
0.0581
0.0298
0.0385
0.0409
0.07269999999999999
0.0785
0.0596
0.0723
0.1014
0.09490000000000001
0.1969
0.20429999999999998
0.11399999999999999
0.1042
0.0665
0.0616
0.0605
0.1382
0.1247
0.1198
0.119
0.1116
0.14
0.1553
0.7828999999999999
0.3515
0.3905
0.8366
0.6456
0.2662
0.28659999999999997
0.3073
0.2801
0.3638
0.2767
0.1676
0.14429999999999998
0.1876
0.1777
0.1733
0.1529
0.1535
0.13679999999999998
0.13369999999999999
0.1323
0.135
0.1286
0.149
0.1424
0.1532
0.1729
0.2875
0.197
0.1921
0.3599
0.2465
0.23320000000000002
0.228
0.933
0.8541
0.29259999999999997
0.3863
0.3306
0.1768
0.1477
0.0611
0.0995
0.31820000000000004
0.1951
0.108
0.0974
0.2396
0.3769
0.1296
0.0009
0.0
0.0
0.0
0.0
0.0016
0.0296
0.1474
0.26489999999999997
0.5948
0.5146
0.0684
0.0048
0.0
0.0157
0.0
0.0179
0.0081
0.0
0.0089
0.026000000000000002
0.1195
0.2595
0.6773
0.5159
0.875
0.0157
1.1033
2.3568
1.7903000000000002
0.2428
0.1864
0.7474000000000001
0.644
0.3371
0.0158
0.0
0.0
0.0
0.1023
0.0923
0.10439999999999999
0.1069
0.1094
0.1278
0.1653
0.1814
0.1469
0.0885
0.0786
0.08990000000000001
0.2285
0.4779
0.4999
0.9176
0.7097
0.9480999999999999
0.139
0.20650000000000002
0.1983
0.1266
0.0969
0.08929999999999999
0.046700000000000005
0.0355
0.0467
0.0335
0.0458
0.34909999999999997
1.1214
0.1488
0.1336
0.0987
0.0868
0.1453
0.17309999999999998
0.21139999999999998
0.2381
0.21589999999999998
0.2714
0.5192
0.1256
0.1216
0.1688
0.11629999999999999
0.0702
0.059300000000000005
0.12819999999999998
0.1259
0.12240000000000001
0.1207
0.1369
0.1573
0.19030000000000002
0.2502
0.3447
0.7096
1.0138
0.0693
0.3526
0.8342
0.2658
0.1035
0.12129999999999999
0.1454
0.15539999999999998
0.3232
0.32030000000000003
0.27090000000000003
0.1863
0.1391
0.0603
0.0591
0.0565
0.0606
0.062
0.0613
0.07519999999999999
0.2069
0.48059999999999997
0.154
0.1143
0.1131
0.12059999999999998
0.1215
0.1207
0.134
0.3601
1.4992
1.4138000000000002
0.5719
0.6229
0.2106
0.10650000000000001
0.0775
0.040100000000000004
0.0658
0.0548
0.065
0.0812
0.1023
0.1332
0.158
0.1499
0.2848
0.543
1.4167
0.7418
0.12780000000000002
0.0027
0.0
0.0389
0.6595
0.3257
0.1282
0.0325
0.0065
0.013399999999999999
0.0325
0.4829
0.5431
0.5185
0.5193
0.5414
0.41469999999999996
0.38280000000000003
0.3295
0.2959
0.2844
0.34440000000000004
0.2901
0.3068
0.6765
0.9426
0.8862
1.1911
0.7007
1.4107
0.5567
0.665
0.7897000000000001
0.3943
0.3386
0.11330000000000001
0.1081
0.1028
0.1036
0.1049
0.10400000000000001
0.0986
0.0896
0.0933
0.4566
0.1308
0.1389
0.1226
0.1484
0.13690000000000002
0.2252
0.2912
0.1675
0.2289
0.1411
0.1805
0.1835
0.14579999999999999
0.1245
0.3385
0.3458
0.376
0.3669
0.3771
0.31579999999999997
0.29569999999999996
0.41869999999999996
0.8572
0.038
0.0
0.0
0.0
0.0
0.0044
0.0562
0.1224
0.4581
1.3184
0.9487000000000001
1.0062
0.4484
0.3514
0.424
0.0264
0.0234
0.0229
0.027299999999999998
0.0284
0.038400000000000004
0.0634
0.21910000000000002
0.17220000000000002
0.038200000000000005
0.0
0.0
0.0
0.0072
0.017
0.0496
0.0349
0.0397
0.0873
0.1106
0.1413
0.2301
0.0847
0.027700000000000002
0.0758
0.06409999999999999
0.056400000000000006
0.0545
0.0529
0.0526
0.0474
0.6361
0.1562
0.13169999999999998
0.1005
0.31689999999999996
0.1656
0.1264
0.1037
0.0886
0.3033
0.1652
0.066
0.0341
0.039099999999999996
0.061700000000000005
0.11099999999999999
0.10039999999999999
0.2675
0.20929999999999999
0.187
0.1647
0.1412
0.12279999999999999
0.1101
0.1095
0.0999
0.1159
0.1269
0.1442
0.26949999999999996
0.2201
0.1853
0.1819
0.15360000000000001
0.1545
0.16549999999999998
0.5438000000000001
0.32
0.239
0.2348
0.22610000000000002
0.0936
0.0905
0.0722
0.0779
0.065
0.06659999999999999
0.0763
0.1834
0.45039999999999997
0.48519999999999996
0.2664
0.29169999999999996
0.44530000000000003
0.15999999999999998
0.1926
0.1032
0.09989999999999999
0.0837
0.7912
0.4788
0.5105999999999999
0.3621
0.3062
0.1691
0.1516
0.1446
0.1382
0.1357
0.13090000000000002
0.1416
0.1643
0.7494000000000001
0.4019
0.2294
0.3229
0.2331
0.2371
0.19829999999999998
0.1722
0.177
0.2661
0.306
0.392
0.6736
0.26949999999999996
0.2977
0.24719999999999998
0.1881
0.0253
0.0274
0.031100000000000003
0.0257
0.0213
0.022
0.015
0.019
0.008400000000000001
0.07869999999999999
0.5328
0.6726
0.2058
0.3598
0.3317
0.6251
1.226
0.6743
0.5808
0.55
0.8729
0.8116999999999999
0.1747
0.0576
0.1842
0.15839999999999999
0.1451
0.1478
0.1238
0.1464
0.14600000000000002
0.2366
0.6252
0.5123
0.2242
0.6759
0.34450000000000003
0.2812
0.3477
0.9767
0.1972
0.133
0.09359999999999999
0.1872
0.4214
0.47650000000000003
0.5428
0.4205
0.10239999999999999
0.1048
0.1062
0.1073
0.1178
0.1587
0.3067
0.4193
0.3015
0.24680000000000002
0.2295
0.2858
0.4348
0.2837
0.32889999999999997
0.5945
0.2712
0.22749999999999998
0.4326
0.3796
0.2252
0.1408
0.0951
0.092
0.1548
0.1351
0.1298
0.1262
0.1202
0.1295
0.1565
0.23020000000000002
0.1497
0.10239999999999999
0.0638
0.11019999999999999
0.2219
0.1322
0.13290000000000002
0.1346
0.3472
0.3768
0.1312
0.17559999999999998
0.31289999999999996
0.17149999999999999
0.1479
0.1703
0.1679
0.1632
0.15589999999999998
0.1501
0.154
0.1642
0.1855
0.2049
0.2253
0.5636
0.4507
0.1557
0.3905
0.1402
0.12329999999999999
0.1132
0.1429
0.662
0.2804
0.32030000000000003
0.1944
0.1336
0.1135
0.1153
0.0645
0.0385
0.0615
0.061
0.048799999999999996
0.0553
0.5163
0.624
0.3284
0.42069999999999996
0.2264
0.1298
0.1651
0.24989999999999998
1.1149
1.2523
2.0366999999999997
0.5242
0.3557
0.5003
0.625
1.6869
0.43019999999999997
0.0681
0.0401
0.033299999999999996
0.0295
0.029900000000000003
0.03
0.0397
0.0611
0.059
0.049600000000000005
0.0582
0.068
0.07830000000000001
0.08449999999999999
0.0751
0.0723
0.1384
0.1733
0.148
0.1767
0.1381
0.1874
0.15450000000000003
0.09609999999999999
0.0581
0.2175
0.1944
0.2193
0.2004
0.19790000000000002
0.20450000000000002
0.23559999999999998
0.2461
0.1794
0.0973
0.08310000000000001
0.0604
0.0436
0.0527
0.4003
1.7328
0.7727
1.5781
1.3252000000000002
1.7035
0.6451
0.6961999999999999
0.4285
0.2693
0.1785
0.19290000000000002
0.1943
0.1992
0.21760000000000002
0.2921
0.3958
0.3691
0.2885
0.28300000000000003
0.6445000000000001
0.9796
0.5483
0.3216
0.44689999999999996
0.4154
0.4074
0.36160000000000003
0.2656
0.2173
0.1548
0.1206
0.1204
0.1198
0.21239999999999998
0.1982
0.1858
0.1815
0.1664
0.1827
0.19619999999999999
0.2106
0.1978
0.2143
0.3979
1.0074
0.32089999999999996
0.271
0.2827
0.4244
0.6762999999999999
0.2959
1.1631
0.3843
0.3244
0.31789999999999996
0.2757
0.2439
0.1602
0.1371
0.1209
0.1121
0.1027
0.0984
0.08960000000000001
0.08499999999999999
0.1073
0.21339999999999998
0.3629
0.2807
0.1268
0.16770000000000002
0.1733
0.1119
0.2944
0.2409
0.1595
0.1795
0.231
0.4414
0.3871
0.2509
0.2479
0.1893
0.1844
0.1731
0.1726
0.19390000000000002
0.4603
0.8199
0.2064
0.1887
0.395
0.7571
0.2796
0.2152
0.1945
0.20379999999999998
0.2127
0.4433
0.1704
0.16099999999999998
0.1391
0.1225
0.125
0.11860000000000001
0.0028
0.0023
0.0033
0.006200000000000001
0.0137
0.028900000000000002
0.0611
0.0714
0.0687
0.0781
0.0796
0.0559
0.1068
0.11249999999999999
0.1883
0.1834
0.1775
1.1673
0.1027
0.4815
0.4479
0.06080000000000001
0.0065
0.0036
0.0303
0.0144
0.026500000000000003
0.022600000000000002
0.0318
0.0331
0.0674
0.124
0.1208
0.1476
0.22559999999999997
0.1839
0.22139999999999999
0.1377
0.9640000000000001
1.0962
0.2057
0.2469
0.4891
0.2819
0.2852
0.4745
0.6026
0.1372
0.041499999999999995
0.028999999999999998
0.0463
0.0272
0.012199999999999999
0.0357
0.0315
0.4707
0.8366
0.0
0.7447
0.0
0.2045
0.0137
0.0023
0.0207
0.257
0.10769999999999999
0.4965
0.12009999999999998
0.0834
0.0985
0.0886
0.07919999999999999
0.1271
0.0801
0.0776
0.0649
0.069
0.1638
0.7467
0.1688
0.11299999999999999
0.1363
0.46099999999999997
0.14750000000000002
0.20529999999999998
0.0887
0.0562
0.031100000000000003
0.060200000000000004
0.6034
2.1237
0.3325
0.2264
0.2235
0.1728
0.1231
0.08360000000000001
0.0743
0.0695
0.06989999999999999
0.0675
0.07919999999999999
0.10869999999999999
0.1041
0.0854
0.1081
0.0645
0.0917
0.0997
0.0922
0.0813
0.23850000000000002
0.20739999999999997
0.1
0.1301
0.0925
0.1338
0.1447
0.1428
0.1136
0.12279999999999999
0.1239
0.1402
0.13679999999999998
0.1507
0.16849999999999998
0.2179
0.24919999999999998
0.2518
0.22959999999999997
0.3255
0.2663
0.9634
0.4704
0.7572
0.1728
0.1735
0.1653
0.4364
0.6292
0.4659
0.1291
0.08929999999999999
0.0954
0.040400000000000005
0.0344
0.0313
0.0303
0.025
0.021400000000000002
0.0264
0.030199999999999998
0.044
0.0842
0.07919999999999999
0.07830000000000001
0.0997
0.1276
0.1003
0.0617
0.0513
0.0581
0.0493
0.048299999999999996
0.0254
0.023100000000000002
0.0264
0.0257
0.1651
0.1636
0.1323
0.12209999999999999
0.1137
0.1215
0.1301
0.1649
0.21050000000000002
0.24370000000000003
0.4199
0.3146
0.48719999999999997
0.2458
0.2484
0.1908
0.1599
0.1809
0.474
0.3433
0.36550000000000005
0.4215
0.4869
0.2864
0.1906
0.1865
0.1832
0.1518
0.1266
0.0849
0.0675
0.048799999999999996
0.0552
0.19510000000000002
0.1554
0.0539
0.0187
0.0353
0.0569
0.12240000000000001
0.19340000000000002
0.1514
0.3896
0.019200000000000002
0.0683
0.09809999999999999
0.1938
0.26839999999999997
0.1951
0.14750000000000002
0.1404
0.1545
0.1331
0.14100000000000001
0.1407
0.1421
0.1187
0.0826
0.056400000000000006
0.067
0.0901
0.1047
0.1417
0.5072
0.2469
0.1314
1.0551
0.3942
0.472
0.9984
1.2983
1.2404
0.0477
0.02
0.0156
0.0071
0.0004
0.0022
0.0016
0.0
0.0
0.0072
0.008
0.0105
0.3076
0.21910000000000002
0.17300000000000001
0.2663
0.6314
0.8924
0.3898
0.1104
0.07680000000000001
0.08399999999999999
0.1405
0.12160000000000001
0.0682
0.0646
0.0688
0.0702
0.07980000000000001
0.10070000000000001
0.1288
0.1503
0.2405
0.2008
0.1757
0.1235
0.16949999999999998
0.23349999999999999
0.34140000000000004
0.1947
0.3537
0.1165
0.063
0.0649
0.0591
0.055999999999999994
0.055099999999999996
0.0525
0.1513
0.1478
0.1421
0.14040000000000002
0.1432
0.1528
0.17259999999999998
0.2667
0.3648
0.2878
0.5386
0.4794
0.19940000000000002
0.1778
0.15589999999999998
0.17099999999999999
0.2793
0.2506
0.3221
0.3352
0.25639999999999996
0.2146
0.1654
0.1465
0.1105
0.108
0.1036
0.1076
0.106
0.1198
0.14900000000000002
0.2866
0.6601
0.1179
0.062299999999999994
0.0429
0.0535
0.0635
0.0659
0.1056
0.6126
0.5392
0.6020000000000001
0.39149999999999996
0.3104
0.2132
0.1354
0.1086
0.0864
0.08180000000000001
0.08249999999999999
0.0832
0.089
0.1059
0.2117
0.2141
0.1371
0.1207
0.0874
0.0858
0.06789999999999999
0.07
0.0586
0.0626
0.19619999999999999
0.1003
0.0541
0.0397
0.0403
0.0434
0.0521
0.0555
0.14679999999999999
0.1256
0.1117
0.1139
0.1071
0.1137
0.12090000000000001
0.1781
0.33
0.3069
0.331
0.4445
0.2141
0.2007
0.1869
0.19130000000000003
0.8766999999999999
1.2382
0.30889999999999995
0.2782
0.4042
0.5883
0.3972
0.22299999999999998
0.0897
0.0847
0.0722
0.0678
0.06620000000000001
0.0629
0.0602
0.0673
0.1257
0.4058
0.4641
0.2782
0.2333
0.1789
0.17980000000000002
0.14150000000000001
0.1854
0.6206999999999999
0.2307
0.2897
0.2564
0.2243
0.17959999999999998
0.12210000000000001
0.13269999999999998
0.123
0.1227
0.1241
0.119
0.13040000000000002
0.1042
0.5136000000000001
0.19610000000000002
0.6602
0.1411
0.1856
0.21550000000000002
0.11660000000000001
0.0889
0.3167
0.16649999999999998
0.166
0.2071
0.1424
0.1417
0.13879999999999998
0.1366
0.1372
0.0441
0.0322
0.0421
0.042899999999999994
0.0545
0.0758
0.1243
0.1778
0.2939
0.2836
0.4
0.8018
0.4672
0.3026
0.6008
0.2739
0.20779999999999998
1.0611
0.6954
0.2372
0.1083
0.044700000000000004
0.0318
0.038
0.0354
0.0316
0.028900000000000002
0.031
0.0281
0.0382
0.048100000000000004
0.2735
0.4925
0.0
0.0206
0.0026
0.0229
0.038
0.0523
0.1422
0.24469999999999997
0.0257
0.0071
0.123
0.0799
0.07650000000000001
0.058899999999999994
0.0416
0.0902
0.07680000000000001
0.09040000000000001
0.09670000000000001
0.1015
0.1633
0.6605
0.6465000000000001
0.3361
0.16620000000000001
0.11699999999999999
0.1592
0.14579999999999999
0.2712
1.2848
0.3497
0.2283
0.2669
0.24820000000000003
0.3291
0.5735
0.06269999999999999
0.0632
0.07800000000000001
0.1452
0.11860000000000001
0.0995
0.09989999999999999
0.0921
0.0984
0.1106
0.1264
0.2096
0.1986
0.9921
0.6294
0.3416
0.2251
0.22499999999999998
0.1762
0.2617
0.3875
0.3661
0.892
0.3613
0.2556
0.1897
0.1462
0.1401
0.1306
0.1279
0.1238
0.1199
0.1211
0.1532
0.2615
0.5979
0.5445
1.1362
0.3606
0.2159
0.2714
0.4303
0.4568
0.5723
0.5456
0.4099
0.3741
0.4132
0.3624
0.1874
0.1628
0.08610000000000001
0.0818
0.0807
0.0733
0.0775
0.0884
0.1649
0.5269
0.1842
0.1137
0.1787
0.1283
0.1172
0.1392
0.1983
0.1479
0.1293
0.5609000000000001
0.5394
1.1694
0.2334
0.0869
0.0659
0.0739
0.08310000000000001
0.06
0.0624
0.060300000000000006
0.0565
0.0589
0.06520000000000001
0.08710000000000001
0.1079
0.1483
0.216
0.3016
0.29309999999999997
0.1839
0.1955
1.0637
1.6722000000000001
1.7048
0.4294
0.26890000000000003
0.2581
0.2234
0.1651
0.10980000000000001
0.1982
0.1969
0.2163
0.22139999999999999
0.2417
0.3146
0.6716
0.7008
0.4867
0.3159
0.22769999999999999
0.3483
0.33699999999999997
0.2654
0.2257
0.6892
0.3108
0.621
0.5669
0.11460000000000001
0.1127
0.1108
0.1352
0.1255
0.0
0.0
0.0
0.0
0.0
0.015
0.0007
0.0
0.0
0.2407
0.3536
1.0214
0.6631
0.6306
0.6291
0.9012
1.6153
0.4242
0.2118
0.6623
0.664
0.9490000000000001
0.4563
0.0
0.2999
0.2958
0.2889
0.3113
0.3016
0.2707
0.2639
0.2663
0.184
0.1451
0.1275
0.1153
0.1099
0.1333
0.24259999999999998
0.425
0.26249999999999996
0.19240000000000002
0.43910000000000005
0.4556
3.2644
1.2651
0.40290000000000004
0.3506
0.03949999999999999
0.033100000000000004
0.0318
0.0253
0.0401
0.0504
0.1232
0.1128
0.0566
0.16040000000000001
0.35919999999999996
0.2949
0.3301
0.0615
0.0398
0.0623
0.3046
0.4319
0.1906
0.1751
0.226
0.2969
0.2552
0.10200000000000001
0.1174
0.09620000000000001
0.0875
0.0847
0.0852
0.0869
0.0933
0.1168
0.154
0.3002
0.1258
0.18059999999999998
0.4978
0.8413999999999999
0.119
0.1106
0.1123
0.14780000000000001
0.2964
0.7059
0.6633
0.3884
0.28800000000000003
0.21050000000000002
0.053500000000000006
0.0466
0.0437
0.039099999999999996
0.028900000000000002
0.0264
0.035699999999999996
0.0342
0.4385
0.1308
0.0864
0.0838
0.0746
0.06789999999999999
0.0809
0.40259999999999996
0.5633
0.2277
0.215
0.5403
0.153
0.151
0.172
0.1215
0.0006
0.0148
0.0152
0.0098
0.0379
0.0
1.6612
0.8280000000000001
0.5035
0.4753
0.28759999999999997
0.2152
0.3714
0.4008
0.3923
1.1353
1.2372
1.6357
1.4595
0.7771
0.0828
0.0071
0.0
0.007
0.26080000000000003
0.23199999999999998
0.2296
0.2106
0.1999
0.2085
0.216
0.23020000000000002
0.2592
0.3777
0.4185
0.4193
0.4033
0.4429
0.4369
1.2286
0.5567
0.3915
0.6514
0.6176999999999999
0.5686
0.543
0.469
0.3601
0.023600000000000003
0.017300000000000003
0.0264
0.0208
0.0234
0.122
0.4067
0.1191
0.1462
0.3165
0.36
0.1421
0.0776
0.0996
0.0927
0.18189999999999998
0.38029999999999997
0.06420000000000001
0.0108
0.002
0.0077
0.0
0.0126
0.0211
0.1957
0.0631
0.0688
0.0201
0.0026
0.0
0.0
0.0
0.0
0.0
0.0
0.0
0.0328
0.0167
0.7156
0.1446
0.22960000000000003
0.8583
0.042
0.6404
0.0988
0.0
0.0
0.0255
0.0
0.0
0.0
0.0
0.0
0.0195
0.0044
0.0
0.0143
0.0071
0.0
0.0
0.0
0.0083
0.4565
0.0621
0.1647
0.0
0.0
0.059500000000000004
0.5892999999999999
0.1367
0.0
0.0
0.0863
0.06520000000000001
0.0728
0.0802
0.0812
0.1973
0.881
0.5366
0.4132
0.8154999999999999
1.5285
1.9342
1.0761
0.46240000000000003
0.3808
0.476
1.5326
0.5579
0.2192
0.2198
0.21939999999999998
0.1592
0.1262
0.1078
0.025500000000000002
0.0228
0.020900000000000002
0.0207
0.0223
0.026099999999999998
0.0299
0.0366
0.0581
0.2452
0.15309999999999999
0.0952
0.1106
0.0726
0.0764
0.0992
0.0753
0.0497
0.051500000000000004
0.0465
0.0137
0.006
0.012400000000000001
0.0138
0.1096
0.10289999999999999
0.10969999999999999
0.1096
0.1235
0.1203
0.1027
0.0844
0.1099
0.2566
0.2216
0.1653
0.0171
0.0495
0.0122
0.0
0.017499999999999998
0.1129
0.6654
0.046700000000000005
0.1135
0.1142
0.0687
0.062299999999999994
0.4417
0.3758
0.4703
0.5085
0.6127
0.8832
1.5571000000000002
0.9412
0.4667
0.3504
0.31679999999999997
0.3403
0.37470000000000003
0.4514
0.7749999999999999
2.2512999999999996
1.3995
2.5072
1.4967000000000001
2.9419000000000004
2.5335
0.3594
0.41969999999999996
0.3495
0.032100000000000004
0.0332
0.0083
0.0258
0.0067
0.02
0.0042
0.1949
0.12569999999999998
1.0648
1.3820999999999999
0.5399
0.0223
0.0
0.0
0.0
0.0805
0.0
0.0
0.0
0.1612
0.36710000000000004
0.0055
0.0053
0.0709
0.067
0.0665
0.06570000000000001
0.0652
0.0682
0.06520000000000001
0.058499999999999996
0.0586
0.0927
0.0727
0.0712
0.06820000000000001
0.061
0.0464
0.0417
0.036699999999999997
0.0216
0.025
0.0901
0.1096
0.09720000000000001
0.0761
0.0697
0.10569999999999999
0.09570000000000001
0.0992
0.0928
0.0946
0.11019999999999999
0.5268
0.6066
0.1266
0.1519
0.0875
0.0875
0.0741
0.0876
0.08549999999999999
0.12440000000000001
0.112
0.0875
0.1651
0.5764
0.2555
0.2303
0.1643
0.1255
0.5025999999999999
0.4865
0.4596
0.4678
0.44010000000000005
0.6462000000000001
0.7456
0.5562
0.3468
1.362
2.3989
1.9392
0.7399
0.1945
0.1882
0.2116
0.3341
0.41590000000000005
2.0636
0.7101
0.5845
0.6239
0.6044
0.5509999999999999
0.20550000000000002
0.1889
0.2193
0.1905
0.1936
0.215
0.3695
0.2651
0.1946
0.1817
0.1277
0.1142
0.6743
0.20229999999999998
0.9311999999999999
0.2635
0.1763
0.2651
0.4961
0.7408
0.3336
0.3888
0.6493
0.37329999999999997
0.0249
0.020900000000000002
0.0319
0.025
0.0251
0.032
0.053099999999999994
0.0893
0.23109999999999997
0.1439
0.1344
0.41300000000000003
0.2373
0.1991
0.31629999999999997
0.8212
0.1124
0.1305
0.09079999999999999
0.108
0.1311
0.099
0.052199999999999996
0.0332
0.1091
0.09889999999999999
0.09309999999999999
0.0921
0.0801
0.0892
0.0693
0.3578
0.558
0.2653
0.2564
0.2033
0.14250000000000002
0.15350000000000003
0.1779
0.2253
0.12129999999999999
0.061
0.045399999999999996
0.015
0.144
0.39540000000000003
0.1665
0.131
0.061
0.038099999999999995
0.0122
0.015899999999999997
0.0
0.0014
0.0
0.0024
0.0
0.0
0.5872
0.4239
0.4698
1.0552
1.3625
0.1362
0.128
0.4198
0.32799999999999996
0.32889999999999997
0.2217
0.1914
1.6167
0.0572
0.1345
0.0309
0.008
0.0198
0.0
0.8355
0.4283
0.0028
0.0
0.0
0.0099
0.0
0.0
0.0
0.0
0.0
0.0
0.0565
1.1128
1.3114999999999999
0.2907
0.5319
0.3206
0.1185
0.0067
0.0276
0.0107
0.0118
0.0007
0.0001
0.0
0.02
0.084
0.2532
0.3886
0.2413
0.2044
0.0095
0.1017
0.0238
0.0046
0.004
0.7712000000000001
0.17930000000000001
0.0998
0.1269
0.1114
0.0581
0.0221
0.0155
0.0279
0.029400000000000003
0.026799999999999997
0.041800000000000004
0.0834
0.0785
0.0563
0.1404
0.0534
0.0091
0.0034
0.004200000000000001
0.0365
0.2582
0.7182
0.0953
1.1236
0.6806
0.30379999999999996
0.45640000000000003
0.0297
0.0131
0.08080000000000001
0.061
0.0467
0.0424
0.0397
0.0402
0.0449
0.0675
0.0913
0.12240000000000001
0.19269999999999998
0.4902
0.9255
0.6807000000000001
0.3196
0.23070000000000002
0.2559
0.3451
0.2531
0.4516
0.6073
0.6989000000000001
0.6846
0.19369999999999998
0.0
0.0
0.0
0.0
0.0
0.0
0.0
0.0
0.0
0.0
0.0
0.0
0.0
0.0
0.0
0.0
0.0
0.024
0.079
0.1316
0.1159
0.0178
0.0
0.0
0.0339
0.020900000000000002
0.0207
0.0218
0.0194
0.0211
0.0286
0.0112
0.9143999999999999
0.0436
0.0157
0.0
0.0108
0.0345
0.0393
0.0427
0.20950000000000002
1.7026
1.4919
1.2498
0.2724
0.23470000000000002
0.1748
0.0965
0.0437
0.0358
0.030199999999999998
0.025500000000000002
0.019299999999999998
0.021900000000000003
0.0235
0.1946
0.42819999999999997
0.0724
0.33790000000000003
0.0056
0.0419
0.0378
0.047299999999999995
0.0252
0.0028
0.0
0.0
0.0063
0.0143
0.0739
0.1079
0.0604
0.0003
0.0
0.0148
0.0298
0.030899999999999997
0.0184
0.1389
0.5638
0.0724
0.0078
0.0
0.0
0.0
0.031
0.2864
0.1202
0.06939999999999999
0.7349
0.0153
0.05059999999999999
1.1154
0.3613
0.1753
0.2302
0.272
0.23020000000000002
0.2
0.1945
0.19190000000000002
0.1651
0.1511
0.1363
0.12040000000000001
0.1117
0.2417
0.21710000000000002
0.14450000000000002
0.3701
0.1844
0.1945
0.3006
0.4582
0.1199
0.0965
0.1558
0.1923
0.1854
0.1835
0.0932
0.08310000000000001
0.0742
0.0659
0.0664
0.0596
0.38520000000000004
0.5172
0.10700000000000001
0.1446
0.1521
0.1522
0.1402
0.1199
0.0722
0.0892
0.6218
0.1861
0.8691
0.273
0.3658
0.4265
0.3277
0.1822
0.0
0.0
0.0
0.0
0.0
0.0
0.0
0.1538
0.0641
0.0053
0.0
0.0
0.0
0.0
0.0
0.1577
0.38160000000000005
0.2555
0.5959
0.23510000000000003
0.4727
0.1928
0.0
0.0
0.1009
0.0952
0.093
0.09190000000000001
0.0943
0.1042
0.1217
0.1326
0.1588
0.16820000000000002
0.1515
0.1427
0.17149999999999999
0.1794
0.1935
0.2972
0.2615
0.2182
0.23929999999999998
0.23249999999999998
0.2097
0.1767
0.13090000000000002
0.1071
0.0751
0.0771
0.07830000000000001
0.08199999999999999
0.1008
0.15960000000000002
0.2634
0.2229
0.19340000000000002
0.24059999999999998
0.3094
0.3681
0.2672
0.2095
0.26739999999999997
0.2844
0.2092
0.6878
0.45589999999999997
0.1469
0.091
0.0561
0.0574
0.061
0.0649
0.053099999999999994
0.045399999999999996
0.043800000000000006
0.042800000000000005
0.0427
0.0505
0.0933
0.1779
0.1479
0.16620000000000001
0.1303
0.1222
0.1274
0.1851
0.2384
0.2946
0.23859999999999998
0.2803
0.5072
0.4214
0.3932
0.2394
0.1227
0.07350000000000001
0.060399999999999995
0.057499999999999996
0.0553
0.0532
0.0634
0.0845
0.08510000000000001
0.1849
0.1512
0.1528
0.0932
0.0926
0.11800000000000001
0.3085
0.36350000000000005
0.41279999999999994
0.2971
0.5441
0.8692
1.0874000000000001
0.5367
0.1144
0.0907
0.0132
0.0131
0.0148
0.023
0.0184
0.0411
0.0749
0.0948
0.1275
0.356
0.1831
0.3116
0.1367
0.5291
0.3045
0.1758
0.07200000000000001
0.0743
0.2234
0.016399999999999998
0.0
0.0
0.0
0.0
0.0329
0.012899999999999998
0.0223
0.028499999999999998
0.020999999999999998
0.0027
0.0
0.0
0.4589
1.7242
0.5796
1.3889
0.6893
0.5616
1.3237999999999999
0.8295
0.31120000000000003
0.2771
0.1785
0.2755
0.4984
0.4417
0.23170000000000002
0.0782
0.1486
0.1327
0.1272
0.12569999999999998
0.122
0.1296
0.15460000000000002
0.24180000000000001
0.2002
0.14689999999999998
0.1213
0.1396
0.144
0.139
0.123
0.1184
0.1352
0.1764
0.1318
0.1361
0.1855
0.2263
0.24760000000000001
0.1948
0.1334
0.1261
0.1192
0.1227
0.1388
0.301
0.2871
0.2082
0.2036
0.1931
0.1698
0.1483
0.3335
0.2499
0.24480000000000002
0.3407
0.3961
0.2556
0.2305
0.5925
1.1777
0.34440000000000004
0.2587
0.1744
0.16060000000000002
0.13590000000000002
0.1182
0.1131
0.12129999999999999
0.1449
0.13440000000000002
0.0986
0.0812
0.0722
0.047299999999999995
0.0723
0.43989999999999996
0.11860000000000001
0.07899999999999999
0.1191
0.3999
0.303
1.2362
0.7958
0.356
0.2223
0.237
0.22010000000000002
0.0234
0.0
0.0
0.0
0.0
0.0
0.0
0.0
0.0
0.0
0.1725
0.3113
0.0053
0.0
0.0
0.0
0.0062
0.1016
0.11399999999999999
0.18150000000000002
0.1392
0.1754
0.238
0.1142
0.065
0.0645
0.0638
0.064
0.06620000000000001
0.0754
0.0969
0.1552
0.35009999999999997
0.7054
0.20040000000000002
0.8389
0.2202
0.16060000000000002
0.1578
0.21910000000000002
0.1913
0.199
0.5944
0.18869999999999998
0.1575
0.1243
0.09570000000000001
0.07339999999999999
0.0426
0.031799999999999995
0.0329
0.0343
0.030699999999999998
0.0303
0.036199999999999996
0.0497
0.0627
0.0728
0.2593
0.6357
0.2207
0.936
0.3901
0.2566
0.2177
0.1522
0.14029999999999998
0.21250000000000002
0.1745
0.1535
0.1179
0.0714
0.22849999999999998
0.22849999999999998
0.2422
0.2405
0.21910000000000002
0.1979
0.1858
0.1933
0.1789
0.1323
0.192
0.0708
0.06470000000000001
0.0712
0.1036
0.4594
0.9816
0.19469999999999998
0.4185
0.4189
0.2215
0.2397
0.2134
0.2012
0.0477
0.0144
0.024
0.0248
0.0
0.5423
0.1859
0.0005
0.0
0.3911
0.4837
0.2699
0.0
0.0
0.0
0.0
0.0
0.0
0.0
0.0312
0.127
0.0881
0.0805
0.0661
0.0948
0.092
0.0911
0.0927
0.1002
0.1257
0.2203
0.1902
0.153
0.1833
0.1467
0.15949999999999998
0.1171
0.1232
0.1071
0.123
0.1475
0.12919999999999998
0.23
0.1668
0.1376
0.1027
0.0818
0.07930000000000001
0.1181
0.1148
0.0864
0.0713
0.0659
0.0886
0.1557
1.9145
1.1062
0.23159999999999997
0.3105
1.5981
1.0472000000000001
0.3185
0.1732
0.1807
0.7502
0.7132000000000001
0.7172999999999999
0.5853
0.6765
0.4842
0.31189999999999996
0.1708
0.1104
0.1094
0.1079
0.1168
0.1296
0.132
0.10930000000000001
0.09759999999999999
0.1086
0.1047
0.0566
0.0533
0.0703
0.08629999999999999
0.077
0.07669999999999999
0.36619999999999997
0.2595
0.2436
0.3222
0.3956
0.3146
0.18619999999999998
0.1237
0.0373
0.0379
0.036699999999999997
0.0464
0.0527
0.0466
0.0107
0.0
0.0
0.0
0.0
0.0
0.0
0.0
0.0
0.0557
0.8158
0.8166
0.31889999999999996
0.1837
0.7856000000000001
0.1581
0.0141
0.0162
0.0162
0.011099999999999999
0.0079
0.0091
0.0223
0.10819999999999999
0.049600000000000005
0.0
0.0
0.0
0.0
0.0
0.0
0.0
0.0
0.0
0.2825
1.2261
1.9143
0.21900000000000003
0.2525
0.0995
0.0713
0.059800000000000006
0.2233
0.136
0.1022
0.0874
0.0737
0.07239999999999999
0.0784
0.0864
0.09770000000000001
0.127
0.23509999999999998
0.35309999999999997
0.3907
0.8644
0.3842
0.3569
0.3356
0.9764999999999999
0.5967
0.5656
1.0701
0.7398
0.6063000000000001
0.481
0.0
0.0
0.0
0.0047
0.0175
0.0134
0.0327
0.3397
1.4322000000000001
2.5021
0.2432
0.0
0.0231
0.0108
0.0
1.7782
1.9038
1.0695999999999999
3.6250999999999998
0.3542
0.0
0.0
0.0
0.0
0.0482
0.044899999999999995
0.0406
0.0374
0.0411
0.0836
0.6396999999999999
0.195
0.2501
1.3533
0.44920000000000004
0.1526
0.19640000000000002
0.21810000000000002
0.2382
0.1563
0.1165
0.1641
0.1698
0.2036
0.2084
0.1419
0.0887
0.061
0.0259
0.0223
0.0221
0.0238
0.0252
0.0327
0.0674
0.10500000000000001
0.0703
0.0954
0.032
0.024
0.052700000000000004
0.043800000000000006
0.0387
0.0775
0.0602
0.031299999999999994
0.0436
0.042499999999999996
0.016
0.0206
0.0259
0.0213
0.0345
0.0313
0.0267
0.0183
0.0238
0.023
0.0369
0.0796
0.1694
0.4599
0.39890000000000003
0.253
0.3104
0.2066
0.2703
0.2467
0.4766
0.583
0.7774
0.3179
0.1532
0.09090000000000001
0.0469
0.0416
0.12240000000000001
0.0987
0.0954
0.09029999999999999
0.0821
0.0844
0.08940000000000001
0.5315
0.3109
0.1253
0.485
0.0668
0.0695
0.0404
0.0179
0.0043
0.017
0.0328
0.0397
0.1712
0.1767
0.19069999999999998
0.1928
0.1328
0.0953
0.0445
0.0278
0.0302
0.0337
0.1725
0.059199999999999996
0.0235
0.01
0.0013
0.0072
0.0
0.061099999999999995
0.07339999999999999
0.21200000000000002
0.13090000000000002
0.0228
0.6252
0.0247
0.0371
0.09670000000000001
0.0836
0.061799999999999994
0.0456
0.1935
0.1699
0.14079999999999998
0.1288
0.11699999999999999
0.1089
0.121
0.14429999999999998
0.5539000000000001
0.8092
0.3151
0.27349999999999997
0.22769999999999999
0.0353
0.0075
0.0042
0.0259
0.0679
0.3062
0.2164
0.2167
0.17109999999999997
0.1388
0.123
0.20290000000000002
0.1745
0.16749999999999998
0.16349999999999998
0.1567
0.15510000000000002
0.16160000000000002
0.2162
0.504
0.3954
0.3039
0.25239999999999996
0.2725
0.22820000000000001
0.6459
0.998
0.8061
1.6877
0.5978
0.3577
0.3217
0.3276
0.37639999999999996
0.2938
0.10500000000000001
0.09
0.09770000000000001
0.08629999999999999
0.0781
0.0843
0.0916
0.0988
0.1237
0.2619
0.44799999999999995
0.2594
0.1844
0.40900000000000003
0.6182
1.3379
0.2774
0.1937
0.25329999999999997
0.48140000000000005
0.588
0.4708
0.17980000000000002
0.1212
0.0432
0.0383
0.0382
0.0346
0.0363
0.046200000000000005
0.0564
0.0649
0.0819
0.0895
0.1558
0.1985
0.1137
0.13119999999999998
0.1948
0.3153
0.3034
0.3597
0.28159999999999996
0.2022
0.1773
0.1054
0.054400000000000004
0.043
0.0
0.4534
0.9238
1.674
0.4616
0.3077
0.4704
1.3082
0.9956
0.2945
0.8245
1.4847000000000001
0.3248
0.0337
0.1742
0.3164
0.5441
0.5684
0.6717
0.0023
0.0
0.0
0.0
0.0705
0.1059
0.10500000000000001
0.09590000000000001
0.1008
0.1221
0.0867
1.5987
0.2388
0.1649
1.6905999999999999
0.7222
0.3736
0.0066
0.0077
0.0
0.0039
0.0159
0.0486
0.1573
0.1573
0.1628
0.10819999999999999
0.0816
0.08990000000000001
0.0117
0.0
0.0026
0.0023
0.0
0.0
0.0
0.0
0.0
0.7055
0.1926
0.5076
0.1385
0.1804
0.0859
0.2036
0.12669999999999998
0.058499999999999996
0.0235
0.0259
0.0378
0.0689
0.07369999999999999
0.0426
0.0403
0.0291
0.0508
0.032799999999999996
0.0324
0.015
0.0228
0.3256
0.9075
0.2608
1.4991
2.9545000000000003
0.9058
0.039099999999999996
0.0287
0.0076
0.1152
0.5348999999999999
0.1762
0.28500000000000003
0.46140000000000003
0.40800000000000003
0.2362
0.0789
0.2707
0.2283
0.2172
0.20079999999999998
0.2117
0.4958
0.3899
0.3125
0.3215
0.2902
0.2707
0.2681
0.6729
0.6890000000000001
1.0424
1.4664000000000001
0.32489999999999997
0.7068
0.4215
0.2727
0.3006
1.0223
0.8015
0.4821
0.7324999999999999
0.5115999999999999
0.4052
0.4104
0.4104
0.5647
0.7448
0.6475
0.5294
1.2915
1.1202999999999999
0.354
0.3256
0.3086
0.3376
0.3257
0.4262
0.85
1.0572
1.0813
0.6651
0.6365000000000001
0.6756
0.4819
0.11149999999999999
0.1028
0.0949
0.0975
0.1185
0.1367
0.13740000000000002
0.1254
0.1168
0.1265
0.1089
0.1068
0.22089999999999999
0.22410000000000002
0.1652
0.16749999999999998
0.9769
1.1084
0.5800000000000001
0.44320000000000004
0.5256000000000001
0.2139
0.1182
0.1042
0.0806
0.07419999999999999
0.06789999999999999
0.0741
0.083
0.0952
0.10089999999999999
0.1101
0.1163
0.2406
0.13240000000000002
0.064
0.1521
0.19369999999999998
0.2943
0.1595
0.1305
0.2651
0.1513
0.1867
0.1231
0.12990000000000002
0.1228
0.0833
0.1724
0.1582
0.1575
0.15889999999999999
0.1718
0.3948
0.3841
0.3006
0.34819999999999995
0.5825
0.2633
0.2213
0.2437
0.3012
0.2525
0.2308
0.2536
0.7213
0.198
0.1963
0.26039999999999996
0.2998
0.2475
0.1852
0.1678
0.1668
0.1987
0.2362
0.1976
0.2069
0.2319
0.2151
0.1437
0.054000000000000006
0.0991
0.1723
1.2782
2.1496
0.3571
0.3098
0.2537
0.6464000000000001
1.3072000000000001
0.46030000000000004
0.43700000000000006
0.1118
0.0977
0.1036
