0.0562
0.0427
0.0319
0.0401
0.0433
0.0212
0.0761
2.013
1.6082999999999998
0.7906
0.5865
0.5599000000000001
0.6391
0.4845
0.16110000000000002
0.0993
0.9460000000000001
0.6132
0.2201
1.1923
1.6524
0.0654
0.052000000000000005
0.076
0.3477
0.30989999999999995
0.3106
0.4256
0.41200000000000003
0.259
0.2212
0.192
0.1739
0.174
0.15960000000000002
0.1774
0.2382
0.5549
0.30310000000000004
0.5856
0.5887
0.48109999999999997
0.7073
0.6432
0.5243
0.5716
0.6766
0.5134000000000001
0.0262
0.0233
0.0247
0.0184
0.029400000000000003
0.062400000000000004
0.7529
0.1955
0.17359999999999998
0.1602
0.1532
0.1754
0.1717
0.198
0.1754
0.17809999999999998
0.2742
0.2001
0.245
0.6785
0.3535
0.1053
0.0435
0.038599999999999995
0.098
0.0838
0.07239999999999999
0.0732
0.0716
0.0749
0.1225
0.3053
0.1679
0.1381
0.1764
0.20400000000000001
0.42119999999999996
0.1916
0.2509
0.2504
0.20650000000000002
0.5282
0.3809
0.48710000000000003
0.3563
0.3516
0.3111
0.1815
0.19069999999999998
0.1718
0.1641
0.1594
0.1531
0.15389999999999998
0.1629
0.2223
0.26039999999999996
0.18730000000000002
0.15460000000000002
0.1446
0.1525
0.1676
0.24020000000000002
0.6255999999999999
0.5584
0.4333
0.5104
0.5747
0.43820000000000003
0.3261
0.252
0.2163
0.0659
0.041299999999999996
0.0456
0.06259999999999999
0.0596
0.0665
0.2439
1.5899
0.23620000000000002
0.1269
0.0769
0.012299999999999998
0.0549
0.1021
0.30679999999999996
0.6535
0.10700000000000001
0.1756
0.8558
0.4969
1.0832
0.2781
0.147
0.0973
0.16710000000000003
0.1613
0.1597
0.1606
0.1625
0.1709
0.2771
0.3477
0.3608
0.5184
0.1426
0.0688
0.0582
0.0498
0.0409
0.0548
0.2823
0.2916
0.1298
0.1516
0.2011
0.2355
0.1825
0.1537
0.1047
0.0881
0.0813
0.0779
0.0743
0.07289999999999999
0.07239999999999999
0.0832
0.09759999999999999
0.1143
0.11699999999999999
0.1268
0.1436
0.13879999999999998
0.1487
0.1659
0.3115
0.5769
0.314
0.7995
0.3862
0.1784
0.1275
0.11410000000000001
0.4478
0.44630000000000003
0.4451
0.4464
0.41100000000000003
0.4383
0.4374
0.43220000000000003
0.7964
0.4464
0.45899999999999996
2.0354
0.6073999999999999
0.6803
1.4887
0.8843
0.4955
0.37170000000000003
0.3679
0.47930000000000006
0.5801000000000001
0.4282
0.3966
0.3642
0.1494
0.1382
0.1322
0.1261
0.1325
0.26580000000000004
0.9382999999999999
0.2904
0.274
0.3287
0.2224
0.24819999999999998
0.1985
0.1835
0.1522
0.1466
0.6894
0.4155
0.47859999999999997
0.2024
0.2554
0.27280000000000004
0.2213
0.1726
0.44920000000000004
0.34550000000000003
0.2985
0.29410000000000003
0.28369999999999995
0.27349999999999997
0.5396000000000001
0.4688
0.2555
0.11610000000000001
0.5709
0.1404
0.1652
0.1868
0.3479
0.3872
0.4729
0.483
0.1436
0.28159999999999996
0.3074
0.26639999999999997
0.1854
0.1792
0.1457
0.1456
0.1379
0.1261
0.1177
0.1162
0.1232
0.14179999999999998
0.2774
0.40149999999999997
0.5035000000000001
0.20579999999999998
0.3117
0.1842
0.1699
0.15039999999999998
0.1474
0.1547
0.2922
0.5707
0.1693
0.1375
0.12040000000000001
0.12569999999999998
0.058899999999999994
0.039599999999999996
0.0323
0.035699999999999996
0.0308
0.025799999999999997
0.0234
0.015
0.3647
0.0746
0.0157
0.145
0.1237
0.0329
0.019
0.0395
0.09179999999999999
0.07730000000000001
0.3741
0.39459999999999995
0.2046
0.14150000000000001
0.1343
0.11299999999999999
0.0385
0.0264
0.0224
0.024800000000000003
0.0275
0.0279
0.0328
0.0099
0.11549999999999999
0.0635
0.0393
0.011300000000000001
0.0002
0.0307
0.0665
0.0941
0.1523
0.36840000000000006
0.8015
0.5587
0.6066
0.3865
0.043899999999999995
0.0429
0.1622
0.1306
0.0892
0.11430000000000001
0.3407
0.4354
0.0537
0.023399999999999997
0.0465
0.06989999999999999
0.0885
0.0643
0.2324
0.1184
0.0369
0.0126
0.025599999999999998
0.1759
1.2473
1.0692
2.1266
0.2129
0.169
0.1495
0.11
0.0817
0.0742
0.06420000000000001
0.0588
0.0615
0.0718
0.08
0.0844
0.0923
0.24919999999999998
0.1281
0.27
0.2857
0.32189999999999996
0.15639999999999998
0.1207
0.1249
0.1343
0.1815
0.3018
0.5307
0.2891
0.14639999999999997
0.192
0.1744
0.1701
0.1669
0.16670000000000001
0.17309999999999998
0.18719999999999998
0.2015
0.2122
0.2595
0.28490000000000004
0.2784
0.3966
0.2491
0.21300000000000002
0.2123
0.1754
1.2650000000000001
0.8917
0.9529000000000001
0.36519999999999997
0.3241
0.263
0.2185
0.11349999999999999
0.10289999999999999
0.0964
0.09570000000000001
0.093
0.0951
0.1011
0.1176
0.1317
0.119
0.09179999999999999
0.07669999999999999
0.0824
0.0897
0.0867
0.08299999999999999
0.0965
0.1956
0.1882
0.223
0.2123
0.2666
0.2913
0.1609
0.1495
0.13779999999999998
0.133
0.1293
0.1367
0.1377
0.174
0.2069
0.2462
0.8444
0.5799
0.3331
0.5312
0.3493
0.26990000000000003
0.35
0.5427
0.6596
0.5139
0.311
0.36419999999999997
0.3296
0.276
0.1926
0.0
0.0
0.0
0.0
0.0262
1.7833
0.948
0.4497
0.569
0.5209
1.8761
0.6185
0.3089
0.08349999999999999
0.0103
0.0
0.0884
1.2312
1.6441000000000001
0.1639
0.0
0.0006
0.0
0.0108
0.0541
0.056999999999999995
0.0603
0.0649
0.0557
0.0606
0.1042
0.356
1.0865
0.0322
0.0021
0.0
0.0
0.009899999999999999
0.0451
0.3537
1.3334
0.38139999999999996
1.1179999999999999
1.4732
0.2176
0.0882
0.0461
0.0512
0.1769
0.1642
0.1663
0.15360000000000001
0.1475
0.14950000000000002
0.1597
0.1664
0.1875
0.5862
0.7272
0.6093
0.30269999999999997
0.45940000000000003
0.2404
1.3404
0.3241
0.2945
0.32499999999999996
0.315
0.2636
0.2281
0.2036
0.1879
0.1288
0.1377
0.12359999999999999
0.14800000000000002
0.1352
0.1534
0.16670000000000001
0.2686
0.40280000000000005
0.2893
0.0785
0.0708
0.10869999999999999
0.0979
0.0712
0.09010000000000001
1.5421
0.6848
0.3317
0.2579
0.2632
0.3018
0.5781000000000001
0.1274
0.2267
0.2202
0.2094
0.2098
0.2101
0.245
0.642
0.6482
0.4302
0.4622
0.8183
0.5344
0.4134
0.4276
0.4141
0.4081
0.7697
0.6906
0.3929
0.438
0.5075000000000001
0.5144
0.371
0.2716
0.3927
0.4571
0.45389999999999997
0.4245
0.36760000000000004
0.31479999999999997
0.275
0.2413
0.3084
1.4199000000000002
1.5539
1.7887
1.34
0.3026
0.0615
0.048799999999999996
0.117
0.1534
0.17820000000000003
0.30469999999999997
0.401
0.41700000000000004
0.4043
0.38970000000000005
2.2099
2.5475
3.3079
3.3633
3.3461999999999996
3.2091000000000003
4.013999999999999
3.7576
0.7762
0.4377
0.3749
0.4366
0.4303
0.4702
0.5992999999999999
0.848
1.4818
2.5781
3.6048999999999998
2.0397
0.9756
0.9124
1.2892000000000001
1.8104
0.0777
0.0635
0.061399999999999996
0.0566
0.0524
0.0592
0.0678
0.10300000000000001
0.1955
0.33740000000000003
0.4367
0.7746
0.4776
0.2735
0.3476
0.293
1.4385000000000001
0.4133
0.3534
0.44430000000000003
0.38870000000000005
0.345
0.2366
0.1285
0.0774
0.0867
0.0701
0.0759
0.07519999999999999
0.1607
0.1365
0.0366
0.021900000000000003
0.020900000000000002
0.0354
0.0127
0.009600000000000001
0.0205
0.111
0.0924
0.0668
0.2405
0.1548
0.4007
0.6042
0.1634
0.0556
0.0539
0.1846
0.12190000000000001
0.0943
0.0892
0.0736
0.0572
0.0528
0.0451
0.0437
0.0554
0.0681
0.0776
0.0824
0.1265
0.1278
0.1111
0.1138
0.6828
0.4426
0.46130000000000004
0.543
0.7067
0.213
0.1562
0.2247
0.20429999999999998
0.2024
0.2273
0.23870000000000002
0.49010000000000004
0.7169
0.5366
0.38449999999999995
0.3318
0.32589999999999997
0.36419999999999997
0.3881
0.47140000000000004
0.6839
0.7387
1.6968
2.6078
0.9330999999999999
1.3982999999999999
0.5537
0.346
0.24780000000000002
0.23120000000000002
0.25529999999999997
0.2367
0.22310000000000002
0.1964
0.17470000000000002
0.15560000000000002
0.15760000000000002
0.1638
0.174
0.1973
0.1668
0.1842
0.1768
0.2891
0.2597
0.2153
0.3718
0.5641
0.6818
0.4447
0.4138
0.3746
0.3413
0.29700000000000004
0.4568
0.3778
0.37329999999999997
0.3679
0.35660000000000003
0.3705
0.3906
0.4284
0.7644
0.5188999999999999
0.3609
0.3699
0.4042
0.47650000000000003
1.2801
1.2274
1.1355
1.1117
0.6237999999999999
0.8147
0.7272000000000001
0.7457
1.2008
1.064
0.2349
0.2188
0.22949999999999998
0.2489
0.3066
0.3004
0.314
0.3286
0.3109
0.154
0.6374
0.22949999999999998
0.5739000000000001
1.0070999999999999
0.5557
0.6508
0.719
0.32830000000000004
0.17309999999999998
0.7837
0.4073
0.3062
0.2431
0.2175
0.0486
0.0471
0.045399999999999996
0.0428
0.0397
0.051000000000000004
0.0668
0.0747
0.1269
0.0573
0.27890000000000004
0.2869
0.368
0.1167
0.36729999999999996
0.16920000000000002
0.18889999999999998
0.3786
0.4068
0.2405
0.07819999999999999
0.0421
0.024399999999999998
0.031599999999999996
0.1396
0.1277
0.12279999999999999
0.1205
0.1177
0.1191
0.1215
0.1558
0.1931
0.184
0.17880000000000001
0.2232
0.1298
0.1274
0.1094
0.1121
0.1175
0.1465
0.1431
0.12480000000000001
0.1615
0.182
0.1642
0.1483
0.1184
0.1311
0.1323
0.1405
0.1399
0.14300000000000002
0.1551
0.1676
0.1345
0.21050000000000002
0.41659999999999997
0.4486
0.7027
0.495
0.12040000000000001
0.1739
0.3196
0.1279
0.0954
0.0679
0.0427
0.0401
0.0574
0.0598
0.1366
0.1238
0.1183
0.11679999999999999
0.1219
0.1382
0.1295
0.1437
0.0949
0.0575
0.1738
0.09040000000000001
1.301
0.211
0.068
0.08990000000000001
0.13490000000000002
0.266
0.33540000000000003
0.3471
0.1507
0.10450000000000001
0.0802
0.08449999999999999
0.09570000000000001
0.0701
0.0741
0.07150000000000001
0.0617
0.0643
0.0672
0.08449999999999999
0.0587
0.059300000000000005
0.0735
0.5642
0.4212
0.2164
0.6335999999999999
0.8081
0.2999
0.6718
0.8174
0.5418000000000001
0.371
0.2244
0.15489999999999998
0.1136
0.0
0.0
0.0
0.0
0.0
0.0
0.0167
0.4249
0.34249999999999997
0.0491
0.0463
0.1429
0.1209
0.1026
0.08549999999999999
0.08979999999999999
0.3357
0.9726
0.4054
0.2883
0.1269
0.0083
0.0
0.0
0.17259999999999998
0.1616
0.1562
0.1537
0.15
0.1618
0.194
0.36939999999999995
0.2661
0.1395
0.2756
0.1338
0.1684
0.20190000000000002
0.4198
0.29800000000000004
0.242
0.1696
0.1181
0.4185
0.2549
0.2672
0.22910000000000003
0.18769999999999998
0.11760000000000001
0.1197
0.127
0.12129999999999999
0.1011
0.09659999999999999
0.10250000000000001
0.1201
0.1287
0.6543
0.3385
0.1519
0.7656000000000001
0.6225
0.1215
0.11069999999999999
0.0994
0.11599999999999999
0.1366
0.1396
0.1232
0.1125
0.1091
0.1015
0.2831
0.1876
0.1681
0.1644
0.1602
0.1676
0.2198
0.3062
0.2094
0.3146
0.3744
0.2015
0.1588
0.14200000000000002
0.1303
0.14679999999999999
0.1784
0.5194
0.3052
0.2734
0.2686
0.3337
0.38
0.2731
0.0361
0.029900000000000003
0.022
0.026299999999999997
0.0133
0.0358
0.035
0.0298
0.023
0.0
0.8936
0.9072
0.1275
0.057499999999999996
0.2972
0.5811
0.48960000000000004
0.3448
0.36619999999999997
0.9962
0.8162
1.0207
0.5447
0.0875
0.06079999999999999
0.059
0.0513
0.0493
0.050600000000000006
0.066
0.2303
0.502
0.2631
0.30110000000000003
0.15360000000000001
0.030899999999999997
0.0291
0.0374
0.3726
0.5719
0.4312
0.3563
0.4113
0.18769999999999998
0.1526
0.1346
0.0902
0.0761
0.29169999999999996
0.3824
0.3607
0.27790000000000004
0.2538
0.262
0.2661
0.3647
0.9444
0.1771
0.1147
0.1053
0.11030000000000001
0.14629999999999999
0.3661
0.4171
0.47509999999999997
0.7553000000000001
0.5334
0.4914
0.4739
0.8748
0.2724
0.22110000000000002
0.024399999999999998
0.0211
0.0086
0.0091
0.0045
0.0021
0.0034
0.0021
0.1407
0.17679999999999998
0.1545
0.11330000000000001
0.0
0.0039
0.0446
0.0131
0.0
0.0
0.45930000000000004
0.0495
0.5375
0.1162
0.0371
0.0167
0.45999999999999996
0.4655
0.48850000000000005
0.4969
0.5191
0.5516000000000001
0.5667
0.5992
0.7222999999999999
0.6868000000000001
0.4582
0.3613
0.3722
0.4961
0.9554
0.9159999999999999
1.5819
0.8315999999999999
0.4654
0.4462
0.6678999999999999
0.9453
0.3711
0.32789999999999997
0.0826
0.0691
0.06770000000000001
0.07419999999999999
0.0711
0.0824
0.1122
0.32420000000000004
0.3326
0.3175
0.08399999999999999
0.08449999999999999
0.0952
0.1365
0.3052
0.2037
0.09129999999999999
0.1113
0.1741
0.8047
0.8154
0.44720000000000004
0.1386
0.0895
0.13090000000000002
0.0975
0.0834
0.07769999999999999
0.0779
0.0906
0.10389999999999999
0.1412
0.3138
0.2389
0.1375
1.9531
0.6813
0.4326
0.39490000000000003
0.2908
0.8326
2.2812
0.1325
0.1091
0.1385
0.1653
0.18669999999999998
0.1471
0.4041
0.2228
0.1713
0.16849999999999998
0.14250000000000002
0.1499
0.1651
0.2449
1.1063999999999998
0.41579999999999995
0.2893
0.2761
0.3171
0.2519
0.2275
0.225
0.251
1.9284
0.43779999999999997
0.6534
0.5151
0.4278
1.1937
0.9221
0.018099999999999998
0.0144
0.012
0.0081
0.0251
0.4576
0.4266
0.11760000000000001
0.0792
0.0584
0.0696
0.1085
0.09390000000000001
0.1067
0.0921
0.11699999999999999
0.6810999999999999
0.7315
0.3588
0.1577
0.0916
0.0143
0.0072
0.0236
0.40059999999999996
0.3684
0.3681
0.3506
0.33599999999999997
0.3409
0.39990000000000003
0.753
1.8486
0.9216
2.0872
1.3917
1.1245
0.48829999999999996
0.3633
0.3819
0.409
0.46409999999999996
0.5771999999999999
0.6144000000000001
0.4827
0.4274
0.3638
0.328
0.0432
0.012199999999999999
0.0179
0.01
0.0239
0.0257
0.016900000000000002
0.025800000000000003
0.0374
0.0402
0.0753
0.1006
0.9506000000000001
0.21989999999999998
0.2011
1.3736
2.1058000000000003
1.2777
0.5184
0.7831
1.0694
0.6763
0.8267
0.5091
0.1106
0.1023
0.0891
0.0946
0.07869999999999999
0.0954
0.2225
1.3216
0.3993
0.5693
0.41559999999999997
0.2478
0.22820000000000001
0.2121
0.175
0.1597
0.2164
0.4509
1.6837
0.4289
0.3786
0.3124
0.2152
0.1585
0.07819999999999999
0.07100000000000001
0.0648
0.0654
0.0648
0.0832
0.1175
0.0935
0.0737
0.1345
0.1164
0.09459999999999999
0.12279999999999999
0.0905
0.10039999999999999
0.095
0.06
0.08230000000000001
0.0701
0.0461
0.0378
0.0493
0.06659999999999999
0.06459999999999999
0.0316
0.025599999999999998
0.0229
0.0238
0.0233
0.0237
0.0266
0.032
0.0392
0.0361
0.0252
0.0109
0.017300000000000003
0.0341
0.054900000000000004
0.07150000000000001
0.0653
0.0564
0.055499999999999994
0.1018
0.1284
0.1503
0.0945
0.0464
0.09709999999999999
0.07930000000000001
0.061200000000000004
0.061399999999999996
0.048600000000000004
0.052199999999999996
0.0453
0.146
0.3597
0.0033
0.0
0.0
0.0
0.0075
0.1539
0.13779999999999998
0.3714
0.1597
0.0195
0.27749999999999997
0.301
0.2962
0.1129
0.0644
0.0078000000000000005
0.0184
0.009000000000000001
0.0229
0.0058
0.0041
0.0162
0.1315
0.7128
0.0788
0.3527
0.5012
0.1134
0.0925
0.183
0.23149999999999998
0.5334
0.4201
0.2996
0.32
0.7655000000000001
0.5514
0.17809999999999998
0.0264
0.0631
0.0514
0.0426
0.04
0.035
0.0361
0.0439
0.0756
0.0635
0.054
0.0591
0.0513
0.06609999999999999
0.0548
0.0691
0.066
0.0461
0.0705
0.0371
0.047
0.042300000000000004
0.0622
0.0766
0.064
0.3705
0.17909999999999998
0.1775
0.1301
0.1054
0.0925
0.0769
0.051699999999999996
0.0365
0.6858
0.177
0.0677
0.0358
0.0883
0.1157
0.0891
0.0348
0.7785
1.5463
0.2891
0.3046
0.2934
0.3746
0.28049999999999997
0.0081
0.012199999999999999
0.016
0.009000000000000001
0.0277
0.0428
0.125
0.2542
0.1369
0.2873
0.2482
1.1216
0.4133
0.12090000000000001
0.2151
0.2464
0.2425
0.6335
0.0663
0.0298
0.030699999999999998
0.0078
0.016
0.013000000000000001
0.1858
0.1617
0.1372
0.13590000000000002
0.1183
0.1261
0.1283
0.1269
0.28400000000000003
0.2538
0.17409999999999998
0.1421
0.12179999999999999
0.0741
0.7472
0.3457
0.8446
1.1203
0.5417
0.6144000000000001
0.2431
0.2629
0.3182
0.264
0.1508
0.13219999999999998
0.1243
0.1177
0.1121
0.119
0.12240000000000001
0.122
0.123
0.1372
0.2491
0.411
0.1865
0.6127
0.3617
0.3822
0.4691
0.9531999999999999
0.5015999999999999
0.3471
0.6687000000000001
0.2626
0.1611
0.1449
0.1174
0.1154
0.1143
0.11660000000000001
0.12290000000000001
0.15439999999999998
0.201
0.1792
0.1713
0.20579999999999998
0.1703
0.1502
0.1659
0.1497
0.1371
0.13679999999999998
0.1372
0.15389999999999998
0.1753
0.1739
0.1397
0.12210000000000001
0.1085
0.1016
0.0508
0.037500000000000006
0.0442
0.0442
0.050600000000000006
0.0489
0.0443
0.052099999999999994
0.0693
0.2487
0.6685
1.6143
1.3039999999999998
0.121
0.4173
0.15810000000000002
0.11180000000000001
0.101
0.1561
0.0632
0.1089
0.082
0.088
0.0837
0.131
0.1266
0.1119
0.1127
0.1009
0.14950000000000002
0.359
0.2369
0.1465
0.5527
0.5457000000000001
0.26439999999999997
0.33299999999999996
0.1047
0.08410000000000001
0.0851
0.0984
0.5112
0.6151
0.5988
0.3852
0.265
0.1868
0.14400000000000002
0.0041
0.0024
0.0047
0.0016
0.0064
0.0
0.004
0.2858
1.1452
0.6777
0.9012
0.5853999999999999
0.3308
0.5705
1.2748
0.6634
0.6402000000000001
1.4304000000000001
0.5753999999999999
0.2931
0.1282
0.041800000000000004
0.026
0.0098
0.0756
0.09509999999999999
0.1511
0.46809999999999996
0.64
0.1588
0.1281
0.1011
0.0997
0.1305
0.18309999999999998
0.2218
0.2979
0.4608
0.4524
1.7250999999999999
0.7651000000000001
0.1925
0.1238
0.1048
0.09179999999999999
0.07150000000000001
0.0558
0.0579
0.2564
0.20429999999999998
0.16310000000000002
0.1272
0.0757
0.0494
0.015899999999999997
0.0122
0.0
0.031100000000000003
0.14679999999999999
0.0441
0.0013
0.0
0.0043
0.1416
1.4536
1.8051
0.43279999999999996
0.0382
0.0671
0.051300000000000005
0.1605
0.2266
0.0005
0.0
0.0
0.0
0.0
0.0
0.0
0.0
0.0
0.0
0.0
0.0013
0.0149
0.6775
0.5650000000000001
0.158
0.073
0.3012
0.7718
0.3578
0.37749999999999995
0.21589999999999998
0.12440000000000001
0.0493
0.0
0.0
0.0
0.0
0.0
0.0009
0.0181
0.0
0.0
0.0426
0.0
0.0
0.0
0.0
0.0
0.0
0.0
0.0
0.0
0.0
0.0
0.0
0.0
0.0
0.0654
0.0526
0.0442
0.038
0.038400000000000004
0.035500000000000004
0.0366
0.0419
0.032100000000000004
0.0376
0.3366
0.11950000000000001
0.2734
0.1617
0.1002
0.13269999999999998
0.1515
0.11680000000000001
0.1072
0.1034
0.10350000000000001
0.1405
0.1848
0.1282
0.5466
0.6549
0.1614
0.13119999999999998
0.16570000000000001
0.1382
0.08760000000000001
0.0709
0.09179999999999999
0.36719999999999997
0.0212
0.18359999999999999
0.431
0.0
0.0
0.0
0.0
0.0
0.0746
0.0155
0.11230000000000001
0.1371
0.1306
0.1308
0.1253
0.09129999999999999
0.0843
0.0931
0.077
0.0728
2.3255999999999997
0.6030000000000001
0.08460000000000001
0.0854
0.0961
0.0864
0.1141
0.13369999999999999
0.1129
0.9371
1.7238
1.7182
1.5721
0.6161
1.4407
1.0832
0.4547
0.1609
0.11069999999999999
0.1217
0.0995
0.09240000000000001
0.061
0.043
0.046
0.0057
0.0264
1.0605
0.22820000000000001
0.2359
0.1179
0.4292
0.5015
0.1295
0.0392
0.0382
0.0
0.4846
1.4135
0.6947
0.44799999999999995
0.21599999999999997
0.1137
0.1
0.1159
0.1289
0.112
0.1159
0.136
0.1837
0.1816
0.1852
0.1714
1.7002000000000002
0.3034
1.0653000000000001
0.2805
0.1663
1.1219999999999999
1.7967
0.4962
0.9725
0.7071999999999999
0.1585
0.13490000000000002
0.1235
0.0082
0.0804
0.27690000000000003
0.16049999999999998
0.1809
0.2382
0.1116
0.1739
0.14150000000000001
0.1391
0.089
0.0325
0.0
0.0007
0.7377
0.9104
0.6871
1.2936999999999999
0.1751
0.005
0.0009
0.0
0.0
0.0
0.2596
0.24530000000000002
0.2339
0.2254
0.2601
0.313
0.3728
0.3611
0.3667
0.34299999999999997
0.7093
0.3618
0.7307
0.49019999999999997
0.8913
0.7242999999999999
0.7807
0.6603
1.4799000000000002
2.0551
0.8643000000000001
0.7276
0.5047999999999999
0.34340000000000004
0.0271
0.0132
0.018099999999999998
0.0137
0.015
0.0184
0.031799999999999995
0.061
0.0718
0.1622
0.07930000000000001
0.5366
0.1343
0.2718
0.1137
0.07669999999999999
0.0901
0.08660000000000001
0.094
0.575
0.2279
0.0872
0.056999999999999995
0.0271
0.0927
0.0844
0.0819
0.0799
0.0811
0.0926
0.1162
0.14400000000000002
0.1648
0.16770000000000002
0.4426
0.8336999999999999
0.5589
0.3671
0.4751
0.2686
0.2459
0.3564
0.3843
0.4901
0.28859999999999997
0.1737
0.1059
0.09079999999999999
0.3761
0.3135
0.2703
0.2717
0.2586
0.2631
0.2742
0.2501
1.1864
0.27899999999999997
0.1391
0.1265
0.13729999999999998
0.1303
0.1271
0.1855
0.7185
0.7188
0.5357
0.5257000000000001
0.41859999999999997
0.36450000000000005
0.6965
0.5375000000000001
0.0059
0.003
0.0072
0.0035
0.0127
0.0162
0.2953
0.5651999999999999
0.3408
1.0667
1.2570000000000001
0.9339999999999999
0.76
0.4099
0.2996
0.6573
0.6878
0.41700000000000004
1.3615
0.6882999999999999
0.3494
0.1267
0.0139
0.0167
0.1823
0.1744
0.1636
0.1617
0.1564
0.198
0.4904
0.3891
0.2878
0.36319999999999997
0.3699
0.37329999999999997
0.47709999999999997
0.3053
0.2784
0.28800000000000003
0.7756000000000001
0.3615
0.40759999999999996
0.38739999999999997
0.37
0.35350000000000004
0.2956
0.2299
0.0234
0.0205
0.0208
0.025500000000000002
0.0239
0.033299999999999996
0.0519
0.0703
0.1043
0.6809000000000001
0.203
0.7005
0.3692
0.7189000000000001
0.2316
0.4521
0.1669
0.1892
0.21539999999999998
0.1323
0.10250000000000001
0.0601
0.0467
0.029400000000000003
0.0513
0.039999999999999994
0.0246
0.021900000000000003
0.0196
0.0217
0.0334
0.028
0.2527
0.7151
0.7889999999999999
1.2768000000000002
0.11750000000000001
0.1363
0.668
0.1763
0.08299999999999999
0.0991
0.084
0.3088
0.32589999999999997
0.477
0.5247999999999999
0.1758
0.1397
0.14200000000000002
0.1364
0.1075
0.1173
0.31520000000000004
0.079
0.0738
0.0059
0.6139
0.7049000000000001
0.0442
0.043199999999999995
0.0482
0.0005
0.4321
0.7119
0.0665
0.2729
0.129
0.1537
0.1424
0.2567
0.32430000000000003
0.1542
0.1362
0.1281
0.1226
0.1176
0.124
0.1397
0.1667
0.2814
0.2173
0.4521
0.6122000000000001
0.2188
0.20729999999999998
0.2217
0.23970000000000002
0.6481
0.3308
0.4313
0.8973
0.32030000000000003
0.3306
0.2637
0.1966
0.0819
0.0765
0.0678
0.0665
0.07100000000000001
0.1013
0.27859999999999996
0.1908
0.1464
0.544
0.1751
0.12969999999999998
0.10830000000000001
0.1144
0.0791
0.09179999999999999
0.1057
0.11710000000000001
1.1482999999999999
0.9208000000000001
0.3141
0.29259999999999997
0.19
0.10569999999999999
0.2986
0.256
0.23399999999999999
0.22060000000000002
0.1995
0.2074
0.2116
0.2248
0.4543
0.8624
0.3489
0.2976
0.2337
0.2406
0.3047
0.3019
2.3726
0.6658999999999999
0.8827
0.9329000000000001
0.49
0.4772
0.7599
0.4158
0.1266
0.0988
0.0864
0.0803
0.07780000000000001
0.0874
0.0975
0.1207
0.1515
0.1948
0.20850000000000002
0.21910000000000002
0.7957000000000001
1.1788
0.2682
0.5437000000000001
0.3349
0.30879999999999996
0.6753
0.3753
0.31020000000000003
0.3351
0.65
0.2938
0.0816
0.075
0.06820000000000001
0.0676
0.0633
0.06269999999999999
0.0633
0.0983
0.2277
0.1018
0.0958
0.1863
0.1333
0.112
0.1273
0.1317
0.0988
0.1203
0.13319999999999999
0.1201
0.1222
0.106
0.0912
0.0812
0.07700000000000001
0.0572
0.0552
0.0475
0.0453
0.0495
0.0569
0.0663
0.1789
0.3845
0.3859
0.5405
0.2297
0.2172
0.49160000000000004
0.9959
0.35319999999999996
0.38249999999999995
0.5294
0.372
0.353
0.4248
0.4013
0.1794
0.0986
0.0891
0.0807
0.07819999999999999
0.0776
0.0891
0.1266
0.1555
0.19030000000000002
0.0825
0.28600000000000003
0.0796
0.0872
0.1152
0.3694
0.13169999999999998
0.1172
0.1638
0.0212
0.45999999999999996
0.1805
0.20350000000000001
0.1447
0.0935
0.0814
0.07569999999999999
0.0741
0.0692
0.057
0.0476
0.0466
0.051699999999999996
0.0764
0.1245
0.0769
0.1021
0.1248
0.1224
0.1298
0.0892
0.0847
0.0582
0.067
0.0654
0.0475
0.0562
0.0685
0.0736
0.029699999999999997
0.029400000000000003
0.0335
0.0322
0.0334
0.052500000000000005
0.1509
0.1698
0.2288
0.1754
0.0817
0.0461
0.0826
0.1529
0.39059999999999995
0.4788
0.14500000000000002
0.122
0.1015
0.1121
0.21950000000000003
0.236
0.0754
0.027999999999999997
0.0878
0.08410000000000001
0.0834
0.0772
0.10389999999999999
0.3943
0.3899
0.0749
0.0339
0.1095
0.11710000000000001
0.0199
0.0244
0.024
0.0265
0.2235
0.5766
0.0549
0.5003
0.34750000000000003
0.12079999999999999
0.242
0.268
0.15510000000000002
0.1371
0.1255
0.1182
0.11410000000000001
0.1115
0.1136
0.12029999999999999
0.181
0.33799999999999997
0.1932
0.12029999999999999
0.09609999999999999
0.0954
0.0923
0.091
0.1101
0.46330000000000005
0.3516
0.3862
0.7426
0.4537
0.5425
0.3379
0.2012
0.1309
0.0
0.0
0.0
0.0
0.0
0.0
0.0
0.0
0.2109
0.0
0.2918
0.6471
0.127
0.0
0.0
0.0
0.5297
0.269
0.0
0.0
0.0
0.0865
0.0842
0.35450000000000004
0.34309999999999996
0.3154
0.3227
0.3117
0.32189999999999996
1.1591
1.1656
0.9654
1.0589
0.8228
0.8726
0.9155
1.0697
1.121
1.772
0.5851999999999999
0.48319999999999996
0.5041
0.5362
0.668
0.9327000000000001
0.9283999999999999
0.5409
0.0
0.0
0.0
0.0
0.0
0.0
0.4429
1.3576
0.7688999999999999
0.9326
0.22949999999999998
0.0726
0.054400000000000004
0.0228
0.0
0.1207
0.1137
0.0387
0.97
0.0767
0.0
0.0
0.0
0.0
0.1882
0.1626
0.1351
0.1243
0.1172
0.1168
0.1648
0.33240000000000003
0.1464
0.1362
0.21700000000000003
0.1441
0.1341
0.122
0.12380000000000001
0.1214
0.1013
0.1183
0.1491
0.1628
0.1772
0.2042
0.2145
0.1804
0.1038
0.0885
0.0934
0.0865
0.07830000000000001
0.0848
0.09609999999999999
0.112
0.1609
0.3311
0.4108
1.1059999999999999
0.2138
0.2479
0.5721
0.8772
0.4005
0.2859
0.3188
0.2946
0.2258
0.2071
0.176
0.1367
0.1624
0.14900000000000002
0.1422
0.1449
0.1439
0.157
0.19619999999999999
0.2469
0.2786
0.34750000000000003
0.5448999999999999
0.6629
0.5354
0.3394
0.391
0.3254
0.24480000000000002
0.2483
0.3933
0.633
0.7477
0.436
0.29569999999999996
0.20579999999999998
0.0438
0.0436
0.035
0.0334
0.0251
0.028999999999999998
0.0424
0.0886
0.08529999999999999
0.0456
0.0596
0.0346
0.0416
0.036199999999999996
0.0406
0.0306
0.0079
0.0356
0.016
0.0103
0.0001
0.0002
0.0083
0.008199999999999999
0.1404
0.12090000000000001
0.1134
0.1142
0.11149999999999999
0.1187
0.1478
0.2253
0.34299999999999997
0.4522
0.5115
0.7685
0.37939999999999996
0.32989999999999997
0.34040000000000004
0.3088
0.2545
0.2631
0.253
0.2339
0.3253
0.5680000000000001
0.39690000000000003
0.2233
0.1812
0.1867
0.183
0.17980000000000002
0.17259999999999998
0.1778
0.1981
0.2118
0.2192
0.21889999999999998
0.2123
0.7825
0.5418000000000001
0.4522
0.2771
0.2656
0.24080000000000001
0.386
0.41979999999999995
0.18
0.1817
0.16249999999999998
0.1512
0.1435
0.0
0.0
0.0
0.0
0.0
0.0
0.0
0.0
0.0
0.0
0.4386
1.4606
2.2457000000000003
0.42579999999999996
0.5147999999999999
0.9987999999999999
0.9738
1.6072
0.14400000000000002
0.1417
0.1982
0.323
0.1513
0.0
0.12290000000000001
0.1015
0.0907
0.0882
0.0806
0.0851
0.09040000000000001
0.1236
0.1726
0.3026
0.311
0.5285
0.2688
0.47950000000000004
0.344
0.2102
0.6364
0.6457
0.46209999999999996
0.4361
0.4633
0.4626
0.4
0.2318
0.0907
0.0874
0.081
0.0796
0.08449999999999999
0.0986
0.123
0.7862
0.1673
0.092
0.0907
0.0805
0.0774
0.0912
0.1072
0.1768
0.2133
0.9344
0.7562
0.3479
0.19230000000000003
0.1635
0.12190000000000001
0.0974
0.0
0.0
0.0
0.0
0.0
0.0027
0.0577
0.47650000000000003
0.0906
0.0497
0.0279
0.34109999999999996
0.1331
0.0632
0.5319
0.1781
0.0
0.1788
0.4016
0.0
0.0
0.0
0.0
0.0
0.17909999999999998
0.1501
0.1452
0.1385
0.1348
0.1259
0.13190000000000002
0.1559
0.3777
0.638
0.2804
0.21889999999999998
0.1033
0.0748
0.0269
0.0195
0.0334
0.0975
0.3228
0.306
0.4303
0.30169999999999997
0.208
0.1684
0.1247
0.11199999999999999
0.1009
0.0946
0.08779999999999999
0.09559999999999999
0.14839999999999998
0.2888
0.1129
0.0728
0.08879999999999999
0.10250000000000001
0.1138
0.09029999999999999
0.09029999999999999
0.0802
0.07680000000000001
0.1321
0.06709999999999999
0.092
0.08760000000000001
0.06659999999999999
0.061700000000000005
0.061
0.0659
0.06359999999999999
0.0598
0.059
0.0557
0.0629
0.07519999999999999
0.1385
0.1308
0.12329999999999999
0.1603
0.264
0.2299
0.098
0.11510000000000001
0.1234
0.0898
0.1175
0.1456
0.1026
0.0754
0.0632
0.0611
0.0526
0.13470000000000001
0.1105
0.0993
0.0848
0.07899999999999999
0.32789999999999997
0.13
0.0663
0.057499999999999996
0.07669999999999999
0.08979999999999999
0.1491
0.2116
0.10949999999999999
0.07350000000000001
0.0861
0.7506999999999999
0.39849999999999997
0.3833
0.1747
0.26970000000000005
0.2141
0.19929999999999998
0.1724
0.1612
0.1432
0.1292
0.1262
0.1275
0.1491
0.3191
0.3565
0.1645
0.2999
0.227
0.1886
0.2309
0.12769999999999998
0.11479999999999999
0.1323
0.1001
1.0110999999999999
0.7343999999999999
0.1922
0.178
0.1699
0.16
0.1421
0.0592
0.052599999999999994
0.0509
0.0455
0.0433
0.0405
0.4944
0.6157
0.1172
0.1312
0.15510000000000002
0.108
0.09490000000000001
0.0903
0.0752
0.08410000000000001
0.0954
0.6335999999999999
0.8661
0.4635
0.2124
0.2102
0.1401
0.0889
0.20329999999999998
0.18409999999999999
0.1674
0.1592
0.1511
0.1456
0.1409
0.1525
0.1774
0.1631
0.18359999999999999
0.1538
0.1367
0.1664
0.3135
0.3765
0.34299999999999997
0.4736
1.0705
0.2721
0.33540000000000003
0.3234
0.2349
0.21539999999999998
0.1117
0.1361
0.2111
0.1257
0.1139
0.1257
0.10969999999999999
0.1011
0.082
0.0414
0.0
0.9381
1.3462
0.9516
1.0712
0.7596
0.0877
0.1039
0.1569
0.13019999999999998
0.1436
0.07619999999999999
0.0227
0.0347
0.069
0.0562
0.0565
0.0491
0.046299999999999994
0.0475
0.0487
0.0586
0.2062
0.4566
0.22499999999999998
0.2857
0.2484
0.1602
0.8423
1.0427
0.6566000000000001
0.39339999999999997
0.2242
0.216
0.2004
0.19940000000000002
0.16620000000000001
0.1092
0.0532
0.036599999999999994
0.0334
0.0296
0.0283
0.0266
0.027200000000000002
0.0084
0.38480000000000003
0.0
0.2394
0.1134
0.0055
0.0034999999999999996
0.0004
0.003
0.2271
0.0221
0.0019
0.1144
0.0204
0.027999999999999997
0.034699999999999995
0.041499999999999995
0.29359999999999997
0.2373
0.2227
0.19
0.173
0.15639999999999998
0.17520000000000002
0.20529999999999998
0.2671
1.546
1.0486
1.2331
1.1181
1.2630000000000001
0.39880000000000004
1.6597
0.5222
0.3927
1.8181
0.9478
0.6678
0.7915
1.3551000000000002
0.7222
0.0954
0.0749
0.0712
0.07369999999999999
0.07
0.0696
0.07569999999999999
0.4567
0.1895
0.3224
0.1515
0.1443
0.0632
0.042300000000000004
0.0082
0.0133
0.2126
0.0565
0.0407
0.0367
0.10469999999999999
0.293
0.299
0.1969
0.2475
0.2366
0.2345
0.2399
0.248
0.2973
0.434
0.3859
0.30900000000000005
0.48009999999999997
0.6695
0.8972
0.3543
0.3109
0.2932
0.3052
0.7329
0.5677
0.2833
0.2404
0.2693
0.2454
0.2552
0.2398
0.11649999999999999
0.10869999999999999
0.10500000000000001
0.1056
0.108
0.1236
0.1879
0.1716
0.12940000000000002
0.123
0.1122
0.1051
0.13
0.1269
0.1283
0.14579999999999999
0.1678
0.1457
0.1498
0.2069
0.174
0.174
0.1669
0.1393
0.3599
0.2907
0.2874
0.2485
0.2242
0.2168
0.19519999999999998
0.1845
0.23709999999999998
0.41459999999999997
0.5499
0.7724
1.4352
2.2155
1.9848999999999999
0.7038
0.2943
0.281
0.3982
0.3536
0.346
0.3867
0.6153
0.5452
0.0474
0.0388
0.0322
0.030799999999999998
0.0294
0.0271
0.0217
0.0281
0.0462
0.0602
0.0763
0.049100000000000005
0.0305
0.042300000000000004
0.0561
0.0566
0.0677
0.11579999999999999
0.09709999999999999
0.12840000000000001
0.1489
0.16870000000000002
0.0987
0.059300000000000005
0.1504
0.1537
0.1219
0.13440000000000002
0.1406
0.1317
0.147
0.1887
0.2964
0.3603
0.4433
0.4316
0.47709999999999997
0.8974
0.675
0.3972
2.8192
0.6426000000000001
0.4586
1.671
2.5429
0.7656
0.2901
0.1978
0.3159
0.28700000000000003
0.2207
0.2277
0.20079999999999998
0.16
0.1612
0.152
0.1281
0.11860000000000001
0.11019999999999999
0.0993
0.30369999999999997
0.9032
0.2683
0.20279999999999998
0.2213
0.5976
0.8128
1.232
1.0918
1.0476
0.5654
0.32189999999999996
0.07150000000000001
0.0562
0.054
0.0567
0.0547
0.0574
0.0637
0.08130000000000001
0.1114
0.1891
0.1346
0.48029999999999995
1.1219000000000001
1.5692
0.3444
0.2585
0.1854
0.1839
0.3782
0.47050000000000003
0.36419999999999997
0.28400000000000003
0.1943
0.1134
0.0004
0.0
0.0
0.0002
0.0
0.0
0.0
0.0122
0.15289999999999998
0.0748
0.0369
0.0111
0.0
0.0
0.0
0.028499999999999998
0.4432
0.6365999999999999
0.6057
0.8243
0.5557000000000001
0.2183
0.036500000000000005
0.0085
0.2158
0.2066
0.2072
0.2008
0.21839999999999998
1.0017
0.3264
0.2348
0.2314
0.2528
0.3306
0.3012
0.3308
0.35509999999999997
0.4173
2.036
0.5668
0.3964
0.4566
0.4294
0.4377
0.4354
0.2943
0.2454
0.16920000000000002
0.15360000000000001
0.15
0.1511
0.1617
0.2276
0.2814
0.2475
0.22970000000000002
0.2273
0.2122
0.19529999999999997
0.3419
0.3029
0.49040000000000006
0.3331
0.27990000000000004
0.5022
0.4711
0.6161
0.5841000000000001
0.5285
0.3552
0.2179
0.031100000000000003
0.0223
0.0155
0.0161
0.012
0.0074
0.0
0.0708
0.032
0.0024
0.0
0.0048
0.0037
0.0
0.0
0.0075
0.0517
0.1178
0.101
0.0711
0.09179999999999999
0.048799999999999996
0.0474
0.0416
0.34750000000000003
0.1979
0.1642
0.1691
0.1306
0.1358
0.6321
0.7857000000000001
0.0849
0.06
0.027
0.07039999999999999
0.1172
0.131
0.2091
0.189
0.5912
0.194
0.027000000000000003
0.06470000000000001
0.4567
0.3433
0.0687
0.26339999999999997
0.0673
0.060399999999999995
0.056
0.055999999999999994
0.0562
0.062
0.07669999999999999
0.1213
0.15560000000000002
0.1454
0.1158
0.1116
0.10389999999999999
0.1056
0.0965
0.1062
0.1686
0.1594
0.1531
0.1545
0.1597
0.1471
0.1073
0.0762
0.0
0.0
0.0
0.0
0.0
0.0
0.0831
0.152
0.0
0.0
0.0
0.0
0.0
0.0
0.0
0.0
0.0
0.0158
0.0
0.0
0.0
0.0
0.0
0.0
0.04
0.0298
0.0231
0.0212
0.0182
0.015600000000000001
0.02
0.0118
0.0115
0.0156
0.0109
0.0
0.0
0.0
0.0
0.0
0.0
0.0006
0.0218
0.17020000000000002
0.1134
0.0795
0.0385
0.0216
0.007899999999999999
0.0125
0.0045
0.012799999999999999
0.0433
0.11460000000000001
0.14150000000000001
0.1832
0.2751
0.22799999999999998
0.5439
0.0634
0.3811
0.3538
0.2303
0.1874
1.2372
1.0303
0.8374999999999999
0.7229
0.1859
0.0325
0.0014
0.0032
0.0
0.0
0.0
0.0
0.0
0.0
0.0
0.0197
0.1262
0.030400000000000003
0.0383
0.0346
0.0124
0.0
0.0
0.0081
0.09759999999999999
0.4133
0.7912
1.4884
0.5926
0.46919999999999995
1.2387000000000001
0.9117
0.19519999999999998
0.1637
0.1494
0.1558
0.1437
0.1527
0.1437
0.3282
0.5375
0.37560000000000004
0.4587
0.2494
0.154
0.15910000000000002
0.1557
0.2165
0.7721
0.10369999999999999
0.0698
0.0629
0.1144
0.1686
0.2578
0.2636
0.1055
0.07819999999999999
0.107
0.07289999999999999
0.09490000000000001
0.0521
1.452
0.33190000000000003
0.0826
0.0616
0.10439999999999999
0.1891
0.1716
0.2061
0.2263
0.1316
0.0713
1.3511
0.0334
0.088
0.3418
0.0722
0.0606
0.06670000000000001
0.1175
0.12190000000000001
0.13
0.1308
0.133
0.1613
0.3231
0.3286
0.3112
0.1184
0.09720000000000001
0.0997
0.1099
0.14939999999999998
0.2469
0.8271
0.9651
0.2238
0.13369999999999999
0.18
0.2912
0.1773
0.07769999999999999
0.086
0.0
0.0024
0.0196
0.0089
0.0
0.0
0.0
0.0
0.0
0.0
0.0
0.0125
0.0361
0.0
0.0095
0.8368
0.6940000000000001
0.5242
0.09910000000000001
0.0008
0.0
0.0
0.0
0.0
0.0091
0.0175
0.0042
0.0038
0.0211
0.011
0.027299999999999998
0.2252
0.21810000000000002
0.0761
0.0545
0.1125
0.0769
0.0519
0.048799999999999996
0.0702
0.059699999999999996
1.2293
0.5652
0.5575
0.1757
0.11649999999999999
0.063
0.0274
0.0288
0.0302
0.0276
0.028900000000000002
0.030199999999999998
0.0433
0.06
0.197
0.1086
0.0917
0.0625
0.2029
0.051000000000000004
0.0536
0.048299999999999996
0.0721
0.0639
0.0424
0.0243
0.0
0.0
0.0
0.0
0.0
1.1708
0.2323
0.2013
0.1936
0.3614
0.523
0.20040000000000002
0.1701
0.15510000000000002
0.1473
0.6166
0.1842
0.2788
0.33899999999999997
0.3669
0.34199999999999997
0.313
0.4364
0.2731
0.2872
0.32189999999999996
0.48009999999999997
0.7639
0.265
0.0744
0.0724
0.07980000000000001
0.0748
0.0806
0.10250000000000001
0.13640000000000002
0.1615
0.1661
0.1412
0.14329999999999998
0.7918000000000001
0.4753
0.277
0.33709999999999996
0.314
0.36619999999999997
0.448
0.5869
0.5398000000000001
0.278
0.1315
0.0688
0.0711
0.0228
0.027200000000000002
0.0222
0.019299999999999998
0.0234
0.0275
0.0513
0.1055
0.2526
0.29590000000000005
0.5599000000000001
0.5402
0.493
0.3395
0.5033
0.2893
0.264
0.5198
0.3081
0.4865
0.4917
0.19669999999999999
0.0571
0.03
0.0566
0.050100000000000006
0.0536
0.0511
0.0876
0.2253
0.1998
0.2096
0.24359999999999998
0.24569999999999997
0.2343
0.0926
0.254
0.33730000000000004
0.78
1.0078
0.8094
1.1945000000000001
0.7137
0.3497
0.2566
0.1416
0.0578
0.0629
0.1026
0.0996
0.098
0.1003
0.1055
0.1305
0.22460000000000002
0.385
0.31779999999999997
0.20279999999999998
0.1603
0.1487
0.15639999999999998
0.18
0.1801
0.1886
0.31120000000000003
0.6759
0.3964
0.3398
0.2597
0.1669
0.1038
0.09340000000000001
0.10450000000000001
0.0654
0.0482
0.0469
0.0411
0.0426
0.033
0.033600000000000005
0.22760000000000002
0.0827
0.0508
0.2364
0.0737
0.0838
0.1329
0.1485
0.2282
0.5028
0.1031
0.1168
0.1593
0.1618
0.1911
0.2027
0.0611
0.0447
0.0408
0.0379
0.0264
0.0353
0.0236
0.15150000000000002
0.8966000000000001
0.1191
0.4293
0.2964
0.0518
0.1507
0.25970000000000004
0.11280000000000001
0.2083
0.09670000000000001
0.0
0.0
0.0322
0.0489
0.0364
0.041800000000000004
0.7709999999999999
1.0202
0.4458
0.3411
0.3548
0.3558
0.3821
0.4259
0.5736
0.8629
0.6355999999999999
0.5008
0.49829999999999997
0.5683
0.7616
0.6416999999999999
0.6699999999999999
1.226
0.8328
1.2483
0.7383
0.7799
1.3054999999999999
0.5493
0.19590000000000002
0.19419999999999998
0.24509999999999998
0.27290000000000003
0.24969999999999998
0.298
0.3361
0.47840000000000005
0.9561999999999999
0.5009
0.20929999999999999
0.1724
0.19619999999999999
0.2777
0.8401000000000001
0.4357
0.517
2.4577
0.34819999999999995
0.2901
0.2138
0.18819999999999998
0.16949999999999998
0.145
0.2094
0.20779999999999998
0.2231
0.2183
0.2143
0.2323
0.37839999999999996
0.2314
0.09359999999999999
0.064
0.041
0.026000000000000002
0.0347
0.0319
0.0627
0.2975
0.3181
0.3771
0.5578000000000001
0.4494
0.3991
0.17880000000000001
0.1315
0.1251
0.2645
0.2485
0.2419
0.236
0.23070000000000002
0.2409
0.27049999999999996
0.2919
0.2445
0.4526
0.2237
0.3198
0.5017
0.2822
0.22410000000000002
0.8392999999999999
0.2201
0.2579
0.2754
0.47630000000000006
0.46699999999999997
0.38480000000000003
0.3724
0.3312
0.25129999999999997
0.1646
0.1535
0.1448
0.1436
0.1499
0.1802
0.24480000000000002
0.1488
0.1268
0.1596
0.2042
0.19119999999999998
0.1112
0.0947
0.097
0.14100000000000001
0.2783
0.1144
0.18409999999999999
0.1785
0.184
0.2103
0.2152
0.094
0.0867
0.0744
0.0745
0.0752
0.0767
0.1054
0.1906
0.2838
0.3173
0.3825
0.49529999999999996
0.33130000000000004
0.2236
0.18330000000000002
0.1856
0.22860000000000003
0.4601
0.7102999999999999
1.0297
0.9848
0.5559000000000001
0.3086
0.158
0.0070999999999999995
0.012199999999999999
0.0006
0.0132
0.0068000000000000005
0.0043
0.0
0.3328
0.3508
0.0874
0.8446
0.2895
0.1096
0.0019
0.0075
0.8616
0.29810000000000003
0.35850000000000004
0.36839999999999995
0.0702
0.4761
0.5307
0.1145
0.0082
0.8294
0.2938
0.19469999999999998
0.2185
0.1874
0.17930000000000001
1.0255999999999998
0.6329
0.0763
0.0
0.0
0.0
0.0
0.0
0.0
0.0
0.0224
1.4976
0.8424
0.2617
0.4663
0.8067
0.2689
0.20700000000000002
0.09090000000000001
0.0849
0.08080000000000001
0.0802
0.0775
0.0847
0.1172
0.269
0.4673
0.1575
0.1405
0.104
0.10289999999999999
0.10600000000000001
0.098
0.097
0.0932
0.5343
0.8399
0.546
0.2207
0.1611
0.1061
0.0862
0.1683
0.15
0.1527
0.1268
0.1236
0.12459999999999999
0.1326
0.1148
1.1804999999999999
1.3311000000000002
1.1596000000000002
1.3347000000000002
0.0637
0.0779
0.10569999999999999
0.096
0.20029999999999998
1.3077
0.4134
0.3618
0.38029999999999997
0.3896
0.32830000000000004
0.2116
0.1478
0.1364
0.132
0.128
0.1316
0.137
0.1666
0.2103
0.2974
0.4432
0.5084
0.5242
0.3184
0.3274
0.3197
0.3206
0.35829999999999995
0.3589
0.4754
0.8016000000000001
1.1651
0.3402
0.18880000000000002
0.1492
0.1614
0.1689
0.17520000000000002
0.1721
0.1717
0.1978
0.2549
0.20650000000000002
0.1956
0.27790000000000004
0.27749999999999997
0.235
0.2565
0.2438
0.2891
2.3944
1.1919
1.6898000000000002
3.7418
1.2174
0.2929
0.2983
0.2349
0.21939999999999998
0.0576
0.0619
0.0475
0.041499999999999995
0.0403
0.039599999999999996
0.0646
0.1503
0.6732
0.8691
0.8276999999999999
0.3095
0.3183
0.3375
0.5794
0.3415
0.35519999999999996
0.5853
0.3735
0.378
0.2892
0.1905
0.1171
0.0801
0.4629
0.38580000000000003
0.5661
0.405
0.2249
0.2012
0.1946
0.1656
0.1485
0.1595
0.1664
0.2281
0.3941
1.5836999999999999
0.8517
0.4524
0.27849999999999997
0.2212
0.5422
0.7666999999999999
0.42410000000000003
0.4063
0.4515
0.4294
0.1774
0.11330000000000001
0.09040000000000001
0.0826
0.07669999999999999
0.0704
0.0857
0.091
0.053
0.0424
0.0523
0.0138
0.0123
0.0103
0.0089
0.0066
0.0129
0.0335
0.0
0.026699999999999998
0.0351
0.060200000000000004
0.0769
0.07239999999999999
0.0121
0.0
0.0
0.0
0.0
0.0
0.0
0.0
0.0
0.22860000000000003
0.18630000000000002
0.5499
1.4113
0.9470000000000001
0.1632
1.096
2.1323
0.498
0.8692000000000001
0.2647
0.2243
0.3153
0.3657
0.16720000000000002
0.2404
0.26470000000000005
0.2733
0.2821
0.28769999999999996
0.3221
0.40680000000000005
0.5299
0.6696
0.6442
0.7113
1.5484
1.8279
1.7675
1.1341999999999999
0.4798
0.37229999999999996
0.3639
0.494
0.3705
0.2919
0.22510000000000002
0.1884
0.192
0.0206
0.015300000000000001
0.012400000000000001
0.0183
0.009600000000000001
0.0319
0.293
0.9309000000000001
0.1701
0.2208
0.3154
0.2847
0.2631
0.2133
0.2062
0.5925
1.63
1.4391
2.1908
1.2614
1.4714
0.2734
0.0717
0.0413
0.0895
0.08940000000000001
0.09140000000000001
0.0888
0.0775
0.0634
0.06420000000000001
0.06639999999999999
0.0844
0.1429
0.09620000000000001
0.0872
0.0857
0.11049999999999999
0.1249
0.12029999999999999
0.158
0.1664
0.20929999999999999
0.1169
0.06420000000000001
0.0591
0.0617
0.0649
0.06670000000000001
0.061700000000000005
0.0592
0.054599999999999996
0.0503
0.0557
0.0806
0.1925
0.6379
0.26870000000000005
0.20800000000000002
0.2619
0.2966
0.2038
0.173
0.1712
0.27790000000000004
0.5638000000000001
1.2428000000000001
0.3731
0.2661
0.2538
0.19490000000000002
0.11850000000000001
0.1066
0.1267
0.15589999999999998
0.2047
0.5175
0.423
0.22860000000000003
0.0809
0.0
0.0
0.0
0.0
0.0
0.0
0.0
0.0
0.2791
0.0
0.327
0.14679999999999999
0.33199999999999996
0.2322
0.0426
0.0457
0.047299999999999995
0.0279
0.0378
0.023399999999999997
0.0348
0.3002
1.1199999999999999
0.0557
0.2002
0.4728
0.2882
0.12029999999999999
0.0921
0.12179999999999999
0.3207
0.5166
0.1937
0.14100000000000001
0.1265
1.0382
0.6734
0.0043
0.0664
0.0559
0.0
0.0
0.0016
0.0
0.0
0.0
0.0
0.0
0.9972000000000001
0.5898
0.27990000000000004
0.1889
0.2177
0.15239999999999998
1.9308
0.5193
0.12890000000000001
0.36729999999999996
0.4162
0.1752
0.093
0.0193
0.0
0.0
1.9755000000000003
1.0846
0.7528
1.1918000000000002
0.861
1.1756
1.1873999999999998
1.0464
0.4713
0.1527
0.0649
0.4414
1.3586
0.7995
0.2534
0.1753
0.2621
0.5473
0.2497
0.3956
0.5456
0.2132
0.123
0.0785
0.1837
0.1713
0.1477
0.1503
0.1598
0.4202
0.2287
0.1252
0.1341
1.0161
0.5415
0.10500000000000001
0.6841
0.0216
0.019799999999999998
0.0229
0.019700000000000002
0.0567
0.0781
0.4619
0.37660000000000005
0.3509
0.6708
0.272
0.2344
0.2415
0.2394
0.2226
0.2032
0.1916
0.1945
0.1974
0.1987
0.2298
0.27759999999999996
0.19979999999999998
0.2052
0.4626
0.3516
0.2786
0.2378
0.421
0.7939
0.28890000000000005
0.3074
0.3353
0.2924
0.2489
0.0
0.0
0.0
0.0
0.0
0.0
0.2596
0.38959999999999995
0.0009
0.0213
0.018099999999999998
0.0242
0.0364
0.0233
0.0168
0.0062
0.8174
0.2296
0.252
0.3368
0.228
0.0506
0.0
0.0
0.09720000000000001
0.0437
0.0492
0.054099999999999995
0.0531
0.0505
0.042499999999999996
0.0364
0.0513
0.077
0.07999999999999999
0.030199999999999998
0.036
0.1042
0.0041
0.0
0.0
0.5762999999999999
0.1498
0.0254
0.1177
0.1565
0.0868
0.051500000000000004
0.045
0.0402
0.037000000000000005
0.0373
0.0369
0.046799999999999994
0.1031
0.214
0.1351
0.0758
0.071
0.048799999999999996
0.062
0.0758
0.0806
0.069
0.064
0.058800000000000005
0.045200000000000004
0.0974
0.1142
0.1018
0.0632
0.0393
0.21100000000000002
0.2072
0.1875
0.1807
0.1733
0.1845
0.2056
0.37950000000000006
0.351
0.21000000000000002
0.3311
0.2316
0.2183
0.23509999999999998
0.26380000000000003
0.2455
0.2284
0.37929999999999997
0.2499
0.3227
0.5038
0.3024
0.1879
0.1664
2.0028
1.5179
2.7751
2.7979
0.18280000000000002
0.0006
0.0082
0.013900000000000001
0.0
0.0133
0.0195
0.0
0.012299999999999998
0.0
0.0
1.5045000000000002
0.3827
0.0668
0.7353000000000001
1.0682
0.5022
0.39649999999999996
1.4496
1.6017000000000001
0.2844
0.26739999999999997
0.2606
0.2583
0.26990000000000003
0.27659999999999996
0.277
0.2738
0.3025
0.3536
0.2873
0.28900000000000003
0.35150000000000003
0.3647
0.26839999999999997
0.2626
0.7354
0.4125
0.5335
0.4085
0.6098
0.7587999999999999
0.5555
0.3449
0.1676
0.14500000000000002
0.1361
0.12969999999999998
0.1244
0.1187
0.11939999999999999
0.1633
0.2756
0.3274
0.2175
0.211
0.42000000000000004
0.1669
0.1706
0.1905
0.21760000000000002
0.4646
0.6673
0.3768
0.2383
0.2491
0.2692
0.2291
0.154
0.14150000000000001
0.12869999999999998
0.12619999999999998
0.1174
0.12129999999999999
0.1237
0.1437
0.1799
0.275
0.39049999999999996
1.0423
0.2458
0.3951
0.2765
0.22399999999999998
0.2637
0.3546
0.3197
0.3403
0.2812
0.2641
0.2265
0.1857
0.0
0.0
0.0
0.0
0.0
0.0
0.0
0.0866
0.5031
1.0214
0.44620000000000004
0.9496
0.512
0.15610000000000002
0.1453
0.4715
0.19669999999999999
0.15910000000000002
0.1207
0.0578
0.02
0.0
0.0
0.0
0.1874
0.17059999999999997
0.1609
0.1559
0.15689999999999998
0.15439999999999998
0.1748
0.19019999999999998
0.2334
0.3014
0.2143
0.2228
0.4181
0.391
0.2365
0.21610000000000001
0.2478
0.27290000000000003
0.6535
0.6972
0.912
0.4979
0.3456
0.24380000000000002
0.2051
0.1733
0.15639999999999998
0.1469
0.1385
0.1366
0.1326
0.1456
0.16999999999999998
0.16449999999999998
0.222
0.3481
0.16399999999999998
0.1829
0.225
0.4159
0.6731
0.4292
0.2694
0.2623
0.5516000000000001
0.37229999999999996
0.252
0.22399999999999998
0.13840000000000002
0.1182
0.1015
0.08940000000000001
0.0812
0.0748
0.0714
0.066
0.0717
0.1708
0.26639999999999997
0.1656
0.1089
0.3182
0.5921000000000001
0.1542
0.09989999999999999
0.0822
0.1612
0.1646
0.16959999999999997
0.197
0.2402
0.1911
0.15589999999999998
0.1254
0.1126
0.10869999999999999
0.10250000000000001
0.1069
0.10239999999999999
0.1172
0.3366
0.2247
0.1707
0.1693
0.1285
0.1233
0.1087
0.1298
0.4827
0.3048
0.3109
0.388
0.6851
0.6952
0.4206
0.25570000000000004
0.022099999999999998
0.0131
0.006
0.0127
0.0136
0.0309
0.035
0.0479
0.06
0.5666
0.157
0.5769
0.091
0.8214
0.027700000000000002
0.0716
0.09759999999999999
0.0893
0.1716
0.2793
0.22310000000000002
0.09079999999999999
0.028399999999999998
0.02
0.0
0.0
0.0
0.0
0.0
0.0
0.0
0.0298
0.096
0.049
0.3095
0.40349999999999997
0.125
0.1004
0.1775
0.1427
0.32789999999999997
0.031100000000000003
0.0
0.0
0.1533
0.2306
0.07400000000000001
0.0
0.1089
0.11499999999999999
0.0926
0.0911
0.096
0.1231
0.55
0.6772
0.24359999999999998
0.1248
0.4163
0.1804
0.21
0.23459999999999998
0.6371
0.39749999999999996
0.2065
1.0006
0.2727
0.5435000000000001
0.22149999999999997
0.1159
0.0822
0.09040000000000001
0.106
0.0336
0.0568
0.0512
0.0482
0.0427
0.024900000000000002
0.13979999999999998
0.44
0.006500000000000001
0.019700000000000002
0.0725
0.1265
0.0096
0.0044
0.0035
0.0574
0.45799999999999996
1.7224
0.43999999999999995
0.2137
0.16570000000000001
0.14100000000000001
0.1021
0.0519
0.039
0.041800000000000004
0.037099999999999994
0.0388
0.0412
0.0584
0.09989999999999999
0.17099999999999999
0.6429
0.1733
0.1346
0.19119999999999998
0.6323000000000001
0.26380000000000003
0.1736
0.26149999999999995
0.5644
0.8185
0.5003
0.1528
0.10189999999999999
0.06659999999999999
0.0644
0.0
0.0
0.0
0.0
0.0
0.0
0.0
0.0
0.0179
0.1007
0.0072
0.0
0.0
0.0
0.0
0.0
0.0
0.0
0.0
0.0
0.0
0.0182
0.048799999999999996
0.028499999999999998
0.016900000000000002
0.015300000000000001
0.006699999999999999
0.0063999999999999994
0.0034
0.006500000000000001
0.0402
0.0252
0.0033
0.0
0.0218
0.0
0.0
0.0077
0.0611
0.0352
0.0
0.008799999999999999
0.0205
0.065
0.07780000000000001
0.0465
0.016300000000000002
0.0029
0.0
0.0
0.0
0.0
0.0
0.013300000000000001
0.0297
0.0333
0.0577
0.10490000000000001
0.0875
0.0808
0.0685
0.052599999999999994
0.0264
0.0493
0.1089
0.0084
0.0
0.0
0.0
0.0
0.0
0.0
0.3798
0.327
0.1691
0.15189999999999998
0.1617
0.2393
0.6298999999999999
0.7890999999999999
0.5974999999999999
0.2036
0.39390000000000003
0.2821
0.1867
0.1735
0.1514
0.15460000000000002
0.238
0.37060000000000004
0.2539
0.5876
0.2289
0.0709
0.0404
0.060000000000000005
0.1166
0.1017
0.0948
0.08940000000000001
0.0886
0.0952
0.10969999999999999
0.1424
0.1981
0.2824
0.2874
0.31289999999999996
0.5268999999999999
0.3204
0.2737
0.2414
0.8064
0.5616
0.6849000000000001
0.6272
0.388
0.2973
0.2027
0.14550000000000002
0.1871
0.1669
0.15710000000000002
0.1424
0.1367
0.13140000000000002
0.13219999999999998
0.1359
0.1555
0.36650000000000005
0.2046
0.2012
0.2056
0.2425
0.3401
0.2459
0.18009999999999998
0.18259999999999998
0.27690000000000003
0.3246
0.2953
0.388
0.8009
0.29410000000000003
0.2469
0.1945
0.25429999999999997
0.22460000000000002
0.2531
0.28200000000000003
1.6332
0.9353
0.1509
0.1064
0.1068
0.3538
0.6414000000000001
0.16149999999999998
0.1225
0.1436
0.2025
0.6169
0.5201
0.42579999999999996
0.6848000000000001
0.2091
0.15799999999999997
0.1663
0.051699999999999996
0.0451
0.0399
0.0409
0.0363
0.0495
0.0785
0.19030000000000002
0.1003
0.2086
0.2064
0.0434
0.0314
0.0279
0.0405
0.1744
0.9567
1.0485
0.8373999999999999
0.0707
0.08360000000000001
0.0741
0.0659
0.0553
0.0337
0.029199999999999997
0.0265
0.032600000000000004
0.032100000000000004
0.0329
0.0466
0.1152
0.3016
0.0716
0.0319
0.0388
0.0497
0.06129999999999999
0.07569999999999999
0.0706
0.030199999999999998
0.0146
1.4287999999999998
0.45580000000000004
0.4181
0.8373999999999999
0.1814
0.0635
0.2538
0.2883
0.2758
0.2954
0.4244
1.0545
0.4724
0.3486
0.2882
0.2619
0.2668
0.2407
0.2888
0.4601
0.9485
0.4164
0.38949999999999996
0.8913
0.5139
0.7941
1.0401
0.4759
0.2675
0.2299
0.0478
0.0161
0.0142
0.0241
0.009
0.010400000000000001
0.0
0.024499999999999997
0.030199999999999998
0.0172
0.0
0.0058
1.3924
0.2477
0.0229
0.0343
0.10350000000000001
1.2184
0.6911
0.1926
0.0906
0.1214
0.3993
0.5645
0.1041
0.09770000000000001
0.0987
0.08929999999999999
0.0928
0.1075
1.1793
0.2953
0.12029999999999999
0.1046
0.10289999999999999
0.0963
0.0919
0.0753
0.0668
0.069
0.6405000000000001
0.2222
0.4751
0.647
0.3563
0.47950000000000004
0.2595
0.1499
0.0
0.0047
0.0343
0.0104
0.0
0.0
1.0046
0.0432
0.0
0.3011
0.6652
0.0
0.48219999999999996
0.0176
0.0031
0.0783
1.0228
0.0005
0.0
0.0
0.0223
0.1306
0.2542
0.0085
0.1177
0.1154
0.1131
0.1095
0.11410000000000001
0.1317
0.161
0.22039999999999998
0.5429999999999999
0.5862
0.1288
0.10519999999999999
0.1148
0.1397
0.1529
0.1965
0.2914
0.2504
0.7922
0.6838
0.5691999999999999
0.3855
0.1163
0.1005
0.0468
0.0424
0.0401
0.040400000000000005
0.0416
0.0504
0.1331
0.13140000000000002
0.0689
0.0648
0.0526
0.0328
0.0403
0.052000000000000005
0.065
0.09870000000000001
0.1568
0.1353
0.1428
0.17720000000000002
0.1349
0.1189
0.0757
0.0485
0.132
0.13140000000000002
0.1261
0.13090000000000002
0.1442
0.2073
0.1711
0.1526
0.12340000000000001
0.1275
0.1405
0.1505
0.2129
0.2026
0.3389
0.3194
0.427
0.7542
0.32889999999999997
0.2349
0.188
0.1272
0.1076
0.1074
0.2089
0.1958
0.1843
0.16499999999999998
0.1594
0.16160000000000002
0.15710000000000002
0.1918
0.21700000000000003
0.3353
0.3315
0.6795
0.7212
0.5746
0.0458
0.0497
0.0625
0.1313
0.4059
0.3405
0.5584
0.35540000000000005
0.241
0.1986
0.0437
0.0348
0.029400000000000003
0.028200000000000003
0.0304
0.0279
0.032
0.0802
0.1854
0.4045
0.325
0.26070000000000004
0.122
0.06709999999999999
0.0329
0.0174
0.026000000000000002
0.0627
0.0293
0.069
0.1251
0.2203
0.208
0.0892
0.0
0.0233
0.0
0.0177
0.01
0.0
0.0
0.0
0.0
1.7541
4.0316
5.3293
2.8538
0.3121
0.14150000000000001
1.8687
5.121499999999999
1.3147
1.3393000000000002
1.4321
1.2288999999999999
1.6301999999999999
1.1066
0.2316
0.1702
0.1514
0.1533
0.151
0.15589999999999998
0.3247
0.518
0.20329999999999998
0.13169999999999998
0.1153
0.108
0.1059
0.1036
0.1249
0.5604
0.501
0.31420000000000003
0.7918000000000001
0.7858
0.722
1.3847
0.9659
0.43010000000000004
0.2439
0.0436
0.038
0.038
0.0368
0.0378
0.0364
0.0284
1.15
0.0867
0.075
0.09190000000000001
0.1436
0.13369999999999999
0.1172
0.1112
0.489
0.8446
0.1809
0.3192
0.3365
0.32189999999999996
0.1307
0.07200000000000001
0.0576
0.07919999999999999
0.0776
0.0682
0.0636
0.0638
0.062
0.07400000000000001
0.2
0.2582
0.426
0.48
0.14679999999999999
0.0879
0.0643
0.0519
0.0552
0.0901
0.2476
0.2132
0.2554
0.2385
0.2025
0.1582
0.0994
0.1824
0.1303
0.1352
0.1359
0.108
0.1303
0.13369999999999999
0.1691
0.3466
0.4194
0.3386
0.9566000000000001
0.5307
0.6355999999999999
1.5529
0.9180999999999999
1.0421
1.056
0.5417000000000001
0.58
1.1677
0.9340999999999999
0.5882000000000001
0.2804
0.1898
0.17099999999999999
0.15789999999999998
0.1567
0.16310000000000002
0.3001
0.31889999999999996
0.2347
0.2203
0.2266
0.2062
0.227
0.6756
0.25680000000000003
0.26339999999999997
0.2967
0.4034
0.7726
1.043
0.6789000000000001
0.6994
0.4799
0.37429999999999997
0.2705
0.1494
0.10930000000000001
0.1613
0.12329999999999999
0.1375
0.1277
0.331
0.394
0.0
0.8425
1.1760000000000002
0.029700000000000004
0.0
0.0
0.0
0.4514
0.0212
0.0383
0.4211
0.0042
0.029400000000000003
0.043
0.0363
0.07669999999999999
0.5422
0.5081
0.7088
0.5687
0.2872
0.245
0.2659
0.2882
0.2177
0.132
0.1018
0.0828
0.101
0.094
0.1343
0.5157
0.8075
0.23299999999999998
0.4704
1.0034999999999998
0.2616
0.175
0.13369999999999999
0.0859
0.0743
0.0664
0.063
0.062299999999999994
0.0587
0.0799
0.2206
0.19180000000000003
0.1008
0.0988
0.1793
0.1725
0.2115
0.1319
0.0867
0.09129999999999999
0.10450000000000001
0.4514
1.1783
1.1446
0.3061
0.1344
0.0786
0.0716
0.0109
0.0
0.0
0.0112
0.0552
0.1001
0.0881
0.0664
0.035699999999999996
0.0329
0.0125
0.0073
0.0043
0.1825
0.698
0.2827
0.5018
1.1463
0.6526000000000001
1.1248
0.5335000000000001
0.0066
0.0151
0.0198
0.0
0.0
0.0
0.0
0.0
0.0
0.0
0.0
0.0
0.0
0.0
0.0
0.0066
0.4155
0.0
0.0
0.0
0.5413
0.1248
0.184
0.1079
0.0372
0.0096
0.0
0.0213
0.0156
0.0132
0.0115
0.0101
0.0101
0.026299999999999997
0.1477
0.0481
0.0371
0.022699999999999998
0.0023
0.0053
0.0005
0.0
0.0
0.0
0.0146
0.0678
0.0872
0.0532
0.0452
0.0313
0.0157
0.1739
0.1678
0.16870000000000002
0.1706
0.1742
0.2024
0.4514
0.4907
0.37570000000000003
0.2277
0.182
0.1817
0.2217
0.3035
0.4476
0.3493
0.24830000000000002
0.3412
0.32389999999999997
0.3318
0.41069999999999995
0.325
0.2107
0.1698
0.17149999999999999
0.1405
0.1273
0.1189
0.1194
0.12290000000000001
0.1392
0.1452
0.1277
0.1251
0.0946
0.0959
0.1694
1.0954
0.3669
0.2862
0.2301
0.3086
0.8371
0.4122
0.349
0.4046
0.4027
0.273
0.4897
0.4151
0.42600000000000005
0.42500000000000004
0.4155
0.48040000000000005
0.8379
1.5197
0.7141
0.39990000000000003
0.279
0.2237
0.2175
0.24359999999999998
0.27699999999999997
1.0747
0.8818999999999999
0.45899999999999996
0.3821
0.3807
0.37
0.3931
0.814
0.6638
0.1466
0.0537
0.10880000000000001
0.0986
0.0921
0.0988
0.10149999999999999
0.19140000000000001
0.3292
0.8994000000000001
0.0425
1.3907
1.4176
0.2414
0.1111
0.0897
0.2443
0.4252
0.0985
0.3275
0.5105
0.37070000000000003
1.442
0.46030000000000004
0.06670000000000001
0.0713
0.0502
0.0564
0.06609999999999999
0.0595
0.0338
1.032
0.9969
0.1718
0.15860000000000002
0.10930000000000001
0.1279
0.1282
0.1573
0.2696
1.4853
1.649
1.4994
0.8687
1.4789999999999999
0.7876
0.022699999999999998
0.0648
0.0439
0.0435
0.0405
0.0368
0.0401
0.0475
0.048100000000000004
0.0921
0.1441
0.1884
0.6807
1.2130999999999998
0.7917000000000001
0.7893
0.09570000000000001
0.0589
0.1293
0.7487
0.2731
0.6113
0.3359
0.1866
0.0949
0.0563
0.1948
0.1799
0.17009999999999997
0.1688
0.1686
0.1861
0.2996
0.44299999999999995
0.2465
0.1726
0.12990000000000002
0.125
0.1532
0.1502
0.14579999999999999
0.156
0.6965
1.0421
0.4592
0.5074000000000001
0.5982999999999999
0.41390000000000005
0.343
0.25070000000000003
0.2139
0.2036
0.2011
0.1972
0.1971
0.2206
0.21989999999999998
0.19419999999999998
0.1795
0.2505
0.2218
0.2279
0.2381
0.2188
0.191
0.6903
0.7863
0.2603
0.468
0.2575
0.24880000000000002
0.2642
0.2999
0.2777
0.17120000000000002
0.16770000000000002
0.1628
0.1622
0.1659
0.1834
0.23550000000000001
0.29710000000000003
0.2965
0.2784
0.25780000000000003
0.2181
0.2226
0.2477
0.2744
0.3
0.8577
0.8829
1.0023
0.6191
0.6071
0.4117
0.2215
0.1749
0.0089
0.0
0.0
0.0
0.0
0.0
0.0
0.0
0.0
0.0
0.0007
0.0274
0.0277
0.0262
0.0556
0.0233
0.1616
1.124
1.3063
0.4924
0.1621
0.1394
0.149
0.0973
0.2151
0.188
0.1824
0.20929999999999999
0.2415
0.5945
1.1072
0.39380000000000004
0.2836
0.23720000000000002
0.20700000000000002
0.2474
0.4103
0.35019999999999996
0.3873
0.4117
0.8981000000000001
1.0747
0.4174
0.7339
0.48540000000000005
0.3157
0.2163
0.7983
2.2702
1.0391
0.5333
0.6476000000000001
0.3012
0.2676
0.30469999999999997
0.1178
0.0847
0.0922
0.0674
0.0576
0.0776
0.0771
0.16349999999999998
0.174
0.1094
0.16899999999999998
0.0508
0.9730000000000001
0.5355
0.48360000000000003
0.4627
1.0241
0.1321
0.1221
0.11760000000000001
0.1245
0.14450000000000002
0.16149999999999998
0.1482
0.1706
0.1796
0.8094
0.14950000000000002
0.1136
0.2935
0.3162
0.1959
0.2152
0.44939999999999997
1.0251
0.1743
0.2587
0.2481
0.2621
0.2429
0.1506
0.1763
0.163
0.1555
0.1543
0.14579999999999999
0.1484
0.16099999999999998
0.186
0.1912
0.4521
0.4007
0.18
0.2129
0.7382000000000001
1.1868
0.36
0.3095
0.2924
0.31589999999999996
0.3675
0.3016
0.29679999999999995
0.2955
0.2268
0.0072
0.0017
0.0
0.0011
0.0
0.0027
0.0464
0.0679
0.0173
0.0171
0.0199
0.0348
0.048
0.0339
0.0372
0.1351
0.11679999999999999
0.06470000000000001
0.059899999999999995
0.06770000000000001
0.0906
0.0765
0.0533
0.0224
0.0
0.0
0.0101
0.0022
0.0121
0.0388
0.8828
0.0157
0.21789999999999998
1.4484
1.1062
0.0
0.4203
0.4154
0.2707
0.6036
1.3987
1.0328
0.27090000000000003
0.3855
0.3356
0.0291
0.0
0.0
0.15139999999999998
0.14839999999999998
0.14429999999999998
0.15100000000000002
0.164
0.20989999999999998
0.2546
0.2232
0.2003
0.2377
0.2229
0.1996
0.2346
0.2379
0.22399999999999998
0.2588
0.3899
1.7921
1.001
1.1339000000000001
0.7733
0.3721
0.2253
0.1735
0.1192
0.1022
0.09509999999999999
0.0919
0.0881
0.09459999999999999
0.0938
0.1182
0.15699999999999997
0.1387
0.1345
0.1127
0.1038
0.1122
0.132
0.5427
0.5101
0.1787
0.14629999999999999
0.1729
0.2099
0.49529999999999996
0.3433
0.16720000000000002
0.6131
0.2655
0.2667
0.1597
0.136
0.12
0.1129
0.0639
0.5103
0.4894
0.2382
0.1351
0.0801
0.07730000000000001
0.0658
0.0722
0.0978
0.1296
0.43679999999999997
1.2526
0.5684
1.4020000000000001
1.7295000000000003
0.7026
0.2124
0.21610000000000001
0.2156
0.2231
0.2218
0.271
0.4966
0.46410000000000007
0.3902
0.2639
0.1754
0.16999999999999998
0.19890000000000002
0.21300000000000002
0.244
0.5788
1.1320999999999999
0.6263000000000001
0.3332
0.2965
0.38029999999999997
0.38439999999999996
0.2636
0.2144
0.31510000000000005
0.2855
0.29359999999999997
0.3683
0.3484
0.18
0.097
0.0561
0.0513
0.055999999999999994
0.0554
0.0518
0.0775
0.2582
0.3705
0.4496
1.1226
1.9889999999999999
0.5834
0.5777
0.4748
0.7973
1.0636999999999999
0.3968
0.0
0.0
0.0288
0.0303
0.017499999999999998
0.0107
0.0079
0.0044
0.0408
0.2278
0.6178
0.22820000000000001
1.0621
1.2047
0.38680000000000003
2.4173
0.9448000000000001
0.5411
0.8586
0.7015
1.109
0.49929999999999997
0.0796
0.0485
0.2741
0.2612
0.24880000000000002
0.2387
0.2193
0.2096
0.2
0.18359999999999999
0.1584
0.4014
0.4927
1.2703
0.5455
0.49250000000000005
0.2569
0.311
0.2718
0.239
0.3002
0.2631
0.2707
0.3101
0.3701
0.37629999999999997
0.07050000000000001
0.0649
0.0617
0.0629
0.0619
0.06609999999999999
0.0801
0.1219
0.12140000000000001
0.09939999999999999
0.07300000000000001
0.046799999999999994
0.0479
0.0584
0.0609
0.0743
0.0908
0.0901
0.129
0.1842
0.144
0.14379999999999998
0.1109
0.079
0.0328
0.0245
0.019799999999999998
0.017
0.0178
0.0103
0.0592
0.37070000000000003
0.0776
0.0861
0.0406
0.024399999999999998
0.0322
0.020900000000000002
0.0078
0.0004
0.3059
0.1061
0.6043000000000001
0.2363
0.1811
0.2266
0.1846
0.0873
0.1114
0.1096
0.1069
0.1035
0.1045
0.099
0.079
0.0808
0.2008
0.0895
0.1158
0.07200000000000001
0.0262
0.0315
0.0312
0.0557
0.1363
0.11560000000000001
0.1709
0.2676
0.18669999999999998
0.2542
0.0608
0.07619999999999999
0.1791
0.188
0.1837
0.17149999999999999
0.16670000000000001
0.1625
0.9092
0.4083
0.1037
0.0828
0.07730000000000001
0.0728
0.0806
0.0745
0.0753
0.0693
0.0819
0.4836
1.3066
0.3113
0.353
0.3201
0.2336
0.1861
0.1607
0.137
0.122
0.1233
0.12669999999999998
0.1377
0.1206
0.1303
0.1127
0.1194
0.09459999999999999
0.1096
0.49279999999999996
0.2958
0.153
0.1691
0.2577
0.38639999999999997
0.4388
0.7174
0.3966
0.3933
0.4437
0.2593
0.3677
0.1404
0.1351
0.1332
0.1122
0.1409
0.52
0.3415
0.0226
0.13929999999999998
0.0
0.0
0.0
0.0
0.0
0.0
0.0
0.0
1.0014
1.1853
0.3695
0.524
0.7566999999999999
0.2652
0.3183
0.27090000000000003
0.2499
0.2399
0.2365
0.257
0.6315999999999999
0.3788
0.2218
0.23399999999999999
0.2571
0.26880000000000004
0.24180000000000001
0.2268
0.2378
0.2505
0.6276999999999999
0.37039999999999995
0.378
0.4095
0.387
0.39239999999999997
0.4626
0.445
0.12940000000000002
0.1278
0.13
0.1291
0.133
0.1714
0.3209
0.2927
0.2126
0.1799
0.2143
0.3721
0.28359999999999996
0.2593
0.24480000000000002
0.625
0.703
0.6013
0.3548
0.3066
0.30710000000000004
0.195
0.1313
0.1248
0.1612
0.1338
0.1095
0.10250000000000001
0.11
0.1238
0.1484
0.1548
0.7531000000000001
0.5901000000000001
0.5578000000000001
1.2281
0.5307999999999999
0.4404
0.42910000000000004
0.3443
0.4083
0.3304
0.2718
0.6593
1.0293
1.4009
1.3803999999999998
0.4445
0.027299999999999998
0.0257
0.0232
0.023899999999999998
0.0266
0.041999999999999996
0.09
0.08349999999999999
0.0645
0.0619
0.0601
0.0485
0.054
0.0623
0.0681
0.093
0.10980000000000001
0.09889999999999999
0.1461
0.1429
0.0928
0.0524
0.0266
0.019299999999999998
0.0815
0.0703
0.0699
0.07200000000000001
0.067
0.0665
0.0708
0.0803
0.1007
0.7607
0.11069999999999999
0.1117
0.26
0.2566
0.14150000000000001
0.1185
0.1174
0.12869999999999998
0.18159999999999998
0.2713
0.1202
0.0752
0.0619
0.0584
0.16999999999999998
0.1519
0.1432
0.1368
0.125
0.1267
0.16720000000000002
0.1386
0.0684
0.0621
0.042800000000000005
0.0712
0.0969
0.0636
0.0648
0.1471
0.2459
0.47250000000000003
0.4678
0.2499
0.192
0.0972
0.09770000000000001
0.10289999999999999
0.054900000000000004
0.07139999999999999
0.0703
0.07150000000000001
0.0653
0.0844
0.12010000000000001
0.3419
0.9977
0.266
0.3177
0.11410000000000001
0.0879
0.0893
0.3436
0.193
0.0839
0.08249999999999999
0.07039999999999999
0.0477
0.024
0.0023
0.0073
0.0194
0.183
0.1583
0.1537
0.147
0.1391
0.1319
0.1243
0.1366
0.1377
0.20600000000000002
0.18569999999999998
0.1476
0.2398
0.536
0.2293
1.1078999999999999
1.0288
1.3614000000000002
0.14300000000000002
0.1432
0.1617
0.1734
0.2227
0.21989999999999998
0.2596
0.2727
0.3492
0.34950000000000003
0.2635
0.23559999999999998
0.24159999999999998
0.2662
0.3866
1.1748
0.4193
0.2635
0.7405
0.2883
0.2542
0.2164
0.2264
0.2741
0.9224
0.4828
0.2531
0.2111
0.1753
0.1716
1.7073
0.991
0.7604
1.111
1.4264999999999999
1.7130999999999998
1.524
0.4101
0.0674
0.0
0.0
0.0024
0.0
0.0
0.0
0.0
0.0426
2.8684000000000003
6.4841
1.754
0.5619000000000001
0.42510000000000003
3.6741
1.8272
0.07100000000000001
0.0478
0.039099999999999996
0.0408
0.038500000000000006
0.0327
0.0385
0.061
0.0747
0.0567
0.045899999999999996
0.0344
0.0351
0.039
0.0437
0.060700000000000004
0.1084
0.2683
0.5690999999999999
0.479
0.6863
0.45530000000000004
0.337
0.21960000000000002
0.0
0.0
0.0
0.0
0.0
0.0
0.15410000000000001
0.0774
0.0
0.0
0.0
0.0
0.0
0.0
0.0
0.0
0.0185
0.0
0.0131
0.0646
0.0529
0.018500000000000003
0.0017
0.0
0.1008
0.0907
0.0827
0.08299999999999999
0.08149999999999999
0.07719999999999999
0.07569999999999999
0.07400000000000001
0.0721
0.0897
0.0825
0.07500000000000001
0.1406
0.1426
0.09809999999999999
0.086
0.09259999999999999
0.226
0.27290000000000003
0.23820000000000002
0.1785
0.1639
0.14400000000000002
0.1164
0.0788
0.0633
0.0561
0.0626
0.0557
0.0569
0.06470000000000001
0.1205
0.2427
0.112
0.3277
0.5682
0.2487
0.13590000000000002
0.232
0.2202
0.138
0.9571
0.2222
0.3368
0.4415
0.3131
0.22010000000000002
0.1263
0.2934
0.2636
0.25680000000000003
0.2575
0.26749999999999996
0.3973
0.47209999999999996
0.3598
0.37529999999999997
0.35409999999999997
0.3873
0.3929
0.96
0.7129000000000001
1.5283
1.5692
0.5645
0.7824
1.0591
0.7439
1.1511
1.3761
0.6507000000000001
0.3542
0.0751
0.0567
0.0633
0.059300000000000005
0.0571
0.061
0.075
0.1216
0.2247
0.5646
0.4131
0.4727
0.7577
0.7579
0.9231
0.7117
0.8212999999999999
1.0763
0.4175
0.264
0.22870000000000001
0.17099999999999999
0.1293
0.0952
0.028900000000000002
0.032299999999999995
0.0268
0.0258
0.0252
0.0282
0.0634
0.21810000000000002
0.49860000000000004
0.2301
0.15350000000000003
0.117
0.1298
0.1281
0.0955
0.0895
0.0985
0.1891
0.20329999999999998
0.6262
0.3014
0.13490000000000002
0.053
0.0345
0.08990000000000001
0.0541
0.0548
0.0462
0.0592
0.0376
0.040100000000000004
0.0561
0.1255
0.3788
0.7649
1.1654
2.2026
0.6021000000000001
0.38280000000000003
0.9445
1.8605
0.2284
0.0988
0.0866
0.15389999999999998
0.2341
0.24209999999999998
0.1471
0.0736
0.0733
0.0685
0.069
0.064
0.0687
0.0848
0.405
0.117
0.3627
0.0856
0.13040000000000002
0.0958
0.08280000000000001
0.08579999999999999
0.2789
0.24910000000000002
0.1122
0.23060000000000003
0.49129999999999996
0.3306
0.14350000000000002
0.11760000000000001
0.0972
0.0842
0.0567
0.0463
0.0482
0.0443
0.0443
0.038400000000000004
0.061399999999999996
0.11379999999999998
0.31389999999999996
0.2695
0.2781
0.3425
0.3045
0.31320000000000003
0.1516
0.1423
1.0154
0.8420000000000001
0.487
0.2855
0.2774
0.2613
0.15910000000000002
0.0669
0.059
0.0555
0.0516
0.0461
0.0547
0.0995
0.4432
0.5096
0.31820000000000004
0.30110000000000003
0.3236
0.3042
0.2371
0.2042
0.1989
1.5827
0.462
0.4849
0.4102
0.6258
0.5562
0.3322
0.1183
0.13340000000000002
0.1214
0.1194
0.11649999999999999
0.1266
0.19690000000000002
0.2432
0.1011
0.0605
0.2808
0.2213
0.1345
0.1442
0.1045
0.087
0.2642
0.1518
0.0978
0.175
0.1995
0.1641
0.1848
0.2263
0.2046
0.06939999999999999
0.0679
0.0555
0.0584
0.0592
0.0686
0.0921
0.6934
0.5101
0.16610000000000003
0.124
0.0989
0.1242
0.12469999999999999
0.10869999999999999
0.1282
0.257
0.7768
0.7916000000000001
0.46
0.36550000000000005
0.396
0.4325
0.1661
0.0849
0.07219999999999999
0.07450000000000001
0.07
0.0682
0.0721
0.08230000000000001
0.0858
0.0906
0.165
0.1003
0.4214
0.5557
0.0016
0.0
0.0
0.0087
0.08180000000000001
0.0444
0.08199999999999999
0.1253
0.1175
0.0948
0.0781
0.11610000000000001
0.10980000000000001
0.1174
0.1126
0.1271
0.1649
0.253
0.32010000000000005
0.3129
0.28559999999999997
0.5195000000000001
1.0648
1.0863
0.31489999999999996
0.3569
0.6426000000000001
0.5082
0.3195
0.267
0.2589
0.22
0.1598
0.12769999999999998
0.1174
0.20490000000000003
0.16160000000000002
0.1024
0.1295
0.0812
1.6044
1.1625
1.0232999999999999
1.3176
2.6319999999999997
1.7490999999999999
0.6823
2.1661
1.6016
1.1724999999999999
2.2461
3.6170999999999998
1.2921
1.2121
2.2801
1.48
1.2359
0.8856999999999999
0.4383
0.0587
0.0217
0.0467
0.030100000000000002
0.0299
0.0157
0.033100000000000004
0.0397
0.0844
0.1426
0.135
0.49
1.4177
1.2671000000000001
0.5901
1.3545
0.7021999999999999
0.8822
0.09029999999999999
0.0774
0.1006
0.1162
0.1298
0.0886
0.1683
0.14450000000000002
0.1374
0.1481
0.1862
0.18209999999999998
0.1457
0.1085
0.10339999999999999
0.0959
0.0995
0.1048
0.1702
0.228
0.1731
0.2632
0.4635
1.1569
2.2026000000000003
0.9761
0.7511
0.5055000000000001
0.2965
0.2178
0.3709
0.2723
0.2379
0.2197
0.185
0.157
0.125
0.13369999999999999
0.0973
0.0869
0.0763
0.0837
0.6937
0.564
0.7476
1.0992000000000002
0.8743
1.6179999999999999
1.5686
1.1476
0.6555
0.278
0.28959999999999997
0.3428
0.2386
0.226
0.2128
0.2226
0.2101
0.2356
0.3023
0.6206
1.119
0.482
0.2881
0.2522
0.29000000000000004
0.2985
0.29869999999999997
0.2626
2.2149
0.4068
0.3547
0.8124
1.0591
0.6219
0.39380000000000004
0.27149999999999996
0.0853
0.0825
0.0875
0.0973
0.10139999999999999
0.1271
0.17509999999999998
0.3065
0.4157
0.134
0.0754
0.0716
0.1007
0.12190000000000001
0.1336
0.1618
0.37760000000000005
0.1872
0.2126
0.42269999999999996
0.5174
0.1333
0.07869999999999999
0.07039999999999999
0.517
0.5921000000000001
0.6376999999999999
0.44899999999999995
0.3103
0.2717
0.2444
0.2466
0.2425
0.2914
0.2964
0.2225
0.19240000000000002
0.3598
0.7968
1.9957
1.4173
1.0754
0.5753999999999999
0.3493
0.36019999999999996
0.4124
0.45799999999999996
0.4326
0.1283
0.1115
0.0986
0.091
0.08410000000000001
0.07919999999999999
0.0752
0.07980000000000001
0.07780000000000001
0.10200000000000001
0.14200000000000002
0.1436
0.119
0.1015
0.09889999999999999
0.10339999999999999
0.1001
0.13190000000000002
0.1955
0.16620000000000001
0.14200000000000002
0.13269999999999998
0.1276
0.12190000000000001
0.171
0.1436
0.1432
0.1413
0.13529999999999998
0.1526
0.213
0.3238
0.43889999999999996
0.8136
0.9285
1.1399
1.4609
0.5022
0.5597000000000001
0.34640000000000004
0.27070000000000005
0.6302000000000001
0.20390000000000003
0.215
0.2421
0.2484
0.2388
0.19240000000000002
0.14789999999999998
0.1542
0.1953
0.16660000000000003
0.1956
0.4028
0.19519999999999998
0.1661
0.1477
0.23409999999999997
0.1348
0.1227
0.1852
0.23819999999999997
0.43770000000000003
0.2102
0.1389
0.1448
0.8311999999999999
0.2353
0.353
0.4716
0.24070000000000003
0.1654
0.057499999999999996
0.0536
0.056400000000000006
0.0539
0.0653
0.092
0.12129999999999999
0.1227
0.11599999999999999
0.23729999999999998
0.167
0.1303
0.3614
0.1729
0.2348
0.2317
0.6406000000000001
0.494
0.0991
0.07769999999999999
0.0538
0.0398
0.0547
0.0474
0.0345
0.0318
0.0325
0.029900000000000003
0.0342
0.0455
0.0645
0.0805
0.1976
0.2597
0.2612
0.4426
0.09409999999999999
0.1077
0.12079999999999999
0.1596
0.4912
0.5084
0.2822
0.1276
0.0525
0.0118
0.014700000000000001
0.0213
0.0391
0.0313
0.0314
0.0323
0.042
0.2944
0.48160000000000003
0.1545
0.1399
0.0744
0.0584
0.0485
0.06720000000000001
0.0963
0.1538
0.129
0.1371
0.1405
0.078
0.319
0.3564
0.3166
0.07680000000000001
0.032299999999999995
0.1349
0.1281
0.1268
0.1236
0.1139
0.1119
0.09889999999999999
0.18769999999999998
0.1547
0.087
0.0785
0.0998
0.11529999999999999
0.0923
0.09140000000000001
0.12589999999999998
0.1522
0.0809
0.0775
0.11099999999999999
0.0926
0.0809
0.0878
0.0955
0.3266
0.6175
0.5186
0.2333
0.20939999999999998
0.2022
0.2061
0.2791
0.4038
0.4206
0.3683
0.4424
0.3859
0.27790000000000004
0.21839999999999998
0.221
0.2195
0.1772
1.1705
1.2785
0.5137
0.3628
0.3338
0.29669999999999996
0.1237
0.09820000000000001
0.0866
0.0779
0.0728
0.0726
0.0892
0.096
0.5214
0.15710000000000002
0.1285
0.7464
0.1331
0.1516
0.4595
0.315
0.2265
0.44930000000000003
0.6972
0.4081
0.38780000000000003
0.3179
0.2627
0.1819
0.1
0.0864
0.0776
0.067
0.0566
0.0492
0.040499999999999994
0.0479
0.07730000000000001
0.0922
0.07719999999999999
0.18180000000000002
0.0943
0.06670000000000001
0.0649
0.0508
0.0358
0.0214
0.0254
0.0347
0.0518
0.0667
0.0877
0.094
0.1978
0.18330000000000002
0.1641
0.17170000000000002
0.1696
0.18230000000000002
0.3255
0.8589
1.1114
1.2564000000000002
1.0261
0.4941
0.5490999999999999
0.9268
0.9936
0.4304
0.361
0.39590000000000003
0.3948
0.46199999999999997
0.6329
0.9659
0.5341
0.2774
0.0892
0.0885
0.07980000000000001
0.074
0.0796
0.0974
0.1362
0.1882
0.2302
0.1676
0.5496
0.1202
0.5263
0.2067
0.3892
0.17559999999999998
0.16449999999999998
0.2474
0.1316
0.2772
0.189
0.1597
0.1299
0.0968
0.1679
0.1689
0.172
0.1673
0.1514
0.1464
0.1352
0.1416
0.1503
0.1076
0.0718
0.0514
0.0477
0.0617
0.10819999999999999
0.1879
1.0016
0.5673
0.3755
0.4334
0.41000000000000003
0.2494
0.1389
0.127
0.1713
0.1365
0.0564
0.0736
0.1104
0.08349999999999999
0.10189999999999999
0.0475
0.045700000000000005
2.2994
1.9101
1.6616
1.6734
0.10999999999999999
0.0738
0.0884
0.1515
0.6527000000000001
2.3111
2.0659
1.2618999999999998
0.9067000000000001
1.6265999999999998
0.4387
0.1505
0.0687
0.0398
0.024800000000000003
0.015300000000000001
0.0071
0.0062
0.0435
0.0999
0.061
0.0641
0.0007
0.0249
0.0
0.0
0.0
0.0
0.0031
0.0
0.0079
0.0
0.0113
0.0326
0.034
0.015
0.0
0.0
0.0021
0.0
0.0
0.0
0.0151
0.0
0.0014
0.0
0.0
1.8955000000000002
0.09309999999999999
0.012799999999999999
0.0849
2.0889
1.5497999999999998
0.577
1.019
0.1139
0.0
0.0
0.0005
0.10400000000000001
0.0891
0.08510000000000001
0.07869999999999999
0.0774
0.088
0.1004
0.1355
0.1661
0.3627
0.24509999999999998
0.1399
0.6021
0.6881
0.313
0.5915
0.41200000000000003
0.48250000000000004
0.43700000000000006
0.2853
0.249
0.2359
0.2152
0.1482
0.4238
0.5509999999999999
0.2996
0.26370000000000005
0.2541
0.2667
0.3011
0.35960000000000003
0.3821
0.487
0.5877
0.40890000000000004
0.594
0.9175
1.049
0.46940000000000004
0.34030000000000005
1.4085999999999999
0.48629999999999995
0.3546
0.3798
0.4585
1.4897
1.028
0.0412
0.0475
0.0419
0.0405
0.0363
0.0529
0.0411
0.298
0.4516
0.1346
0.161
0.1142
0.0713
0.054900000000000004
0.0267
0.0371
0.1628
0.25780000000000003
0.1769
0.073
0.3445
0.1731
0.0221
0.0294
0.1517
0.1192
0.0955
0.0827
0.0847
0.0775
0.046
0.2323
1.0518
0.058899999999999994
0.0965
0.0265
0.0058
0.0214
0.0342
0.0213
0.037500000000000006
0.1001
0.5503
0.063
0.13069999999999998
0.3326
0.2436
0.201
0.1601
0.1486
0.16249999999999998
0.1666
0.1805
0.32589999999999997
1.113
1.8290000000000002
1.0053999999999998
0.8572
0.3611
0.7537
0.6968000000000001
0.4265
0.30179999999999996
1.1976
0.5489999999999999
0.35850000000000004
0.5481
0.3726
0.28169999999999995
0.1789
0.1507
0.1521
0.2087
0.19569999999999999
0.1896
0.18569999999999998
0.181
0.1865
0.1838
0.2549
0.2399
0.1353
0.0896
0.0829
0.08049999999999999
0.097
0.1261
0.2646
0.31920000000000004
0.4709
0.44620000000000004
0.3358
0.35050000000000003
0.6359
0.3197
0.2174
0.2127
0.1916
0.1711
0.16899999999999998
0.161
0.1602
0.2134
0.19140000000000001
0.1364
0.1137
0.1004
0.0893
0.08940000000000001
0.09709999999999999
0.1314
0.18209999999999998
0.21939999999999998
0.5869000000000001
0.2939
0.35
0.389
0.3423
0.1876
0.1636
0.0
0.0012
0.003
0.0049
0.0056
0.045700000000000005
0.1751
0.0072
0.0
0.0
0.0
0.0
0.0
0.0
0.1218
0.0268
0.0
0.0463
0.1449
0.0908
0.0
0.061
0.0895
0.0243
0.1269
0.1372
0.1295
0.1507
0.2081
0.2046
0.1521
0.1502
0.1426
0.5238
0.1599
0.07930000000000001
0.0901
0.22160000000000002
0.2713
0.2218
0.181
0.7839
0.1385
0.20040000000000002
0.191
0.20779999999999998
0.1613
0.1202
0.1709
0.15710000000000002
0.1459
0.1548
0.1385
0.1749
0.6715
1.65
0.5871999999999999
0.239
0.15339999999999998
0.09620000000000001
0.096
0.1729
0.6657
0.37
0.5409999999999999
0.8044
0.309
0.2766
0.29679999999999995
0.41300000000000003
0.3873
0.22160000000000002
0.0
0.0
0.0
0.0
0.0
0.0
0.0
0.0395
0.3686
0.0199
0.0133
0.0167
0.0
0.0
0.005
0.0498
0.4417
0.7013
0.7768999999999999
0.2313
0.1618
0.0315
0.0
0.0
0.0608
0.0559
0.0547
0.0537
0.0519
0.053000000000000005
0.055299999999999995
0.1394
0.09889999999999999
0.0872
0.0467
0.038000000000000006
0.0213
0.026099999999999998
0.0203
0.0927
0.0731
0.0166
0.009399999999999999
0.0
0.0
0.0067
0.025500000000000002
0.0345
0.1377
0.125
0.12480000000000001
0.11929999999999999
0.1059
0.1047
0.1042
0.10439999999999999
0.1381
0.14300000000000002
0.1208
0.1242
0.0986
0.128
0.2818
0.5886
0.5969
0.39690000000000003
0.244
0.7125
0.2548
0.2386
0.2124
0.1779
0.1057
0.0978
0.0859
0.0923
0.0924
0.0998
0.1139
0.2946
0.554
0.1255
0.0833
0.0848
0.13290000000000002
0.1471
0.1315
0.119
0.157
1.3904
0.14479999999999998
0.4689
0.38749999999999996
0.3368
0.2518
0.1378
0.0518
0.0364
0.0313
0.0404
0.029900000000000003
0.0325
0.0214
0.293
0.3281
0.1037
0.0805
0.0915
0.062099999999999995
0.0587
0.051199999999999996
0.064
0.8282
0.6375
0.0219
0.0139
0.0451
0.1014
0.15860000000000002
0.09670000000000001
0.0681
0.061
0.058300000000000005
0.0586
0.060700000000000004
0.08199999999999999
0.09620000000000001
0.0605
0.042300000000000004
0.057300000000000004
0.0493
0.0581
0.055400000000000005
0.052500000000000005
0.0421
0.0612
0.0819
0.06129999999999999
0.1072
0.1407
0.1647
0.13119999999999998
0.1047
0.0888
0.1023
0.08199999999999999
0.078
0.07189999999999999
0.0698
0.081
0.0917
0.1096
0.1182
0.12589999999999998
0.1335
0.1499
0.3301
0.9242
0.3836
0.5018
0.4498
0.4807
0.45740000000000003
0.36019999999999996
0.2852
0.23820000000000002
0.19579999999999997
0.1469
0.0272
0.0264
0.023
0.025099999999999997
0.0286
0.0414
0.063
0.0695
0.08310000000000001
0.0762
0.065
0.0638
0.09409999999999999
0.0936
0.0969
0.0942
0.13090000000000002
0.2527
0.2681
0.23809999999999998
0.1526
0.073
0.028499999999999998
0.0195
0.12
0.1028
0.097
0.0876
0.07919999999999999
0.07680000000000001
0.07289999999999999
0.061200000000000004
0.0591
0.109
0.236
0.13940000000000002
0.1316
0.17909999999999998
0.175
0.8869
0.3327
0.1923
0.21089999999999998
0.2049
0.24059999999999998
0.4971
0.2006
0.1495
0.1105
0.1143
0.10930000000000001
0.1074
0.1081
0.1523
0.3509
0.5236
0.438
0.9085
0.9614
0.22089999999999999
0.1599
0.21439999999999998
0.1883
0.1985
0.2633
0.8400000000000001
1.2233
1.0234
0.8452
0.47150000000000003
0.1644
0.13940000000000002
0.1733
0.1888
0.2016
0.195
0.1895
0.1986
0.2273
0.264
0.3621
1.5346000000000002
1.1054
1.0986
0.5053
0.3823
0.7755
0.3466
0.2892
0.30269999999999997
0.4303
0.262
0.1532
0.13
0.1225
0.1228
0.0050999999999999995
0.0033
0.0
0.0014
0.0008
0.0174
0.1017
0.0659
0.031
0.0496
0.0593
0.0389
0.0834
0.0659
0.08080000000000001
0.1049
0.1746
0.20839999999999997
0.1656
0.1683
0.16210000000000002
0.117
0.0482
0.007
0.23970000000000002
0.09040000000000001
0.0635
0.07250000000000001
0.060399999999999995
0.06470000000000001
0.0634
0.0751
0.0944
0.1903
1.4586
0.4915
0.0765
0.5762
0.0927
0.063
0.2176
0.5927
0.1769
0.3116
0.3778
0.2959
0.1854
0.12190000000000001
0.0098
0.0104
0.0316
0.0373
0.043
0.08760000000000001
0.1381
0.1603
0.09
0.0047
0.0142
1.1941000000000002
0.13269999999999998
0.5601
0.3004
0.5696
0.2198
0.1939
0.2103
0.1608
0.058300000000000005
0.0
0.0
0.0004
0.0002
0.0
0.0
0.0
0.0
0.0
0.0
0.0172
0.245
0.0114
0.0
0.0
0.0045
0.0323
0.38949999999999996
0.08149999999999999
0.114
0.2093
0.0057
0.32089999999999996
0.2404
0.1291
0.0453
0.004399999999999999
0.0671
0.055400000000000005
0.0595
0.0607
0.0624
0.07880000000000001
0.1271
0.3075
0.4433
0.0716
0.025599999999999998
0.0127
0.043
0.052000000000000005
0.0616
0.0766
0.6982
0.6493
0.4915
0.6897
0.2549
0.1365
0.0847
0.0659
0.4665
0.3685
0.30079999999999996
0.29369999999999996
0.25680000000000003
0.2843
0.42510000000000003
0.7074
1.4448
0.7142
0.8046
1.085
0.48310000000000003
0.2558
0.1835
0.1273
0.18030000000000002
1.1019999999999999
0.24280000000000002
0.1992
0.1627
0.12129999999999999
0.1003
0.0837
0.09889999999999999
0.0718
0.0581
0.0581
0.0466
0.0518
0.054400000000000004
0.06230000000000001
0.06620000000000001
0.0711
0.0248
0.9994
0.0662
0.3542
0.2578
0.0828
0.1033
0.1245
0.1081
0.1936
0.1987
0.231
0.2872
0.2118
0.1176
0.122
0.1276
0.1274
0.14329999999999998
0.20779999999999998
0.1683
0.157
0.12190000000000001
0.5574
0.1971
0.1723
0.4364
0.2277
0.3598
0.1797
0.09939999999999999
0.0853
0.07289999999999999
0.2575
0.2589
0.1647
0.12329999999999999
0.1124
0.13490000000000002
0.1155
0.099
0.0986
0.1286
0.1557
0.06609999999999999
0.0327
0.0168
0.0513
0.064
0.13090000000000002
0.1219
0.10169999999999998
0.0288
0.06770000000000001
0.2617
0.3147
0.1396
0.0361
0.0371
0.0312
0.062
0.0701
0.1582
0.16599999999999998
0.1739
0.1784
0.17149999999999999
0.156
0.1376
0.1384
0.1612
0.2049
0.1429
0.125
0.12840000000000001
0.1199
0.1076
0.1021
0.10500000000000001
0.1272
0.1992
0.1619
0.1289
0.12630000000000002
0.12290000000000001
0.1239
0.3761
0.2145
0.2019
0.1966
0.1885
0.192
0.2047
0.2841
0.23859999999999998
0.2668
0.35550000000000004
0.277
0.20929999999999999
0.1647
0.1473
0.1603
0.1946
0.387
0.2503
0.24359999999999998
0.2344
0.2469
0.3206
0.30579999999999996
0.12890000000000001
0.1193
0.11929999999999999
0.1145
0.1188
0.1315
0.20850000000000002
0.2306
0.1972
0.392
0.36060000000000003
0.34550000000000003
0.2681
0.23370000000000002
0.26639999999999997
1.0208
0.5499
0.5188
0.2411
0.2072
0.2108
0.1923
0.1797
0.1522
0.1036
0.07869999999999999
0.0858
0.06570000000000001
0.0761
0.0543
0.8585999999999999
0.34309999999999996
0.0655
0.1017
0.202
0.5444
0.15289999999999998
0.1255
0.0854
0.0874
1.3331
1.4538000000000002
0.3548
0.1755
0.23020000000000002
0.22249999999999998
0.1963
0.13590000000000002
0.2837
0.2322
0.1188
0.08940000000000001
0.079
0.07400000000000001
0.0791
0.0548
0.5657
0.0537
0.0417
0.024
0.0129
0.0166
0.4024
0.27990000000000004
0.2764
0.9225000000000001
0.4518
0.406
0.29000000000000004
0.26739999999999997
0.3337
0.2649
0.0786
0.0695
0.0649
0.0634
0.0609
0.0577
0.056
0.0884
0.18059999999999998
0.12040000000000001
0.1134
0.1362
0.1096
0.0929
0.0908
0.1329
0.16570000000000001
0.1052
0.1169
0.1195
0.1026
0.1016
0.09920000000000001
0.089
0.34819999999999995
0.4326
1.9036
1.4622000000000002
0.3924
0.2079
0.2346
0.2896
0.3141
0.1805
0.112
0.0939
0.11610000000000001
0.295
1.0821
0.8286
0.6873
0.279
0.12459999999999999
0.1512
0.183
0.4505
0.4337
0.3732
0.1637
0.1627
0.13979999999999998
0.1274
0.1094
0.1068
0.0952
0.11510000000000001
0.1222
0.056299999999999996
0.038900000000000004
0.0135
0.0093
0.029599999999999998
0.1337
0.1782
0.2363
0.5538000000000001
0.6112
0.8360000000000001
0.3943
0.2716
0.1056
0.10919999999999999
0.1977
0.1739
0.16110000000000002
0.1483
0.1375
0.1391
0.13119999999999998
0.1116
0.144
0.4477
0.0717
0.897
0.10269999999999999
0.159
0.1511
0.6839
0.21089999999999998
0.2157
0.3373
0.3085
0.3016
0.2786
0.29069999999999996
0.2747
0.1076
0.08979999999999999
0.0791
0.0774
0.0755
0.0756
0.087
0.1926
0.1739
0.09820000000000001
0.0842
0.0766
0.09359999999999999
0.0973
0.2252
0.2544
0.2306
0.2239
0.711
0.3615
0.4586
0.5443
0.29300000000000004
0.18159999999999998
0.16870000000000002
0.1634
0.1555
0.1545
0.1454
0.1497
0.1634
0.25129999999999997
0.8672
0.4592
0.6930000000000001
0.21710000000000002
0.19240000000000002
0.2109
0.2212
0.3331
0.8521
0.2968
0.2616
0.258
0.3796
0.4448
0.249
0.1918
0.22870000000000001
0.209
0.19940000000000002
0.21810000000000002
0.1998
0.18369999999999997
0.1501
0.14300000000000002
0.0748
0.0854
0.1035
0.1126
1.3515
0.3284
0.1607
0.2318
0.32830000000000004
0.2429
0.2291
0.2269
0.1943
0.1631
0.1532
0.15689999999999998
0.08779999999999999
0.1015
0.0879
0.08360000000000001
0.0781
0.0888
0.12409999999999999
0.1408
1.0502
0.3085
0.8511
0.2775
0.19590000000000002
0.17809999999999998
0.6357
0.217
0.189
0.216
0.3283
0.1984
0.1338
0.1024
0.0975
0.087
0.1063
0.09659999999999999
0.08990000000000001
0.089
0.0887
0.09409999999999999
0.1442
0.2887
0.2067
0.20679999999999998
0.22949999999999998
0.2135
0.1871
0.18180000000000002
0.1689
0.20179999999999998
0.2782
0.1862
0.1865
0.21689999999999998
0.26239999999999997
0.30169999999999997
0.24680000000000002
0.15560000000000002
0.189
0.2344
0.2314
0.1714
0.1595
0.1619
0.1608
0.15189999999999998
0.15739999999999998
0.48109999999999997
0.6855
0.6920000000000001
0.265
0.8986000000000001
0.18769999999999998
0.1517
0.1769
0.18330000000000002
0.4713
0.3528
0.7343
0.32
0.2279
0.19590000000000002
0.0695
0.0635
0.0413
0.045700000000000005
0.0379
0.48269999999999996
0.2011
0.0316
0.0766
0.0968
0.0824
0.0953
0.2133
0.1162
0.1142
0.15
0.3145
0.3442
0.18109999999999998
0.2976
0.1227
0.1577
0.1701
0.1213
0.023
0.0173
0.014700000000000001
0.012899999999999998
0.0163
0.0173
0.027700000000000002
0.0369
0.0395
0.1122
0.1163
0.1862
0.28300000000000003
0.1083
0.0495
0.0797
0.0948
0.0745
0.1296
0.07919999999999999
0.06
0.043399999999999994
0.0348
0.024399999999999998
0.15100000000000002
0.09759999999999999
0.0775
0.06789999999999999
0.061
0.0623
0.06459999999999999
0.06459999999999999
0.11249999999999999
0.08360000000000001
0.1654
0.185
0.1245
0.12279999999999999
0.446
0.1469
0.11960000000000001
0.2653
0.0737
0.2533
0.3477
0.2076
0.14550000000000002
0.1154
0.0556
0.0504
0.059699999999999996
0.0984
0.1954
0.2713
0.14100000000000001
0.14129999999999998
0.18020000000000003
0.1436
0.0859
0.0675
0.0716
0.08349999999999999
0.0858
0.077
0.11800000000000001
0.1703
0.44889999999999997
0.1987
0.1274
0.0761
0.054
0.0435
0.11080000000000001
0.099
0.1184
0.10089999999999999
0.0885
0.1046
0.1572
0.20379999999999998
0.19690000000000002
0.1114
0.119
0.0886
1.6059
1.391
0.7185
1.6014
1.2025000000000001
0.8491
0.3088
0.4204
0.6243
0.2662
0.1671
0.1349
0.1106
0.061
0.055
0.0511
0.0476
0.0494
0.046299999999999994
0.39940000000000003
0.2276
0.0799
0.1085
0.0352
0.0577
0.0281
0.0306
0.038900000000000004
0.07669999999999999
0.4217
0.0696
0.050199999999999995
0.0374
0.0477
0.0618
0.059899999999999995
0.0922
0.077
0.0635
0.047
0.0424
0.0402
0.0271
0.036699999999999997
0.23929999999999998
0.0
0.0
0.0
0.0
0.0
0.0139
0.169
0.3916
0.0354
0.0811
0.2903
0.1039
0.6443
0.0953
0.06520000000000001
0.07919999999999999
0.07680000000000001
0.0688
0.065
0.0669
0.0773
0.262
0.5081
0.2852
0.36360000000000003
0.30889999999999995
0.3618
0.33899999999999997
0.24960000000000002
0.1951
0.181
0.3982
0.3238
0.9887
0.5572
0.40990000000000004
0.3093
0.1827
0.10869999999999999
0.0347
0.004
0.08310000000000001
0.1225
0.18309999999999998
0.22699999999999998
0.3012
0.3754
0.45010000000000006
1.1147
0.9877
0.9531000000000001
1.6301
0.7378
0.9014
1.9626000000000001
0.3371
0.25229999999999997
0.5671
0.1002
0.0
0.0
0.0025
0.0487
0.0183
0.0129
0.022699999999999998
0.0148
0.026799999999999997
0.0294
0.0451
0.1103
0.3193
0.8927
0.6573
0.6687
1.0188
0.3379
0.2393
0.2469
0.7232000000000001
0.4032
0.9265
0.6556
0.1894
0.048100000000000004
0.0005
0.0074
0.10450000000000001
0.0907
0.0833
0.0837
0.0822
0.08710000000000001
0.11430000000000001
0.1725
0.1673
0.1567
0.14429999999999998
0.1481
0.13829999999999998
0.1427
0.13940000000000002
0.1652
0.2901
0.30300000000000005
0.4531
0.8359
0.5019
0.5347
0.6092
0.20179999999999998
0.039999999999999994
0.0393
0.039
0.0368
0.0436
0.0504
0.07669999999999999
0.1068
0.14989999999999998
0.27
0.3312
0.16149999999999998
0.3327
0.3227
0.266
0.1776
0.2135
0.2227
0.15139999999999998
0.1311
0.07339999999999999
0.0307
0.0275
0.0305
0.1691
0.1431
0.1366
0.1328
0.1282
0.1325
0.14329999999999998
0.1892
0.3425
0.1717
0.5387
0.3336
0.22010000000000002
0.2575
0.4344
0.21710000000000002
0.20529999999999998
0.22060000000000002
0.114
0.1278
0.2314
0.2792
0.2149
0.16870000000000002
0.0362
0.0
0.0158
0.0
0.0509
0.964
0.1014
0.0727
0.048299999999999996
0.20149999999999998
0.6937
0.07390000000000001
0.0025
0.0
0.0527
1.1563
0.1267
0.36
1.4989
0.0014
0.0
0.0
0.0
0.0
0.2076
0.19080000000000003
0.18369999999999997
0.18209999999999998
0.181
0.194
0.24630000000000002
0.2066
0.1627
0.1717
0.1789
0.1736
0.162
0.1654
0.16670000000000001
0.2094
0.2351
0.4667
0.3964
0.2512
0.266
0.6329
0.39949999999999997
0.2819
0.10039999999999999
0.09709999999999999
0.09670000000000001
0.0999
0.1052
0.12990000000000002
0.24459999999999998
0.24380000000000002
0.19340000000000002
0.1658
0.20279999999999998
0.2324
0.15439999999999998
0.1955
0.34209999999999996
0.5103
0.3633
0.583
0.3224
0.29300000000000004
0.5301
0.1726
0.08510000000000001
0.08629999999999999
0.036699999999999997
0.0453
0.0369
0.045399999999999996
0.0633
0.1311
0.425
0.4202
0.3417
0.1421
0.451
0.9597
0.39
0.2747
0.2345
0.207
0.2661
0.42510000000000003
0.1713
0.3272
0.17149999999999999
0.0597
0.0291
0.0401
