0.0643
0.052
0.0443
0.0421
0.0421
0.032
0.0351
0.0446
0.0206
0.026600000000000002
0.0392
0.0179
0.2933
0.33030000000000004
0.07250000000000001
0.1071
0.24159999999999998
0.051199999999999996
0.048299999999999996
0.2384
0.07680000000000001
0.1118
0.3282
0.1345
0.0709
0.0487
0.042300000000000004
0.0353
0.0416
0.0516
0.053500000000000006
0.0655
0.0935
0.9831
0.5852
0.28759999999999997
0.1012
0.9554
0.3701
0.1205
0.1668
0.2269
0.0481
0.0638
0.1205
0.2024
0.4152
0.3839
0.2494
0.1921
0.1891
0.18409999999999999
0.1806
0.18309999999999998
0.6158
0.6469
0.2903
0.2838
0.2835
0.2879
0.5231
0.3832
0.5988
0.8728
0.4708
1.4302
0.2017
0.2027
0.2265
0.255
0.3042
0.3407
0.0557
0.0485
0.055
0.0473
0.0547
0.1543
1.0756000000000001
0.1633
0.1207
0.1375
0.14479999999999998
0.0925
0.1018
0.10719999999999999
0.1175
0.3196
0.2058
0.12969999999999998
0.4137
0.2143
0.1446
0.1271
0.0879
0.0712
0.2283
0.165
0.178
0.1578
0.1346
0.14479999999999998
0.1469
0.1618
0.1067
0.0765
0.0438
0.0706
0.3446
0.3379
1.375
0.5063
0.9456
0.3824
0.18259999999999998
0.29610000000000003
0.3231
0.2656
0.28159999999999996
0.2817
0.09079999999999999
0.0803
0.075
0.07189999999999999
0.0716
0.077
0.09240000000000001
0.1028
0.1202
0.1973
0.1633
0.1476
0.2234
0.1726
0.1316
0.1194
0.5735
0.1795
0.6321
0.3991
0.2602
0.223
0.167
0.1214
0.382
1.1934
0.0
0.0017
0.0
0.0
0.0
0.0
0.0052
0.0163
1.2326
1.7289999999999999
0.6937
2.8627000000000002
0.0444
0.0
0.0
0.0
0.0451
0.43000000000000005
0.40700000000000003
0.4532
0.3361
0.1457
0.193
0.17720000000000002
0.1761
0.1709
0.3423
0.6502000000000001
0.1527
0.1603
0.15660000000000002
0.5327999999999999
0.6281
0.19740000000000002
0.30269999999999997
0.3076
0.1941
0.2228
0.88
0.6394
0.186
0.2177
0.2427
0.2487
0.2318
0.1972
0.13090000000000002
0.1101
0.10880000000000001
0.098
0.0938
0.09659999999999999
0.0983
0.1062
0.1981
0.23399999999999999
0.2006
0.47219999999999995
0.4033
0.1776
0.4572
0.6607
0.5832999999999999
0.2715
0.18580000000000002
0.176
0.181
0.19419999999999998
0.20040000000000002
0.17830000000000001
0.0639
0.025799999999999997
0.0276
0.019
0.0104
0.016
0.11380000000000001
0.3178
0.0997
0.0259
0.0324
0.1082
0.0273
0.0981
0.1397
0.0881
0.0155
0.0
0.0
0.0
0.0
0.010599999999999998
0.0155
0.028900000000000002
0.033
0.0359
0.0426
0.057499999999999996
0.0703
0.1027
0.0473
0.0241
0.0104
0.013
0.007300000000000001
0.0118
0.0523
0.0489
0.06949999999999999
0.0733
0.0296
0.0764
0.1608
0.0707
0.03
0.0098
0.017300000000000003
0.0161
0.0906
0.0889
0.0237
0.0194
0.0135
0.0103
0.0199
0.0146
0.0029
0.0
0.207
0.0
0.2369
0.1426
0.1202
0.0403
0.0168
0.042300000000000004
0.0
0.3189
0.112
0.1108
0.0843
0.0429
0.0945
0.08499999999999999
0.08080000000000001
0.0785
0.0776
0.0793
0.0931
0.1518
0.21250000000000002
0.25229999999999997
0.2365
0.3514
0.2348
0.18209999999999998
0.22139999999999999
0.2862
0.1985
0.185
0.2084
0.1895
0.1774
0.18359999999999999
0.16999999999999998
0.1291
0.0598
0.0569
0.069
0.060899999999999996
0.0584
0.0691
0.09590000000000001
0.15489999999999998
0.5297000000000001
0.4544
0.1714
0.1511
0.3143
0.4706
1.3434
0.3123
0.5444
1.0979999999999999
0.3054
0.5157
0.4427
0.2334
0.15339999999999998
0.08860000000000001
0.189
0.0883
0.06709999999999999
0.0697
0.044800000000000006
0.046799999999999994
0.0341
0.041800000000000004
0.060300000000000006
0.028700000000000003
0.0079
1.3681999999999999
0.0
0.37189999999999995
0.7298
0.22669999999999998
0.2933
1.0457
0.5871
0.5568
0.6495
0.1466
0.1481
0.2126
0.1375
0.1331
0.1291
0.1269
0.1269
0.1301
0.1391
0.1526
0.1951
0.2604
0.21760000000000002
0.2523
0.2512
0.215
0.2041
0.1972
0.2386
0.25229999999999997
0.2588
0.2207
0.1884
0.1607
0.1375
0.129
0.265
0.2694
0.3059
0.28969999999999996
0.2662
0.24880000000000002
0.22899999999999998
0.2943
0.2992
0.6186
0.1562
0.3141
0.3284
0.1824
0.14479999999999998
0.7933
0.17209999999999998
0.2784
0.6793
1.2895
0.34209999999999996
0.1558
0.1545
0.16499999999999998
0.058499999999999996
0.0502
0.0552
0.047299999999999995
0.0508
0.0579
0.07869999999999999
0.1322
0.2672
0.5657
0.9966
0.7737
0.8395999999999999
0.995
0.5155000000000001
0.31
0.44129999999999997
0.4266
0.3221
0.32330000000000003
0.28590000000000004
0.1926
0.12129999999999999
0.08149999999999999
0.1347
0.12890000000000001
0.1238
0.123
0.1232
0.1405
0.2072
0.2717
0.2378
0.2615
0.1984
0.14250000000000002
0.13690000000000002
0.1283
0.10769999999999999
0.10400000000000001
0.1212
0.184
0.1945
0.2586
0.22660000000000002
0.2084
0.1703
0.1365
0.14129999999999998
0.12090000000000001
0.1219
0.1158
0.1129
0.1256
0.1354
0.154
0.1727
0.1911
0.2042
0.5442
0.8936999999999999
1.5795
0.2924
0.561
0.49839999999999995
0.2703
0.35109999999999997
0.40280000000000005
0.3638
0.3301
0.27649999999999997
0.2131
0.2983
0.2513
0.3526
0.3765
0.2284
0.2086
0.2082
0.1761
0.1399
0.0932
0.0703
0.0088
0.1083
1.762
0.8159
0.3489
0.29059999999999997
1.782
0.8445
1.1517
1.6558
1.2177
0.9146000000000001
0.7025
0.15039999999999998
0.14029999999999998
0.1347
0.1326
0.1316
0.13790000000000002
0.1741
0.1938
0.16410000000000002
0.5992
0.156
0.14629999999999999
0.269
0.1623
0.16720000000000002
0.1694
0.1308
0.1525
0.323
0.1904
0.1655
0.17209999999999998
0.1931
0.1735
0.0092
0.0154
0.019200000000000002
0.021
0.0253
0.0644
0.1271
0.3392
0.6436
0.8326
0.0885
0.8159000000000001
0.0
0.014100000000000001
0.0539
0.0566
0.17120000000000002
0.1288
0.0
0.0
0.0
0.0
0.0
0.0
0.041999999999999996
0.038
0.0373
0.0369
0.0393
0.0435
0.062
0.0965
0.148
0.1921
0.2041
0.1884
0.4073
0.2318
0.2156
0.2649
0.3811
0.3632
0.48450000000000004
0.6154999999999999
0.66
0.34199999999999997
0.1432
0.0604
0.1436
0.1078
0.0986
0.0844
0.085
0.0784
0.0816
0.08879999999999999
0.08310000000000001
1.1957
0.16210000000000002
0.22049999999999997
0.2274
0.2893
0.2409
0.9462999999999999
0.2718
0.2838
0.30069999999999997
0.3026
0.2453
0.2628
0.2731
0.19369999999999998
0.0276
0.0226
0.0187
0.0224
0.0532
0.10529999999999999
0.0527
0.0285
0.0373
0.005
0.0007
0.0037
0.19540000000000002
0.1042
0.047200000000000006
0.045
0.4534
0.8638
0.3853
0.3951
0.1386
0.0426
0.032
0.0275
0.546
0.3958
0.36829999999999996
0.35609999999999997
0.3439
0.369
0.3841
0.26749999999999996
0.19340000000000002
0.1555
0.156
0.1209
0.1502
0.2081
0.4858
0.45199999999999996
0.3034
0.2766
0.2223
0.5946
0.7442
0.4561
0.4084
0.7615000000000001
0.20779999999999998
0.17459999999999998
0.23220000000000002
0.3139
0.22399999999999998
0.1406
0.0718
0.0285
0.0109
0.0165
0.0469
0.0398
0.1028
0.2164
0.22549999999999998
0.4839
0.23970000000000002
0.732
1.9082999999999999
2.0598
1.3089
0.552
0.45030000000000003
0.3677
0.0325
0.017
0.022
0.0262
0.0249
0.0267
0.0421
0.0964
0.2126
0.3756
0.5257000000000001
0.1895
0.267
0.1843
0.45609999999999995
0.1373
0.11560000000000001
0.28959999999999997
0.5568
0.1802
0.1525
0.1051
0.0709
0.042800000000000005
0.0
0.0
0.0
0.0
0.0
0.0
0.0
0.0
1.0982
0.0
0.0
0.0
0.0
0.0
0.0
0.7162
0.0
0.0
0.839
0.412
0.0
0.0
0.0
0.0
0.0048
0.0023
0.0049
0.006
0.0
0.0137
0.0449
0.4507
0.7656000000000001
0.189
0.0889
0.0596
0.1269
0.1207
0.13040000000000002
0.7488
1.2449
0.4759
0.24620000000000003
0.2539
0.09459999999999999
0.0377
0.0172
0.0049
0.1449
0.13390000000000002
0.1401
0.1467
0.14839999999999998
0.3109
0.7097
0.4479
0.3653
0.5819000000000001
0.7907
0.5147999999999999
0.5294
0.4174
0.37970000000000004
0.517
1.4468
0.4021
0.26039999999999996
0.23220000000000002
0.217
0.1726
0.15410000000000001
0.1421
0.07880000000000001
0.0761
0.086
0.0772
0.0875
0.09970000000000001
0.13640000000000002
0.1743
0.2223
0.8186
0.6882
0.974
0.4093
0.3397
0.41600000000000004
0.4949
0.4115
0.37739999999999996
0.42269999999999996
0.23759999999999998
0.14029999999999998
0.0875
0.068
0.0665
0.0
0.0
0.0
0.0
0.0
0.0
0.0
0.0029
0.0
0.0
0.0
0.0
0.1867
0.0608
0.0
0.0015
0.9008
0.3002
0.6805
0.2952
0.2295
0.2599
0.20190000000000002
0.0292
0.2284
0.2504
0.3225
0.3005
0.37370000000000003
0.3729
0.4178
0.4296
0.32230000000000003
0.4606
0.8461000000000001
0.7495
0.0753
0.1301
0.1142
0.9846
0.1361
0.0505
0.054900000000000004
0.0748
0.0208
0.0032
0.0139
0.0045
0.1213
0.10669999999999999
0.1149
0.1207
0.1665
0.169
0.23729999999999998
0.19219999999999998
0.1988
0.4074
2.5406999999999997
2.8109
0.524
0.21200000000000002
0.33530000000000004
0.5925
0.802
0.7528
0.613
0.23210000000000003
0.1254
0.022600000000000002
0.0622
0.1073
0.1376
0.1164
0.0935
0.09079999999999999
0.10519999999999999
0.47000000000000003
0.143
0.0463
0.048
0.06470000000000001
0.06989999999999999
0.0677
0.059199999999999996
0.050199999999999995
0.035199999999999995
0.0246
0.0293
0.3113
0.5908
0.7223999999999999
0.45740000000000003
0.2882
0.1806
0.1367
0.0775
0.072
0.06620000000000001
0.06709999999999999
0.07089999999999999
0.0948
0.1243
0.09509999999999999
0.08549999999999999
0.1006
0.12359999999999999
0.061200000000000004
0.0852
0.0963
0.1215
0.1073
0.0789
0.0848
0.0843
0.1936
0.1472
0.1842
0.15550000000000003
0.09340000000000001
0.0
0.0
0.0
0.0
0.0
0.0
0.0
0.0
0.0
0.0
0.0
0.1456
0.0015
0.0044
0.0456
0.0485
0.0008
0.017
0.0228
0.0
0.0048
0.0
0.0
0.0
0.16260000000000002
0.12840000000000001
0.12890000000000001
0.1142
0.1257
0.12229999999999999
0.1177
0.11180000000000001
0.1789
1.4969999999999999
0.7393
0.34759999999999996
0.6356
0.2962
0.0697
0.08410000000000001
0.10250000000000001
0.0485
0.0518
0.0449
0.2074
0.545
0.2847
0.23020000000000002
0.1028
0.0587
0.0341
0.0249
0.0175
0.0151
0.0104
0.0017
0.0138
0.0048
0.08449999999999999
0.0325
0.0059
0.0083
0.41259999999999997
0.0865
0.0713
0.0855
0.0184
0.1067
0.1212
0.1246
0.0905
0.07469999999999999
0.0
0.0
0.0
0.0
0.0
0.0
0.0743
0.0249
0.0
0.0
0.128
0.0302
0.0047
0.0
0.0
0.0
0.1616
0.030600000000000002
0.0228
0.14880000000000002
0.1182
0.0487
0.0
0.0
0.0121
0.0106
0.0089
0.009600000000000001
0.0050999999999999995
0.0050999999999999995
0.0
0.0045000000000000005
0.0764
0.1372
0.1212
0.6322000000000001
0.1139
0.0844
0.1397
0.0569
0.5839
0.5178
0.3805
0.5462
0.6174
0.3746
0.0987
0.0041
0.1129
0.09820000000000001
0.09029999999999999
0.09140000000000001
0.0886
0.0863
0.1086
0.1351
0.1782
0.1792
0.2095
0.2001
1.2275
0.2969
0.2515
0.1917
0.1763
0.22010000000000002
0.7987
0.6542
1.4361000000000002
0.3393
0.20329999999999998
0.14379999999999998
0.16499999999999998
0.14800000000000002
0.1442
0.155
0.21999999999999997
0.4551
0.2717
0.1626
0.15560000000000002
0.1664
0.1612
0.1531
0.1683
0.1789
0.2264
0.6742
0.4386
0.6970000000000001
0.9794
0.5501
0.2761
0.3191
0.2988
0.2264
0.0
0.0
0.0
0.0
0.0
0.0
0.0
0.015099999999999999
0.0031
0.0055
0.0065
0.0011
0.0023
0.0003
0.0076
0.0126
1.5436999999999999
0.591
0.5744
0.5065999999999999
0.7135
0.3115
0.1225
0.0141
0.3079
0.2524
0.2361
0.2212
0.2128
0.193
0.1707
0.1602
0.1437
0.12229999999999999
0.1192
0.1145
0.2632
0.6416999999999999
0.5184
0.5095
0.5463
0.8331
0.6517999999999999
0.6573
1.5697
0.9559
0.6768000000000001
0.4757
0.0077
0.0
0.0
0.0
0.0
0.0
0.0
0.0
0.1386
0.1528
0.1019
0.07039999999999999
0.0439
0.0427
0.0928
0.081
0.0529
0.18619999999999998
0.2299
0.1609
0.1159
0.1684
0.2124
0.0747
0.019299999999999998
0.0216
0.014100000000000001
0.0238
0.0219
0.0176
0.0088
0.1329
0.3417
0.5379
0.0786
0.0535
0.0731
0.06970000000000001
0.094
0.20400000000000001
0.1204
0.1363
0.413
0.28049999999999997
0.4877
0.4246
0.1184
0.032100000000000004
0.042300000000000004
0.050199999999999995
0.050600000000000006
0.0157
0.2191
0.915
0.2101
0.179
0.2558
0.1361
0.12869999999999998
0.1208
0.23049999999999998
0.4718
0.45830000000000004
1.2006
0.9223
0.3061
0.15710000000000002
0.7485999999999999
0.9698
0.308
0.0873
0.0635
0.016100000000000003
0.017
0.0257
0.021400000000000002
0.0253
0.0196
0.048799999999999996
0.1473
0.3238
0.3922
0.369
0.1763
0.6821
0.4995
0.6613
0.5288
0.5041
1.1279
0.5740000000000001
0.6705
0.43710000000000004
0.1887
0.0563
0.0302
0.1923
0.1671
0.1527
0.1449
0.1387
0.1392
0.1386
0.1489
0.15639999999999998
0.1861
0.2016
0.20279999999999998
0.2215
0.2039
0.197
0.1916
0.1972
0.2913
0.31779999999999997
0.3428
0.3287
0.3347
0.32730000000000004
0.2496
0.0532
0.021699999999999997
0.0092
0.01
0.0057
0.0
0.0314
1.5131
0.011099999999999999
0.0162
0.06420000000000001
0.1269
0.24559999999999998
0.1121
0.3268
0.2755
0.1915
0.1079
0.0904
0.2634
1.1038000000000001
0.18380000000000002
0.1725
0.0982
0.1497
0.1868
0.2002
0.2062
0.17830000000000001
0.1864
0.2106
0.16049999999999998
0.0927
0.058800000000000005
0.0399
0.0257
0.0431
0.046
0.0635
0.0697
0.0665
0.1018
0.08449999999999999
0.1077
0.1027
0.1193
0.11430000000000001
0.1031
0.051699999999999996
0.0508
0.0528
0.0474
0.0479
0.0635
0.0807
0.1636
0.9716
0.2889
0.16570000000000001
0.5125
0.1283
0.1636
0.26180000000000003
1.1806999999999999
0.2157
0.3029
0.1217
0.09
0.0997
0.0933
0.0889
0.0725
0.1364
0.10869999999999999
0.0882
0.0789
0.0769
0.0779
0.078
0.1032
0.13369999999999999
0.2474
0.5584
0.23609999999999998
0.5059
0.7208
0.4011
0.2545
0.2117
0.7506
0.7078
0.3235
0.2948
0.3637
0.4647
0.2639
0.053000000000000005
0.032600000000000004
0.0324
0.0292
0.0295
0.028499999999999998
0.025099999999999997
0.0351
0.0432
0.0537
0.0708
0.1356
0.1811
0.15689999999999998
0.1966
0.918
0.3928
0.4929
0.16820000000000002
0.1767
0.3729
0.356
0.2857
0.1432
0.1834
0.14989999999999998
0.15710000000000002
0.1487
0.1403
0.1489
0.1745
0.3151
0.9925999999999999
0.898
0.6637
0.8528
0.7518
0.40549999999999997
0.3096
0.3338
2.0524
0.9217
1.975
2.2149
0.8094
0.6964999999999999
0.548
0.3407
0.0424
0.029699999999999997
0.023
0.0191
0.0166
0.014100000000000001
0.0134
0.0173
0.016
0.0317
0.0295
0.09570000000000001
0.11610000000000001
0.1106
0.104
0.089
0.0479
0.0518
0.1031
0.0813
0.10089999999999999
0.094
0.0952
0.0748
0.09309999999999999
0.0616
0.0475
0.0398
0.0378
0.0432
0.0493
0.11549999999999999
0.16970000000000002
0.1489
0.159
0.1362
0.10250000000000001
0.0803
0.0649
0.06509999999999999
0.0911
0.3151
0.2558
0.3692
1.5566
1.5613000000000001
1.5474
0.6789
0.1004
0.089
0.0808
0.0776
0.0766
0.07869999999999999
0.0811
0.09029999999999999
0.1058
0.14229999999999998
0.18230000000000002
0.1588
0.1599
0.1709
0.1799
0.1635
0.1505
0.1656
0.1905
0.2298
0.2349
0.2355
0.1802
0.1294
0.1055
0.1066
0.10830000000000001
0.1079
0.1058
0.10089999999999999
0.1408
0.0975
0.0342
0.0222
0.007299999999999999
0.0019
0.005
0.0089
0.022
0.057300000000000004
0.0462
0.0466
0.1612
0.1422
0.20329999999999998
0.24409999999999998
0.1829
0.13829999999999998
1.1723
0.9196
0.9507
0.9063
0.7701
0.75
0.7511
0.8012999999999999
0.9069
0.9512
0.8893
0.8452999999999999
0.867
1.2184
4.3087
4.4881
1.8022
1.5949
1.7934
1.6239
3.2066
3.6977
3.3067
2.7367
0.07350000000000001
0.0502
0.0548
0.064
0.0576
0.0422
0.0489
0.0645
0.07400000000000001
0.08810000000000001
0.0713
0.04869999999999999
0.045899999999999996
0.0579
0.8004
0.6568
0.5291
1.6823000000000001
0.6178
0.6573
1.7872
0.41169999999999995
0.24330000000000002
0.1311
0.0568
0.0393
0.035
0.0327
0.0361
0.0356
0.044700000000000004
0.0711
0.1152
0.2164
0.248
0.21650000000000003
0.428
0.34040000000000004
0.2183
0.2125
0.353
0.7351
0.7874000000000001
0.5628
0.395
0.4082
0.29369999999999996
0.1341
0.3721
0.3091
0.2901
0.2986
0.2854
0.2878
0.31
0.3378
0.3558
0.562
0.3547
1.7612
0.8287
1.5113
0.4603
0.3283
0.6688
0.8695999999999999
0.3237
0.2403
0.2903
0.2957
0.365
0.4243
0.0754
0.060300000000000006
0.052
0.048
0.041999999999999996
0.0315
0.0266
0.030699999999999998
0.0257
0.031
0.0269
0.0392
0.060200000000000004
0.07819999999999999
0.0784
0.0648
0.0867
0.0739
0.049600000000000005
0.1097
0.1283
0.1132
0.10980000000000001
0.09440000000000001
0.1032
0.1559
0.1105
0.1038
0.09720000000000001
0.09459999999999999
0.10220000000000001
0.14800000000000002
0.1644
0.2286
1.528
0.5706
0.2739
0.5321
1.4197
0.3134
0.23659999999999998
0.2501
0.6455
0.4689
0.3591
0.2885
0.251
0.1958
0.057999999999999996
0.0565
0.054599999999999996
0.056900000000000006
0.0616
0.0756
0.0799
0.0706
0.062200000000000005
0.1134
0.0758
0.055
0.0533
0.062
0.06989999999999999
0.1163
0.18109999999999998
0.2477
0.1639
0.0815
0.0464
0.043
0.0499
0.0485
0.0
0.0
0.0
0.0
0.0
0.0
0.011000000000000001
0.2013
0.0
0.0
0.0
0.0
0.0
0.0
0.0
0.0
0.0
0.0
0.6868
0.6067
0.0244
0.0
0.0
0.0
0.1412
0.1516
0.1353
0.1285
0.1195
0.13140000000000002
0.15289999999999998
0.2897
0.3345
0.1263
0.1399
0.0949
0.0949
0.1075
0.11460000000000001
0.1148
0.1226
0.292
0.9248000000000001
0.7258
0.2707
0.18159999999999998
0.116
0.1096
0.0
0.0
0.0
0.0
0.0
0.0
0.011099999999999999
0.2902
0.0582
0.35469999999999996
0.1466
0.4249
0.0852
0.0307
0.06420000000000001
0.24380000000000002
0.0222
0.026799999999999997
0.0132
0.0003
0.0
0.0
0.0
0.0
0.0761
0.061799999999999994
0.0542
0.048100000000000004
0.0431
0.048600000000000004
0.0574
0.0601
0.25370000000000004
0.4878
0.4165
0.4727
0.2891
0.2202
0.3367
0.25
0.3442
0.35250000000000004
0.5313
0.549
0.2964
0.25639999999999996
0.19240000000000002
0.1225
0.0792
0.086
0.0833
0.0804
0.0805
0.0998
0.1355
0.9670000000000001
0.27549999999999997
0.1393
0.4471
0.2501
0.1676
0.1346
0.1181
0.1152
0.1409
0.353
0.3127
0.16599999999999998
0.1089
0.06820000000000001
0.0615
0.06609999999999999
0.1174
0.0995
0.0985
0.09390000000000001
0.0878
0.0932
0.0955
0.1058
0.1023
0.1795
0.21250000000000002
0.7532000000000001
0.266
0.20079999999999998
0.18209999999999998
0.3427
0.4186
0.15860000000000002
0.15410000000000001
0.15739999999999998
0.156
0.20329999999999998
0.22449999999999998
0.1849
0.1725
0.0
0.0
0.0
0.0
0.0
0.0
0.0
0.1905
0.0
0.0
0.1803
0.0
0.0
0.0
0.0
0.0
0.8689
0.135
0.112
0.0046
0.0
0.0882
0.1712
0.0395
0.032100000000000004
0.0319
0.0316
0.027
0.0334
0.024999999999999998
0.0422
0.039599999999999996
0.0
0.2975
0.0
0.0
0.0
0.0219
0.4292
0.1694
0.075
0.10010000000000001
0.0791
0.0779
0.0969
0.0186
0.022
0.0575
0.0514
0.0465
0.051100000000000007
0.0465
0.0444
0.047599999999999996
0.0819
0.1147
0.7399
0.487
0.46940000000000004
0.08700000000000001
0.7655
0.1164
0.049100000000000005
0.057999999999999996
0.6243
0.2586
0.186
0.1081
0.0655
0.0337
0.0379
0.417
0.3224
0.35
0.2899
0.2192
0.1925
0.1864
0.1729
0.196
0.6459999999999999
0.42510000000000003
0.2141
0.1797
0.1449
0.1242
0.1429
0.18409999999999999
0.1884
0.41679999999999995
0.3208
0.26980000000000004
0.20700000000000002
0.5667
0.4002
0.064
0.0567
0.0527
0.0526
0.0517
0.059899999999999995
0.0667
0.0968
0.1734
0.1825
0.1537
0.1237
0.10200000000000001
0.13140000000000002
0.1632
0.16870000000000002
0.123
0.1153
0.1271
0.1519
0.2
0.18919999999999998
0.1084
0.068
0.19290000000000002
0.1958
0.2017
0.22110000000000002
0.306
0.4255
0.37529999999999997
0.2344
0.1671
0.2536
0.2812
0.11349999999999999
0.11099999999999999
0.11030000000000001
0.11810000000000001
0.35540000000000005
0.306
0.1456
0.2277
0.2815
0.1876
0.18569999999999998
0.1553
0.16620000000000001
0.27490000000000003
0.266
0.1408
0.1512
0.1208
0.1242
0.10919999999999999
0.1553
0.1608
0.7056
2.1905
1.2857
1.0806
0.8756999999999999
0.2656
0.267
0.3358
1.4531
1.8103000000000002
0.4228
0.3114
0.278
0.2546
0.20800000000000002
0.108
0.0965
0.0851
0.0833
0.08230000000000001
0.095
0.12
0.1086
0.1076
0.1082
0.1326
0.0639
0.0615
0.0675
0.0645
0.0554
0.0656
0.2117
0.12440000000000001
0.23349999999999999
0.1946
0.17149999999999999
0.1138
0.0824
0.037000000000000005
0.0413
0.0413
0.0412
0.0382
0.043899999999999995
0.05550000000000001
0.17379999999999998
0.5979
0.1855
0.34130000000000005
0.1513
0.1028
0.1653
0.5156000000000001
0.4629
0.2686
0.6056
0.40149999999999997
0.2724
0.4107
0.19269999999999998
0.0477
0.0424
0.0058
0.0009
0.0018
0.0
0.0057
0.0
0.1503
0.8515
0.0266
0.036
0.0349
0.0371
0.0479
0.042899999999999994
0.0416
0.041499999999999995
0.6396000000000001
0.1338
0.7387
0.35250000000000004
0.1366
0.0713
0.0243
0.0173
0.1255
0.1144
0.1057
0.1275
0.1913
0.2358
0.1136
0.0558
0.0572
0.06
0.0505
0.0848
0.1935
0.1179
0.06889999999999999
0.1052
0.32030000000000003
0.2504
0.5595
0.6132
0.2691
0.0719
0.0824
0.0877
0.2558
0.2404
0.2383
0.2369
0.2436
0.2331
0.2548
0.24869999999999998
0.2549
0.4107
0.5192
0.3796
0.22849999999999998
0.2382
0.2259
0.2747
0.3514
0.2812
0.7625
0.317
0.3931
0.48219999999999996
0.2864
0.26139999999999997
0.1268
0.091
0.0753
0.0701
0.0637
0.0643
0.060399999999999995
0.0645
0.0772
0.0844
0.2652
0.3213
0.0969
0.108
0.1394
0.1371
0.1316
0.3177
0.2269
0.2097
0.31789999999999996
0.3876
0.24559999999999998
0.185
0.18259999999999998
0.1378
0.13779999999999998
0.1392
0.16110000000000002
0.43710000000000004
0.21710000000000002
0.12290000000000001
0.1231
0.118
0.0979
0.1117
0.1253
0.1015
0.07880000000000001
0.0681
0.0728
0.4356
0.12639999999999998
0.1017
0.152
0.1888
0.2351
0.2135
0.137
0.13119999999999998
0.1364
0.1336
0.1407
0.1576
0.19419999999999998
0.2301
0.24630000000000002
0.2296
0.2572
0.6551
0.7084999999999999
0.4131
0.4437
0.5208999999999999
0.3689
1.0587
0.311
0.2187
0.2018
0.1629
0.133
0.12029999999999999
0.8724000000000001
0.7276
0.5504
0.5395
0.5549999999999999
0.5998
0.6901999999999999
0.7541
0.7409
0.6079
1.1801
0.43479999999999996
0.3986
0.44689999999999996
0.485
0.5714
0.7339
0.8967
0.7816000000000001
0.8784000000000001
0.6382
0.4367
0.2912
0.269
0.2043
0.1825
0.2222
0.27559999999999996
0.29359999999999997
0.15639999999999998
0.11960000000000001
0.0938
0.06559999999999999
0.4617
0.37789999999999996
0.1412
0.3776
0.4205
0.1976
0.202
0.1283
0.1001
0.0989
0.2512
0.2653
0.3323
0.8901000000000001
0.3509
0.2881
0.2784
0.2834
0.28400000000000003
0.2779
0.3579
0.6638999999999999
0.5273
0.3856
0.4003
0.38029999999999997
0.4131
0.4326
0.40800000000000003
0.3785
1.1764000000000001
1.5514000000000001
0.43889999999999996
0.3198
0.3106
0.3113
0.3054
0.2924
0.2815
0.0
0.0
0.0
0.0
0.0
0.0
0.0
0.0159
0.0174
0.0142
0.0126
0.3347
0.2976
0.0005
0.0
0.0013
0.2621
0.1592
0.4397
0.6764
0.2353
0.2721
0.2907
0.09040000000000001
0.1971
0.1861
0.18059999999999998
0.1799
0.1825
0.3266
2.1455
0.3214
0.2409
0.23800000000000002
0.3003
0.4168
0.5224
0.4173
0.3713
0.31
1.1177
0.2394
0.2561
0.6555
0.47809999999999997
0.36219999999999997
0.2622
0.2269
0.0429
0.0228
0.0212
0.0225
0.0203
0.020700000000000003
0.038
0.0642
0.3207
0.09490000000000001
0.1167
0.378
0.1024
0.099
0.23759999999999998
0.5985
0.41579999999999995
0.2106
0.0359
0.043399999999999994
0.626
0.7422
0.24269999999999997
0.0728
0.11779999999999999
0.10930000000000001
0.1056
0.1094
0.1049
0.0978
0.0905
0.0919
0.0854
0.0882
0.0704
0.0802
0.13540000000000002
0.12769999999999998
0.13140000000000002
0.1594
0.20329999999999998
0.20800000000000002
0.1332
0.1246
0.11180000000000001
0.1096
0.121
0.1174
0.2754
0.2346
0.2162
0.219
0.2003
0.2038
0.2165
0.24130000000000001
0.2884
0.49450000000000005
0.7586999999999999
1.1477
0.869
0.974
0.3093
0.3336
0.8403
0.7361
0.6623
1.2181
1.6463999999999999
0.9495
0.5076
0.3488
0.0895
0.053599999999999995
0.033100000000000004
0.0228
0.013500000000000002
0.0193
0.0071
0.0045
0.0
0.0
0.015
0.7261000000000001
0.0641
0.1716
0.1751
0.23720000000000002
0.3485
0.2491
0.0995
0.082
0.0824
0.0902
0.1087
0.1192
0.1865
0.154
0.13790000000000002
0.131
0.1291
0.125
0.13090000000000002
0.1398
0.14739999999999998
0.16499999999999998
0.1867
0.35050000000000003
0.5179
0.4447
0.2649
0.2636
0.3779
1.8852000000000002
0.5799000000000001
0.4044
0.552
0.329
0.2558
0.2148
0.6511
0.17270000000000002
0.0304
0.0
0.0715
1.5539999999999998
0.0015
0.2242
0.1849
0.5494
1.911
0.0469
0.605
0.0621
0.1169
0.1147
0.24580000000000002
0.6507000000000001
0.83
0.4588
0.27290000000000003
0.218
0.1392
0.073
0.18430000000000002
0.1255
0.12060000000000001
0.10769999999999999
0.07519999999999999
1.4639
0.107
0.1429
0.1306
0.24569999999999997
0.17270000000000002
0.3534
0.15999999999999998
0.10600000000000001
0.0779
0.0929
0.2074
0.1795
1.21
0.13369999999999999
0.1767
0.2372
0.2867
0.2323
0.0723
0.1247
0.1007
0.1108
0.0791
0.038
0.0075
0.1689
0.2629
0.0
0.0
0.0
0.0
0.0
0.0
0.0
0.3595
0.185
0.49529999999999996
0.0048
0.0
0.0976
0.0824
0.033100000000000004
0.055099999999999996
0.0611
0.0562
0.0506
0.045399999999999996
0.045700000000000005
0.0572
0.3044
0.7387
0.1835
0.0351
0.0716
0.07089999999999999
0.0591
0.0394
0.0095
0.0021
0.0
0.0
0.0
0.0089
0.012799999999999999
0.0324
0.0457
0.1325
0.10400000000000001
0.09559999999999999
0.09079999999999999
0.0864
0.0914
0.10600000000000001
0.12229999999999999
0.1291
0.1683
0.1775
0.1864
0.25570000000000004
0.22139999999999999
0.2097
0.2061
0.8338
1.0495
1.1176
0.9374
0.772
0.5109
0.36419999999999997
0.2218
0.202
0.1894
0.184
0.18
0.1814
0.1972
0.31389999999999996
0.3943
0.2959
0.4473
0.24080000000000001
0.2174
0.2327
0.2429
0.2475
0.2531
0.2373
0.2534
0.2129
0.20850000000000002
0.2184
0.2597
0.3139
0.24980000000000002
0.0906
0.08449999999999999
0.0811
0.07999999999999999
0.0776
0.0786
0.0848
0.1032
0.1098
0.1124
0.087
0.0743
0.091
0.0949
0.111
0.1684
0.2404
0.30910000000000004
0.30779999999999996
0.2362
0.1367
0.1254
0.1163
0.1003
0.0613
0.0587
0.0539
0.0536
0.0458
0.059000000000000004
0.0712
0.0519
0.8599
0.2315
0.1791
0.3201
0.12290000000000001
0.14550000000000002
0.2737
0.2298
0.2246
0.38959999999999995
0.1281
0.0767
0.0775
0.0561
0.0608
0.0565
0.0271
0.027200000000000002
0.0278
0.0277
0.0251
0.024399999999999998
0.1031
0.4759
0.0697
0.0681
0.0901
0.4555
0.1275
0.10400000000000001
0.0922
0.4166
0.5555
0.1752
0.17170000000000002
0.1076
0.0989
0.0789
0.0624
0.0464
0.0832
0.07239999999999999
0.0659
0.0648
0.0639
0.065
0.0872
0.1938
0.0986
0.102
0.1385
0.193
0.0949
0.083
0.0728
0.0844
0.0872
0.0811
0.0933
0.1029
0.12190000000000001
0.1478
0.15460000000000002
0.1264
0.048299999999999996
0.0431
0.0422
0.0372
0.038400000000000004
0.0631
0.149
0.9552
0.8918999999999999
0.9019
0.4628
0.2644
0.1497
0.1272
0.0641
0.0674
0.8026
0.2445
0.6685000000000001
0.2086
0.10400000000000001
0.0583
0.052
0.0426
0.2274
0.1968
0.178
0.1633
0.1406
0.1383
0.14179999999999998
0.1547
0.1866
0.1546
0.1252
0.21939999999999998
0.245
0.3319
0.42100000000000004
0.1762
0.1689
0.45959999999999995
0.0868
0.09570000000000001
0.113
0.1221
0.1459
0.16799999999999998
1.0132999999999999
0.22549999999999998
0.07200000000000001
0.0729
0.011899999999999999
0.0
0.0
0.0073
0.0149
0.0
0.0
0.0
0.0
0.0
0.0
0.0
0.0
0.0542
2.1088
1.2167
1.008
0.9547
0.28190000000000004
0.2051
0.1512
0.1269
0.1222
0.11710000000000001
0.11080000000000001
0.1114
0.1213
0.14500000000000002
0.1886
0.4646
0.7725
0.7529
0.4253
0.7124
0.5962
0.3669
0.3527
0.5878
0.26839999999999997
0.272
0.2761
0.274
0.2612
0.203
0.0
0.0
0.0
0.0
0.0
0.0
0.0
0.0
0.0
0.47209999999999996
0.2516
0.0175
0.2162
0.4902
0.5322
2.2519
1.2065000000000001
0.1971
0.7323
0.3134
0.0172
0.0
0.0
0.0
0.098
0.092
0.09029999999999999
0.092
0.0984
0.1137
0.1362
0.15439999999999998
0.15289999999999998
0.1286
0.2577
0.16049999999999998
0.32289999999999996
0.33030000000000004
0.30979999999999996
0.1739
0.1451
0.2073
0.1666
0.2007
0.2672
0.16999999999999998
0.0947
0.08
0.08249999999999999
0.078
0.0746
0.0744
0.0708
0.07980000000000001
0.0876
0.1323
0.20489999999999997
0.3739
0.0383
0.041800000000000004
0.0378
0.0519
0.059500000000000004
0.2757
0.1985
0.14789999999999998
0.23959999999999998
0.7706
0.38570000000000004
0.2861
0.1351
0.0973
0.0144
0.0083
0.0101
0.009600000000000001
0.0069
0.0104
0.0239
0.0466
0.1471
0.4878
0.3224
1.3582999999999998
0.22449999999999998
0.0378
0.0235
0.024399999999999998
0.030199999999999998
0.0489
0.0503
0.0996
0.0948
0.0664
0.0372
0.0155
0.0401
0.024300000000000002
0.0363
0.0254
0.0155
0.4448
0.534
0.0553
0.0862
0.2034
0.2182
0.4533
0.4086
0.054400000000000004
0.07500000000000001
0.0944
0.3054
0.4711
0.1529
0.0723
0.0822
0.0668
0.0641
0.05
0.2875
0.1866
1.8281
0.1782
0.2084
0.2098
0.1884
0.1852
0.185
0.2012
0.2241
0.2822
0.5389999999999999
0.5751999999999999
1.072
0.4112
0.4041
0.45320000000000005
1.6776
1.0075
0.5045
0.5218
0.5765
0.5248
0.0707
0.06129999999999999
0.0565
0.0537
0.053099999999999994
0.060300000000000006
0.0634
0.0948
0.1354
0.21050000000000002
0.1763
0.13269999999999998
0.2178
0.19640000000000002
0.2812
0.4769
0.9726
0.7829999999999999
0.2959
0.3015
0.26849999999999996
0.3003
0.28269999999999995
0.14279999999999998
0.22699999999999998
0.22349999999999998
0.22210000000000002
0.22010000000000002
0.1943
0.2007
0.1781
0.541
0.333
0.48340000000000005
0.5448999999999999
0.29159999999999997
0.3175
0.1537
0.1381
0.13429999999999997
0.135
0.15510000000000002
0.3905
0.3194
0.2501
0.244
0.22660000000000002
0.2123
0.2343
0.2296
0.2323
0.2306
0.2421
0.27659999999999996
0.8240000000000001
0.5233
0.2906
0.24409999999999998
0.24209999999999998
0.4206
0.3343
0.3417
0.3111
0.5317000000000001
0.5269
0.47009999999999996
0.2707
0.24520000000000003
0.2431
0.2037
0.1849
0.18969999999999998
0.0692
0.0613
0.0568
0.0558
0.0527
0.0526
0.0518
0.0744
0.22460000000000002
0.1639
0.1282
0.1084
0.0991
0.1003
0.1242
0.19
0.1305
0.0962
0.10070000000000001
0.1006
0.08529999999999999
0.0886
0.0848
0.07239999999999999
0.0826
0.07780000000000001
0.0693
0.0766
0.0952
0.1198
0.1214
0.11879999999999999
0.1015
0.45039999999999997
0.1226
0.1164
0.6205
0.6376
0.1286
0.3397
0.1263
0.112
0.4187
0.1293
0.1179
0.0843
0.0629
0.0644
0.0922
0.057999999999999996
0.0518
0.0438
0.035199999999999995
0.0338
0.0311
0.025500000000000002
0.28550000000000003
0.34609999999999996
0.2547
0.5641
0.018099999999999998
0.0009
0.0
0.0
0.0033
0.006999999999999999
0.0353
0.1659
0.1875
0.2153
0.2895
0.17049999999999998
0.14
0.13740000000000002
0.13369999999999999
0.1358
0.1437
0.1636
0.2625
0.2897
0.3667
0.48929999999999996
0.508
0.2476
0.1973
0.2449
0.2288
0.2167
0.3474
0.33430000000000004
0.17409999999999998
0.1702
0.1995
0.1759
0.1382
0.1278
0.0407
0.0516
0.0449
0.0406
0.0339
0.11699999999999999
0.6246
0.48860000000000003
0.9201
1.0739999999999998
0.3991
0.3582
0.4082
0.2992
0.2008
0.2102
0.2157
0.759
0.7489
1.1507
0.2794
0.0552
0.0819
0.0591
0.1205
0.1189
0.1243
0.12090000000000001
0.12580000000000002
0.1467
0.1936
0.2559
0.3621
0.6086
0.639
0.7182
0.6513
0.8427
0.5118
0.3473
0.41159999999999997
0.3881
0.2645
0.2237
0.1772
0.1244
0.10769999999999999
0.1051
0.1296
0.1152
0.1432
0.1287
0.1635
0.3428
0.3301
0.07719999999999999
0.0661
0.035500000000000004
0.13
0.1489
0.4781
0.0927
0.07390000000000001
1.7623
0.27
0.0905
0.0762
0.5659
0.0672
0.0934
0.0817
0.08710000000000001
0.019299999999999998
0.0157
0.0215
0.024800000000000003
0.024300000000000002
0.0236
0.0463
0.3125
0.4934
0.1012
0.1011
0.2258
0.1812
0.15539999999999998
0.2091
0.2319
0.2842
0.6775
0.4765
0.38780000000000003
0.6878
0.1079
0.050699999999999995
0.030100000000000002
0.2505
0.2092
0.2054
0.2113
0.2138
0.2397
0.2937
0.5349
1.2416
0.8339
0.2349
0.2236
0.2851
0.6839999999999999
0.9386000000000001
0.9253
0.9773
0.7894000000000001
0.20500000000000002
0.1644
0.1506
0.3185
0.9715
0.6022000000000001
0.1774
0.1673
0.1625
0.1658
0.1678
0.18419999999999997
0.32899999999999996
0.2784
0.2401
0.2845
0.4751
0.1597
0.1883
0.1996
0.198
1.0906
1.0873
1.6126999999999998
0.27749999999999997
0.2378
0.2832
0.38480000000000003
0.2281
0.1782
0.0216
0.0184
0.0175
0.0176
0.0179
0.0232
0.0348
0.0805
0.1553
0.0675
0.0783
0.1639
0.1197
0.07619999999999999
0.0688
0.0689
0.0969
0.0574
0.0324
0.0497
0.0371
0.0171
0.0123
0.01
0.03
0.0177
0.0098
0.0076
0.0037
0.0
0.0
0.0038
0.0
0.0060999999999999995
0.0
0.0047
0.047
0.052199999999999996
0.0743
0.0978
0.1021
0.1215
0.1294
0.1447
0.08310000000000001
0.0786
0.0951
0.069
0.24330000000000002
0.204
0.1743
0.1447
0.2081
1.0692
0.1774
0.1647
0.1596
0.15760000000000002
0.1295
0.1517
0.3015
0.1906
0.17170000000000002
0.1734
0.2071
0.9923
0.4238
0.8793
0.823
0.4843
0.4911
0.4074
0.09759999999999999
0.0901
0.0816
0.07830000000000001
0.0764
0.0832
0.7176
0.5299
0.19569999999999999
0.3951
0.1625
0.18919999999999998
0.18430000000000002
0.19469999999999998
0.2127
0.17959999999999998
0.1201
0.1201
0.5424
0.258
0.28159999999999996
0.18919999999999998
0.1252
0.1013
0.123
0.09759999999999999
0.091
0.0865
0.0806
0.0858
0.0807
0.1065
0.0932
0.09290000000000001
0.07450000000000001
0.1092
0.4374
0.4004
0.0925
0.0994
0.11710000000000001
0.1066
0.9480999999999999
0.1787
0.2241
0.22749999999999998
0.2118
0.1792
0.060200000000000004
0.0531
0.0461
0.0465
0.042499999999999996
0.0453
0.0602
0.2705
0.3013
0.16090000000000002
0.07919999999999999
0.0455
0.0563
0.0383
0.0315
0.030699999999999998
0.044399999999999995
0.1766
0.4123
0.2321
0.0914
0.0924
0.07830000000000001
0.0603
0.0819
0.0865
0.0921
0.1063
0.1283
0.1567
0.0871
0.07700000000000001
0.05499999999999999
0.0489
0.039
0.060899999999999996
0.0706
0.0939
0.1033
0.1288
0.2482
0.2474
0.1245
0.14479999999999998
0.1308
0.0418
0.0296
0.0361
0.0269
0.022600000000000002
0.019200000000000002
0.020900000000000002
0.021400000000000002
0.025099999999999997
0.0212
0.0155
0.011
0.039400000000000004
0.0473
0.0125
0.0305
0.0516
0.0621
0.054099999999999995
0.023100000000000002
0.0167
0.0421
0.089
0.0885
0.08940000000000001
0.0496
0.0264
0.0046
0.0085
0.0121
0.0096
0.0252
0.0693
0.1856
0.2984
0.5539000000000001
0.1837
0.948
0.9289000000000001
0.431
0.32789999999999997
0.1928
0.15710000000000002
0.2529
0.1393
0.0826
0.4541
0.0478
0.0063999999999999994
0.011300000000000001
0.0078
0.0
0.0
0.0
0.0
0.0
0.0
0.0
0.0
0.0192
0.0
0.0
0.0
0.0
0.0
0.0
0.0
0.0
0.0463
0.0767
0.0358
0.5255
0.0695
0.0
0.0
0.1045
0.0983
0.0877
0.08549999999999999
0.0868
0.0929
0.10900000000000001
0.1719
0.2897
0.0829
0.2988
0.7745
0.182
0.1134
0.0879
0.07050000000000001
0.1453
0.1835
0.0494
0.0882
0.1305
0.1487
0.1301
0.1041
0.0824
0.0658
0.06180000000000001
0.054599999999999996
0.0509
0.0513
0.0495
0.056999999999999995
0.0723
0.0788
0.0833
0.1794
0.1432
0.1501
0.2478
0.5196
0.43220000000000003
0.3801
0.17559999999999998
0.1789
0.24130000000000001
0.1972
0.1526
0.11599999999999999
0.13829999999999998
0.1374
0.1314
0.1296
0.1258
0.14179999999999998
0.3426
0.504
0.2244
0.1772
0.1331
0.12440000000000001
0.15889999999999999
0.1712
0.18080000000000002
0.1424
0.1026
0.1281
0.1945
0.1911
0.2381
0.2509
0.21760000000000002
0.161
0.013099999999999999
0.0096
0.009
0.007
0.0
0.026099999999999998
0.2256
0.0457
0.018099999999999998
0.0396
0.0
0.0039
0.8996999999999999
0.0
0.0
0.0034
0.20500000000000002
0.0342
0.31110000000000004
0.3047
0.1851
0.1274
0.060899999999999996
0.0263
0.3837
0.30069999999999997
0.25739999999999996
0.2328
0.22820000000000001
0.2248
0.24109999999999998
0.2862
0.368
0.42010000000000003
0.41890000000000005
0.4522
0.4283
0.5298
0.7623
0.3518
0.7688
0.8611
0.3903
1.5682
0.9996
0.8785000000000001
0.9670000000000001
0.9919
0.1149
0.0974
0.1046
0.1184
0.1476
0.38380000000000003
0.2868
0.217
0.2039
0.2133
0.1367
0.10339999999999999
0.16
0.2409
0.5801000000000001
1.3778
0.1885
0.2629
0.3115
0.22649999999999998
0.2308
0.2888
0.24559999999999998
0.1466
0.24659999999999999
0.2429
0.2328
0.2261
0.2298
0.23249999999999998
0.2716
0.39690000000000003
0.6229
0.8784
1.7608
0.5871999999999999
0.5416000000000001
0.5105999999999999
0.4991
0.44420000000000004
0.3538
0.4656
0.4465
0.8180000000000001
0.7309
0.5224
0.3902
0.3043
0.0874
0.0637
0.0493
0.051500000000000004
0.0417
0.0348
0.0161
0.0002
0.0
0.0
0.0
0.0026
0.0352
0.0097
0.0079
0.1835
0.6063000000000001
0.8826
0.20600000000000002
0.26940000000000003
0.1265
0.06470000000000001
0.09459999999999999
0.112
0.19069999999999998
0.18280000000000002
0.18
0.1713
0.16510000000000002
0.1769
0.1822
0.7188
0.1543
0.1157
0.1313
0.17559999999999998
0.1675
0.1341
0.1275
0.5791999999999999
0.2868
0.684
1.1840000000000002
0.1935
0.2091
0.1538
0.1375
0.1362
0.0
0.0
0.0
0.0
0.0
0.0
0.0
0.09340000000000001
0.4214
0.0115
0.0382
0.0068
0.0732
0.015099999999999999
0.0284
0.4288
0.35829999999999995
0.0168
0.0271
0.0776
0.017
0.0
0.0
0.0
0.1173
0.105
0.09739999999999999
0.0911
0.095
0.10239999999999999
0.1649
0.27090000000000003
0.1664
0.279
0.43679999999999997
0.4031
0.3181
0.215
0.2631
0.2758
0.2807
0.2539
0.1693
0.1568
0.1739
0.2041
0.2269
0.174
0.245
0.2145
0.20479999999999998
0.1983
0.1946
0.19929999999999998
0.21100000000000002
0.2545
0.45189999999999997
0.4656
0.5202
0.3812
0.4121
0.38980000000000004
0.8604999999999999
0.47
0.44279999999999997
0.4164
0.4366
0.6729
0.5091
0.5254
0.5591999999999999
0.37129999999999996
0.1546
0.1472
0.14300000000000002
0.1375
0.13019999999999998
0.124
0.1179
0.1506
0.1526
0.1175
0.0941
0.1132
0.1052
0.1
0.0943
0.1105
0.1958
0.1951
0.16649999999999998
0.1713
0.16749999999999998
0.1427
0.13629999999999998
0.1382
0.1371
0.11699999999999999
0.1069
0.10289999999999999
0.0965
0.1004
0.112
0.138
0.24810000000000001
0.36029999999999995
0.4263
0.7471
0.3289
0.3204
0.5872999999999999
0.3023
0.3537
0.4334
0.1972
0.1964
0.21710000000000002
0.27549999999999997
0.2703
0.1935
0.06720000000000001
0.0571
0.0517
0.0557
0.0514
0.0419
0.0415
0.0431
0.0325
0.048
0.0475
0.0482
0.2414
0.1493
0.0624
0.0643
0.0543
0.059399999999999994
0.0625
0.058300000000000005
0.0398
0.045
0.0597
0.0601
0.1699
0.13940000000000002
0.12040000000000001
0.11649999999999999
0.1127
0.1191
0.1375
0.13069999999999998
0.1292
0.1496
0.2296
0.1437
0.2172
0.1432
0.1066
0.0969
0.1081
0.2012
0.3229
0.6541
0.8141
0.49250000000000005
0.3457
0.1977
0.1644
0.1272
0.10500000000000001
0.0995
0.124
0.1469
0.17659999999999998
0.1976
0.12090000000000001
0.746
0.1835
1.4259000000000002
1.1049
0.0658
0.041
0.0101
0.7032
0.0
0.0
0.0
0.0
0.0
0.025400000000000002
0.12869999999999998
0.0244
0.023
0.0273
0.0241
0.0314
0.0335
0.0808
0.1186
0.1193
0.1026
0.0996
0.1028
0.497
0.4158
0.2738
0.1827
0.2531
0.5456
0.191
0.7471000000000001
0.2283
0.0562
0.032100000000000004
0.0281
0.0045
0.0191
0.0133
0.0108
0.0317
0.0086
0.7235
0.8612
0.0
0.7028000000000001
0.2023
1.0442
0.6234999999999999
0.0218
0.0
0.0436
0.3177
0.0942
0.6151
0.304
0.298
0.33999999999999997
0.18059999999999998
0.07
0.1296
0.1161
0.11499999999999999
0.1283
0.11660000000000001
0.09920000000000001
0.0923
0.1111
0.11479999999999999
0.2903
0.0651
0.1335
0.6167
0.4892
0.0938
0.07680000000000001
0.0665
0.0511
0.0499
0.0228
0.0469
0.09090000000000001
0.159
0.1598
0.0489
0.0479
0.0484
0.0368
0.035699999999999996
0.0505
0.057300000000000004
0.12079999999999999
0.7917000000000001
0.4612
0.3542
0.7584
0.1079
0.093
0.0865
0.0822
0.1826
0.38079999999999997
0.25780000000000003
0.2059
0.1669
0.12480000000000001
0.0829
0.052500000000000005
0.0007
0.0
0.0035
0.011300000000000001
0.024800000000000003
0.0954
0.033299999999999996
0.0033
0.0
0.0037
0.0
0.0
0.0
0.0004
0.005
0.03
0.0503
0.4975
0.7647
1.4969000000000001
0.261
0.0
0.0
0.0001
0.1437
0.1351
0.12390000000000001
0.12490000000000001
0.1232
0.13240000000000002
0.1493
0.16749999999999998
0.3805
0.6144000000000001
0.3758
0.6321
0.2597
0.2703
0.5409
0.4253
0.242
0.2895
0.43420000000000003
0.3647
0.2986
0.2579
0.2061
0.1648
0.0812
0.0713
0.0673
0.0627
0.0613
0.0959
0.1622
0.109
0.0752
0.4502
0.3528
0.14989999999999998
0.4006
0.14150000000000001
0.31279999999999997
0.2655
0.0779
0.069
0.029
0.0383
0.0744
0.1381
0.1692
0.124
0.086
0.0879
0.0905
0.09970000000000001
0.1192
0.1597
0.2564
0.2743
0.474
0.5430999999999999
0.23020000000000002
0.16970000000000002
0.1471
0.1713
0.15689999999999998
0.1553
0.2279
0.48519999999999996
0.3678
0.2003
0.13169999999999998
0.0674
0.0513
0.0595
0.4427
0.3946
0.3463
0.322
0.32
0.3114
0.2907
0.3066
0.30210000000000004
0.43970000000000004
0.9246000000000001
1.3302
0.42479999999999996
0.47719999999999996
0.377
0.4198
0.8640000000000001
0.808
0.3876
0.36119999999999997
0.3469
0.2834
0.3936
0.8592
0.0771
0.0407
0.0747
0.0556
0.0475
0.109
0.734
0.0194
0.0051
0.0
0.0
0.0
0.0
0.0
0.0
0.3105
0.1275
0.023799999999999998
0.73
0.3316
0.5982000000000001
0.3434
0.1794
1.0577
0.0829
0.0822
0.0846
0.08249999999999999
0.0695
0.057999999999999996
0.0471
0.0482
0.0519
0.1263
0.0665
0.0956
0.0856
0.0616
0.0413
0.033
0.0208
0.0027
0.0041
0.0
0.0
0.0074
0.0313
0.043
0.18009999999999998
0.18919999999999998
0.26180000000000003
0.2713
0.22610000000000002
0.1975
0.2187
0.1031
0.022699999999999998
0.154
0.2898
0.0155
0.010100000000000001
0.0
0.019299999999999998
0.028900000000000002
0.0335
0.0485
0.0241
0.0475
0.077
0.0937
0.6688999999999999
0.7825
0.12140000000000001
0.1139
0.0989
0.1118
0.104
0.11839999999999999
0.2098
1.5484
0.9311
0.6121
0.9541
0.4938
0.5436000000000001
0.5937
0.5124
0.3849
0.33640000000000003
1.314
1.3533
1.366
0.4927
0.29500000000000004
0.19140000000000001
0.1634
0.2636
0.2374
0.2172
0.2182
0.2555
0.30200000000000005
0.1577
0.1322
0.10999999999999999
0.1238
0.19519999999999998
0.1796
0.1842
0.29910000000000003
0.24680000000000002
0.29710000000000003
0.27449999999999997
0.3008
0.2253
0.1907
0.2861
0.31820000000000004
0.2455
0.2419
0.20779999999999998
0.1659
0.1525
0.1385
0.12890000000000001
0.1368
0.1372
0.1484
0.1637
0.17659999999999998
0.2932
0.24609999999999999
0.1859
1.1693
0.4838
0.747
0.3143
0.3356
0.4854
0.3114
0.3115
0.5759000000000001
0.46540000000000004
0.3408
0.0843
0.07519999999999999
0.07150000000000001
0.0703
0.0692
0.06989999999999999
0.0862
0.065
0.0361
0.0828
0.0465
0.048
0.042300000000000004
0.041999999999999996
0.039900000000000005
0.0552
0.03560000000000001
0.0067
0.0409
0.1339
0.25370000000000004
0.2407
0.2495
0.1885
0.07300000000000001
0.06720000000000001
0.0635
0.0629
0.060300000000000006
0.0695
0.0741
0.2558
0.1506
0.0466
0.1852
0.0249
0.0147
0.0179
0.0263
0.08510000000000001
0.24969999999999998
0.0843
0.0726
0.4084
0.06509999999999999
0.1138
0.1341
0.09709999999999999
0.191
0.1758
0.1693
0.1675
0.1985
0.3892
0.2593
0.18080000000000002
0.17930000000000001
0.19140000000000001
0.1905
0.1809
0.32289999999999996
0.245
0.2328
0.6639999999999999
0.44820000000000004
0.32289999999999996
0.5971
0.7787
0.5769
0.3984
0.3014
0.2454
0.1276
0.1202
0.1148
0.11510000000000001
0.1183
0.1305
0.20229999999999998
0.35150000000000003
0.193
0.1987
0.1773
0.6219
0.163
0.132
0.10200000000000001
0.10869999999999999
0.1324
0.2303
0.4947
0.2258
0.2132
0.19390000000000002
0.16249999999999998
0.1334
0.0
0.0
0.0
0.0
0.0
0.0
0.0
0.0
0.0
0.2445
0.1163
0.6784
0.0
0.0
0.0932
0.403
0.0
0.0916
0.094
0.0
0.0
0.0
0.0076
0.0028
0.08560000000000001
0.074
0.069
0.0663
0.062
0.0563
0.049600000000000005
0.050600000000000006
0.0498
0.0718
0.056
0.0638
0.0665
0.08310000000000001
0.0969
0.1291
0.08779999999999999
0.06459999999999999
0.1028
0.1017
0.13140000000000002
0.1503
0.1532
0.1251
1.3559999999999999
1.4310999999999998
1.7823
0.5700000000000001
0.2338
0.24810000000000001
0.2748
0.184
0.10289999999999999
0.0722
0.055400000000000005
0.0403
0.0303
0.0064
0.3886
0.8499
0.6680999999999999
0.4898
0.2873
0.8761
0.6497999999999999
0.5277000000000001
0.4419
0.43789999999999996
0.07780000000000001
0.0722
0.0679
0.06939999999999999
0.0708
0.0794
0.0652
0.0836
0.1863
0.7254
0.0473
0.0734
0.0284
0.0437
0.0429
0.1063
0.1471
0.1248
0.1305
0.1781
0.3891
0.153
0.0433
0.0503
0.0561
0.053000000000000005
0.0504
0.0586
0.067
0.065
0.0613
0.0571
0.0502
0.0623
0.0465
0.0496
0.1436
0.1316
0.0745
0.09290000000000001
0.2852
0.1988
0.20579999999999998
0.1377
0.0795
0.0509
0.0516
0.0501
0.12050000000000001
0.09290000000000001
0.0907
0.0998
0.0863
0.09029999999999999
0.11879999999999999
0.1607
0.3087
0.2592
0.1674
0.1921
0.3779
0.40490000000000004
0.7605000000000001
0.7395999999999999
0.48
1.3907
0.5282
0.8238000000000001
1.2973
0.7658
0.42589999999999995
0.16920000000000002
0.1183
0.24680000000000002
0.0721
0.0639
0.053000000000000005
0.1008
0.3241
0.6561
0.7424000000000001
0.5768
1.055
0.1538
0.5432
0.0453
0.0
0.0
0.0218
0.0216
0.0086
0.4972
0.1327
0.0434
0.0386
0.0312
0.3469
0.3305
0.316
0.3052
0.29510000000000003
0.2828
0.5958
1.7858999999999998
0.7705
0.9654
1.6705
0.9752
0.6359999999999999
0.6922999999999999
0.8716999999999999
1.3187
1.2473999999999998
0.6528
0.47319999999999995
0.508
0.5998
0.7622
0.7410000000000001
0.48810000000000003
0.0021999999999999997
0.0003
0.0036
0.0083
0.0054
0.0
0.0
0.0
0.0
0.0
0.0
0.0
0.0
0.0007
0.0307
0.36229999999999996
1.0093
0.8399
0.0684
0.7584
0.2773
0.0697
0.014099999999999998
0.0070999999999999995
0.1094
0.1014
0.0993
0.0945
0.09140000000000001
0.1033
0.1347
0.34550000000000003
0.5008
0.6008
0.12129999999999999
0.0649
0.0753
0.1001
0.2193
0.2236
0.1384
0.2119
0.6131
0.2902
0.2169
0.2235
0.1775
0.11729999999999999
0.3365
0.3285
0.35219999999999996
0.31930000000000003
0.2836
0.267
0.2436
0.21289999999999998
0.1704
0.14789999999999998
0.1316
0.47850000000000004
0.8195000000000001
0.2612
0.2187
0.2682
0.3187
0.4442
0.8102
0.4455
0.4456
0.2549
0.2203
0.2319
0.3052
0.2875
0.2818
0.27559999999999996
0.2589
0.2593
0.2662
0.2521
0.2736
0.2493
0.2101
0.2168
0.232
0.3079
1.068
2.3263
0.8061
0.6601
0.5436
0.5638
0.6739999999999999
1.7042
1.213
0.3717
0.1258
0.11049999999999999
0.0996
0.10719999999999999
0.18
0.223
0.0998
0.088
0.0933
0.1232
0.1033
0.0963
0.39749999999999996
0.1825
0.1076
0.126
0.11599999999999999
1.2863
0.5299
0.1808
0.13829999999999998
0.1405
0.1532
0.1395
0.015799999999999998
0.0066
0.014
0.0017000000000000001
0.009000000000000001
0.0053
0.0048
0.35050000000000003
0.4066
0.0131
0.0168
0.042499999999999996
0.1012
0.0623
0.0569
0.0482
0.5693
1.7385000000000002
2.5998
0.7873
0.3221
0.2499
0.1965
0.0889
0.1509
0.1428
0.1316
0.1254
0.13440000000000002
0.1369
0.2094
0.3347
0.23199999999999998
0.20140000000000002
0.3342
0.43420000000000003
0.1134
0.0749
0.0424
0.0501
0.08990000000000001
0.3874
0.0852
0.2969
0.4931
0.2677
0.20350000000000001
0.15289999999999998
0.0436
0.0392
0.036500000000000005
0.0402
0.0465
0.0684
0.09570000000000001
0.0785
0.0781
0.1184
0.0505
0.041499999999999995
0.2303
0.0696
0.0465
0.048100000000000004
0.16760000000000003
0.16299999999999998
0.1317
0.09309999999999999
0.0656
0.0565
0.056999999999999995
0.047200000000000006
0.10250000000000001
0.0916
0.0885
0.0867
0.0933
0.09870000000000001
0.1611
0.1936
0.14100000000000001
0.1308
0.1018
0.08449999999999999
0.1016
0.09720000000000001
0.096
0.11
0.5805
0.42769999999999997
0.4984
0.8592
0.9283
0.2934
0.2107
0.136
0.0
0.0
0.0
0.0
0.0001
0.0
0.0626
0.8562000000000001
0.5682
0.7704
0.3661
0.2841
0.2381
0.1167
0.07550000000000001
0.0867
0.2089
1.2838
0.635
0.2073
0.042
0.0
0.0
0.0
0.12390000000000001
0.1046
0.0996
0.0937
0.089
0.3086
0.36419999999999997
0.11979999999999999
0.10719999999999999
0.12669999999999998
0.13440000000000002
0.1494
0.2597
0.1407
0.13290000000000002
0.12569999999999998
0.1192
0.6020000000000001
0.9567
0.3426
0.5413
0.2581
0.179
0.1391
0.17959999999999998
0.12079999999999999
0.09570000000000001
0.08879999999999999
0.0819
0.0816
0.07
0.23210000000000003
0.2657
0.0519
0.16899999999999998
0.07350000000000001
0.0747
0.0809
0.16519999999999999
0.181
0.1114
0.2288
0.10039999999999999
0.2782
0.20629999999999998
0.15050000000000002
0.121
0.10350000000000001
0.24670000000000003
0.2264
0.2251
0.2215
0.20550000000000002
0.235
0.8611
2.2580999999999998
1.0113
1.7986
0.7366999999999999
0.5332
0.384
0.45189999999999997
0.7318
0.8759999999999999
0.347
0.4092
0.3995
0.4179
0.3849
0.3163
0.2545
0.22749999999999998
0.1966
0.1676
0.1633
0.156
0.1416
0.1519
0.122
0.1325
0.1319
0.5318
0.1437
0.1726
0.2934
0.3668
0.0887
0.09839999999999999
0.2099
0.1587
0.5906
0.3398
0.37939999999999996
0.5353
0.6284000000000001
0.3211
0.11699999999999999
0.1143
0.109
0.1114
0.1106
0.11069999999999999
0.1293
0.1487
0.19240000000000002
0.3022
0.3355
0.1526
0.277
0.35019999999999996
0.12329999999999999
0.07369999999999999
0.0943
0.38549999999999995
0.34140000000000004
0.24220000000000003
0.1794
0.1232
0.0958
0.0853
0.0018
0.0
0.0
0.0
0.0
0.0
0.0
0.0
0.0293
0.0505
0.0634
0.1456
0.0409
0.0469
0.0809
0.0664
0.10599999999999998
0.1642
0.1349
0.2136
0.2774
0.1851
0.06989999999999999
0.0161
0.088
0.0887
0.08349999999999999
0.0807
0.0765
0.08360000000000001
0.0993
0.1252
0.3939
0.34199999999999997
0.3911
0.2675
0.4701
0.2382
0.24630000000000002
0.13990000000000002
0.3802
0.5918
0.184
0.325
0.2496
0.1864
0.1287
0.0987
0.0491
0.0002
0.0108
0.0
0.0
0.0
0.0
0.0
0.0
0.0217
0.0
0.1715
0.1159
0.0
0.0
0.0
0.0
0.0
0.2244
0.1549
0.0
0.0
0.0048
0.0148
0.015300000000000001
0.0133
0.0182
0.0069
0.044899999999999995
0.24370000000000003
0.0703
0.0358
0.0221
0.045700000000000005
0.0264
0.0
0.0
0.0
0.0
0.0194
0.9053
0.2389
0.7694
0.4514
0.1578
0.1105
0.0165
0.0081
0.1858
0.17659999999999998
0.1636
0.1598
0.1504
0.1603
0.8487
0.8528
0.4506
1.1784
0.8634
0.4405
0.4007
0.317
0.26780000000000004
0.2342
0.1977
0.22649999999999998
0.22139999999999999
0.2529
0.3019
0.3424
0.3123
0.2308
0.0965
0.0941
0.0994
0.10289999999999999
0.10930000000000001
0.16049999999999998
0.3031
0.1384
0.0902
0.0887
0.06420000000000001
0.0245
0.025
0.0277
0.0854
0.6225
0.3903
0.429
0.2109
0.1532
0.1331
0.1804
0.1848
0.1304
0.1455
0.1288
0.13319999999999999
0.13040000000000002
0.12329999999999999
0.12190000000000001
0.5191
0.7597
0.0623
0.1828
0.3396
0.0716
0.0774
0.0727
0.0698
0.0984
0.0994
0.0562
0.0716
0.3124
0.24459999999999998
0.3512
0.3442
0.2157
0.2233
0.2272
0.2294
0.2352
0.2596
0.3331
0.3893
0.43910000000000005
0.4678
0.4032
0.4806
0.4636
0.7168000000000001
0.563
0.7669
0.4302
0.3726
0.3654
0.49129999999999996
0.7025
0.4144
0.258
0.1834
0.1853
0.3204
0.25939999999999996
0.2401
0.2323
0.2188
0.8696
0.4334
0.1411
0.1441
0.1347
0.14090000000000003
0.1582
0.16099999999999998
0.1377
0.1371
0.1362
0.1347
0.14079999999999998
0.1601
0.1921
0.4936
0.5363
0.47850000000000004
0.47250000000000003
0.0708
0.0659
0.0711
0.0663
0.0933
0.4959
0.18469999999999998
0.1559
0.1235
0.0858
0.19469999999999998
0.1252
0.1263
0.1632
0.1648
0.6847000000000001
0.6223000000000001
0.5347
0.595
0.2741
0.2918
0.1457
0.0577
0.0644
0.5901000000000001
0.5489999999999999
0.5502
0.5526
0.5602
0.8907
1.5857
0.7506999999999999
0.46240000000000003
0.41569999999999996
0.4445
0.5516000000000001
0.4349
0.38029999999999997
0.3685
0.4103
0.48
0.36060000000000003
0.3795
0.4978
0.6856
0.5507
0.5256000000000001
0.6242
0.1043
0.11549999999999999
0.1211
0.10919999999999999
0.1138
0.12480000000000001
0.0632
0.0477
0.0225
0.0429
0.062
0.1295
0.0595
0.0691
0.060000000000000005
0.0968
0.1031
0.4376
0.448
0.0419
0.0427
0.0201
0.0313
0.0344
0.25270000000000004
0.2328
0.2185
0.2132
0.21700000000000003
0.2261
0.2893
0.31220000000000003
0.3479
0.37429999999999997
0.7912999999999999
1.0104
1.1846
0.507
0.7068
2.085
1.3758
0.5115000000000001
0.3942
0.7525
2.062
0.6853
0.4714
0.3066
0.4175
0.1884
0.14329999999999998
0.1462
0.1685
0.4151
0.1096
0.0134
0.0
0.0
0.0
0.0
0.0
0.0
0.0
0.0
0.0
1.0724
2.8697999999999997
1.9907
0.7843
0.7026
0.7583
0.5155000000000001
0.06409999999999999
0.0574
0.0568
0.055099999999999996
0.0545
0.0596
0.17270000000000002
0.17830000000000001
0.09839999999999999
0.1582
0.0867
0.0691
0.062
0.0645
0.0518
0.0416
0.0288
0.0205
0.0139
0.0258
0.0572
0.0827
0.0759
0.061399999999999996
0.0368
0.062200000000000005
0.0436
0.039099999999999996
0.0435
0.0518
0.0468
0.0056
0.4665
1.0376
1.2616
0.5297000000000001
0.17470000000000002
0.2165
0.2328
0.1871
0.3164
1.4134
0.2536
1.6709
0.8965000000000001
0.14100000000000001
0.0848
0.0707
0.0597
0.057300000000000004
0.0514
0.0529
0.0514
0.0622
0.0989
0.2356
0.2298
0.21989999999999998
0.1986
0.1461
0.1461
0.1507
0.1814
0.15550000000000003
0.0997
0.12309999999999999
0.1992
0.1996
0.1531
0.107
0.0701
0.0531
0.0508
0.043399999999999994
0.04
0.0398
0.0416
0.0325
0.093
0.7877000000000001
0.1142
0.1071
0.1036
0.1154
0.13369999999999999
0.1252
0.10750000000000001
0.1412
0.45430000000000004
0.32020000000000004
0.742
0.6027
0.5559999999999999
0.2788
0.1505
0.0819
0.1009
0.0746
0.0771
0.0684
0.0701
0.08910000000000001
0.1844
0.3316
0.3036
0.7704
1.6203
0.3447
0.7503
0.34199999999999997
0.4139
0.8678
1.4184999999999999
0.6516
0.3799
0.4768
0.5442
0.4982
0.4141
0.1951
0.11399999999999999
0.1954
0.045899999999999996
0.0353
0.0375
0.0513
0.1537
0.3722
0.4198
0.3958
0.4422
0.0
0.0
0.0
0.0
0.0
0.0005
0.0
0.0373
0.3561
0.1022
0.0658
0.0414
0.0402
0.2946
0.2714
0.2846
0.2385
0.2183
0.2079
0.2094
0.216
0.20729999999999998
0.2185
0.1724
0.1537
0.1128
0.9638000000000001
1.1311
0.5124
0.3295
0.3164
0.3405
0.2238
0.2511
0.4884
0.5570999999999999
0.373
0.0
0.0
0.0
0.0
0.0
0.0
0.0
0.0227
0.127
0.031
0.0228
0.09670000000000001
0.018
0.0
0.0
0.0
0.8273999999999999
0.0785
0.45840000000000003
0.3235
0.181
0.06949999999999999
0.0089
0.0
0.0
0.0
0.0
0.0
0.0
0.0
0.0379
0.0548
0.0553
0.3711
0.5074
0.7757000000000001
0.4956
0.26
0.0043
0.7445
1.7477999999999998
0.8167
0.11839999999999999
0.0
0.0
0.0
0.0
0.0
0.1081
0.109
0.1064
0.1058
0.10969999999999999
0.1361
0.2488
0.2454
0.2542
0.3412
0.4022
0.2079
0.2082
0.2444
0.2576
0.5248999999999999
1.0249
0.35609999999999997
0.2245
0.2234
0.2783
0.2717
0.16549999999999998
0.12040000000000001
0.1794
0.2091
0.1018
0.0917
0.07719999999999999
0.0833
0.0931
0.1005
0.12179999999999999
0.267
0.1374
0.07150000000000001
0.10439999999999999
0.2589
0.37060000000000004
0.0944
0.1037
0.2276
0.1167
0.1205
0.1106
0.17099999999999999
0.2576
0.1508
0.2159
0.2595
0.2485
0.26080000000000003
0.2843
0.2946
0.3368
0.4014
0.4835
0.3643
0.5418000000000001
0.5097
0.6405000000000001
0.608
0.2897
0.1905
0.1619
2.2399
0.474
0.5958
0.4822
0.2496
0.1912
0.1745
0.42000000000000004
0.3521
0.3399
0.3145
0.2934
0.3042
0.3003
0.3315
0.33640000000000003
0.398
0.5061
1.7944999999999998
1.728
0.7852999999999999
0.366
0.4019
0.9068
0.7114
0.7239
0.6104
0.5286
0.5321
0.629
0.9731000000000001
0.07189999999999999
0.0624
0.0555
0.06
0.07450000000000001
0.093
0.07830000000000001
0.0825
0.0856
0.5378000000000001
0.0657
0.0528
0.6272
0.0925
0.0337
0.062
0.1607
0.09720000000000001
0.0958
0.1598
0.1153
0.0975
0.0815
0.068
0.2766
0.38029999999999997
0.3267
0.21489999999999998
0.2152
0.15510000000000002
0.2126
1.2559
0.6139
0.17509999999999998
0.184
0.1434
0.1637
0.1921
0.2842
0.2543
0.1906
1.7167999999999999
2.6048
1.0121
2.1352
0.9536
0.538
0.3861
0.022600000000000002
0.0141
0.0219
0.0162
0.016
0.022
0.0335
0.0425
0.026500000000000003
0.025
0.049199999999999994
0.2973
0.3123
0.2175
0.1671
0.2696
0.7731
0.1062
0.0784
0.1976
0.2261
0.056100000000000004
0.024100000000000003
0.0167
0.11069999999999999
0.1231
0.0934
0.11199999999999999
0.1062
0.16899999999999998
0.29610000000000003
0.4049
0.49849999999999994
0.2297
0.2027
0.1041
0.1164
0.0695
0.0416
0.0257
0.0195
0.1042
0.2475
0.39890000000000003
0.1842
0.0958
0.07269999999999999
0.0601
0.0747
0.062200000000000005
0.053500000000000006
0.0513
0.051699999999999996
0.052099999999999994
0.0576
0.0936
0.34099999999999997
0.27559999999999996
0.2052
0.5224
0.1462
0.10769999999999999
0.10439999999999999
0.1411
0.5003
0.8301
0.7559
0.2657
0.26780000000000004
0.2694
0.22010000000000002
0.1327
0.1764
0.1179
0.1239
0.1302
0.1109
0.0865
0.0722
0.1706
0.2853
0.0258
0.0082
0.0
0.0
0.0
0.0
0.1443
1.0544
3.1173
1.6559
2.9118000000000004
1.6493
0.4928
0.2539
0.2007
0.089
0.0786
0.07350000000000001
0.07930000000000001
0.055400000000000005
0.0557
0.0629
0.10769999999999999
0.04
0.42519999999999997
0.08
0.34240000000000004
0.0069
0.0
0.0
0.0
0.0
0.0
0.0
0.0
0.2733
0.3435
0.3539
0.3944
0.0223
0.0203
0.0161
0.017
0.0164
0.029400000000000003
0.0879
0.212
0.20700000000000002
0.10250000000000001
0.0806
0.0286
0.0504
0.06889999999999999
0.0809
0.0645
0.047
0.0896
0.0761
0.1496
0.1172
0.0842
0.0374
0.014499999999999999
0.0828
0.0675
0.0682
0.064
0.0596
0.06709999999999999
0.0691
0.087
0.0984
0.1525
0.18259999999999998
0.5714
0.4765
0.9519
0.2135
0.2643
0.8280000000000001
0.5645
0.3398
0.2258
0.2103
0.1817
0.1582
0.12179999999999999
0.1545
0.1471
0.1472
0.1517
0.1629
0.1903
0.1628
0.1288
0.1207
0.1367
0.12029999999999999
0.11760000000000001
0.1192
0.112
0.0936
0.0999
0.1227
0.1189
0.137
0.1754
0.1737
0.1871
0.1991
0.1795
0.0104
0.0312
0.0197
0.0161
0.0213
0.0221
0.0059
0.2168
1.4258
0.8339000000000001
0.6008
0.0626
0.0829
0.273
0.3474
0.24430000000000002
0.4274
0.2672
0.1982
0.24630000000000002
0.5625
0.3206
0.021400000000000002
0.0071
0.0322
0.014799999999999999
0.0215
0.021400000000000002
0.0149
0.0147
0.0093
0.27649999999999997
0.3577
0.020900000000000002
0.0232
0.2138
0.1379
0.0558
0.0498
0.2532
0.8426
0.7698
0.2342
0.1493
0.5492
0.134
0.0934
0.046700000000000005
0.058300000000000005
0.0242
0.13240000000000002
0.1894
0.0923
0.3502
4.2645
3.2428
0.3265
0.0092
0.0
0.0148
0.0371
0.023100000000000002
0.0296
0.0626
0.0682
0.7835
1.1366
1.5018
0.3688
0.618
0.3595
0.2333
0.2123
0.2096
0.21689999999999998
0.2074
0.1993
0.1958
0.2095
0.2094
0.29
0.16199999999999998
0.13040000000000002
0.1221
0.1149
0.0808
1.1945999999999999
0.5367
0.19669999999999999
0.1076
0.0915
0.1684
0.3544
0.5514
0.1684
0.1512
0.0
0.0
0.0
0.0
0.0
0.0
0.0
1.031
0.0984
0.0
0.0
0.0
0.0
0.0
0.0
0.0403
0.9728000000000001
0.3606
0.5631999999999999
0.4748
0.1034
0.0046
0.0
0.0
0.048600000000000004
0.040400000000000005
0.0414
0.035500000000000004
0.0364
0.0485
0.0674
0.0748
0.06319999999999999
0.0635
0.0421
0.0513
0.2233
0.7752
0.20579999999999998
0.2765
0.3137
0.2783
0.30379999999999996
0.8939
0.4597
0.2086
0.1006
0.0686
0.08180000000000001
0.0659
0.061700000000000005
0.054
0.06659999999999999
0.07669999999999999
0.0907
0.099
0.06570000000000001
0.3807
0.1744
0.2941
0.9088999999999999
0.0766
0.084
0.15689999999999998
0.2312
0.9647
0.6579999999999999
0.14400000000000002
0.17659999999999998
0.1787
0.175
0.13190000000000002
0.0344
0.0259
0.022400000000000003
0.0248
0.0243
0.013999999999999999
0.1637
0.6891
0.1676
0.23170000000000002
0.1154
0.039099999999999996
0.0296
0.0266
0.022699999999999998
0.0287
0.38249999999999995
0.0968
0.11130000000000001
0.1829
0.2102
0.2986
0.1783
0.055400000000000005
0.0906
0.045399999999999996
0.0341
0.024800000000000003
0.0245
0.0383
0.2943
0.1136
0.0434
0.0532
0.1365
0.1926
0.2407
0.1001
0.2321
0.1585
0.1005
0.3157
0.06709999999999999
0.047299999999999995
0.0883
0.1704
0.2407
0.1972
0.09010000000000001
0.0808
0.075
0.0743
0.0781
0.0964
0.1175
0.1012
0.08940000000000001
0.1097
0.1193
0.1001
0.1732
0.12440000000000001
0.1159
0.133
0.1683
0.1346
0.1338
0.1714
0.1591
0.175
0.1756
0.1295
0.07830000000000001
0.0657
0.083
0.063
0.07189999999999999
0.101
0.12329999999999999
0.7116
1.7824
0.9328000000000001
0.734
0.19390000000000002
0.4278
0.6919
0.6204000000000001
1.1827
0.8687
0.3186
0.18409999999999999
1.0685
0.6006
0.47409999999999997
0.364
0.1526
0.1786
0.1749
0.1349
0.1149
0.1041
0.08449999999999999
0.0925
0.7508
0.1831
0.0835
0.39790000000000003
2.0252
0.37179999999999996
0.0088
0.0
0.026799999999999997
0.0041
0.0252
0.061200000000000004
0.1032
0.1083
0.2098
0.2885
0.39680000000000004
0.0341
0.0339
0.0319
0.031
0.0294
0.03949999999999999
0.0519
0.0451
0.1539
0.1201
0.1817
0.3241
0.056900000000000006
0.1012
0.19430000000000003
0.1637
0.177
0.17809999999999998
0.427
0.2936
0.3417
0.1189
0.020200000000000003
0.015899999999999997
0.1276
0.111
0.099
0.0958
0.09989999999999999
0.6303
0.1464
0.0876
0.08610000000000001
0.08560000000000001
0.1046
0.0963
0.1338
0.1152
0.135
0.4836
0.6093
0.2837
0.3322
0.6241
1.2309999999999999
0.3316
0.2683
0.19390000000000002
0.2825
0.33699999999999997
0.5717
0.15439999999999998
0.1426
0.13390000000000002
0.1335
0.15589999999999998
0.16570000000000001
0.2339
0.2378
0.2257
0.4051
0.5155
1.0009
0.3496
0.3281
0.3386
0.8023
0.3272
0.2585
0.266
0.2826
0.2609
0.11180000000000001
0.09570000000000001
0.1033
0.1037
0.10930000000000001
0.11649999999999999
0.1248
0.09040000000000001
0.0587
0.0436
0.0217
0.0194
0.0238
0.039400000000000004
0.2884
0.5433
0.5564
0.4761
0.1997
0.8840999999999999
1.0391
0.6262
0.19419999999999998
0.1362
0.0936
0.0797
0.08410000000000001
0.0752
0.07
0.0755
0.0853
0.1027
0.1136
0.1523
0.15339999999999998
0.2162
0.306
0.4875
0.3749
0.9417
0.9530000000000001
0.4865
0.195
0.1642
0.1599
0.14839999999999998
0.1348
0.1148
0.1911
0.1856
0.1834
0.1669
0.1511
0.1361
0.12469999999999999
0.1219
0.1545
0.16460000000000002
0.1225
0.16349999999999998
0.1224
0.17470000000000002
0.1476
0.0871
0.2138
0.7158000000000001
0.1576
0.2109
0.2757
0.2178
0.156
0.1479
0.09290000000000001
0.06620000000000001
0.08360000000000001
0.0823
0.0443
0.0711
0.8072
1.6492
0.0
0.0
0.0
0.0
0.0
0.0
0.0
0.0
0.6862
0.9988
1.7437
1.5564
0.753
0.6714
0.7416
0.4839
0.162
0.1604
0.15949999999999998
0.161
0.1656
0.1689
0.21589999999999998
0.2314
0.3269
0.6458
0.1804
0.07819999999999999
0.0764
0.10700000000000001
0.3629
0.4387
0.1856
0.2149
0.2419
0.3879
0.2476
0.3074
0.2549
0.1659
0.1538
0.0404
0.06570000000000001
0.038400000000000004
0.0327
0.0513
0.0221
0.0277
0.0172
0.7732
0.7628999999999999
2.3635
0.6307
0.1493
0.0003
0.0
0.0107
0.3023
0.2978
0.5092
0.6117
0.5506
0.313
0.1129
0.2007
0.2032
0.201
0.2106
0.2803
0.2747
0.24159999999999998
0.23170000000000002
0.2472
0.3338
0.3594
0.2113
0.26239999999999997
0.3907
0.20340000000000003
0.2052
0.32720000000000005
0.48230000000000006
0.49670000000000003
0.44389999999999996
0.34309999999999996
0.3003
0.2269
0.1921
0.0556
0.048
0.0496
0.0492
0.045899999999999996
0.049100000000000005
0.0627
0.1065
0.2635
0.4933
0.226
0.5243
0.4327
0.2383
0.6354
0.7671000000000001
0.1901
0.23659999999999998
0.2237
0.30700000000000005
0.3065
0.2762
0.1809
0.0912
0.10439999999999999
0.09129999999999999
0.0914
0.0847
0.078
0.0699
0.32489999999999997
0.647
0.044899999999999995
0.1117
0.1391
0.10400000000000001
0.0995
0.0894
0.0359
0.9167000000000001
0.2782
0.4416
0.4151
0.2299
0.209
0.3047
0.374
0.2229
0.0
0.0
0.0
0.0
0.0
0.0
0.0
0.0
0.0
0.0435
0.10239999999999999
0.3532
0.1931
0.24430000000000002
0.6372
0.2329
0.3571
0.9408000000000001
0.2698
0.4083
0.2813
0.1341
0.043000000000000003
0.0
0.23220000000000002
0.1905
0.181
0.1779
0.1728
0.1812
0.19369999999999998
0.3306
0.4929
0.3755
0.1859
0.1439
0.12090000000000001
0.0991
0.08099999999999999
0.0856
0.1109
0.3336
0.1789
0.1802
0.18430000000000002
0.18380000000000002
0.174
0.1681
0.017099999999999997
0.0195
0.022600000000000002
0.030900000000000004
0.0503
0.0809
0.1363
0.17099999999999999
0.1444
0.0341
0.3607
1.0037
0.1491
0.24130000000000001
0.2436
0.1772
0.6547000000000001
1.5592000000000001
0.1182
0.1899
0.07339999999999999
0.0
0.0
0.008
0.08940000000000001
0.06359999999999999
0.049100000000000005
0.0441
0.0425
0.044700000000000004
0.0439
0.057499999999999996
0.0638
0.0843
0.079
0.1605
0.25939999999999996
0.1862
0.1024
0.0941
0.1437
0.4535
1.0903
0.13340000000000002
0.1491
0.1656
0.16899999999999998
0.14279999999999998
0.08310000000000001
0.09340000000000001
0.0624
0.0718
0.0482
0.093
0.47740000000000005
1.287
0.0823
0.0716
0.9212
1.7667000000000002
0.29819999999999997
0.0904
0.1402
0.1168
3.3079
0.3015
1.0207000000000002
0.31520000000000004
0.28380000000000005
0.2549
0.16649999999999998
0.13729999999999998
0.0776
0.06989999999999999
0.0775
0.0824
0.0824
0.10300000000000001
0.15610000000000002
0.19240000000000002
0.6634
0.34709999999999996
0.2165
0.24409999999999998
0.2824
0.2845
0.5026
0.21239999999999998
0.2872
0.3477
0.24580000000000002
0.1587
0.11499999999999999
0.07039999999999999
0.0659
0.06709999999999999
0.0814
0.0756
0.0693
0.0686
0.0683
0.08
0.17209999999999998
0.1991
0.1199
0.1154
0.1002
0.1006
0.10500000000000001
0.10189999999999999
0.0921
0.0901
0.1461
0.18969999999999998
0.14889999999999998
0.2293
0.2349
0.2108
0.155
0.1048
0.0965
0.09970000000000001
0.083
0.0849
0.0608
0.0687
0.0695
0.057300000000000004
0.24450000000000002
0.4685
0.0
0.0
0.0
0.0077
0.29
3.7291
0.7555
0.056999999999999995
0.0108
0.0195
0.0439
0.0824
0.0809
0.10649999999999998
0.2346
0.2119
0.19619999999999999
0.20850000000000002
0.2136
0.21739999999999998
0.3002
0.5698
0.5281
1.0017
0.9178
0.478
0.4527
0.4632
0.4847
0.5805
0.7727999999999999
1.2507
0.5124
0.3821
0.4347
1.5106000000000002
0.6058
0.32220000000000004
0.2054
0.1709
0.1177
0.09079999999999999
0.07930000000000001
0.07919999999999999
0.0869
0.09770000000000001
0.15339999999999998
0.1553
0.157
0.1128
0.1491
0.0863
0.5892000000000001
0.21910000000000002
0.1812
0.3781
0.1694
0.16670000000000001
0.11979999999999999
0.1353
0.15239999999999998
0.1434
0.4571
0.3879
0.3895
0.4063
0.39070000000000005
0.43000000000000005
1.0025
1.7517
0.2841
0.1449
0.1281
0.12079999999999999
0.1509
0.1622
0.2265
0.4326
0.9831000000000001
0.4435
0.3619
0.874
0.5951
0.4818
0.4024
0.3769
0.21610000000000001
0.13790000000000002
0.1178
0.1196
0.11330000000000001
0.1166
0.12290000000000001
0.1383
0.16849999999999998
0.364
0.4013
0.9343
0.5064
0.14450000000000002
0.0964
0.0749
0.1235
0.46759999999999996
0.1256
0.1358
0.17109999999999997
0.2303
0.2833
0.2374
0.0582
0.0538
0.0496
0.0505
0.0489
0.0558
0.07450000000000001
0.1117
0.22949999999999998
0.5798
0.4685
0.5755
0.314
0.231
0.21589999999999998
0.16570000000000001
0.1269
0.1586
0.1399
0.1626
0.1691
0.1372
0.09029999999999999
0.066
0.1221
0.0942
0.0865
0.0814
0.0744
0.0775
0.0853
0.1018
0.10600000000000001
0.1412
0.1664
0.482
0.332
0.2027
0.1938
0.19119999999999998
0.6354
0.3734
0.5423
0.5639000000000001
0.5079
0.3786
0.3157
0.2226
0.015300000000000001
0.0060999999999999995
0.0015
0.0013
0.0
0.0
0.0
0.0
0.03949999999999999
0.0561
0.0176
0.0208
0.0373
0.0363
0.08230000000000001
0.0352
0.048299999999999996
0.0745
0.08549999999999999
0.0711
0.039599999999999996
0.054599999999999996
0.0619
0.0374
0.19840000000000002
0.17320000000000002
0.1816
0.2649
0.4635
0.3893
0.2822
0.30979999999999996
0.30510000000000004
1.3368
0.40059999999999996
0.2741
0.2662
0.38170000000000004
0.5196000000000001
0.4111
0.41700000000000004
1.0154999999999998
1.518
1.4166
0.4719
0.5012
0.33809999999999996
0.2512
0.0858
0.0834
0.0814
0.0621
0.0747
0.5279
0.311
0.2326
0.3073
0.7653000000000001
0.36850000000000005
0.1817
0.268
0.3464
0.3095
0.32299999999999995
0.3778
0.45640000000000003
0.3887
0.412
0.4822
0.5633
0.1205
0.0892
0.7451
0.4433
0.3499
0.3614
0.388
1.2642
1.3902
1.1297
0.367
0.0564
0.025300000000000003
0.0309
0.0016
0.0
0.0
0.0037
0.0404
0.355
0.9027
0.6665
0.9652000000000001
0.7636000000000001
0.6531
0.5315000000000001
0.1085
0.0
0.0
0.0028
0.0
0.0
0.3661
0.0132
0.0
0.5512
0.6929
0.0
0.8525
0.0
0.0
0.0
0.0
0.2395
0.0
0.0
0.0
0.0
0.0
0.0
0.1288
0.1351
0.1444
0.1344
0.1265
0.1521
0.16970000000000002
0.1739
1.347
0.1496
0.10880000000000001
0.1952
0.8829
0.1905
0.1583
0.3866
0.8976
0.6073999999999999
0.6950000000000001
0.44210000000000005
0.2145
0.1597
0.137
0.1264
0.6338
0.0
0.037899999999999996
0.0201
0.0225
0.028200000000000003
0.0239
0.0346
0.032600000000000004
0.0691
0.21589999999999998
0.3029
0.9557
0.545
0.1578
0.1447
0.0562
0.12660000000000002
0.0388
0.030699999999999998
0.009999999999999998
0.0148
0.0647
0.2141
0.19879999999999998
0.1893
0.184
0.1787
0.1691
0.182
0.1902
0.19
0.1702
0.1642
0.16999999999999998
0.7376
0.30820000000000003
0.4749
0.4509
0.4659
0.3964
0.5197
0.3861
0.3432
0.3447
0.21589999999999998
0.172
0.1654
0.222
0.1815
0.16410000000000002
0.1588
0.1556
0.1568
0.1887
0.2646
0.19190000000000002
0.1478
0.5660000000000001
0.3262
0.2229
0.1655
0.1439
0.579
1.2707
0.5407
0.5528
0.3064
0.2838
0.8992
0.6724
0.6472
0.0
0.0
0.0
0.0
0.0
0.0
0.0
0.0
0.0
0.399
1.0891
1.7323
0.6734
2.6170999999999998
0.9301
2.2004
2.4499
1.3071000000000002
0.4178
0.2517
0.0
0.0
0.0
0.0
0.4766
0.4757
0.4668
0.4683
0.44389999999999996
0.4289
0.4457
0.4507
0.4273
0.4344
0.42310000000000003
0.40800000000000003
0.4568
0.7984
1.1944
0.7615
0.8307
0.6874
0.9852000000000001
1.2107
0.7897000000000001
0.5825
0.45189999999999997
0.4182
0.0621
0.057499999999999996
0.061399999999999996
0.052199999999999996
0.0542
0.06
0.0846
0.1111
0.1374
0.3496
0.1753
0.7553000000000001
0.5245
0.2241
0.1733
0.1916
0.5639000000000001
0.19019999999999998
0.8717
0.2621
0.2742
0.19319999999999998
0.11779999999999999
0.0685
0.1481
0.1398
0.1324
0.1311
0.13040000000000002
0.1407
0.1785
0.2641
0.26880000000000004
0.2193
0.269
0.2953
0.2534
0.245
0.2367
0.2261
0.2183
0.2175
0.1883
0.2512
0.30010000000000003
0.2814
0.2136
0.1663
0.4032
0.3758
0.3472
0.3348
0.32899999999999996
0.3231
0.3135
0.43310000000000004
0.7657
0.3775
0.4371
0.3338
0.2842
0.3197
0.9876
0.6793
0.8002
1.1557
0.8226
0.5479
0.5864
0.6131
0.45940000000000003
0.4165
0.0083
0.0074
0.0103
0.0132
0.0171
0.0187
0.0639
0.0546
0.0001
0.0
0.0
0.0
0.0
0.0
0.0
0.0094
0.0268
0.008
0.044700000000000004
0.008
0.0
0.0
0.0
0.0
0.228
0.2506
0.21989999999999998
0.1666
0.16449999999999998
0.1349
0.1635
1.2129
0.1641
0.7232000000000001
0.7633
0.6981999999999999
0.6312
0.275
0.2999
0.2398
0.2074
0.19790000000000002
0.2561
0.20429999999999998
0.2162
0.268
0.3594
0.3492
0.2526
0.21639999999999998
0.2104
0.20329999999999998
0.21550000000000002
0.28559999999999997
0.5655
0.3459
0.1658
0.1432
0.1211
0.1597
0.2218
0.1168
0.1008
0.11410000000000001
0.19319999999999998
0.3489
0.3903
0.3264
0.24280000000000002
0.2182
0.2361
0.2528
0.1064
0.0906
0.0886
0.0869
0.0852
0.0909
0.1049
0.1333
0.16499999999999998
0.1945
0.45100000000000007
0.32220000000000004
0.4863
0.5804
0.4504
0.2007
0.1854
0.19790000000000002
0.597
0.28190000000000004
0.18530000000000002
0.1476
0.1152
0.10200000000000001
0.5793
0.4306
0.3003
0.2386
0.2254
0.20779999999999998
0.2217
0.2096
0.5509999999999999
0.5175
0.40490000000000004
0.2919
0.2112
0.1789
1.0901999999999998
0.5809
0.5897
0.4769
0.9395
0.4615
0.4252
0.3749
1.3759000000000001
0.5843
0.059699999999999996
0.0542
0.046799999999999994
0.0556
0.0465
0.0511
0.4293
0.6544
0.1169
0.0576
0.0501
0.043399999999999994
0.0762
0.0761
0.1397
0.278
0.9309
0.3134
0.133
0.8433999999999999
0.6318
1.616
0.2985
0.0667
0.0147
0.017
0.0155
0.0098
0.0155
0.0046
0.0985
0.8222
0.0
0.5381
0.0442
0.2087
0.0572
0.0366
0.0
0.0141
0.209
0.050199999999999995
0.5229
0.0988
0.1364
0.14229999999999998
0.0939
0.0446
0.1955
0.181
0.16949999999999998
0.1716
0.1734
0.1941
0.248
0.3049
0.3779
0.5043
0.556
0.40459999999999996
0.7476
0.47240000000000004
0.4867
0.4093
0.3899
0.5866
0.7277
0.6912
0.4875
0.4107
0.3083
0.2296
0.2862
0.2852
0.2292
0.2304
0.2275
0.26180000000000003
0.2979
0.3019
0.3516
0.3698
0.5695
0.8063
2.7769
1.6246
0.7473000000000001
2.864
0.7701
0.7591
1.1494
0.9162
2.0166
2.5382
1.9102000000000001
0.6738999999999999
0.2726
0.2962
0.3443
0.4534
0.4013
0.5559000000000001
0.7331
0.5248999999999999
0.30010000000000003
0.2383
0.2499
0.3316
0.415
0.4001
0.7015
0.44730000000000003
0.4242
0.9832
0.5
1.1469
0.3644
0.19390000000000002
0.1685
0.17830000000000001
0.066
0.0472
0.0433
0.0428
0.034
0.039
0.0412
0.0552
0.051199999999999996
0.0639
0.0699
0.4342
0.1232
0.10139999999999999
0.1073
0.326
0.7824
0.6616
1.0384
0.2319
0.43179999999999996
0.23920000000000002
0.18080000000000002
0.1316
0.1773
0.1488
0.13219999999999998
0.1454
0.1158
0.2066
0.3459
0.3396
0.2885
0.6684000000000001
0.4743
0.3227
0.9689
0.532
1.4100000000000001
0.7456
0.7998999999999999
0.33
0.1493
0.1712
0.1802
0.2094
1.0591
0.6485000000000001
0.056999999999999995
0.0475
0.0443
0.0387
0.0369
0.0375
0.0579
0.1951
0.4769
0.2056
0.15689999999999998
0.1945
0.2137
0.1346
0.1118
0.1138
0.7385999999999999
0.5244
0.6767000000000001
0.4098
0.3499
0.2838
0.18159999999999998
0.0828
0.1881
0.1758
0.1711
0.17859999999999998
0.1842
0.4223
0.8135
0.32399999999999995
0.2131
0.2138
0.2006
0.1906
0.2115
0.2308
0.25970000000000004
0.4898
0.9959
0.5258
0.29710000000000003
0.2601
0.2489
0.2878
0.32130000000000003
0.2625
0.026099999999999998
0.020200000000000003
0.0201
0.015200000000000002
0.019200000000000002
0.0178
0.022600000000000002
0.0119
0.2035
0.5832
0.09609999999999999
0.4375
0.07469999999999999
0.0182
0.0158
0.0
0.0276
0.0583
0.0879
0.1821
0.1215
0.0638
0.020900000000000002
0.0139
0.0906
0.0822
0.0718
0.0711
0.06659999999999999
0.0694
0.08460000000000001
0.1134
0.1604
0.4131
0.6537
0.361
0.5018
0.8472999999999999
0.48160000000000003
0.2634
0.17959999999999998
0.2142
0.44120000000000004
0.47940000000000005
0.3497
0.27949999999999997
0.1961
0.1289
0.074
0.0593
0.0528
0.06659999999999999
0.1522
0.4784
0.1401
0.0555
0.0448
0.0728
0.0558
0.0422
0.0675
0.051000000000000004
0.0314
0.061599999999999995
1.8730000000000002
2.5631
0.1839
0.37170000000000003
0.5408
0.6818
0.8538999999999999
0.5597
0.0615
0.0509
0.0471
0.0448
0.0448
0.05
0.0592
0.064
0.0587
0.0675
0.0663
0.12329999999999999
0.20350000000000001
0.1058
0.095
0.14350000000000002
0.2492
0.1417
0.1005
0.0983
0.1155
0.1071
0.1015
0.0807
0.0003
0.0
0.0
0.0078
0.008
0.0015
0.0
0.0
0.0
0.0
0.0
0.0
0.0295
0.027
0.0
0.0
0.0215
0.030199999999999998
0.1193
0.0696
0.0046
0.0
0.0
0.0
0.1424
0.1593
0.1416
0.1406
0.1441
0.241
0.245
0.16570000000000001
0.1339
0.12969999999999998
0.17980000000000002
0.1134
0.11779999999999999
0.1393
0.2052
0.176
0.13979999999999998
0.24280000000000002
0.15999999999999998
0.1592
0.1222
0.09770000000000001
0.0854
0.0781
0.1807
0.18580000000000002
0.177
0.1756
0.1733
0.1896
0.2264
0.257
0.2693
0.2062
0.3211
0.3437
0.3111
0.2891
0.9263
0.2832
0.33089999999999997
0.39940000000000003
0.2593
0.3342
0.23170000000000002
0.1355
0.10650000000000001
0.11499999999999999
0.2074
0.6507000000000001
0.5958
0.6077
0.4751
0.41859999999999997
0.4795
0.5484
0.8878
1.0423
0.7801
0.3846
0.3633
0.4737
0.5179
0.3631
0.3547
1.7864
1.1429
0.9752
0.5319
0.32599999999999996
0.2046
0.19290000000000002
0.11149999999999999
0.0804
0.0687
0.0789
0.1203
0.12890000000000001
0.128
0.11499999999999999
0.1163
0.0784
0.0786
0.0813
0.2848
0.14500000000000002
0.0755
0.18109999999999998
1.9876
3.5431
1.1141999999999999
0.6706000000000001
0.3163
0.1668
0.1618
0.955
0.3119
0.2979
0.2989
0.2999
0.3195
0.3126
0.3391
0.3327
0.3537
0.5158
1.2042
0.34919999999999995
0.3962
0.6037
0.5094
0.812
0.6207
1.2471
0.9048
0.4827
0.49779999999999996
0.6143000000000001
0.4002
0.34819999999999995
0.12
0.0979
0.0805
0.07139999999999999
0.064
0.0632
0.0632
0.0639
0.0508
0.0664
0.1347
0.087
0.0317
0.7625
0.0551
0.10020000000000001
0.3883
0.1464
0.128
0.1441
0.1585
0.2007
0.2057
0.1604
0.0797
0.0884
0.0926
0.0993
0.1078
0.1262
0.3736
0.3356
0.0343
0.0011
0.0
0.0
0.0
0.0
0.0032
0.0148
0.32889999999999997
0.6879
0.349
0.1681
0.0833
0.0516
0.0487
0.046799999999999994
0.0246
0.0052
0.0002
0.0
0.0
0.0003
0.0
0.0263
0.2697
0.178
0.3539
0.0197
0.0
0.0221
0.24680000000000002
0.0554
0.0053
0.0
0.0
0.0
0.0
0.0
0.006
0.0051
0.136
0.12079999999999999
0.1104
0.1206
0.1134
0.1308
0.1704
0.39259999999999995
0.3315
0.1545
0.08199999999999999
0.0918
0.11599999999999999
0.11599999999999999
0.09720000000000001
0.09809999999999999
0.4503
0.8278000000000001
0.0964
0.0928
0.1597
0.3819
0.1753
0.1272
0.2547
0.2205
0.2089
0.2247
0.2254
0.2343
0.3293
0.42510000000000003
0.3345
0.4797
1.5299999999999998
1.8385000000000002
0.8446
0.1741
0.1318
0.1883
0.3597
0.8399
0.8311999999999999
1.2501
1.6594
0.7882
0.5507
0.3546
0.3831
0.4051
0.46709999999999996
0.516
0.5236000000000001
0.4802
0.3114
0.14200000000000002
0.0186
0.0174
0.0008
0.0
0.004200000000000001
0.0097
0.06470000000000001
0.1799
0.384
1.0687
1.0350000000000001
1.2093
1.3199999999999998
1.65
0.7751
0.41200000000000003
0.0
0.0824
0.1153
0.061799999999999994
0.0
0.026299999999999997
0.0857
1.0572
0.4094
0.5356
0.3993
0.0
0.2801
0.0
0.0
0.0
0.0
0.0093
0.1789
0.0
0.0
0.0
0.0
0.0
0.0
0.0
0.0
0.0031
0.0
0.0
0.0051
0.0085
0.0004
0.0
0.0
0.24519999999999997
1.8680999999999999
1.7628
1.4202
0.7803
0.2964
0.2085
0.2652
0.1906
0.1416
0.0799
0.0498
0.027200000000000002
0.2554
0.2439
0.22139999999999999
0.2029
0.1837
0.1685
0.3464
1.3169
0.0765
0.0124
0.0155
0.0
0.0
0.0
0.0649
0.16460000000000002
0.20279999999999998
0.8642
0.2881
0.718
0.46830000000000005
0.47150000000000003
0.5248
0.3432
0.2012
0.30710000000000004
0.1497
0.1246
0.1144
0.114
0.136
0.2947
0.1782
0.471
0.5793
0.8207
0.1381
0.0472
0.0181
0.0363
0.030699999999999998
0.0479
0.4317
0.1109
0.11710000000000001
0.1411
0.16849999999999998
0.1493
0.028900000000000002
0.0145
0.0231
0.026299999999999997
0.0256
0.0489
0.0674
0.0731
0.0393
0.028999999999999998
0.055499999999999994
0.5883
0.073
0.37529999999999997
0.23820000000000002
0.36569999999999997
1.4832
1.6655
0.8623999999999999
0.4148
0.2397
0.0
0.0005
0.0246
0.6442
0.0444
0.0
0.0
0.0
0.0
0.0
0.0
0.0332
0.053099999999999994
0.1463
0.1078
0.0388
0.0
0.005
0.0
0.0211
2.199
1.2661
1.9144
0.7216
0.5262
1.0267
1.6223999999999998
0.0663
0.0532
0.0508
0.0572
0.0442
0.0464
0.0417
0.0177
0.8093
0.032100000000000004
0.0105
0.0296
0.0665
0.0457
0.07680000000000001
0.09720000000000001
0.0726
0.9606
0.6720999999999999
0.41659999999999997
0.1594
0.0815
0.0601
0.0616
0.0714
0.0291
0.0137
0.0127
0.028
0.0
0.0
0.0
0.0
0.0
0.0
0.0
0.0
0.0
0.0103
0.0188
0.1737
0.9152
2.78
2.7399
0.9801
1.2524
0.4422
0.18769999999999998
0.0917
0.0935
0.5404
0.5539
0.11629999999999999
0.0655
0.0237
0.0671
0.11199999999999999
0.2996
0.0195
0.1652
0.20650000000000002
0.1501
0.1215
1.5792000000000002
0.0137
0.0157
0.0
0.0163
0.032100000000000004
0.0329
0.045899999999999996
0.1542
0.245
0.2354
0.2291
0.2329
0.2372
0.25060000000000004
0.2744
0.2725
0.2663
0.8002
0.305
0.29510000000000003
0.42300000000000004
0.3012
0.27890000000000004
0.3544
0.3061
0.2787
0.2649
0.2741
0.26549999999999996
0.2649
0.2871
0.2757
0.078
0.0672
0.0641
0.0555
0.0581
0.0591
0.07569999999999999
0.1402
0.2837
0.8533
0.835
0.38639999999999997
0.5429
0.7464
0.5813999999999999
0.5470999999999999
1.2006999999999999
0.6549
0.9057999999999999
0.9140999999999999
0.5126
0.303
0.1724
0.12279999999999999
0.1303
0.10450000000000001
0.1059
0.1061
0.1278
0.1018
0.0403
0.8452999999999999
0.5858
0.20500000000000002
1.4647000000000001
0.528
0.34519999999999995
0.2444
0.24380000000000002
0.8627
0.7863
2.194
1.5156
0.5142
0.7526999999999999
0.9994000000000001
0.32809999999999995
0.16699999999999998
0.1675
0.1288
0.1194
0.1301
0.1316
0.1439
0.1711
0.2659
0.3893
0.2823
0.1991
0.23399999999999999
0.3217
0.352
0.4789
0.5959
0.42090000000000005
1.7783
0.418
0.46
0.6631
1.0667
1.1421999999999999
0.3277
0.07289999999999999
0.0638
0.0587
0.0689
0.0763
0.0615
0.046200000000000005
0.0282
0.0215
0.0271
0.0185
0.0166
0.0177
0.0498
0.0785
0.0801
0.4359
1.2092
0.8566
0.513
0.3327
0.1884
0.0862
0.0754
0.1484
0.1449
0.1432
0.1429
0.151
0.1869
0.2376
0.2145
0.20750000000000002
0.21139999999999998
0.202
0.1965
0.2098
0.217
0.2104
0.30579999999999996
0.33940000000000003
0.23
0.2452
0.2625
0.2457
0.21139999999999998
0.1647
0.1482
0.3869
0.3687
0.4502
0.3833
0.3138
0.2813
0.2493
0.2082
0.1984
0.5035000000000001
0.2071
0.7371000000000001
1.3033000000000001
1.1507
0.9092
0.582
0.2257
0.2369
0.3076
0.7017
0.6998
0.4806
0.48109999999999997
0.4306
0.055
0.0465
0.0502
0.0436
0.044399999999999995
0.0473
0.0948
0.6379
0.6544
0.5496000000000001
0.46399999999999997
0.3817
0.4645
0.42010000000000003
0.47450000000000003
1.1836
0.6788000000000001
0.6106
0.8987
0.5604
0.3463
0.1941
0.1043
0.08080000000000001
0.1877
0.16060000000000002
0.1403
0.1124
0.086
0.0879
0.0942
0.101
0.1755
0.1164
0.3087
0.6006
0.06
0.098
0.6037
0.28540000000000004
0.0
0.0
0.0066
0.0
0.0
0.0185
0.0818
0.23429999999999998
0.0797
0.0817
0.08030000000000001
0.08199999999999999
0.089
0.0947
0.1177
0.126
0.2266
0.6919
0.1314
0.5689
0.2354
0.12090000000000001
0.0696
0.054
0.1052
0.13390000000000002
0.1859
0.1238
0.0996
0.0555
0.0361
0.042499999999999996
0.0726
0.0641
0.0634
0.0595
0.0589
0.0683
0.0814
0.07519999999999999
0.17350000000000002
0.1477
0.1248
0.1235
0.1089
0.1162
0.405
0.39849999999999997
0.29810000000000003
0.3096
0.4145
0.2872
0.15689999999999998
0.0947
0.0657
0.0649
0.4149
0.1714
0.1582
0.1549
0.131
0.142
0.1911
0.7234
0.8253
0.48869999999999997
1.7073999999999998
1.6021999999999998
1.6191
0.6908000000000001
0.401
0.25329999999999997
0.3399
0.8544
0.24819999999999998
0.31379999999999997
0.4235
0.5877
0.5319
0.3237
0.1738
0.15789999999999998
0.15589999999999998
0.1529
0.1575
0.1993
0.2162
0.2398
0.2383
0.16310000000000002
0.1259
0.3696
0.4129
0.38239999999999996
0.3389
0.2268
0.3567
0.48329999999999995
0.13040000000000002
0.1482
0.2616
0.2106
0.1582
0.1465
0.1211
0.10980000000000001
0.1104
0.10120000000000001
0.1006
0.22039999999999998
0.2141
0.2067
0.20529999999999998
0.19690000000000002
0.21610000000000001
0.48160000000000003
1.0115
0.28300000000000003
0.2697
0.357
0.5029
0.376
0.1684
0.133
0.1362
0.13440000000000002
0.1321
0.11929999999999999
0.0
0.0
0.0
0.0
0.0
0.0
0.0091
0.0322
0.0317
0.0378
0.06559999999999999
0.046299999999999994
0.1615
0.0664
0.11359999999999999
0.3328
0.20679999999999998
0.0837
0.0191
0.5704
0.1718
0.1058
0.0411
0.0043
0.17409999999999998
0.133
0.11410000000000001
0.10350000000000001
0.08729999999999999
0.0807
0.0735
0.07120000000000001
0.0571
0.065
0.0703
0.0969
0.0964
0.25329999999999997
0.3516
0.5506
0.4262
0.9056
0.6927
0.8375
0.3342
0.2855
0.3012
0.2601
0.0942
0.08099999999999999
0.0891
0.0919
0.0905
0.2376
0.6245
0.2888
0.2975
0.0324
0.050699999999999995
0.0696
0.0916
0.0878
0.0869
0.0162
0.257
0.0285
0.0
0.0
0.09809999999999999
0.1318
0.0431
0.0484
0.24380000000000002
0.2304
0.2277
0.2123
0.2657
0.32030000000000003
0.2643
0.2359
0.2122
0.1885
0.22910000000000003
0.37929999999999997
0.7685
0.46799999999999997
0.2599
0.5561
0.7035
0.5727
0.3538
0.3115
0.3478
0.2958
0.2413
0.2263
0.0
0.0008
0.003
0.0005
0.0114
0.0004
0.0003
0.0
0.0084
0.027
0.1246
0.4945
0.773
1.2492
0.1484
0.1254
1.7465000000000002
1.6213
0.8945000000000001
0.7081
1.6639
0.8315
0.22669999999999998
0.0116
0.3288
0.2188
0.2138
0.20129999999999998
0.1901
0.1996
0.2203
0.2562
0.3495
0.44839999999999997
0.4797
0.30910000000000004
0.3442
0.6703
0.7965
0.2197
0.2265
0.245
0.15560000000000002
0.1335
0.1016
1.2496
0.5047
0.3503
0.1999
0.20929999999999999
0.21339999999999998
0.2109
0.2064
0.1906
0.19190000000000002
0.1797
0.2362
0.2027
0.3328
0.2416
0.1635
0.2066
0.2496
0.2147
0.2523
0.5599999999999999
0.367
0.2511
0.3658
0.2839
0.1257
0.1396
0.002
0.0042
0.0029
0.0023
0.0047
0.0
0.0
0.0
0.0040999999999999995
0.0067
0.0317
0.0615
0.08310000000000001
0.121
0.12519999999999998
0.0838
0.6035
2.3253000000000004
0.5995
1.2641
0.7992
1.1739000000000002
1.5426
0.0625
0.2584
0.2513
0.2405
0.2518
0.23620000000000002
0.9716
2.6593999999999998
0.47340000000000004
0.316
0.3
0.33340000000000003
0.4694
0.39280000000000004
0.3237
0.27859999999999996
0.2768
1.092
0.4596
0.4413
0.4663
0.7867
0.43600000000000005
0.2928
0.2773
0.0033
0.0116
0.018000000000000002
0.016300000000000002
0.0393
0.0359
0.0888
0.10969999999999999
0.139
0.9944
0.34199999999999997
0.8897999999999999
0.4777
0.1346
0.0406
0.5436
0.148
0.1733
0.771
0.0074
0.0001
0.0
0.0
0.0
0.09720000000000001
0.081
0.07400000000000001
0.0716
0.0667
0.0753
0.09179999999999999
0.1465
0.1797
0.1733
0.2227
0.6181
0.45780000000000004
0.2192
0.26539999999999997
0.35760000000000003
0.9301
0.4828
0.2846
0.30579999999999996
0.349
0.36560000000000004
0.3316
0.2032
0.1444
0.135
0.1283
0.1263
0.1162
0.11410000000000001
0.12240000000000001
0.1421
0.1495
0.1871
0.29910000000000003
0.6589
0.16720000000000002
0.1381
0.4294
0.3701
0.1441
0.1142
0.11460000000000001
0.10439999999999999
0.0837
0.0974
0.11649999999999999
0.1163
0.09670000000000001
0.0897
0.08940000000000001
0.082
0.0838
0.0983
0.1494
0.26480000000000004
0.2809
0.621
0.37229999999999996
0.2259
0.6201
0.30389999999999995
0.3442
0.8260000000000001
0.2249
0.22139999999999999
0.2023
0.31679999999999997
0.3549
0.35850000000000004
0.27449999999999997
0.1521
0.10869999999999999
0.0944
0.0952
0.0915
0.08990000000000001
0.09709999999999999
0.2261
0.4142
0.0942
0.0838
0.0823
0.0742
0.0738
0.0809
0.0959
0.145
0.1652
0.6824
1.2628
0.9785
0.4406
0.2751
0.1805
0.134
0.12290000000000001
0.11380000000000001
0.1011
0.1178
0.1292
0.126
0.0948
0.1269
0.1021
0.1065
0.062
0.041499999999999995
0.6078999999999999
0.409
0.1572
0.1532
0.9252
0.3794
0.1385
0.1431
0.1115
0.142
0.196
0.1602
0.1041
0.08410000000000001
0.0776
0.0879
0.09390000000000001
0.1348
0.3167
0.3224
0.0938
0.1604
0.0188
0.019299999999999998
0.0229
0.0276
0.0104
0.027800000000000002
0.2489
0.325
0.28240000000000004
0.0487
0.0496
0.0815
0.2832
0.2005
0.2465
0.2235
0.2158
0.21039999999999998
0.2014
0.206
0.2131
0.2273
0.5037
0.276
0.2291
0.6029
0.5614
0.2112
0.202
0.2277
0.2925
1.1212
0.4204
0.3409
0.3412
0.3101
0.2672
0.2403
0.0339
0.028999999999999998
0.025500000000000002
0.027
0.028999999999999998
0.047
0.0721
0.05979999999999999
0.0493
0.0533
0.0418
0.0373
0.0935
0.0727
0.0819
0.1063
0.0857
0.1409
0.1481
0.0913
0.0833
0.0743
0.0619
0.0411
0.0877
0.08360000000000001
0.0775
0.07569999999999999
0.0759
0.0811
0.0892
0.10239999999999999
0.14679999999999999
0.1855
0.2266
0.27490000000000003
0.2004
0.17830000000000001
0.1802
0.1547
0.152
0.1955
0.1718
0.1679
0.14
0.10769999999999999
0.08499999999999999
0.0769
0.0468
0.0493
0.0453
0.045399999999999996
0.0495
0.06359999999999999
0.1115
0.19740000000000002
0.2935
0.3248
0.6389
0.5674
0.22260000000000002
0.22820000000000001
0.21339999999999998
0.2427
0.33089999999999997
0.6274
0.4495
0.3316
0.2499
0.1473
0.0678
0.0529
0.0717
0.0654
0.0739
0.068
0.0737
0.0889
0.1262
0.14529999999999998
0.1676
0.3477
0.1697
0.21250000000000002
0.381
0.1899
0.2646
1.2118
0.38160000000000005
0.24870000000000003
0.1193
0.1154
0.09670000000000001
0.0804
0.07450000000000001
0.0702
