0.0
0.0
0.0
0.0072
0.0
0.0
0.0
0.0
0.0
1.3369
2.2216
1.8286
0.9656
1.1974
1.9399000000000002
0.5692999999999999
0.36429999999999996
0.1926
0.0503
0.0942
0.12210000000000001
0.0744
0.0152
0.0
0.0794
0.0592
0.0621
0.039400000000000004
0.0531
0.0416
0.0596
0.0704
0.4402
0.1731
0.6194000000000001
0.32699999999999996
0.0118
0.0327
0.06709999999999999
0.078
0.0744
0.07719999999999999
0.4154
0.1163
0.1479
0.1794
0.7697
0.4216
0.0879
0.0797
0.0754
0.0725
0.0728
0.0865
0.5069
0.5586
0.2393
0.2113
0.1797
0.1778
0.2028
0.21200000000000002
0.2069
0.1985
1.0217999999999998
0.5073000000000001
0.3026
0.4196
0.6106
0.3114
0.1309
0.0869
0.5847
0.16319999999999998
0.0938
0.0877
0.087
0.08360000000000001
0.1009
0.76
0.4537
0.215
0.3801
0.3658
0.6249
0.1693
0.0879
0.08310000000000001
0.1296
0.2116
0.7427999999999999
1.6059999999999999
0.792
0.6314
0.7806
0.4323
0.0523
0.0345
0.0393
0.0306
0.0361
0.043300000000000005
0.0562
0.13090000000000002
0.1478
0.262
0.1621
0.3036
0.1627
0.14800000000000002
0.2834
0.1421
0.0553
0.2194
0.2222
0.0169
0.0648
0.1244
0.2077
0.1185
0.007
0.0442
0.04870000000000001
0.11530000000000001
0.0504
0.0596
0.4575
0.0
0.0
0.6143
0.077
0.0
0.0
0.0
0.0
0.0
0.0
0.0
0.0
0.076
0.0169
0.033
0.07150000000000001
0.02
0.0087
0.0023
0.0022
0.0077
0.0084
0.0
0.089
0.228
0.0
0.0
0.0
0.0
0.0
0.0
0.0
0.009899999999999999
0.9848999999999999
0.10619999999999999
0.0953
0.10139999999999999
0.40449999999999997
0.24330000000000002
0.0461
0.0215
0.1058
0.0979
0.0928
0.0905
0.0877
0.10880000000000001
0.5195
0.2957
0.1784
0.20679999999999998
0.2034
0.16670000000000001
0.2025
0.20540000000000003
0.3005
0.759
0.7202999999999999
0.3798
0.35350000000000004
0.3692
0.2913
0.3249
0.2974
0.1784
0.0584
0.0496
0.045
0.051000000000000004
0.0519
0.047
0.0518
0.35440000000000005
0.207
0.0675
0.0593
0.0371
0.0539
0.054400000000000004
0.048600000000000004
0.0675
0.1454
0.5920000000000001
0.2023
0.5127
0.8246
0.188
0.12840000000000001
0.0802
0.011800000000000001
0.0045
0.0062
0.0039
0.0
0.0022
0.0037
0.0123
0.15159999999999998
0.2615
0.2743
0.3005
0.1114
0.1124
0.16899999999999998
0.11979999999999999
1.3853
0.6811
0.24009999999999998
0.2216
0.1388
0.0552
0.011600000000000001
0.002
0.0569
0.0443
0.0353
0.0332
0.0309
0.0228
0.018299999999999997
0.0247
0.1598
0.1292
0.07400000000000001
0.0891
0.0684
0.046200000000000005
0.0498
0.063
0.099
0.1666
0.1144
0.0992
0.0714
0.0876
0.1104
0.0897
0.1612
0.1179
0.0805
0.059899999999999995
0.0562
0.054
0.054
0.0697
0.0674
0.0815
0.1596
0.08360000000000001
0.5609999999999999
0.5581
0.3356
0.12440000000000001
0.109
0.146
0.1618
0.1487
0.1386
0.17980000000000002
0.27090000000000003
0.1964
0.0928
0.06
0.054400000000000004
0.0489
0.048100000000000004
0.032799999999999996
0.0303
0.0288
0.0769
0.09609999999999999
0.08549999999999999
0.052500000000000005
0.024
0.031
0.0281
0.0288
0.0527
0.1737
0.9651
0.3569
0.2515
0.2808
0.261
0.1626
0.059300000000000005
0.0186
0.050499999999999996
0.0383
0.0364
0.0311
0.0323
0.0108
0.0111
0.0297
0.1707
0.7240000000000001
0.0732
1.1543
3.937
2.6288
1.7709000000000001
1.8335
0.5443
0.39180000000000004
0.6623
0.2464
0.1224
0.0997
0.0201
0.0145
0.0262
0.0262
0.019
0.018
0.0097
0.0115
0.009
0.0578
0.2572
0.7493
0.2273
0.8761
0.7352
1.0084
0.7923
1.1983
0.8617
0.5282
0.31920000000000004
0.1849
0.0893
0.044
0.1154
0.123
0.1256
0.1362
0.19979999999999998
0.3831
0.2455
0.2556
0.2557
0.3775
0.4743
0.26280000000000003
0.2354
0.2593
0.24309999999999998
0.6371
0.37539999999999996
0.2767
0.4123
0.2217
0.1531
0.0965
0.0865
0.0952
0.1494
0.1391
0.1369
0.1263
0.1198
0.1479
0.8598
1.0172
0.5839
1.0751
1.1893
0.30300000000000005
0.3171
0.42510000000000003
0.7071000000000001
0.522
0.6004
0.6295999999999999
0.4868
0.6427
0.6292
0.7197
0.595
0.2547
0.5005
0.7270000000000001
0.5840000000000001
0.6654
0.5548
0.392
0.35919999999999996
0.39549999999999996
0.32789999999999997
0.25070000000000003
0.2636
0.2601
1.8127
0.9644
0.3572
0.316
0.35740000000000005
2.0892
0.7441
0.9361999999999999
0.656
0.3931
0.3053
0.25780000000000003
0.0475
0.045399999999999996
0.0451
0.044700000000000004
0.052500000000000005
0.06319999999999999
0.0821
0.09609999999999999
0.1048
0.161
0.1629
0.2651
0.2843
0.1873
0.1454
0.1875
0.1894
0.1713
0.1682
0.1015
0.06509999999999999
0.0375
0.0361
0.0372
0.1814
0.13690000000000002
0.1532
0.20929999999999999
0.16870000000000002
0.1252
0.0668
0.06670000000000001
0.0345
0.0168
0.0081
0.0
1.0132
0.6299
0.719
0.3303
0.1256
0.11480000000000001
0.08099999999999999
0.39039999999999997
0.3965
0.1562
0.1592
0.138
0.0
0.0
0.0
0.0
0.0
0.0
0.0
0.0
0.44029999999999997
0.2934
0.8065
1.7326000000000001
0.3252
0.121
0.3933
0.0606
0.07619999999999999
0.042800000000000005
0.0041
0.046400000000000004
0.0508
0.0121
0.0
0.0
0.0
0.0
0.0
0.0
0.0
0.0
0.0
0.1156
0.1352
0.0485
0.0382
0.0324
0.038900000000000004
0.045
0.0552
0.14429999999999998
0.2288
0.121
0.0718
0.0775
0.0791
0.0428
0.0079
0.0
0.0
0.0
0.0
0.0
0.0
0.0
0.0
0.0
0.0
0.0
0.0888
0.2332
0.3995
0.6876
0.1889
0.0392
0.0153
0.0754
0.1348
0.1376
0.1
0.0374
0.0116
0.0
0.0288
0.0221
0.0276
0.014
0.0144
0.0157
0.0048000000000000004
0.022400000000000003
0.1176
1.1568
0.8057000000000001
0.3402
0.4347
1.4506999999999999
1.9624000000000001
0.4012
0.1541
0.2387
0.5267
0.5921
0.3292
0.18480000000000002
0.1004
0.0454
0.1153
0.1127
0.1048
0.1049
0.1266
0.2388
0.1719
0.1966
0.2359
0.5364
0.2113
0.1651
0.42379999999999995
0.2398
0.1322
0.11149999999999999
0.1133
0.1629
0.31439999999999996
0.1725
0.323
0.24860000000000002
0.14329999999999998
0.1064
0.023899999999999998
0.0196
0.0162
0.017
0.0193
0.025500000000000002
0.0364
0.0412
0.0489
0.0557
0.048799999999999996
0.0372
0.0993
0.08979999999999999
0.0812
0.0796
0.1729
0.10569999999999999
0.0878
0.16570000000000001
0.1499
0.1085
0.0548
0.0252
0.1547
0.127
0.1222
0.13340000000000002
0.14229999999999998
0.1349
0.1674
0.2404
0.3288
0.6411
0.6612
0.3782
0.3356
0.334
0.4363
0.3724
0.3055
1.4668999999999999
1.0213
0.5082
0.4054
1.9891
0.5519
0.1742
0.8529
0.9105
0.9351
0.22970000000000002
0.20550000000000002
0.14650000000000002
0.14889999999999998
0.1456
0.15360000000000001
0.0702
0.0493
0.0335
0.0264
0.3552
2.6264000000000003
1.3206
1.5856
1.7649
1.1404
2.6996
1.7702
1.5472000000000001
1.5221
1.2534
0.0923
0.0849
0.07869999999999999
0.0766
0.0758
0.0741
0.1891
0.6013
0.1192
0.1284
0.1271
0.129
0.1368
0.1426
0.15050000000000002
0.17020000000000002
0.18109999999999998
0.3084
0.3215
0.2485
0.2557
0.2272
0.1676
0.1134
0.08030000000000001
0.06870000000000001
0.064
0.066
0.0659
0.0642
0.1322
0.25539999999999996
0.183
0.1545
0.16570000000000001
0.1866
0.1827
0.15789999999999998
0.1646
0.3873
0.7846
0.5802
0.4147
0.3548
0.9319
0.3716
0.24209999999999998
0.1308
0.0756
0.0696
0.0634
0.0615
0.058399999999999994
0.0601
0.0623
0.07139999999999999
0.0854
0.1094
0.1416
0.14400000000000002
0.1595
0.1257
0.14429999999999998
0.12390000000000001
0.09870000000000001
0.1079
0.12160000000000001
0.1277
0.0985
0.0841
0.07519999999999999
0.0677
0.0738
0.06870000000000001
0.0633
0.0635
0.0626
0.07289999999999999
0.1048
0.15860000000000002
0.1472
0.1309
0.1227
0.10339999999999999
0.12290000000000001
0.12229999999999999
0.1399
0.13369999999999999
0.107
0.2499
0.3271
0.1963
0.1494
0.1266
0.0968
0.0716
0.1985
0.1876
0.181
0.1785
0.18
0.21610000000000001
0.3912
0.3325
0.2482
0.6312
0.3013
0.4714
0.965
0.3155
0.4669
0.5878
0.27390000000000003
0.2918
0.35209999999999997
0.45230000000000004
0.4787
0.4172
0.3317
0.2536
0.0178
0.0
0.0009
0.0
0.0
0.0
0.0
0.0
0.07050000000000001
1.4639
0.1153
1.4786
0.0
0.0
0.0363
0.0342
0.0
0.0015
0.021
0.0011
0.0109
0.0875
0.15339999999999998
0.0627
0.0137
0.0111
0.026600000000000002
0.0162
0.0
0.0101
0.0017
0.0363
0.6636
0.0
0.2865
0.0
0.0
0.0
0.0
0.4164
0.3861
0.0375
0.1721
0.3731
0.0
0.0124
0.0108
0.018000000000000002
0.19929999999999998
0.187
0.1738
0.16949999999999998
0.1647
0.1683
0.1722
0.1869
0.1899
0.2343
0.2663
0.2754
0.2528
0.2299
0.2404
0.3003
0.4592
1.1857
0.5197
0.2888
0.2632
0.2452
0.2318
0.2138
0.0557
0.0514
0.0518
0.0568
0.0721
0.1675
0.1508
0.0616
0.0342
0.0349
0.0321
0.0154
0.019299999999999998
0.0334
0.1673
0.311
0.1071
0.2778
0.7392000000000001
0.3645
0.3008
0.2753
0.1157
0.0605
0.30469999999999997
0.2522
0.23099999999999998
0.19619999999999999
0.1987
0.1769
0.1646
0.3595
1.121
0.2938
1.207
1.1266
0.0
0.0
0.0013
0.029599999999999998
0.09770000000000001
0.2882
0.2784
0.35619999999999996
0.8273
0.8834
0.5268
0.4044
0.0047
0.0
0.0023
0.0039
0.0
0.0
0.004
0.013500000000000002
0.0769
0.0029
0.3429
0.07039999999999999
0.0326
0.0328
0.044
0.0955
0.6377999999999999
0.0629
0.028900000000000002
0.181
0.037500000000000006
0.0098
0.0
0.0
0.2537
0.2213
0.2041
0.2158
0.18380000000000002
0.4417
0.7705
0.1746
0.15000000000000002
0.162
0.1729
0.1491
0.4161
0.1976
0.15789999999999998
0.9414
2.3352
2.6639
1.5034
1.8931
0.6529
0.3238
0.3195
0.3328
4.1715
3.6458
0.6658
2.0315
0.3944
0.0
0.0
0.0
0.0
0.0
0.0
0.0
0.0
0.0
0.0
0.0
0.0
0.0
0.0
0.0204
0.9212
1.0696999999999999
0.5575
0.5678
0.0363
0.0279
0.0303
0.0071
0.0255
0.0437
0.2036
2.1761
0.7024
0.4406
0.0519
0.3826
0.0703
0.068
0.054099999999999995
0.0
0.2243
0.0647
0.6804
0.3337
0.1033
0.0685
0.049699999999999994
0.0438
0.2798
0.22510000000000002
0.1851
0.1548
0.15839999999999999
0.1429
0.1439
0.1563
0.1502
0.1593
0.1904
0.17509999999999998
0.1031
0.7185
0.4626
0.1685
0.7777
1.0529
0.4007
0.2774
0.3275
0.4016
0.3712
0.2824
0.1457
0.256
0.30200000000000005
0.1691
0.1339
0.1051
0.5566
0.5338999999999999
0.093
0.4954
0.1347
0.09720000000000001
0.12090000000000001
0.0986
0.0738
0.0737
0.0553
0.018099999999999998
1.1376
0.1881
0.2304
0.24109999999999998
0.24059999999999998
0.1814
0.1122
0.11230000000000001
0.108
0.1085
0.1085
0.1015
0.0973
0.077
0.1373
0.3896
0.23670000000000002
0.0469
0.0431
0.0789
0.12259999999999999
0.0877
0.3728
0.0818
0.061900000000000004
0.0786
0.1016
0.1371
0.1003
0.0862
0.0
0.0
0.0
0.0
0.0
0.0
0.0
0.0303
0.0
0.0836
0.0
0.0
0.0
0.0
0.0
0.0
0.0
0.0
0.0
0.0
0.0
0.0
0.0095
0.003
0.059899999999999995
0.0545
0.0601
0.0603
0.0582
0.0665
0.1095
0.3387
0.4831
0.4214
0.3832
1.1211
0.8364
0.2586
0.2986
0.6248
0.2501
0.2043
0.2509
0.6576
0.30310000000000004
0.1973
0.1038
0.0756
0.042499999999999996
0.0271
0.0235
0.029199999999999997
0.0247
0.023100000000000002
0.023200000000000002
0.0406
0.025599999999999998
0.11610000000000001
0.09680000000000001
0.0076
0.6879
0.2218
0.5725
0.0353
0.06
0.0417
0.0
0.0
0.0
0.0
0.0084
0.0127
0.2197
0.2053
0.1931
0.1965
0.3057
0.4237
0.11000000000000001
0.0679
0.0597
0.07519999999999999
0.0802
0.0875
0.0996
0.1137
0.1323
0.186
0.2338
0.34199999999999997
0.5286
0.387
0.5329
0.6493
0.426
0.2789
0.1104
0.1127
0.0984
0.09870000000000001
0.08929999999999999
0.097
0.1031
0.2639
0.4395
0.0553
0.0431
0.0369
0.046299999999999994
0.0695
0.2025
0.1971
0.1607
0.1948
0.3223
0.4043
0.18419999999999997
0.1134
0.0843
0.0807
0.127
0.1133
0.11449999999999999
0.1053
0.11860000000000001
0.2349
0.1758
0.1678
0.1552
0.4871
0.4609
0.1936
0.1653
0.2165
0.2318
1.0351
0.3246
0.116
0.0415
0.048600000000000004
0.0927
0.0873
0.10339999999999999
0.1016
0.035699999999999996
0.0249
0.025500000000000002
0.0202
0.0208
0.0316
0.039599999999999996
0.05
0.0945
0.0
0.074
0.4173
0.5544
0.1428
0.27440000000000003
0.0408
0.05109999999999999
0.043699999999999996
0.0
0.0088
0.0111
0.0108
0.0187
0.0189
0.175
0.1659
0.1621
0.1671
0.1604
0.1557
0.1759
0.1834
0.1894
0.43310000000000004
0.2485
0.1986
0.2177
0.2925
0.4386
0.4002
0.2566
0.2324
0.45439999999999997
0.6897
0.6935
1.565
0.16599999999999998
0.1746
0.043000000000000003
0.0191
0.0241
0.0332
0.0215
0.025300000000000003
0.019299999999999998
0.028200000000000003
0.1704
0.8381
1.8506999999999998
0.6557
0.11649999999999999
0.20350000000000001
0.699
0.3639
0.42469999999999997
0.3963
0.6908
1.0733000000000001
0.703
0.7544
0.44079999999999997
0.11030000000000001
0.0
0.0
0.0044
0.0
0.0
0.0
0.0352
2.7967
0.8939
0.6074999999999999
1.0029
0.5073
0.1434
0.12090000000000001
0.0266
1.2204
0.3633
0.0143
0.0574
0.0059
0.0
0.0
0.0
0.0
0.2011
0.17049999999999998
0.21660000000000001
0.2304
0.2535
1.0461
0.8809
0.4774
0.3414
0.1956
0.5135000000000001
1.6513999999999998
1.5316
0.778
1.7612999999999999
0.9379
0.5562
3.5957
2.9933
1.2040000000000002
0.897
0.21910000000000002
0.11560000000000001
0.1577
0.1051
0.1016
0.1122
0.125
0.1502
0.1668
0.2138
0.15389999999999998
0.0577
0.1275
0.0026
0.0009
0.0016
0.0001
0.0
0.0293
0.1753
0.0484
0.34340000000000004
0.937
0.12309999999999999
0.1684
0.1324
0.1238
0.8005
0.4878
0.4462
0.4627
0.4265
0.4585
0.323
0.269
0.24830000000000002
0.4999
0.5899
0.35209999999999997
0.099
0.0674
0.0556
0.0266
0.0116
0.1185
1.1168
1.0031
1.3675000000000002
0.9524
0.8876999999999999
0.5984
0.0
0.0
0.0
0.0
0.0
0.0
0.0
0.0
0.060899999999999996
0.0567
0.1928
0.1583
0.0413
0.0476
0.14839999999999998
0.16720000000000002
0.19619999999999999
0.15439999999999998
0.2348
0.45840000000000003
0.1479
0.0902
0.0153
0.0
0.1416
0.1413
0.1553
0.1471
0.1338
0.1338
0.13740000000000002
0.1321
0.2465
0.3729
0.18
0.1547
0.11230000000000001
0.15239999999999998
0.2841
0.1864
0.1666
0.1689
0.2137
0.7012
0.2667
0.1471
0.1136
0.1077
0.0883
0.065
0.0722
0.07250000000000001
0.0907
0.14350000000000002
2.0438
0.8053999999999999
0.7381
0.6738999999999999
1.0347
0.5816
0.8802
0.6098
0.28400000000000003
0.2119
0.207
0.2932
0.3294
0.5287999999999999
0.4461
0.2882
0.1513
0.11130000000000001
0.0201
0.012199999999999999
0.025599999999999998
0.010700000000000001
0.0249
0.0278
0.0378
0.0665
0.0992
1.1641
1.0587
1.7927
0.7939
0.18259999999999998
0.1792
0.2399
0.8351
0.4242
0.19190000000000002
0.1179
0.1161
0.0619
0.0282
0.0187
0.1143
0.10250000000000001
0.09540000000000001
0.095
0.09809999999999999
0.1281
0.1881
0.1269
0.0931
0.1099
0.11299999999999999
0.0941
0.1179
0.1136
0.12519999999999998
0.1459
0.1862
0.1905
0.1733
0.2127
0.15739999999999998
0.1733
0.1869
0.1479
0.1203
0.1014
0.09459999999999999
0.0912
0.0964
0.1221
0.1881
0.1401
0.0911
0.1013
0.1104
0.11399999999999999
0.13579999999999998
0.12409999999999999
0.1599
0.29200000000000004
1.0050999999999999
0.21889999999999998
0.2729
0.3278
0.2773
0.3247
0.9807
0.3414
0.0239
0.0185
0.0182
0.0186
0.019799999999999998
0.0278
0.0498
0.19119999999999998
0.1147
0.07980000000000001
0.0781
0.044
0.033299999999999996
0.0379
0.027200000000000002
0.0427
0.0677
0.0098
0.0032
0.012
0.0034
0.0005
0.0034
0.0063999999999999994
0.359
0.3349
0.37029999999999996
0.3929
0.496
1.1627
0.9742000000000001
0.519
0.36219999999999997
0.6325
0.1842
0.2142
0.2014
0.1517
0.1451
0.1879
0.25329999999999997
0.2195
0.5446
0.356
1.3159
0.7648
0.37829999999999997
0.3573
0.0611
0.05639999999999999
0.057
0.0539
0.0533
0.0627
0.3984
0.7766
0.32299999999999995
0.33699999999999997
0.43010000000000004
0.4011
0.3427
0.3132
0.2984
0.5977
0.977
0.2764
0.3487
0.5728
0.37829999999999997
0.2091
0.09090000000000001
0.0723
0.0663
0.0463
0.0364
0.0373
0.0378
0.0335
0.0596
0.1913
0.0929
0.0573
0.0585
0.0284
0.021500000000000002
0.0108
0.0045
0.0048
0.0224
0.3409
0.1603
0.3315
0.2625
0.3547
0.3179
0.11109999999999999
0.1112
0.1041
0.1027
0.1012
0.1043
0.1231
0.1746
0.21139999999999998
0.187
0.16110000000000002
0.1856
0.3607
0.3159
0.21960000000000002
0.225
0.26270000000000004
0.2108
0.1602
0.1392
0.1691
0.19080000000000003
0.1637
0.13269999999999998
0.1154
0.24710000000000001
0.2267
0.2143
0.2101
0.198
0.2057
0.24509999999999998
0.2762
0.2069
0.172
0.15910000000000002
0.1527
0.1483
0.1517
0.1854
0.3313
1.193
0.5857
0.4203
0.3791
0.39239999999999997
0.5928
0.49350000000000005
0.3019
0.0027
0.0
0.0
0.0
0.0
0.0
0.0
0.0041
0.0813
0.0217
0.0
0.0
0.0
0.0
0.0
0.0
0.1788
0.0493
0.0829
0.215
0.04869999999999999
0.1894
0.1244
0.029
0.1125
0.124
0.1132
0.1273
0.1281
0.1596
0.24159999999999998
0.3524
1.2124
0.9416
1.3948
1.2302
0.6652
0.3792
0.1597
0.1281
0.18819999999999998
0.33740000000000003
0.21439999999999998
0.16560000000000002
0.1131
0.0974
0.0816
0.0812
0.1034
0.1196
0.0853
0.0955
0.0833
0.07780000000000001
0.121
1.0924
1.1858
0.44179999999999997
0.4395
0.1979
0.2131
0.1505
0.0598
0.0446
0.0683
0.077
1.0096
1.2949
0.7416
0.3508
0.2464
0.1616
0.1367
0.1386
0.1298
0.13219999999999998
0.1487
0.19519999999999998
0.3058
0.3822
0.6134
2.8853
1.6856
1.186
1.7266000000000001
1.3839
0.4229
1.5941
0.7652
0.5624
0.5426
0.195
0.1898
0.1577
0.1365
0.1476
0.2104
0.1878
0.17959999999999998
0.1757
0.1928
0.2105
0.2203
0.178
0.15460000000000002
0.1179
0.12190000000000001
0.11629999999999999
0.1547
0.1721
0.1822
0.1922
0.2311
0.4738
0.1172
1.4135
1.6204999999999998
0.8816999999999999
0.7823
0.8202
0.0828
0.0281
0.027200000000000002
0.0026
0.0
0.0499
0.0185
1.8766
1.0437
0.0
0.0
0.0367
0.1563
0.041299999999999996
0.0197
0.094
1.6146
1.483
3.2108999999999996
0.434
0.6723
0.42569999999999997
0.5541
0.37629999999999997
0.1983
0.1945
0.1856
0.1766
0.1707
0.1812
0.1861
0.20700000000000002
0.2388
0.5121
0.6127
0.7239
0.3034
0.375
0.3498
0.3133
0.7301
1.0811
0.8069999999999999
0.33089999999999997
0.2532
0.209
0.18269999999999997
0.181
0.047299999999999995
0.0368
0.0329
0.035699999999999996
0.043
0.09870000000000001
0.2294
0.1023
0.0692
0.0699
0.0687
0.0624
0.0572
0.0791
0.09079999999999999
0.11610000000000001
0.2563
0.3387
0.19619999999999999
1.06
0.9698
0.22060000000000002
0.0598
0.048100000000000004
0.3982
0.3859
0.3785
0.42000000000000004
0.459
0.4095
0.3933
0.4313
0.4132
0.40759999999999996
0.3379
0.32330000000000003
0.9358000000000001
1.0617999999999999
0.5114000000000001
0.5549999999999999
1.0832
2.5631
0.8199
0.8141
0.5911
0.6105
0.5980000000000001
0.48240000000000005
0.1375
0.1111
0.10039999999999999
0.1011
0.0933
0.0991
0.1061
0.1414
0.2086
0.3443
0.4944
0.7418
0.3458
0.3813
0.8096
0.3647
0.34450000000000003
1.4093
0.9079999999999999
0.7969999999999999
0.4716
0.4052
0.3116
0.2055
0.0779
0.057800000000000004
0.050100000000000006
0.0477
0.044800000000000006
0.0363
0.0382
0.0392
0.0413
0.1623
0.06129999999999999
0.1601
0.3618
0.7102999999999999
0.4468
0.2162
0.0717
0.0598
0.1341
0.6065
0.21339999999999998
0.2018
0.1946
0.15710000000000002
0.2862
0.1328
0.1602
0.2062
0.0639
0.1901
0.9663
2.8102
0.3621
0.3881
0.6628000000000001
0.677
0.5881
0.48840000000000006
0.3872
0.4205
3.1616999999999997
5.2049
6.8147
1.9325999999999999
2.242
2.9166
2.9863999999999997
1.6517
0.0342
0.0177
0.013600000000000001
0.0143
0.0165
0.0033
0.0048000000000000004
0.1879
0.0588
0.0086
0.0
0.0978
0.0251
0.014600000000000002
0.0008
0.0041
0.1395
0.42890000000000006
0.3851
0.0188
0.07400000000000001
0.0977
0.1288
0.10300000000000001
0.0217
0.0137
0.0185
0.0202
0.019700000000000002
0.0171
0.0483
0.1958
0.1435
0.1021
0.2013
0.2681
0.16970000000000002
0.1073
0.1081
0.6155
1.4786000000000001
0.5323
0.444
0.3489
0.4448
0.3644
0.2051
0.07400000000000001
0.0712
0.07239999999999999
0.082
0.06659999999999999
0.066
0.0603
0.1521
0.556
0.45940000000000003
0.24209999999999998
0.4404
1.2734999999999999
0.7024
0.2449
0.22060000000000002
0.5077
1.9792
0.47459999999999997
0.6254
1.4128
1.6764
0.3064
0.1502
0.1061
0.2333
0.2006
0.18419999999999997
0.1794
0.17149999999999999
0.1746
0.1749
0.1915
0.3322
0.8231
0.5774
0.6890999999999999
0.5487
0.3277
0.358
0.3524
0.3461
1.3633
0.8141
0.5852999999999999
0.4768
0.4524
0.437
0.33540000000000003
0.0234
0.0533
0.0528
0.007
0.0031
0.0
0.0
0.0
0.0
0.5903
0.0004
0.0
0.034499999999999996
0.0078
0.0
0.0
0.0
0.0023
0.2173
0.1855
0.2519
0.1639
0.14679999999999999
0.07930000000000001
0.114
0.0889
0.0733
0.08360000000000001
0.0846
0.0737
0.0759
0.0928
0.0717
0.050699999999999995
0.108
0.09870000000000001
1.9375
1.6485
0.6043000000000001
0.5411
1.1234
2.9907000000000004
1.0565
0.7867
0.5046999999999999
0.2658
0.18719999999999998
0.1335
0.0775
0.0049
0.010700000000000001
0.0098
0.0069
0.0156
0.039599999999999996
0.10389999999999999
0.4116
0.060700000000000004
0.1241
0.066
0.1896
0.2034
0.9114
0.0106
0.0021000000000000003
0.1613
0.0082
0.0
0.0
0.1799
0.4209
0.1278
0.27090000000000003
0.2506
0.2439
0.2393
0.2466
0.25239999999999996
0.25680000000000003
0.24120000000000003
0.2235
0.36
0.31779999999999997
0.845
0.6614
0.2629
0.22660000000000002
0.2743
0.266
0.2046
0.21760000000000002
0.18619999999999998
0.1963
0.2207
0.344
0.4095
0.5529999999999999
0.5566
0.3033
0.2253
0.1859
0.4871
0.8518000000000001
0.0522
0.0216
0.0404
0.0135
0.0058
0.0
0.0
0.0
0.0
0.0
0.0
0.6541
0.6992
0.44389999999999996
1.1248
1.1678
0.2021
0.2096
0.2242
0.2228
0.2273
0.2276
0.2352
0.2556
0.271
0.3104
0.3268
0.6446
0.3224
0.26990000000000003
0.4306
0.3671
0.32320000000000004
0.3369
0.9277
0.2828
0.2901
0.2904
0.23259999999999997
0.1757
0.16720000000000002
0.07880000000000001
0.06509999999999999
0.060899999999999996
0.058800000000000005
0.0574
0.053
0.0601
0.11030000000000001
0.2337
0.28
0.2032
0.2153
0.3531
0.16
0.1737
0.1802
0.1609
0.298
0.8634
0.2921
0.2111
0.2173
0.1824
0.11430000000000001
0.0534
0.0523
0.0358
0.0343
0.0375
0.0356
0.3357
0.1686
0.0979
0.2119
0.6238
0.0637
0.2253
0.0519
0.0284
0.0407
0.0867
0.12259999999999999
0.0596
0.5103
0.1727
0.1452
0.1046
0.0619
0.0289
0.0184
0.0184
0.0189
0.0171
0.018099999999999998
0.036500000000000005
0.09509999999999999
0.0573
0.06720000000000001
0.1185
0.2061
0.0808
0.054099999999999995
0.0363
0.5767
0.9339999999999999
0.49229999999999996
0.1076
0.060000000000000005
0.0954
0.1267
0.1352
0.08
0.6466000000000001
0.25930000000000003
0.1489
0.172
0.1775
0.2577
0.32
0.8598
0.41890000000000005
0.0721
0.0098
0.0
0.0
0.0
0.0
0.0
0.0748
0.1849
0.22920000000000001
1.228
0.4072
0.4007
1.0901
0.7274999999999999
0.1512
0.1482
0.1504
0.14850000000000002
0.1491
0.1594
0.19169999999999998
0.2136
0.3371
0.3473
0.2475
0.2253
0.31289999999999996
0.2856
0.3537
0.5564
0.6325000000000001
0.4233
0.48229999999999995
0.5184
0.2602
0.1978
0.15410000000000001
0.1484
0.5418
0.3577
0.1348
0.11499999999999999
0.0816
0.078
0.0784
0.0566
1.1299
0.2317
0.5215
0.6002000000000001
0.4017
0.1447
0.08990000000000001
0.0767
0.0524
0.016300000000000002
0.0721
0.1416
0.3779
0.39580000000000004
0.6247
0.4252
0.0232
0.0224
0.0343
0.0246
0.0275
0.0359
0.0527
0.061399999999999996
0.0476
0.049
0.0393
0.328
0.4779
0.21760000000000002
0.1735
0.6724
0.3898
0.15510000000000002
0.3954
0.3781
0.2127
0.08510000000000001
0.0356
0.0303
0.0
0.0
0.0
0.0
0.0
0.0
0.0
0.0
0.0
0.0031
0.1679
0.375
0.0782
0.1664
0.8733
0.3449
0.5242
0.1081
0.1001
0.2784
0.1132
0.0281
0.0036
0.0
0.0763
0.07419999999999999
0.0811
0.0801
0.057800000000000004
0.2188
0.6600999999999999
0.602
0.8951
1.4348999999999998
0.9102
0.6419999999999999
1.7824
0.853
0.5291
0.6861
0.9019999999999999
0.6321
1.2549000000000001
1.466
0.4691
0.1799
0.0942
0.09179999999999999
0.1227
0.1095
0.1
0.0963
0.09240000000000001
0.094
0.09670000000000001
0.12669999999999998
0.1621
0.1565
0.1516
0.13479999999999998
0.1562
0.1497
0.1718
0.1626
0.1375
0.1582
0.18159999999999998
0.248
0.20779999999999998
0.2263
0.2326
0.1674
0.0895
0.0763
0.0764
0.07619999999999999
0.07469999999999999
0.089
0.1809
0.3583
0.3346
0.254
0.2362
0.1269
0.1239
0.1481
0.1557
0.13929999999999998
0.12409999999999999
0.6537
1.66
0.5932000000000001
0.30110000000000003
0.23070000000000002
0.1261
0.0879
0.0968
0.10900000000000001
0.1119
0.1228
0.1264
0.0881
0.0513
0.041999999999999996
0.0359
0.060899999999999996
0.066
0.044700000000000004
0.0438
0.0806
0.052500000000000005
0.0518
0.051500000000000004
0.1201
0.0853
0.0569
0.0469
0.0464
0.0406
0.0374
0.0726
0.0648
0.0591
0.059399999999999994
0.057800000000000004
0.0591
0.0659
0.1409
0.1699
0.2792
0.1467
0.109
0.1109
0.0948
0.0862
0.09620000000000001
0.08549999999999999
0.1032
0.2293
0.2001
0.15139999999999998
0.1484
0.12919999999999998
0.09040000000000001
0.0069
0.0
0.0
0.0
0.0
0.0166
0.0011
0.0061
0.0006
0.579
0.34709999999999996
1.0489
0.3497
0.5225
0.0191
0.0
0.0219
0.23420000000000002
0.3792
0.46830000000000005
0.3468
0.3463
0.22349999999999998
0.0206
0.057300000000000004
0.060200000000000004
0.0543
0.0534
0.0516
0.0582
0.0958
0.4002
0.507
0.2742
0.2556
0.46640000000000004
0.3486
0.2633
0.2232
0.1943
0.1664
0.2142
0.4463
0.3367
0.26849999999999996
0.1603
0.08929999999999999
0.0643
0.0956
0.0877
0.0838
0.0934
0.08729999999999999
0.101
0.14450000000000002
0.7658
0.3216
0.092
0.054099999999999995
0.0322
0.0228
0.022199999999999998
0.0012
0.0116
0.8304
0.0966
0.2223
0.3286
0.244
0.265
0.2718
0.1563
0.0516
0.049100000000000005
0.054000000000000006
0.0493
0.057800000000000004
0.0762
0.1083
0.16770000000000002
0.4332
1.0598999999999998
0.8539000000000001
0.1165
0.11579999999999999
0.18409999999999999
0.2598
1.0161
1.267
0.7283
0.6057
0.4112
0.31520000000000004
0.1416
0.0627
0.0632
0.3188
0.2993
0.2905
0.2872
0.2814
0.28200000000000003
0.2862
0.3587
0.5509
0.7043
0.49929999999999997
0.5004
0.3778
0.4003
0.44079999999999997
0.48350000000000004
0.4729
0.5359
0.3654
0.3312
0.3417
0.3419
0.34650000000000003
0.3323
0.2939
0.2519
0.22260000000000002
0.2488
0.245
0.3375
0.47709999999999997
0.46940000000000004
0.4526
0.5492
0.5656
1.0311
1.2101000000000002
0.37829999999999997
0.31930000000000003
0.277
1.3303
1.7383
0.299
0.2973
0.3042
0.2753
0.4105
0.8256
0.2182
0.2026
0.1971
0.218
0.247
0.2805
0.2734
0.2173
0.19569999999999999
0.15889999999999999
0.1355
0.159
0.265
0.24159999999999998
0.259
0.34099999999999997
0.4055
0.1532
0.12079999999999999
0.2504
0.286
0.2616
0.2751
0.3588
0.24330000000000002
0.2233
0.2026
0.1985
0.1907
0.19490000000000002
0.3221
0.4034
0.2783
0.193
0.1348
0.08979999999999999
0.0986
0.1257
0.39130000000000004
0.30710000000000004
0.3357
0.45830000000000004
0.1719
0.15689999999999998
0.17320000000000002
0.2324
0.2387
0.1966
0.0403
0.035199999999999995
0.033
0.028
0.0279
0.0274
0.0338
0.036699999999999997
0.3301
0.2871
0.3145
0.2213
0.1072
0.1331
0.23929999999999998
0.4898
0.6207
0.1879
0.14229999999999998
0.1723
0.19090000000000001
0.1688
0.1084
0.061900000000000004
0.0239
0.0197
0.0189
0.0175
0.0187
0.0252
0.116
0.2726
0.0716
0.1012
0.0382
0.024399999999999998
0.035699999999999996
0.0401
0.0379
0.0953
0.12890000000000001
0.08410000000000001
0.1391
0.0701
0.0518
0.0556
0.0431
0.0267
0.1176
0.1049
0.1004
0.09570000000000001
0.0931
0.09809999999999999
0.1052
0.11410000000000001
0.2212
0.2447
0.1668
0.19369999999999998
0.1844
0.186
0.4415
0.5958
0.234
0.21889999999999998
0.2555
0.3393
0.4582
0.3355
0.2086
0.1492
0.1269
0.1108
0.1118
0.10980000000000001
0.1067
0.1118
0.1265
0.4161
0.25470000000000004
0.3606
0.2474
0.281
0.2923
0.11910000000000001
0.0799
0.0932
0.2696
0.1373
0.1641
0.17820000000000003
0.201
0.2241
0.2667
0.2107
0.1264
0.1058
0.0965
0.09029999999999999
0.0837
0.08829999999999999
0.0915
0.0861
0.4858
0.2262
0.1388
0.2644
0.18630000000000002
0.161
0.2007
0.1538
0.0955
0.0794
0.0945
0.0627
0.0931
0.1477
0.2525
0.2121
0.092
0.0907
0.08940000000000001
0.0822
0.0827
0.1629
0.4665
0.31799999999999995
0.3547
0.7902
0.5944
0.3853
0.569
0.2743
0.2138
0.2127
0.29569999999999996
0.2942
0.3275
0.3774
0.3157
0.19319999999999998
0.1177
0.1
0.012
0.0
0.0
0.0
0.0
0.0
0.0129
0.0366
0.1211
0.0208
0.4878
0.4709
0.6617
0.11549999999999999
0.3598
1.7347
0.2892
0.1239
1.0081
0.4478
0.0
0.0
0.0
0.0011
0.0922
0.08299999999999999
0.0809
0.08510000000000001
0.08349999999999999
0.09570000000000001
0.1451
0.7802
0.2054
0.3623
0.0
0.0009
0.0
0.0014
0.0
0.023
0.0577
0.0817
0.22509999999999997
0.8673
0.3315
0.3508
0.2711
0.1696
0.0791
0.0733
0.0649
0.061700000000000005
0.06670000000000001
0.0631
0.0964
0.1636
0.1614
0.1172
0.106
0.0641
0.0636
0.0622
0.0598
0.0717
0.0878
0.3125
0.48150000000000004
0.9242999999999999
0.7336
0.266
0.1618
0.10439999999999999
0.07569999999999999
0.0696
0.0653
0.0673
0.06839999999999999
0.0711
0.0721
0.0716
0.0795
0.1236
0.08549999999999999
0.06559999999999999
0.0995
0.1158
0.1056
0.0994
0.082
0.0974
0.20400000000000001
0.16770000000000002
0.157
0.1777
0.1477
0.0995
0.0991
0.0757
0.0678
0.06459999999999999
0.06080000000000001
0.0633
0.0745
0.1489
0.1058
0.0726
0.091
0.1048
0.0865
0.059899999999999995
0.041499999999999995
0.0368
0.0417
0.32030000000000003
0.1567
0.1794
0.2136
0.1407
0.1037
0.0848
0.2269
0.192
0.1748
0.1706
0.1699
0.1918
0.23120000000000002
0.2895
0.2953
0.3686
0.4926
0.3956
0.3971
0.3308
0.4179
0.44179999999999997
0.849
0.6930999999999999
0.2409
0.264
0.2905
0.28400000000000003
0.8609
0.8521
0.0844
0.0774
0.094
0.1017
0.09759999999999999
0.10919999999999999
0.19740000000000002
0.2504
0.9629
2.4249
1.9103
0.556
1.2792
1.4412
0.9983
0.2788
0.32799999999999996
0.55
0.6982
0.3862
0.15039999999999998
0.0876
0.051000000000000004
0.0654
0.0
0.1889
0.0089
0.0
0.0
0.0
0.0
0.0
0.0
0.5126
0.3151
0.0
0.3784
0.4025
0.0
0.0
0.0
0.0
0.4269
0.46909999999999996
0.5171
0.1446
0.09509999999999999
0.0624
0.13490000000000002
0.13369999999999999
0.1328
0.1333
0.13679999999999998
0.1593
0.3072
0.38029999999999997
0.2362
0.1632
0.1492
0.1639
0.1792
0.1946
0.1977
0.19190000000000002
0.2153
0.23829999999999998
0.2155
0.2942
0.2596
0.1762
0.1257
0.1158
0.1565
0.1414
0.13340000000000002
0.13069999999999998
0.12840000000000001
0.135
0.1912
0.21389999999999998
0.1405
0.131
0.1178
0.12029999999999999
0.1326
0.1331
0.14
0.1651
0.2356
0.3774
0.24669999999999997
0.24270000000000003
0.21989999999999998
0.2121
0.2138
0.1862
0.0341
0.0344
0.0292
0.032299999999999995
0.020399999999999998
0.0237
0.0234
0.2825
1.1846
1.0346
0.9529
1.0222
0.6842999999999999
0.3386
0.23110000000000003
0.1884
1.3486
0.4491
0.1971
0.2449
0.24659999999999999
0.1923
0.1015
0.0426
0.0368
0.0316
0.027
0.0284
0.0276
0.0306
0.040999999999999995
0.0475
0.0416
0.0437
0.033299999999999996
0.0196
0.0231
0.033100000000000004
0.042800000000000005
0.0559
0.08879999999999999
0.1218
0.1231
0.1688
0.1274
0.11460000000000001
0.0774
0.0469
0.0859
0.0791
0.0738
0.0739
0.07250000000000001
0.0834
0.1296
0.1763
0.1286
0.11080000000000001
0.0912
0.0928
0.11280000000000001
0.1119
0.11080000000000001
0.1764
0.2601
0.179
0.2657
0.2962
0.2485
0.1972
0.1462
0.107
0.0917
0.0668
0.06420000000000001
0.0665
0.0591
0.0569
0.058499999999999996
0.0716
0.087
0.4394
0.2825
0.37389999999999995
0.32939999999999997
1.2736999999999998
0.0654
0.0795
0.0767
0.089
0.3697
0.2127
0.17709999999999998
0.1615
0.1466
0.1254
0.0129
0.020499999999999997
0.0103
0.0127
0.0086
0.0027
0.0025
0.0774
0.1201
0.5081
0.3475
0.011099999999999999
0.030199999999999998
0.0084
0.0039
0.0144
0.0123
0.0406
0.30469999999999997
0.3699
0.14450000000000002
0.1957
0.1648
0.0534
0.0
0.0
0.0
0.0
0.0
0.0
0.0
0.0
0.016
0.0
0.0068
0.0332
0.1258
0.0
0.0
0.0
0.0
0.8999
0.0
0.5851999999999999
0.1079
0.0
0.0
0.0
0.0992
0.086
0.0753
0.0877
0.0854
0.0898
0.1325
0.2912
0.1896
0.1644
0.0657
0.039
0.0366
0.0424
0.0453
0.0755
0.1814
1.202
0.2207
0.1191
0.1268
0.2895
0.3505
0.1498
0.1178
0.11599999999999999
0.1119
0.1058
0.0872
0.07050000000000001
0.0563
0.0513
0.0532
0.1568
0.1149
0.039999999999999994
0.022
0.04
0.0675
0.0416
0.3188
0.3354
0.23470000000000002
0.253
0.1752
0.2575
0.2518
0.1383
0.012199999999999999
0.0077
0.0135
0.0125
0.0085
0.01
0.0354
0.1474
0.4913
0.2673
0.36319999999999997
0.8711
0.36150000000000004
0.2048
0.20779999999999998
0.6041
0.9039
0.6119
0.3096
0.2796
0.2197
0.1154
0.0467
0.0224
0.188
0.1849
0.1926
0.1832
0.1999
0.2793
0.2831
0.1477
0.0324
0.2575
0.032
0.0427
0.0426
0.0358
0.0424
0.3379
0.3096
0.0955
0.5502
0.2522
0.3321
1.1383
0.5216
0.2334
0.0673
0.0578
0.050600000000000006
0.0466
0.0437
0.0426
0.0434
0.047299999999999995
0.0527
0.0806
0.1142
0.2126
0.15760000000000002
0.1545
0.118
0.0989
0.0879
0.09939999999999999
0.1382
0.1422
0.1184
0.096
0.0797
0.0706
0.1478
0.1488
0.1462
0.135
0.12140000000000001
0.1184
0.1148
0.1608
0.16160000000000002
0.1247
0.113
0.10220000000000001
0.1017
0.0987
0.10830000000000001
0.1177
0.1181
0.13940000000000002
0.3016
0.23070000000000002
0.1364
0.1142
0.0999
0.09889999999999999
0.0274
0.323
0.0875
0.0497
0.0186
0.0119
0.019700000000000002
0.022600000000000002
0.0162
0.0183
0.11499999999999999
0.0
0.2125
0.2721
0.029900000000000003
0.0205
0.0206
0.0385
0.44889999999999997
0.7283
0.368
0.0965
0.037
0.0392
0.1316
0.1203
0.1157
0.1101
0.1078
0.114
0.1124
0.1297
0.4199
0.5089
0.3069
0.4001
0.1158
0.12519999999999998
0.1442
0.2841
0.5063
0.4406
0.21660000000000001
0.1587
0.14679999999999999
0.125
0.1355
0.13290000000000002
0.07050000000000001
0.0673
0.07139999999999999
0.0732
0.12890000000000001
0.418
0.2993
0.3459
0.3752
0.2969
0.40790000000000004
0.31930000000000003
0.4328
0.4606
0.5143
0.5116
0.4263
0.799
0.3623
0.2118
0.1518
0.08499999999999999
0.06709999999999999
0.07500000000000001
0.6224999999999999
0.46950000000000003
0.4111
0.3991
0.37170000000000003
0.3613
0.3942
0.618
0.6157
0.49529999999999996
0.5134
0.5649
1.0341
0.4607
0.8574999999999999
0.6508
0.5544
0.8671
1.3226
0.5333
0.5213
0.5267999999999999
0.5479
0.518
0.1426
0.1245
0.1094
0.1037
0.098
0.1016
0.1047
0.13140000000000002
0.2717
0.1915
0.235
0.5588
0.183
0.1638
0.18180000000000002
0.1995
0.5257000000000001
0.29469999999999996
0.2296
0.3185
0.33099999999999996
0.3258
0.2949
0.216
0.0017
0.0
0.0
0.0
0.0
0.0
0.0
0.0
0.0
0.74
0.5439
0.2615
0.1377
0.5235
0.0
0.0
0.0
0.0
0.3682
1.5495999999999999
0.09079999999999999
0.1277
0.1511
0.0358
0.0464
0.0049
0.035199999999999995
0.051000000000000004
0.0448
0.0659
0.1417
0.2861
0.38380000000000003
0.48510000000000003
0.9380999999999999
0.14279999999999998
1.2336
0.3084
1.3944
0.1226
0.1387
0.2706
1.1541000000000001
0.4125
0.134
0.1108
0.0872
0.06989999999999999
0.1008
0.0907
0.0837
0.0747
0.07239999999999999
0.0778
0.0755
0.0722
0.3189
0.4925
0.2706
0.3019
0.3655
0.10239999999999999
0.1204
0.1158
0.1414
0.6433
0.36219999999999997
0.3218
0.1815
0.14279999999999998
0.1077
0.1002
0.2091
0.19119999999999998
0.1824
0.1772
0.172
0.1668
0.1591
0.1621
0.1649
0.1725
0.1558
0.1638
0.1725
0.1778
0.1699
0.1754
0.2148
0.2671
0.277
0.3003
0.3271
0.33830000000000005
0.3484
0.2771
0.1027
0.095
0.0948
0.09620000000000001
0.0857
0.0886
0.10200000000000001
0.1548
0.1184
0.039400000000000004
0.0141
0.0
0.0041
0.0241
0.2228
0.2771
0.1905
0.1159
0.0632
0.2756
0.19140000000000001
0.15899999999999997
0.1096
0.0896
0.2038
0.2057
0.20440000000000003
0.2153
0.23320000000000002
0.2593
0.2207
0.2045
0.2105
0.2993
0.2559
0.2493
0.2895
0.2275
0.17909999999999998
0.18359999999999999
0.2045
0.2633
0.3205
0.24819999999999998
0.2076
0.18409999999999999
0.1746
0.173
0.1003
0.07500000000000001
0.0718
0.032600000000000004
0.0439
1.1033
0.22410000000000002
0.1812
0.2305
0.1799
0.107
0.1392
0.3859
0.197
0.1564
0.15360000000000001
0.2603
0.5657
0.3871
1.3702
1.558
1.0865
0.9393
0.1869
0.13
0.1392
0.1164
0.0908
0.0825
0.0775
0.0722
0.08449999999999999
0.1051
0.3891
0.3543
0.202
1.0058
0.6854
0.249
0.1193
0.1095
0.12140000000000001
0.3206
0.3385
0.4257
0.385
0.33440000000000003
0.2248
0.0532
0.0406
0.0373
0.0361
0.0352
0.0394
0.0513
0.0925
0.1122
0.1505
0.47969999999999996
0.41950000000000004
0.1507
0.129
0.2542
0.33599999999999997
0.5872999999999999
0.9128000000000001
0.4959
0.2762
0.24880000000000002
0.254
0.1883
0.0977
0.1876
0.1762
0.1678
0.1621
0.1583
0.1616
0.1839
0.32420000000000004
0.5637
0.43079999999999996
0.2996
0.24630000000000002
0.3398
0.2379
0.22260000000000002
0.2284
0.7945
0.41390000000000005
0.5863
0.513
0.3365
0.3266
0.3316
0.2559
0.08230000000000001
0.0559
0.0545
0.0557
0.051500000000000004
0.0464
0.048
0.041999999999999996
0.0549
0.1688
0.0625
0.2326
0.09219999999999999
0.043699999999999996
0.0
0.0
0.0
0.0091
0.0
0.0066
0.0033
0.058499999999999996
0.083
0.0799
0.08130000000000001
0.0804
0.0779
0.078
0.07700000000000001
0.09240000000000001
0.1404
0.2969
0.5674
0.5683
0.713
0.4757
0.1248
0.1231
0.0797
0.0906
0.1168
0.22149999999999997
0.44930000000000003
0.5388
0.5036
0.1413
0.0832
0.0751
0.7517
0.5712
0.5146
0.3921
0.32389999999999997
0.3478
0.33130000000000004
0.3929
0.605
0.33340000000000003
0.16970000000000002
1.8426
0.2453
0.3569
1.1373
0.8142
0.5191
0.5157
0.538
0.4585
0.439
0.35009999999999997
0.2681
0.3868
0.14029999999999998
0.12240000000000001
0.1142
0.11069999999999999
0.1116
0.1345
0.1955
0.1767
0.153
0.1131
0.1096
0.1945
0.23320000000000002
0.21089999999999998
0.2311
0.1661
0.2283
0.3371
0.0932
0.1078
0.2878
0.2066
0.15400000000000003
0.133
0.40990000000000004
0.3891
0.3774
0.37070000000000003
0.3588
0.3513
0.3514
0.6049
0.6696
0.403
0.3722
0.3633
0.383
0.385
0.3675
0.3927
0.4043
1.065
1.6989999999999998
1.466
0.8871
0.5045
0.4448
0.3951
0.0542
0.0257
0.0236
0.0166
0.008199999999999999
0.0057
0.0001
0.0001
0.0
0.0051
0.0923
0.16449999999999998
0.0442
0.2025
0.3139
0.2305
0.6941999999999999
0.38920000000000005
0.26780000000000004
0.214
0.2733
0.6274
0.2258
0.1243
0.0428
0.0374
0.0348
0.035500000000000004
0.0338
0.0373
0.1306
0.1334
0.0337
0.026
0.0158
0.0119
0.0203
0.0252
0.0378
0.1632
0.1858
0.134
0.1339
0.2304
0.1805
0.1283
0.0911
0.0593
0.10200000000000001
0.10569999999999999
0.1157
0.111
0.10930000000000001
0.1152
0.2096
0.15660000000000002
0.0802
0.13090000000000002
0.0877
0.0985
0.0581
0.057300000000000004
0.0652
0.0818
0.045799999999999993
0.0309
0.0526
0.0059
0.0027
0.0034999999999999996
0.027000000000000003
0.0378
0.015099999999999999
0.010100000000000001
0.008
0.008
0.0069
0.008400000000000001
0.0324
0.079
0.028700000000000003
0.041800000000000004
0.038799999999999994
0.0
0.0033
0.0115
0.0236
0.06079999999999999
0.0344
0.006
0.0212
0.040499999999999994
0.026000000000000002
0.0393
0.0348
0.0173
0.08990000000000001
0.0922
0.0984
0.097
0.1226
0.1133
0.1123
0.1074
0.1275
0.2562
0.0
0.3312
0.1477
0.2001
0.0095
0.0082
0.3927
0.0205
0.0045
0.0884
0.0936
0.0405
0.0413
0.0388
0.0864
0.043300000000000005
0.0332
0.017599999999999998
0.0127
0.0078000000000000005
0.0142
0.37639999999999996
0.1743
0.0035
0.0374
0.0189
0.0183
0.0079
0.0
0.0083
0.0176
0.7299
0.2347
0.6125
0.1424
0.0437
0.0206
0.0217
0.2122
0.17980000000000002
0.1765
0.16999999999999998
0.1597
0.18130000000000002
0.1948
0.4308
0.6794
0.5221
0.3283
0.2402
0.2696
0.3248
1.7245
1.8498999999999999
0.7312000000000001
1.2058
0.18159999999999998
0.2458
0.2847
0.3034
0.4851
0.3718
0.0151
0.0154
0.0063
0.0251
0.03
0.0013
0.0215
0.0224
0.0084
0.2294
0.2657
0.0
0.0
0.9692
0.21039999999999998
0.38680000000000003
0.0619
0.0107
0.0
0.0528
0.024399999999999998
0.1117
0.2813
0.09659999999999999
0.08380000000000001
0.07680000000000001
0.07289999999999999
0.072
0.0721
0.0785
0.0965
0.1805
0.1032
0.0794
0.06259999999999999
0.0969
0.219
0.0881
0.0623
0.07980000000000001
0.1073
0.0895
0.6828
0.662
0.20450000000000002
0.1169
0.0946
0.0872
0.18669999999999998
0.1483
0.1357
0.1266
0.1207
0.1205
0.12290000000000001
0.15589999999999998
0.2551
0.15910000000000002
0.1532
0.24280000000000002
0.2572
0.2041
0.4567
0.2685
0.2947
0.2379
0.14179999999999998
0.1608
0.1859
0.2026
0.2167
0.1966
0.2172
0.1621
0.2561
0.1993
0.1693
0.4587
1.4977
0.5002
0.2381
0.6979
0.0829
0.1231
0.043899999999999995
0.0665
0.0322
0.0809
0.1968
0.0433
0.34850000000000003
0.174
0.1531
2.0179
1.877
0.314
0.0
0.0
0.0
0.0
0.0
0.0
0.0
0.0
0.0
0.0
0.0
0.0
0.0
0.0
0.0
0.0
0.0
0.0
0.0
0.0
0.0
0.003
0.0
0.0
0.2115
0.1582
0.14090000000000003
0.1429
0.14850000000000002
0.29169999999999996
0.3125
0.24820000000000003
0.2449
0.2723
0.2455
0.2395
0.4072
0.2052
0.1434
0.09870000000000001
0.1005
0.44930000000000003
0.0635
0.0533
0.045200000000000004
0.0442
0.0675
0.0555
0.1511
0.14300000000000002
0.1395
0.1372
0.1366
0.1441
0.1674
0.2097
0.2251
0.2216
0.1863
0.1971
0.1993
0.19190000000000002
0.18159999999999998
0.22660000000000002
0.31679999999999997
0.2551
0.2576
0.22139999999999999
0.2116
0.19990000000000002
0.1769
0.1588
0.0343
0.03
0.0254
0.024300000000000002
0.0195
0.0211
0.025099999999999997
0.0332
0.037500000000000006
0.042300000000000004
0.0917
0.07089999999999999
0.0419
0.0349
0.0403
0.0333
0.012
0.0044
0.0
0.0011
0.0002
0.0005
0.0069
0.01
0.019299999999999998
0.0225
0.0177
0.0215
0.0201
0.0188
0.0432
0.23759999999999998
0.2735
0.3093
0.24980000000000002
0.4666
0.22149999999999997
0.1068
0.1257
0.0921
0.0514
0.0779
0.1451
0.2895
0.1853
0.0653
0.028300000000000002
0.0196
0.15639999999999998
0.15100000000000002
0.1421
0.14240000000000003
0.14739999999999998
0.1604
0.2046
0.2847
0.4526
0.7678
0.4403
0.8090999999999999
0.5411
0.3351
0.2424
0.2252
0.2794
0.7368
0.2573
0.2581
0.3139
0.2996
0.23159999999999997
0.1763
0.1346
0.1321
0.1321
0.13119999999999998
0.13119999999999998
0.14700000000000002
0.1779
0.1955
0.34830000000000005
0.262
0.1763
0.0978
0.0886
0.1266
0.5384
0.2949
0.5346
0.4134
0.3206
0.4427
0.3456
0.397
0.16099999999999998
0.1124
0.015
0.003
0.0024
0.0049
0.0026
0.0069
0.1419
0.0486
0.0
0.0
0.0
0.0
0.0
0.0
0.0
0.0
0.0
0.33
0.8116000000000001
0.5185
0.1725
0.1851
0.10269999999999999
0.042300000000000004
0.3001
0.254
0.23959999999999998
0.2365
0.2279
0.1997
0.154
0.488
0.435
1.2314
1.4538
0.2376
0.24180000000000001
0.23299999999999998
0.3053
0.46419999999999995
0.4944
0.46199999999999997
0.30820000000000003
0.2325
0.2787
1.061
0.3513
0.487
0.0937
0.0795
0.07919999999999999
0.0772
0.07139999999999999
0.0771
0.09659999999999999
0.10550000000000001
0.2128
0.18030000000000002
0.6915
0.3799
0.1164
0.1182
1.006
0.2156
0.3577
0.3559
0.1945
0.2153
0.3068
0.2871
0.14800000000000002
0.10980000000000001
0.0887
0.0723
0.0718
0.067
0.06509999999999999
0.07100000000000001
0.0819
0.1175
0.24630000000000002
0.2702
0.2262
0.2342
0.2383
0.2273
0.7773000000000001
0.4823
0.1874
0.1595
0.16870000000000002
0.2535
0.403
0.5146
0.3542
0.15660000000000002
0.115
0.034
0.0379
0.0417
0.0267
0.0306
0.023899999999999998
0.0353
0.066
0.0917
0.0919
0.3881
0.383
1.0382
1.0048
0.35450000000000004
0.30269999999999997
0.23979999999999999
0.3685
0.33430000000000004
0.24559999999999998
0.2005
0.468
0.5504
0.2287
0.1887
0.1385
0.1208
0.1046
0.1033
0.1138
0.1256
0.1042
0.07880000000000001
0.0759
0.0826
0.1197
0.10930000000000001
0.3114
0.2288
0.1709
0.37770000000000004
0.1359
0.2158
0.18259999999999998
0.1184
0.0974
0.09459999999999999
0.1457
0.1423
0.1479
0.1471
0.1512
0.1618
0.2889
0.2596
0.17959999999999998
0.1344
0.0932
0.0525
0.0641
0.07350000000000001
0.10039999999999999
0.5712999999999999
0.2173
0.1179
0.0652
0.0681
0.0744
0.09509999999999999
0.1058
0.1058
0.2831
0.31179999999999997
0.29100000000000004
0.2832
0.2716
0.28800000000000003
0.3396
0.7283
0.7079
0.385
0.3673
0.2996
0.351
0.35550000000000004
0.33830000000000005
0.26839999999999997
0.23299999999999998
0.44909999999999994
0.9103
0.5877
0.4839
0.45299999999999996
0.38139999999999996
0.3019
0.0167
0.0178
0.0161
0.023
0.017
0.0114
0.0144
0.19640000000000002
0.1611
0.1202
0.0487
0.0
0.0
0.0
0.0
0.0416
0.5273
0.0119
0.0354
0.023100000000000002
0.0
0.0177
0.2111
0.08270000000000001
0.053
0.0471
0.0441
0.0337
0.0407
0.041800000000000004
0.0435
0.0781
0.2474
0.883
0.5286
0.4828
0.6717
0.3593
0.36619999999999997
0.3342
0.5483
0.9132
0.7633
0.6346
0.3518
0.2156
0.1038
0.0688
0.15839999999999999
0.1498
0.1497
0.1489
0.1408
0.1401
0.3301
0.4285
0.06520000000000001
0.0274
0.0093
0.0
0.0
0.0
0.0499
0.1927
0.3766
0.8737999999999999
0.4482
0.75
0.5670999999999999
0.3929
0.18780000000000002
0.1524
0.0537
0.026000000000000002
0.0182
0.0165
0.012199999999999999
0.0153
0.0043
0.013
0.0274
0.06459999999999999
0.0566
0.2271
0.0493
0.2369
0.2288
0.0703
0.187
0.7684
0.1875
0.1471
0.1246
0.12890000000000001
0.1884
0.1331
0.0
0.0
0.0
0.0
0.0008
0.369
0.0
0.0
0.0
0.0
0.0
0.0
0.0105
0.006
0.0
0.141
0.7047
0.3235
0.35660000000000003
0.19619999999999999
0.2676
0.0
0.0
0.0
0.14300000000000002
0.12840000000000001
0.1191
0.11410000000000001
0.11180000000000001
0.1202
0.128
0.1848
0.21500000000000002
0.2791
0.2268
0.174
0.6429
0.5097
0.3415
0.5927
1.374
0.9126
0.3107
0.2913
0.27580000000000005
0.3467
0.46040000000000003
0.2463
0.1871
0.1839
0.189
0.192
0.19890000000000002
0.2064
0.5861
1.5697
0.2076
0.20179999999999998
0.201
0.2548
0.2316
0.23270000000000002
0.2074
0.4073
0.2598
0.2157
0.3042
0.314
0.2963
0.2011
0.1539
0.1628
0.1047
0.096
0.0959
0.1014
0.1148
0.1242
0.1347
0.1538
0.1766
0.4502
0.2255
0.1075
0.2888
0.6143000000000001
0.3996
1.0857999999999999
0.2513
0.1966
0.378
0.35409999999999997
0.2284
0.2059
0.1718
0.1278
0.0174
0.04
0.0060999999999999995
0.0356
0.030100000000000002
0.0237
0.0058
0.0302
0.9785
2.0504000000000002
0.877
0.0
0.0446
0.045000000000000005
0.4079
0.1054
0.038400000000000004
0.036000000000000004
0.10880000000000001
0.3475
0.1248
0.18159999999999998
0.1549
0.0895
0.0637
0.0433
0.0403
0.0448
0.0411
0.0346
0.0448
0.1477
0.1442
0.0683
0.0455
0.0406
0.053599999999999995
0.0461
0.0633
0.3863
0.2792
1.0163
0.38970000000000005
0.3419
0.5278
0.3428
0.2869
0.1823
0.1905
0.1759
0.16949999999999998
0.16699999999999998
0.16920000000000002
0.1861
0.2265
0.3124
0.7461
0.4899
0.5097
1.8618000000000001
0.8864
0.47940000000000005
0.4737
0.5144
0.8613999999999999
1.1804000000000001
0.5613
0.5154000000000001
0.4887
0.4135
0.322
0.2423
0.037000000000000005
0.0271
0.0258
0.0208
0.019
0.0424
0.2193
0.10239999999999999
0.0666
0.2219
0.17420000000000002
0.11530000000000001
0.1493
0.1121
0.42900000000000005
0.0713
0.0175
0.0037
0.0014
0.0
0.0077
0.0282
0.056499999999999995
0.042
0.1726
0.1652
0.1596
0.1568
0.1516
0.1569
0.1669
0.2505
0.2334
0.2096
0.18380000000000002
0.1895
0.2152
0.1916
0.213
0.2509
0.2592
0.3085
0.2952
0.24459999999999998
0.1894
0.1755
0.16770000000000002
0.16060000000000002
0.1263
0.0207
0.0
0.004
0.0
0.0
0.0
0.0
0.6485
0.0
0.4325
1.0536
0.0
0.0
0.0
0.0
0.0153
0.0316
0.0225
0.4531
1.5282
0.1019
0.14450000000000002
0.0676
0.1125
0.0948
0.0941
0.07880000000000001
0.0842
0.1788
0.6255999999999999
0.1926
0.0978
0.10139999999999999
0.0976
0.0591
0.0596
0.048600000000000004
0.0427
0.0632
0.0648
0.3707
0.738
0.724
0.2625
0.3335
0.26739999999999997
0.17459999999999998
0.17920000000000003
0.16970000000000002
0.1627
0.1612
0.1522
0.1619
0.17930000000000001
0.19569999999999999
0.6536
0.2248
0.1917
0.4685
0.25780000000000003
0.248
0.2595
0.4274
0.4206
0.384
0.6476999999999999
0.3765
0.603
0.3006
0.2178
0.17559999999999998
0.1197
0.1142
0.1212
0.1206
0.1315
0.15860000000000002
0.2398
0.267
0.3153
0.5684
0.5378000000000001
0.31779999999999997
0.273
0.2908
0.27990000000000004
1.0474
1.8912999999999998
1.1784
0.5311
0.29410000000000003
0.2162
0.1335
0.1023
0.109
0.0
0.0
0.0
0.0
0.0
0.0
0.0
0.0
0.0
0.0
0.0
2.8298
0.5797
0.9106
0.0
0.0
1.6678
0.0637
0.0
0.4207
0.0957
0.3639
0.2313
0.0
0.0435
0.0379
0.0337
0.0323
0.032600000000000004
0.0304
0.041999999999999996
0.1243
0.34550000000000003
0.2381
0.1578
0.37879999999999997
0.4013
0.23470000000000002
0.20929999999999999
0.1596
0.4823
0.5206999999999999
0.1591
0.15639999999999998
0.2544
0.2903
0.1997
0.0819
0.1336
0.1282
0.1218
0.126
0.1306
0.14700000000000002
0.31779999999999997
0.4104
0.2269
0.2063
0.2066
0.2481
0.2147
0.21439999999999998
0.2077
0.2277
0.5766
0.9975
1.0227
0.5131
0.794
0.2528
0.1634
0.1389
0.1861
0.1689
0.1644
0.15960000000000002
0.15389999999999998
0.16849999999999998
0.1779
0.30910000000000004
0.7195
0.1486
0.1079
0.1104
0.1501
0.2465
0.5177
0.2948
0.27549999999999997
0.32920000000000005
0.2178
0.24359999999999998
0.3559
0.5762
0.319
0.1999
0.07
0.0627
0.0598
0.0587
0.0536
0.050199999999999995
0.0523
0.0542
0.0561
0.41400000000000003
0.0956
0.0658
0.114
0.21689999999999998
0.187
0.3378
0.1656
0.0999
0.086
0.1142
0.0811
0.07769999999999999
0.0743
0.0674
0.15889999999999999
0.13390000000000002
0.1217
0.1167
0.11649999999999999
0.12179999999999999
0.16760000000000003
0.2173
0.1604
0.1577
0.17880000000000001
0.1981
0.18419999999999997
0.1739
0.182
0.3
0.8246
0.4677
0.6703
0.38370000000000004
0.6491
0.6028
0.5032000000000001
0.30110000000000003
0.0
0.0044
0.0
0.0
0.0
0.0
0.0253
0.3678
1.6372
0.8902
0.5806
0.8848
0.635
0.3254
0.1556
0.1217
1.0786
0.9079999999999999
1.0545
1.0364
0.004
0.0
0.0219
0.0091
0.1005
0.083
0.07669999999999999
0.0751
0.0769
0.0769
0.0945
0.13119999999999998
0.1655
0.1872
0.2288
0.3016
0.5468999999999999
0.13540000000000002
0.1238
0.1112
0.0972
0.9503
1.2631000000000001
0.329
0.2491
0.21639999999999998
0.15589999999999998
0.10930000000000001
0.11349999999999999
0.10450000000000001
0.1028
0.0984
0.0942
0.0964
0.1022
0.1079
0.11030000000000001
0.3418
0.29359999999999997
0.4596
0.4374
0.6341
0.18330000000000002
0.7154
0.1683
0.1366
0.1291
0.1333
0.1238
0.1227
0.11979999999999999
0.1178
0.0309
0.0114
0.0006
0.0103
0.0163
0.0083
0.0081
0.0095
0.0526
0.7819
0.041299999999999996
0.1607
0.1491
0.4939
0.174
0.1351
0.1528
0.08760000000000001
0.8042
0.7017
1.3249
0.2127
0.088
0.030199999999999998
0.1997
0.1509
0.13090000000000002
0.1196
0.1066
0.1163
0.1121
0.1258
0.1199
0.1377
0.16770000000000002
0.19069999999999998
0.3883
0.42469999999999997
0.275
0.443
0.9878
0.4981
0.566
0.4792
0.5114
0.5503
0.6477999999999999
0.5054
0.18819999999999998
0.15510000000000002
0.14250000000000002
0.1516
0.1492
0.10189999999999999
1.7279999999999998
1.2473
0.591
1.1349
0.3022
0.19130000000000003
0.16799999999999998
0.1986
0.23270000000000002
0.5436
1.1944
0.5
0.6002
0.5727
0.5019
0.5284
0.9601999999999999
0.2844
0.1105
0.12940000000000002
0.0738
0.061700000000000005
0.057999999999999996
0.048
0.0504
0.049600000000000005
0.0364
0.048
0.0751
0.0597
0.0555
0.07819999999999999
0.137
0.0989
0.0581
0.2124
0.4356
0.1775
0.48750000000000004
1.1712
0.1604
0.1483
0.061399999999999996
0.0507
0.0492
0.0446
0.0458
0.0448
0.0359
0.42310000000000003
0.014
0.0165
0.0027
0.09259999999999999
0.016399999999999998
0.0060999999999999995
0.0
0.17620000000000002
0.022600000000000002
0.0081
0.3734
0.0038
0.0254
0.0263
0.07730000000000001
0.0814
0.1149
0.1104
0.1028
0.1046
0.1054
0.10830000000000001
0.10830000000000001
0.10170000000000001
0.15289999999999998
0.1835
0.13720000000000002
0.1212
0.11080000000000001
0.10750000000000001
0.095
0.07339999999999999
0.22060000000000002
0.19369999999999998
0.0917
0.15089999999999998
0.3798
0.6581
0.0947
0.0988
0.0779
0.0638
0.0533
0.0584
0.0525
0.0342
0.035500000000000004
0.7485999999999999
0.4509
0.0078
0.0
0.0
0.0
0.0
0.0
0.0
0.0
0.0
0.11510000000000001
0.1668
0.1356
0.1739
0.20679999999999998
0.1263
0.0228
0.0045
0.008
0.0037
0.0045
0.0038
0.0029
0.0088
0.0077
0.0734
0.1665
0.5911
0.6183000000000001
0.4127
0.1164
0.196
0.8015
1.529
0.30879999999999996
0.11080000000000001
0.09309999999999999
0.0762
0.0619
0.0339
0.1755
0.192
0.15350000000000003
0.1276
0.1129
0.1056
0.10200000000000001
0.1059
0.1094
0.22
0.4125
0.7247
0.501
0.2549
0.22899999999999998
0.16770000000000002
0.12140000000000001
0.1166
0.2586
0.0709
0.09570000000000001
0.1124
0.18309999999999998
0.2032
0.0278
0.0313
0.0329
0.0283
0.032100000000000004
0.0262
0.39690000000000003
0.15
0.0
0.0
0.0
0.0
0.0
0.0
0.0
0.0
0.0
0.3304
0.7416
0.47430000000000005
0.163
0.1654
0.0743
0.0392
0.11779999999999999
0.1254
0.1522
0.1669
0.13490000000000002
0.1912
0.5
0.6177
0.451
0.3275
0.3087
0.2193
0.3304
0.37329999999999997
0.5851999999999999
0.1755
0.133
0.1347
0.1572
0.7205
0.3596
0.0921
0.0847
0.091
0.1621
0.1601
0.1745
0.17270000000000002
0.1718
0.2132
0.29169999999999996
0.4082
1.3780000000000001
0.4272
0.5811
1.2304
0.6175
0.5278
0.5372
1.1026
0.7436
0.3806
0.3648
0.38380000000000003
0.26990000000000003
0.193
0.15389999999999998
0.1565
0.2362
0.16749999999999998
0.1656
0.1723
0.1828
0.36350000000000005
0.333
0.23310000000000003
0.2101
0.2096
0.1992
0.1595
0.1824
0.1426
0.1027
0.07880000000000001
0.0837
0.7948
0.30479999999999996
0.6987
0.5742
0.6214999999999999
0.5503
0.2354
0.044899999999999995
0.036199999999999996
0.0429
0.0404
0.0393
0.0413
0.0427
0.0629
0.184
1.2244
0.3462
1.131
0.6413
0.2942
0.2587
0.45199999999999996
0.3808
0.322
0.3853
0.2386
0.2691
0.2263
0.138
0.0668
0.2359
0.20529999999999998
0.198
0.2167
0.2474
0.3739
1.6549
1.7196
0.8091
0.3412
0.2439
0.2254
0.2405
0.236
0.245
0.23249999999999998
0.36729999999999996
0.9326
0.755
0.7186
1.0103
0.9412
1.2569
1.1202
0.0539
0.048799999999999996
0.0401
0.039900000000000005
0.041
0.0458
0.08080000000000001
0.14379999999999998
0.1169
0.1273
0.1731
0.2727
0.2025
0.1276
0.1125
0.122
0.15339999999999998
0.2249
0.196
0.2345
0.24980000000000002
0.2248
0.15910000000000002
0.0863
0.10930000000000001
0.1075
0.11660000000000001
0.118
0.11349999999999999
0.1079
0.19790000000000002
0.18669999999999998
0.0809
0.1408
0.0659
0.0493
0.0448
0.045899999999999996
0.0471
0.0457
0.022
0.0
0.0
0.0045
0.0279
0.0553
0.0735
0.0816
0.28390000000000004
0.2573
0.2704
0.31699999999999995
0.2816
0.2217
0.19069999999999998
0.195
0.1816
0.24209999999999998
0.3275
0.2091
0.7118
0.5684
0.4357
0.3351
0.21000000000000002
0.14900000000000002
0.2021
0.2096
0.1938
0.22499999999999998
0.3016
0.302
0.3055
0.31899999999999995
0.2305
0.19979999999999998
0.1772
0.14900000000000002
0.1306
0.1215
0.1199
0.1405
0.1619
0.15410000000000001
0.17980000000000002
0.2227
0.1639
0.15789999999999998
0.1532
0.2002
0.3107
0.2716
0.4403
0.4877
0.38
0.3015
0.09559999999999999
0.08940000000000001
0.0848
0.0851
0.08460000000000001
0.0936
0.1294
0.1746
0.1774
0.1533
0.1191
0.098
0.1123
0.1198
0.1116
0.1046
0.0952
0.156
0.2606
0.19569999999999999
0.2126
0.2183
0.1663
0.1114
0.12279999999999999
0.122
0.1147
0.1147
0.1243
0.1865
0.22970000000000002
0.2207
0.223
0.3375
0.27799999999999997
0.1888
0.2243
0.2364
0.2481
0.3647
0.7899
0.3835
0.7761
0.48419999999999996
0.7053
0.63
0.16549999999999998
0.11
0.0907
0.0476
0.9367
1.0026
0.4343
0.4607
0.9245000000000001
0.5515
0.1008
0.09
0.0441
0.0282
0.0482
0.07189999999999999
0.0826
0.056600000000000004
0.062
0.0727
0.9731000000000001
0.6509
0.5403
0.4447
0.33899999999999997
0.2102
0.0265
0.027
0.0518
0.06670000000000001
0.06259999999999999
0.1814
0.3811
0.5002
1.0618
1.6885
2.8009
1.9296
1.6044
1.2771
1.6076000000000001
2.0046999999999997
0.673
0.48560000000000003
0.6566000000000001
0.32080000000000003
0.047200000000000006
0.0113
0.048
0.0759
0.4848
0.39580000000000004
0.4349
0.4168
0.3622
0.355
0.3571
0.3476
0.9465999999999999
0.2349
0.1532
0.279
0.3001
0.1882
0.16749999999999998
0.2464
0.5367
0.4303
1.1942
1.0886
0.38230000000000003
0.1716
0.1689
0.3065
0.1036
0.0834
0.0751
0.0752
0.07250000000000001
0.0721
0.0928
0.21209999999999998
0.2898
0.1671
0.2645
0.1618
0.1629
0.1721
0.2857
0.23299999999999998
0.19190000000000002
0.4053
0.1592
0.7343999999999999
0.4187
0.7193
0.4942
0.1373
0.0
0.0
0.0
0.0
0.0
0.0
0.0
0.0657
0.28190000000000004
0.028200000000000003
0.1269
0.3947
0.0428
0.025500000000000002
0.037
0.3327
0.3048
0.09140000000000001
0.2097
0.17759999999999998
0.053500000000000006
0.0
0.0
0.0
0.1528
0.1537
0.15660000000000002
0.1612
0.156
0.14989999999999998
0.1538
0.1652
0.1792
0.2334
0.18059999999999998
0.2519
0.3245
0.37429999999999997
0.19629999999999997
0.1725
0.1548
0.14600000000000002
0.18
0.1915
0.19290000000000002
0.1591
0.133
0.1315
0.0732
0.0681
0.0686
0.0636
0.0568
0.07569999999999999
0.0701
0.611
0.3123
0.1518
0.3418
0.21810000000000002
0.1794
0.18369999999999997
0.21760000000000002
0.2747
0.5108
0.28359999999999996
0.2905
0.30010000000000003
0.2782
0.18180000000000002
0.10239999999999999
0.08360000000000001
0.1764
0.1563
0.1456
0.1417
0.1316
0.1384
0.1346
0.15610000000000002
0.28600000000000003
0.6568
0.2796
0.31420000000000003
0.223
0.2632
0.3459
0.197
1.2970000000000002
0.7189
0.1605
0.1477
0.1646
0.1642
0.1608
0.1502
0.29190000000000005
0.2195
0.2266
0.2266
0.18969999999999998
0.1961
0.24180000000000001
0.2935
1.3962999999999999
0.5657
0.5324
0.8342
0.358
0.45809999999999995
0.5113
1.8100999999999998
2.2245
1.2444
0.2917
0.3222
0.5553
0.8181
0.6327
0.4151
0.09509999999999999
0.0896
0.08990000000000001
0.0848
0.0865
0.094
0.1266
0.2079
0.3951
0.3829
0.5275
0.398
0.3506
0.3004
0.32
0.671
0.4286
0.2766
0.2469
0.27769999999999995
0.2645
0.20779999999999998
0.1425
0.1092
0.0646
0.052199999999999996
0.052199999999999996
0.0468
0.045
0.051699999999999996
0.0682
0.10089999999999999
0.1648
0.3369
0.2361
0.14429999999999998
0.18
0.416
0.6063000000000001
0.4761
0.5183
0.5634
0.4743
0.4384
0.3015
0.2123
0.1382
0.08929999999999999
0.0842
0.07669999999999999
0.07189999999999999
0.07020000000000001
0.0713
0.0837
0.1293
0.1735
0.1807
0.2388
0.2112
0.18009999999999998
0.1984
0.1862
0.1809
0.2424
0.3081
0.2772
0.31110000000000004
0.26439999999999997
0.2599
0.2495
0.18080000000000002
0.1105
0.0674
0.059
0.0592
0.0547
0.054900000000000004
0.056999999999999995
0.0775
0.11080000000000001
0.1496
0.1867
0.2499
0.27890000000000004
0.6296
0.3342
0.2524
0.691
0.4636
0.28559999999999997
0.4384
0.5214
0.4424
0.27490000000000003
0.1372
0.08560000000000001
0.13090000000000002
0.12689999999999999
0.1272
0.1346
0.152
0.1866
0.1487
0.14629999999999999
0.14550000000000002
0.14529999999999998
0.12340000000000001
0.1137
0.14400000000000002
0.1857
0.18330000000000002
0.2253
0.2551
0.239
0.2001
0.1871
0.20129999999999998
0.1985
0.1573
0.1333
0.1769
0.1664
0.1626
0.165
0.1615
0.1661
0.1765
0.3071
0.3971
0.1987
0.15689999999999998
0.14479999999999998
0.1814
0.20079999999999998
0.2033
0.2266
0.28490000000000004
0.2383
0.2257
0.3936
0.6304000000000001
0.3185
0.2212
0.1815
0.0
0.0
0.0
0.0
0.0
0.0
0.0
0.0011
0.7039
0.635
0.2652
0.0
0.0
0.0
0.0
0.83
0.0262
0.0
0.0
0.0
0.0
0.0
0.0
0.0
0.055
0.060700000000000004
0.06
0.0498
0.060399999999999995
0.0627
0.7441
0.6054
0.33599999999999997
1.0055
0.7872
0.24620000000000003
0.3165
0.4144
0.6212
0.6436999999999999
0.2696
0.28759999999999997
0.29369999999999996
0.5801000000000001
0.7768999999999999
0.8966
0.4095
0.1278
0.0398
0.0404
0.0356
0.0431
0.047299999999999995
0.08660000000000001
0.0409
0.0
0.0
0.0
0.0
0.0
0.0
0.0
0.0
0.0008
0.13879999999999998
0.7267
0.5098
0.4018
0.07909999999999999
0.0014
0.0022
0.0215
0.0
0.0
0.0
0.003
0.0
0.0
0.0
0.23470000000000002
0.1825
0.3406
1.9003
0.29200000000000004
0.0943
0.0
1.0667
2.4876
0.8523
0.345
0.6322
0.44600000000000006
0.37360000000000004
0.35860000000000003
0.19369999999999998
0.0099
0.0372
0.0388
0.0353
0.039099999999999996
0.0442
0.1187
0.138
0.09459999999999999
0.09609999999999999
0.1154
0.09759999999999999
0.0673
0.0991
0.112
0.1324
0.22540000000000002
0.2629
0.2943
0.7303999999999999
0.4738
0.5736
0.2803
0.0682
0.0234
0.1708
0.1592
0.17020000000000002
0.19140000000000001
0.4058
0.9675
0.6489
0.7456
0.7947
0.4556
0.32330000000000003
0.3669
0.4898
0.6834
0.5214
0.3629
0.44610000000000005
1.315
0.4557
1.0361
0.9661
0.3251
0.2141
0.17930000000000001
0.0284
0.0195
0.019700000000000002
0.0231
0.0274
0.065
0.9319
1.391
0.063
0.0397
0.0487
0.061200000000000004
0.0884
0.07899999999999999
0.0766
0.1207
1.3888
1.3139
0.48860000000000003
0.7596999999999999
0.1407
0.0033
0.0
0.0187
0.11649999999999999
0.1105
0.1253
0.1444
0.1462
0.1764
0.37170000000000003
0.2015
0.0946
0.1338
0.035699999999999996
0.0377
0.0587
0.0764
0.09670000000000001
0.1998
0.0883
0.0556
0.2626
0.26880000000000004
0.4696
0.36970000000000003
0.3863
0.2859
0.5165
0.5209
0.5286
0.5818
0.5181
0.46030000000000004
0.4511
0.6336999999999999
0.9999
1.0972
0.29479999999999995
0.3919
0.41900000000000004
0.38439999999999996
0.3284
1.1545
0.36429999999999996
0.3045
0.2686
0.3437
0.3852
0.40690000000000004
0.4599
0.4719
0.0761
0.0497
0.0444
0.0414
0.0327
0.0353
0.027700000000000002
0.0386
0.0945
0.0842
0.0932
0.1027
0.0684
0.0827
0.1303
0.3308
1.4
0.226
0.1033
0.1212
0.1882
0.2999
0.31179999999999997
0.16519999999999999
0.09290000000000001
0.0884
0.0843
0.0885
0.1066
0.17209999999999998
0.15100000000000002
0.1002
0.08449999999999999
0.0736
0.0629
0.0789
0.2557
0.1649
0.20450000000000002
0.5505
0.6132
0.4505
0.1691
0.489
0.3033
0.1346
0.09659999999999999
0.091
0.1588
0.1457
0.1515
0.16649999999999998
0.1663
0.1629
0.193
0.5951
0.7546
0.2621
0.0424
0.048799999999999996
0.0357
0.032
0.0133
0.031
0.1263
0.11460000000000001
0.6562
0.4554
0.3994
0.5045
0.8352999999999999
0.40540000000000004
0.1108
0.08760000000000001
0.0865
0.0859
0.0754
0.045
1.3299
1.3511
0.28390000000000004
1.6684999999999999
0.2643
0.0384
0.024300000000000002
0.0318
0.0007
0.0274
0.14939999999999998
0.1085
0.1529
0.3117
0.33020000000000005
0.3699
0.39039999999999997
0.1688
0.2256
0.184
0.18130000000000002
0.17159999999999997
0.16299999999999998
0.1685
0.17659999999999998
0.1936
0.21
0.2459
1.0645
0.23809999999999998
0.2644
0.2824
1.5088
0.2556
0.2581
0.2773
0.2449
0.2142
0.3977
1.0032
0.32130000000000003
0.2391
0.10550000000000001
0.1041
0.0975
0.0937
0.0986
0.1038
0.113
0.1111
0.1567
0.7792999999999999
0.24989999999999998
0.06870000000000001
0.06470000000000001
0.0991
0.35019999999999996
0.44809999999999994
0.18009999999999998
0.2076
0.2712
0.3775
0.27359999999999995
0.3134
0.1656
0.1003
0.21660000000000001
0.19890000000000002
0.1931
0.1901
0.1839
0.1932
0.20350000000000001
0.2195
0.2229
0.1958
0.19140000000000001
0.3244
0.5362
0.8892
0.439
0.31510000000000005
0.2939
0.3466
0.3772
0.442
0.5199
0.2975
0.239
0.2119
0.1649
0.1352
0.1429
0.1366
0.13219999999999998
0.14250000000000002
0.1627
0.1502
1.1606
1.5795
1.0318
0.9904999999999999
0.7655000000000001
0.7562
1.3348
1.3616000000000001
0.8679
1.8577
1.6397
1.0310000000000001
0.8458
0.5710999999999999
0.37039999999999995
0.2428
0.3916
0.35750000000000004
0.3641
0.3496
0.33509999999999995
0.3542
0.3785
0.42269999999999996
0.473
0.3214
0.2803
0.7281
1.9405000000000001
1.0609000000000002
0.6784
1.0221
0.8122
0.3329
0.2882
0.5461
0.7201
0.4676
0.42500000000000004
0.3571
0.07239999999999999
0.0695
0.0698
0.0651
0.07200000000000001
0.1352
0.3417
0.1691
0.0934
0.1086
0.09179999999999999
0.0764
0.0869
0.0926
0.0923
0.1023
0.19269999999999998
0.34309999999999996
0.8248
0.8685
1.0166
0.7234
1.2058
1.4504
0.0263
0.0221
0.0263
0.0235
0.054099999999999995
0.3364
0.2536
0.0694
0.0349
0.0374
0.0157
0.008400000000000001
0.0132
0.0089
0.0268
0.5373
0.6099
0.21300000000000002
0.5906
0.24630000000000002
0.0679
0.059
0.039599999999999996
0.0391
0.13979999999999998
0.1452
0.13290000000000002
0.09920000000000001
0.0689
0.0363
0.0215
0.022199999999999998
0.0228
0.0385
0.0366
0.0316
0.025
0.0737
0.0458
0.0293
0.0286
0.0401
0.0852
0.0875
0.1283
0.1572
0.1303
0.11460000000000001
0.0911
0.0711
0.06620000000000001
0.0635
0.0601
0.065
0.1022
0.0969
0.0446
0.0311
0.0228
0.0172
0.0233
0.0241
0.0168
0.5873999999999999
0.1626
0.41659999999999997
0.2259
0.17930000000000001
0.1987
0.1994
0.198
0.1562
0.2827
0.2157
0.2835
0.36
0.2348
0.21710000000000002
0.2072
0.2475
0.2097
0.2288
0.1785
0.17020000000000002
0.4027
0.8056000000000001
0.7743
0.32630000000000003
1.4429
0.7511
0.22820000000000001
0.24730000000000002
0.22649999999999998
0.24609999999999999
0.3642
0.2998
0.0676
0.0656
0.0638
0.059
0.0675
0.1367
0.1844
0.089
0.0594
0.0624
0.0582
0.049699999999999994
0.08610000000000001
0.0816
0.07189999999999999
0.09720000000000001
0.4813
0.9662999999999999
0.7208000000000001
0.4971
0.4903
0.4224
0.3653
0.1345
0.0319
0.0277
0.033100000000000004
0.0498
0.0469
0.0646
0.0797
0.3387
0.4265
0.47500000000000003
0.0451
0.0005
0.19540000000000002
0.026199999999999998
0.039900000000000005
0.12940000000000002
0.9112
0.43069999999999997
0.4106
0.1096
0.007699999999999999
0.0
0.0
0.011300000000000001
0.6019
0.40880000000000005
0.2055
0.15860000000000002
0.13369999999999999
0.1434
0.1543
0.13979999999999998
0.2279
0.3544
0.46130000000000004
0.26959999999999995
0.2074
0.2395
0.2787
0.1996
0.2866
0.3634
0.49650000000000005
1.0011
1.1313
1.488
0.258
0.23620000000000002
0.1688
0.1612
0.1515
0.1457
0.1446
0.15400000000000003
0.1739
0.1973
0.2773
0.3937
0.5032
0.3671
0.2499
0.2521
0.2582
0.2527
0.8351999999999999
0.5059
0.5604
0.5432
0.9482
0.5833
0.1799
0.1558
0.0239
0.0143
0.0152
0.0106
0.009600000000000001
0.0058
0.0127
0.0278
0.0314
0.4664
0.0742
0.274
0.4603
0.2294
0.0099
0.0537
0.09480000000000001
0.0503
0.0234
0.008799999999999999
0.0058
0.0112
0.027700000000000002
0.028499999999999998
0.0242
0.034
0.0786
0.0881
0.0167
0.0003
0.0
0.0
0.0
0.6031
0.0
0.0
0.1641
0.0515
0.0063999999999999994
0.0
0.0
0.0178
0.0766
0.0074
0.0
0.0171
0.1188
0.0879
0.035699999999999996
0.0247
0.0228
0.0169
0.0060999999999999995
0.003
0.0007
0.004
0.0
0.09319999999999999
0.001
0.1347
0.2195
0.1901
0.09359999999999999
0.7623
0.1225
0.047
0.1013
0.0834
0.0673
0.0718
0.12380000000000001
0.1144
0.0074
0.0031
0.0
0.0089
0.0084
0.0073
0.06659999999999999
0.0813
0.2132
0.10869999999999999
0.0684
0.0594
0.0712
0.0579
0.0548
0.0568
0.0693
0.2562
1.2523
0.7152000000000001
1.3608
1.0332
0.0044
0.0199
0.2413
0.2308
0.2215
0.2253
0.2034
0.19590000000000002
0.1996
0.2218
0.2683
0.5562
0.2622
0.1891
0.5227999999999999
0.45990000000000003
0.37570000000000003
0.26180000000000003
0.2266
0.6893
0.1866
0.2067
0.1824
0.18209999999999998
0.18180000000000002
0.1886
0.0277
0.0
0.0173
0.0
0.0
0.0
0.008
0.0178
0.0316
0.0309
0.061
0.077
0.0409
0.05500000000000001
0.29679999999999995
0.0294
0.030900000000000004
0.3112
0.601
1.692
0.9795
1.0728
0.11760000000000001
0.0297
0.0633
0.047799999999999995
0.0547
0.055099999999999996
0.049600000000000005
0.06319999999999999
0.0654
0.0953
0.09659999999999999
0.0947
0.1305
0.631
0.3483
0.598
0.1252
0.0804
0.6940000000000001
0.7169
0.6455
0.20429999999999998
0.178
0.14429999999999998
0.1013
0.074
0.14839999999999998
0.13629999999999998
0.1427
0.1248
0.10919999999999999
0.1181
0.1181
0.1412
0.2284
0.0704
0.0007
0.009
0.0265
0.056
0.7643
0.48719999999999997
0.0911
0.1638
0.1493
0.368
0.6024
1.0009
0.5501
0.2182
0.14150000000000001
0.1321
0.1286
0.13119999999999998
0.13490000000000002
0.1469
0.1748
0.1797
0.198
0.2564
0.2047
0.1395
0.1418
0.1788
0.2036
0.2529
0.30720000000000003
0.7442
0.3338
0.26470000000000005
0.2581
0.2954
0.23920000000000002
0.1683
0.0482
0.0363
0.034199999999999994
0.032
0.0344
0.0388
0.045399999999999996
0.07930000000000001
0.1475
0.2102
0.2539
0.2711
0.6319
0.30569999999999997
0.33499999999999996
0.6238
0.3627
0.3595
0.4125
0.46140000000000003
0.5166000000000001
0.5445
0.35119999999999996
0.1277
0.0764
0.07269999999999999
0.06920000000000001
0.0644
0.0739
0.07830000000000001
0.8294
0.644
0.362
0.39649999999999996
0.4123
0.2686
0.236
0.2107
0.17809999999999998
0.1508
0.12179999999999999
0.1671
0.4819
0.22410000000000002
0.14679999999999999
0.1001
0.0789
0.0716
0.1101
0.1102
0.124
0.1073
0.1004
0.10289999999999999
0.1027
0.0796
0.0998
0.237
0.08399999999999999
0.3746
0.31999999999999995
0.2515
0.5226999999999999
0.45280000000000004
0.1051
0.0936
0.5428999999999999
0.2959
0.7727999999999999
0.123
0.1217
0.11699999999999999
0.626
0.4133
0.4127
0.33999999999999997
0.3396
0.5996
0.46549999999999997
0.3034
0.25429999999999997
0.2025
0.0896
1.4411
0.5344
0.4256
0.3405
0.3331
0.3135
0.2965
0.14
0.0241
0.0445
0.0083
0.0437
0.2122
0.0
0.0
0.0
0.0
0.0
0.0
0.0
0.6443
0.1563
0.6028
0.4921
0.0
0.0
0.0
0.0195
0.0009
0.0
0.0
0.0
0.0
0.0
0.0
0.0
0.0
0.3952
0.3276
0.3204
0.3175
0.3404
0.3166
0.281
0.2764
0.2591
0.2391
0.20450000000000002
0.20800000000000002
0.5523
0.7484999999999999
0.753
0.7181
1.5788
0.8462000000000001
0.5489999999999999
0.663
0.7063999999999999
0.9260999999999999
1.2173
1.0116
0.1892
0.17859999999999998
0.17520000000000002
0.17320000000000002
0.17980000000000002
0.20329999999999998
0.2599
0.2777
0.30100000000000005
0.3573
0.3525
0.29269999999999996
0.36160000000000003
0.3473
0.4003
0.7184999999999999
0.4966
0.3995
0.44389999999999996
0.4618
0.401
0.3651
0.2905
0.2245
0.12140000000000001
0.12090000000000001
0.1195
0.11410000000000001
0.1158
0.2658
0.316
0.2483
0.2567
0.35209999999999997
0.3635
0.2118
0.2972
0.3398
0.328
0.9111
0.2711
0.1376
0.1179
0.1246
0.311
0.4648
0.2054
0.134
0.0636
0.0178
0.043300000000000005
0.03
0.0236
0.0097
0.0
0.0
0.0059
0.0005
0.0054
0.2096
1.2652
1.5596999999999999
0.5745
2.375
1.6716
0.2389
0.2123
0.5111
0.8236
0.2366
0.1858
0.1402
0.1671
0.1168
0.0915
0.1076
0.0999
0.0983
0.11299999999999999
0.1812
0.2557
0.18180000000000002
0.1529
0.15860000000000002
0.14700000000000002
0.1333
0.1191
0.14700000000000002
0.1265
1.3601
3.3217
3.2640000000000002
1.1546
0.3829
0.4723
0.49739999999999995
0.0781
0.0821
0.0797
0.0811
0.0832
0.10300000000000001
0.1306
0.3317
0.34940000000000004
0.2865
0.3424
0.1258
0.1408
0.0964
0.0761
0.07339999999999999
0.1101
0.1366
0.4205
0.2453
0.10519999999999999
0.06
0.0453
0.053
0.1614
0.1718
0.1734
0.1666
0.18180000000000002
0.216
0.2935
0.37360000000000004
0.9550000000000001
0.6894
0.8860000000000001
0.22909999999999997
0.1859
0.2647
0.44089999999999996
0.3692
0.9616
0.5359
0.5388
1.1797
0.6731
0.3523
0.15660000000000002
0.1407
0.1531
0.1671
0.1503
0.1142
0.0964
0.0762
0.0634
0.0747
0.0833
0.1106
0.156
0.0956
0.0706
0.0816
0.1713
0.0946
0.0314
0.0008
0.0013
0.0009
0.6507000000000001
0.2288
0.1544
0.1376
0.0213
0.0213
0.0229
0.0281
0.019799999999999998
0.0025
0.0
0.0
0.0
0.0
0.0
0.0
0.0
0.0
0.0
0.0
0.0147
0.0184
0.0029999999999999996
0.1082
0.1101
0.1383
0.0693
0.036000000000000004
0.3211
0.30169999999999997
0.2901
0.28690000000000004
0.30269999999999997
0.3297
0.4108
0.5936
0.6722
0.5346
0.4293
0.4663
0.7037
0.4496
0.3722
0.3927
0.5099
1.0692
0.7821
1.4665
0.6289
0.5886
0.5173
0.4017
0.07880000000000001
0.0883
0.08380000000000001
0.0751
0.0905
0.09240000000000001
0.1162
0.13740000000000002
0.14150000000000001
0.17520000000000002
0.1023
0.09040000000000001
0.4893
1.4176
0.324
0.9585999999999999
3.027
0.8175000000000001
0.3415
0.3978
0.2389
0.2912
1.3316
0.0361
0.368
0.2959
0.2056
0.2031
0.1974
0.1911
0.2013
0.2331
0.2212
0.23070000000000002
0.4173
0.3089
0.2905
0.2781
0.4226
0.4638
0.3528
1.452
0.8252999999999999
0.6072
0.8965
1.8335
0.5572
0.32230000000000003
0.0083
0.006
0.0242
0.0232
0.0308
0.0716
0.11960000000000001
0.1476
0.1137
0.0509
0.0885
0.8441
0.2791
0.3963
0.2855
0.4224
0.7567
0.7901
0.2641
0.0784
0.0375
0.0
0.0
0.005
0.10700000000000001
0.094
0.0857
0.0911
0.0916
0.0922
0.0832
0.06130000000000001
0.042300000000000004
0.0412
0.031
0.024
0.0287
0.038400000000000004
0.0557
0.1217
0.35
0.5555000000000001
0.6376999999999999
0.4184
1.0070000000000001
0.3829
0.23570000000000002
0.16160000000000002
0.1916
0.1764
0.18209999999999998
0.1879
0.2238
0.2738
0.18109999999999998
0.113
0.108
0.36819999999999997
0.1617
0.1523
0.3181
0.1864
0.2131
0.3186
0.1522
0.1232
0.23020000000000002
0.5548
0.5036
0.4376
0.47650000000000003
0.32
0.0026
0.0005
0.0
0.0002
0.0
0.0
0.0014
0.0287
0.0977
0.14679999999999999
0.0277
0.0013
0.0121
0.0264
0.0303
0.037
0.0208
0.0226
0.0382
0.1127
0.1436
0.1548
0.06559999999999999
0.0071
0.1972
0.1728
0.1621
0.1542
0.1417
0.1479
0.1543
0.1773
0.16010000000000002
0.2604
0.25670000000000004
0.20879999999999999
0.2094
0.3706
0.4074
0.33030000000000004
1.8587
2.2062999999999997
0.8958999999999999
0.5125000000000001
0.3967
0.5111
1.3087
0.23049999999999998
0.1053
0.0813
0.0801
0.0889
0.0766
0.0684
0.2039
0.6387
0.6566
0.6343
0.5727
0.38780000000000003
0.3392
0.3255
0.35150000000000003
0.4225
2.5378
1.0215999999999998
0.9738
2.1012
2.8640999999999996
0.2435
0.1038
0.1128
0.0377
0.028
0.0322
0.0451
0.0269
0.0274
0.0416
0.9957999999999999
0.4382
0.0444
0.40780000000000005
0.0374
0.0305
0.022600000000000002
0.0089
0.0201
0.3019
0.0547
0.0877
0.435
0.1322
0.2198
0.20679999999999998
0.0986
0.0451
0.0371
0.043399999999999994
0.0484
0.034699999999999995
0.0436
0.0422
0.0368
0.028700000000000003
0.12869999999999998
0.3432
1.0289000000000001
0.5189
0.7658
0.6322
1.1355
2.237
2.1949
1.5038
1.6669
1.3
0.4854
0.1777
0.0748
0.137
0.1281
0.0842
0.0752
0.0653
0.067
0.07150000000000001
0.0944
0.0973
0.098
0.39390000000000003
0.1596
0.18080000000000002
0.1298
0.1843
0.1481
0.1055
0.0982
0.3988
0.40459999999999996
0.6068
0.3819
0.31089999999999995
0.209
0.1444
0.1935
0.2448
0.24230000000000002
0.14850000000000002
0.1101
0.0382
2.3367
1.0143
0.0
0.0099
0.0185
0.031100000000000003
0.0136
0.0
0.0
0.0045
0.0014
0.2208
1.1773
0.11100000000000002
0.3031
0.2592
0.1726
0.2134
0.1855
0.2277
0.21339999999999998
0.128
0.1123
0.1184
0.1359
0.3667
1.5783
0.5216999999999999
0.1135
0.5049
0.0834
0.1641
0.11359999999999999
0.0659
0.0581
0.0388
0.0495
0.046
0.11199999999999999
0.271
0.288
0.0568
0.0554
0.060700000000000004
0.058899999999999994
0.0565
0.0814
0.15089999999999998
0.2395
0.159
0.1267
0.2019
0.23210000000000003
0.179
0.1447
0.1276
0.6628000000000001
0.5443
0.0576
0.0743
0.1227
0.11699999999999999
0.0799
0.051100000000000007
0.0537
0.035699999999999996
0.0259
0.0331
0.022600000000000002
0.015799999999999998
0.014
0.0077
0.0128
0.0281
0.6693
0.7979999999999999
0.4163
0.0927
0.1171
0.19340000000000002
0.47450000000000003
0.1136
0.11939999999999999
0.0952
0.0939
0.0827
0.0771
0.0655
0.0508
0.0
0.0
0.0
0.0
0.0085
0.0
0.8438
0.8541000000000001
0.0
0.0
0.0
0.0
0.0
0.0
0.0
0.0
0.0
0.5753
0.3477
0.6156
0.4642
0.0
0.0
0.0
0.1633
0.1254
0.1197
0.1099
0.10300000000000001
0.1066
0.11699999999999999
0.1671
0.198
0.2455
0.4206
1.1235
0.7896000000000001
0.7609
0.2681
0.2364
0.865
0.6316
1.5812
0.8356
0.6835
0.5720000000000001
0.4101
0.2537
0.1281
0.11910000000000001
0.1256
0.1171
0.1162
0.1038
1.0828
0.5386
0.18
0.1812
0.1474
0.1424
0.1462
0.14029999999999998
0.128
0.6667000000000001
0.42360000000000003
0.19280000000000003
0.5544
0.4622
0.3526
0.3114
0.2136
0.1609
0.2495
0.22210000000000002
0.2117
0.203
0.2018
0.2102
0.2188
0.2533
0.2462
0.2173
0.2579
0.43489999999999995
0.9312
0.45389999999999997
0.5244
0.3161
0.31489999999999996
0.2381
0.1922
0.2578
0.3539
0.3348
0.3033
0.2693
0.2057
0.1873
0.1884
0.1889
0.19269999999999998
0.238
0.35660000000000003
0.1585
0.0697
0.0599
0.0627
0.0499
0.0506
0.045899999999999996
0.0523
0.0663
0.0723
0.6199
0.8908
0.6930000000000001
0.5155
0.2363
0.2165
0.19840000000000002
0.042499999999999996
0.029699999999999997
0.0262
0.0295
0.0345
0.057800000000000004
0.0323
0.0221
0.0123
0.0208
0.0089
0.0115
0.1479
0.0858
0.0451
0.1112
0.0674
0.035699999999999996
0.0417
0.0437
0.0751
0.09090000000000001
0.10020000000000001
0.07100000000000001
0.1468
0.13840000000000002
0.1306
0.118
0.1115
0.1052
0.10189999999999999
0.0932
0.3216
0.9530000000000001
0.5498000000000001
0.1909
0.08360000000000001
0.0849
0.0796
0.0712
0.10139999999999999
0.1517
0.2098
0.27859999999999996
0.2493
0.19419999999999998
0.1503
0.1355
0.0504
0.0031
0.0307
0.003
0.0
0.0007
0.0
0.009
0.0
0.0022
0.033100000000000004
0.29719999999999996
1.0817999999999999
1.2417
1.759
1.4895
1.9368
1.0559
0.7672
1.1854
1.8537
0.9919
0.9331
0.6692
0.0069
0.0015
0.0098
0.004
0.0028
0.0138
0.0215
0.4752
1.7759
1.0392000000000001
1.8285999999999998
1.0883
0.202
0.15689999999999998
0.0721
0.1118
0.9056
0.3064
0.6893
0.3999
0.0505
0.014599999999999998
0.015
0.0145
0.017599999999999998
0.0191
0.0148
0.015
0.016800000000000002
0.0181
0.024
0.0446
0.12129999999999999
0.8068000000000001
0.2604
0.4273
0.2197
0.2921
0.18789999999999998
0.0854
0.09770000000000001
0.18
0.1642
0.1699
0.1263
0.0722
0.0281
0.016800000000000002
0.09820000000000001
0.06709999999999999
0.0633
0.052500000000000005
0.059899999999999995
0.0592
0.07669999999999999
0.1642
0.183
0.12010000000000001
0.1451
0.1669
0.14629999999999999
0.138
0.18130000000000002
0.1632
0.12229999999999999
0.7154
1.6225999999999998
0.2518
0.3581
0.4043
0.46799999999999997
0.3708
0.12129999999999999
0.1008
0.0896
0.0748
0.06889999999999999
0.0808
0.0898
0.1096
0.1101
0.1096
0.1129
0.1209
0.7596
1.0030999999999999
0.1911
0.20879999999999999
0.1992
0.3444
0.8150999999999999
0.2429
0.2272
0.6819000000000001
1.0153
0.4888
0.10980000000000001
0.10089999999999999
0.0995
0.094
0.0963
0.1058
0.1335
0.17099999999999999
0.3095
0.3408
0.4616
0.8421000000000001
0.4677
0.3325
0.3194
0.25870000000000004
0.5383
0.3184
0.30269999999999997
0.4889
0.3604
0.2669
0.1652
0.1201
0.0683
0.0588
0.0526
0.0529
0.052000000000000005
0.054400000000000004
0.060899999999999996
0.0958
0.1
0.0902
0.0922
0.099
0.0726
0.07680000000000001
0.0748
0.0941
0.1089
0.1502
0.3096
0.1987
0.2518
0.2141
0.1401
0.09559999999999999
0.0577
0.0562
0.0618
0.056
0.0506
0.0611
0.0684
0.10070000000000001
0.6024
0.053399999999999996
0.0441
0.018799999999999997
0.0199
0.039900000000000005
0.0374
0.7468
0.6194
0.6977
0.0819
0.0739
0.1094
0.0802
0.0615
0.0534
0.0422
0.032600000000000004
0.035
0.0241
0.032
0.0262
0.5114
0.4134
0.1884
0.3477
0.3453
0.2703
0.2781
0.2135
0.2126
0.2766
0.6017
0.4037
0.7033
0.33089999999999997
0.6057
0.4102
0.1607
0.0482
1.757
0.6606
0.0926
0.6166
1.7293
0.26890000000000003
0.1642
0.2011
0.1794
0.177
0.1567
0.2259
0.4559
0.3497
0.3281
0.30779999999999996
0.2522
3.2023
2.0697
1.9146999999999998
0.8068
0.4303
0.345
0.2795
0.0776
0.06620000000000001
0.0687
0.0718
0.0744
0.0942
0.1402
0.272
0.4879
0.3431
0.1407
0.067
0.0817
0.128
0.29460000000000003
0.3108
0.3122
1.2287
0.2947
0.2025
0.1552
0.12
0.0882
0.0742
0.12359999999999999
0.1315
0.1325
0.1345
0.1347
0.14100000000000001
0.1524
0.1718
0.1503
0.3295
0.2371
0.2913
0.5234000000000001
0.3425
0.4686
0.22369999999999998
0.1225
0.09129999999999999
0.0935
0.3171
0.191
0.1257
0.1019
0.1026
0.058800000000000005
0.0477
0.0455
0.0461
0.025
0.008199999999999999
0.0013
0.0032
0.0007
0.0018
0.0
0.0043
0.0103
0.0174
0.0509
0.14409999999999998
0.7908
0.5236999999999999
0.5117
0.22660000000000002
0.044
0.0596
0.1169
0.1206
0.11610000000000001
0.1063
0.10350000000000001
0.101
0.09459999999999999
0.10650000000000001
0.11939999999999999
0.446
0.2241
0.5183
0.4304
0.0944
0.1053
0.1132
0.1254
0.39239999999999997
0.44120000000000004
0.3156
0.10880000000000001
0.0974
0.15560000000000002
0.1262
0.1427
0.1262
0.015300000000000001
0.009000000000000001
0.0053
0.0067
0.0055
0.0028
0.0
0.0245
0.088
0.0276
0.0056
0.0
0.0
0.0060999999999999995
0.0141
0.0431
0.0383
0.0212
0.0374
0.0731
0.1126
0.1295
0.0755
0.032
0.0382
0.019
0.0222
0.0225
0.0247
0.0131
0.0375
0.05790000000000001
0.0806
0.0922
0.9944
0.26
0.6102000000000001
0.40070000000000006
0.5201
0.3112
0.20079999999999998
0.8607
0.2622
0.2064
0.1271
0.08660000000000001
0.07100000000000001
0.055999999999999994
0.13190000000000002
0.13040000000000002
0.12190000000000001
0.1231
0.1263
0.14650000000000002
0.26990000000000003
0.3155
0.3826
0.32699999999999996
0.2719
0.1355
0.13390000000000002
0.1483
0.1382
0.1487
0.2041
0.3498
0.14750000000000002
0.6759
0.4834
0.5508
0.227
0.1388
0.23809999999999998
0.20379999999999998
0.19669999999999999
0.18469999999999998
0.1619
0.1946
0.22610000000000002
0.33799999999999997
0.4833
0.9417
1.0982
1.0713
0.591
0.5103
2.024
1.8559
0.4082
0.4317
0.3982
0.43879999999999997
0.4425
0.5625
1.2923
0.5933
0.0
0.0
0.0
0.0
0.0
0.0
0.0
0.0
0.9634
0.9498
0.3421
0.3111
0.2637
0.0
0.0
0.7547
1.4913
0.0716
0.1256
0.0
0.0
0.0
0.0
0.0
0.1315
0.12040000000000001
0.11510000000000001
0.113
0.121
0.1394
0.16699999999999998
0.14479999999999998
0.1414
0.2732
0.1545
0.1699
0.2596
0.1743
0.1279
0.14200000000000002
0.1328
0.1513
0.3785
0.8383999999999999
0.41890000000000005
0.3451
0.2881
0.2006
0.08330000000000001
0.0791
0.0751
0.0743
0.07469999999999999
0.0796
0.0902
0.1016
0.1353
0.1375
0.1241
0.10800000000000001
0.1246
0.13490000000000002
0.1555
0.1393
0.1624
0.2323
0.2207
0.2995
0.17109999999999997
0.12129999999999999
0.0835
0.07189999999999999
0.0594
0.054099999999999995
0.0541
0.0536
0.05499999999999999
0.06409999999999999
0.1402
0.1516
0.08
0.087
0.0511
0.0532
0.054900000000000004
0.042800000000000005
0.0271
0.0257
0.027700000000000002
0.0733
0.14730000000000001
0.0684
0.0577
0.0548
0.0527
0.048100000000000004
0.16649999999999998
0.13779999999999998
0.131
0.1273
0.1194
0.126
0.15610000000000002
0.251
0.2781
0.2086
0.2264
0.597
0.3739
0.2771
0.30169999999999997
0.8092
1.4326
0.6523000000000001
0.27659999999999996
0.3083
0.4195
0.41169999999999995
0.358
0.2574
0.165
0.15339999999999998
0.1466
0.13690000000000002
0.1281
0.122
0.1199
0.1179
0.179
0.3221
0.1245
0.1131
0.1098
0.2001
0.2575
0.1252
0.1619
0.19
0.2284
0.1506
0.1896
0.3397
0.42389999999999994
0.2137
0.3742
0.3444
0.3384
0.3487
0.3429
0.3612
0.39339999999999997
0.48660000000000003
0.7086
0.8653
0.6975
0.6218
0.942
0.907
0.9056
0.6775
2.7984
2.8274
0.6069
0.5878
0.6156
0.6411
0.5535
0.43579999999999997
0.5388999999999999
0.9011
0.328
0.3261
0.3025
0.20800000000000002
0.1609
0.2074
0.1899
0.1725
0.1276
0.09809999999999999
1.5498
0.307
0.1378
0.11410000000000001
0.1507
0.37560000000000004
2.3727
0.9594
0.7283
0.5776
0.4826
0.37270000000000003
0.0487
0.034600000000000006
0.034100000000000005
0.0237
0.0184
0.0108
0.0104
0.0149
0.0324
0.0618
0.028999999999999998
0.0712
0.0489
0.068
0.1412
0.0651
0.3822
0.0742
0.6621
0.6899
0.12
0.0869
0.0757
0.0753
0.13240000000000002
0.1206
0.1185
0.1149
0.11019999999999999
0.14200000000000002
0.37979999999999997
0.23810000000000003
0.1267
0.12329999999999999
0.119
0.21710000000000002
0.409
0.17830000000000001
0.1685
0.2414
0.7463
0.5225
0.2061
0.1669
0.1945
0.16570000000000001
0.14589999999999997
0.131
0.0821
0.0688
0.0566
0.0537
0.0337
0.26890000000000003
0.3219
0.07039999999999999
0.072
0.0763
0.045200000000000004
0.0645
0.4363
0.0776
0.0879
0.0979
0.7032
0.6946
0.6066
0.3453
0.3691
0.21039999999999998
0.1477
0.1028
0.1215
0.0849
0.0708
0.0653
0.0592
0.0632
0.06689999999999999
0.0731
0.0613
0.08360000000000001
0.10139999999999999
0.1195
0.1361
0.3106
0.3458
0.2424
0.3527
0.7093
0.3691
0.7353
0.2537
0.2913
0.3638
0.2247
0.0276
0.0271
0.0536
0.0161
0.0262
0.0
0.9736
0.9124
0.8263
1.2441
0.8685
0.3232
0.4782
1.4038
2.2732
0.5436
0.6906
2.8078000000000003
0.4031
0.1106
0.12440000000000001
0.07680000000000001
0.0508
0.0368
0.17909999999999998
0.1594
0.1519
0.15189999999999998
0.1446
0.14650000000000002
0.1363
0.4604
0.2963
0.1182
0.0969
0.0785
0.10880000000000001
0.13490000000000002
0.1991
0.3023
0.2213
0.19729999999999998
0.1769
0.2898
0.5450999999999999
0.3127
0.24919999999999998
0.2019
0.2255
0.18230000000000002
0.1728
0.1688
0.16620000000000001
0.17620000000000002
0.1989
0.3448
0.7429
1.1734
0.5869
1.6199
0.9568000000000001
0.5004
0.5124
0.5926
0.5562
0.9685999999999999
0.3879
0.3692
0.42610000000000003
0.493
0.6718999999999999
0.5098
0.1382
0.1227
0.1127
0.111
0.1074
0.1024
0.0949
0.09040000000000001
0.0895
0.09509999999999999
0.08449999999999999
0.0996
0.1188
0.1318
0.1504
0.27649999999999997
0.5514
0.8852
0.7222999999999999
0.43220000000000003
0.4051
0.16920000000000002
0.1184
0.11660000000000001
0.1978
0.1964
0.1892
0.1935
0.1936
0.2721
0.5957
0.3384
0.2762
0.2472
0.2546
0.3012
0.261
0.2723
0.2722
0.33999999999999997
0.9551000000000001
0.9292
0.34450000000000003
0.3236
0.7462
0.2917
0.19169999999999998
0.1794
0.12090000000000001
0.09509999999999999
0.0868
0.0794
0.068
0.0703
0.0749
0.0815
0.0811
0.0978
0.10650000000000001
0.10250000000000001
0.129
0.3127
0.33930000000000005
0.3664
0.8858
0.3516
0.3248
0.7573
0.6191
0.3528
0.24009999999999998
0.17880000000000001
0.11
0.1088
0.1066
0.10500000000000001
0.1447
0.4367
0.24480000000000002
0.2284
0.2551
0.5852
0.2609
0.1977
0.2109
0.2251
0.1859
0.1986
0.433
0.6942999999999999
0.41709999999999997
0.2728
0.21839999999999998
0.1395
0.1089
0.1074
0.2554
0.2179
0.19629999999999997
0.1819
0.1707
0.1618
0.18819999999999998
0.1315
0.048799999999999996
0.1697
0.2232
2.1204
0.201
0.0983
0.1252
0.1254
0.0943
0.0295
0.0266
0.0
0.0
0.0
0.0
0.0
0.14950000000000002
0.14700000000000002
0.13829999999999998
0.14029999999999998
0.1387
0.1491
0.3117
0.4101
0.178
0.1538
0.14329999999999998
0.2247
0.1482
0.1392
0.1069
0.078
0.837
0.2215
0.29300000000000004
0.2496
0.3705
0.23249999999999998
0.1637
0.15050000000000002
0.0533
0.0334
0.0517
0.057499999999999996
0.0
0.0102
0.02
1.152
0.4993
0.0533
0.0328
0.095
0.20850000000000002
0.1041
0.1248
0.0615
2.0577
1.0651
1.9945
0.6118999999999999
1.3820000000000001
0.0092
0.0
0.0
0.2241
0.16620000000000001
0.1725
0.1744
0.15489999999999998
0.1451
0.1335
0.112
0.1134
0.1008
0.1086
0.8359000000000001
1.3426
2.9341999999999997
1.7274
1.9024
1.4647000000000001
2.5902
0.6541
0.3781
0.435
0.3412
0.34009999999999996
0.2847
0.2394
0.2317
0.2114
0.2029
0.1977
0.2142
0.2102
0.362
0.3348
0.0877
0.0791
0.0819
0.1167
0.1451
0.23049999999999998
0.27259999999999995
0.3016
0.9076
0.1694
0.2069
0.5104
0.8437
0.195
0.1734
0.1643
0.15560000000000002
0.1644
0.1646
0.1511
0.1152
0.0865
0.0876
0.08940000000000001
0.0988
0.0769
0.0702
0.06459999999999999
0.0817
0.1042
0.1337
0.1286
0.0572
0.0656
0.0876
0.1086
0.1517
0.19369999999999998
0.1792
