0.008
0.014599999999999998
0.0267
0.0237
0.024300000000000002
0.04
0.1618
0.3052
0.7571
0.09920000000000001
0.1483
0.23199999999999998
0.18209999999999998
0.5006
1.4088
0.1069
0.0984
1.2401
0.24760000000000001
0.3046
0.1273
0.0
0.0
0.0
2.5553999999999997
2.9299
3.0923
3.3817
2.9558
0.0989
0.1283
0.15660000000000002
0.229
0.26480000000000004
0.2696
0.269
0.2615
0.24930000000000002
0.2524
0.8165
1.2648000000000001
0.8042
0.6669
0.7694000000000001
0.6174
0.3473
0.19469999999999998
1.4444000000000001
0.21639999999999998
0.0326
1.4533999999999998
1.4939
0.5645
0.0464
0.055
0.0608
0.033100000000000004
0.026
0.0065
0.014
0.3436
0.0
0.003
0.0023
0.0088
0.0482
0.0234
0.0203
0.0978
0.0414
0.0139
0.0479
5.2044999999999995
5.4289000000000005
5.6272
5.8218
5.6370000000000005
5.0127
4.1373999999999995
1.9215
0.2542
0.0037
0.0126
0.0462
0.0123
0.0336
0.0328
0.0838
1.9937999999999998
2.6235999999999997
3.4335
4.874700000000001
5.9633
6.5939
6.1158
10.688500000000001
1.903
0.1607
0.1013
0.1847
0.2388
0.2767
0.4004
0.7259
1.0207
0.7864
0.4759
0.4241
0.4336
0.4164
0.32620000000000005
1.7163
1.5433
1.3013
1.1168
1.0755
1.6557
1.9504
1.1796
0.5829
1.3587
1.6232
1.8971
2.5955
0.8791
0.0697
0.1037
0.042300000000000004
0.0304
0.028900000000000002
0.0332
0.0379
0.039599999999999996
0.0259
0.1074
0.6174000000000001
0.15539999999999998
0.1945
0.2754
0.5616
1.5798
1.0973000000000002
0.5561
0.43779999999999997
0.1392
0.18009999999999998
0.1726
0.2151
0.8762
0.0817
1.063
0.8605999999999999
0.2358
0.29800000000000004
1.3296999999999999
0.38049999999999995
0.3104
0.3345
0.3482
0.33999999999999997
0.303
0.2677
1.0598999999999998
0.37670000000000003
0.22399999999999998
0.1752
0.1462
0.1644
0.008
0.014599999999999998
0.0267
0.0237
0.024300000000000002
0.04
0.1618
0.3052
0.7571
0.09920000000000001
0.1483
0.23199999999999998
0.18209999999999998
0.5006
1.4088
0.1069
0.0984
1.2401
0.24760000000000001
0.3046
0.1273
0.0
0.0
0.0
2.5553999999999997
2.9299
3.0923
3.3817
2.9558
0.0989
0.1283
0.15660000000000002
0.229
0.26480000000000004
0.2696
0.269
0.2615
0.24930000000000002
0.2524
0.8165
1.2648000000000001
0.8042
0.6669
0.7694000000000001
0.6174
0.3473
0.19469999999999998
1.4444000000000001
0.21639999999999998
0.0326
1.4533999999999998
1.4939
0.5645
0.0464
0.055
0.0608
0.033100000000000004
0.026
0.0065
0.014
0.3436
0.0
0.003
0.0023
0.0088
0.0482
0.0234
0.0203
0.0978
0.0414
0.0139
0.0479
5.2044999999999995
5.4289000000000005
5.6272
5.8218
5.6370000000000005
5.0127
4.1373999999999995
1.9215
0.2542
0.0037
0.0126
0.0462
0.0123
0.0336
0.0328
0.0838
1.9937999999999998
2.6235999999999997
3.4335
4.874700000000001
5.9633
6.5939
6.1158
10.688500000000001
1.903
0.1607
0.1013
0.1847
0.2388
0.2767
0.4004
0.7259
1.0207
0.7864
0.4759
0.4241
0.4336
0.4164
0.32620000000000005
1.7163
1.5433
1.3013
1.1168
1.0755
1.6557
1.9504
1.1796
0.5829
1.3587
1.6232
1.8971
2.5955
0.8791
0.0697
0.1037
0.042300000000000004
0.0304
0.028900000000000002
0.0332
0.0379
0.039599999999999996
0.0259
0.1074
0.6174000000000001
0.15539999999999998
0.1945
0.2754
0.5616
1.5798
1.0973000000000002
0.5561
0.43779999999999997
0.1392
0.18009999999999998
0.1726
0.2151
0.8762
0.0817
1.063
0.8605999999999999
0.2358
0.29800000000000004
1.3296999999999999
0.38049999999999995
0.3104
0.3345
0.3482
0.33999999999999997
0.303
0.2677
1.0598999999999998
0.37670000000000003
0.22399999999999998
0.1752
0.1462
0.1644
0.008
0.014599999999999998
0.0267
0.0237
0.024300000000000002
0.04
0.1618
0.3052
0.7571
0.09920000000000001
0.1483
0.23199999999999998
0.18209999999999998
0.5006
1.4088
0.1069
0.0984
1.2401
0.24760000000000001
0.3046
0.1273
0.0
0.0
0.0
2.5553999999999997
2.9299
3.0923
3.3817
2.9558
0.0989
0.1283
0.15660000000000002
0.229
0.26480000000000004
0.2696
0.269
0.2615
0.24930000000000002
0.2524
0.8165
1.2648000000000001
0.8042
0.6669
0.7694000000000001
0.6174
0.3473
0.19469999999999998
1.4444000000000001
0.21639999999999998
0.0326
1.4533999999999998
1.4939
0.5645
0.0464
0.055
0.0608
0.033100000000000004
0.026
0.0065
0.014
0.3436
0.0
0.003
0.0023
0.0088
0.0482
0.0234
0.0203
0.0978
0.0414
0.0139
0.0479
5.2044999999999995
5.4289000000000005
5.6272
5.8218
5.6370000000000005
5.0127
4.1373999999999995
1.9215
0.2542
0.0037
0.0126
0.0462
0.0123
0.0336
0.0328
0.0838
1.9937999999999998
2.6235999999999997
3.4335
4.874700000000001
5.9633
6.5939
6.1158
10.688500000000001
1.903
0.1607
0.1013
0.1847
0.2388
0.2767
0.4004
0.7259
1.0207
0.7864
0.4759
0.4241
0.4336
0.4164
0.32620000000000005
1.7163
1.5433
1.3013
1.1168
1.0755
1.6557
1.9504
1.1796
0.5829
1.3587
1.6232
1.8971
2.5955
0.8791
0.0697
0.1037
0.042300000000000004
0.0304
0.028900000000000002
0.0332
0.0379
0.039599999999999996
0.0259
0.1074
0.6174000000000001
0.15539999999999998
0.1945
0.2754
0.5616
1.5798
1.0973000000000002
0.5561
0.43779999999999997
0.1392
0.18009999999999998
0.1726
0.2151
0.8762
0.0817
1.063
0.8605999999999999
0.2358
0.29800000000000004
1.3296999999999999
0.38049999999999995
0.3104
0.3345
0.3482
0.33999999999999997
0.303
0.2677
1.0598999999999998
0.37670000000000003
0.22399999999999998
0.1752
0.1462
0.1644
0.008
0.014599999999999998
0.0267
0.0237
0.024300000000000002
0.04
0.1618
0.3052
0.7571
0.09920000000000001
0.1483
0.23199999999999998
0.18209999999999998
0.5006
1.4088
0.1069
0.0984
1.2401
0.24760000000000001
0.3046
0.1273
0.0
0.0
0.0
2.5553999999999997
2.9299
3.0923
3.3817
2.9558
0.0989
0.1283
0.15660000000000002
0.229
0.26480000000000004
0.2696
0.269
0.2615
0.24930000000000002
0.2524
0.8165
1.2648000000000001
0.8042
0.6669
0.7694000000000001
0.6174
0.3473
0.19469999999999998
1.4444000000000001
0.21639999999999998
0.0326
1.4533999999999998
1.4939
0.5645
0.0464
0.055
0.0608
0.033100000000000004
0.026
0.0065
0.014
0.3436
0.0
0.003
0.0023
0.0088
0.0482
0.0234
0.0203
0.0978
0.0414
0.0139
0.0479
5.2044999999999995
5.4289000000000005
5.6272
5.8218
5.6370000000000005
5.0127
4.1373999999999995
1.9215
0.2542
0.0037
0.0126
0.0462
0.0123
0.0336
0.0328
0.0838
1.9937999999999998
2.6235999999999997
3.4335
4.874700000000001
5.9633
6.5939
6.1158
10.688500000000001
1.903
0.1607
0.1013
0.1847
0.2388
0.2767
0.4004
0.7259
1.0207
0.7864
0.4759
0.4241
0.4336
0.4164
0.32620000000000005
1.7163
1.5433
1.3013
1.1168
1.0755
1.6557
1.9504
1.1796
0.5829
1.3587
1.6232
1.8971
2.5955
0.8791
0.0697
0.1037
0.042300000000000004
0.0304
0.028900000000000002
0.0332
0.0379
0.039599999999999996
0.0259
0.1074
0.6174000000000001
0.15539999999999998
0.1945
0.2754
0.5616
1.5798
1.0973000000000002
0.5561
0.43779999999999997
0.1392
0.18009999999999998
0.1726
0.2151
0.8762
0.0817
1.063
0.8605999999999999
0.2358
0.29800000000000004
1.3296999999999999
0.38049999999999995
0.3104
0.3345
0.3482
0.33999999999999997
0.303
0.2677
1.0598999999999998
0.37670000000000003
0.22399999999999998
0.1752
0.1462
0.1644
0.008
0.014599999999999998
0.0267
0.0237
0.024300000000000002
0.04
0.1618
0.3052
0.7571
0.09920000000000001
0.1483
0.23199999999999998
0.18209999999999998
0.5006
1.4088
0.1069
0.0984
1.2401
0.24760000000000001
0.3046
0.1273
0.0
0.0
0.0
2.5553999999999997
2.9299
3.0923
3.3817
2.9558
0.0989
0.1283
0.15660000000000002
0.229
0.26480000000000004
0.2696
0.269
0.2615
0.24930000000000002
0.2524
0.8165
1.2648000000000001
0.8042
0.6669
0.7694000000000001
0.6174
0.3473
0.19469999999999998
1.4444000000000001
0.21639999999999998
0.0326
1.4533999999999998
1.4939
0.5645
0.0464
0.055
0.0608
0.033100000000000004
0.026
0.0065
0.014
0.3436
0.0
0.003
0.0023
0.0088
0.0482
0.0234
0.0203
0.0978
0.0414
0.0139
0.0479
2.6883999999999997
3.1938000000000004
3.1028000000000002
0.2148
0.1577
0.1484
0.5689
1.549
0.0
0.0133
0.0526
0.07089999999999999
0.0856
0.0771
0.1043
0.0799
0.1951
0.36250000000000004
0.45409999999999995
0.48660000000000003
0.7646999999999999
0.4819
0.413
0.3636
0.1746
0.16899999999999998
0.1659
0.1666
0.16570000000000001
0.1678
0.1673
0.18869999999999998
0.1879
0.1709
0.12430000000000001
0.0998
0.1017
0.096
0.10750000000000001
0.1222
0.1266
0.18030000000000002
0.1822
0.1901
0.188
0.1773
0.18180000000000002
0.18359999999999999
3.3506
3.341
3.0006000000000004
0.2566
0.1802
0.17049999999999998
0.18259999999999998
0.3536
0.3287
0.1465
0.0771
0.062400000000000004
0.0532
0.0473
0.057300000000000004
0.16
0.9331
0.88
0.8165
0.7591
0.8066
0.9541999999999999
1.2086999999999999
1.1042
1.5110000000000001
1.5514000000000001
1.5914000000000001
1.4846
1.4982
1.5076999999999998
2.1367000000000003
1.7776
0.2586
0.29769999999999996
0.2852
0.2281
0.20350000000000001
0.20900000000000002
0.17830000000000001
0.2159
0.2593
0.5424
0.7796000000000001
1.3601
1.6256
1.2513999999999998
0.9209
1.1005
0.0707
0.0872
0.0896
0.0849
0.0771
0.0884
0.2482
0.4846
0.5229999999999999
0.5675
0.4696
0.3658
0.2541
0.2827
0.43289999999999995
0.141
0.2191
0.2133
0.5717000000000001
2.2123
0.9961
1.4946
0.55
0.0
1.0773
1.1219000000000001
1.1392
1.2219000000000002
1.1308
1.1535000000000002
1.5169000000000001
1.0948
0.6801
0.864
0.89
0.9313
0.8786
0.8473999999999999
0.8981
0.6808000000000001
1.0916
0.7094
0.5108999999999999
0.5459
0.5811999999999999
0.5465
0.4773
0.9579
0.4477
0.4487
0.4292
0.4121
0.42000000000000004
0.4783
0.5117
0.4385
1.2877
0.3268
0.2398
0.25329999999999997
0.2793
0.2837
1.9999
0.3306
0.3654
0.4539
2.3682
1.5337
0.8744000000000001
0.3206
0.29279999999999995
0.3251
2.6883999999999997
3.1938000000000004
3.1028000000000002
0.2148
0.1577
0.1484
0.5689
1.549
0.0
0.0133
0.0526
0.07089999999999999
0.0856
0.0771
0.1043
0.0799
0.1951
0.36250000000000004
0.45409999999999995
0.48660000000000003
0.7646999999999999
0.4819
0.413
0.3636
0.1746
0.16899999999999998
0.1659
0.1666
0.16570000000000001
0.1678
0.1673
0.18869999999999998
0.1879
0.1709
0.12430000000000001
0.0998
0.1017
0.096
0.10750000000000001
0.1222
0.1266
0.18030000000000002
0.1822
0.1901
0.188
0.1773
0.18180000000000002
0.18359999999999999
3.3506
3.341
3.0006000000000004
0.2566
0.1802
0.17049999999999998
0.18259999999999998
0.3536
0.3287
0.1465
0.0771
0.062400000000000004
0.0532
0.0473
0.057300000000000004
0.16
0.9331
0.88
0.8165
0.7591
0.8066
0.9541999999999999
1.2086999999999999
1.1042
1.5110000000000001
1.5514000000000001
1.5914000000000001
1.4846
1.4982
1.5076999999999998
2.1367000000000003
1.7776
0.2586
0.29769999999999996
0.2852
0.2281
0.20350000000000001
0.20900000000000002
0.17830000000000001
0.2159
0.2593
0.5424
0.7796000000000001
1.3601
1.6256
1.2513999999999998
0.9209
1.1005
0.0707
0.0872
0.0896
0.0849
0.0771
0.0884
0.2482
0.4846
0.5229999999999999
0.5675
0.4696
0.3658
0.2541
0.2827
0.43289999999999995
0.141
0.2191
0.2133
0.5717000000000001
2.2123
0.9961
1.4946
0.55
0.0
1.0773
1.1219000000000001
1.1392
1.2219000000000002
1.1308
1.1535000000000002
1.5169000000000001
1.0948
0.6801
0.864
0.89
0.9313
0.8786
0.8473999999999999
0.8981
0.6808000000000001
1.0916
0.7094
0.5108999999999999
0.5459
0.5811999999999999
0.5465
0.4773
0.9579
0.4477
0.4487
0.4292
0.4121
0.42000000000000004
0.4783
0.5117
0.4385
1.2877
0.3268
0.2398
0.25329999999999997
0.2793
0.2837
1.9999
0.3306
0.3654
0.4539
2.3682
1.5337
0.8744000000000001
0.3206
0.29279999999999995
0.3251
2.6883999999999997
3.1938000000000004
3.1028000000000002
0.2148
0.1577
0.1484
0.5689
1.549
0.0
0.0133
0.0526
0.07089999999999999
0.0856
0.0771
0.1043
0.0799
0.1951
0.36250000000000004
0.45409999999999995
0.48660000000000003
0.7646999999999999
0.4819
0.413
0.3636
0.1746
0.16899999999999998
0.1659
0.1666
0.16570000000000001
0.1678
0.1673
0.18869999999999998
0.1879
0.1709
0.12430000000000001
0.0998
0.1017
0.096
0.10750000000000001
0.1222
0.1266
0.18030000000000002
0.1822
0.1901
0.188
0.1773
0.18180000000000002
0.18359999999999999
3.3506
3.341
3.0006000000000004
0.2566
0.1802
0.17049999999999998
0.18259999999999998
0.3536
0.3287
0.1465
0.0771
0.062400000000000004
0.0532
0.0473
0.057300000000000004
0.16
0.9331
0.88
0.8165
0.7591
0.8066
0.9541999999999999
1.2086999999999999
1.1042
1.5110000000000001
1.5514000000000001
1.5914000000000001
1.4846
1.4982
1.5076999999999998
2.1367000000000003
1.7776
0.2586
0.29769999999999996
0.2852
0.2281
0.20350000000000001
0.20900000000000002
0.17830000000000001
0.2159
0.2593
0.5424
0.7796000000000001
1.3601
1.6256
1.2513999999999998
0.9209
1.1005
0.0707
0.0872
0.0896
0.0849
0.0771
0.0884
0.2482
0.4846
0.5229999999999999
0.5675
0.4696
0.3658
0.2541
0.2827
0.43289999999999995
0.141
0.2191
0.2133
0.5717000000000001
2.2123
0.9961
1.4946
0.55
0.0
1.0773
1.1219000000000001
1.1392
1.2219000000000002
1.1308
1.1535000000000002
1.5169000000000001
1.0948
0.6801
0.864
0.89
0.9313
0.8786
0.8473999999999999
0.8981
0.6808000000000001
1.0916
0.7094
0.5108999999999999
0.5459
0.5811999999999999
0.5465
0.4773
0.9579
0.4477
0.4487
0.4292
0.4121
0.42000000000000004
0.4783
0.5117
0.4385
1.2877
0.3268
0.2398
0.25329999999999997
0.2793
0.2837
1.9999
0.3306
0.3654
0.4539
2.3682
1.5337
0.8744000000000001
0.3206
0.29279999999999995
0.3251
2.6883999999999997
3.1938000000000004
3.1028000000000002
0.2148
0.1577
0.1484
0.5689
1.549
0.0
0.0133
0.0526
0.07089999999999999
0.0856
0.0771
0.1043
0.0799
0.1951
0.36250000000000004
0.45409999999999995
0.48660000000000003
0.7646999999999999
0.4819
0.413
0.3636
0.1746
0.16899999999999998
0.1659
0.1666
0.16570000000000001
0.1678
0.1673
0.18869999999999998
0.1879
0.1709
0.12430000000000001
0.0998
0.1017
0.096
0.10750000000000001
0.1222
0.1266
0.18030000000000002
0.1822
0.1901
0.188
0.1773
0.18180000000000002
0.18359999999999999
3.3506
3.341
3.0006000000000004
0.2566
0.1802
0.17049999999999998
0.18259999999999998
0.3536
0.3287
0.1465
0.0771
0.062400000000000004
0.0532
0.0473
0.057300000000000004
0.16
0.9331
0.88
0.8165
0.7591
0.8066
0.9541999999999999
1.2086999999999999
1.1042
1.5110000000000001
1.5514000000000001
1.5914000000000001
1.4846
1.4982
1.5076999999999998
2.1367000000000003
1.7776
0.2586
0.29769999999999996
0.2852
0.2281
0.20350000000000001
0.20900000000000002
0.17830000000000001
0.2159
0.2593
0.5424
0.7796000000000001
1.3601
1.6256
1.2513999999999998
0.9209
1.1005
0.0707
0.0872
0.0896
0.0849
0.0771
0.0884
0.2482
0.4846
0.5229999999999999
0.5675
0.4696
0.3658
0.2541
0.2827
0.43289999999999995
0.141
0.2191
0.2133
0.5717000000000001
2.2123
0.9961
1.4946
0.55
0.0
1.0773
1.1219000000000001
1.1392
1.2219000000000002
1.1308
1.1535000000000002
1.5169000000000001
1.0948
0.6801
0.864
0.89
0.9313
0.8786
0.8473999999999999
0.8981
0.6808000000000001
1.0916
0.7094
0.5108999999999999
0.5459
0.5811999999999999
0.5465
0.4773
0.9579
0.4477
0.4487
0.4292
0.4121
0.42000000000000004
0.4783
0.5117
0.4385
1.2877
0.3268
0.2398
0.25329999999999997
0.2793
0.2837
1.9999
0.3306
0.3654
0.4539
2.3682
1.5337
0.8744000000000001
0.3206
0.29279999999999995
0.3251
3.1009
5.7719000000000005
0.5952999999999999
0.5569
0.0
0.0696
0.0285
0.0
0.0338
0.04
0.053
0.173
0.1557
0.0669
0.087
0.09620000000000001
0.1098
0.13490000000000002
0.1374
0.1133
0.1042
0.0614
0.0601
0.0443
2.4162
2.9063
2.1601
0.1785
0.0965
0.1054
0.07050000000000001
0.0674
0.0633
0.11599999999999999
0.0916
0.981
0.6696000000000001
0.17459999999999998
0.139
0.1134
0.121
0.12840000000000001
0.1257
0.1142
0.4692
1.181
1.2376
1.9365999999999999
0.7644
0.2181
0.1459
0.1664
0.1933
0.2309
0.2931
0.2995
0.1214
0.5874
1.7787000000000002
2.1622000000000003
0.3913
0.2669
0.30069999999999997
0.5025
0.7368
0.5266
0.4488
0.5727
5.6798
5.9402
4.9818
2.6245000000000003
2.6048
6.5108
4.8675999999999995
0.9857
0.5086
0.049100000000000005
0.045
0.0402
0.0
0.0
0.0296
0.11399999999999999
0.0473
0.0227
0.0208
0.0061
0.0287
0.0214
0.3294
0.08399999999999999
0.0135
0.129
0.4064
0.4652
0.5004
0.5377000000000001
0.5476
0.5304
0.4494
0.4284
0.1432
0.0223
0.033
0.026099999999999998
0.0421
0.0373
0.0362
0.0208
0.0274
0.0149
0.0
0.0368
3.2226999999999997
0.9204
0.7242999999999999
0.43779999999999997
0.369
1.7264
0.1851
0.1763
0.1627
0.1486
0.0997
0.0515
0.0317
0.1201
0.0
0.0
0.0
0.0666
0.17470000000000002
0.066
0.027
0.0069
0.0103
0.0048000000000000004
0.1046
0.051
0.14229999999999998
0.1716
0.3749
0.2296
0.6737
0.7398
0.72
0.6672
0.6035
0.9410000000000001
0.9288
0.34509999999999996
0.1774
0.10880000000000001
0.0595
2.1512
0.2255
0.3123
1.3832
0.3008
0.9201
0.5941000000000001
0.5618
0.609
0.5086999999999999
0.46799999999999997
0.4125
0.4677
3.1009
5.7719000000000005
0.5952999999999999
0.5569
0.0
0.0696
0.0285
0.0
0.0338
0.04
0.053
0.173
0.1557
0.0669
0.087
0.09620000000000001
0.1098
0.13490000000000002
0.1374
0.1133
0.1042
0.0614
0.0601
0.0443
2.4162
2.9063
2.1601
0.1785
0.0965
0.1054
0.07050000000000001
0.0674
0.0633
0.11599999999999999
0.0916
0.981
0.6696000000000001
0.17459999999999998
0.139
0.1134
0.121
0.12840000000000001
0.1257
0.1142
0.4692
1.181
1.2376
1.9365999999999999
0.7644
0.2181
0.1459
0.1664
0.1933
0.2309
0.2931
0.2995
0.1214
0.5874
1.7787000000000002
2.1622000000000003
0.3913
0.2669
0.30069999999999997
0.5025
0.7368
0.5266
0.4488
0.5727
5.6798
5.9402
4.9818
2.6245000000000003
2.6048
6.5108
4.8675999999999995
0.9857
0.5086
0.049100000000000005
0.045
0.0402
0.0
0.0
0.0296
0.11399999999999999
0.0473
0.0227
0.0208
0.0061
0.0287
0.0214
0.3294
0.08399999999999999
0.0135
0.129
0.4064
0.4652
0.5004
0.5377000000000001
0.5476
0.5304
0.4494
0.4284
0.1432
0.0223
0.033
0.026099999999999998
0.0421
0.0373
0.0362
0.0208
0.0274
0.0149
0.0
0.0368
3.2226999999999997
0.9204
0.7242999999999999
0.43779999999999997
0.369
1.7264
0.1851
0.1763
0.1627
0.1486
0.0997
0.0515
0.0317
0.1201
0.0
0.0
0.0
0.0666
0.17470000000000002
0.066
0.027
0.0069
0.0103
0.0048000000000000004
0.1046
0.051
0.14229999999999998
0.1716
0.3749
0.2296
0.6737
0.7398
0.72
0.6672
0.6035
0.9410000000000001
0.9288
0.34509999999999996
0.1774
0.10880000000000001
0.0595
2.1512
0.2255
0.3123
1.3832
0.3008
0.9201
0.5941000000000001
0.5618
0.609
0.5086999999999999
0.46799999999999997
0.4125
0.4677
3.1009
5.7719000000000005
0.5952999999999999
0.5569
0.0
0.0696
0.0285
0.0
0.0338
0.04
0.053
0.173
0.1557
0.0669
0.087
0.09620000000000001
0.1098
0.13490000000000002
0.1374
0.1133
0.1042
0.0614
0.0601
0.0443
2.4162
2.9063
2.1601
0.1785
0.0965
0.1054
0.07050000000000001
0.0674
0.0633
0.11599999999999999
0.0916
0.981
0.6696000000000001
0.17459999999999998
0.139
0.1134
0.121
0.12840000000000001
0.1257
0.1142
0.4692
1.181
1.2376
1.9365999999999999
0.7644
0.2181
0.1459
0.1664
0.1933
0.2309
0.2931
0.2995
0.1214
0.5874
1.7787000000000002
2.1622000000000003
0.3913
0.2669
0.30069999999999997
0.5025
0.7368
0.5266
0.4488
0.5727
5.6798
5.9402
4.9818
2.6245000000000003
2.6048
6.5108
4.8675999999999995
0.9857
0.5086
0.049100000000000005
0.045
0.0402
0.0
0.0
0.0296
0.11399999999999999
0.0473
0.0227
0.0208
0.0061
0.0287
0.0214
0.3294
0.08399999999999999
0.0135
0.129
0.4064
0.4652
0.5004
0.5377000000000001
0.5476
0.5304
0.4494
0.4284
0.1432
0.0223
0.033
0.026099999999999998
0.0421
0.0373
0.0362
0.0208
0.0274
0.0149
0.0
0.0368
3.2226999999999997
0.9204
0.7242999999999999
0.43779999999999997
0.369
1.7264
0.1851
0.1763
0.1627
0.1486
0.0997
0.0515
0.0317
0.1201
0.0
0.0
0.0
0.0666
0.17470000000000002
0.066
0.027
0.0069
0.0103
0.0048000000000000004
0.1046
0.051
0.14229999999999998
0.1716
0.3749
0.2296
0.6737
0.7398
0.72
0.6672
0.6035
0.9410000000000001
0.9288
0.34509999999999996
0.1774
0.10880000000000001
0.0595
2.1512
0.2255
0.3123
1.3832
0.3008
0.9201
0.5941000000000001
0.5618
0.609
0.5086999999999999
0.46799999999999997
0.4125
0.4677
3.1009
5.7719000000000005
0.5952999999999999
0.5569
0.0
0.0696
0.0285
0.0
0.0338
0.04
0.053
0.173
0.1557
0.0669
0.087
0.09620000000000001
0.1098
0.13490000000000002
0.1374
0.1133
0.1042
0.0614
0.0601
0.0443
2.4162
2.9063
2.1601
0.1785
0.0965
0.1054
0.07050000000000001
0.0674
0.0633
0.11599999999999999
0.0916
0.981
0.6696000000000001
0.17459999999999998
0.139
0.1134
0.121
0.12840000000000001
0.1257
0.1142
0.4692
1.181
1.2376
1.9365999999999999
0.7644
0.2181
0.1459
0.1664
0.1933
0.2309
0.2931
0.2995
0.1214
0.5874
1.7787000000000002
2.1622000000000003
0.3913
0.2669
0.30069999999999997
0.5025
0.7368
0.5266
0.4488
0.5727
5.6798
5.9402
4.9818
2.6245000000000003
2.6048
6.5108
4.8675999999999995
0.9857
0.5086
0.049100000000000005
0.045
0.0402
0.0
0.0
0.0296
0.11399999999999999
0.0473
0.0227
0.0208
0.0061
0.0287
0.0214
0.3294
0.08399999999999999
0.0135
0.129
0.4064
0.4652
0.5004
0.5377000000000001
0.5476
0.5304
0.4494
0.4284
0.1432
0.0223
0.033
0.026099999999999998
0.0421
0.0373
0.0362
0.0208
0.0274
0.0149
0.0
0.0368
3.2226999999999997
0.9204
0.7242999999999999
0.43779999999999997
0.369
1.7264
0.1851
0.1763
0.1627
0.1486
0.0997
0.0515
0.0317
0.1201
0.0
0.0
0.0
0.0666
0.17470000000000002
0.066
0.027
0.0069
0.0103
0.0048000000000000004
0.1046
0.051
0.14229999999999998
0.1716
0.3749
0.2296
0.6737
0.7398
0.72
0.6672
0.6035
0.9410000000000001
0.9288
0.34509999999999996
0.1774
0.10880000000000001
0.0595
2.1512
0.2255
0.3123
1.3832
0.3008
0.9201
0.5941000000000001
0.5618
0.609
0.5086999999999999
0.46799999999999997
0.4125
0.4677
3.1009
5.7719000000000005
0.5952999999999999
0.5569
0.0
0.0696
0.0285
0.0
0.0338
0.04
0.053
0.173
0.1557
0.0669
0.087
0.09620000000000001
0.1098
0.13490000000000002
0.1374
0.1133
0.1042
0.0614
0.0601
0.0443
2.4162
2.9063
2.1601
0.1785
0.0965
0.1054
0.07050000000000001
0.0674
0.0633
0.11599999999999999
0.0916
0.981
0.6696000000000001
0.17459999999999998
0.139
0.1134
0.121
0.12840000000000001
0.1257
0.1142
0.4692
1.181
1.2376
1.9365999999999999
0.7644
0.2181
0.1459
0.1664
0.1933
0.2309
0.2931
0.2995
0.1214
0.5874
1.7787000000000002
2.1622000000000003
0.3913
0.2669
0.30069999999999997
0.5025
0.7368
0.5266
0.4488
0.5727
5.6798
5.9402
4.9818
2.6245000000000003
3.7944
3.1051
1.4707
0.2138
0.1351
0.2091
0.3097
0.1755
0.0969
0.1001
0.0927
0.0887
0.0711
0.0608
0.09309999999999999
0.5153
0.6523
0.4647
0.9071
1.8437999999999999
1.7884
0.3986
0.18530000000000002
3.4331
3.8040000000000003
3.7507
3.4356
2.349
0.0345
0.0044
0.0056
0.0382
0.0176
0.022600000000000002
0.0412
0.0056
0.044899999999999995
0.043
0.0467
0.047299999999999995
0.0324
0.024
0.0519
1.4160000000000001
1.4692
1.0550000000000002
1.2179
1.7560000000000002
1.3873
2.7844
2.8383
3.0439
2.1786
0.34540000000000004
0.1874
0.1487
0.1673
0.12940000000000002
0.1341
0.1587
0.2528
0.5498000000000001
0.7868999999999999
0.42300000000000004
0.5471
3.3979
1.8537
0.8075
0.7645
9.3235
10.833
9.729
0.21589999999999998
0.227
0.2276
0.2279
0.2246
0.2799
0.3889
0.2273
0.17709999999999998
0.0873
0.14179999999999998
0.14700000000000002
0.1326
0.8876
0.5121
0.0797
0.07
0.1733
0.0785
0.0509
0.0045
0.0
0.0
0.0
0.7487
3.9219999999999997
4.3024000000000004
3.3037
1.6815
0.3623
0.32230000000000003
0.3023
0.2866
0.255
0.2545
0.2506
0.2883
0.3987
1.3506
0.7111000000000001
0.6045
0.7596
1.5124
0.8688
0.5568
0.5819
0.6649
0.6647000000000001
3.5373
5.3003
5.0752
2.4776
0.8319
0.059399999999999994
0.1373
0.1778
0.19090000000000001
0.1795
0.1674
0.2051
0.5788
0.23850000000000002
0.1689
0.1461
0.1384
0.14989999999999998
0.1807
0.1387
0.1267
0.123
0.1456
0.13
0.0808
0.7693
0.8652
0.9809000000000001
1.0551
1.5688
2.5306
0.1804
0.15810000000000002
0.06559999999999999
0.011
0.3195
0.9581
0.7738
0.5662
0.12140000000000001
0.0374
0.0383
0.0149
0.019000000000000003
0.0031
0.0
0.0018
0.0543
3.7944
3.1051
1.4707
0.2138
0.1351
0.2091
0.3097
0.1755
0.0969
0.1001
0.0927
0.0887
0.0711
0.0608
0.09309999999999999
0.5153
0.6523
0.4647
0.9071
1.8437999999999999
1.7884
0.3986
0.18530000000000002
3.4331
3.8040000000000003
3.7507
3.4356
2.349
0.0345
0.0044
0.0056
0.0382
0.0176
0.022600000000000002
0.0412
0.0056
0.044899999999999995
0.043
0.0467
0.047299999999999995
0.0324
0.024
0.0519
1.4160000000000001
1.4692
1.0550000000000002
1.2179
1.7560000000000002
1.3873
2.7844
2.8383
3.0439
2.1786
0.34540000000000004
0.1874
0.1487
0.1673
0.12940000000000002
0.1341
0.1587
0.2528
0.5498000000000001
0.7868999999999999
0.42300000000000004
0.5471
3.3979
1.8537
0.8075
0.7645
9.3235
10.833
9.729
0.21589999999999998
0.227
0.2276
0.2279
0.2246
0.2799
0.3889
0.2273
0.17709999999999998
0.0873
0.14179999999999998
0.14700000000000002
0.1326
0.8876
0.5121
0.0797
0.07
0.1733
0.0785
0.0509
0.0045
0.0
0.0
0.0
0.7487
3.9219999999999997
4.3024000000000004
3.3037
1.6815
0.3623
0.32230000000000003
0.3023
0.2866
0.255
0.2545
0.2506
0.2883
0.3987
1.3506
0.7111000000000001
0.6045
0.7596
1.5124
0.8688
0.5568
0.5819
0.6649
0.6647000000000001
3.5373
5.3003
5.0752
2.4776
0.8319
0.059399999999999994
0.1373
0.1778
0.19090000000000001
0.1795
0.1674
0.2051
0.5788
0.23850000000000002
0.1689
0.1461
0.1384
0.14989999999999998
0.1807
0.1387
0.1267
0.123
0.1456
0.13
0.0808
0.7693
0.8652
0.9809000000000001
1.0551
1.5688
2.5306
0.1804
0.15810000000000002
0.06559999999999999
0.011
0.3195
0.9581
0.7738
0.5662
0.12140000000000001
0.0374
0.0383
0.0149
0.019000000000000003
0.0031
0.0
0.0018
0.0543
3.7944
3.1051
1.4707
0.2138
0.1351
0.2091
0.3097
0.1755
0.0969
0.1001
0.0927
0.0887
0.0711
0.0608
0.09309999999999999
0.5153
0.6523
0.4647
0.9071
1.8437999999999999
1.7884
0.3986
0.18530000000000002
3.4331
3.8040000000000003
3.7507
3.4356
2.349
0.0345
0.0044
0.0056
0.0382
0.0176
0.022600000000000002
0.0412
0.0056
0.044899999999999995
0.043
0.0467
0.047299999999999995
0.0324
0.024
0.0519
1.4160000000000001
1.4692
1.0550000000000002
1.2179
1.7560000000000002
1.3873
2.7844
2.8383
3.0439
2.1786
0.34540000000000004
0.1874
0.1487
0.1673
0.12940000000000002
0.1341
0.1587
0.2528
0.5498000000000001
0.7868999999999999
0.42300000000000004
0.5471
3.3979
1.8537
0.8075
0.7645
9.3235
10.833
9.729
0.21589999999999998
0.227
0.2276
0.2279
0.2246
0.2799
0.3889
0.2273
0.17709999999999998
0.0873
0.14179999999999998
0.14700000000000002
0.1326
0.8876
0.5121
0.0797
0.07
0.1733
0.0785
0.0509
0.0045
0.0
0.0
0.0
0.7487
3.9219999999999997
4.3024000000000004
3.3037
1.6815
0.3623
0.32230000000000003
0.3023
0.2866
0.255
0.2545
0.2506
0.2883
0.3987
1.3506
0.7111000000000001
0.6045
0.7596
1.5124
0.8688
0.5568
0.5819
0.6649
0.6647000000000001
3.5373
5.3003
5.0752
2.4776
0.8319
0.059399999999999994
0.1373
0.1778
0.19090000000000001
0.1795
0.1674
0.2051
0.5788
0.23850000000000002
0.1689
0.1461
0.1384
0.14989999999999998
0.1807
0.1387
0.1267
0.123
0.1456
0.13
0.0808
0.7693
0.8652
0.9809000000000001
1.0551
1.5688
2.5306
0.1804
0.15810000000000002
0.06559999999999999
0.011
0.3195
0.9581
0.7738
0.5662
0.12140000000000001
0.0374
0.0383
0.0149
0.019000000000000003
0.0031
0.0
0.0018
0.0543
3.7944
3.1051
1.4707
0.2138
0.1351
0.2091
0.3097
0.1755
0.0969
0.1001
0.0927
0.0887
0.0711
0.0608
0.09309999999999999
0.5153
0.6523
0.4647
0.9071
1.8437999999999999
1.7884
0.3986
0.18530000000000002
3.4331
3.8040000000000003
3.7507
3.4356
2.349
0.0345
0.0044
0.0056
0.0382
0.0176
0.022600000000000002
0.0412
0.0056
0.044899999999999995
0.043
0.0467
0.047299999999999995
0.0324
0.024
0.0519
1.4160000000000001
1.4692
1.0550000000000002
1.2179
1.7560000000000002
1.3873
2.7844
2.8383
3.0439
2.1786
0.34540000000000004
0.1874
0.1487
0.1673
0.12940000000000002
0.1341
0.1587
0.2528
0.5498000000000001
0.7868999999999999
0.42300000000000004
0.5471
3.3979
1.8537
0.8075
0.7645
9.3235
10.833
9.729
0.21589999999999998
0.227
0.2276
0.2279
0.2246
0.2799
0.3889
0.2273
0.17709999999999998
0.0873
0.14179999999999998
0.14700000000000002
0.1326
0.8876
0.5121
0.0797
0.07
0.1733
0.0785
0.0509
0.0045
0.0
0.0
0.0
0.7487
3.9219999999999997
4.3024000000000004
3.3037
1.6815
0.3623
0.32230000000000003
0.3023
0.2866
0.255
0.2545
0.2506
0.2883
0.3987
1.3506
0.7111000000000001
0.6045
0.7596
1.5124
0.8688
0.5568
0.5819
0.6649
0.6647000000000001
3.5373
5.3003
5.0752
2.4776
0.8319
0.059399999999999994
0.1373
0.1778
0.19090000000000001
0.1795
0.1674
0.2051
0.5788
0.23850000000000002
0.1689
0.1461
0.1384
0.14989999999999998
0.1807
0.1387
0.1267
0.123
0.1456
0.13
0.0808
0.7693
0.8652
0.9809000000000001
1.0551
1.5688
2.5306
0.1804
0.15810000000000002
0.06559999999999999
0.011
0.3195
0.9581
0.7738
0.5662
0.12140000000000001
0.0374
0.0383
0.0149
0.019000000000000003
0.0031
0.0
0.0018
0.0543
3.7944
3.1051
1.4707
0.2138
0.1351
0.2091
0.3097
0.1755
0.0969
0.1001
0.0927
0.0887
0.0711
0.0608
0.09309999999999999
0.5153
0.6523
0.4647
0.9071
1.8437999999999999
1.7884
0.3986
0.18530000000000002
3.4331
3.8040000000000003
3.7507
3.4356
2.349
0.0345
0.0044
0.0056
0.0382
0.0176
0.022600000000000002
0.0412
0.0056
0.044899999999999995
0.043
0.0467
0.047299999999999995
0.0324
0.024
0.0519
1.4160000000000001
1.4692
1.0550000000000002
1.2179
1.7560000000000002
1.3267
2.0792
1.8064
2.6963
2.9175
2.683
3.9455999999999998
0.8353
0.1044
0.5860000000000001
1.5482
1.5785
0.4877
0.4163
0.6872
1.5185
0.4435
0.3944
0.4284
1.2359
3.437
2.3324
2.7111
3.7055000000000002
0.0186
0.0182
0.018299999999999997
0.0213
0.0271
0.0335
0.0381
0.038400000000000004
0.0426
0.0453
0.034
0.0308
0.0309
0.0322
0.0335
0.0371
0.0372
0.0405
0.031799999999999995
0.0353
0.0283
0.0155
0.0213
0.028
0.8339
0.2716
0.24520000000000003
0.1857
0.1742
0.1049
0.0045
0.0138
0.026000000000000002
0.011300000000000001
0.0215
0.02
0.014100000000000001
0.0189
0.772
0.352
0.015
0.0123
1.1469
0.4438
0.6434
1.4324
0.9712000000000001
1.0051999999999999
0.27449999999999997
0.24919999999999998
0.2304
0.22249999999999998
0.2276
0.23470000000000002
0.2243
0.1334
0.0795
0.0461
0.036699999999999997
0.0414
0.0389
1.0972
1.6124999999999998
0.1873
0.3554
1.694
1.2702
1.1109
1.1682000000000001
1.0997999999999999
0.5986
0.3438
0.874
0.1158
0.14100000000000001
0.1472
0.1759
0.23049999999999998
0.304
0.4228
0.5403
0.3126
0.2059
0.1254
0.1547
0.1023
0.20029999999999998
1.3242
0.2712
0.2512
0.2504
0.4244
0.732
0.40700000000000003
0.1814
1.8041
1.5669
0.5659000000000001
0.2704
0.1469
0.06420000000000001
0.0446
0.038900000000000004
0.045
0.0388
0.0455
0.030399999999999996
0.0308
0.0286
0.0253
0.0243
0.025099999999999997
0.0286
0.0673
0.0354
0.024
0.0256
0.0232
0.039900000000000005
0.7088
0.1401
0.1473
0.15539999999999998
0.15439999999999998
0.1442
0.1008
0.076
0.10229999999999999
0.0111
0.0416
0.0448
0.044700000000000004
0.045899999999999996
0.044300000000000006
0.037
0.0408
0.0332
0.0296
0.0279
0.0721
0.06520000000000001
0.0436
0.0401
0.034199999999999994
1.3267
2.0792
1.8064
2.6963
2.9175
2.683
3.9455999999999998
0.8353
0.1044
0.5860000000000001
1.5482
1.5785
0.4877
0.4163
0.6872
1.5185
0.4435
0.3944
0.4284
1.2359
3.437
2.3324
2.7111
3.7055000000000002
0.0186
0.0182
0.018299999999999997
0.0213
0.0271
0.0335
0.0381
0.038400000000000004
0.0426
0.0453
0.034
0.0308
0.0309
0.0322
0.0335
0.0371
0.0372
0.0405
0.031799999999999995
0.0353
0.0283
0.0155
0.0213
0.028
0.8339
0.2716
0.24520000000000003
0.1857
0.1742
0.1049
0.0045
0.0138
0.026000000000000002
0.011300000000000001
0.0215
0.02
0.014100000000000001
0.0189
0.772
0.352
0.015
0.0123
1.1469
0.4438
0.6434
1.4324
0.9712000000000001
1.0051999999999999
0.27449999999999997
0.24919999999999998
0.2304
0.22249999999999998
0.2276
0.23470000000000002
0.2243
0.1334
0.0795
0.0461
0.036699999999999997
0.0414
0.0389
1.0972
1.6124999999999998
0.1873
0.3554
1.694
1.2702
1.1109
1.1682000000000001
1.0997999999999999
0.5986
0.3438
0.874
0.1158
0.14100000000000001
0.1472
0.1759
0.23049999999999998
0.304
0.4228
0.5403
0.3126
0.2059
0.1254
0.1547
0.1023
0.20029999999999998
1.3242
0.2712
0.2512
0.2504
0.4244
0.732
0.40700000000000003
0.1814
1.8041
1.5669
0.5659000000000001
0.2704
0.1469
0.06420000000000001
0.0446
0.038900000000000004
0.045
0.0388
0.0455
0.030399999999999996
0.0308
0.0286
0.0253
0.0243
0.025099999999999997
0.0286
0.0673
0.0354
0.024
0.0256
0.0232
0.039900000000000005
0.7088
0.1401
0.1473
0.15539999999999998
0.15439999999999998
0.1442
0.1008
0.076
0.10229999999999999
0.0111
0.0416
0.0448
0.044700000000000004
0.045899999999999996
0.044300000000000006
0.037
0.0408
0.0332
0.0296
0.0279
0.0721
0.06520000000000001
0.0436
0.0401
0.034199999999999994
1.3267
2.0792
1.8064
2.6963
2.9175
2.683
3.9455999999999998
0.8353
0.1044
0.5860000000000001
1.5482
1.5785
0.4877
0.4163
0.6872
1.5185
0.4435
0.3944
0.4284
1.2359
3.437
2.3324
2.7111
3.7055000000000002
0.0186
0.0182
0.018299999999999997
0.0213
0.0271
0.0335
0.0381
0.038400000000000004
0.0426
0.0453
0.034
0.0308
0.0309
0.0322
0.0335
0.0371
0.0372
0.0405
0.031799999999999995
0.0353
0.0283
0.0155
0.0213
0.028
0.8339
0.2716
0.24520000000000003
0.1857
0.1742
0.1049
0.0045
0.0138
0.026000000000000002
0.011300000000000001
0.0215
0.02
0.014100000000000001
0.0189
0.772
0.352
0.015
0.0123
1.1469
0.4438
0.6434
1.4324
0.9712000000000001
1.0051999999999999
0.27449999999999997
0.24919999999999998
0.2304
0.22249999999999998
0.2276
0.23470000000000002
0.2243
0.1334
0.0795
0.0461
0.036699999999999997
0.0414
0.0389
1.0972
1.6124999999999998
0.1873
0.3554
1.694
1.2702
1.1109
1.1682000000000001
1.0997999999999999
0.5986
0.3438
0.874
0.1158
0.14100000000000001
0.1472
0.1759
0.23049999999999998
0.304
0.4228
0.5403
0.3126
0.2059
0.1254
0.1547
0.1023
0.20029999999999998
1.3242
0.2712
0.2512
0.2504
0.4244
0.732
0.40700000000000003
0.1814
1.8041
1.5669
0.5659000000000001
0.2704
0.1469
0.06420000000000001
0.0446
0.038900000000000004
0.045
0.0388
0.0455
0.030399999999999996
0.0308
0.0286
0.0253
0.0243
0.025099999999999997
0.0286
0.0673
0.0354
0.024
0.0256
0.0232
0.039900000000000005
0.7088
0.1401
0.1473
0.15539999999999998
0.15439999999999998
0.1442
0.1008
0.076
0.10229999999999999
0.0111
0.0416
0.0448
0.044700000000000004
0.045899999999999996
0.044300000000000006
0.037
0.0408
0.0332
0.0296
0.0279
0.0721
0.06520000000000001
0.0436
0.0401
0.034199999999999994
1.3267
2.0792
1.8064
2.6963
2.9175
2.683
3.9455999999999998
0.8353
0.1044
0.5860000000000001
1.5482
1.5785
0.4877
0.4163
0.6872
1.5185
0.4435
0.3944
0.4284
1.2359
3.437
2.3324
2.7111
3.7055000000000002
0.0186
0.0182
0.018299999999999997
0.0213
0.0271
0.0335
0.0381
0.038400000000000004
0.0426
0.0453
0.034
0.0308
0.0309
0.0322
0.0335
0.0371
0.0372
0.0405
0.031799999999999995
0.0353
0.0283
0.0155
0.0213
0.028
0.8339
0.2716
0.24520000000000003
0.1857
0.1742
0.1049
0.0045
0.0138
0.026000000000000002
0.011300000000000001
0.0215
0.02
0.014100000000000001
0.0189
0.772
0.352
0.015
0.0123
1.1469
0.4438
0.6434
1.4324
0.9712000000000001
1.0051999999999999
0.27449999999999997
0.24919999999999998
0.2304
0.22249999999999998
0.2276
0.23470000000000002
0.2243
0.1334
0.0795
0.0461
0.036699999999999997
0.0414
0.0389
1.0972
1.6124999999999998
0.1873
0.3554
1.694
1.2702
1.1109
1.1682000000000001
1.0997999999999999
0.5986
0.3438
0.874
0.1158
0.14100000000000001
0.1472
0.1759
0.23049999999999998
0.304
0.4228
0.5403
0.3126
0.2059
0.1254
0.1547
0.1023
0.20029999999999998
1.3242
0.2712
0.2512
0.2504
0.4244
0.732
0.40700000000000003
0.1814
1.8041
1.5669
0.5659000000000001
0.2704
0.1469
0.06420000000000001
0.0446
0.038900000000000004
0.045
0.0388
0.0455
0.030399999999999996
0.0308
0.0286
0.0253
0.0243
0.025099999999999997
0.0286
0.0673
0.0354
0.024
0.0256
0.0232
0.039900000000000005
0.7088
0.1401
0.1473
0.15539999999999998
0.15439999999999998
0.1442
0.1008
0.076
0.10229999999999999
0.0111
0.0416
0.0448
0.044700000000000004
0.045899999999999996
0.044300000000000006
0.037
0.0408
0.0332
0.0296
0.0279
0.0721
0.06520000000000001
0.0436
0.0401
0.034199999999999994
1.3267
2.0792
1.8064
2.6963
2.9175
2.683
3.9455999999999998
0.8353
0.1044
0.5860000000000001
1.5482
1.5785
0.4877
0.4163
0.6872
1.5185
0.4435
0.3944
0.4284
1.2359
3.437
2.3324
2.7111
3.7055000000000002
0.0186
0.0182
0.018299999999999997
0.0213
0.0271
0.0335
0.0381
0.038400000000000004
0.0426
0.0453
0.034
0.0308
0.0309
0.0322
0.0335
0.0371
0.0372
0.0405
0.031799999999999995
0.0353
0.0283
0.0155
0.0213
0.028
0.8339
0.2716
0.24520000000000003
0.1857
0.1742
0.1049
0.0045
0.0138
0.026000000000000002
0.011300000000000001
0.0215
0.02
0.014100000000000001
0.0189
0.772
0.352
0.015
0.0123
1.1469
0.4438
0.6434
1.4324
0.9712000000000001
1.0051999999999999
5.732799999999999
5.3716
4.3526
5.0051
3.0141999999999998
0.033
0.1211
0.4008
0.0589
0.0169
0.049199999999999994
0.043399999999999994
0.035500000000000004
0.0276
0.0377
0.0
0.0
0.1001
0.8623
1.5498
3.2508
4.3536
3.3781
4.6845
5.2095
4.4139
3.8604000000000003
0.5964
0.20350000000000001
0.2776
0.5099
0.43679999999999997
0.3549
0.3176
0.3145
0.3135
0.3085
0.2952
0.3266
0.5912999999999999
0.3345
0.3234
0.3568
0.4305
0.47650000000000003
0.35450000000000004
0.2323
4.1898
2.245
1.7071
0.1089
0.1134
0.1484
0.1703
0.2365
0.28859999999999997
0.3281
0.35140000000000005
0.33999999999999997
0.32999999999999996
0.345
0.3542
0.382
0.3409
0.4105
0.4146
0.28080000000000005
0.2459
0.2218
0.3121
0.7689
0.5668
3.4112
4.5823
4.8123000000000005
4.4991
0.023899999999999998
0.0154
0.0
0.0
0.0068
0.049100000000000005
0.0674
0.0514
0.0536
0.0445
0.0295
0.2389
0.1161
0.236
0.3691
0.7203999999999999
0.9431
0.9518
0.9227
0.8188
0.2914
0.2956
0.2933
0.302
0.3084
0.32730000000000004
0.2813
0.18180000000000002
0.0427
0.0231
0.0332
0.0241
0.028900000000000002
0.0257
0.0346
0.0181
0.0302
0.2173
0.3301
0.24309999999999998
0.258
0.2439
0.24230000000000002
0.2556
6.1147
5.7837
5.7691
3.0665
0.0268
0.0542
0.038
0.0163
0.0087
0.1974
0.2693
0.1121
0.0943
0.0873
0.0627
0.0605
0.0509
0.063
0.11510000000000001
0.2329
0.7546999999999999
0.2293
0.0214
2.1744
0.08080000000000001
0.0763
0.07200000000000001
0.0682
0.0591
0.0325
0.015
0.0188
0.0232
0.0359
0.0353
0.027299999999999998
0.030600000000000002
0.0246
0.0258
0.0274
0.03
0.0406
0.1896
0.1026
0.13340000000000002
0.1273
0.12390000000000001
0.1057
5.732799999999999
5.3716
4.3526
5.0051
3.0141999999999998
0.033
0.1211
0.4008
0.0589
0.0169
0.049199999999999994
0.043399999999999994
0.035500000000000004
0.0276
0.0377
0.0
0.0
0.1001
0.8623
1.5498
3.2508
4.3536
3.3781
4.6845
5.2095
4.4139
3.8604000000000003
0.5964
0.20350000000000001
0.2776
0.5099
0.43679999999999997
0.3549
0.3176
0.3145
0.3135
0.3085
0.2952
0.3266
0.5912999999999999
0.3345
0.3234
0.3568
0.4305
0.47650000000000003
0.35450000000000004
0.2323
4.1898
2.245
1.7071
0.1089
0.1134
0.1484
0.1703
0.2365
0.28859999999999997
0.3281
0.35140000000000005
0.33999999999999997
0.32999999999999996
0.345
0.3542
0.382
0.3409
0.4105
0.4146
0.28080000000000005
0.2459
0.2218
0.3121
0.7689
0.5668
3.4112
4.5823
4.8123000000000005
4.4991
0.023899999999999998
0.0154
0.0
0.0
0.0068
0.049100000000000005
0.0674
0.0514
0.0536
0.0445
0.0295
0.2389
0.1161
0.236
0.3691
0.7203999999999999
0.9431
0.9518
0.9227
0.8188
0.2914
0.2956
0.2933
0.302
0.3084
0.32730000000000004
0.2813
0.18180000000000002
0.0427
0.0231
0.0332
0.0241
0.028900000000000002
0.0257
0.0346
0.0181
0.0302
0.2173
0.3301
0.24309999999999998
0.258
0.2439
0.24230000000000002
0.2556
6.1147
5.7837
5.7691
3.0665
0.0268
0.0542
0.038
0.0163
0.0087
0.1974
0.2693
0.1121
0.0943
0.0873
0.0627
0.0605
0.0509
0.063
0.11510000000000001
0.2329
0.7546999999999999
0.2293
0.0214
2.1744
0.08080000000000001
0.0763
0.07200000000000001
0.0682
0.0591
0.0325
0.015
0.0188
0.0232
0.0359
0.0353
0.027299999999999998
0.030600000000000002
0.0246
0.0258
0.0274
0.03
0.0406
0.1896
0.1026
0.13340000000000002
0.1273
0.12390000000000001
0.1057
5.732799999999999
5.3716
4.3526
5.0051
3.0141999999999998
0.033
0.1211
0.4008
0.0589
0.0169
0.049199999999999994
0.043399999999999994
0.035500000000000004
0.0276
0.0377
0.0
0.0
0.1001
0.8623
1.5498
3.2508
4.3536
3.3781
4.6845
5.2095
4.4139
3.8604000000000003
0.5964
0.20350000000000001
0.2776
0.5099
0.43679999999999997
0.3549
0.3176
0.3145
0.3135
0.3085
0.2952
0.3266
0.5912999999999999
0.3345
0.3234
0.3568
0.4305
0.47650000000000003
0.35450000000000004
0.2323
4.1898
2.245
1.7071
0.1089
0.1134
0.1484
0.1703
0.2365
0.28859999999999997
0.3281
0.35140000000000005
0.33999999999999997
0.32999999999999996
0.345
0.3542
0.382
0.3409
0.4105
0.4146
0.28080000000000005
0.2459
0.2218
0.3121
0.7689
0.5668
3.4112
4.5823
4.8123000000000005
4.4991
0.023899999999999998
0.0154
0.0
0.0
0.0068
0.049100000000000005
0.0674
0.0514
0.0536
0.0445
0.0295
0.2389
0.1161
0.236
0.3691
0.7203999999999999
0.9431
0.9518
0.9227
0.8188
0.2914
0.2956
0.2933
0.302
0.3084
0.32730000000000004
0.2813
0.18180000000000002
0.0427
0.0231
0.0332
0.0241
0.028900000000000002
0.0257
0.0346
0.0181
0.0302
0.2173
0.3301
0.24309999999999998
0.258
0.2439
0.24230000000000002
0.2556
6.1147
5.7837
5.7691
3.0665
0.0268
0.0542
0.038
0.0163
0.0087
0.1974
0.2693
0.1121
0.0943
0.0873
0.0627
0.0605
0.0509
0.063
0.11510000000000001
0.2329
0.7546999999999999
0.2293
0.0214
2.1744
0.08080000000000001
0.0763
0.07200000000000001
0.0682
0.0591
0.0325
0.015
0.0188
0.0232
0.0359
0.0353
0.027299999999999998
0.030600000000000002
0.0246
0.0258
0.0274
0.03
0.0406
0.1896
0.1026
0.13340000000000002
0.1273
0.12390000000000001
0.1057
5.732799999999999
5.3716
4.3526
5.0051
3.0141999999999998
0.033
0.1211
0.4008
0.0589
0.0169
0.049199999999999994
0.043399999999999994
0.035500000000000004
0.0276
0.0377
0.0
0.0
0.1001
0.8623
1.5498
3.2508
4.3536
3.3781
4.6845
5.2095
4.4139
3.8604000000000003
0.5964
0.20350000000000001
0.2776
0.5099
0.43679999999999997
0.3549
0.3176
0.3145
0.3135
0.3085
0.2952
0.3266
0.5912999999999999
0.3345
0.3234
0.3568
0.4305
0.47650000000000003
0.35450000000000004
0.2323
4.1898
2.245
1.7071
0.1089
0.1134
0.1484
0.1703
0.2365
0.28859999999999997
0.3281
0.35140000000000005
0.33999999999999997
0.32999999999999996
0.345
0.3542
0.382
0.3409
0.4105
0.4146
0.28080000000000005
0.2459
0.2218
0.3121
0.7689
0.5668
3.4112
4.5823
4.8123000000000005
4.4991
0.023899999999999998
0.0154
0.0
0.0
0.0068
0.049100000000000005
0.0674
0.0514
0.0536
0.0445
0.0295
0.2389
0.1161
0.236
0.3691
0.7203999999999999
0.9431
0.9518
0.9227
0.8188
0.2914
0.2956
0.2933
0.302
0.3084
0.32730000000000004
0.2813
0.18180000000000002
0.0427
0.0231
0.0332
0.0241
0.028900000000000002
0.0257
0.0346
0.0181
0.0302
0.2173
0.3301
0.24309999999999998
0.258
0.2439
0.24230000000000002
0.2556
6.1147
5.7837
5.7691
3.0665
0.0268
0.0542
0.038
0.0163
0.0087
0.1974
0.2693
0.1121
0.0943
0.0873
0.0627
0.0605
0.0509
0.063
0.11510000000000001
0.2329
0.7546999999999999
0.2293
0.0214
2.1744
0.08080000000000001
0.0763
0.07200000000000001
0.0682
0.0591
0.0325
0.015
0.0188
0.0232
0.0359
0.0353
0.027299999999999998
0.030600000000000002
0.0246
0.0258
0.0274
0.03
0.0406
0.1896
0.1026
0.13340000000000002
0.1273
0.12390000000000001
0.1057
5.732799999999999
5.3716
4.3526
5.0051
3.0141999999999998
0.033
0.1211
0.4008
0.0589
0.0169
0.049199999999999994
0.043399999999999994
0.035500000000000004
0.0276
0.0377
0.0
0.0
0.1001
0.8623
1.5498
3.2508
4.3536
3.3781
4.6845
5.2095
4.4139
3.8604000000000003
0.5964
0.20350000000000001
0.2776
0.5099
0.43679999999999997
0.3549
0.3176
0.3145
0.3135
0.3085
0.2952
0.3266
0.5912999999999999
0.3345
0.3234
0.3568
0.4305
0.47650000000000003
0.35450000000000004
0.2323
4.1898
0.19779999999999998
0.19890000000000002
0.195
0.1953
0.1904
0.1772
0.1328
0.0989
0.3053
0.2354
0.1776
0.1602
0.14450000000000002
0.1241
0.126
0.13369999999999999
0.13419999999999999
0.225
0.1477
0.173
0.1896
0.17020000000000002
0.1648
0.1729
0.0224
0.0212
0.0201
0.0224
0.0285
0.0201
0.0197
0.0305
0.0076
0.0366
0.028900000000000002
0.0319
0.0278
0.0248
0.0271
0.022
0.028499999999999998
0.0315
0.0223
0.0229
0.0203
0.0116
0.0191
0.029
0.6897
5.4643999999999995
1.695
0.16360000000000002
0.36929999999999996
0.3588
0.1402
0.046099999999999995
0.0015
0.023899999999999998
0.0274
0.019299999999999998
0.0081
0.0219
0.0293
0.0229
0.0165
0.012400000000000001
0.0238
0.034199999999999994
0.0248
0.0013
0.0571
0.16770000000000002
0.7176
0.7037
0.6597
0.5885
0.5468
0.552
0.5773
1.603
2.8881
0.0076
0.1905
0.2443
0.24520000000000003
0.9673
0.8793
0.0764
1.2833999999999999
0.0312
0.2177
0.2111
0.2022
0.0814
0.0653
0.0469
2.3218
3.2763
2.3276000000000003
0.7922
1.1942
0.9610000000000001
0.20800000000000002
0.0434
0.0324
0.052199999999999996
0.0686
0.0687
0.08099999999999999
0.0862
0.069
0.0374
0.0171
0.0
0.7694000000000001
0.1543
0.1518
0.3175
0.32089999999999996
0.25939999999999996
0.0721
0.0696
0.0696
0.07070000000000001
0.06920000000000001
0.058399999999999994
0.0471
0.060200000000000004
0.0821
0.0902
0.0649
0.0526
0.0515
0.0399
0.0431
0.0392
0.038599999999999995
0.035699999999999996
0.036699999999999997
0.0561
0.0623
0.0652
0.0822
0.0884
0.07880000000000001
0.0774
0.0766
0.07830000000000001
0.0808
0.0764
0.0675
0.08330000000000001
0.0727
0.0754
0.0556
0.0469
0.049
0.0462
0.0505
0.0566
0.0582
0.075
0.08249999999999999
0.09770000000000001
0.0891
0.0763
0.0801
0.08510000000000001
0.19779999999999998
0.19890000000000002
0.195
0.1953
0.1904
0.1772
0.1328
0.0989
0.3053
0.2354
0.1776
0.1602
0.14450000000000002
0.1241
0.126
0.13369999999999999
0.13419999999999999
0.225
0.1477
0.173
0.1896
0.17020000000000002
0.1648
0.1729
0.0224
0.0212
0.0201
0.0224
0.0285
0.0201
0.0197
0.0305
0.0076
0.0366
0.028900000000000002
0.0319
0.0278
0.0248
0.0271
0.022
0.028499999999999998
0.0315
0.0223
0.0229
0.0203
0.0116
0.0191
0.029
0.6897
5.4643999999999995
1.695
0.16360000000000002
0.36929999999999996
0.3588
0.1402
0.046099999999999995
0.0015
0.023899999999999998
0.0274
0.019299999999999998
0.0081
0.0219
0.0293
0.0229
0.0165
0.012400000000000001
0.0238
0.034199999999999994
0.0248
0.0013
0.0571
0.16770000000000002
0.7176
0.7037
0.6597
0.5885
0.5468
0.552
0.5773
1.603
2.8881
0.0076
0.1905
0.2443
0.24520000000000003
0.9673
0.8793
0.0764
1.2833999999999999
0.0312
0.2177
0.2111
0.2022
0.0814
0.0653
0.0469
2.3218
3.2763
2.3276000000000003
0.7922
1.1942
0.9610000000000001
0.20800000000000002
0.0434
0.0324
0.052199999999999996
0.0686
0.0687
0.08099999999999999
0.0862
0.069
0.0374
0.0171
0.0
0.7694000000000001
0.1543
0.1518
0.3175
0.32089999999999996
0.25939999999999996
0.0721
0.0696
0.0696
0.07070000000000001
0.06920000000000001
0.058399999999999994
0.0471
0.060200000000000004
0.0821
0.0902
0.0649
0.0526
0.0515
0.0399
0.0431
0.0392
0.038599999999999995
0.035699999999999996
0.036699999999999997
0.0561
0.0623
0.0652
0.0822
0.0884
0.07880000000000001
0.0774
0.0766
0.07830000000000001
0.0808
0.0764
0.0675
0.08330000000000001
0.0727
0.0754
0.0556
0.0469
0.049
0.0462
0.0505
0.0566
0.0582
0.075
0.08249999999999999
0.09770000000000001
0.0891
0.0763
0.0801
0.08510000000000001
0.19779999999999998
0.19890000000000002
0.195
0.1953
0.1904
0.1772
0.1328
0.0989
0.3053
0.2354
0.1776
0.1602
0.14450000000000002
0.1241
0.126
0.13369999999999999
0.13419999999999999
0.225
0.1477
0.173
0.1896
0.17020000000000002
0.1648
0.1729
0.0224
0.0212
0.0201
0.0224
0.0285
0.0201
0.0197
0.0305
0.0076
0.0366
0.028900000000000002
0.0319
0.0278
0.0248
0.0271
0.022
0.028499999999999998
0.0315
0.0223
0.0229
0.0203
0.0116
0.0191
0.029
0.6897
5.4643999999999995
1.695
0.16360000000000002
0.36929999999999996
0.3588
0.1402
0.046099999999999995
0.0015
0.023899999999999998
0.0274
0.019299999999999998
0.0081
0.0219
0.0293
0.0229
0.0165
0.012400000000000001
0.0238
0.034199999999999994
0.0248
0.0013
0.0571
0.16770000000000002
0.7176
0.7037
0.6597
0.5885
0.5468
0.552
0.5773
1.603
2.8881
0.0076
0.1905
0.2443
0.24520000000000003
0.9673
0.8793
0.0764
1.2833999999999999
0.0312
0.2177
0.2111
0.2022
0.0814
0.0653
0.0469
2.3218
3.2763
2.3276000000000003
0.7922
1.1942
0.9610000000000001
0.20800000000000002
0.0434
0.0324
0.052199999999999996
0.0686
0.0687
0.08099999999999999
0.0862
0.069
0.0374
0.0171
0.0
0.7694000000000001
0.1543
0.1518
0.3175
0.32089999999999996
0.25939999999999996
0.0721
0.0696
0.0696
0.07070000000000001
0.06920000000000001
0.058399999999999994
0.0471
0.060200000000000004
0.0821
0.0902
0.0649
0.0526
0.0515
0.0399
0.0431
0.0392
0.038599999999999995
0.035699999999999996
0.036699999999999997
0.0561
0.0623
0.0652
0.0822
0.0884
0.07880000000000001
0.0774
0.0766
0.07830000000000001
0.0808
0.0764
0.0675
0.08330000000000001
0.0727
0.0754
0.0556
0.0469
0.049
0.0462
0.0505
0.0566
0.0582
0.075
0.08249999999999999
0.09770000000000001
0.0891
0.0763
0.0801
0.08510000000000001
0.19779999999999998
0.19890000000000002
0.195
0.1953
0.1904
0.1772
0.1328
0.0989
0.3053
0.2354
0.1776
0.1602
0.14450000000000002
0.1241
0.126
0.13369999999999999
0.13419999999999999
0.225
0.1477
0.173
0.1896
0.17020000000000002
0.1648
0.1729
0.0224
0.0212
0.0201
0.0224
0.0285
0.0201
0.0197
0.0305
0.0076
0.0366
0.028900000000000002
0.0319
0.0278
0.0248
0.0271
0.022
0.028499999999999998
0.0315
0.0223
0.0229
0.0203
0.0116
0.0191
0.029
0.6897
5.4643999999999995
1.695
0.16360000000000002
0.36929999999999996
0.3588
0.1402
0.046099999999999995
0.0015
0.023899999999999998
0.0274
0.019299999999999998
0.0081
0.0219
0.0293
0.0229
0.0165
0.012400000000000001
0.0238
0.034199999999999994
0.0248
0.0013
0.0571
0.16770000000000002
0.7176
0.7037
0.6597
0.5885
0.5468
0.552
0.5773
1.603
2.8881
0.0076
0.1905
0.2443
0.24520000000000003
0.9673
0.8793
0.0764
1.2833999999999999
0.0312
0.2177
0.2111
0.2022
0.0814
0.0653
0.0469
2.3218
3.2763
2.3276000000000003
0.7922
1.1942
0.9610000000000001
0.20800000000000002
0.0434
0.0324
0.052199999999999996
0.0686
0.0687
0.08099999999999999
0.0862
0.069
0.0374
0.0171
0.0
0.7694000000000001
0.1543
0.1518
0.3175
0.32089999999999996
0.25939999999999996
0.0721
0.0696
0.0696
0.07070000000000001
0.06920000000000001
0.058399999999999994
0.0471
0.060200000000000004
0.0821
0.0902
0.0649
0.0526
0.0515
0.0399
0.0431
0.0392
0.038599999999999995
0.035699999999999996
0.036699999999999997
0.0561
0.0623
0.0652
0.0822
0.0884
0.07880000000000001
0.0774
0.0766
0.07830000000000001
0.0808
0.0764
0.0675
0.08330000000000001
0.0727
0.0754
0.0556
0.0469
0.049
0.0462
0.0505
0.0566
0.0582
0.075
0.08249999999999999
0.09770000000000001
0.0891
0.0763
0.0801
0.08510000000000001
0.19779999999999998
0.19890000000000002
0.195
0.1953
0.1904
0.1772
0.1328
0.0989
0.3053
0.2354
0.1776
0.1602
0.14450000000000002
0.1241
0.126
0.13369999999999999
0.13419999999999999
0.225
0.1477
0.173
0.1896
0.17020000000000002
0.1648
0.1729
0.0224
0.0212
0.0201
0.0224
0.0285
0.0201
0.0197
0.0305
0.0076
0.0366
0.028900000000000002
0.0319
0.0278
0.0248
0.0271
0.022
0.028499999999999998
0.0315
0.0223
0.0229
0.0203
0.0116
0.0191
0.029
0.6897
5.4643999999999995
1.695
0.16360000000000002
0.36929999999999996
0.3588
0.1402
0.046099999999999995
0.0015
0.023899999999999998
0.0274
0.019299999999999998
0.0081
0.0219
0.0293
0.0229
0.0165
0.012400000000000001
0.0238
0.034199999999999994
0.0248
0.0013
0.0571
0.16770000000000002
0.1285
0.1255
0.124
0.125
0.1197
0.1016
0.0776
0.089
0.1513
0.1202
0.10070000000000001
0.0988
0.092
0.07869999999999999
0.083
0.08310000000000001
0.0989
0.09739999999999999
0.08499999999999999
0.0858
0.087
0.094
0.119
0.1329
0.0779
0.0
0.0271
0.0
0.0
0.5183
0.3624
0.0474
0.0454
0.0323
0.0624
0.0514
0.0581
0.07419999999999999
0.0424
0.0317
0.0254
0.0462
0.0324
0.0092
0.0456
0.06559999999999999
0.1433
0.4789
0.1588
0.1572
0.1623
0.1864
0.1871
0.3366
0.3529
0.0998
0.1973
0.1724
0.1074
0.063
0.047799999999999995
0.0325
0.0385
0.0582
0.08560000000000001
0.19640000000000002
0.2358
0.3064
0.354
0.3186
0.278
0.2458
4.6566
5.1413
3.7702
1.1722000000000001
0.45389999999999997
0.0412
0.0235
0.0
0.4672
0.3064
0.015
0.0089
0.0189
0.048100000000000004
0.0674
0.0441
0.0436
0.0014
0.0
0.0
0.0067
0.10439999999999999
0.34509999999999996
0.6355999999999999
3.6536999999999997
1.9405000000000001
1.6238000000000001
0.41590000000000005
0.0954
0.15789999999999998
0.2923
1.2132
1.1972
0.7977000000000001
0.3847
0.0
0.0
0.0
0.0
0.0
0.0127
0.09459999999999999
0.1368
0.052000000000000005
0.0006
0.0053
0.019700000000000002
1.5705
0.7163999999999999
0.6453
0.5946
0.5099
0.43579999999999997
0.28350000000000003
0.1844
0.3664
0.5624
0.28500000000000003
0.0422
0.009600000000000001
0.020900000000000002
0.0358
0.0375
0.1824
0.2976
0.4701
0.6174999999999999
1.113
2.2226
1.2862
1.2801999999999998
1.408
0.6104
0.1991
0.1974
0.1648
0.1482
0.134
0.0938
0.0587
0.0446
0.045899999999999996
0.035100000000000006
0.031799999999999995
0.029699999999999997
0.0326
0.041999999999999996
0.0474
0.051500000000000004
0.0453
0.0514
0.0577
0.0629
0.0752
0.09759999999999999
0.14179999999999998
0.1285
0.1255
0.124
0.125
0.1197
0.1016
0.0776
0.089
0.1513
0.1202
0.10070000000000001
0.0988
0.092
0.07869999999999999
0.083
0.08310000000000001
0.0989
0.09739999999999999
0.08499999999999999
0.0858
0.087
0.094
0.119
0.1329
0.0779
0.0
0.0271
0.0
0.0
0.5183
0.3624
0.0474
0.0454
0.0323
0.0624
0.0514
0.0581
0.07419999999999999
0.0424
0.0317
0.0254
0.0462
0.0324
0.0092
0.0456
0.06559999999999999
0.1433
0.4789
0.1588
0.1572
0.1623
0.1864
0.1871
0.3366
0.3529
0.0998
0.1973
0.1724
0.1074
0.063
0.047799999999999995
0.0325
0.0385
0.0582
0.08560000000000001
0.19640000000000002
0.2358
0.3064
0.354
0.3186
0.278
0.2458
4.6566
5.1413
3.7702
1.1722000000000001
0.45389999999999997
0.0412
0.0235
0.0
0.4672
0.3064
0.015
0.0089
0.0189
0.048100000000000004
0.0674
0.0441
0.0436
0.0014
0.0
0.0
0.0067
0.10439999999999999
0.34509999999999996
0.6355999999999999
3.6536999999999997
1.9405000000000001
1.6238000000000001
0.41590000000000005
0.0954
0.15789999999999998
0.2923
1.2132
1.1972
0.7977000000000001
0.3847
0.0
0.0
0.0
0.0
0.0
0.0127
0.09459999999999999
0.1368
0.052000000000000005
0.0006
0.0053
0.019700000000000002
1.5705
0.7163999999999999
0.6453
0.5946
0.5099
0.43579999999999997
0.28350000000000003
0.1844
0.3664
0.5624
0.28500000000000003
0.0422
0.009600000000000001
0.020900000000000002
0.0358
0.0375
0.1824
0.2976
0.4701
0.6174999999999999
1.113
2.2226
1.2862
1.2801999999999998
1.408
0.6104
0.1991
0.1974
0.1648
0.1482
0.134
0.0938
0.0587
0.0446
0.045899999999999996
0.035100000000000006
0.031799999999999995
0.029699999999999997
0.0326
0.041999999999999996
0.0474
0.051500000000000004
0.0453
0.0514
0.0577
0.0629
0.0752
0.09759999999999999
0.14179999999999998
0.1285
0.1255
0.124
0.125
0.1197
0.1016
0.0776
0.089
0.1513
0.1202
0.10070000000000001
0.0988
0.092
0.07869999999999999
0.083
0.08310000000000001
0.0989
0.09739999999999999
0.08499999999999999
0.0858
0.087
0.094
0.119
0.1329
0.0779
0.0
0.0271
0.0
0.0
0.5183
0.3624
0.0474
0.0454
0.0323
0.0624
0.0514
0.0581
0.07419999999999999
0.0424
0.0317
0.0254
0.0462
0.0324
0.0092
0.0456
0.06559999999999999
0.1433
0.4789
0.1588
0.1572
0.1623
0.1864
0.1871
0.3366
0.3529
0.0998
0.1973
0.1724
0.1074
0.063
0.047799999999999995
0.0325
0.0385
0.0582
0.08560000000000001
0.19640000000000002
0.2358
0.3064
0.354
0.3186
0.278
0.2458
4.6566
5.1413
3.7702
1.1722000000000001
0.45389999999999997
0.0412
0.0235
0.0
0.4672
0.3064
0.015
0.0089
0.0189
0.048100000000000004
0.0674
0.0441
0.0436
0.0014
0.0
0.0
0.0067
0.10439999999999999
0.34509999999999996
0.6355999999999999
3.6536999999999997
1.9405000000000001
1.6238000000000001
0.41590000000000005
0.0954
0.15789999999999998
0.2923
1.2132
1.1972
0.7977000000000001
0.3847
0.0
0.0
0.0
0.0
0.0
0.0127
0.09459999999999999
0.1368
0.052000000000000005
0.0006
0.0053
0.019700000000000002
1.5705
0.7163999999999999
0.6453
0.5946
0.5099
0.43579999999999997
0.28350000000000003
0.1844
0.3664
0.5624
0.28500000000000003
0.0422
0.009600000000000001
0.020900000000000002
0.0358
0.0375
0.1824
0.2976
0.4701
0.6174999999999999
1.113
2.2226
1.2862
1.2801999999999998
1.408
0.6104
0.1991
0.1974
0.1648
0.1482
0.134
0.0938
0.0587
0.0446
0.045899999999999996
0.035100000000000006
0.031799999999999995
0.029699999999999997
0.0326
0.041999999999999996
0.0474
0.051500000000000004
0.0453
0.0514
0.0577
0.0629
0.0752
0.09759999999999999
0.14179999999999998
0.1285
0.1255
0.124
0.125
0.1197
0.1016
0.0776
0.089
0.1513
0.1202
0.10070000000000001
0.0988
0.092
0.07869999999999999
0.083
0.08310000000000001
0.0989
0.09739999999999999
0.08499999999999999
0.0858
0.087
0.094
0.119
0.1329
0.0779
0.0
0.0271
0.0
0.0
0.5183
0.3624
0.0474
0.0454
0.0323
0.0624
0.0514
0.0581
0.07419999999999999
0.0424
0.0317
0.0254
0.0462
0.0324
0.0092
0.0456
0.06559999999999999
0.1433
0.4789
0.1588
0.1572
0.1623
0.1864
0.1871
0.3366
0.3529
0.0998
0.1973
0.1724
0.1074
0.063
0.047799999999999995
0.0325
0.0385
0.0582
0.08560000000000001
0.19640000000000002
0.2358
0.3064
0.354
0.3186
0.278
0.2458
4.6566
5.1413
3.7702
1.1722000000000001
0.45389999999999997
0.0412
0.0235
0.0
0.4672
0.3064
0.015
0.0089
0.0189
0.048100000000000004
0.0674
0.0441
0.0436
0.0014
0.0
0.0
0.0067
0.10439999999999999
0.34509999999999996
0.6355999999999999
3.6536999999999997
1.9405000000000001
1.6238000000000001
0.41590000000000005
0.0954
0.15789999999999998
0.2923
1.2132
1.1972
0.7977000000000001
0.3847
0.0
0.0
0.0
0.0
0.0
0.0127
0.09459999999999999
0.1368
0.052000000000000005
0.0006
0.0053
0.019700000000000002
1.5705
0.7163999999999999
0.6453
0.5946
0.5099
0.43579999999999997
0.28350000000000003
0.1844
0.3664
0.5624
0.28500000000000003
0.0422
0.009600000000000001
0.020900000000000002
0.0358
0.0375
0.1824
0.2976
0.4701
0.6174999999999999
1.113
2.2226
1.2862
1.2801999999999998
1.408
0.6104
0.1991
0.1974
0.1648
0.1482
0.134
0.0938
0.0587
0.0446
0.045899999999999996
0.035100000000000006
0.031799999999999995
0.029699999999999997
0.0326
0.041999999999999996
0.0474
0.051500000000000004
0.0453
0.0514
0.0577
0.0629
0.0752
0.09759999999999999
0.14179999999999998
0.1285
0.1255
0.124
0.125
0.1197
0.1016
0.0776
0.089
0.1513
0.1202
0.10070000000000001
0.0988
0.092
0.07869999999999999
0.083
0.08310000000000001
0.0989
0.09739999999999999
0.08499999999999999
0.0858
0.087
0.094
0.119
0.1329
0.0779
0.0
0.0271
0.0
0.0
0.5183
0.3624
0.0474
0.0454
0.0323
0.0624
0.0514
0.0581
0.07419999999999999
0.0424
0.0317
0.0254
0.0462
0.0324
0.0092
0.0456
0.06559999999999999
0.1433
0.4789
0.1588
0.1572
0.1623
0.1864
0.1871
0.3366
0.3529
0.0998
0.1973
0.1724
0.1074
0.063
0.047799999999999995
0.0325
0.0385
0.0582
0.08560000000000001
0.19640000000000002
0.2358
0.3064
0.354
0.3186
0.278
0.2458
0.055999999999999994
0.0489
0.0562
0.058499999999999996
0.06609999999999999
0.046
0.0732
0.153
0.0148
0.0337
0.0401
0.044399999999999995
0.0505
0.0482
0.0453
0.0823
0.0315
0.014499999999999999
0.019200000000000002
0.0218
0.0169
0.0131
0.0121
0.014
0.43410000000000004
0.1602
0.1032
0.0775
0.7647999999999999
0.5543
0.0893
0.0458
0.036000000000000004
0.045700000000000005
0.0537
0.07730000000000001
0.044
0.0462
0.0624
0.0475
0.0749
0.0711
0.0954
0.1108
0.06820000000000001
0.0524
0.0173
0.0166
5.8666
5.909599999999999
5.5746
0.877
0.11299999999999999
0.0922
0.07519999999999999
0.09029999999999999
0.0758
0.0834
0.0908
0.083
0.08929999999999999
0.0931
0.0926
0.9087
0.48869999999999997
0.1405
0.1563
0.2038
0.21039999999999998
0.2515
0.2735
0.6716
0.016
0.0176
0.0168
0.0135
0.01
0.0182
0.0211
0.0258
0.0214
0.0229
0.0251
0.0326
0.0353
0.03
0.0327
0.0305
0.0383
0.0401
0.028999999999999998
0.0257
0.0215
0.0157
0.0144
0.0177
0.37239999999999995
0.779
3.1692
1.7805
0.42410000000000003
1.1159
0.5466
0.0907
0.0901
0.11019999999999999
0.109
0.101
0.09640000000000001
0.0956
0.09129999999999999
0.0845
0.1272
0.1503
0.13119999999999998
0.1227
1.0091999999999999
0.4822
0.28990000000000005
0.2773
0.1616
0.1583
0.1613
0.16149999999999998
0.1894
0.4976
0.1923
0.1036
0.07070000000000001
0.0195
0.0406
0.0278
0.0294
0.022
0.0332
0.0317
0.0396
0.0975
0.11130000000000001
0.1959
0.26239999999999997
0.2283
0.1927
0.1839
4.2901
0.8324
0.4212
0.2879
0.16820000000000002
0.1719
0.25639999999999996
0.7663
0.6688000000000001
0.19230000000000003
0.012799999999999999
0.0164
0.0214
0.0424
0.0553
0.015600000000000001
0.0926
0.7424999999999999
2.8106
2.2037
0.5669
0.3937
0.3111
1.7204000000000002
0.055999999999999994
0.0489
0.0562
0.058499999999999996
0.06609999999999999
0.046
0.0732
0.153
0.0148
0.0337
0.0401
0.044399999999999995
0.0505
0.0482
0.0453
0.0823
0.0315
0.014499999999999999
0.019200000000000002
0.0218
0.0169
0.0131
0.0121
0.014
0.43410000000000004
0.1602
0.1032
0.0775
0.7647999999999999
0.5543
0.0893
0.0458
0.036000000000000004
0.045700000000000005
0.0537
0.07730000000000001
0.044
0.0462
0.0624
0.0475
0.0749
0.0711
0.0954
0.1108
0.06820000000000001
0.0524
0.0173
0.0166
5.8666
5.909599999999999
5.5746
0.877
0.11299999999999999
0.0922
0.07519999999999999
0.09029999999999999
0.0758
0.0834
0.0908
0.083
0.08929999999999999
0.0931
0.0926
0.9087
0.48869999999999997
0.1405
0.1563
0.2038
0.21039999999999998
0.2515
0.2735
0.6716
0.016
0.0176
0.0168
0.0135
0.01
0.0182
0.0211
0.0258
0.0214
0.0229
0.0251
0.0326
0.0353
0.03
0.0327
0.0305
0.0383
0.0401
0.028999999999999998
0.0257
0.0215
0.0157
0.0144
0.0177
0.37239999999999995
0.779
3.1692
1.7805
0.42410000000000003
1.1159
0.5466
0.0907
0.0901
0.11019999999999999
0.109
0.101
0.09640000000000001
0.0956
0.09129999999999999
0.0845
0.1272
0.1503
0.13119999999999998
0.1227
1.0091999999999999
0.4822
0.28990000000000005
0.2773
0.1616
0.1583
0.1613
0.16149999999999998
0.1894
0.4976
0.1923
0.1036
0.07070000000000001
0.0195
0.0406
0.0278
0.0294
0.022
0.0332
0.0317
0.0396
0.0975
0.11130000000000001
0.1959
0.26239999999999997
0.2283
0.1927
0.1839
4.2901
0.8324
0.4212
0.2879
0.16820000000000002
0.1719
0.25639999999999996
0.7663
0.6688000000000001
0.19230000000000003
0.012799999999999999
0.0164
0.0214
0.0424
0.0553
0.015600000000000001
0.0926
0.7424999999999999
2.8106
2.2037
0.5669
0.3937
0.3111
1.7204000000000002
0.055999999999999994
0.0489
0.0562
0.058499999999999996
0.06609999999999999
0.046
0.0732
0.153
0.0148
0.0337
0.0401
0.044399999999999995
0.0505
0.0482
0.0453
0.0823
0.0315
0.014499999999999999
0.019200000000000002
0.0218
0.0169
0.0131
0.0121
0.014
0.43410000000000004
0.1602
0.1032
0.0775
0.7647999999999999
0.5543
0.0893
0.0458
0.036000000000000004
0.045700000000000005
0.0537
0.07730000000000001
0.044
0.0462
0.0624
0.0475
0.0749
0.0711
0.0954
0.1108
0.06820000000000001
0.0524
0.0173
0.0166
5.8666
5.909599999999999
5.5746
0.877
0.11299999999999999
0.0922
0.07519999999999999
0.09029999999999999
0.0758
0.0834
0.0908
0.083
0.08929999999999999
0.0931
0.0926
0.9087
0.48869999999999997
0.1405
0.1563
0.2038
0.21039999999999998
0.2515
0.2735
0.6716
0.016
0.0176
0.0168
0.0135
0.01
0.0182
0.0211
0.0258
0.0214
0.0229
0.0251
0.0326
0.0353
0.03
0.0327
0.0305
0.0383
0.0401
0.028999999999999998
0.0257
0.0215
0.0157
0.0144
0.0177
0.37239999999999995
0.779
3.1692
1.7805
0.42410000000000003
1.1159
0.5466
0.0907
0.0901
0.11019999999999999
0.109
0.101
0.09640000000000001
0.0956
0.09129999999999999
0.0845
0.1272
0.1503
0.13119999999999998
0.1227
1.0091999999999999
0.4822
0.28990000000000005
0.2773
0.1616
0.1583
0.1613
0.16149999999999998
0.1894
0.4976
0.1923
0.1036
0.07070000000000001
0.0195
0.0406
0.0278
0.0294
0.022
0.0332
0.0317
0.0396
0.0975
0.11130000000000001
0.1959
0.26239999999999997
0.2283
0.1927
0.1839
4.2901
0.8324
0.4212
0.2879
0.16820000000000002
0.1719
0.25639999999999996
0.7663
0.6688000000000001
0.19230000000000003
0.012799999999999999
0.0164
0.0214
0.0424
0.0553
0.015600000000000001
0.0926
0.7424999999999999
2.8106
2.2037
0.5669
0.3937
0.3111
1.7204000000000002
0.055999999999999994
0.0489
0.0562
0.058499999999999996
0.06609999999999999
0.046
0.0732
0.153
0.0148
0.0337
0.0401
0.044399999999999995
0.0505
0.0482
0.0453
0.0823
0.0315
0.014499999999999999
0.019200000000000002
0.0218
0.0169
0.0131
0.0121
0.014
0.43410000000000004
0.1602
0.1032
0.0775
0.7647999999999999
0.5543
0.0893
0.0458
0.036000000000000004
0.045700000000000005
0.0537
0.07730000000000001
0.044
0.0462
0.0624
0.0475
0.0749
0.0711
0.0954
0.1108
0.06820000000000001
0.0524
0.0173
0.0166
5.8666
5.909599999999999
5.5746
0.877
0.11299999999999999
0.0922
0.07519999999999999
0.09029999999999999
0.0758
0.0834
0.0908
0.083
0.08929999999999999
0.0931
0.0926
0.9087
0.48869999999999997
0.1405
0.1563
0.2038
0.21039999999999998
0.2515
0.2735
0.6716
0.016
0.0176
0.0168
0.0135
0.01
0.0182
0.0211
0.0258
0.0214
0.0229
0.0251
0.0326
0.0353
0.03
0.0327
0.0305
0.0383
0.0401
0.028999999999999998
0.0257
0.0215
0.0157
0.0144
0.0177
0.37239999999999995
0.779
3.1692
1.7805
0.42410000000000003
1.1159
0.5466
0.0907
0.0901
0.11019999999999999
0.109
0.101
0.09640000000000001
0.0956
0.09129999999999999
0.0845
0.1272
0.1503
0.13119999999999998
0.1227
1.0091999999999999
0.4822
0.28990000000000005
0.2773
0.1616
0.1583
0.1613
0.16149999999999998
0.1894
0.4976
0.1923
0.1036
0.07070000000000001
0.0195
0.0406
0.0278
0.0294
0.022
0.0332
0.0317
0.0396
0.0975
0.11130000000000001
0.1959
0.26239999999999997
0.2283
0.1927
0.1839
4.2901
0.8324
0.4212
0.2879
0.16820000000000002
0.1719
0.25639999999999996
0.7663
0.6688000000000001
0.19230000000000003
0.012799999999999999
0.0164
0.0214
0.0424
0.0553
0.015600000000000001
0.0926
0.7424999999999999
2.8106
2.2037
0.5669
0.3937
0.3111
1.7204000000000002
0.055999999999999994
0.0489
0.0562
0.058499999999999996
0.06609999999999999
0.046
0.0732
0.153
0.0148
0.0337
0.0401
0.044399999999999995
0.0505
0.0482
0.0453
0.0823
0.0315
0.014499999999999999
0.019200000000000002
0.0218
0.0169
0.0131
0.0121
0.014
0.43410000000000004
0.1602
0.1032
0.0775
0.7647999999999999
0.5543
0.0893
0.0458
0.036000000000000004
0.045700000000000005
0.0537
0.07730000000000001
0.044
0.0462
0.0624
0.0475
0.0749
0.0711
0.0954
0.1108
0.06820000000000001
0.0524
0.0173
0.0166
1.9251
4.1021
3.7338
0.8182
0.3222
0.3266
0.3769
0.0039
0.0093
0.0271
0.0408
0.0278
0.0274
0.0335
0.014
0.0
0.0
0.0
0.0
1.083
0.1004
0.041800000000000004
0.0
0.0
1.2280000000000002
0.587
2.6808
0.2009
0.6453
0.8732
0.8738
1.0547
0.595
0.47819999999999996
0.4355
0.3571
0.5717
3.1084
0.0575
0.31679999999999997
0.2235
0.12040000000000001
1.0964
0.20950000000000002
0.177
0.07039999999999999
0.0409
0.0085
0.2399
0.1913
0.1687
0.1604
0.1538
0.1157
0.1079
0.1199
0.1028
0.1461
0.368
0.6764
0.2369
0.159
0.173
0.7737
0.4436
1.1229
1.0759
0.9786999999999999
0.7323
0.6997
0.9573
0.5766
0.4864
0.8957999999999999
0.6113999999999999
1.7887
0.5913
0.026000000000000002
0.0125
0.0248
0.057800000000000004
0.025
0.025500000000000002
0.013099999999999999
0.046799999999999994
0.031
0.3483
0.40969999999999995
0.1809
0.188
0.452
0.8686
0.2328
0.0
0.0001
0.036199999999999996
1.3681999999999999
1.8914
2.0321
0.20600000000000002
0.1921
0.2501
0.3379
0.5098
0.6466000000000001
0.6987
0.6125
0.5938
1.5157
0.8992
0.4712
0.5165
1.0314
0.4145
0.3611
0.3214
0.3929
0.9026
2.1783
0.9923
3.2348999999999997
2.7785
2.7214
0.8194
0.32099999999999995
0.5267
0.5531
0.4491
0.5894
0.27359999999999995
0.2636
0.26170000000000004
0.29410000000000003
0.302
0.3387
0.4784
0.3775
0.4105
0.45589999999999997
0.546
0.6325000000000001
0.5178
0.34809999999999997
0.6573
0.2431
0.1608
0.14129999999999998
0.1307
0.1417
0.14129999999999998
0.1466
0.1508
0.2145
0.251
0.4714
0.8701000000000001
0.38680000000000003
0.2409
0.9235
1.3974000000000002
1.3504
0.2602
0.2839
0.3815
0.44930000000000003
0.325
0.29800000000000004
0.548
1.9251
4.1021
3.7338
0.8182
0.3222
0.3266
0.3769
0.0039
0.0093
0.0271
0.0408
0.0278
0.0274
0.0335
0.014
0.0
0.0
0.0
0.0
1.083
0.1004
0.041800000000000004
0.0
0.0
1.2280000000000002
0.587
2.6808
0.2009
0.6453
0.8732
0.8738
1.0547
0.595
0.47819999999999996
0.4355
0.3571
0.5717
3.1084
0.0575
0.31679999999999997
0.2235
0.12040000000000001
1.0964
0.20950000000000002
0.177
0.07039999999999999
0.0409
0.0085
0.2399
0.1913
0.1687
0.1604
0.1538
0.1157
0.1079
0.1199
0.1028
0.1461
0.368
0.6764
0.2369
0.159
0.173
0.7737
0.4436
1.1229
1.0759
0.9786999999999999
0.7323
0.6997
0.9573
0.5766
0.4864
0.8957999999999999
0.6113999999999999
1.7887
0.5913
0.026000000000000002
0.0125
0.0248
0.057800000000000004
0.025
0.025500000000000002
0.013099999999999999
0.046799999999999994
0.031
0.3483
0.40969999999999995
0.1809
0.188
0.452
0.8686
0.2328
0.0
0.0001
0.036199999999999996
1.3681999999999999
1.8914
2.0321
0.20600000000000002
0.1921
0.2501
0.3379
0.5098
0.6466000000000001
0.6987
0.6125
0.5938
1.5157
0.8992
0.4712
0.5165
1.0314
0.4145
0.3611
0.3214
0.3929
0.9026
2.1783
0.9923
3.2348999999999997
2.7785
2.7214
0.8194
0.32099999999999995
0.5267
0.5531
0.4491
0.5894
0.27359999999999995
0.2636
0.26170000000000004
0.29410000000000003
0.302
0.3387
0.4784
0.3775
0.4105
0.45589999999999997
0.546
0.6325000000000001
0.5178
0.34809999999999997
0.6573
0.2431
0.1608
0.14129999999999998
0.1307
0.1417
0.14129999999999998
0.1466
0.1508
0.2145
0.251
0.4714
0.8701000000000001
0.38680000000000003
0.2409
0.9235
1.3974000000000002
1.3504
0.2602
0.2839
0.3815
0.44930000000000003
0.325
0.29800000000000004
0.548
1.9251
4.1021
3.7338
0.8182
0.3222
0.3266
0.3769
0.0039
0.0093
0.0271
0.0408
0.0278
0.0274
0.0335
0.014
0.0
0.0
0.0
0.0
1.083
0.1004
0.041800000000000004
0.0
0.0
1.2280000000000002
0.587
2.6808
0.2009
0.6453
0.8732
0.8738
1.0547
0.595
0.47819999999999996
0.4355
0.3571
0.5717
3.1084
0.0575
0.31679999999999997
0.2235
0.12040000000000001
1.0964
0.20950000000000002
0.177
0.07039999999999999
0.0409
0.0085
0.2399
0.1913
0.1687
0.1604
0.1538
0.1157
0.1079
0.1199
0.1028
0.1461
0.368
0.6764
0.2369
0.159
0.173
0.7737
0.4436
1.1229
1.0759
0.9786999999999999
0.7323
0.6997
0.9573
0.5766
0.4864
0.8957999999999999
0.6113999999999999
1.7887
0.5913
0.026000000000000002
0.0125
0.0248
0.057800000000000004
0.025
0.025500000000000002
0.013099999999999999
0.046799999999999994
0.031
0.3483
0.40969999999999995
0.1809
0.188
0.452
0.8686
0.2328
0.0
0.0001
0.036199999999999996
1.3681999999999999
1.8914
2.0321
0.20600000000000002
0.1921
0.2501
0.3379
0.5098
0.6466000000000001
0.6987
0.6125
0.5938
1.5157
0.8992
0.4712
0.5165
1.0314
0.4145
0.3611
0.3214
0.3929
0.9026
2.1783
0.9923
3.2348999999999997
2.7785
2.7214
0.8194
0.32099999999999995
0.5267
0.5531
0.4491
0.5894
0.27359999999999995
0.2636
0.26170000000000004
0.29410000000000003
0.302
0.3387
0.4784
0.3775
0.4105
0.45589999999999997
0.546
0.6325000000000001
0.5178
0.34809999999999997
0.6573
0.2431
0.1608
0.14129999999999998
0.1307
0.1417
0.14129999999999998
0.1466
0.1508
0.2145
0.251
0.4714
0.8701000000000001
0.38680000000000003
0.2409
0.9235
1.3974000000000002
1.3504
0.2602
0.2839
0.3815
0.44930000000000003
0.325
0.29800000000000004
0.548
1.9251
4.1021
3.7338
0.8182
0.3222
0.3266
0.3769
0.0039
0.0093
0.0271
0.0408
0.0278
0.0274
0.0335
0.014
0.0
0.0
0.0
0.0
1.083
0.1004
0.041800000000000004
0.0
0.0
1.2280000000000002
0.587
2.6808
0.2009
0.6453
0.8732
0.8738
1.0547
0.595
0.47819999999999996
0.4355
0.3571
0.5717
3.1084
0.0575
0.31679999999999997
0.2235
0.12040000000000001
1.0964
0.20950000000000002
0.177
0.07039999999999999
0.0409
0.0085
0.2399
0.1913
0.1687
0.1604
0.1538
0.1157
0.1079
0.1199
0.1028
0.1461
0.368
0.6764
0.2369
0.159
0.173
0.7737
0.4436
1.1229
1.0759
0.9786999999999999
0.7323
0.6997
0.9573
0.5766
0.4864
0.8957999999999999
0.6113999999999999
1.7887
0.5913
0.026000000000000002
0.0125
0.0248
0.057800000000000004
0.025
0.025500000000000002
0.013099999999999999
0.046799999999999994
0.031
0.3483
0.40969999999999995
0.1809
0.188
0.452
0.8686
0.2328
0.0
0.0001
0.036199999999999996
1.3681999999999999
1.8914
2.0321
0.20600000000000002
0.1921
0.2501
0.3379
0.5098
0.6466000000000001
0.6987
0.6125
0.5938
1.5157
0.8992
0.4712
0.5165
1.0314
0.4145
0.3611
0.3214
0.3929
0.9026
2.1783
0.9923
3.2348999999999997
2.7785
2.7214
0.8194
0.32099999999999995
0.5267
0.5531
0.4491
0.5894
0.27359999999999995
0.2636
0.26170000000000004
0.29410000000000003
0.302
0.3387
0.4784
0.3775
0.4105
0.45589999999999997
0.546
0.6325000000000001
0.5178
0.34809999999999997
0.6573
0.2431
0.1608
0.14129999999999998
0.1307
0.1417
0.14129999999999998
0.1466
0.1508
0.2145
0.251
0.4714
0.8701000000000001
0.38680000000000003
0.2409
0.9235
1.3974000000000002
1.3504
0.2602
0.2839
0.3815
0.44930000000000003
0.325
0.29800000000000004
0.548
1.9251
4.1021
3.7338
0.8182
0.3222
0.3266
0.3769
0.0039
0.0093
0.0271
0.0408
0.0278
0.0274
0.0335
0.014
0.0
0.0
0.0
0.0
1.083
0.1004
0.041800000000000004
0.0
0.0
1.2280000000000002
0.587
2.6808
0.2009
0.6453
0.8732
0.8738
1.0547
0.595
0.47819999999999996
0.4355
0.3571
0.5717
3.1084
0.0575
0.31679999999999997
0.2235
0.12040000000000001
1.0964
0.20950000000000002
0.177
0.07039999999999999
0.0409
0.0085
0.2399
0.1913
0.1687
0.1604
0.1538
0.1157
0.1079
0.1199
0.1028
0.1461
0.368
0.6764
0.2369
0.159
0.173
0.7737
0.4436
1.1229
1.0759
0.9786999999999999
0.7323
0.6997
0.9573
0.5766
2.1465
3.0329
3.5252
4.8956
3.282
0.2141
1.7984999999999998
0.45320000000000005
0.1486
0.1144
0.1237
0.14379999999999998
0.1521
0.1189
0.134
0.1991
0.3345
2.036
0.8028
0.7309
0.5947
0.4685
0.3431
0.2714
0.6774
0.0104
0.0377
0.0277
0.0402
0.0131
0.0
0.0282
0.054099999999999995
0.0209
0.063
0.0435
0.7568
0.0627
3.4834
0.0449
0.1194
0.6286
0.3493
0.1636
0.1483
0.11910000000000001
0.0615
0.0057
1.5825
2.2994
0.27559999999999996
0.3253
0.20179999999999998
0.3894
0.0442
0.0319
0.05
0.0556
0.0712
0.0654
0.06620000000000001
0.0776
0.0818
0.0243
0.8882
0.0313
0.1298
0.3055
0.4154
0.3477
0.19340000000000002
0.18330000000000002
4.1839
4.8662
5.299799999999999
5.6417
3.0824
1.1822
1.3265
0.8374
0.2264
0.6944
1.218
0.0654
0.027
0.0
0.0
0.0
0.0
0.0
0.0
0.054
0.47550000000000003
5.6023000000000005
5.403
8.2112
3.9826
4.8725000000000005
4.3757
1.3784999999999998
0.6013000000000001
0.0354
0.0203
0.027200000000000002
0.030399999999999996
0.0312
0.0296
0.029199999999999997
0.0389
0.0638
0.0626
0.049600000000000005
0.0708
0.0555
0.0423
0.0388
0.0
0.3276
1.1654
0.6902
2.1347
4.335800000000001
5.4396
7.2318
6.6311
1.2714
2.6483
2.9329
0.9701
0.48540000000000005
0.4447
0.4484
0.48360000000000003
0.5173
1.2483
4.8459
0.9522999999999999
1.7499
2.1189999999999998
1.7221
1.4216
1.4754999999999998
1.7045
1.5575
1.0935
2.38
2.4212
2.5422
2.4866
2.4863
0.6416999999999999
0.4981
0.37360000000000004
0.3336
0.2982
0.2957
0.2989
0.2902
0.2835
0.3103
0.31779999999999997
1.2106000000000001
1.7239
0.6577
1.3373
1.9178
1.7177
2.0123
2.1465
3.0329
3.5252
4.8956
3.282
0.2141
1.7984999999999998
0.45320000000000005
0.1486
0.1144
0.1237
0.14379999999999998
0.1521
0.1189
0.134
0.1991
0.3345
2.036
0.8028
0.7309
0.5947
0.4685
0.3431
0.2714
0.6774
0.0104
0.0377
0.0277
0.0402
0.0131
0.0
0.0282
0.054099999999999995
0.0209
0.063
0.0435
0.7568
0.0627
3.4834
0.0449
0.1194
0.6286
0.3493
0.1636
0.1483
0.11910000000000001
0.0615
0.0057
1.5825
2.2994
0.27559999999999996
0.3253
0.20179999999999998
0.3894
0.0442
0.0319
0.05
0.0556
0.0712
0.0654
0.06620000000000001
0.0776
0.0818
0.0243
0.8882
0.0313
0.1298
0.3055
0.4154
0.3477
0.19340000000000002
0.18330000000000002
4.1839
4.8662
5.299799999999999
5.6417
3.0824
1.1822
1.3265
0.8374
0.2264
0.6944
1.218
0.0654
0.027
0.0
0.0
0.0
0.0
0.0
0.0
0.054
0.47550000000000003
5.6023000000000005
5.403
8.2112
3.9826
4.8725000000000005
4.3757
1.3784999999999998
0.6013000000000001
0.0354
0.0203
0.027200000000000002
0.030399999999999996
0.0312
0.0296
0.029199999999999997
0.0389
0.0638
0.0626
0.049600000000000005
0.0708
0.0555
0.0423
0.0388
0.0
0.3276
1.1654
0.6902
2.1347
4.335800000000001
5.4396
7.2318
6.6311
1.2714
2.6483
2.9329
0.9701
0.48540000000000005
0.4447
0.4484
0.48360000000000003
0.5173
1.2483
4.8459
0.9522999999999999
1.7499
2.1189999999999998
1.7221
1.4216
1.4754999999999998
1.7045
1.5575
1.0935
2.38
2.4212
2.5422
2.4866
2.4863
0.6416999999999999
0.4981
0.37360000000000004
0.3336
0.2982
0.2957
0.2989
0.2902
0.2835
0.3103
0.31779999999999997
1.2106000000000001
1.7239
0.6577
1.3373
1.9178
1.7177
2.0123
2.1465
3.0329
3.5252
4.8956
3.282
0.2141
1.7984999999999998
0.45320000000000005
0.1486
0.1144
0.1237
0.14379999999999998
0.1521
0.1189
0.134
0.1991
0.3345
2.036
0.8028
0.7309
0.5947
0.4685
0.3431
0.2714
0.6774
0.0104
0.0377
0.0277
0.0402
0.0131
0.0
0.0282
0.054099999999999995
0.0209
0.063
0.0435
0.7568
0.0627
3.4834
0.0449
0.1194
0.6286
0.3493
0.1636
0.1483
0.11910000000000001
0.0615
0.0057
1.5825
2.2994
0.27559999999999996
0.3253
0.20179999999999998
0.3894
0.0442
0.0319
0.05
0.0556
0.0712
0.0654
0.06620000000000001
0.0776
0.0818
0.0243
0.8882
0.0313
0.1298
0.3055
0.4154
0.3477
0.19340000000000002
0.18330000000000002
4.1839
4.8662
5.299799999999999
5.6417
3.0824
1.1822
1.3265
0.8374
0.2264
0.6944
1.218
0.0654
0.027
0.0
0.0
0.0
0.0
0.0
0.0
0.054
0.47550000000000003
5.6023000000000005
5.403
8.2112
3.9826
4.8725000000000005
4.3757
1.3784999999999998
0.6013000000000001
0.0354
0.0203
0.027200000000000002
0.030399999999999996
0.0312
0.0296
0.029199999999999997
0.0389
0.0638
0.0626
0.049600000000000005
0.0708
0.0555
0.0423
0.0388
0.0
0.3276
1.1654
0.6902
2.1347
4.335800000000001
5.4396
7.2318
6.6311
1.2714
2.6483
2.9329
0.9701
0.48540000000000005
0.4447
0.4484
0.48360000000000003
0.5173
1.2483
4.8459
0.9522999999999999
1.7499
2.1189999999999998
1.7221
1.4216
1.4754999999999998
1.7045
1.5575
1.0935
2.38
2.4212
2.5422
2.4866
2.4863
0.6416999999999999
0.4981
0.37360000000000004
0.3336
0.2982
0.2957
0.2989
0.2902
0.2835
0.3103
0.31779999999999997
1.2106000000000001
1.7239
0.6577
1.3373
1.9178
1.7177
2.0123
2.1465
3.0329
3.5252
4.8956
3.282
0.2141
1.7984999999999998
0.45320000000000005
0.1486
0.1144
0.1237
0.14379999999999998
0.1521
0.1189
0.134
0.1991
0.3345
2.036
0.8028
0.7309
0.5947
0.4685
0.3431
0.2714
0.6774
0.0104
0.0377
0.0277
0.0402
0.0131
0.0
0.0282
0.054099999999999995
0.0209
0.063
0.0435
0.7568
0.0627
3.4834
0.0449
0.1194
0.6286
0.3493
0.1636
0.1483
0.11910000000000001
0.0615
0.0057
1.5825
2.2994
0.27559999999999996
0.3253
0.20179999999999998
0.3894
0.0442
0.0319
0.05
0.0556
0.0712
0.0654
0.06620000000000001
0.0776
0.0818
0.0243
0.8882
0.0313
0.1298
0.3055
0.4154
0.3477
0.19340000000000002
0.18330000000000002
4.1839
4.8662
5.299799999999999
5.6417
3.0824
1.1822
1.3265
0.8374
0.2264
0.6944
1.218
0.0654
0.027
0.0
0.0
0.0
0.0
0.0
0.0
0.054
0.47550000000000003
5.6023000000000005
5.403
8.2112
3.9826
4.8725000000000005
4.3757
1.3784999999999998
0.6013000000000001
0.0354
0.0203
0.027200000000000002
0.030399999999999996
0.0312
0.0296
0.029199999999999997
0.0389
0.0638
0.0626
0.049600000000000005
0.0708
0.0555
0.0423
0.0388
0.0
0.3276
1.1654
0.6902
2.1347
4.335800000000001
5.4396
7.2318
6.6311
1.2714
2.6483
2.9329
0.9701
0.48540000000000005
0.4447
0.4484
0.48360000000000003
0.5173
1.2483
4.8459
0.9522999999999999
1.7499
2.1189999999999998
1.7221
1.4216
1.4754999999999998
1.7045
1.5575
1.0935
2.38
2.4212
2.5422
2.4866
2.4863
0.6416999999999999
0.4981
0.37360000000000004
0.3336
0.2982
0.2957
0.2989
0.2902
0.2835
0.3103
0.31779999999999997
1.2106000000000001
1.7239
0.6577
1.3373
1.9178
1.7177
2.0123
2.1465
3.0329
3.5252
4.8956
3.282
0.2141
1.7984999999999998
0.45320000000000005
0.1486
0.1144
0.1237
0.14379999999999998
0.1521
0.1189
0.134
0.1991
0.3345
2.036
0.8028
0.7309
0.5947
0.4685
0.3431
0.2714
0.6774
0.0104
0.0377
0.0277
0.0402
0.0131
0.0
0.0282
0.054099999999999995
0.0209
0.063
0.0435
0.7568
0.0627
3.4834
0.0449
0.1194
0.6286
0.3493
0.1636
0.1483
0.11910000000000001
0.0615
0.0057
1.1705
0.5573
0.5684
0.0009
0.0
0.011
0.0262
0.0288
0.0208
0.0271
0.0224
0.035699999999999996
0.0406
0.0396
0.0125
0.0
0.0
0.0
0.475
0.024300000000000002
0.0
0.0
0.0
1.5354
3.7540000000000004
5.2954
5.0573
4.602499999999999
0.5478000000000001
0.1691
0.1679
0.241
0.0717
0.0348
0.0318
0.024800000000000003
0.0218
0.031100000000000003
0.032
0.0235
0.0268
0.1034
0.1802
0.4042
1.4428
1.3947
1.038
0.9218
0.4024
1.1408
2.571
2.7424999999999997
2.2192
0.3462
0.37470000000000003
0.4377
0.7148
1.2553999999999998
1.7667
1.7079
1.3725999999999998
1.2101
1.2657
1.5621999999999998
1.5695999999999999
1.3902999999999999
1.2991000000000001
1.1853
1.1699
1.2073999999999998
1.1824
0.8741
0.6668999999999999
0.9295
1.1297
1.4552
1.3641999999999999
0.5557000000000001
0.236
0.8075
1.2044
1.3005
1.0403
0.5563
0.5327999999999999
0.4434
0.4091
0.5405
0.9746
0.3882
0.3036
0.2817
0.3241
0.37870000000000004
0.4558
0.44279999999999997
2.3581
4.5987
4.0283
3.3648
0.3052
0.1846
0.5698000000000001
0.46599999999999997
0.08499999999999999
0.0819
0.0581
0.0528
0.045899999999999996
0.0771
0.06620000000000001
0.0915
0.1409
0.2744
0.3647
0.5640000000000001
2.0987
2.58
1.6280000000000001
0.8775
0.9470000000000001
0.6900999999999999
1.4013
0.9493
0.5664
0.3861
0.2154
0.2071
0.1951
0.2218
0.20550000000000002
0.1854
0.20700000000000002
0.1895
0.2848
1.532
0.4787
0.1767
0.119
0.0974
0.0898
0.0865
0.1217
0.1807
0.22870000000000001
0.21660000000000001
0.2107
0.22089999999999999
0.2232
0.48910000000000003
0.3962
0.3281
0.18209999999999998
0.065
0.037000000000000005
0.0179
0.019700000000000002
0.02
0.0291
0.0432
0.0917
0.3684
0.31930000000000003
0.3116
0.2888
0.2751
0.2611
0.26480000000000004
1.1705
0.5573
0.5684
0.0009
0.0
0.011
0.0262
0.0288
0.0208
0.0271
0.0224
0.035699999999999996
0.0406
0.0396
0.0125
0.0
0.0
0.0
0.475
0.024300000000000002
0.0
0.0
0.0
1.5354
3.7540000000000004
5.2954
5.0573
4.602499999999999
0.5478000000000001
0.1691
0.1679
0.241
0.0717
0.0348
0.0318
0.024800000000000003
0.0218
0.031100000000000003
0.032
0.0235
0.0268
0.1034
0.1802
0.4042
1.4428
1.3947
1.038
0.9218
0.4024
1.1408
2.571
2.7424999999999997
2.2192
0.3462
0.37470000000000003
0.4377
0.7148
1.2553999999999998
1.7667
1.7079
1.3725999999999998
1.2101
1.2657
1.5621999999999998
1.5695999999999999
1.3902999999999999
1.2991000000000001
1.1853
1.1699
1.2073999999999998
1.1824
0.8741
0.6668999999999999
0.9295
1.1297
1.4552
1.3641999999999999
0.5557000000000001
0.236
0.8075
1.2044
1.3005
1.0403
0.5563
0.5327999999999999
0.4434
0.4091
0.5405
0.9746
0.3882
0.3036
0.2817
0.3241
0.37870000000000004
0.4558
0.44279999999999997
2.3581
4.5987
4.0283
3.3648
0.3052
0.1846
0.5698000000000001
0.46599999999999997
0.08499999999999999
0.0819
0.0581
0.0528
0.045899999999999996
0.0771
0.06620000000000001
0.0915
0.1409
0.2744
0.3647
0.5640000000000001
2.0987
2.58
1.6280000000000001
0.8775
0.9470000000000001
0.6900999999999999
1.4013
0.9493
0.5664
0.3861
0.2154
0.2071
0.1951
0.2218
0.20550000000000002
0.1854
0.20700000000000002
0.1895
0.2848
1.532
0.4787
0.1767
0.119
0.0974
0.0898
0.0865
0.1217
0.1807
0.22870000000000001
0.21660000000000001
0.2107
0.22089999999999999
0.2232
0.48910000000000003
0.3962
0.3281
0.18209999999999998
0.065
0.037000000000000005
0.0179
0.019700000000000002
0.02
0.0291
0.0432
0.0917
0.3684
0.31930000000000003
0.3116
0.2888
0.2751
0.2611
0.26480000000000004
1.1705
0.5573
0.5684
0.0009
0.0
0.011
0.0262
0.0288
0.0208
0.0271
0.0224
0.035699999999999996
0.0406
0.0396
0.0125
0.0
0.0
0.0
0.475
0.024300000000000002
0.0
0.0
0.0
1.5354
3.7540000000000004
5.2954
5.0573
4.602499999999999
0.5478000000000001
0.1691
0.1679
0.241
0.0717
0.0348
0.0318
0.024800000000000003
0.0218
0.031100000000000003
0.032
0.0235
0.0268
0.1034
0.1802
0.4042
1.4428
1.3947
1.038
0.9218
0.4024
1.1408
2.571
2.7424999999999997
2.2192
0.3462
0.37470000000000003
0.4377
0.7148
1.2553999999999998
1.7667
1.7079
1.3725999999999998
1.2101
1.2657
1.5621999999999998
1.5695999999999999
1.3902999999999999
1.2991000000000001
1.1853
1.1699
1.2073999999999998
1.1824
0.8741
0.6668999999999999
0.9295
1.1297
1.4552
1.3641999999999999
0.5557000000000001
0.236
0.8075
1.2044
1.3005
1.0403
0.5563
0.5327999999999999
0.4434
0.4091
0.5405
0.9746
0.3882
0.3036
0.2817
0.3241
0.37870000000000004
0.4558
0.44279999999999997
2.3581
4.5987
4.0283
3.3648
0.3052
0.1846
0.5698000000000001
0.46599999999999997
0.08499999999999999
0.0819
0.0581
0.0528
0.045899999999999996
0.0771
0.06620000000000001
0.0915
0.1409
0.2744
0.3647
0.5640000000000001
2.0987
2.58
1.6280000000000001
0.8775
0.9470000000000001
0.6900999999999999
1.4013
0.9493
0.5664
0.3861
0.2154
0.2071
0.1951
0.2218
0.20550000000000002
0.1854
0.20700000000000002
0.1895
0.2848
1.532
0.4787
0.1767
0.119
0.0974
0.0898
0.0865
0.1217
0.1807
0.22870000000000001
0.21660000000000001
0.2107
0.22089999999999999
0.2232
0.48910000000000003
0.3962
0.3281
0.18209999999999998
0.065
0.037000000000000005
0.0179
0.019700000000000002
0.02
0.0291
0.0432
0.0917
0.3684
0.31930000000000003
0.3116
0.2888
0.2751
0.2611
0.26480000000000004
1.1705
0.5573
0.5684
0.0009
0.0
0.011
0.0262
0.0288
0.0208
0.0271
0.0224
0.035699999999999996
0.0406
0.0396
0.0125
0.0
0.0
0.0
0.475
0.024300000000000002
0.0
0.0
0.0
1.5354
3.7540000000000004
5.2954
5.0573
4.602499999999999
0.5478000000000001
0.1691
0.1679
0.241
0.0717
0.0348
0.0318
0.024800000000000003
0.0218
0.031100000000000003
0.032
0.0235
0.0268
0.1034
0.1802
0.4042
1.4428
1.3947
1.038
0.9218
0.4024
1.1408
2.571
2.7424999999999997
2.2192
0.3462
0.37470000000000003
0.4377
0.7148
1.2553999999999998
1.7667
1.7079
1.3725999999999998
1.2101
1.2657
1.5621999999999998
1.5695999999999999
1.3902999999999999
1.2991000000000001
1.1853
1.1699
1.2073999999999998
1.1824
0.8741
0.6668999999999999
0.9295
1.1297
1.4552
1.3641999999999999
0.5557000000000001
0.236
0.8075
1.2044
1.3005
1.0403
0.5563
0.5327999999999999
0.4434
0.4091
0.5405
0.9746
0.3882
0.3036
0.2817
0.3241
0.37870000000000004
0.4558
0.44279999999999997
2.3581
4.5987
4.0283
3.3648
0.3052
0.1846
0.5698000000000001
0.46599999999999997
0.08499999999999999
0.0819
0.0581
0.0528
0.045899999999999996
0.0771
0.06620000000000001
0.0915
0.1409
0.2744
0.3647
0.5640000000000001
2.0987
2.58
1.6280000000000001
0.8775
0.9470000000000001
0.6900999999999999
1.4013
0.9493
0.5664
0.3861
0.2154
0.2071
0.1951
0.2218
0.20550000000000002
0.1854
0.20700000000000002
0.1895
0.2848
1.532
0.4787
0.1767
0.119
0.0974
0.0898
0.0865
0.1217
0.1807
0.22870000000000001
0.21660000000000001
0.2107
0.22089999999999999
0.2232
0.48910000000000003
0.3962
0.3281
0.18209999999999998
0.065
0.037000000000000005
0.0179
0.019700000000000002
0.02
0.0291
0.0432
0.0917
0.3684
0.31930000000000003
0.3116
0.2888
0.2751
0.2611
0.26480000000000004
1.1705
0.5573
0.5684
0.0009
0.0
0.011
0.0262
0.0288
0.0208
0.0271
0.0224
0.035699999999999996
0.0406
0.0396
0.0125
0.0
0.0
0.0
0.475
0.024300000000000002
0.0
0.0
0.0
1.5354
3.7540000000000004
5.2954
5.0573
4.602499999999999
0.5478000000000001
0.1691
0.1679
0.241
0.0717
0.0348
0.0318
0.024800000000000003
0.0218
0.031100000000000003
0.032
0.0235
0.0268
0.1034
0.1802
0.4042
1.4428
1.3947
1.038
0.9218
0.4024
1.1408
2.571
2.7424999999999997
2.2192
0.3462
0.37470000000000003
0.4377
0.7148
1.2553999999999998
1.7667
1.7079
1.3725999999999998
1.2101
1.2657
1.5621999999999998
1.5695999999999999
1.3902999999999999
1.2991000000000001
1.1853
1.1699
1.2073999999999998
1.1824
0.8741
