1.3017
0.392
1.3538
1.0524
0.43110000000000004
1.8208
1.8083
1.6566999999999998
1.3127
0.346
1.0359
0.5838
0.4795
0.3709
0.3337
0.16549999999999998
0.0
0.0
0.02
0.176
0.1091
0.044
0.0112
0.125
3.7173
3.9367
3.3947000000000003
1.9024
0.26
0.18159999999999998
0.11330000000000001
0.20350000000000001
0.1499
0.0516
0.044700000000000004
0.0228
0.0141
0.012799999999999999
0.028499999999999998
0.0314
0.8918
1.0756
1.055
0.8674999999999999
0.8095
0.9197
1.3719999999999999
2.7087000000000003
0.0178
0.0354
0.0562
0.0441
0.028499999999999998
0.1381
0.4497
0.42110000000000003
1.1648
0.0694
0.0936
0.11499999999999999
0.1054
0.0942
0.0224
0.07289999999999999
0.0081
0.047200000000000006
0.0604
0.0
0.0
0.0
0.0
0.0
2.5075000000000003
2.4192
2.3517
0.909
0.15860000000000002
0.1229
0.0853
0.0886
0.0751
0.0627
0.06659999999999999
0.0691
0.0674
0.06670000000000001
0.0954
0.2476
0.1202
0.159
0.1957
0.2732
0.48450000000000004
0.6228
0.7044
0.6207
0.2964
3.1948
4.4096
4.1171
0.6854
0.49660000000000004
0.1665
0.0436
0.0338
0.0317
0.0359
0.033299999999999996
0.0286
0.0327
0.0344
0.041999999999999996
0.0419
0.053599999999999995
0.0268
0.0315
0.0338
0.039099999999999996
0.1374
0.2901
1.6388
5.7059999999999995
1.6448
0.6191
0.1561
0.1384
0.26980000000000004
0.1226
0.12110000000000001
0.13040000000000002
0.1293
0.1586
0.16849999999999998
0.1943
0.2912
0.2134
0.12360000000000002
0.1232
0.11789999999999999
0.1439
0.1019
0.0566
0.05499999999999999
0.016900000000000002
3.9424
3.0943
1.0453
0.4087
0.0189
0.023899999999999998
0.0334
0.091
0.09920000000000001
0.0888
0.07319999999999999
0.049
0.0421
0.0324
0.0443
0.0347
0.0532
0.0627
0.0804
0.14850000000000002
0.14400000000000002
0.1407
0.0936
2.3063000000000002
1.3017
0.392
1.3538
1.0524
0.43110000000000004
1.8208
1.8083
1.6566999999999998
1.3127
0.346
1.0359
0.5838
0.4795
0.3709
0.3337
0.16549999999999998
0.0
0.0
0.02
0.176
0.1091
0.044
0.0112
0.125
3.7173
3.9367
3.3947000000000003
1.9024
0.26
0.18159999999999998
0.11330000000000001
0.20350000000000001
0.1499
0.0516
0.044700000000000004
0.0228
0.0141
0.012799999999999999
0.028499999999999998
0.0314
0.8918
1.0756
1.055
0.8674999999999999
0.8095
0.9197
1.3719999999999999
2.7087000000000003
0.0178
0.0354
0.0562
0.0441
0.028499999999999998
0.1381
0.4497
0.42110000000000003
1.1648
0.0694
0.0936
0.11499999999999999
0.1054
0.0942
0.0224
0.07289999999999999
0.0081
0.047200000000000006
0.0604
0.0
0.0
0.0
0.0
0.0
2.5075000000000003
2.4192
2.3517
0.909
0.15860000000000002
0.1229
0.0853
0.0886
0.0751
0.0627
0.06659999999999999
0.0691
0.0674
0.06670000000000001
0.0954
0.2476
0.1202
0.159
0.1957
0.2732
0.48450000000000004
0.6228
0.7044
0.6207
0.2964
3.1948
4.4096
4.1171
0.6854
0.49660000000000004
0.1665
0.0436
0.0338
0.0317
0.0359
0.033299999999999996
0.0286
0.0327
0.0344
0.041999999999999996
0.0419
0.053599999999999995
0.0268
0.0315
0.0338
0.039099999999999996
0.1374
0.2901
1.6388
5.7059999999999995
1.6448
0.6191
0.1561
0.1384
0.26980000000000004
0.1226
0.12110000000000001
0.13040000000000002
0.1293
0.1586
0.16849999999999998
0.1943
0.2912
0.2134
0.12360000000000002
0.1232
0.11789999999999999
0.1439
0.1019
0.0566
0.05499999999999999
0.016900000000000002
3.9424
3.0943
1.0453
0.4087
0.0189
0.023899999999999998
0.0334
0.091
0.09920000000000001
0.0888
0.07319999999999999
0.049
0.0421
0.0324
0.0443
0.0347
0.0532
0.0627
0.0804
0.14850000000000002
0.14400000000000002
0.1407
0.0936
2.3063000000000002
1.3017
0.392
1.3538
1.0524
0.43110000000000004
1.8208
1.8083
1.6566999999999998
1.3127
0.346
1.0359
0.5838
0.4795
0.3709
0.3337
0.16549999999999998
0.0
0.0
0.02
0.176
0.1091
0.044
0.0112
0.125
3.7173
3.9367
3.3947000000000003
1.9024
0.26
0.18159999999999998
0.11330000000000001
0.20350000000000001
0.1499
0.0516
0.044700000000000004
0.0228
0.0141
0.012799999999999999
0.028499999999999998
0.0314
0.8918
1.0756
1.055
0.8674999999999999
0.8095
0.9197
1.3719999999999999
2.7087000000000003
0.0178
0.0354
0.0562
0.0441
0.028499999999999998
0.1381
0.4497
0.42110000000000003
1.1648
0.0694
0.0936
0.11499999999999999
0.1054
0.0942
0.0224
0.07289999999999999
0.0081
0.047200000000000006
0.0604
0.0
0.0
0.0
0.0
0.0
2.5075000000000003
2.4192
2.3517
0.909
0.15860000000000002
0.1229
0.0853
0.0886
0.0751
0.0627
0.06659999999999999
0.0691
0.0674
0.06670000000000001
0.0954
0.2476
0.1202
0.159
0.1957
0.2732
0.48450000000000004
0.6228
0.7044
0.6207
0.2964
3.1948
4.4096
4.1171
0.6854
0.49660000000000004
0.1665
0.0436
0.0338
0.0317
0.0359
0.033299999999999996
0.0286
0.0327
0.0344
0.041999999999999996
0.0419
0.053599999999999995
0.0268
0.0315
0.0338
0.039099999999999996
0.1374
0.2901
1.6388
5.7059999999999995
1.6448
0.6191
0.1561
0.1384
0.26980000000000004
0.1226
0.12110000000000001
0.13040000000000002
0.1293
0.1586
0.16849999999999998
0.1943
0.2912
0.2134
0.12360000000000002
0.1232
0.11789999999999999
0.1439
0.1019
0.0566
0.05499999999999999
0.016900000000000002
3.9424
3.0943
1.0453
0.4087
0.0189
0.023899999999999998
0.0334
0.091
0.09920000000000001
0.0888
0.07319999999999999
0.049
0.0421
0.0324
0.0443
0.0347
0.0532
0.0627
0.0804
0.14850000000000002
0.14400000000000002
0.1407
0.0936
2.3063000000000002
1.3017
0.392
1.3538
1.0524
0.43110000000000004
1.8208
1.8083
1.6566999999999998
1.3127
0.346
1.0359
0.5838
0.4795
0.3709
0.3337
0.16549999999999998
0.0
0.0
0.02
0.176
0.1091
0.044
0.0112
0.125
3.7173
3.9367
3.3947000000000003
1.9024
0.26
0.18159999999999998
0.11330000000000001
0.20350000000000001
0.1499
0.0516
0.044700000000000004
0.0228
0.0141
0.012799999999999999
0.028499999999999998
0.0314
0.8918
1.0756
1.055
0.8674999999999999
0.8095
0.9197
1.3719999999999999
2.7087000000000003
0.0178
0.0354
0.0562
0.0441
0.028499999999999998
0.1381
0.4497
0.42110000000000003
1.1648
0.0694
0.0936
0.11499999999999999
0.1054
0.0942
0.0224
0.07289999999999999
0.0081
0.047200000000000006
0.0604
0.0
0.0
0.0
0.0
0.0
2.5075000000000003
2.4192
2.3517
0.909
0.15860000000000002
0.1229
0.0853
0.0886
0.0751
0.0627
0.06659999999999999
0.0691
0.0674
0.06670000000000001
0.0954
0.2476
0.1202
0.159
0.1957
0.2732
0.48450000000000004
0.6228
0.7044
0.6207
0.2964
3.1948
4.4096
4.1171
0.6854
0.49660000000000004
0.1665
0.0436
0.0338
0.0317
0.0359
0.033299999999999996
0.0286
0.0327
0.0344
0.041999999999999996
0.0419
0.053599999999999995
0.0268
0.0315
0.0338
0.039099999999999996
0.1374
0.2901
1.6388
5.7059999999999995
1.6448
0.6191
0.1561
0.1384
0.26980000000000004
0.1226
0.12110000000000001
0.13040000000000002
0.1293
0.1586
0.16849999999999998
0.1943
0.2912
0.2134
0.12360000000000002
0.1232
0.11789999999999999
0.1439
0.1019
0.0566
0.05499999999999999
0.016900000000000002
3.9424
3.0943
1.0453
0.4087
0.0189
0.023899999999999998
0.0334
0.091
0.09920000000000001
0.0888
0.07319999999999999
0.049
0.0421
0.0324
0.0443
0.0347
0.0532
0.0627
0.0804
0.14850000000000002
0.14400000000000002
0.1407
0.0936
2.3063000000000002
1.3017
0.392
1.3538
1.0524
0.43110000000000004
1.8208
1.8083
1.6566999999999998
1.3127
0.346
1.0359
0.5838
0.4795
0.3709
0.3337
0.16549999999999998
0.0
0.0
0.02
0.176
0.1091
0.044
0.0112
0.125
3.7173
3.9367
3.3947000000000003
1.9024
0.26
0.18159999999999998
0.11330000000000001
0.20350000000000001
0.1499
0.0516
0.044700000000000004
0.0228
0.0141
0.012799999999999999
0.028499999999999998
0.0314
0.8918
1.0756
1.055
0.8674999999999999
0.8095
0.9197
1.3719999999999999
2.7087000000000003
0.0178
0.0354
0.0562
0.0441
0.028499999999999998
0.1381
0.4497
0.42110000000000003
1.1648
0.0694
0.0936
0.11499999999999999
0.1054
0.0942
0.0224
0.07289999999999999
0.0081
0.047200000000000006
0.0604
0.0
0.0
0.0
0.0
0.0
0.0505
0.060700000000000004
0.07869999999999999
0.0698
0.0611
0.19419999999999998
0.5824
0.9851000000000001
1.2997
0.1764
0.216
0.2838
0.25529999999999997
0.5802
1.6176000000000001
0.2021
0.4592
0.1045
0.096
0.12260000000000001
0.0
0.0
0.0
0.0
2.8861
4.8596
5.1203
5.7185
2.6998
0.1451
0.1429
0.1971
0.29510000000000003
0.35840000000000005
0.4249
0.596
0.6564
0.5284
0.5217
0.5165
1.3561
0.6372
0.40249999999999997
0.33709999999999996
0.354
0.4062
0.6537999999999999
0.7238
0.3447
0.3126
0.2885
0.27749999999999997
1.7016
0.34640000000000004
0.7585999999999999
0.2799
0.35919999999999996
0.33330000000000004
0.43829999999999997
0.3202
0.29810000000000003
0.2768
0.1735
0.325
0.2338
0.3036
0.3558
0.6519
1.1858
0.0
0.021
0.0405
6.5631
6.7521
7.163600000000001
1.7979
0.0968
0.0649
0.0601
0.5417
0.1649
0.0605
0.0402
0.028900000000000002
0.030399999999999996
0.0281
0.0255
0.029
0.0482
0.092
0.1275
0.4768
0.3944
0.22699999999999998
0.21910000000000002
0.1738
1.9867
1.899
1.8744
1.8151
1.6983000000000001
1.3526
0.8098000000000001
0.2032
0.1084
0.0039
0.0
0.0
0.3438
0.4477
0.4763
1.0475
0.37170000000000003
0.486
0.932
1.7849
3.626
3.3875
4.9294
2.4691
1.6482999999999999
2.0700000000000003
2.1494999999999997
2.1347
2.0848
2.6432
5.6174
0.4711
0.42969999999999997
0.5828
0.7867999999999999
1.7414999999999998
1.4052
1.1869
1.4144
0.8609
0.8346
1.6665
1.9148
0.6980999999999999
0.655
0.6235999999999999
0.531
0.5769
0.022199999999999998
0.0211
0.0211
0.0201
0.0212
0.025
0.024599999999999997
0.022699999999999998
0.0209
0.0234
0.0211
0.0247
0.0269
0.0252
0.026099999999999998
0.026500000000000003
0.027700000000000002
0.0317
0.0224
0.0246
0.024399999999999998
0.024300000000000002
0.029199999999999997
0.0343
0.0505
0.060700000000000004
0.07869999999999999
0.0698
0.0611
0.19419999999999998
0.5824
0.9851000000000001
1.2997
0.1764
0.216
0.2838
0.25529999999999997
0.5802
1.6176000000000001
0.2021
0.4592
0.1045
0.096
0.12260000000000001
0.0
0.0
0.0
0.0
2.8861
4.8596
5.1203
5.7185
2.6998
0.1451
0.1429
0.1971
0.29510000000000003
0.35840000000000005
0.4249
0.596
0.6564
0.5284
0.5217
0.5165
1.3561
0.6372
0.40249999999999997
0.33709999999999996
0.354
0.4062
0.6537999999999999
0.7238
0.3447
0.3126
0.2885
0.27749999999999997
1.7016
0.34640000000000004
0.7585999999999999
0.2799
0.35919999999999996
0.33330000000000004
0.43829999999999997
0.3202
0.29810000000000003
0.2768
0.1735
0.325
0.2338
0.3036
0.3558
0.6519
1.1858
0.0
0.021
0.0405
6.5631
6.7521
7.163600000000001
1.7979
0.0968
0.0649
0.0601
0.5417
0.1649
0.0605
0.0402
0.028900000000000002
0.030399999999999996
0.0281
0.0255
0.029
0.0482
0.092
0.1275
0.4768
0.3944
0.22699999999999998
0.21910000000000002
0.1738
1.9867
1.899
1.8744
1.8151
1.6983000000000001
1.3526
0.8098000000000001
0.2032
0.1084
0.0039
0.0
0.0
0.3438
0.4477
0.4763
1.0475
0.37170000000000003
0.486
0.932
1.7849
3.626
3.3875
4.9294
2.4691
1.6482999999999999
2.0700000000000003
2.1494999999999997
2.1347
2.0848
2.6432
5.6174
0.4711
0.42969999999999997
0.5828
0.7867999999999999
1.7414999999999998
1.4052
1.1869
1.4144
0.8609
0.8346
1.6665
1.9148
0.6980999999999999
0.655
0.6235999999999999
0.531
0.5769
0.022199999999999998
0.0211
0.0211
0.0201
0.0212
0.025
0.024599999999999997
0.022699999999999998
0.0209
0.0234
0.0211
0.0247
0.0269
0.0252
0.026099999999999998
0.026500000000000003
0.027700000000000002
0.0317
0.0224
0.0246
0.024399999999999998
0.024300000000000002
0.029199999999999997
0.0343
0.0505
0.060700000000000004
0.07869999999999999
0.0698
0.0611
0.19419999999999998
0.5824
0.9851000000000001
1.2997
0.1764
0.216
0.2838
0.25529999999999997
0.5802
1.6176000000000001
0.2021
0.4592
0.1045
0.096
0.12260000000000001
0.0
0.0
0.0
0.0
2.8861
4.8596
5.1203
5.7185
2.6998
0.1451
0.1429
0.1971
0.29510000000000003
0.35840000000000005
0.4249
0.596
0.6564
0.5284
0.5217
0.5165
1.3561
0.6372
0.40249999999999997
0.33709999999999996
0.354
0.4062
0.6537999999999999
0.7238
0.3447
0.3126
0.2885
0.27749999999999997
1.7016
0.34640000000000004
0.7585999999999999
0.2799
0.35919999999999996
0.33330000000000004
0.43829999999999997
0.3202
0.29810000000000003
0.2768
0.1735
0.325
0.2338
0.3036
0.3558
0.6519
1.1858
0.0
0.021
0.0405
6.5631
6.7521
7.163600000000001
1.7979
0.0968
0.0649
0.0601
0.5417
0.1649
0.0605
0.0402
0.028900000000000002
0.030399999999999996
0.0281
0.0255
0.029
0.0482
0.092
0.1275
0.4768
0.3944
0.22699999999999998
0.21910000000000002
0.1738
1.9867
1.899
1.8744
1.8151
1.6983000000000001
1.3526
0.8098000000000001
0.2032
0.1084
0.0039
0.0
0.0
0.3438
0.4477
0.4763
1.0475
0.37170000000000003
0.486
0.932
1.7849
3.626
3.3875
4.9294
2.4691
1.6482999999999999
2.0700000000000003
2.1494999999999997
2.1347
2.0848
2.6432
5.6174
0.4711
0.42969999999999997
0.5828
0.7867999999999999
1.7414999999999998
1.4052
1.1869
1.4144
0.8609
0.8346
1.6665
1.9148
0.6980999999999999
0.655
0.6235999999999999
0.531
0.5769
0.022199999999999998
0.0211
0.0211
0.0201
0.0212
0.025
0.024599999999999997
0.022699999999999998
0.0209
0.0234
0.0211
0.0247
0.0269
0.0252
0.026099999999999998
0.026500000000000003
0.027700000000000002
0.0317
0.0224
0.0246
0.024399999999999998
0.024300000000000002
0.029199999999999997
0.0343
0.0505
0.060700000000000004
0.07869999999999999
0.0698
0.0611
0.19419999999999998
0.5824
0.9851000000000001
1.2997
0.1764
0.216
0.2838
0.25529999999999997
0.5802
1.6176000000000001
0.2021
0.4592
0.1045
0.096
0.12260000000000001
0.0
0.0
0.0
0.0
2.8861
4.8596
5.1203
5.7185
2.6998
0.1451
0.1429
0.1971
0.29510000000000003
0.35840000000000005
0.4249
0.596
0.6564
0.5284
0.5217
0.5165
1.3561
0.6372
0.40249999999999997
0.33709999999999996
0.354
0.4062
0.6537999999999999
0.7238
0.3447
0.3126
0.2885
0.27749999999999997
1.7016
0.34640000000000004
0.7585999999999999
0.2799
0.35919999999999996
0.33330000000000004
0.43829999999999997
0.3202
0.29810000000000003
0.2768
0.1735
0.325
0.2338
0.3036
0.3558
0.6519
1.1858
0.0
0.021
0.0405
6.5631
6.7521
7.163600000000001
1.7979
0.0968
0.0649
0.0601
0.5417
0.1649
0.0605
0.0402
0.028900000000000002
0.030399999999999996
0.0281
0.0255
0.029
0.0482
0.092
0.1275
0.4768
0.3944
0.22699999999999998
0.21910000000000002
0.1738
1.9867
1.899
1.8744
1.8151
1.6983000000000001
1.3526
0.8098000000000001
0.2032
0.1084
0.0039
0.0
0.0
0.3438
0.4477
0.4763
1.0475
0.37170000000000003
0.486
0.932
1.7849
3.626
3.3875
4.9294
2.4691
1.6482999999999999
2.0700000000000003
2.1494999999999997
2.1347
2.0848
2.6432
5.6174
0.4711
0.42969999999999997
0.5828
0.7867999999999999
1.7414999999999998
1.4052
1.1869
1.4144
0.8609
0.8346
1.6665
1.9148
0.6980999999999999
0.655
0.6235999999999999
0.531
0.5769
0.022199999999999998
0.0211
0.0211
0.0201
0.0212
0.025
0.024599999999999997
0.022699999999999998
0.0209
0.0234
0.0211
0.0247
0.0269
0.0252
0.026099999999999998
0.026500000000000003
0.027700000000000002
0.0317
0.0224
0.0246
0.024399999999999998
0.024300000000000002
0.029199999999999997
0.0343
1.6586
3.1973000000000003
2.3668
1.8456
0.1207
0.0009
1.3389
0.217
0.37139999999999995
0.09140000000000001
0.065
0.0874
0.0998
0.11130000000000001
0.1229
0.0412
0.0027
0.0069
0.1583
0.5019
0.4406
0.2515
0.056
0.0653
0.5151
7.745
6.461600000000001
1.9022
0.0493
0.0565
0.0398
0.07139999999999999
0.0824
0.0745
0.0801
0.0685
0.0561
0.0503
0.06709999999999999
0.0627
0.0744
0.0872
0.1376
0.22149999999999997
0.3617
0.4072
0.5916
0.7019
0.0416
0.0864
0.0832
0.1066
0.10500000000000001
0.0989
0.2637
0.3846
2.6108000000000002
0.0528
0.1563
0.24669999999999997
0.1941
2.3815
0.5189
0.0512
0.0
1.3932
0.1368
0.2741
0.1658
0.0
0.0
0.0
3.4362
4.0964
1.9801
0.1346
0.0591
0.057499999999999996
0.06659999999999999
0.0817
0.0859
0.1003
0.1099
0.1175
0.1069
0.1074
0.2779
0.1664
0.0923
0.0953
0.10519999999999999
0.1644
0.2853
0.1393
0.1402
3.9518
2.5595999999999997
0.0
0.054
0.0303
0.0177
0.055799999999999995
0.17859999999999998
0.3029
0.25270000000000004
0.2424
0.3776
0.3621
0.3396
2.0469
0.0
0.0
0.0
0.0
0.0
0.3924
0.0181
0.0
0.0028
0.0
0.0495
0.0475
0.044700000000000004
0.045200000000000004
0.0422
0.039
0.0209
0.023
0.0078000000000000005
0.009899999999999999
0.0076
0.0076
0.030000000000000002
0.0721
0.0743
0.022
0.0893
0.24180000000000001
0.057
0.016
0.0441
0.0564
0.0722
0.0727
0.14040000000000002
0.1351
0.12880000000000003
0.1359
0.13269999999999998
0.12969999999999998
0.3034
0.6499
0.0321
0.052000000000000005
0.0572
0.0673
0.0706
0.0751
0.08560000000000001
0.10300000000000001
0.1623
0.20629999999999998
0.2152
0.2149
0.1857
0.1649
0.14500000000000002
0.1474
1.6586
3.1973000000000003
2.3668
1.8456
0.1207
0.0009
1.3389
0.217
0.37139999999999995
0.09140000000000001
0.065
0.0874
0.0998
0.11130000000000001
0.1229
0.0412
0.0027
0.0069
0.1583
0.5019
0.4406
0.2515
0.056
0.0653
0.5151
7.745
6.461600000000001
1.9022
0.0493
0.0565
0.0398
0.07139999999999999
0.0824
0.0745
0.0801
0.0685
0.0561
0.0503
0.06709999999999999
0.0627
0.0744
0.0872
0.1376
0.22149999999999997
0.3617
0.4072
0.5916
0.7019
0.0416
0.0864
0.0832
0.1066
0.10500000000000001
0.0989
0.2637
0.3846
2.6108000000000002
0.0528
0.1563
0.24669999999999997
0.1941
2.3815
0.5189
0.0512
0.0
1.3932
0.1368
0.2741
0.1658
0.0
0.0
0.0
3.4362
4.0964
1.9801
0.1346
0.0591
0.057499999999999996
0.06659999999999999
0.0817
0.0859
0.1003
0.1099
0.1175
0.1069
0.1074
0.2779
0.1664
0.0923
0.0953
0.10519999999999999
0.1644
0.2853
0.1393
0.1402
3.9518
2.5595999999999997
0.0
0.054
0.0303
0.0177
0.055799999999999995
0.17859999999999998
0.3029
0.25270000000000004
0.2424
0.3776
0.3621
0.3396
2.0469
0.0
0.0
0.0
0.0
0.0
0.3924
0.0181
0.0
0.0028
0.0
0.0495
0.0475
0.044700000000000004
0.045200000000000004
0.0422
0.039
0.0209
0.023
0.0078000000000000005
0.009899999999999999
0.0076
0.0076
0.030000000000000002
0.0721
0.0743
0.022
0.0893
0.24180000000000001
0.057
0.016
0.0441
0.0564
0.0722
0.0727
0.14040000000000002
0.1351
0.12880000000000003
0.1359
0.13269999999999998
0.12969999999999998
0.3034
0.6499
0.0321
0.052000000000000005
0.0572
0.0673
0.0706
0.0751
0.08560000000000001
0.10300000000000001
0.1623
0.20629999999999998
0.2152
0.2149
0.1857
0.1649
0.14500000000000002
0.1474
1.6586
3.1973000000000003
2.3668
1.8456
0.1207
0.0009
1.3389
0.217
0.37139999999999995
0.09140000000000001
0.065
0.0874
0.0998
0.11130000000000001
0.1229
0.0412
0.0027
0.0069
0.1583
0.5019
0.4406
0.2515
0.056
0.0653
0.5151
7.745
6.461600000000001
1.9022
0.0493
0.0565
0.0398
0.07139999999999999
0.0824
0.0745
0.0801
0.0685
0.0561
0.0503
0.06709999999999999
0.0627
0.0744
0.0872
0.1376
0.22149999999999997
0.3617
0.4072
0.5916
0.7019
0.0416
0.0864
0.0832
0.1066
0.10500000000000001
0.0989
0.2637
0.3846
2.6108000000000002
0.0528
0.1563
0.24669999999999997
0.1941
2.3815
0.5189
0.0512
0.0
1.3932
0.1368
0.2741
0.1658
0.0
0.0
0.0
3.4362
4.0964
1.9801
0.1346
0.0591
0.057499999999999996
0.06659999999999999
0.0817
0.0859
0.1003
0.1099
0.1175
0.1069
0.1074
0.2779
0.1664
0.0923
0.0953
0.10519999999999999
0.1644
0.2853
0.1393
0.1402
3.9518
2.5595999999999997
0.0
0.054
0.0303
0.0177
0.055799999999999995
0.17859999999999998
0.3029
0.25270000000000004
0.2424
0.3776
0.3621
0.3396
2.0469
0.0
0.0
0.0
0.0
0.0
0.3924
0.0181
0.0
0.0028
0.0
0.0495
0.0475
0.044700000000000004
0.045200000000000004
0.0422
0.039
0.0209
0.023
0.0078000000000000005
0.009899999999999999
0.0076
0.0076
0.030000000000000002
0.0721
0.0743
0.022
0.0893
0.24180000000000001
0.057
0.016
0.0441
0.0564
0.0722
0.0727
0.14040000000000002
0.1351
0.12880000000000003
0.1359
0.13269999999999998
0.12969999999999998
0.3034
0.6499
0.0321
0.052000000000000005
0.0572
0.0673
0.0706
0.0751
0.08560000000000001
0.10300000000000001
0.1623
0.20629999999999998
0.2152
0.2149
0.1857
0.1649
0.14500000000000002
0.1474
1.6586
3.1973000000000003
2.3668
1.8456
0.1207
0.0009
1.3389
0.217
0.37139999999999995
0.09140000000000001
0.065
0.0874
0.0998
0.11130000000000001
0.1229
0.0412
0.0027
0.0069
0.1583
0.5019
0.4406
0.2515
0.056
0.0653
0.5151
7.745
6.461600000000001
1.9022
0.0493
0.0565
0.0398
0.07139999999999999
0.0824
0.0745
0.0801
0.0685
0.0561
0.0503
0.06709999999999999
0.0627
0.0744
0.0872
0.1376
0.22149999999999997
0.3617
0.4072
0.5916
0.7019
0.0416
0.0864
0.0832
0.1066
0.10500000000000001
0.0989
0.2637
0.3846
2.6108000000000002
0.0528
0.1563
0.24669999999999997
0.1941
2.3815
0.5189
0.0512
0.0
1.3932
0.1368
0.2741
0.1658
0.0
0.0
0.0
3.4362
4.0964
1.9801
0.1346
0.0591
0.057499999999999996
0.06659999999999999
0.0817
0.0859
0.1003
0.1099
0.1175
0.1069
0.1074
0.2779
0.1664
0.0923
0.0953
0.10519999999999999
0.1644
0.2853
0.1393
0.1402
3.9518
2.5595999999999997
0.0
0.054
0.0303
0.0177
0.055799999999999995
0.17859999999999998
0.3029
0.25270000000000004
0.2424
0.3776
0.3621
0.3396
2.0469
0.0
0.0
0.0
0.0
0.0
0.3924
0.0181
0.0
0.0028
0.0
0.0495
0.0475
0.044700000000000004
0.045200000000000004
0.0422
0.039
0.0209
0.023
0.0078000000000000005
0.009899999999999999
0.0076
0.0076
0.030000000000000002
0.0721
0.0743
0.022
0.0893
0.24180000000000001
0.057
0.016
0.0441
0.0564
0.0722
0.0727
0.14040000000000002
0.1351
0.12880000000000003
0.1359
0.13269999999999998
0.12969999999999998
0.3034
0.6499
0.0321
0.052000000000000005
0.0572
0.0673
0.0706
0.0751
0.08560000000000001
0.10300000000000001
0.1623
0.20629999999999998
0.2152
0.2149
0.1857
0.1649
0.14500000000000002
0.1474
1.6586
3.1973000000000003
2.3668
1.8456
0.1207
0.0009
1.3389
0.217
0.37139999999999995
0.09140000000000001
0.065
0.0874
0.0998
0.11130000000000001
0.1229
0.0412
0.0027
0.0069
0.1583
0.5019
0.4406
0.2515
0.056
0.0653
0.5151
7.745
6.461600000000001
1.9022
0.0493
0.0565
0.0398
0.07139999999999999
0.0824
0.0745
0.0801
0.0685
0.0561
0.0503
0.06709999999999999
0.0627
0.0744
0.0872
0.1376
0.22149999999999997
0.3617
0.4072
0.5916
0.7019
0.0416
0.0864
0.0832
0.1066
0.10500000000000001
0.0989
0.2637
0.3846
2.6108000000000002
0.0528
0.1563
0.24669999999999997
0.1941
2.3815
0.5189
0.0512
0.0
1.3932
0.1368
0.2741
0.1658
0.0
0.0
0.0
5.7633
5.491300000000001
4.2448999999999995
2.6098999999999997
0.3154
0.2148
0.2621
0.4639
0.276
0.125
0.1007
0.061799999999999994
0.0491
0.0412
0.0606
0.1063
0.1989
0.18180000000000002
0.22859999999999997
0.2989
0.33799999999999997
0.3993
0.4619
0.4918
0.0144
0.0147
0.014700000000000001
0.0175
0.0241
0.0273
0.0308
0.0262
0.014199999999999999
0.028
0.0252
0.0253
0.0247
0.028200000000000003
0.031
0.0338
0.033
0.028200000000000003
0.02
0.0229
0.0175
0.0091
0.0153
0.0229
4.0571
0.0
0.0
0.4688
0.0019
0.041400000000000006
0.0749
0.0025
0.013
0.0263
0.0184
0.0236
0.0199
0.032100000000000004
0.015200000000000002
0.026299999999999997
0.0208
0.0315
0.0039000000000000003
0.0252
0.0145
0.0014
0.0
0.6774
0.1344
1.0070999999999999
0.0658
0.2003
0.0939
0.0554
0.031
0.0281
0.0318
0.0549
0.0673
0.029899999999999996
0.1526
0.3946
0.0061
0.0044
0.0
0.276
0.3886
0.059399999999999994
0.044800000000000006
0.0523
0.055099999999999996
0.0263
1.1369
2.6292
2.6221
1.9022999999999999
0.41400000000000003
0.4118
0.5198
0.7784
0.7295
0.6871
0.6324000000000001
0.6208
0.6783
0.6910000000000001
0.7463
1.1633
0.6895
0.7229
0.7663
0.8402000000000001
0.7861
0.7343
0.6973
0.6249
0.6654
0.6531
2.3981
0.3587
0.5176
0.4134
0.2623
0.9282
0.5204
0.2303
0.0072
0.0228
0.0259
0.020900000000000002
0.0103
0.036199999999999996
0.0443
0.3477
0.1509
0.1429
0.1412
0.1694
0.2067
0.235
0.028699999999999996
0.0199
0.0123
0.0258
0.0388
0.0199
0.122
2.1207
0.196
0.1852
0.1514
0.39870000000000005
0.4944
0.11309999999999999
0.0939
0.0721
0.1071
0.1059
0.1114
0.1043
0.7076
0.9776
0.1195
0.048
5.7633
5.491300000000001
4.2448999999999995
2.6098999999999997
0.3154
0.2148
0.2621
0.4639
0.276
0.125
0.1007
0.061799999999999994
0.0491
0.0412
0.0606
0.1063
0.1989
0.18180000000000002
0.22859999999999997
0.2989
0.33799999999999997
0.3993
0.4619
0.4918
0.0144
0.0147
0.014700000000000001
0.0175
0.0241
0.0273
0.0308
0.0262
0.014199999999999999
0.028
0.0252
0.0253
0.0247
0.028200000000000003
0.031
0.0338
0.033
0.028200000000000003
0.02
0.0229
0.0175
0.0091
0.0153
0.0229
4.0571
0.0
0.0
0.4688
0.0019
0.041400000000000006
0.0749
0.0025
0.013
0.0263
0.0184
0.0236
0.0199
0.032100000000000004
0.015200000000000002
0.026299999999999997
0.0208
0.0315
0.0039000000000000003
0.0252
0.0145
0.0014
0.0
0.6774
0.1344
1.0070999999999999
0.0658
0.2003
0.0939
0.0554
0.031
0.0281
0.0318
0.0549
0.0673
0.029899999999999996
0.1526
0.3946
0.0061
0.0044
0.0
0.276
0.3886
0.059399999999999994
0.044800000000000006
0.0523
0.055099999999999996
0.0263
1.1369
2.6292
2.6221
1.9022999999999999
0.41400000000000003
0.4118
0.5198
0.7784
0.7295
0.6871
0.6324000000000001
0.6208
0.6783
0.6910000000000001
0.7463
1.1633
0.6895
0.7229
0.7663
0.8402000000000001
0.7861
0.7343
0.6973
0.6249
0.6654
0.6531
2.3981
0.3587
0.5176
0.4134
0.2623
0.9282
0.5204
0.2303
0.0072
0.0228
0.0259
0.020900000000000002
0.0103
0.036199999999999996
0.0443
0.3477
0.1509
0.1429
0.1412
0.1694
0.2067
0.235
0.028699999999999996
0.0199
0.0123
0.0258
0.0388
0.0199
0.122
2.1207
0.196
0.1852
0.1514
0.39870000000000005
0.4944
0.11309999999999999
0.0939
0.0721
0.1071
0.1059
0.1114
0.1043
0.7076
0.9776
0.1195
0.048
5.7633
5.491300000000001
4.2448999999999995
2.6098999999999997
0.3154
0.2148
0.2621
0.4639
0.276
0.125
0.1007
0.061799999999999994
0.0491
0.0412
0.0606
0.1063
0.1989
0.18180000000000002
0.22859999999999997
0.2989
0.33799999999999997
0.3993
0.4619
0.4918
0.0144
0.0147
0.014700000000000001
0.0175
0.0241
0.0273
0.0308
0.0262
0.014199999999999999
0.028
0.0252
0.0253
0.0247
0.028200000000000003
0.031
0.0338
0.033
0.028200000000000003
0.02
0.0229
0.0175
0.0091
0.0153
0.0229
4.0571
0.0
0.0
0.4688
0.0019
0.041400000000000006
0.0749
0.0025
0.013
0.0263
0.0184
0.0236
0.0199
0.032100000000000004
0.015200000000000002
0.026299999999999997
0.0208
0.0315
0.0039000000000000003
0.0252
0.0145
0.0014
0.0
0.6774
0.1344
1.0070999999999999
0.0658
0.2003
0.0939
0.0554
0.031
0.0281
0.0318
0.0549
0.0673
0.029899999999999996
0.1526
0.3946
0.0061
0.0044
0.0
0.276
0.3886
0.059399999999999994
0.044800000000000006
0.0523
0.055099999999999996
0.0263
1.1369
2.6292
2.6221
1.9022999999999999
0.41400000000000003
0.4118
0.5198
0.7784
0.7295
0.6871
0.6324000000000001
0.6208
0.6783
0.6910000000000001
0.7463
1.1633
0.6895
0.7229
0.7663
0.8402000000000001
0.7861
0.7343
0.6973
0.6249
0.6654
0.6531
2.3981
0.3587
0.5176
0.4134
0.2623
0.9282
0.5204
0.2303
0.0072
0.0228
0.0259
0.020900000000000002
0.0103
0.036199999999999996
0.0443
0.3477
0.1509
0.1429
0.1412
0.1694
0.2067
0.235
0.028699999999999996
0.0199
0.0123
0.0258
0.0388
0.0199
0.122
2.1207
0.196
0.1852
0.1514
0.39870000000000005
0.4944
0.11309999999999999
0.0939
0.0721
0.1071
0.1059
0.1114
0.1043
0.7076
0.9776
0.1195
0.048
5.7633
5.491300000000001
4.2448999999999995
2.6098999999999997
0.3154
0.2148
0.2621
0.4639
0.276
0.125
0.1007
0.061799999999999994
0.0491
0.0412
0.0606
0.1063
0.1989
0.18180000000000002
0.22859999999999997
0.2989
0.33799999999999997
0.3993
0.4619
0.4918
0.0144
0.0147
0.014700000000000001
0.0175
0.0241
0.0273
0.0308
0.0262
0.014199999999999999
0.028
0.0252
0.0253
0.0247
0.028200000000000003
0.031
0.0338
0.033
0.028200000000000003
0.02
0.0229
0.0175
0.0091
0.0153
0.0229
4.0571
0.0
0.0
0.4688
0.0019
0.041400000000000006
0.0749
0.0025
0.013
0.0263
0.0184
0.0236
0.0199
0.032100000000000004
0.015200000000000002
0.026299999999999997
0.0208
0.0315
0.0039000000000000003
0.0252
0.0145
0.0014
0.0
0.6774
0.1344
1.0070999999999999
0.0658
0.2003
0.0939
0.0554
0.031
0.0281
0.0318
0.0549
0.0673
0.029899999999999996
0.1526
0.3946
0.0061
0.0044
0.0
0.276
0.3886
0.059399999999999994
0.044800000000000006
0.0523
0.055099999999999996
0.0263
1.1369
2.6292
2.6221
1.9022999999999999
0.41400000000000003
0.4118
0.5198
0.7784
0.7295
0.6871
0.6324000000000001
0.6208
0.6783
0.6910000000000001
0.7463
1.1633
0.6895
0.7229
0.7663
0.8402000000000001
0.7861
0.7343
0.6973
0.6249
0.6654
0.6531
2.3981
0.3587
0.5176
0.4134
0.2623
0.9282
0.5204
0.2303
0.0072
0.0228
0.0259
0.020900000000000002
0.0103
0.036199999999999996
0.0443
0.3477
0.1509
0.1429
0.1412
0.1694
0.2067
0.235
0.028699999999999996
0.0199
0.0123
0.0258
0.0388
0.0199
0.122
2.1207
0.196
0.1852
0.1514
0.39870000000000005
0.4944
0.11309999999999999
0.0939
0.0721
0.1071
0.1059
0.1114
0.1043
0.7076
0.9776
0.1195
0.048
5.7633
5.491300000000001
4.2448999999999995
2.6098999999999997
0.3154
0.2148
0.2621
0.4639
0.276
0.125
0.1007
0.061799999999999994
0.0491
0.0412
0.0606
0.1063
0.1989
0.18180000000000002
0.22859999999999997
0.2989
0.33799999999999997
0.3993
0.4619
0.4918
0.0144
0.0147
0.014700000000000001
0.0175
0.0241
0.0273
0.0308
0.0262
0.014199999999999999
0.028
0.0252
0.0253
0.0247
0.028200000000000003
0.031
0.0338
0.033
0.028200000000000003
0.02
0.0229
0.0175
0.0091
0.0153
0.0229
0.0879
0.0857
0.08399999999999999
0.0852
0.0869
0.0844
0.0731
0.064
0.0848
0.0643
0.052000000000000005
0.0404
0.044399999999999995
0.0488
0.0547
0.0641
0.0581
0.0686
0.0837
0.1121
0.10189999999999999
0.09920000000000001
0.11280000000000001
0.1118
4.8852
4.8018
4.5965
1.5048
0.0991
0.0698
0.1057
0.2758
0.389
0.1495
0.0317
0.010700000000000001
0.011800000000000001
0.0116
0.0114
0.2795
0.0683
0.033299999999999996
0.0689
0.14679999999999999
0.21689999999999998
0.2547
0.2937
1.8468
0.0887
0.08499999999999999
0.08399999999999999
0.0857
0.0862
0.079
0.067
0.0795
0.0906
0.073
0.0531
0.0435
0.046
0.042800000000000005
0.048299999999999996
0.054400000000000004
0.0563
0.0741
0.07419999999999999
0.0863
0.08349999999999999
0.0867
0.1046
0.1091
2.8195
2.6734999999999998
2.594
2.4985
2.4823
0.7843
0.3228
0.687
1.6800000000000002
1.1487
0.3505
0.1022
0.08310000000000001
0.087
0.10339999999999999
0.2249
1.3222
0.8472999999999999
1.0030999999999999
1.1482
1.0874000000000001
0.8342
0.5524
1.3940000000000001
3.9839
2.3011999999999997
1.0241
0.3822
0.10120000000000001
0.1018
0.0736
0.061399999999999996
0.0583
0.045899999999999996
0.0519
0.0435
0.038099999999999995
0.0275
0.0411
0.2097
0.6422
0.48129999999999995
0.5678
0.6383
0.5849
0.504
0.38680000000000003
3.7432
0.2147
0.2027
0.1918
0.1896
0.1832
0.1749
0.1265
0.6209
0.273
0.1199
0.1266
0.1331
0.1326
0.1256
0.1356
0.1509
0.1674
0.2582
0.3397
0.3466
0.3815
0.3882
0.3337
0.2622
2.0187
0.1317
0.3052
0.2505
0.0364
0.0402
0.0249
0.0017
0.0329
0.7670999999999999
0.0044
0.0193
0.0078
0.026099999999999998
0.027200000000000002
0.0775
0.054
0.07769999999999999
0.0534
0.017599999999999998
0.0093
0.029199999999999997
0.025800000000000003
1.6903000000000001
0.0879
0.0857
0.08399999999999999
0.0852
0.0869
0.0844
0.0731
0.064
0.0848
0.0643
0.052000000000000005
0.0404
0.044399999999999995
0.0488
0.0547
0.0641
0.0581
0.0686
0.0837
0.1121
0.10189999999999999
0.09920000000000001
0.11280000000000001
0.1118
4.8852
4.8018
4.5965
1.5048
0.0991
0.0698
0.1057
0.2758
0.389
0.1495
0.0317
0.010700000000000001
0.011800000000000001
0.0116
0.0114
0.2795
0.0683
0.033299999999999996
0.0689
0.14679999999999999
0.21689999999999998
0.2547
0.2937
1.8468
0.0887
0.08499999999999999
0.08399999999999999
0.0857
0.0862
0.079
0.067
0.0795
0.0906
0.073
0.0531
0.0435
0.046
0.042800000000000005
0.048299999999999996
0.054400000000000004
0.0563
0.0741
0.07419999999999999
0.0863
0.08349999999999999
0.0867
0.1046
0.1091
2.8195
2.6734999999999998
2.594
2.4985
2.4823
0.7843
0.3228
0.687
1.6800000000000002
1.1487
0.3505
0.1022
0.08310000000000001
0.087
0.10339999999999999
0.2249
1.3222
0.8472999999999999
1.0030999999999999
1.1482
1.0874000000000001
0.8342
0.5524
1.3940000000000001
3.9839
2.3011999999999997
1.0241
0.3822
0.10120000000000001
0.1018
0.0736
0.061399999999999996
0.0583
0.045899999999999996
0.0519
0.0435
0.038099999999999995
0.0275
0.0411
0.2097
0.6422
0.48129999999999995
0.5678
0.6383
0.5849
0.504
0.38680000000000003
3.7432
0.2147
0.2027
0.1918
0.1896
0.1832
0.1749
0.1265
0.6209
0.273
0.1199
0.1266
0.1331
0.1326
0.1256
0.1356
0.1509
0.1674
0.2582
0.3397
0.3466
0.3815
0.3882
0.3337
0.2622
2.0187
0.1317
0.3052
0.2505
0.0364
0.0402
0.0249
0.0017
0.0329
0.7670999999999999
0.0044
0.0193
0.0078
0.026099999999999998
0.027200000000000002
0.0775
0.054
0.07769999999999999
0.0534
0.017599999999999998
0.0093
0.029199999999999997
0.025800000000000003
1.6903000000000001
0.0879
0.0857
0.08399999999999999
0.0852
0.0869
0.0844
0.0731
0.064
0.0848
0.0643
0.052000000000000005
0.0404
0.044399999999999995
0.0488
0.0547
0.0641
0.0581
0.0686
0.0837
0.1121
0.10189999999999999
0.09920000000000001
0.11280000000000001
0.1118
4.8852
4.8018
4.5965
1.5048
0.0991
0.0698
0.1057
0.2758
0.389
0.1495
0.0317
0.010700000000000001
0.011800000000000001
0.0116
0.0114
0.2795
0.0683
0.033299999999999996
0.0689
0.14679999999999999
0.21689999999999998
0.2547
0.2937
1.8468
0.0887
0.08499999999999999
0.08399999999999999
0.0857
0.0862
0.079
0.067
0.0795
0.0906
0.073
0.0531
0.0435
0.046
0.042800000000000005
0.048299999999999996
0.054400000000000004
0.0563
0.0741
0.07419999999999999
0.0863
0.08349999999999999
0.0867
0.1046
0.1091
2.8195
2.6734999999999998
2.594
2.4985
2.4823
0.7843
0.3228
0.687
1.6800000000000002
1.1487
0.3505
0.1022
0.08310000000000001
0.087
0.10339999999999999
0.2249
1.3222
0.8472999999999999
1.0030999999999999
1.1482
1.0874000000000001
0.8342
0.5524
1.3940000000000001
3.9839
2.3011999999999997
1.0241
0.3822
0.10120000000000001
0.1018
0.0736
0.061399999999999996
0.0583
0.045899999999999996
0.0519
0.0435
0.038099999999999995
0.0275
0.0411
0.2097
0.6422
0.48129999999999995
0.5678
0.6383
0.5849
0.504
0.38680000000000003
3.7432
0.2147
0.2027
0.1918
0.1896
0.1832
0.1749
0.1265
0.6209
0.273
0.1199
0.1266
0.1331
0.1326
0.1256
0.1356
0.1509
0.1674
0.2582
0.3397
0.3466
0.3815
0.3882
0.3337
0.2622
2.0187
0.1317
0.3052
0.2505
0.0364
0.0402
0.0249
0.0017
0.0329
0.7670999999999999
0.0044
0.0193
0.0078
0.026099999999999998
0.027200000000000002
0.0775
0.054
0.07769999999999999
0.0534
0.017599999999999998
0.0093
0.029199999999999997
0.025800000000000003
1.6903000000000001
0.0879
0.0857
0.08399999999999999
0.0852
0.0869
0.0844
0.0731
0.064
0.0848
0.0643
0.052000000000000005
0.0404
0.044399999999999995
0.0488
0.0547
0.0641
0.0581
0.0686
0.0837
0.1121
0.10189999999999999
0.09920000000000001
0.11280000000000001
0.1118
4.8852
4.8018
4.5965
1.5048
0.0991
0.0698
0.1057
0.2758
0.389
0.1495
0.0317
0.010700000000000001
0.011800000000000001
0.0116
0.0114
0.2795
0.0683
0.033299999999999996
0.0689
0.14679999999999999
0.21689999999999998
0.2547
0.2937
1.8468
0.0887
0.08499999999999999
0.08399999999999999
0.0857
0.0862
0.079
0.067
0.0795
0.0906
0.073
0.0531
0.0435
0.046
0.042800000000000005
0.048299999999999996
0.054400000000000004
0.0563
0.0741
0.07419999999999999
0.0863
0.08349999999999999
0.0867
0.1046
0.1091
2.8195
2.6734999999999998
2.594
2.4985
2.4823
0.7843
0.3228
0.687
1.6800000000000002
1.1487
0.3505
0.1022
0.08310000000000001
0.087
0.10339999999999999
0.2249
1.3222
0.8472999999999999
1.0030999999999999
1.1482
1.0874000000000001
0.8342
0.5524
1.3940000000000001
3.9839
2.3011999999999997
1.0241
0.3822
0.10120000000000001
0.1018
0.0736
0.061399999999999996
0.0583
0.045899999999999996
0.0519
0.0435
0.038099999999999995
0.0275
0.0411
0.2097
0.6422
0.48129999999999995
0.5678
0.6383
0.5849
0.504
0.38680000000000003
3.7432
0.2147
0.2027
0.1918
0.1896
0.1832
0.1749
0.1265
0.6209
0.273
0.1199
0.1266
0.1331
0.1326
0.1256
0.1356
0.1509
0.1674
0.2582
0.3397
0.3466
0.3815
0.3882
0.3337
0.2622
2.0187
0.1317
0.3052
0.2505
0.0364
0.0402
0.0249
0.0017
0.0329
0.7670999999999999
0.0044
0.0193
0.0078
0.026099999999999998
0.027200000000000002
0.0775
0.054
0.07769999999999999
0.0534
0.017599999999999998
0.0093
0.029199999999999997
0.025800000000000003
1.6903000000000001
0.0879
0.0857
0.08399999999999999
0.0852
0.0869
0.0844
0.0731
0.064
0.0848
0.0643
0.052000000000000005
0.0404
0.044399999999999995
0.0488
0.0547
0.0641
0.0581
0.0686
0.0837
0.1121
0.10189999999999999
0.09920000000000001
0.11280000000000001
0.1118
4.8852
4.8018
4.5965
1.5048
0.0991
0.0698
0.1057
0.2758
0.389
0.1495
0.0317
0.010700000000000001
0.011800000000000001
0.0116
0.0114
0.2795
0.0683
0.033299999999999996
0.0689
0.14679999999999999
0.21689999999999998
0.2547
0.2937
1.8468
0.0887
0.08499999999999999
0.08399999999999999
0.0857
0.0862
0.079
0.067
0.0795
0.0906
0.073
0.0531
0.0435
0.046
0.042800000000000005
0.048299999999999996
0.054400000000000004
0.0563
0.0741
0.07419999999999999
0.0863
0.08349999999999999
0.0867
0.1046
0.1091
1.1469
1.8323999999999998
1.6466
6.0069
1.1012
2.3825000000000003
3.2004
2.2286
1.1925000000000001
0.89
1.3502999999999998
1.471
1.2713
2.0842
1.3243
0.2077
0.0
0.0
0.0
0.3251
0.2821
0.0
0.0
0.0
5.4331
4.8836
2.9277
0.5147
0.0838
0.1106
0.1444
0.133
0.126
0.1212
0.12769999999999998
0.1333
0.12890000000000001
0.13429999999999997
0.1525
0.1938
0.1527
0.1723
0.1851
0.2749
0.2511
0.1683
0.0719
1.2189999999999999
0.007
0.0078
0.0077
0.0079
0.0196
0.0101
0.0184
0.0144
0.0
0.0242
0.0346
0.032799999999999996
0.0325
0.026799999999999997
0.0293
0.0233
0.0272
0.025099999999999997
0.0232
0.0309
0.0319
0.0112
0.0161
0.0119
0.0687
0.0691
0.06720000000000001
0.0663
0.07200000000000001
0.07200000000000001
0.0625
0.0365
0.0374
0.0442
0.0437
0.030100000000000002
0.0315
0.0343
0.0385
0.0403
0.1206
0.13090000000000002
0.0784
0.0646
0.0612
0.0554
0.0627
0.0711
0.0731
0.08560000000000001
0.1104
0.2185
0.4988
0.1627
0.9427
0.6714
0.36539999999999995
0.5
1.2841
0.41459999999999997
0.3075
0.6238999999999999
2.5916
0.9517
1.7805
2.1702000000000004
0.3363
0.0435
0.0
0.0
0.0
0.0
0.4706
0.18230000000000002
0.1494
0.0849
0.1197
0.0968
0.0555
0.020200000000000003
0.0107
0.0136
0.0694
0.1854
0.2227
0.33430000000000004
2.0773
0.2959
0.9366000000000001
1.3483
0.3634
0.3426
1.4573
1.6332
1.4001000000000001
1.6461000000000001
3.9437
4.255
3.9379999999999997
1.6774
0.1795
0.0251
0.0135
0.0388
0.0741
0.055099999999999996
0.0426
0.0314
0.0448
0.054900000000000004
0.053000000000000005
0.0558
0.038400000000000004
0.0
0.0
0.0272
0.34140000000000004
1.416
0.9607
0.618
1.1469
1.8323999999999998
1.6466
6.0069
1.1012
2.3825000000000003
3.2004
2.2286
1.1925000000000001
0.89
1.3502999999999998
1.471
1.2713
2.0842
1.3243
0.2077
0.0
0.0
0.0
0.3251
0.2821
0.0
0.0
0.0
5.4331
4.8836
2.9277
0.5147
0.0838
0.1106
0.1444
0.133
0.126
0.1212
0.12769999999999998
0.1333
0.12890000000000001
0.13429999999999997
0.1525
0.1938
0.1527
0.1723
0.1851
0.2749
0.2511
0.1683
0.0719
1.2189999999999999
0.007
0.0078
0.0077
0.0079
0.0196
0.0101
0.0184
0.0144
0.0
0.0242
0.0346
0.032799999999999996
0.0325
0.026799999999999997
0.0293
0.0233
0.0272
0.025099999999999997
0.0232
0.0309
0.0319
0.0112
0.0161
0.0119
0.0687
0.0691
0.06720000000000001
0.0663
0.07200000000000001
0.07200000000000001
0.0625
0.0365
0.0374
0.0442
0.0437
0.030100000000000002
0.0315
0.0343
0.0385
0.0403
0.1206
0.13090000000000002
0.0784
0.0646
0.0612
0.0554
0.0627
0.0711
0.0731
0.08560000000000001
0.1104
0.2185
0.4988
0.1627
0.9427
0.6714
0.36539999999999995
0.5
1.2841
0.41459999999999997
0.3075
0.6238999999999999
2.5916
0.9517
1.7805
2.1702000000000004
0.3363
0.0435
0.0
0.0
0.0
0.0
0.4706
0.18230000000000002
0.1494
0.0849
0.1197
0.0968
0.0555
0.020200000000000003
0.0107
0.0136
0.0694
0.1854
0.2227
0.33430000000000004
2.0773
0.2959
0.9366000000000001
1.3483
0.3634
0.3426
1.4573
1.6332
1.4001000000000001
1.6461000000000001
3.9437
4.255
3.9379999999999997
1.6774
0.1795
0.0251
0.0135
0.0388
0.0741
0.055099999999999996
0.0426
0.0314
0.0448
0.054900000000000004
0.053000000000000005
0.0558
0.038400000000000004
0.0
0.0
0.0272
0.34140000000000004
1.416
0.9607
0.618
1.1469
1.8323999999999998
1.6466
6.0069
1.1012
2.3825000000000003
3.2004
2.2286
1.1925000000000001
0.89
1.3502999999999998
1.471
1.2713
2.0842
1.3243
0.2077
0.0
0.0
0.0
0.3251
0.2821
0.0
0.0
0.0
5.4331
4.8836
2.9277
0.5147
0.0838
0.1106
0.1444
0.133
0.126
0.1212
0.12769999999999998
0.1333
0.12890000000000001
0.13429999999999997
0.1525
0.1938
0.1527
0.1723
0.1851
0.2749
0.2511
0.1683
0.0719
1.2189999999999999
0.007
0.0078
0.0077
0.0079
0.0196
0.0101
0.0184
0.0144
0.0
0.0242
0.0346
0.032799999999999996
0.0325
0.026799999999999997
0.0293
0.0233
0.0272
0.025099999999999997
0.0232
0.0309
0.0319
0.0112
0.0161
0.0119
0.0687
0.0691
0.06720000000000001
0.0663
0.07200000000000001
0.07200000000000001
0.0625
0.0365
0.0374
0.0442
0.0437
0.030100000000000002
0.0315
0.0343
0.0385
0.0403
0.1206
0.13090000000000002
0.0784
0.0646
0.0612
0.0554
0.0627
0.0711
0.0731
0.08560000000000001
0.1104
0.2185
0.4988
0.1627
0.9427
0.6714
0.36539999999999995
0.5
1.2841
0.41459999999999997
0.3075
0.6238999999999999
2.5916
0.9517
1.7805
2.1702000000000004
0.3363
0.0435
0.0
0.0
0.0
0.0
0.4706
0.18230000000000002
0.1494
0.0849
0.1197
0.0968
0.0555
0.020200000000000003
0.0107
0.0136
0.0694
0.1854
0.2227
0.33430000000000004
2.0773
0.2959
0.9366000000000001
1.3483
0.3634
0.3426
1.4573
1.6332
1.4001000000000001
1.6461000000000001
3.9437
4.255
3.9379999999999997
1.6774
0.1795
0.0251
0.0135
0.0388
0.0741
0.055099999999999996
0.0426
0.0314
0.0448
0.054900000000000004
0.053000000000000005
0.0558
0.038400000000000004
0.0
0.0
0.0272
0.34140000000000004
1.416
0.9607
0.618
1.1469
1.8323999999999998
1.6466
6.0069
1.1012
2.3825000000000003
3.2004
2.2286
1.1925000000000001
0.89
1.3502999999999998
1.471
1.2713
2.0842
1.3243
0.2077
0.0
0.0
0.0
0.3251
0.2821
0.0
0.0
0.0
5.4331
4.8836
2.9277
0.5147
0.0838
0.1106
0.1444
0.133
0.126
0.1212
0.12769999999999998
0.1333
0.12890000000000001
0.13429999999999997
0.1525
0.1938
0.1527
0.1723
0.1851
0.2749
0.2511
0.1683
0.0719
1.2189999999999999
0.007
0.0078
0.0077
0.0079
0.0196
0.0101
0.0184
0.0144
0.0
0.0242
0.0346
0.032799999999999996
0.0325
0.026799999999999997
0.0293
0.0233
0.0272
0.025099999999999997
0.0232
0.0309
0.0319
0.0112
0.0161
0.0119
0.0687
0.0691
0.06720000000000001
0.0663
0.07200000000000001
0.07200000000000001
0.0625
0.0365
0.0374
0.0442
0.0437
0.030100000000000002
0.0315
0.0343
0.0385
0.0403
0.1206
0.13090000000000002
0.0784
0.0646
0.0612
0.0554
0.0627
0.0711
0.0731
0.08560000000000001
0.1104
0.2185
0.4988
0.1627
0.9427
0.6714
0.36539999999999995
0.5
1.2841
0.41459999999999997
0.3075
0.6238999999999999
2.5916
0.9517
1.7805
2.1702000000000004
0.3363
0.0435
0.0
0.0
0.0
0.0
0.4706
0.18230000000000002
0.1494
0.0849
0.1197
0.0968
0.0555
0.020200000000000003
0.0107
0.0136
0.0694
0.1854
0.2227
0.33430000000000004
2.0773
0.2959
0.9366000000000001
1.3483
0.3634
0.3426
1.4573
1.6332
1.4001000000000001
1.6461000000000001
3.9437
4.255
3.9379999999999997
1.6774
0.1795
0.0251
0.0135
0.0388
0.0741
0.055099999999999996
0.0426
0.0314
0.0448
0.054900000000000004
0.053000000000000005
0.0558
0.038400000000000004
0.0
0.0
0.0272
0.34140000000000004
1.416
0.9607
0.618
1.1469
1.8323999999999998
1.6466
6.0069
1.1012
2.3825000000000003
3.2004
2.2286
1.1925000000000001
0.89
1.3502999999999998
1.471
1.2713
2.0842
1.3243
0.2077
0.0
0.0
0.0
0.3251
0.2821
0.0
0.0
0.0
5.4331
4.8836
2.9277
0.5147
0.0838
0.1106
0.1444
0.133
0.126
0.1212
0.12769999999999998
0.1333
0.12890000000000001
0.13429999999999997
0.1525
0.1938
0.1527
0.1723
0.1851
0.2749
0.2511
0.1683
0.0719
1.2189999999999999
2.1026
7.6898
7.3748000000000005
3.9033999999999995
0.5907
0.069
0.1261
0.1377
0.10969999999999999
0.11960000000000001
0.1112
0.1096
0.1128
0.10969999999999999
0.1111
0.1126
0.121
0.1218
0.1422
0.1483
0.1441
0.1226
0.127
0.10819999999999999
0.055099999999999996
0.0555
0.0565
0.057999999999999996
0.055099999999999996
0.0427
0.0298
0.031
0.07569999999999999
0.0503
0.041499999999999995
0.0366
0.0347
0.031
0.0341
0.0409
0.0467
0.037099999999999994
0.0295
0.030100000000000002
0.028900000000000002
0.0267
0.033299999999999996
0.0455
1.5110000000000001
1.834
1.992
2.0569
0.9346000000000001
0.0349
0.0907
0.1071
0.1625
0.1229
0.21289999999999998
0.5921
0.1622
0.0806
0.0745
0.08030000000000001
0.068
0.0823
0.3173
0.19240000000000002
0.2455
0.9343
1.4278
2.0681000000000003
0.032
0.063
0.0022
0.0019
0.0
0.0
0.0
0.0
0.0
0.0
0.0
0.0
0.0
0.0
4.8870000000000005
0.0
0.0
0.3697
0.3879
0.0
0.8116
2.1273999999999997
1.3375
2.5307
3.8276
3.0586
2.8644
1.8971
0.3128
0.1592
0.1362
0.1582
0.1822
0.2159
0.2965
0.3013
0.0999
0.0622
0.053099999999999994
0.1104
0.3696
0.31020000000000003
0.2965
0.2737
0.3024
0.43610000000000004
0.9898
1.619
5.4741
3.0238
1.9072
0.4143
0.07869999999999999
0.1316
0.269
0.10250000000000001
0.07289999999999999
0.0751
0.06509999999999999
0.0593
0.0563
0.063
0.0373
0.0207
0.0338
0.0257
0.4365
0.4883
0.086
0.07680000000000001
0.0469
3.2560000000000002
2.5846
1.9132
1.2717
0.5088
0.2594
0.1795
0.1486
0.2574
0.5028
0.2883
0.1212
0.0187
0.0059
0.0144
0.0004
0.001
0.0021
0.2202
0.6319
0.3216
0.4333
0.5934
0.8173999999999999
1.967
2.1026
7.6898
7.3748000000000005
3.9033999999999995
0.5907
0.069
0.1261
0.1377
0.10969999999999999
0.11960000000000001
0.1112
0.1096
0.1128
0.10969999999999999
0.1111
0.1126
0.121
0.1218
0.1422
0.1483
0.1441
0.1226
0.127
0.10819999999999999
0.055099999999999996
0.0555
0.0565
0.057999999999999996
0.055099999999999996
0.0427
0.0298
0.031
0.07569999999999999
0.0503
0.041499999999999995
0.0366
0.0347
0.031
0.0341
0.0409
0.0467
0.037099999999999994
0.0295
0.030100000000000002
0.028900000000000002
0.0267
0.033299999999999996
0.0455
1.5110000000000001
1.834
1.992
2.0569
0.9346000000000001
0.0349
0.0907
0.1071
0.1625
0.1229
0.21289999999999998
0.5921
0.1622
0.0806
0.0745
0.08030000000000001
0.068
0.0823
0.3173
0.19240000000000002
0.2455
0.9343
1.4278
2.0681000000000003
0.032
0.063
0.0022
0.0019
0.0
0.0
0.0
0.0
0.0
0.0
0.0
0.0
0.0
0.0
4.8870000000000005
0.0
0.0
0.3697
0.3879
0.0
0.8116
2.1273999999999997
1.3375
2.5307
3.8276
3.0586
2.8644
1.8971
0.3128
0.1592
0.1362
0.1582
0.1822
0.2159
0.2965
0.3013
0.0999
0.0622
0.053099999999999994
0.1104
0.3696
0.31020000000000003
0.2965
0.2737
0.3024
0.43610000000000004
0.9898
1.619
5.4741
3.0238
1.9072
0.4143
0.07869999999999999
0.1316
0.269
0.10250000000000001
0.07289999999999999
0.0751
0.06509999999999999
0.0593
0.0563
0.063
0.0373
0.0207
0.0338
0.0257
0.4365
0.4883
0.086
0.07680000000000001
0.0469
3.2560000000000002
2.5846
1.9132
1.2717
0.5088
0.2594
0.1795
0.1486
0.2574
0.5028
0.2883
0.1212
0.0187
0.0059
0.0144
0.0004
0.001
0.0021
0.2202
0.6319
0.3216
0.4333
0.5934
0.8173999999999999
1.967
2.1026
7.6898
7.3748000000000005
3.9033999999999995
0.5907
0.069
0.1261
0.1377
0.10969999999999999
0.11960000000000001
0.1112
0.1096
0.1128
0.10969999999999999
0.1111
0.1126
0.121
0.1218
0.1422
0.1483
0.1441
0.1226
0.127
0.10819999999999999
0.055099999999999996
0.0555
0.0565
0.057999999999999996
0.055099999999999996
0.0427
0.0298
0.031
0.07569999999999999
0.0503
0.041499999999999995
0.0366
0.0347
0.031
0.0341
0.0409
0.0467
0.037099999999999994
0.0295
0.030100000000000002
0.028900000000000002
0.0267
0.033299999999999996
0.0455
1.5110000000000001
1.834
1.992
2.0569
0.9346000000000001
0.0349
0.0907
0.1071
0.1625
0.1229
0.21289999999999998
0.5921
0.1622
0.0806
0.0745
0.08030000000000001
0.068
0.0823
0.3173
0.19240000000000002
0.2455
0.9343
1.4278
2.0681000000000003
0.032
0.063
0.0022
0.0019
0.0
0.0
0.0
0.0
0.0
0.0
0.0
0.0
0.0
0.0
4.8870000000000005
0.0
0.0
0.3697
0.3879
0.0
0.8116
2.1273999999999997
1.3375
2.5307
3.8276
3.0586
2.8644
1.8971
0.3128
0.1592
0.1362
0.1582
0.1822
0.2159
0.2965
0.3013
0.0999
0.0622
0.053099999999999994
0.1104
0.3696
0.31020000000000003
0.2965
0.2737
0.3024
0.43610000000000004
0.9898
1.619
5.4741
3.0238
1.9072
0.4143
0.07869999999999999
0.1316
0.269
0.10250000000000001
0.07289999999999999
0.0751
0.06509999999999999
0.0593
0.0563
0.063
0.0373
0.0207
0.0338
0.0257
0.4365
0.4883
0.086
0.07680000000000001
0.0469
3.2560000000000002
2.5846
1.9132
1.2717
0.5088
0.2594
0.1795
0.1486
0.2574
0.5028
0.2883
0.1212
0.0187
0.0059
0.0144
0.0004
0.001
0.0021
0.2202
0.6319
0.3216
0.4333
0.5934
0.8173999999999999
1.967
2.1026
7.6898
7.3748000000000005
3.9033999999999995
0.5907
0.069
0.1261
0.1377
0.10969999999999999
0.11960000000000001
0.1112
0.1096
0.1128
0.10969999999999999
0.1111
0.1126
0.121
0.1218
0.1422
0.1483
0.1441
0.1226
0.127
0.10819999999999999
0.055099999999999996
0.0555
0.0565
0.057999999999999996
0.055099999999999996
0.0427
0.0298
0.031
0.07569999999999999
0.0503
0.041499999999999995
0.0366
0.0347
0.031
0.0341
0.0409
0.0467
0.037099999999999994
0.0295
0.030100000000000002
0.028900000000000002
0.0267
0.033299999999999996
0.0455
1.5110000000000001
1.834
1.992
2.0569
0.9346000000000001
0.0349
0.0907
0.1071
0.1625
0.1229
0.21289999999999998
0.5921
0.1622
0.0806
0.0745
0.08030000000000001
0.068
0.0823
0.3173
0.19240000000000002
0.2455
0.9343
1.4278
2.0681000000000003
0.032
0.063
0.0022
0.0019
0.0
0.0
0.0
0.0
0.0
0.0
0.0
0.0
0.0
0.0
4.8870000000000005
0.0
0.0
0.3697
0.3879
0.0
0.8116
2.1273999999999997
1.3375
2.5307
3.8276
3.0586
2.8644
1.8971
0.3128
0.1592
0.1362
0.1582
0.1822
0.2159
0.2965
0.3013
0.0999
0.0622
0.053099999999999994
0.1104
0.3696
0.31020000000000003
0.2965
0.2737
0.3024
0.43610000000000004
0.9898
1.619
5.4741
3.0238
1.9072
0.4143
0.07869999999999999
0.1316
0.269
0.10250000000000001
0.07289999999999999
0.0751
0.06509999999999999
0.0593
0.0563
0.063
0.0373
0.0207
0.0338
0.0257
0.4365
0.4883
0.086
0.07680000000000001
0.0469
3.2560000000000002
2.5846
1.9132
1.2717
0.5088
0.2594
0.1795
0.1486
0.2574
0.5028
0.2883
0.1212
0.0187
0.0059
0.0144
0.0004
0.001
0.0021
0.2202
0.6319
0.3216
0.4333
0.5934
0.8173999999999999
1.967
2.1026
7.6898
7.3748000000000005
3.9033999999999995
0.5907
0.069
0.1261
0.1377
0.10969999999999999
0.11960000000000001
0.1112
0.1096
0.1128
0.10969999999999999
0.1111
0.1126
0.121
0.1218
0.1422
0.1483
0.1441
0.1226
0.127
0.10819999999999999
0.055099999999999996
0.0555
0.0565
0.057999999999999996
0.055099999999999996
0.0427
0.0298
0.031
0.07569999999999999
0.0503
0.041499999999999995
0.0366
0.0347
0.031
0.0341
0.0409
0.0467
0.037099999999999994
0.0295
0.030100000000000002
0.028900000000000002
0.0267
0.033299999999999996
0.0455
1.5110000000000001
1.834
1.992
2.0569
0.9346000000000001
0.0349
0.0907
0.1071
0.1625
0.1229
0.21289999999999998
0.5921
0.1622
0.0806
0.0745
0.08030000000000001
0.068
0.0823
0.3173
0.19240000000000002
0.2455
0.9343
1.4278
2.0681000000000003
0.0451
0.0706
0.0574
0.052199999999999996
0.0637
0.0539
0.1023
0.2701
0.4743
0.5351
0.4998
0.5356000000000001
0.3957
0.4288
2.3328
0.327
0.3097
0.49
0.3166
0.2328
0.3912
0.7034
0.7959
0.6586000000000001
3.182
2.2222999999999997
0.8109
0.636
0.369
0.0754
0.0628
0.2561
0.0799
0.12990000000000002
0.1406
0.1467
0.09559999999999999
0.0906
0.0924
0.1391
0.0999
0.1247
0.1173
0.1374
0.1251
0.1466
0.1718
0.2552
3.6678
2.6356
2.3076999999999996
2.4129
1.767
0.0
0.0
0.0
0.0083
0.0083
0.0349
0.0467
0.0576
0.06509999999999999
0.0498
0.0269
0.0092
0.2643
0.0
0.0
0.0
0.1047
1.7917999999999998
1.3842
0.0379
0.0343
0.0314
0.0312
0.0308
0.0224
0.021900000000000003
0.0275
0.0112
0.0287
0.0392
0.0475
0.042499999999999996
0.0352
0.0963
0.0227
0.0161
0.0269
0.0264
0.0138
0.0416
0.046799999999999994
0.0604
0.057499999999999996
0.08
2.967
0.2012
0.1417
0.118
0.08410000000000001
0.2157
0.1845
0.0264
0.0368
0.059
0.067
0.0569
0.0675
0.0763
0.0425
0.023100000000000002
0.038900000000000004
0.0579
0.15860000000000002
1.0547
0.8771
0.545
0.4029
0.9828
1.1805999999999999
0.5558
0.5033
0.3692
0.39139999999999997
0.6028
0.1169
0.0801
0.1375
0.1645
0.0882
0.0572
0.0714
0.0907
0.1051
0.0758
0.09559999999999999
0.1116
0.1041
0.0963
0.07350000000000001
0.0062
2.0731
4.5846
1.7521
0.0
0.0
0.0
0.0084
0.0341
0.0263
0.0364
0.0304
0.0409
0.045899999999999996
0.0398
0.0356
0.0046
0.0
0.0
0.0
0.0
0.0172
0.0
0.0
0.0
2.3434
0.0451
0.0706
0.0574
0.052199999999999996
0.0637
0.0539
0.1023
0.2701
0.4743
0.5351
0.4998
0.5356000000000001
0.3957
0.4288
2.3328
0.327
0.3097
0.49
0.3166
0.2328
0.3912
0.7034
0.7959
0.6586000000000001
3.182
2.2222999999999997
0.8109
0.636
0.369
0.0754
0.0628
0.2561
0.0799
0.12990000000000002
0.1406
0.1467
0.09559999999999999
0.0906
0.0924
0.1391
0.0999
0.1247
0.1173
0.1374
0.1251
0.1466
0.1718
0.2552
3.6678
2.6356
2.3076999999999996
2.4129
1.767
0.0
0.0
0.0
0.0083
0.0083
0.0349
0.0467
0.0576
0.06509999999999999
0.0498
0.0269
0.0092
0.2643
0.0
0.0
0.0
0.1047
1.7917999999999998
1.3842
0.0379
0.0343
0.0314
0.0312
0.0308
0.0224
0.021900000000000003
0.0275
0.0112
0.0287
0.0392
0.0475
0.042499999999999996
0.0352
0.0963
0.0227
0.0161
0.0269
0.0264
0.0138
0.0416
0.046799999999999994
0.0604
0.057499999999999996
0.08
2.967
0.2012
0.1417
0.118
0.08410000000000001
0.2157
0.1845
0.0264
0.0368
0.059
0.067
0.0569
0.0675
0.0763
0.0425
0.023100000000000002
0.038900000000000004
0.0579
0.15860000000000002
1.0547
0.8771
0.545
0.4029
0.9828
1.1805999999999999
0.5558
0.5033
0.3692
0.39139999999999997
0.6028
0.1169
0.0801
0.1375
0.1645
0.0882
0.0572
0.0714
0.0907
0.1051
0.0758
0.09559999999999999
0.1116
0.1041
0.0963
0.07350000000000001
0.0062
2.0731
4.5846
1.7521
0.0
0.0
0.0
0.0084
0.0341
0.0263
0.0364
0.0304
0.0409
0.045899999999999996
0.0398
0.0356
0.0046
0.0
0.0
0.0
0.0
0.0172
0.0
0.0
0.0
2.3434
0.0451
0.0706
0.0574
0.052199999999999996
0.0637
0.0539
0.1023
0.2701
0.4743
0.5351
0.4998
0.5356000000000001
0.3957
0.4288
2.3328
0.327
0.3097
0.49
0.3166
0.2328
0.3912
0.7034
0.7959
0.6586000000000001
3.182
2.2222999999999997
0.8109
0.636
0.369
0.0754
0.0628
0.2561
0.0799
0.12990000000000002
0.1406
0.1467
0.09559999999999999
0.0906
0.0924
0.1391
0.0999
0.1247
0.1173
0.1374
0.1251
0.1466
0.1718
0.2552
3.6678
2.6356
2.3076999999999996
2.4129
1.767
0.0
0.0
0.0
0.0083
0.0083
0.0349
0.0467
0.0576
0.06509999999999999
0.0498
0.0269
0.0092
0.2643
0.0
0.0
0.0
0.1047
1.7917999999999998
1.3842
0.0379
0.0343
0.0314
0.0312
0.0308
0.0224
0.021900000000000003
0.0275
0.0112
0.0287
0.0392
0.0475
0.042499999999999996
0.0352
0.0963
0.0227
0.0161
0.0269
0.0264
0.0138
0.0416
0.046799999999999994
0.0604
0.057499999999999996
0.08
2.967
0.2012
0.1417
0.118
0.08410000000000001
0.2157
0.1845
0.0264
0.0368
0.059
0.067
0.0569
0.0675
0.0763
0.0425
0.023100000000000002
0.038900000000000004
0.0579
0.15860000000000002
1.0547
0.8771
0.545
0.4029
0.9828
1.1805999999999999
0.5558
0.5033
0.3692
0.39139999999999997
0.6028
0.1169
0.0801
0.1375
0.1645
0.0882
0.0572
0.0714
0.0907
0.1051
0.0758
0.09559999999999999
0.1116
0.1041
0.0963
0.07350000000000001
0.0062
2.0731
4.5846
1.7521
0.0
0.0
0.0
0.0084
0.0341
0.0263
0.0364
0.0304
0.0409
0.045899999999999996
0.0398
0.0356
0.0046
0.0
0.0
0.0
0.0
0.0172
0.0
0.0
0.0
2.3434
0.0451
0.0706
0.0574
0.052199999999999996
0.0637
0.0539
0.1023
0.2701
0.4743
0.5351
0.4998
0.5356000000000001
0.3957
0.4288
2.3328
0.327
0.3097
0.49
0.3166
0.2328
0.3912
0.7034
0.7959
0.6586000000000001
3.182
2.2222999999999997
0.8109
0.636
0.369
0.0754
0.0628
0.2561
0.0799
0.12990000000000002
0.1406
0.1467
0.09559999999999999
0.0906
0.0924
0.1391
0.0999
0.1247
0.1173
0.1374
0.1251
0.1466
0.1718
0.2552
3.6678
2.6356
2.3076999999999996
2.4129
1.767
0.0
0.0
0.0
0.0083
0.0083
0.0349
0.0467
0.0576
0.06509999999999999
0.0498
0.0269
0.0092
0.2643
0.0
0.0
0.0
0.1047
1.7917999999999998
1.3842
0.0379
0.0343
0.0314
0.0312
0.0308
0.0224
0.021900000000000003
0.0275
0.0112
0.0287
0.0392
0.0475
0.042499999999999996
0.0352
0.0963
0.0227
0.0161
0.0269
0.0264
0.0138
0.0416
0.046799999999999994
0.0604
0.057499999999999996
0.08
2.967
0.2012
0.1417
0.118
0.08410000000000001
0.2157
0.1845
0.0264
0.0368
0.059
0.067
0.0569
0.0675
0.0763
0.0425
0.023100000000000002
0.038900000000000004
0.0579
0.15860000000000002
1.0547
0.8771
0.545
0.4029
0.9828
1.1805999999999999
0.5558
0.5033
0.3692
0.39139999999999997
0.6028
0.1169
0.0801
0.1375
0.1645
0.0882
0.0572
0.0714
0.0907
0.1051
0.0758
0.09559999999999999
0.1116
0.1041
0.0963
0.07350000000000001
0.0062
2.0731
4.5846
1.7521
0.0
0.0
0.0
0.0084
0.0341
0.0263
0.0364
0.0304
0.0409
0.045899999999999996
0.0398
0.0356
0.0046
0.0
0.0
0.0
0.0
0.0172
0.0
0.0
0.0
2.3434
0.0451
0.0706
0.0574
0.052199999999999996
0.0637
0.0539
0.1023
0.2701
0.4743
0.5351
0.4998
0.5356000000000001
0.3957
0.4288
2.3328
0.327
0.3097
0.49
0.3166
0.2328
0.3912
0.7034
0.7959
0.6586000000000001
3.182
2.2222999999999997
0.8109
0.636
0.369
0.0754
0.0628
0.2561
0.0799
0.12990000000000002
0.1406
0.1467
0.09559999999999999
0.0906
0.0924
0.1391
0.0999
0.1247
0.1173
0.1374
0.1251
0.1466
0.1718
0.2552
3.6678
2.6356
2.3076999999999996
2.4129
1.767
0.0
0.0
0.0
0.0083
0.0083
0.0349
0.0467
0.0576
0.06509999999999999
0.0498
0.0269
0.0092
0.2643
0.0
0.0
0.0
0.1047
1.7917999999999998
1.3842
1.6071
0.06420000000000001
0.0237
0.0118
0.0524
0.14679999999999999
0.1498
0.0942
0.3993
0.1537
0.0153
0.0329
0.0289
0.0279
0.1454
0.1097
0.0018
0.0
0.0
0.0
0.0076
0.0
0.1608
3.4381
4.1908
4.8256
1.6666
0.0409
0.07189999999999999
0.0571
0.054599999999999996
0.07730000000000001
0.0631
0.093
0.08199999999999999
0.1014
0.2519
0.07980000000000001
0.0239
0.0136
0.0057
0.0029
0.0
0.0047
0.0283
0.04
0.033
0.10500000000000001
0.0343
0.0363
0.036000000000000004
0.0388
0.0421
0.0437
0.036199999999999996
0.0364
0.0381
0.0345
0.0309
0.0311
0.0298
0.031299999999999994
0.0315
0.0325
0.0413
0.056
0.0364
0.0308
0.0223
0.007
0.0165
0.027
3.2235
4.9807
1.5101
1.2465000000000002
0.2919
0.0269
0.0134
0.0329
0.0392
0.0458
0.04
0.045399999999999996
0.0387
0.0428
0.0473
0.0296
0.018000000000000002
0.0139
0.019000000000000003
0.0484
0.0032
0.0
0.0
0.0
9.1492
9.0414
4.4915
0.2902
0.3294
0.3163
0.4325
0.4841
0.4821
0.4746
0.49060000000000004
0.5401
2.243
1.1717
0.4552
0.5025
0.4613
0.5443
1.2115
0.9875
1.0129000000000001
2.155
2.3289
4.4024
2.3387000000000002
2.0119
2.0981
2.2046
2.2327000000000004
0.1363
0.1513
0.7643
0.0965
0.1738
0.1543
0.156
0.1396
0.1261
0.12390000000000001
0.2042
0.1247
0.1179
0.0785
0.054599999999999996
0.033600000000000005
0.0149
0.0055
0.08760000000000001
2.9284
0.0311
0.5319
0.0
0.027800000000000002
0.06839999999999999
0.0492
0.0692
0.0654
0.0655
0.0657
0.0802
0.0703
0.07500000000000001
0.0516
0.0259
0.0399
0.0567
0.0736
0.0741
0.05790000000000001
0.0534
0.0975
2.2566
1.6071
0.06420000000000001
0.0237
0.0118
0.0524
0.14679999999999999
0.1498
0.0942
0.3993
0.1537
0.0153
0.0329
0.0289
0.0279
0.1454
0.1097
0.0018
0.0
0.0
0.0
0.0076
0.0
0.1608
3.4381
4.1908
4.8256
1.6666
0.0409
0.07189999999999999
0.0571
0.054599999999999996
0.07730000000000001
0.0631
0.093
0.08199999999999999
0.1014
0.2519
0.07980000000000001
0.0239
0.0136
0.0057
0.0029
0.0
0.0047
0.0283
0.04
0.033
0.10500000000000001
0.0343
0.0363
0.036000000000000004
0.0388
0.0421
0.0437
0.036199999999999996
0.0364
0.0381
0.0345
0.0309
0.0311
0.0298
0.031299999999999994
0.0315
0.0325
0.0413
0.056
0.0364
0.0308
0.0223
0.007
0.0165
0.027
3.2235
4.9807
1.5101
1.2465000000000002
0.2919
0.0269
0.0134
0.0329
0.0392
0.0458
0.04
0.045399999999999996
0.0387
0.0428
0.0473
0.0296
0.018000000000000002
0.0139
0.019000000000000003
0.0484
0.0032
0.0
0.0
0.0
9.1492
9.0414
4.4915
0.2902
0.3294
0.3163
0.4325
0.4841
0.4821
0.4746
0.49060000000000004
0.5401
2.243
1.1717
0.4552
0.5025
0.4613
0.5443
1.2115
0.9875
1.0129000000000001
2.155
2.3289
4.4024
2.3387000000000002
2.0119
2.0981
2.2046
2.2327000000000004
0.1363
0.1513
0.7643
0.0965
0.1738
0.1543
0.156
0.1396
0.1261
0.12390000000000001
0.2042
0.1247
0.1179
0.0785
0.054599999999999996
0.033600000000000005
0.0149
0.0055
0.08760000000000001
2.9284
0.0311
0.5319
0.0
0.027800000000000002
0.06839999999999999
0.0492
0.0692
0.0654
0.0655
0.0657
0.0802
0.0703
0.07500000000000001
0.0516
0.0259
0.0399
0.0567
0.0736
0.0741
0.05790000000000001
0.0534
0.0975
2.2566
1.6071
0.06420000000000001
0.0237
0.0118
0.0524
0.14679999999999999
0.1498
0.0942
0.3993
0.1537
0.0153
0.0329
0.0289
0.0279
0.1454
0.1097
0.0018
0.0
0.0
0.0
0.0076
0.0
0.1608
3.4381
4.1908
4.8256
1.6666
0.0409
0.07189999999999999
0.0571
0.054599999999999996
0.07730000000000001
0.0631
0.093
0.08199999999999999
0.1014
0.2519
0.07980000000000001
0.0239
0.0136
0.0057
0.0029
0.0
0.0047
0.0283
0.04
0.033
0.10500000000000001
0.0343
0.0363
0.036000000000000004
0.0388
0.0421
0.0437
0.036199999999999996
0.0364
0.0381
0.0345
0.0309
0.0311
0.0298
0.031299999999999994
0.0315
0.0325
0.0413
0.056
0.0364
0.0308
0.0223
0.007
0.0165
0.027
3.2235
4.9807
1.5101
1.2465000000000002
0.2919
0.0269
0.0134
0.0329
0.0392
0.0458
0.04
0.045399999999999996
0.0387
0.0428
0.0473
0.0296
0.018000000000000002
0.0139
0.019000000000000003
0.0484
0.0032
0.0
0.0
0.0
9.1492
9.0414
4.4915
0.2902
0.3294
0.3163
0.4325
0.4841
0.4821
0.4746
0.49060000000000004
0.5401
2.243
1.1717
0.4552
0.5025
0.4613
0.5443
1.2115
0.9875
1.0129000000000001
2.155
2.3289
4.4024
2.3387000000000002
2.0119
2.0981
2.2046
2.2327000000000004
0.1363
0.1513
0.7643
0.0965
0.1738
0.1543
0.156
0.1396
0.1261
0.12390000000000001
0.2042
0.1247
0.1179
0.0785
0.054599999999999996
0.033600000000000005
0.0149
0.0055
0.08760000000000001
2.9284
0.0311
0.5319
0.0
0.027800000000000002
0.06839999999999999
0.0492
0.0692
0.0654
0.0655
0.0657
0.0802
0.0703
0.07500000000000001
0.0516
0.0259
0.0399
0.0567
0.0736
0.0741
0.05790000000000001
0.0534
0.0975
2.2566
1.6071
0.06420000000000001
0.0237
0.0118
0.0524
0.14679999999999999
0.1498
0.0942
0.3993
0.1537
0.0153
0.0329
0.0289
0.0279
0.1454
0.1097
0.0018
0.0
0.0
0.0
0.0076
0.0
0.1608
3.4381
4.1908
4.8256
1.6666
0.0409
0.07189999999999999
0.0571
0.054599999999999996
0.07730000000000001
0.0631
0.093
0.08199999999999999
0.1014
0.2519
0.07980000000000001
0.0239
0.0136
0.0057
0.0029
0.0
0.0047
0.0283
0.04
0.033
0.10500000000000001
0.0343
0.0363
0.036000000000000004
0.0388
0.0421
0.0437
0.036199999999999996
0.0364
0.0381
0.0345
0.0309
0.0311
0.0298
0.031299999999999994
0.0315
0.0325
0.0413
0.056
0.0364
0.0308
0.0223
0.007
0.0165
0.027
3.2235
4.9807
1.5101
1.2465000000000002
0.2919
0.0269
0.0134
0.0329
0.0392
0.0458
0.04
0.045399999999999996
0.0387
0.0428
0.0473
0.0296
0.018000000000000002
0.0139
0.019000000000000003
0.0484
0.0032
0.0
0.0
0.0
9.1492
9.0414
4.4915
0.2902
0.3294
0.3163
0.4325
0.4841
0.4821
0.4746
0.49060000000000004
0.5401
2.243
1.1717
0.4552
0.5025
0.4613
0.5443
1.2115
0.9875
1.0129000000000001
2.155
2.3289
4.4024
2.3387000000000002
2.0119
2.0981
2.2046
2.2327000000000004
0.1363
0.1513
0.7643
0.0965
0.1738
0.1543
0.156
0.1396
0.1261
0.12390000000000001
0.2042
0.1247
0.1179
0.0785
0.054599999999999996
0.033600000000000005
0.0149
0.0055
0.08760000000000001
2.9284
0.0311
0.5319
0.0
0.027800000000000002
0.06839999999999999
0.0492
0.0692
0.0654
0.0655
0.0657
0.0802
0.0703
0.07500000000000001
0.0516
0.0259
0.0399
0.0567
0.0736
0.0741
0.05790000000000001
0.0534
0.0975
2.2566
1.6071
0.06420000000000001
0.0237
0.0118
0.0524
0.14679999999999999
0.1498
0.0942
0.3993
0.1537
0.0153
0.0329
0.0289
0.0279
0.1454
0.1097
0.0018
0.0
0.0
0.0
0.0076
0.0
0.1608
3.4381
4.1908
4.8256
1.6666
0.0409
0.07189999999999999
0.0571
0.054599999999999996
0.07730000000000001
0.0631
0.093
0.08199999999999999
0.1014
0.2519
0.07980000000000001
0.0239
0.0136
0.0057
0.0029
0.0
0.0047
0.0283
0.04
0.033
0.10500000000000001
1.2088
2.2442
0.08710000000000001
0.2447
0.09079999999999999
0.1336
0.07830000000000001
0.0515
0.0397
0.039900000000000005
0.0482
0.041800000000000004
0.0466
0.0592
0.0617
0.0703
0.0664
0.0804
0.0668
0.0693
0.0818
0.0914
0.1382
0.1787
2.084
0.9194
0.5891
1.5553
0.5605
0.6534
1.4794999999999998
0.44189999999999996
0.0547
0.0582
0.038
0.0542
0.0344
0.044800000000000006
0.0401
0.0275
0.0203
0.053899999999999997
0.07339999999999999
0.1176
0.09720000000000001
0.11449999999999999
0.0882
1.3692
0.0435
0.0242
0.0166
0.0
0.0078
0.016300000000000002
0.0369
0.037200000000000004
0.0068000000000000005
0.0
0.0029
0.0046
0.0231
1.5856
0.9746
0.0
0.0
0.0
0.3429
0.9874
0.1367
0.0038
0.0
0.0574
0.4416
6.3582
6.0626
2.3119
0.8295
0.2546
0.0291
0.1076
0.1013
0.0696
0.0775
0.068
0.0659
0.0792
0.0592
0.032100000000000004
0.008400000000000001
0.0
0.0
1.3204
0.3315
0.18630000000000002
0.0995
0.089
0.9533
1.0624
1.2338
1.2876
1.2022
0.9383
0.7135
3.3733
1.4179
1.809
1.8984
1.5142
0.7164
0.48640000000000005
0.4702
1.342
3.8657
2.4067
3.5
6.8285
7.1239
7.0155
6.8065999999999995
7.3934999999999995
4.0575
6.9714
5.2216000000000005
0.9743999999999999
0.2613
0.1543
0.17470000000000002
0.19140000000000001
0.1839
0.191
0.1948
0.2165
0.2402
0.2598
0.2542
0.23149999999999998
0.19130000000000003
0.19
0.3051
0.39390000000000003
0.3609
0.3488
0.276
0.21839999999999998
0.1142
0.0748
0.0579
1.4723
0.1825
0.0863
0.049699999999999994
0.0527
0.0898
0.0891
0.1017
0.10200000000000001
0.3125
1.2907
0.5875
0.1725
0.11560000000000001
0.1131
0.0994
0.1689
0.2192
0.3257
0.4144
0.3634
1.2088
2.2442
0.08710000000000001
0.2447
0.09079999999999999
0.1336
0.07830000000000001
0.0515
0.0397
0.039900000000000005
0.0482
0.041800000000000004
0.0466
0.0592
0.0617
0.0703
0.0664
0.0804
0.0668
0.0693
0.0818
0.0914
0.1382
0.1787
2.084
0.9194
0.5891
1.5553
0.5605
0.6534
1.4794999999999998
0.44189999999999996
0.0547
0.0582
0.038
0.0542
0.0344
0.044800000000000006
0.0401
0.0275
0.0203
0.053899999999999997
0.07339999999999999
0.1176
0.09720000000000001
0.11449999999999999
0.0882
1.3692
0.0435
0.0242
0.0166
0.0
0.0078
0.016300000000000002
0.0369
0.037200000000000004
0.0068000000000000005
0.0
0.0029
0.0046
0.0231
1.5856
0.9746
0.0
0.0
0.0
0.3429
0.9874
0.1367
0.0038
0.0
0.0574
0.4416
6.3582
6.0626
2.3119
0.8295
0.2546
0.0291
0.1076
0.1013
0.0696
0.0775
0.068
0.0659
0.0792
0.0592
0.032100000000000004
0.008400000000000001
0.0
0.0
1.3204
0.3315
0.18630000000000002
0.0995
0.089
0.9533
1.0624
1.2338
1.2876
1.2022
0.9383
0.7135
3.3733
1.4179
1.809
1.8984
1.5142
0.7164
0.48640000000000005
0.4702
1.342
3.8657
2.4067
3.5
6.8285
7.1239
7.0155
6.8065999999999995
7.3934999999999995
4.0575
6.9714
5.2216000000000005
0.9743999999999999
0.2613
0.1543
0.17470000000000002
0.19140000000000001
0.1839
0.191
0.1948
0.2165
0.2402
0.2598
0.2542
0.23149999999999998
0.19130000000000003
0.19
0.3051
0.39390000000000003
0.3609
0.3488
0.276
0.21839999999999998
0.1142
0.0748
0.0579
1.4723
0.1825
0.0863
0.049699999999999994
0.0527
0.0898
0.0891
0.1017
0.10200000000000001
0.3125
1.2907
0.5875
0.1725
0.11560000000000001
0.1131
0.0994
0.1689
0.2192
0.3257
0.4144
0.3634
1.2088
2.2442
0.08710000000000001
0.2447
0.09079999999999999
0.1336
0.07830000000000001
0.0515
0.0397
0.039900000000000005
0.0482
0.041800000000000004
0.0466
0.0592
0.0617
0.0703
0.0664
0.0804
0.0668
0.0693
0.0818
0.0914
0.1382
0.1787
2.084
0.9194
0.5891
1.5553
0.5605
0.6534
1.4794999999999998
0.44189999999999996
0.0547
0.0582
0.038
0.0542
0.0344
0.044800000000000006
0.0401
0.0275
0.0203
0.053899999999999997
0.07339999999999999
0.1176
0.09720000000000001
0.11449999999999999
0.0882
1.3692
0.0435
0.0242
0.0166
0.0
0.0078
0.016300000000000002
0.0369
0.037200000000000004
0.0068000000000000005
0.0
0.0029
0.0046
0.0231
1.5856
0.9746
0.0
0.0
0.0
0.3429
0.9874
0.1367
0.0038
0.0
0.0574
0.4416
6.3582
6.0626
2.3119
0.8295
0.2546
0.0291
0.1076
0.1013
0.0696
0.0775
0.068
0.0659
0.0792
0.0592
0.032100000000000004
0.008400000000000001
0.0
0.0
1.3204
0.3315
0.18630000000000002
0.0995
0.089
0.9533
1.0624
1.2338
1.2876
1.2022
0.9383
0.7135
3.3733
1.4179
1.809
1.8984
1.5142
0.7164
0.48640000000000005
0.4702
1.342
3.8657
2.4067
3.5
6.8285
7.1239
7.0155
6.8065999999999995
7.3934999999999995
4.0575
6.9714
5.2216000000000005
0.9743999999999999
0.2613
0.1543
0.17470000000000002
0.19140000000000001
0.1839
0.191
0.1948
0.2165
0.2402
0.2598
0.2542
0.23149999999999998
0.19130000000000003
0.19
0.3051
0.39390000000000003
0.3609
0.3488
0.276
0.21839999999999998
0.1142
0.0748
0.0579
1.4723
0.1825
0.0863
0.049699999999999994
0.0527
0.0898
0.0891
0.1017
0.10200000000000001
0.3125
1.2907
0.5875
0.1725
0.11560000000000001
0.1131
0.0994
0.1689
0.2192
0.3257
0.4144
0.3634
1.2088
2.2442
0.08710000000000001
0.2447
0.09079999999999999
0.1336
0.07830000000000001
0.0515
0.0397
0.039900000000000005
0.0482
0.041800000000000004
0.0466
0.0592
0.0617
0.0703
0.0664
0.0804
0.0668
0.0693
0.0818
0.0914
0.1382
0.1787
2.084
0.9194
0.5891
1.5553
0.5605
0.6534
1.4794999999999998
0.44189999999999996
0.0547
0.0582
0.038
0.0542
0.0344
0.044800000000000006
0.0401
0.0275
0.0203
0.053899999999999997
0.07339999999999999
0.1176
0.09720000000000001
0.11449999999999999
0.0882
1.3692
0.0435
0.0242
0.0166
0.0
0.0078
0.016300000000000002
0.0369
0.037200000000000004
0.0068000000000000005
0.0
0.0029
0.0046
0.0231
1.5856
0.9746
0.0
0.0
0.0
0.3429
0.9874
0.1367
0.0038
0.0
0.0574
0.4416
6.3582
6.0626
2.3119
0.8295
0.2546
0.0291
0.1076
0.1013
0.0696
0.0775
0.068
0.0659
0.0792
0.0592
0.032100000000000004
0.008400000000000001
0.0
0.0
1.3204
0.3315
0.18630000000000002
0.0995
0.089
0.9533
1.0624
1.2338
1.2876
1.2022
0.9383
0.7135
3.3733
1.4179
1.809
1.8984
1.5142
0.7164
0.48640000000000005
0.4702
1.342
3.8657
2.4067
3.5
6.8285
7.1239
7.0155
6.8065999999999995
7.3934999999999995
4.0575
6.9714
5.2216000000000005
0.9743999999999999
0.2613
0.1543
0.17470000000000002
0.19140000000000001
0.1839
0.191
0.1948
0.2165
0.2402
0.2598
0.2542
0.23149999999999998
0.19130000000000003
0.19
0.3051
0.39390000000000003
0.3609
0.3488
0.276
0.21839999999999998
0.1142
0.0748
0.0579
1.4723
0.1825
0.0863
0.049699999999999994
0.0527
0.0898
0.0891
0.1017
0.10200000000000001
0.3125
1.2907
0.5875
0.1725
0.11560000000000001
0.1131
0.0994
0.1689
0.2192
0.3257
0.4144
0.3634
1.2088
2.2442
0.08710000000000001
0.2447
0.09079999999999999
0.1336
0.07830000000000001
0.0515
0.0397
0.039900000000000005
0.0482
0.041800000000000004
0.0466
0.0592
0.0617
0.0703
0.0664
0.0804
0.0668
0.0693
0.0818
0.0914
0.1382
0.1787
2.084
0.9194
0.5891
1.5553
0.5605
0.6534
1.4794999999999998
0.44189999999999996
0.0547
0.0582
0.038
0.0542
0.0344
0.044800000000000006
0.0401
0.0275
0.0203
0.053899999999999997
0.07339999999999999
0.1176
0.09720000000000001
0.11449999999999999
0.0882
1.3692
0.0435
0.0242
0.0166
0.0
0.0078
0.016300000000000002
0.0369
0.037200000000000004
0.0068000000000000005
0.0
0.0029
0.0046
0.0231
1.5856
0.9746
0.0
0.0
0.0
0.3429
0.9874
0.1367
0.0038
0.0
0.0574
1.0085000000000002
0.5593
0.2038
0.1642
0.1507
0.2138
0.3121
0.19590000000000002
0.1617
0.1369
0.1542
0.1555
0.17149999999999999
0.1664
0.2787
0.5724
0.2349
0.2452
0.2687
0.3712
0.9336
0.7595000000000001
0.4783
1.2106
2.3372
0.0159
0.0823
0.079
0.0071
0.0
0.07680000000000001
0.0959
0.0
0.0
0.0
0.0259
0.036500000000000005
0.0216
0.0
1.0821
0.3028
0.392
0.517
0.1164
0.0
0.0
0.0
2.7974
0.11979999999999999
0.1188
0.1186
0.12179999999999999
0.1196
0.0996
0.0645
0.1384
0.1319
0.014499999999999999
0.0215
0.0215
0.0259
0.0221
0.025
0.029199999999999997
0.021
0.0235
0.15410000000000001
0.1597
0.11410000000000001
0.1242
0.1315
0.1306
0.057499999999999996
0.0516
0.0564
0.051199999999999996
0.0438
0.07300000000000001
0.1205
0.0579
0.0077
0.0293
0.0225
0.0196
0.030899999999999997
0.0258
0.0258
0.0281
0.0217
0.0364
0.21899999999999997
0.0802
0.0637
0.0591
0.0641
0.0735
4.4353
5.0065
1.5138
0.5558000000000001
0.0775
0.0195
0.060899999999999996
0.133
0.17099999999999999
0.1414
0.1302
0.0985
0.08499999999999999
0.0721
0.0842
0.4648
0.0883
0.0577
0.0555
0.0775
0.0739
0.054599999999999996
0.0553
0.0586
0.23299999999999998
0.0358
0.0546
0.0348
0.0261
0.0
0.0231
0.0
0.0
0.0
0.0
0.0
0.0
0.2984
5.1823
0.0
0.0
0.4812
0.1556
0.0
0.0
0.0
0.0
1.7373
7.1617
5.8326
5.6945
0.2
0.0434
0.0274
0.0401
0.0475
0.0392
0.039599999999999996
0.0446
0.0278
0.027200000000000002
0.0295
0.0144
0.042300000000000004
0.056400000000000006
0.0439
0.0359
0.0409
0.0421
0.0456
0.0441
1.1828
1.0085000000000002
0.5593
0.2038
0.1642
0.1507
0.2138
0.3121
0.19590000000000002
0.1617
0.1369
0.1542
0.1555
0.17149999999999999
0.1664
0.2787
0.5724
0.2349
0.2452
0.2687
0.3712
0.9336
0.7595000000000001
0.4783
1.2106
2.3372
0.0159
0.0823
0.079
0.0071
0.0
0.07680000000000001
0.0959
0.0
0.0
0.0
0.0259
0.036500000000000005
0.0216
0.0
1.0821
0.3028
0.392
0.517
0.1164
0.0
0.0
0.0
2.7974
0.11979999999999999
0.1188
0.1186
0.12179999999999999
0.1196
0.0996
0.0645
0.1384
0.1319
0.014499999999999999
0.0215
0.0215
0.0259
0.0221
0.025
0.029199999999999997
0.021
0.0235
0.15410000000000001
0.1597
0.11410000000000001
0.1242
0.1315
0.1306
0.057499999999999996
0.0516
0.0564
0.051199999999999996
0.0438
0.07300000000000001
0.1205
0.0579
0.0077
0.0293
0.0225
0.0196
0.030899999999999997
0.0258
0.0258
0.0281
0.0217
0.0364
0.21899999999999997
0.0802
0.0637
0.0591
0.0641
0.0735
4.4353
5.0065
1.5138
0.5558000000000001
0.0775
0.0195
0.060899999999999996
0.133
0.17099999999999999
0.1414
0.1302
0.0985
0.08499999999999999
0.0721
0.0842
0.4648
0.0883
0.0577
0.0555
0.0775
0.0739
0.054599999999999996
0.0553
0.0586
0.23299999999999998
0.0358
0.0546
0.0348
0.0261
0.0
0.0231
0.0
0.0
0.0
0.0
0.0
0.0
0.2984
5.1823
0.0
0.0
0.4812
0.1556
0.0
0.0
0.0
0.0
1.7373
7.1617
5.8326
5.6945
0.2
0.0434
0.0274
0.0401
0.0475
0.0392
0.039599999999999996
0.0446
0.0278
0.027200000000000002
0.0295
0.0144
0.042300000000000004
0.056400000000000006
0.0439
0.0359
0.0409
0.0421
0.0456
0.0441
1.1828
1.0085000000000002
0.5593
0.2038
0.1642
0.1507
0.2138
0.3121
0.19590000000000002
0.1617
0.1369
0.1542
0.1555
0.17149999999999999
0.1664
0.2787
0.5724
0.2349
0.2452
0.2687
0.3712
0.9336
0.7595000000000001
0.4783
1.2106
2.3372
0.0159
0.0823
0.079
0.0071
0.0
0.07680000000000001
0.0959
0.0
0.0
0.0
0.0259
0.036500000000000005
0.0216
0.0
1.0821
0.3028
0.392
0.517
0.1164
0.0
0.0
0.0
2.7974
0.11979999999999999
0.1188
0.1186
0.12179999999999999
0.1196
0.0996
0.0645
0.1384
0.1319
0.014499999999999999
0.0215
0.0215
0.0259
0.0221
0.025
0.029199999999999997
0.021
0.0235
0.15410000000000001
0.1597
0.11410000000000001
0.1242
0.1315
0.1306
0.057499999999999996
0.0516
0.0564
0.051199999999999996
0.0438
0.07300000000000001
0.1205
0.0579
0.0077
0.0293
0.0225
0.0196
0.030899999999999997
0.0258
0.0258
0.0281
0.0217
0.0364
0.21899999999999997
0.0802
0.0637
0.0591
0.0641
0.0735
4.4353
5.0065
1.5138
0.5558000000000001
0.0775
0.0195
0.060899999999999996
0.133
0.17099999999999999
0.1414
0.1302
0.0985
0.08499999999999999
0.0721
0.0842
0.4648
0.0883
0.0577
0.0555
0.0775
0.0739
0.054599999999999996
0.0553
0.0586
0.23299999999999998
0.0358
0.0546
0.0348
0.0261
0.0
0.0231
0.0
0.0
0.0
0.0
0.0
0.0
0.2984
5.1823
0.0
0.0
0.4812
0.1556
0.0
0.0
0.0
0.0
1.7373
7.1617
5.8326
5.6945
0.2
0.0434
0.0274
0.0401
0.0475
0.0392
0.039599999999999996
0.0446
0.0278
0.027200000000000002
0.0295
0.0144
0.042300000000000004
0.056400000000000006
0.0439
0.0359
0.0409
0.0421
0.0456
0.0441
1.1828
1.0085000000000002
0.5593
0.2038
0.1642
0.1507
0.2138
0.3121
0.19590000000000002
0.1617
0.1369
0.1542
0.1555
0.17149999999999999
0.1664
0.2787
0.5724
0.2349
0.2452
0.2687
0.3712
0.9336
0.7595000000000001
0.4783
1.2106
2.3372
0.0159
0.0823
0.079
0.0071
0.0
0.07680000000000001
0.0959
0.0
0.0
0.0
0.0259
0.036500000000000005
0.0216
0.0
1.0821
0.3028
0.392
0.517
0.1164
0.0
0.0
0.0
2.7974
0.11979999999999999
0.1188
0.1186
0.12179999999999999
0.1196
0.0996
0.0645
0.1384
0.1319
0.014499999999999999
0.0215
0.0215
0.0259
0.0221
0.025
0.029199999999999997
0.021
0.0235
0.15410000000000001
0.1597
0.11410000000000001
0.1242
0.1315
0.1306
0.057499999999999996
0.0516
0.0564
0.051199999999999996
0.0438
0.07300000000000001
0.1205
0.0579
0.0077
0.0293
0.0225
0.0196
0.030899999999999997
0.0258
0.0258
0.0281
0.0217
0.0364
0.21899999999999997
0.0802
0.0637
0.0591
0.0641
0.0735
4.4353
5.0065
1.5138
0.5558000000000001
0.0775
0.0195
0.060899999999999996
0.133
0.17099999999999999
0.1414
0.1302
0.0985
0.08499999999999999
0.0721
0.0842
0.4648
0.0883
0.0577
0.0555
0.0775
0.0739
0.054599999999999996
0.0553
0.0586
0.23299999999999998
0.0358
0.0546
0.0348
0.0261
0.0
0.0231
0.0
0.0
0.0
0.0
0.0
0.0
0.2984
5.1823
0.0
0.0
0.4812
0.1556
0.0
0.0
0.0
0.0
1.7373
7.1617
5.8326
5.6945
0.2
0.0434
0.0274
0.0401
0.0475
0.0392
0.039599999999999996
0.0446
0.0278
0.027200000000000002
0.0295
0.0144
0.042300000000000004
0.056400000000000006
0.0439
0.0359
0.0409
0.0421
0.0456
0.0441
1.1828
1.0085000000000002
0.5593
0.2038
0.1642
0.1507
0.2138
0.3121
0.19590000000000002
0.1617
0.1369
0.1542
0.1555
0.17149999999999999
0.1664
0.2787
0.5724
0.2349
0.2452
0.2687
0.3712
0.9336
0.7595000000000001
0.4783
1.2106
2.3372
0.0159
0.0823
0.079
0.0071
0.0
0.07680000000000001
0.0959
0.0
0.0
0.0
0.0259
0.036500000000000005
0.0216
0.0
1.0821
0.3028
0.392
0.517
0.1164
0.0
0.0
0.0
2.7974
0.0107
0.013399999999999999
0.0149
0.015899999999999997
0.019799999999999998
0.0336
0.0332
0.0267
0.0038
0.0317
0.0338
0.0466
0.0342
0.0297
0.0416
0.0252
0.0329
0.0394
0.0366
0.011
0.026699999999999998
0.0111
0.010400000000000001
0.0168
1.1503999999999999
0.7675
0.6921
0.62
0.0879
0.038
0.0758
0.1668
0.1666
0.0789
0.0779
0.0476
0.039900000000000005
0.0426
0.0523
0.0171
0.0
0.4879
1.0874
0.8198
1.2412999999999998
1.0601
0.7469
1.6863
0.9992000000000001
1.2812000000000001
1.318
1.4093
1.3565
0.43790000000000007
0.1436
0.4471
0.9356
0.5535
0.1245
0.0987
0.0985
0.1106
0.11299999999999999
0.2479
0.8648
0.6873
0.7666999999999999
0.6474
0.4938
0.41390000000000005
0.3636
2.3622
0.9578
3.7218999999999998
3.4976000000000003
3.0734000000000004
1.0641
0.6598999999999999
0.6791
0.7770999999999999
0.7148
0.4654
0.3351
0.2929
0.28769999999999996
0.28300000000000003
0.3004
0.3472
0.4727
1.8168
1.1017000000000001
1.167
1.4664000000000001
1.7235
1.5871
1.2217
2.7426
4.039899999999999
4.0394000000000005
0.7347
0.0581
0.0347
0.0867
0.36450000000000005
0.30479999999999996
0.09570000000000001
0.0051
0.0019
0.010700000000000001
0.0168
0.0265
0.0444
0.07719999999999999
0.1452
0.18819999999999998
0.2205
0.9018999999999999
0.2761
0.20350000000000001
0.192
1.8399
5.893700000000001
4.6190999999999995
2.2300999999999997
0.9241
0.0
0.0
0.0
0.0063
0.0058
0.0542
0.188
0.1819
0.2175
0.2737
0.2995
0.4052
1.5526
1.5885
1.2621
0.9833000000000001
1.0069
1.1208
1.1015000000000001
0.7836
0.7849999999999999
0.7842
0.7516
0.5356000000000001
0.4095
0.8121
0.5902000000000001
0.09110000000000001
0.0153
0.013600000000000001
0.0121
0.0269
0.0456
0.0694
0.1624
0.35860000000000003
0.741
1.2761
1.5801
0.7745
0.5789
0.511
0.5796
0.0107
0.013399999999999999
0.0149
0.015899999999999997
0.019799999999999998
0.0336
0.0332
0.0267
0.0038
0.0317
0.0338
0.0466
0.0342
0.0297
0.0416
0.0252
0.0329
0.0394
0.0366
0.011
0.026699999999999998
0.0111
0.010400000000000001
0.0168
1.1503999999999999
0.7675
0.6921
0.62
0.0879
0.038
0.0758
0.1668
0.1666
0.0789
0.0779
0.0476
0.039900000000000005
0.0426
0.0523
0.0171
0.0
0.4879
1.0874
0.8198
1.2412999999999998
1.0601
0.7469
1.6863
0.9992000000000001
1.2812000000000001
1.318
1.4093
1.3565
0.43790000000000007
0.1436
0.4471
0.9356
0.5535
0.1245
0.0987
0.0985
0.1106
0.11299999999999999
0.2479
0.8648
0.6873
0.7666999999999999
0.6474
0.4938
0.41390000000000005
0.3636
2.3622
0.9578
3.7218999999999998
3.4976000000000003
3.0734000000000004
1.0641
0.6598999999999999
0.6791
0.7770999999999999
0.7148
0.4654
0.3351
0.2929
0.28769999999999996
0.28300000000000003
0.3004
0.3472
0.4727
1.8168
1.1017000000000001
1.167
1.4664000000000001
1.7235
1.5871
1.2217
2.7426
4.039899999999999
4.0394000000000005
0.7347
0.0581
0.0347
0.0867
0.36450000000000005
0.30479999999999996
0.09570000000000001
0.0051
0.0019
0.010700000000000001
0.0168
0.0265
0.0444
0.07719999999999999
0.1452
0.18819999999999998
0.2205
0.9018999999999999
0.2761
0.20350000000000001
0.192
1.8399
5.893700000000001
4.6190999999999995
2.2300999999999997
0.9241
0.0
0.0
0.0
0.0063
0.0058
0.0542
0.188
0.1819
0.2175
0.2737
0.2995
0.4052
1.5526
1.5885
1.2621
0.9833000000000001
1.0069
1.1208
1.1015000000000001
0.7836
0.7849999999999999
0.7842
0.7516
0.5356000000000001
0.4095
0.8121
0.5902000000000001
0.09110000000000001
0.0153
0.013600000000000001
0.0121
0.0269
0.0456
0.0694
0.1624
0.35860000000000003
0.741
1.2761
1.5801
0.7745
0.5789
0.511
0.5796
0.0107
0.013399999999999999
0.0149
0.015899999999999997
0.019799999999999998
0.0336
0.0332
0.0267
0.0038
0.0317
0.0338
0.0466
0.0342
0.0297
0.0416
0.0252
0.0329
0.0394
0.0366
0.011
0.026699999999999998
0.0111
0.010400000000000001
0.0168
1.1503999999999999
0.7675
0.6921
0.62
0.0879
0.038
0.0758
0.1668
0.1666
0.0789
0.0779
0.0476
0.039900000000000005
0.0426
0.0523
0.0171
0.0
0.4879
1.0874
0.8198
1.2412999999999998
1.0601
0.7469
1.6863
0.9992000000000001
1.2812000000000001
1.318
1.4093
1.3565
0.43790000000000007
0.1436
0.4471
0.9356
0.5535
0.1245
0.0987
0.0985
0.1106
0.11299999999999999
0.2479
0.8648
0.6873
0.7666999999999999
0.6474
0.4938
0.41390000000000005
0.3636
2.3622
0.9578
3.7218999999999998
3.4976000000000003
3.0734000000000004
1.0641
0.6598999999999999
0.6791
0.7770999999999999
0.7148
0.4654
0.3351
0.2929
0.28769999999999996
0.28300000000000003
0.3004
0.3472
0.4727
1.8168
1.1017000000000001
1.167
1.4664000000000001
1.7235
1.5871
1.2217
2.7426
4.039899999999999
4.0394000000000005
0.7347
0.0581
0.0347
0.0867
0.36450000000000005
0.30479999999999996
0.09570000000000001
0.0051
0.0019
0.010700000000000001
0.0168
0.0265
0.0444
0.07719999999999999
0.1452
0.18819999999999998
0.2205
0.9018999999999999
0.2761
0.20350000000000001
0.192
1.8399
5.893700000000001
4.6190999999999995
2.2300999999999997
0.9241
0.0
0.0
0.0
0.0063
0.0058
0.0542
0.188
0.1819
0.2175
0.2737
0.2995
0.4052
1.5526
1.5885
1.2621
0.9833000000000001
1.0069
1.1208
1.1015000000000001
0.7836
0.7849999999999999
0.7842
0.7516
0.5356000000000001
0.4095
0.8121
0.5902000000000001
0.09110000000000001
0.0153
0.013600000000000001
0.0121
0.0269
0.0456
0.0694
0.1624
0.35860000000000003
0.741
1.2761
1.5801
0.7745
0.5789
0.511
0.5796
0.0107
0.013399999999999999
0.0149
0.015899999999999997
0.019799999999999998
0.0336
0.0332
0.0267
0.0038
0.0317
0.0338
0.0466
0.0342
0.0297
0.0416
0.0252
0.0329
0.0394
0.0366
0.011
0.026699999999999998
0.0111
0.010400000000000001
0.0168
1.1503999999999999
0.7675
0.6921
0.62
0.0879
0.038
0.0758
0.1668
0.1666
0.0789
0.0779
0.0476
0.039900000000000005
0.0426
0.0523
0.0171
0.0
0.4879
1.0874
0.8198
1.2412999999999998
1.0601
0.7469
1.6863
0.9992000000000001
1.2812000000000001
1.318
1.4093
1.3565
0.43790000000000007
0.1436
0.4471
0.9356
0.5535
0.1245
0.0987
0.0985
0.1106
0.11299999999999999
0.2479
0.8648
0.6873
0.7666999999999999
0.6474
0.4938
0.41390000000000005
0.3636
2.3622
0.9578
3.7218999999999998
3.4976000000000003
3.0734000000000004
1.0641
0.6598999999999999
0.6791
0.7770999999999999
0.7148
0.4654
0.3351
0.2929
0.28769999999999996
0.28300000000000003
0.3004
0.3472
0.4727
1.8168
1.1017000000000001
1.167
1.4664000000000001
1.7235
1.5871
1.2217
2.7426
4.039899999999999
4.0394000000000005
0.7347
0.0581
0.0347
0.0867
0.36450000000000005
0.30479999999999996
0.09570000000000001
0.0051
0.0019
0.010700000000000001
0.0168
0.0265
0.0444
0.07719999999999999
0.1452
0.18819999999999998
0.2205
0.9018999999999999
0.2761
0.20350000000000001
0.192
1.8399
5.893700000000001
4.6190999999999995
2.2300999999999997
0.9241
0.0
0.0
0.0
0.0063
0.0058
0.0542
0.188
0.1819
0.2175
0.2737
0.2995
0.4052
1.5526
1.5885
1.2621
0.9833000000000001
1.0069
1.1208
1.1015000000000001
0.7836
0.7849999999999999
0.7842
0.7516
0.5356000000000001
0.4095
0.8121
0.5902000000000001
0.09110000000000001
0.0153
0.013600000000000001
0.0121
0.0269
0.0456
0.0694
0.1624
0.35860000000000003
0.741
1.2761
1.5801
0.7745
0.5789
0.511
0.5796
0.0107
0.013399999999999999
0.0149
0.015899999999999997
0.019799999999999998
0.0336
0.0332
0.0267
0.0038
0.0317
0.0338
0.0466
0.0342
0.0297
0.0416
0.0252
0.0329
0.0394
0.0366
0.011
0.026699999999999998
0.0111
0.010400000000000001
0.0168
1.1503999999999999
0.7675
0.6921
0.62
0.0879
0.038
0.0758
0.1668
0.1666
0.0789
0.0779
0.0476
0.039900000000000005
0.0426
0.0523
0.0171
0.0
0.4879
1.0874
0.8198
1.2412999999999998
1.0601
0.7469
1.6863
0.9992000000000001
1.2812000000000001
1.318
1.4093
1.3565
0.43790000000000007
0.1436
0.4471
0.9356
0.5535
0.1245
0.0987
0.0985
0.1106
0.11299999999999999
0.2479
0.8648
0.6873
0.7666999999999999
0.6474
0.4938
0.41390000000000005
0.3636
2.3622
