0.0
0.0
0.0
0.0
0.0
0.0154
0.0261
0.0376
0.0058
0.0178
0.0127
0.014499999999999999
0.0182
0.0189
0.025
0.18259999999999998
0.0495
0.040900000000000006
0.0223
0.0088
0.0237
0.0103
0.0
0.0035
4.5489999999999995
3.6165000000000003
2.916
2.192
0.2832
0.22849999999999998
1.1086
0.6435000000000001
0.0
0.0466
0.0844
0.0718
0.0554
0.0528
0.0609
0.028499999999999998
0.038400000000000004
0.0456
1.0341
1.7570999999999999
1.0577999999999999
0.46950000000000003
0.2693
2.0183999999999997
2.2597
1.1865999999999999
0.18
0.0709
0.04
0.0443
0.0031
0.0079
0.0
0.0
0.0344
0.347
0.1178
0.0
0.0007
0.0023
0.086
0.0326
0.0009
0.0
0.038400000000000004
0.0577
0.1621
0.1991
3.1147
2.3840000000000003
2.1228
1.6667
1.0589
0.554
0.4013
0.7267
0.6341
0.1778
0.025300000000000003
0.0124
0.0195
0.0169
0.0086
0.0095
0.0
0.0
0.0
0.47119999999999995
0.917
0.8164
1.0005
2.6224
0.8952
3.1079999999999997
2.8282
2.0704000000000002
0.8361
0.3195
0.24
0.2316
0.2364
0.2143
0.2017
0.2103
0.2454
0.3346
0.5435
0.5783
0.5041
0.7978000000000001
0.9012
0.5251
0.47919999999999996
0.5099
0.7119
0.8485
1.0826
3.4872
3.7419
4.254300000000001
1.2581
0.2842
0.7989999999999999
0.2853
0.2267
0.20479999999999998
0.203
0.2072
0.22499999999999998
0.2389
0.2573
0.5111
0.42269999999999996
0.3935
0.4239
0.5569
0.6332
0.4688
0.307
0.22549999999999998
0.1355
0.13690000000000002
0.1331
0.1386
0.13929999999999998
0.16210000000000002
0.3751
0.4595
0.1749
0.1328
0.11410000000000001
0.1043
0.0996
0.0949
0.1008
0.08549999999999999
0.07400000000000001
0.06
0.042800000000000005
0.1236
0.1859
0.1553
0.1343
0.14090000000000003
0.0
0.0
0.0
0.0
0.0
0.0154
0.0261
0.0376
0.0058
0.0178
0.0127
0.014499999999999999
0.0182
0.0189
0.025
0.18259999999999998
0.0495
0.040900000000000006
0.0223
0.0088
0.0237
0.0103
0.0
0.0035
4.5489999999999995
3.6165000000000003
2.916
2.192
0.2832
0.22849999999999998
1.1086
0.6435000000000001
0.0
0.0466
0.0844
0.0718
0.0554
0.0528
0.0609
0.028499999999999998
0.038400000000000004
0.0456
1.0341
1.7570999999999999
1.0577999999999999
0.46950000000000003
0.2693
2.0183999999999997
2.2597
1.1865999999999999
0.18
0.0709
0.04
0.0443
0.0031
0.0079
0.0
0.0
0.0344
0.347
0.1178
0.0
0.0007
0.0023
0.086
0.0326
0.0009
0.0
0.038400000000000004
0.0577
0.1621
0.1991
3.1147
2.3840000000000003
2.1228
1.6667
1.0589
0.554
0.4013
0.7267
0.6341
0.1778
0.025300000000000003
0.0124
0.0195
0.0169
0.0086
0.0095
0.0
0.0
0.0
0.47119999999999995
0.917
0.8164
1.0005
2.6224
0.8952
3.1079999999999997
2.8282
2.0704000000000002
0.8361
0.3195
0.24
0.2316
0.2364
0.2143
0.2017
0.2103
0.2454
0.3346
0.5435
0.5783
0.5041
0.7978000000000001
0.9012
0.5251
0.47919999999999996
0.5099
0.7119
0.8485
1.0826
3.4872
3.7419
4.254300000000001
1.2581
0.2842
0.7989999999999999
0.2853
0.2267
0.20479999999999998
0.203
0.2072
0.22499999999999998
0.2389
0.2573
0.5111
0.42269999999999996
0.3935
0.4239
0.5569
0.6332
0.4688
0.307
0.22549999999999998
0.1355
0.13690000000000002
0.1331
0.1386
0.13929999999999998
0.16210000000000002
0.3751
0.4595
0.1749
0.1328
0.11410000000000001
0.1043
0.0996
0.0949
0.1008
0.08549999999999999
0.07400000000000001
0.06
0.042800000000000005
0.1236
0.1859
0.1553
0.1343
0.14090000000000003
0.0
0.0
0.0
0.0
0.0
0.0154
0.0261
0.0376
0.0058
0.0178
0.0127
0.014499999999999999
0.0182
0.0189
0.025
0.18259999999999998
0.0495
0.040900000000000006
0.0223
0.0088
0.0237
0.0103
0.0
0.0035
4.5489999999999995
3.6165000000000003
2.916
2.192
0.2832
0.22849999999999998
1.1086
0.6435000000000001
0.0
0.0466
0.0844
0.0718
0.0554
0.0528
0.0609
0.028499999999999998
0.038400000000000004
0.0456
1.0341
1.7570999999999999
1.0577999999999999
0.46950000000000003
0.2693
2.0183999999999997
2.2597
1.1865999999999999
0.18
0.0709
0.04
0.0443
0.0031
0.0079
0.0
0.0
0.0344
0.347
0.1178
0.0
0.0007
0.0023
0.086
0.0326
0.0009
0.0
0.038400000000000004
0.0577
0.1621
0.1991
3.1147
2.3840000000000003
2.1228
1.6667
1.0589
0.554
0.4013
0.7267
0.6341
0.1778
0.025300000000000003
0.0124
0.0195
0.0169
0.0086
0.0095
0.0
0.0
0.0
0.47119999999999995
0.917
0.8164
1.0005
2.6224
0.8952
3.1079999999999997
2.8282
2.0704000000000002
0.8361
0.3195
0.24
0.2316
0.2364
0.2143
0.2017
0.2103
0.2454
0.3346
0.5435
0.5783
0.5041
0.7978000000000001
0.9012
0.5251
0.47919999999999996
0.5099
0.7119
0.8485
1.0826
3.4872
3.7419
4.254300000000001
1.2581
0.2842
0.7989999999999999
0.2853
0.2267
0.20479999999999998
0.203
0.2072
0.22499999999999998
0.2389
0.2573
0.5111
0.42269999999999996
0.3935
0.4239
0.5569
0.6332
0.4688
0.307
0.22549999999999998
0.1355
0.13690000000000002
0.1331
0.1386
0.13929999999999998
0.16210000000000002
0.3751
0.4595
0.1749
0.1328
0.11410000000000001
0.1043
0.0996
0.0949
0.1008
0.08549999999999999
0.07400000000000001
0.06
0.042800000000000005
0.1236
0.1859
0.1553
0.1343
0.14090000000000003
0.0
0.0
0.0
0.0
0.0
0.0154
0.0261
0.0376
0.0058
0.0178
0.0127
0.014499999999999999
0.0182
0.0189
0.025
0.18259999999999998
0.0495
0.040900000000000006
0.0223
0.0088
0.0237
0.0103
0.0
0.0035
4.5489999999999995
3.6165000000000003
2.916
2.192
0.2832
0.22849999999999998
1.1086
0.6435000000000001
0.0
0.0466
0.0844
0.0718
0.0554
0.0528
0.0609
0.028499999999999998
0.038400000000000004
0.0456
1.0341
1.7570999999999999
1.0577999999999999
0.46950000000000003
0.2693
2.0183999999999997
2.2597
1.1865999999999999
0.18
0.0709
0.04
0.0443
0.0031
0.0079
0.0
0.0
0.0344
0.347
0.1178
0.0
0.0007
0.0023
0.086
0.0326
0.0009
0.0
0.038400000000000004
0.0577
0.1621
0.1991
3.1147
2.3840000000000003
2.1228
1.6667
1.0589
0.554
0.4013
0.7267
0.6341
0.1778
0.025300000000000003
0.0124
0.0195
0.0169
0.0086
0.0095
0.0
0.0
0.0
0.47119999999999995
0.917
0.8164
1.0005
2.6224
0.8952
3.1079999999999997
2.8282
2.0704000000000002
0.8361
0.3195
0.24
0.2316
0.2364
0.2143
0.2017
0.2103
0.2454
0.3346
0.5435
0.5783
0.5041
0.7978000000000001
0.9012
0.5251
0.47919999999999996
0.5099
0.7119
0.8485
1.0826
3.4872
3.7419
4.254300000000001
1.2581
0.2842
0.7989999999999999
0.2853
0.2267
0.20479999999999998
0.203
0.2072
0.22499999999999998
0.2389
0.2573
0.5111
0.42269999999999996
0.3935
0.4239
0.5569
0.6332
0.4688
0.307
0.22549999999999998
0.1355
0.13690000000000002
0.1331
0.1386
0.13929999999999998
0.16210000000000002
0.3751
0.4595
0.1749
0.1328
0.11410000000000001
0.1043
0.0996
0.0949
0.1008
0.08549999999999999
0.07400000000000001
0.06
0.042800000000000005
0.1236
0.1859
0.1553
0.1343
0.14090000000000003
0.0
0.0
0.0
0.0
0.0
0.0154
0.0261
0.0376
0.0058
0.0178
0.0127
0.014499999999999999
0.0182
0.0189
0.025
0.18259999999999998
0.0495
0.040900000000000006
0.0223
0.0088
0.0237
0.0103
0.0
0.0035
4.5489999999999995
3.6165000000000003
2.916
2.192
0.2832
0.22849999999999998
1.1086
0.6435000000000001
0.0
0.0466
0.0844
0.0718
0.0554
0.0528
0.0609
0.028499999999999998
0.038400000000000004
0.0456
1.0341
1.7570999999999999
1.0577999999999999
0.46950000000000003
0.2693
2.0183999999999997
2.2597
1.1865999999999999
0.18
0.0709
0.04
0.0443
0.0031
0.0079
0.0
0.0
0.0344
0.347
0.1178
0.0
0.0007
0.0023
0.086
0.0326
0.0009
0.0
0.038400000000000004
0.0577
0.1621
0.1991
0.28490000000000004
0.2632
0.2422
0.23270000000000002
0.2457
0.2741
0.45030000000000003
0.8772
2.4953
0.6522
0.507
0.4195
0.4376
0.4982
1.5117
0.5304
0.42410000000000003
0.3522
0.3909
1.0811
1.4411999999999998
1.2797999999999998
0.3489
0.3116
0.8182
0.7411
0.7085
0.6689
0.6333
0.44320000000000004
0.2956
0.6937
0.081
0.08929999999999999
0.0481
0.5445
2.5267999999999997
0.3235
0.1799
0.40290000000000004
0.9036
0.40449999999999997
0.42100000000000004
3.8074
4.5588
4.9365000000000006
4.6771
1.0895
1.5541
4.9643
4.5443999999999996
3.8141
0.8602
0.0218
0.0105
0.0144
0.0056
0.0
0.035899999999999994
0.1251
1.1021
0.5967
0.5663
0.7018
1.1536
1.4357
0.3295
0.1449
0.2663
0.3091
0.4376
0.5357000000000001
0.26139999999999997
0.7334
0.9257
0.5677000000000001
0.2985
0.302
0.49970000000000003
0.16870000000000002
0.0477
0.0586
0.063
0.058499999999999996
0.0406
0.045
0.0492
0.0509
0.1364
0.2343
0.40049999999999997
1.3608
2.2453000000000003
1.075
0.39239999999999997
1.4667000000000001
0.3383
0.305
0.3015
0.2902
0.28759999999999997
0.2811
0.2976
0.3042
0.5434000000000001
0.473
0.3812
0.3036
0.2619
0.17880000000000001
0.3499
0.8277
0.0852
0.0634
0.09989999999999999
0.15689999999999998
0.42369999999999997
0.5608
0.4917
0.39549999999999996
4.2
3.8279
2.3877
0.6465
0.5273
0.4883
0.41269999999999996
0.4075
0.319
0.3258
1.0177
4.0824
3.7569
2.5717
1.8131
0.9626
0.9329000000000001
1.1517
1.7515999999999998
2.8042
1.849
0.6839999999999999
7.7283
8.399899999999999
0.4383
2.3101
3.1914
0.6467
0.3349
0.3745
0.4819
0.8053
0.6618999999999999
0.36360000000000003
0.2541
0.2541
0.259
0.2637
0.2814
0.3425
1.4939
1.2907000000000002
1.2958
1.4336
1.7053
1.4303
0.867
0.5388999999999999
0.28490000000000004
0.2632
0.2422
0.23270000000000002
0.2457
0.2741
0.45030000000000003
0.8772
2.4953
0.6522
0.507
0.4195
0.4376
0.4982
1.5117
0.5304
0.42410000000000003
0.3522
0.3909
1.0811
1.4411999999999998
1.2797999999999998
0.3489
0.3116
0.8182
0.7411
0.7085
0.6689
0.6333
0.44320000000000004
0.2956
0.6937
0.081
0.08929999999999999
0.0481
0.5445
2.5267999999999997
0.3235
0.1799
0.40290000000000004
0.9036
0.40449999999999997
0.42100000000000004
3.8074
4.5588
4.9365000000000006
4.6771
1.0895
1.5541
4.9643
4.5443999999999996
3.8141
0.8602
0.0218
0.0105
0.0144
0.0056
0.0
0.035899999999999994
0.1251
1.1021
0.5967
0.5663
0.7018
1.1536
1.4357
0.3295
0.1449
0.2663
0.3091
0.4376
0.5357000000000001
0.26139999999999997
0.7334
0.9257
0.5677000000000001
0.2985
0.302
0.49970000000000003
0.16870000000000002
0.0477
0.0586
0.063
0.058499999999999996
0.0406
0.045
0.0492
0.0509
0.1364
0.2343
0.40049999999999997
1.3608
2.2453000000000003
1.075
0.39239999999999997
1.4667000000000001
0.3383
0.305
0.3015
0.2902
0.28759999999999997
0.2811
0.2976
0.3042
0.5434000000000001
0.473
0.3812
0.3036
0.2619
0.17880000000000001
0.3499
0.8277
0.0852
0.0634
0.09989999999999999
0.15689999999999998
0.42369999999999997
0.5608
0.4917
0.39549999999999996
4.2
3.8279
2.3877
0.6465
0.5273
0.4883
0.41269999999999996
0.4075
0.319
0.3258
1.0177
4.0824
3.7569
2.5717
1.8131
0.9626
0.9329000000000001
1.1517
1.7515999999999998
2.8042
1.849
0.6839999999999999
7.7283
8.399899999999999
0.4383
2.3101
3.1914
0.6467
0.3349
0.3745
0.4819
0.8053
0.6618999999999999
0.36360000000000003
0.2541
0.2541
0.259
0.2637
0.2814
0.3425
1.4939
1.2907000000000002
1.2958
1.4336
1.7053
1.4303
0.867
0.5388999999999999
0.28490000000000004
0.2632
0.2422
0.23270000000000002
0.2457
0.2741
0.45030000000000003
0.8772
2.4953
0.6522
0.507
0.4195
0.4376
0.4982
1.5117
0.5304
0.42410000000000003
0.3522
0.3909
1.0811
1.4411999999999998
1.2797999999999998
0.3489
0.3116
0.8182
0.7411
0.7085
0.6689
0.6333
0.44320000000000004
0.2956
0.6937
0.081
0.08929999999999999
0.0481
0.5445
2.5267999999999997
0.3235
0.1799
0.40290000000000004
0.9036
0.40449999999999997
0.42100000000000004
3.8074
4.5588
4.9365000000000006
4.6771
1.0895
1.5541
4.9643
4.5443999999999996
3.8141
0.8602
0.0218
0.0105
0.0144
0.0056
0.0
0.035899999999999994
0.1251
1.1021
0.5967
0.5663
0.7018
1.1536
1.4357
0.3295
0.1449
0.2663
0.3091
0.4376
0.5357000000000001
0.26139999999999997
0.7334
0.9257
0.5677000000000001
0.2985
0.302
0.49970000000000003
0.16870000000000002
0.0477
0.0586
0.063
0.058499999999999996
0.0406
0.045
0.0492
0.0509
0.1364
0.2343
0.40049999999999997
1.3608
2.2453000000000003
1.075
0.39239999999999997
1.4667000000000001
0.3383
0.305
0.3015
0.2902
0.28759999999999997
0.2811
0.2976
0.3042
0.5434000000000001
0.473
0.3812
0.3036
0.2619
0.17880000000000001
0.3499
0.8277
0.0852
0.0634
0.09989999999999999
0.15689999999999998
0.42369999999999997
0.5608
0.4917
0.39549999999999996
4.2
3.8279
2.3877
0.6465
0.5273
0.4883
0.41269999999999996
0.4075
0.319
0.3258
1.0177
4.0824
3.7569
2.5717
1.8131
0.9626
0.9329000000000001
1.1517
1.7515999999999998
2.8042
1.849
0.6839999999999999
7.7283
8.399899999999999
0.4383
2.3101
3.1914
0.6467
0.3349
0.3745
0.4819
0.8053
0.6618999999999999
0.36360000000000003
0.2541
0.2541
0.259
0.2637
0.2814
0.3425
1.4939
1.2907000000000002
1.2958
1.4336
1.7053
1.4303
0.867
0.5388999999999999
0.28490000000000004
0.2632
0.2422
0.23270000000000002
0.2457
0.2741
0.45030000000000003
0.8772
2.4953
0.6522
0.507
0.4195
0.4376
0.4982
1.5117
0.5304
0.42410000000000003
0.3522
0.3909
1.0811
1.4411999999999998
1.2797999999999998
0.3489
0.3116
0.8182
0.7411
0.7085
0.6689
0.6333
0.44320000000000004
0.2956
0.6937
0.081
0.08929999999999999
0.0481
0.5445
2.5267999999999997
0.3235
0.1799
0.40290000000000004
0.9036
0.40449999999999997
0.42100000000000004
3.8074
4.5588
4.9365000000000006
4.6771
1.0895
1.5541
4.9643
4.5443999999999996
3.8141
0.8602
0.0218
0.0105
0.0144
0.0056
0.0
0.035899999999999994
0.1251
1.1021
0.5967
0.5663
0.7018
1.1536
1.4357
0.3295
0.1449
0.2663
0.3091
0.4376
0.5357000000000001
0.26139999999999997
0.7334
0.9257
0.5677000000000001
0.2985
0.302
0.49970000000000003
0.16870000000000002
0.0477
0.0586
0.063
0.058499999999999996
0.0406
0.045
0.0492
0.0509
0.1364
0.2343
0.40049999999999997
1.3608
2.2453000000000003
1.075
0.39239999999999997
1.4667000000000001
0.3383
0.305
0.3015
0.2902
0.28759999999999997
0.2811
0.2976
0.3042
0.5434000000000001
0.473
0.3812
0.3036
0.2619
0.17880000000000001
0.3499
0.8277
0.0852
0.0634
0.09989999999999999
0.15689999999999998
0.42369999999999997
0.5608
0.4917
0.39549999999999996
4.2
3.8279
2.3877
0.6465
0.5273
0.4883
0.41269999999999996
0.4075
0.319
0.3258
1.0177
4.0824
3.7569
2.5717
1.8131
0.9626
0.9329000000000001
1.1517
1.7515999999999998
2.8042
1.849
0.6839999999999999
7.7283
8.399899999999999
0.4383
2.3101
3.1914
0.6467
0.3349
0.3745
0.4819
0.8053
0.6618999999999999
0.36360000000000003
0.2541
0.2541
0.259
0.2637
0.2814
0.3425
1.4939
1.2907000000000002
1.2958
1.4336
1.7053
1.4303
0.867
0.5388999999999999
0.11710000000000001
0.043
0.06720000000000001
0.0431
0.045700000000000005
0.0903
0.14900000000000002
0.2831
0.3316
0.2956
0.2655
0.1979
0.06709999999999999
0.0297
1.5798
0.0618
0.0045
0.0
0.0
0.0
0.005200000000000001
0.0
0.0
2.171
0.07780000000000001
0.0675
0.06420000000000001
0.0744
0.0799
0.0996
0.296
0.17620000000000002
0.1095
0.0771
0.0469
0.035100000000000006
0.035100000000000006
0.032600000000000004
0.0461
0.0556
0.0477
0.0305
0.0208
0.0437
0.06939999999999999
0.0912
0.1172
0.1305
0.3931
0.3841
0.3775
0.3853
0.3859
0.38839999999999997
0.3907
0.36360000000000003
0.238
0.0789
0.0349
0.015600000000000001
0.0245
0.022600000000000002
0.0319
0.0324
0.0537
0.15389999999999998
0.3321
0.37229999999999996
0.40890000000000004
0.4358
0.4663
0.4481
0.8412
0.8746
0.8386
0.7325999999999999
0.7313000000000001
1.1642000000000001
2.3014
0.0
0.153
0.0284
0.0112
0.0022
0.012299999999999998
0.035500000000000004
0.039599999999999996
0.0998
0.08579999999999999
0.7289000000000001
0.4431
0.481
0.5241
0.6481
0.9071
1.2130999999999998
1.7808000000000002
1.7361
1.7467
1.7134
1.6193
1.7231999999999998
2.6327000000000003
0.9801
1.0775000000000001
1.1682000000000001
1.2597
1.2877999999999998
0.8135
0.6187
0.5822
0.6304000000000001
0.909
1.3567
1.0413000000000001
1.1102
1.1873
1.1718
1.1122
1.1913
5.497199999999999
4.0199
0.1514
0.0
0.0
0.0494
0.0595
0.0387
0.0426
0.0411
0.0497
0.0665
0.0633
0.0819
0.0867
0.0699
0.107
0.1117
0.0915
0.0916
0.0786
0.0839
0.0214
0.4367
3.8253000000000004
3.6224999999999996
3.5766999999999998
0.4312
0.10289999999999999
0.12919999999999998
0.1447
0.1447
0.136
0.1254
0.12490000000000001
0.11829999999999999
0.12410000000000002
0.1267
0.1303
0.6187
0.2335
0.15710000000000002
0.2385
0.4325
0.5623
0.2804
0.1169
2.9985000000000004
0.11710000000000001
0.043
0.06720000000000001
0.0431
0.045700000000000005
0.0903
0.14900000000000002
0.2831
0.3316
0.2956
0.2655
0.1979
0.06709999999999999
0.0297
1.5798
0.0618
0.0045
0.0
0.0
0.0
0.005200000000000001
0.0
0.0
2.171
0.07780000000000001
0.0675
0.06420000000000001
0.0744
0.0799
0.0996
0.296
0.17620000000000002
0.1095
0.0771
0.0469
0.035100000000000006
0.035100000000000006
0.032600000000000004
0.0461
0.0556
0.0477
0.0305
0.0208
0.0437
0.06939999999999999
0.0912
0.1172
0.1305
0.3931
0.3841
0.3775
0.3853
0.3859
0.38839999999999997
0.3907
0.36360000000000003
0.238
0.0789
0.0349
0.015600000000000001
0.0245
0.022600000000000002
0.0319
0.0324
0.0537
0.15389999999999998
0.3321
0.37229999999999996
0.40890000000000004
0.4358
0.4663
0.4481
0.8412
0.8746
0.8386
0.7325999999999999
0.7313000000000001
1.1642000000000001
2.3014
0.0
0.153
0.0284
0.0112
0.0022
0.012299999999999998
0.035500000000000004
0.039599999999999996
0.0998
0.08579999999999999
0.7289000000000001
0.4431
0.481
0.5241
0.6481
0.9071
1.2130999999999998
1.7808000000000002
1.7361
1.7467
1.7134
1.6193
1.7231999999999998
2.6327000000000003
0.9801
1.0775000000000001
1.1682000000000001
1.2597
1.2877999999999998
0.8135
0.6187
0.5822
0.6304000000000001
0.909
1.3567
1.0413000000000001
1.1102
1.1873
1.1718
1.1122
1.1913
5.497199999999999
4.0199
0.1514
0.0
0.0
0.0494
0.0595
0.0387
0.0426
0.0411
0.0497
0.0665
0.0633
0.0819
0.0867
0.0699
0.107
0.1117
0.0915
0.0916
0.0786
0.0839
0.0214
0.4367
3.8253000000000004
3.6224999999999996
3.5766999999999998
0.4312
0.10289999999999999
0.12919999999999998
0.1447
0.1447
0.136
0.1254
0.12490000000000001
0.11829999999999999
0.12410000000000002
0.1267
0.1303
0.6187
0.2335
0.15710000000000002
0.2385
0.4325
0.5623
0.2804
0.1169
2.9985000000000004
0.11710000000000001
0.043
0.06720000000000001
0.0431
0.045700000000000005
0.0903
0.14900000000000002
0.2831
0.3316
0.2956
0.2655
0.1979
0.06709999999999999
0.0297
1.5798
0.0618
0.0045
0.0
0.0
0.0
0.005200000000000001
0.0
0.0
2.171
0.07780000000000001
0.0675
0.06420000000000001
0.0744
0.0799
0.0996
0.296
0.17620000000000002
0.1095
0.0771
0.0469
0.035100000000000006
0.035100000000000006
0.032600000000000004
0.0461
0.0556
0.0477
0.0305
0.0208
0.0437
0.06939999999999999
0.0912
0.1172
0.1305
0.3931
0.3841
0.3775
0.3853
0.3859
0.38839999999999997
0.3907
0.36360000000000003
0.238
0.0789
0.0349
0.015600000000000001
0.0245
0.022600000000000002
0.0319
0.0324
0.0537
0.15389999999999998
0.3321
0.37229999999999996
0.40890000000000004
0.4358
0.4663
0.4481
0.8412
0.8746
0.8386
0.7325999999999999
0.7313000000000001
1.1642000000000001
2.3014
0.0
0.153
0.0284
0.0112
0.0022
0.012299999999999998
0.035500000000000004
0.039599999999999996
0.0998
0.08579999999999999
0.7289000000000001
0.4431
0.481
0.5241
0.6481
0.9071
1.2130999999999998
1.7808000000000002
1.7361
1.7467
1.7134
1.6193
1.7231999999999998
2.6327000000000003
0.9801
1.0775000000000001
1.1682000000000001
1.2597
1.2877999999999998
0.8135
0.6187
0.5822
0.6304000000000001
0.909
1.3567
1.0413000000000001
1.1102
1.1873
1.1718
1.1122
1.1913
5.497199999999999
4.0199
0.1514
0.0
0.0
0.0494
0.0595
0.0387
0.0426
0.0411
0.0497
0.0665
0.0633
0.0819
0.0867
0.0699
0.107
0.1117
0.0915
0.0916
0.0786
0.0839
0.0214
0.4367
3.8253000000000004
3.6224999999999996
3.5766999999999998
0.4312
0.10289999999999999
0.12919999999999998
0.1447
0.1447
0.136
0.1254
0.12490000000000001
0.11829999999999999
0.12410000000000002
0.1267
0.1303
0.6187
0.2335
0.15710000000000002
0.2385
0.4325
0.5623
0.2804
0.1169
2.9985000000000004
0.11710000000000001
0.043
0.06720000000000001
0.0431
0.045700000000000005
0.0903
0.14900000000000002
0.2831
0.3316
0.2956
0.2655
0.1979
0.06709999999999999
0.0297
1.5798
0.0618
0.0045
0.0
0.0
0.0
0.005200000000000001
0.0
0.0
2.171
0.07780000000000001
0.0675
0.06420000000000001
0.0744
0.0799
0.0996
0.296
0.17620000000000002
0.1095
0.0771
0.0469
0.035100000000000006
0.035100000000000006
0.032600000000000004
0.0461
0.0556
0.0477
0.0305
0.0208
0.0437
0.06939999999999999
0.0912
0.1172
0.1305
0.3931
0.3841
0.3775
0.3853
0.3859
0.38839999999999997
0.3907
0.36360000000000003
0.238
0.0789
0.0349
0.015600000000000001
0.0245
0.022600000000000002
0.0319
0.0324
0.0537
0.15389999999999998
0.3321
0.37229999999999996
0.40890000000000004
0.4358
0.4663
0.4481
0.8412
0.8746
0.8386
0.7325999999999999
0.7313000000000001
1.1642000000000001
2.3014
0.0
0.153
0.0284
0.0112
0.0022
0.012299999999999998
0.035500000000000004
0.039599999999999996
0.0998
0.08579999999999999
0.7289000000000001
0.4431
0.481
0.5241
0.6481
0.9071
1.2130999999999998
1.7808000000000002
1.7361
1.7467
1.7134
1.6193
1.7231999999999998
2.6327000000000003
0.9801
1.0775000000000001
1.1682000000000001
1.2597
1.2877999999999998
0.8135
0.6187
0.5822
0.6304000000000001
0.909
1.3567
1.0413000000000001
1.1102
1.1873
1.1718
1.1122
1.1913
5.497199999999999
4.0199
0.1514
0.0
0.0
0.0494
0.0595
0.0387
0.0426
0.0411
0.0497
0.0665
0.0633
0.0819
0.0867
0.0699
0.107
0.1117
0.0915
0.0916
0.0786
0.0839
0.0214
0.4367
3.8253000000000004
3.6224999999999996
3.5766999999999998
0.4312
0.10289999999999999
0.12919999999999998
0.1447
0.1447
0.136
0.1254
0.12490000000000001
0.11829999999999999
0.12410000000000002
0.1267
0.1303
0.6187
0.2335
0.15710000000000002
0.2385
0.4325
0.5623
0.2804
0.1169
2.9985000000000004
0.11710000000000001
0.043
0.06720000000000001
0.0431
0.045700000000000005
0.0903
0.14900000000000002
0.2831
0.3316
0.2956
0.2655
0.1979
0.06709999999999999
0.0297
1.5798
0.0618
0.0045
0.0
0.0
0.0
0.005200000000000001
0.0
0.0
2.171
0.07780000000000001
0.0675
0.06420000000000001
0.0744
0.0799
0.0996
0.296
0.17620000000000002
0.1095
0.0771
0.0469
0.035100000000000006
0.035100000000000006
0.032600000000000004
0.0461
0.0556
0.0477
0.0305
0.0208
0.0437
0.06939999999999999
0.0912
0.1172
0.1305
0.3931
0.3841
0.3775
0.3853
0.3859
0.38839999999999997
0.3907
0.36360000000000003
0.238
0.0789
0.0349
0.015600000000000001
0.0245
0.022600000000000002
0.0319
0.0324
0.0537
0.15389999999999998
0.3321
0.37229999999999996
0.40890000000000004
0.4358
0.4663
0.4481
1.4525000000000001
1.414
1.3681
0.23559999999999998
0.1336
0.1663
0.18109999999999998
0.20950000000000002
0.1519
0.4581
1.1003
0.9054
0.3729
0.2547
0.2993
1.3585
1.8247
1.9123
2.464
2.2439999999999998
1.6511
1.3223
1.0413999999999999
0.9782
1.4144
6.3125
5.6655
3.4303
0.3046
0.34040000000000004
0.3488
0.1686
0.1735
0.16110000000000002
0.15439999999999998
0.1588
0.18259999999999998
0.2075
0.4407
0.33799999999999997
0.1984
0.2845
0.4025
0.37670000000000003
0.2732
0.1784
0.1419
0.1238
0.20279999999999998
0.173
0.158
0.14200000000000002
0.137
0.1258
0.1273
0.2296
0.3406
0.2835
0.2331
0.2025
0.1305
0.08399999999999999
0.0952
0.1175
0.9402999999999999
1.4724
1.5278
1.2132
1.2053
0.9721
0.5825
0.3317
0.0741
0.09440000000000001
0.1313
0.1137
0.1193
0.185
0.5302
0.4289
0.2289
0.0825
0.0
1.6406999999999998
0.1785
0.1856
3.3241
0.3109
2.5072
0.9505
0.3231
0.263
0.033299999999999996
0.0
0.0282
0.06129999999999999
0.5565
0.5443
0.5366
0.4955
0.4448
0.4347
0.5344
1.8389
3.3625
0.0226
0.1575
0.3523
1.5035
1.5215999999999998
0.523
0.3782
1.044
0.858
0.8573999999999999
0.2985
0.0831
0.0015
0.0
0.0256
0.48360000000000003
0.516
0.4941
0.37570000000000003
0.31
0.3161
0.4406
0.2511
0.1809
0.1476
0.0
1.8347
0.0785
0.1367
0.7443
0.5729
0.2104
0.3161
0.47909999999999997
0.6112
0.0352
0.07980000000000001
0.09620000000000001
0.0017
3.5351
2.1005
0.3653
0.26380000000000003
0.2647
0.33830000000000005
0.4992
0.4117
0.41190000000000004
0.4068
0.402
0.4145
0.44
0.4545
0.6475
0.789
1.4866
0.9977
0.6704
0.6211
0.48019999999999996
0.3486
0.2573
1.3456000000000001
1.4525000000000001
1.414
1.3681
0.23559999999999998
0.1336
0.1663
0.18109999999999998
0.20950000000000002
0.1519
0.4581
1.1003
0.9054
0.3729
0.2547
0.2993
1.3585
1.8247
1.9123
2.464
2.2439999999999998
1.6511
1.3223
1.0413999999999999
0.9782
1.4144
6.3125
5.6655
3.4303
0.3046
0.34040000000000004
0.3488
0.1686
0.1735
0.16110000000000002
0.15439999999999998
0.1588
0.18259999999999998
0.2075
0.4407
0.33799999999999997
0.1984
0.2845
0.4025
0.37670000000000003
0.2732
0.1784
0.1419
0.1238
0.20279999999999998
0.173
0.158
0.14200000000000002
0.137
0.1258
0.1273
0.2296
0.3406
0.2835
0.2331
0.2025
0.1305
0.08399999999999999
0.0952
0.1175
0.9402999999999999
1.4724
1.5278
1.2132
1.2053
0.9721
0.5825
0.3317
0.0741
0.09440000000000001
0.1313
0.1137
0.1193
0.185
0.5302
0.4289
0.2289
0.0825
0.0
1.6406999999999998
0.1785
0.1856
3.3241
0.3109
2.5072
0.9505
0.3231
0.263
0.033299999999999996
0.0
0.0282
0.06129999999999999
0.5565
0.5443
0.5366
0.4955
0.4448
0.4347
0.5344
1.8389
3.3625
0.0226
0.1575
0.3523
1.5035
1.5215999999999998
0.523
0.3782
1.044
0.858
0.8573999999999999
0.2985
0.0831
0.0015
0.0
0.0256
0.48360000000000003
0.516
0.4941
0.37570000000000003
0.31
0.3161
0.4406
0.2511
0.1809
0.1476
0.0
1.8347
0.0785
0.1367
0.7443
0.5729
0.2104
0.3161
0.47909999999999997
0.6112
0.0352
0.07980000000000001
0.09620000000000001
0.0017
3.5351
2.1005
0.3653
0.26380000000000003
0.2647
0.33830000000000005
0.4992
0.4117
0.41190000000000004
0.4068
0.402
0.4145
0.44
0.4545
0.6475
0.789
1.4866
0.9977
0.6704
0.6211
0.48019999999999996
0.3486
0.2573
1.3456000000000001
1.4525000000000001
1.414
1.3681
0.23559999999999998
0.1336
0.1663
0.18109999999999998
0.20950000000000002
0.1519
0.4581
1.1003
0.9054
0.3729
0.2547
0.2993
1.3585
1.8247
1.9123
2.464
2.2439999999999998
1.6511
1.3223
1.0413999999999999
0.9782
1.4144
6.3125
5.6655
3.4303
0.3046
0.34040000000000004
0.3488
0.1686
0.1735
0.16110000000000002
0.15439999999999998
0.1588
0.18259999999999998
0.2075
0.4407
0.33799999999999997
0.1984
0.2845
0.4025
0.37670000000000003
0.2732
0.1784
0.1419
0.1238
0.20279999999999998
0.173
0.158
0.14200000000000002
0.137
0.1258
0.1273
0.2296
0.3406
0.2835
0.2331
0.2025
0.1305
0.08399999999999999
0.0952
0.1175
0.9402999999999999
1.4724
1.5278
1.2132
1.2053
0.9721
0.5825
0.3317
0.0741
0.09440000000000001
0.1313
0.1137
0.1193
0.185
0.5302
0.4289
0.2289
0.0825
0.0
1.6406999999999998
0.1785
0.1856
3.3241
0.3109
2.5072
0.9505
0.3231
0.263
0.033299999999999996
0.0
0.0282
0.06129999999999999
0.5565
0.5443
0.5366
0.4955
0.4448
0.4347
0.5344
1.8389
3.3625
0.0226
0.1575
0.3523
1.5035
1.5215999999999998
0.523
0.3782
1.044
0.858
0.8573999999999999
0.2985
0.0831
0.0015
0.0
0.0256
0.48360000000000003
0.516
0.4941
0.37570000000000003
0.31
0.3161
0.4406
0.2511
0.1809
0.1476
0.0
1.8347
0.0785
0.1367
0.7443
0.5729
0.2104
0.3161
0.47909999999999997
0.6112
0.0352
0.07980000000000001
0.09620000000000001
0.0017
3.5351
2.1005
0.3653
0.26380000000000003
0.2647
0.33830000000000005
0.4992
0.4117
0.41190000000000004
0.4068
0.402
0.4145
0.44
0.4545
0.6475
0.789
1.4866
0.9977
0.6704
0.6211
0.48019999999999996
0.3486
0.2573
1.3456000000000001
1.4525000000000001
1.414
1.3681
0.23559999999999998
0.1336
0.1663
0.18109999999999998
0.20950000000000002
0.1519
0.4581
1.1003
0.9054
0.3729
0.2547
0.2993
1.3585
1.8247
1.9123
2.464
2.2439999999999998
1.6511
1.3223
1.0413999999999999
0.9782
1.4144
6.3125
5.6655
3.4303
0.3046
0.34040000000000004
0.3488
0.1686
0.1735
0.16110000000000002
0.15439999999999998
0.1588
0.18259999999999998
0.2075
0.4407
0.33799999999999997
0.1984
0.2845
0.4025
0.37670000000000003
0.2732
0.1784
0.1419
0.1238
0.20279999999999998
0.173
0.158
0.14200000000000002
0.137
0.1258
0.1273
0.2296
0.3406
0.2835
0.2331
0.2025
0.1305
0.08399999999999999
0.0952
0.1175
0.9402999999999999
1.4724
1.5278
1.2132
1.2053
0.9721
0.5825
0.3317
0.0741
0.09440000000000001
0.1313
0.1137
0.1193
0.185
0.5302
0.4289
0.2289
0.0825
0.0
1.6406999999999998
0.1785
0.1856
3.3241
0.3109
2.5072
0.9505
0.3231
0.263
0.033299999999999996
0.0
0.0282
0.06129999999999999
0.5565
0.5443
0.5366
0.4955
0.4448
0.4347
0.5344
1.8389
3.3625
0.0226
0.1575
0.3523
1.5035
1.5215999999999998
0.523
0.3782
1.044
0.858
0.8573999999999999
0.2985
0.0831
0.0015
0.0
0.0256
0.48360000000000003
0.516
0.4941
0.37570000000000003
0.31
0.3161
0.4406
0.2511
0.1809
0.1476
0.0
1.8347
0.0785
0.1367
0.7443
0.5729
0.2104
0.3161
0.47909999999999997
0.6112
0.0352
0.07980000000000001
0.09620000000000001
0.0017
3.5351
2.1005
0.3653
0.26380000000000003
0.2647
0.33830000000000005
0.4992
0.4117
0.41190000000000004
0.4068
0.402
0.4145
0.44
0.4545
0.6475
0.789
1.4866
0.9977
0.6704
0.6211
0.48019999999999996
0.3486
0.2573
1.3456000000000001
1.4525000000000001
1.414
1.3681
0.23559999999999998
0.1336
0.1663
0.18109999999999998
0.20950000000000002
0.1519
0.4581
1.1003
0.9054
0.3729
0.2547
0.2993
1.3585
1.8247
1.9123
2.464
2.2439999999999998
1.6511
1.3223
1.0413999999999999
0.9782
1.4144
6.3125
5.6655
3.4303
0.3046
0.34040000000000004
0.3488
0.1686
0.1735
0.16110000000000002
0.15439999999999998
0.1588
0.18259999999999998
0.2075
0.4407
0.33799999999999997
0.1984
0.2845
0.4025
0.37670000000000003
0.2732
0.1784
0.1419
0.1238
0.9953000000000001
1.0019
1.0470000000000002
1.0137
0.9927999999999999
1.2305000000000001
0.4933
0.0385
0.1018
0.1345
0.15339999999999998
0.25880000000000003
0.2912
0.2117
0.2424
0.2407
0.24109999999999998
1.9097
1.6163
1.5323
1.4542000000000002
1.1958
1.1663999999999999
1.7913999999999999
0.0012
0.0029
0.0199
0.0101
0.0063999999999999994
0.0471
0.2744
1.1008
0.6193
0.3956
0.1749
1.5292
1.1324
0.8412
0.1866
0.2351
0.2609
1.8582
0.2653
0.2251
0.26
0.4159
1.1966
0.4769
0.1965
0.181
0.17709999999999998
0.1762
0.1787
0.6653
0.3103
0.2736
0.1498
0.0171
0.0408
0.024300000000000002
0.0275
0.027499999999999997
0.04
0.0277
0.0362
0.1356
0.36619999999999997
0.3436
0.3518
0.31210000000000004
0.2693
0.2435
0.5054
0.4819
0.5097
0.2086
0.1966
0.2178
0.2299
0.6295
0.7505999999999999
0.7284999999999999
0.5607
0.45389999999999997
0.4356
0.4154
0.4286
0.487
0.5688
1.2890000000000001
0.8654999999999999
0.618
0.5968
0.6155999999999999
0.6365
0.7935
0.1109
0.1085
0.1066
0.1081
0.1104
0.1099
0.1015
0.1491
0.1162
0.1105
0.0885
0.0804
0.0848
0.0827
0.0871
0.0958
0.09129999999999999
0.1149
0.1291
0.1482
0.1396
0.1258
0.126
0.1248
0.0127
0.0123
0.0127
0.011
0.0211
0.012
0.0175
0.0069
0.0
0.0179
0.0316
0.0291
0.0312
0.0298
0.0331
0.0283
0.0318
0.0283
0.0235
0.03
0.0242
0.0108
0.0157
0.0162
0.3075
0.23149999999999998
0.2098
0.18080000000000002
0.17099999999999999
0.16560000000000002
0.11460000000000001
0.10289999999999999
0.163
0.17759999999999998
0.2895
0.47150000000000003
0.2752
0.1965
1.0232
1.0316
0.8916
1.8560999999999999
0.7478
1.1475
1.6819
1.2621
0.9045
1.8974
0.9953000000000001
1.0019
1.0470000000000002
1.0137
0.9927999999999999
1.2305000000000001
0.4933
0.0385
0.1018
0.1345
0.15339999999999998
0.25880000000000003
0.2912
0.2117
0.2424
0.2407
0.24109999999999998
1.9097
1.6163
1.5323
1.4542000000000002
1.1958
1.1663999999999999
1.7913999999999999
0.0012
0.0029
0.0199
0.0101
0.0063999999999999994
0.0471
0.2744
1.1008
0.6193
0.3956
0.1749
1.5292
1.1324
0.8412
0.1866
0.2351
0.2609
1.8582
0.2653
0.2251
0.26
0.4159
1.1966
0.4769
0.1965
0.181
0.17709999999999998
0.1762
0.1787
0.6653
0.3103
0.2736
0.1498
0.0171
0.0408
0.024300000000000002
0.0275
0.027499999999999997
0.04
0.0277
0.0362
0.1356
0.36619999999999997
0.3436
0.3518
0.31210000000000004
0.2693
0.2435
0.5054
0.4819
0.5097
0.2086
0.1966
0.2178
0.2299
0.6295
0.7505999999999999
0.7284999999999999
0.5607
0.45389999999999997
0.4356
0.4154
0.4286
0.487
0.5688
1.2890000000000001
0.8654999999999999
0.618
0.5968
0.6155999999999999
0.6365
0.7935
0.1109
0.1085
0.1066
0.1081
0.1104
0.1099
0.1015
0.1491
0.1162
0.1105
0.0885
0.0804
0.0848
0.0827
0.0871
0.0958
0.09129999999999999
0.1149
0.1291
0.1482
0.1396
0.1258
0.126
0.1248
0.0127
0.0123
0.0127
0.011
0.0211
0.012
0.0175
0.0069
0.0
0.0179
0.0316
0.0291
0.0312
0.0298
0.0331
0.0283
0.0318
0.0283
0.0235
0.03
0.0242
0.0108
0.0157
0.0162
0.3075
0.23149999999999998
0.2098
0.18080000000000002
0.17099999999999999
0.16560000000000002
0.11460000000000001
0.10289999999999999
0.163
0.17759999999999998
0.2895
0.47150000000000003
0.2752
0.1965
1.0232
1.0316
0.8916
1.8560999999999999
0.7478
1.1475
1.6819
1.2621
0.9045
1.8974
0.9953000000000001
1.0019
1.0470000000000002
1.0137
0.9927999999999999
1.2305000000000001
0.4933
0.0385
0.1018
0.1345
0.15339999999999998
0.25880000000000003
0.2912
0.2117
0.2424
0.2407
0.24109999999999998
1.9097
1.6163
1.5323
1.4542000000000002
1.1958
1.1663999999999999
1.7913999999999999
0.0012
0.0029
0.0199
0.0101
0.0063999999999999994
0.0471
0.2744
1.1008
0.6193
0.3956
0.1749
1.5292
1.1324
0.8412
0.1866
0.2351
0.2609
1.8582
0.2653
0.2251
0.26
0.4159
1.1966
0.4769
0.1965
0.181
0.17709999999999998
0.1762
0.1787
0.6653
0.3103
0.2736
0.1498
0.0171
0.0408
0.024300000000000002
0.0275
0.027499999999999997
0.04
0.0277
0.0362
0.1356
0.36619999999999997
0.3436
0.3518
0.31210000000000004
0.2693
0.2435
0.5054
0.4819
0.5097
0.2086
0.1966
0.2178
0.2299
0.6295
0.7505999999999999
0.7284999999999999
0.5607
0.45389999999999997
0.4356
0.4154
0.4286
0.487
0.5688
1.2890000000000001
0.8654999999999999
0.618
0.5968
0.6155999999999999
0.6365
0.7935
0.1109
0.1085
0.1066
0.1081
0.1104
0.1099
0.1015
0.1491
0.1162
0.1105
0.0885
0.0804
0.0848
0.0827
0.0871
0.0958
0.09129999999999999
0.1149
0.1291
0.1482
0.1396
0.1258
0.126
0.1248
0.0127
0.0123
0.0127
0.011
0.0211
0.012
0.0175
0.0069
0.0
0.0179
0.0316
0.0291
0.0312
0.0298
0.0331
0.0283
0.0318
0.0283
0.0235
0.03
0.0242
0.0108
0.0157
0.0162
0.3075
0.23149999999999998
0.2098
0.18080000000000002
0.17099999999999999
0.16560000000000002
0.11460000000000001
0.10289999999999999
0.163
0.17759999999999998
0.2895
0.47150000000000003
0.2752
0.1965
1.0232
1.0316
0.8916
1.8560999999999999
0.7478
1.1475
1.6819
1.2621
0.9045
1.8974
0.9953000000000001
1.0019
1.0470000000000002
1.0137
0.9927999999999999
1.2305000000000001
0.4933
0.0385
0.1018
0.1345
0.15339999999999998
0.25880000000000003
0.2912
0.2117
0.2424
0.2407
0.24109999999999998
1.9097
1.6163
1.5323
1.4542000000000002
1.1958
1.1663999999999999
1.7913999999999999
0.0012
0.0029
0.0199
0.0101
0.0063999999999999994
0.0471
0.2744
1.1008
0.6193
0.3956
0.1749
1.5292
1.1324
0.8412
0.1866
0.2351
0.2609
1.8582
0.2653
0.2251
0.26
0.4159
1.1966
0.4769
0.1965
0.181
0.17709999999999998
0.1762
0.1787
0.6653
0.3103
0.2736
0.1498
0.0171
0.0408
0.024300000000000002
0.0275
0.027499999999999997
0.04
0.0277
0.0362
0.1356
0.36619999999999997
0.3436
0.3518
0.31210000000000004
0.2693
0.2435
0.5054
0.4819
0.5097
0.2086
0.1966
0.2178
0.2299
0.6295
0.7505999999999999
0.7284999999999999
0.5607
0.45389999999999997
0.4356
0.4154
0.4286
0.487
0.5688
1.2890000000000001
0.8654999999999999
0.618
0.5968
0.6155999999999999
0.6365
0.7935
0.1109
0.1085
0.1066
0.1081
0.1104
0.1099
0.1015
0.1491
0.1162
0.1105
0.0885
0.0804
0.0848
0.0827
0.0871
0.0958
0.09129999999999999
0.1149
0.1291
0.1482
0.1396
0.1258
0.126
0.1248
0.0127
0.0123
0.0127
0.011
0.0211
0.012
0.0175
0.0069
0.0
0.0179
0.0316
0.0291
0.0312
0.0298
0.0331
0.0283
0.0318
0.0283
0.0235
0.03
0.0242
0.0108
0.0157
0.0162
0.3075
0.23149999999999998
0.2098
0.18080000000000002
0.17099999999999999
0.16560000000000002
0.11460000000000001
0.10289999999999999
0.163
0.17759999999999998
0.2895
0.47150000000000003
0.2752
0.1965
1.0232
1.0316
0.8916
1.8560999999999999
0.7478
1.1475
1.6819
1.2621
0.9045
1.8974
0.9953000000000001
1.0019
1.0470000000000002
1.0137
0.9927999999999999
1.2305000000000001
0.4933
0.0385
0.1018
0.1345
0.15339999999999998
0.25880000000000003
0.2912
0.2117
0.2424
0.2407
0.24109999999999998
1.9097
1.6163
1.5323
1.4542000000000002
1.1958
1.1663999999999999
1.7913999999999999
0.0012
0.0029
0.0199
0.0101
0.0063999999999999994
0.0471
0.2744
1.1008
0.6193
0.3956
0.1749
1.5292
1.1324
0.8412
0.1866
0.2351
0.2609
1.8582
0.2653
0.2251
0.26
0.4159
1.1966
0.4769
0.1965
0.181
0.17709999999999998
0.1762
0.1787
0.6653
0.3103
0.2736
0.1498
0.0171
0.0408
0.024300000000000002
0.0275
0.027499999999999997
0.04
0.0277
0.0362
0.1356
0.36619999999999997
0.3436
0.3518
0.31210000000000004
0.2693
0.2435
1.0964
2.5917
1.7056
0.9195
0.8322
0.305
0.0185
0.019999999999999997
0.042899999999999994
0.054
0.0509
0.0441
0.0504
0.0492
0.048600000000000004
0.0285
0.0116
0.0
0.6116
0.3574
0.2243
0.2738
0.19690000000000002
0.1711
0.0695
0.0689
0.0687
0.07
0.06789999999999999
0.0554
0.0409
0.042499999999999996
0.059500000000000004
0.065
0.052199999999999996
0.045399999999999996
0.044899999999999995
0.040499999999999994
0.0426
0.0371
0.0334
0.0323
0.0332
0.06290000000000001
0.0686
0.066
0.0779
0.0819
0.0576
0.0681
0.0411
0.0412
0.0151
0.0165
0.032100000000000004
0.0123
0.0028
0.0021
0.0162
0.0126
0.0419
0.0619
0.0975
0.0317
0.025300000000000003
0.0229
0.0541
0.0329
0.0133
0.0082
0.016800000000000002
0.0064
0.0606
0.0591
0.0579
0.0596
0.0595
0.0534
0.0393
0.039400000000000004
0.08410000000000001
0.0605
0.043899999999999995
0.0353
0.036000000000000004
0.034
0.036000000000000004
0.0342
0.0313
0.0383
0.1086
0.0605
0.0506
0.0561
0.0756
0.0838
0.5463
0.2082
0.2276
0.1359
0.054400000000000004
0.0401
0.0308
0.0335
0.0342
0.0371
0.030699999999999998
0.0324
0.030699999999999998
0.0247
0.0264
0.0274
0.0232
0.0494
0.0645
0.048299999999999996
0.053500000000000006
0.0555
0.1014
1.7973999999999999
0.1048
3.1014
5.0305
4.968299999999999
2.651
0.0146
0.8696999999999999
0.0027
0.0303
0.0484
0.0664
0.0881
0.0781
0.061200000000000004
0.0876
0.11019999999999999
0.136
0.712
0.6246
0.3
0.13829999999999998
0.0879
0.073
0.08829999999999999
0.2702
1.7980999999999998
2.6214
1.4272
1.5875
1.7008
0.6719999999999999
0.0593
0.0363
0.0441
0.0443
0.0498
0.0455
0.045200000000000004
0.0401
0.021699999999999997
0.0586
0.0332
0.011600000000000001
0.1215
0.23149999999999998
0.20379999999999998
0.152
0.1616
1.0964
2.5917
1.7056
0.9195
0.8322
0.305
0.0185
0.019999999999999997
0.042899999999999994
0.054
0.0509
0.0441
0.0504
0.0492
0.048600000000000004
0.0285
0.0116
0.0
0.6116
0.3574
0.2243
0.2738
0.19690000000000002
0.1711
0.0695
0.0689
0.0687
0.07
0.06789999999999999
0.0554
0.0409
0.042499999999999996
0.059500000000000004
0.065
0.052199999999999996
0.045399999999999996
0.044899999999999995
0.040499999999999994
0.0426
0.0371
0.0334
0.0323
0.0332
0.06290000000000001
0.0686
0.066
0.0779
0.0819
0.0576
0.0681
0.0411
0.0412
0.0151
0.0165
0.032100000000000004
0.0123
0.0028
0.0021
0.0162
0.0126
0.0419
0.0619
0.0975
0.0317
0.025300000000000003
0.0229
0.0541
0.0329
0.0133
0.0082
0.016800000000000002
0.0064
0.0606
0.0591
0.0579
0.0596
0.0595
0.0534
0.0393
0.039400000000000004
0.08410000000000001
0.0605
0.043899999999999995
0.0353
0.036000000000000004
0.034
0.036000000000000004
0.0342
0.0313
0.0383
0.1086
0.0605
0.0506
0.0561
0.0756
0.0838
0.5463
0.2082
0.2276
0.1359
0.054400000000000004
0.0401
0.0308
0.0335
0.0342
0.0371
0.030699999999999998
0.0324
0.030699999999999998
0.0247
0.0264
0.0274
0.0232
0.0494
0.0645
0.048299999999999996
0.053500000000000006
0.0555
0.1014
1.7973999999999999
0.1048
3.1014
5.0305
4.968299999999999
2.651
0.0146
0.8696999999999999
0.0027
0.0303
0.0484
0.0664
0.0881
0.0781
0.061200000000000004
0.0876
0.11019999999999999
0.136
0.712
0.6246
0.3
0.13829999999999998
0.0879
0.073
0.08829999999999999
0.2702
1.7980999999999998
2.6214
1.4272
1.5875
1.7008
0.6719999999999999
0.0593
0.0363
0.0441
0.0443
0.0498
0.0455
0.045200000000000004
0.0401
0.021699999999999997
0.0586
0.0332
0.011600000000000001
0.1215
0.23149999999999998
0.20379999999999998
0.152
0.1616
1.0964
2.5917
1.7056
0.9195
0.8322
0.305
0.0185
0.019999999999999997
0.042899999999999994
0.054
0.0509
0.0441
0.0504
0.0492
0.048600000000000004
0.0285
0.0116
0.0
0.6116
0.3574
0.2243
0.2738
0.19690000000000002
0.1711
0.0695
0.0689
0.0687
0.07
0.06789999999999999
0.0554
0.0409
0.042499999999999996
0.059500000000000004
0.065
0.052199999999999996
0.045399999999999996
0.044899999999999995
0.040499999999999994
0.0426
0.0371
0.0334
0.0323
0.0332
0.06290000000000001
0.0686
0.066
0.0779
0.0819
0.0576
0.0681
0.0411
0.0412
0.0151
0.0165
0.032100000000000004
0.0123
0.0028
0.0021
0.0162
0.0126
0.0419
0.0619
0.0975
0.0317
0.025300000000000003
0.0229
0.0541
0.0329
0.0133
0.0082
0.016800000000000002
0.0064
0.0606
0.0591
0.0579
0.0596
0.0595
0.0534
0.0393
0.039400000000000004
0.08410000000000001
0.0605
0.043899999999999995
0.0353
0.036000000000000004
0.034
0.036000000000000004
0.0342
0.0313
0.0383
0.1086
0.0605
0.0506
0.0561
0.0756
0.0838
0.5463
0.2082
0.2276
0.1359
0.054400000000000004
0.0401
0.0308
0.0335
0.0342
0.0371
0.030699999999999998
0.0324
0.030699999999999998
0.0247
0.0264
0.0274
0.0232
0.0494
0.0645
0.048299999999999996
0.053500000000000006
0.0555
0.1014
1.7973999999999999
0.1048
3.1014
5.0305
4.968299999999999
2.651
0.0146
0.8696999999999999
0.0027
0.0303
0.0484
0.0664
0.0881
0.0781
0.061200000000000004
0.0876
0.11019999999999999
0.136
0.712
0.6246
0.3
0.13829999999999998
0.0879
0.073
0.08829999999999999
0.2702
1.7980999999999998
2.6214
1.4272
1.5875
1.7008
0.6719999999999999
0.0593
0.0363
0.0441
0.0443
0.0498
0.0455
0.045200000000000004
0.0401
0.021699999999999997
0.0586
0.0332
0.011600000000000001
0.1215
0.23149999999999998
0.20379999999999998
0.152
0.1616
1.0964
2.5917
1.7056
0.9195
0.8322
0.305
0.0185
0.019999999999999997
0.042899999999999994
0.054
0.0509
0.0441
0.0504
0.0492
0.048600000000000004
0.0285
0.0116
0.0
0.6116
0.3574
0.2243
0.2738
0.19690000000000002
0.1711
0.0695
0.0689
0.0687
0.07
0.06789999999999999
0.0554
0.0409
0.042499999999999996
0.059500000000000004
0.065
0.052199999999999996
0.045399999999999996
0.044899999999999995
0.040499999999999994
0.0426
0.0371
0.0334
0.0323
0.0332
0.06290000000000001
0.0686
0.066
0.0779
0.0819
0.0576
0.0681
0.0411
0.0412
0.0151
0.0165
0.032100000000000004
0.0123
0.0028
0.0021
0.0162
0.0126
0.0419
0.0619
0.0975
0.0317
0.025300000000000003
0.0229
0.0541
0.0329
0.0133
0.0082
0.016800000000000002
0.0064
0.0606
0.0591
0.0579
0.0596
0.0595
0.0534
0.0393
0.039400000000000004
0.08410000000000001
0.0605
0.043899999999999995
0.0353
0.036000000000000004
0.034
0.036000000000000004
0.0342
0.0313
0.0383
0.1086
0.0605
0.0506
0.0561
0.0756
0.0838
0.5463
0.2082
0.2276
0.1359
0.054400000000000004
0.0401
0.0308
0.0335
0.0342
0.0371
0.030699999999999998
0.0324
0.030699999999999998
0.0247
0.0264
0.0274
0.0232
0.0494
0.0645
0.048299999999999996
0.053500000000000006
0.0555
0.1014
1.7973999999999999
0.1048
3.1014
5.0305
4.968299999999999
2.651
0.0146
0.8696999999999999
0.0027
0.0303
0.0484
0.0664
0.0881
0.0781
0.061200000000000004
0.0876
0.11019999999999999
0.136
0.712
0.6246
0.3
0.13829999999999998
0.0879
0.073
0.08829999999999999
0.2702
1.7980999999999998
2.6214
1.4272
1.5875
1.7008
0.6719999999999999
0.0593
0.0363
0.0441
0.0443
0.0498
0.0455
0.045200000000000004
0.0401
0.021699999999999997
0.0586
0.0332
0.011600000000000001
0.1215
0.23149999999999998
0.20379999999999998
0.152
0.1616
1.0964
2.5917
1.7056
0.9195
0.8322
0.305
0.0185
0.019999999999999997
0.042899999999999994
0.054
0.0509
0.0441
0.0504
0.0492
0.048600000000000004
0.0285
0.0116
0.0
0.6116
0.3574
0.2243
0.2738
0.19690000000000002
0.1711
0.0695
0.0689
0.0687
0.07
0.06789999999999999
0.0554
0.0409
0.042499999999999996
0.059500000000000004
0.065
0.052199999999999996
0.045399999999999996
0.044899999999999995
0.040499999999999994
0.0426
0.0371
0.0334
0.0323
0.0332
0.06290000000000001
0.0686
0.066
0.0779
0.0819
2.5922
2.9577
0.0923
0.0769
0.0784
0.0588
0.1352
0.18680000000000002
0.2279
0.2299
0.24430000000000002
0.314
0.2384
3.2639
0.398
0.1789
0.0863
0.3042
0.3481
0.0381
0.048799999999999996
0.08660000000000001
0.1112
0.1038
0.3622
0.3273
0.15839999999999999
0.11580000000000001
0.07139999999999999
0.049
0.044899999999999995
0.043
0.0393
0.0436
0.03319999999999999
0.030100000000000002
0.025099999999999997
0.0201
0.0229
0.020999999999999998
0.0143
0.036
0.041299999999999996
0.0326
0.0404
0.044
0.0839
0.1389
0.0
0.0003
0.0
0.0
0.005
0.0005
0.0372
0.1071
0.15239999999999998
0.1553
0.20779999999999998
0.2875
0.1622
1.1134000000000002
1.4949
0.10980000000000001
0.0221
0.0152
0.438
0.1079
0.0436
0.0035
0.0
0.0002
0.5714
1.2281
1.1766
0.194
0.0646
0.0505
0.0373
0.0525
0.0466
0.0543
0.0502
0.055499999999999994
0.0463
0.042499999999999996
0.039599999999999996
0.0448
0.0245
0.0388
0.1299
0.0421
0.0425
0.020900000000000002
0.023899999999999998
0.574
0.0711
0.0993
0.1278
0.2514
0.2746
0.21239999999999998
0.1729
0.0653
0.0523
0.0777
0.0663
0.0663
0.0762
0.07039999999999999
0.0642
0.0621
0.0458
0.060899999999999996
0.06409999999999999
0.061700000000000005
0.0192
0.0
0.0
0.0002
3.5627
2.1854
0.4078
0.39180000000000004
0.3774
0.1544
0.046200000000000005
0.0
0.0095
0.0421
0.0349
0.0183
0.0196
0.029500000000000002
0.0202
0.0
0.3103
0.0121
0.0
0.0
0.0079
0.125
0.4716
0.9167
3.4482999999999997
4.0728
4.0396
2.1639
0.5461
0.7556
1.4011
0.8284
0.42210000000000003
0.3081
0.2803
0.265
0.28059999999999996
0.27480000000000004
0.30310000000000004
0.3617
0.4581
0.6164000000000001
1.0582
1.4341
0.8026
0.7406999999999999
0.6678
0.593
2.5922
2.9577
0.0923
0.0769
0.0784
0.0588
0.1352
0.18680000000000002
0.2279
0.2299
0.24430000000000002
0.314
0.2384
3.2639
0.398
0.1789
0.0863
0.3042
0.3481
0.0381
0.048799999999999996
0.08660000000000001
0.1112
0.1038
0.3622
0.3273
0.15839999999999999
0.11580000000000001
0.07139999999999999
0.049
0.044899999999999995
0.043
0.0393
0.0436
0.03319999999999999
0.030100000000000002
0.025099999999999997
0.0201
0.0229
0.020999999999999998
0.0143
0.036
0.041299999999999996
0.0326
0.0404
0.044
0.0839
0.1389
0.0
0.0003
0.0
0.0
0.005
0.0005
0.0372
0.1071
0.15239999999999998
0.1553
0.20779999999999998
0.2875
0.1622
1.1134000000000002
1.4949
0.10980000000000001
0.0221
0.0152
0.438
0.1079
0.0436
0.0035
0.0
0.0002
0.5714
1.2281
1.1766
0.194
0.0646
0.0505
0.0373
0.0525
0.0466
0.0543
0.0502
0.055499999999999994
0.0463
0.042499999999999996
0.039599999999999996
0.0448
0.0245
0.0388
0.1299
0.0421
0.0425
0.020900000000000002
0.023899999999999998
0.574
0.0711
0.0993
0.1278
0.2514
0.2746
0.21239999999999998
0.1729
0.0653
0.0523
0.0777
0.0663
0.0663
0.0762
0.07039999999999999
0.0642
0.0621
0.0458
0.060899999999999996
0.06409999999999999
0.061700000000000005
0.0192
0.0
0.0
0.0002
3.5627
2.1854
0.4078
0.39180000000000004
0.3774
0.1544
0.046200000000000005
0.0
0.0095
0.0421
0.0349
0.0183
0.0196
0.029500000000000002
0.0202
0.0
0.3103
0.0121
0.0
0.0
0.0079
0.125
0.4716
0.9167
3.4482999999999997
4.0728
4.0396
2.1639
0.5461
0.7556
1.4011
0.8284
0.42210000000000003
0.3081
0.2803
0.265
0.28059999999999996
0.27480000000000004
0.30310000000000004
0.3617
0.4581
0.6164000000000001
1.0582
1.4341
0.8026
0.7406999999999999
0.6678
0.593
2.5922
2.9577
0.0923
0.0769
0.0784
0.0588
0.1352
0.18680000000000002
0.2279
0.2299
0.24430000000000002
0.314
0.2384
3.2639
0.398
0.1789
0.0863
0.3042
0.3481
0.0381
0.048799999999999996
0.08660000000000001
0.1112
0.1038
0.3622
0.3273
0.15839999999999999
0.11580000000000001
0.07139999999999999
0.049
0.044899999999999995
0.043
0.0393
0.0436
0.03319999999999999
0.030100000000000002
0.025099999999999997
0.0201
0.0229
0.020999999999999998
0.0143
0.036
0.041299999999999996
0.0326
0.0404
0.044
0.0839
0.1389
0.0
0.0003
0.0
0.0
0.005
0.0005
0.0372
0.1071
0.15239999999999998
0.1553
0.20779999999999998
0.2875
0.1622
1.1134000000000002
1.4949
0.10980000000000001
0.0221
0.0152
0.438
0.1079
0.0436
0.0035
0.0
0.0002
0.5714
1.2281
1.1766
0.194
0.0646
0.0505
0.0373
0.0525
0.0466
0.0543
0.0502
0.055499999999999994
0.0463
0.042499999999999996
0.039599999999999996
0.0448
0.0245
0.0388
0.1299
0.0421
0.0425
0.020900000000000002
0.023899999999999998
0.574
0.0711
0.0993
0.1278
0.2514
0.2746
0.21239999999999998
0.1729
0.0653
0.0523
0.0777
0.0663
0.0663
0.0762
0.07039999999999999
0.0642
0.0621
0.0458
0.060899999999999996
0.06409999999999999
0.061700000000000005
0.0192
0.0
0.0
0.0002
3.5627
2.1854
0.4078
0.39180000000000004
0.3774
0.1544
0.046200000000000005
0.0
0.0095
0.0421
0.0349
0.0183
0.0196
0.029500000000000002
0.0202
0.0
0.3103
0.0121
0.0
0.0
0.0079
0.125
0.4716
0.9167
3.4482999999999997
4.0728
4.0396
2.1639
0.5461
0.7556
1.4011
0.8284
0.42210000000000003
0.3081
0.2803
0.265
0.28059999999999996
0.27480000000000004
0.30310000000000004
0.3617
0.4581
0.6164000000000001
1.0582
1.4341
0.8026
0.7406999999999999
0.6678
0.593
2.5922
2.9577
0.0923
0.0769
0.0784
0.0588
0.1352
0.18680000000000002
0.2279
0.2299
0.24430000000000002
0.314
0.2384
3.2639
0.398
0.1789
0.0863
0.3042
0.3481
0.0381
0.048799999999999996
0.08660000000000001
0.1112
0.1038
0.3622
0.3273
0.15839999999999999
0.11580000000000001
0.07139999999999999
0.049
0.044899999999999995
0.043
0.0393
0.0436
0.03319999999999999
0.030100000000000002
0.025099999999999997
0.0201
0.0229
0.020999999999999998
0.0143
0.036
0.041299999999999996
0.0326
0.0404
0.044
0.0839
0.1389
0.0
0.0003
0.0
0.0
0.005
0.0005
0.0372
0.1071
0.15239999999999998
0.1553
0.20779999999999998
0.2875
0.1622
1.1134000000000002
1.4949
0.10980000000000001
0.0221
0.0152
0.438
0.1079
0.0436
0.0035
0.0
0.0002
0.5714
1.2281
1.1766
0.194
0.0646
0.0505
0.0373
0.0525
0.0466
0.0543
0.0502
0.055499999999999994
0.0463
0.042499999999999996
0.039599999999999996
0.0448
0.0245
0.0388
0.1299
0.0421
0.0425
0.020900000000000002
0.023899999999999998
0.574
0.0711
0.0993
0.1278
0.2514
0.2746
0.21239999999999998
0.1729
0.0653
0.0523
0.0777
0.0663
0.0663
0.0762
0.07039999999999999
0.0642
0.0621
0.0458
0.060899999999999996
0.06409999999999999
0.061700000000000005
0.0192
0.0
0.0
0.0002
3.5627
2.1854
0.4078
0.39180000000000004
0.3774
0.1544
0.046200000000000005
0.0
0.0095
0.0421
0.0349
0.0183
0.0196
0.029500000000000002
0.0202
0.0
0.3103
0.0121
0.0
0.0
0.0079
0.125
0.4716
0.9167
3.4482999999999997
4.0728
4.0396
2.1639
0.5461
0.7556
1.4011
0.8284
0.42210000000000003
0.3081
0.2803
0.265
0.28059999999999996
0.27480000000000004
0.30310000000000004
0.3617
0.4581
0.6164000000000001
1.0582
1.4341
0.8026
0.7406999999999999
0.6678
0.593
2.5922
2.9577
0.0923
0.0769
0.0784
0.0588
0.1352
0.18680000000000002
0.2279
0.2299
0.24430000000000002
0.314
0.2384
3.2639
0.398
0.1789
0.0863
0.3042
0.3481
0.0381
0.048799999999999996
0.08660000000000001
0.1112
0.1038
0.3622
0.3273
0.15839999999999999
0.11580000000000001
0.07139999999999999
0.049
0.044899999999999995
0.043
0.0393
0.0436
0.03319999999999999
0.030100000000000002
0.025099999999999997
0.0201
0.0229
0.020999999999999998
0.0143
0.036
0.041299999999999996
0.0326
0.0404
0.044
0.0839
0.1389
0.0
0.0003
0.0
0.0
0.005
0.0005
0.0372
0.1071
0.15239999999999998
0.1553
0.20779999999999998
0.2875
0.1622
1.1134000000000002
1.4949
0.10980000000000001
0.0221
0.0152
0.438
0.1079
0.0436
0.0035
0.0
0.0002
4.6787
4.7708
3.4426
0.43489999999999995
0.13040000000000002
0.14150000000000001
0.1652
0.2224
0.1956
0.20240000000000002
0.1946
0.1756
0.1819
0.1833
0.2052
0.2466
0.2116
0.2222
0.2113
0.255
0.2707
0.2451
0.1963
1.5394
0.0119
0.018000000000000002
0.0132
0.0155
0.0254
0.0151
0.0298
0.048
0.030600000000000002
0.0916
0.043899999999999995
0.0556
0.046
0.056900000000000006
0.0584
0.030400000000000003
0.0324
0.027200000000000002
0.0124
0.017099999999999997
0.012
0.0015
0.0102
0.019200000000000002
1.7217
2.7092
0.9493
1.3287
0.6151
0.0
0.0112
0.0125
0.0315
0.030199999999999998
0.0461
0.0493
0.0568
0.0606
0.0813
0.071
0.4337
0.3485
0.38180000000000003
0.5164
0.6906
0.8383
0.75
0.6148
0.1948
0.1778
0.174
0.1649
0.1331
0.0781
0.0309
0.0177
0.022699999999999998
0.024
0.022
0.0291
0.035699999999999996
0.039099999999999996
0.0481
0.0339
0.0178
0.0177
0.0724
0.12259999999999999
0.2087
0.2246
0.2025
0.3074
0.5165
0.41700000000000004
0.3908
0.347
0.0562
0.0889
0.024499999999999997
0.0461
0.0735
0.1
0.0497
0.0328
0.0377
0.0572
0.030199999999999998
0.014700000000000001
0.0334
0.0332
0.0273
0.0448
0.0615
0.08149999999999999
0.0324
0.0128
5.0100999999999996
4.7075
5.0259
1.3578
0.0733
0.0606
0.0594
0.049600000000000005
0.0487
0.0535
0.060899999999999996
0.044700000000000004
0.08779999999999999
0.0857
0.08499999999999999
0.0565
0.0729
0.195
0.0808
0.0565
0.0686
0.0751
0.1298
2.5157
1.9853
0.5307000000000001
0.2902
0.15080000000000002
0.0102
0.0062
0.0001
0.0213
0.027700000000000002
0.0268
0.0474
0.0398
0.0444
0.0417
0.0411
0.0158
0.0183
0.0582
0.6089
0.9754
0.9004
0.483
0.2558
2.6101
4.6787
4.7708
3.4426
0.43489999999999995
0.13040000000000002
0.14150000000000001
0.1652
0.2224
0.1956
0.20240000000000002
0.1946
0.1756
0.1819
0.1833
0.2052
0.2466
0.2116
0.2222
0.2113
0.255
0.2707
0.2451
0.1963
1.5394
0.0119
0.018000000000000002
0.0132
0.0155
0.0254
0.0151
0.0298
0.048
0.030600000000000002
0.0916
0.043899999999999995
0.0556
0.046
0.056900000000000006
0.0584
0.030400000000000003
0.0324
0.027200000000000002
0.0124
0.017099999999999997
0.012
0.0015
0.0102
0.019200000000000002
1.7217
2.7092
0.9493
1.3287
0.6151
0.0
0.0112
0.0125
0.0315
0.030199999999999998
0.0461
0.0493
0.0568
0.0606
0.0813
0.071
0.4337
0.3485
0.38180000000000003
0.5164
0.6906
0.8383
0.75
0.6148
0.1948
0.1778
0.174
0.1649
0.1331
0.0781
0.0309
0.0177
0.022699999999999998
0.024
0.022
0.0291
0.035699999999999996
0.039099999999999996
0.0481
0.0339
0.0178
0.0177
0.0724
0.12259999999999999
0.2087
0.2246
0.2025
0.3074
0.5165
0.41700000000000004
0.3908
0.347
0.0562
0.0889
0.024499999999999997
0.0461
0.0735
0.1
0.0497
0.0328
0.0377
0.0572
0.030199999999999998
0.014700000000000001
0.0334
0.0332
0.0273
0.0448
0.0615
0.08149999999999999
0.0324
0.0128
5.0100999999999996
4.7075
5.0259
1.3578
0.0733
0.0606
0.0594
0.049600000000000005
0.0487
0.0535
0.060899999999999996
0.044700000000000004
0.08779999999999999
0.0857
0.08499999999999999
0.0565
0.0729
0.195
0.0808
0.0565
0.0686
0.0751
0.1298
2.5157
1.9853
0.5307000000000001
0.2902
0.15080000000000002
0.0102
0.0062
0.0001
0.0213
0.027700000000000002
0.0268
0.0474
0.0398
0.0444
0.0417
0.0411
0.0158
0.0183
0.0582
0.6089
0.9754
0.9004
0.483
0.2558
2.6101
4.6787
4.7708
3.4426
0.43489999999999995
0.13040000000000002
0.14150000000000001
0.1652
0.2224
0.1956
0.20240000000000002
0.1946
0.1756
0.1819
0.1833
0.2052
0.2466
0.2116
0.2222
0.2113
0.255
0.2707
0.2451
0.1963
1.5394
0.0119
0.018000000000000002
0.0132
0.0155
0.0254
0.0151
0.0298
0.048
0.030600000000000002
0.0916
0.043899999999999995
0.0556
0.046
0.056900000000000006
0.0584
0.030400000000000003
0.0324
0.027200000000000002
0.0124
0.017099999999999997
0.012
0.0015
0.0102
0.019200000000000002
1.7217
2.7092
0.9493
1.3287
0.6151
0.0
0.0112
0.0125
0.0315
0.030199999999999998
0.0461
0.0493
0.0568
0.0606
0.0813
0.071
0.4337
0.3485
0.38180000000000003
0.5164
0.6906
0.8383
0.75
0.6148
0.1948
0.1778
0.174
0.1649
0.1331
0.0781
0.0309
0.0177
0.022699999999999998
0.024
0.022
0.0291
0.035699999999999996
0.039099999999999996
0.0481
0.0339
0.0178
0.0177
0.0724
0.12259999999999999
0.2087
0.2246
0.2025
0.3074
0.5165
0.41700000000000004
0.3908
0.347
0.0562
0.0889
0.024499999999999997
0.0461
0.0735
0.1
0.0497
0.0328
0.0377
0.0572
0.030199999999999998
0.014700000000000001
0.0334
0.0332
0.0273
0.0448
0.0615
0.08149999999999999
0.0324
0.0128
5.0100999999999996
4.7075
5.0259
1.3578
0.0733
0.0606
0.0594
0.049600000000000005
0.0487
0.0535
0.060899999999999996
0.044700000000000004
0.08779999999999999
0.0857
0.08499999999999999
0.0565
0.0729
0.195
0.0808
0.0565
0.0686
0.0751
0.1298
2.5157
1.9853
0.5307000000000001
0.2902
0.15080000000000002
0.0102
0.0062
0.0001
0.0213
0.027700000000000002
0.0268
0.0474
0.0398
0.0444
0.0417
0.0411
0.0158
0.0183
0.0582
0.6089
0.9754
0.9004
0.483
0.2558
2.6101
4.6787
4.7708
3.4426
0.43489999999999995
0.13040000000000002
0.14150000000000001
0.1652
0.2224
0.1956
0.20240000000000002
0.1946
0.1756
0.1819
0.1833
0.2052
0.2466
0.2116
0.2222
0.2113
0.255
0.2707
0.2451
0.1963
1.5394
0.0119
0.018000000000000002
0.0132
0.0155
0.0254
0.0151
0.0298
0.048
0.030600000000000002
0.0916
0.043899999999999995
0.0556
0.046
0.056900000000000006
0.0584
0.030400000000000003
0.0324
0.027200000000000002
0.0124
0.017099999999999997
0.012
0.0015
0.0102
0.019200000000000002
1.7217
2.7092
0.9493
1.3287
0.6151
0.0
0.0112
0.0125
0.0315
0.030199999999999998
0.0461
0.0493
0.0568
0.0606
0.0813
0.071
0.4337
0.3485
0.38180000000000003
0.5164
0.6906
0.8383
0.75
0.6148
0.1948
0.1778
0.174
0.1649
0.1331
0.0781
0.0309
0.0177
0.022699999999999998
0.024
0.022
0.0291
0.035699999999999996
0.039099999999999996
0.0481
0.0339
0.0178
0.0177
0.0724
0.12259999999999999
0.2087
0.2246
0.2025
0.3074
0.5165
0.41700000000000004
0.3908
0.347
0.0562
0.0889
0.024499999999999997
0.0461
0.0735
0.1
0.0497
0.0328
0.0377
0.0572
0.030199999999999998
0.014700000000000001
0.0334
0.0332
0.0273
0.0448
0.0615
0.08149999999999999
0.0324
0.0128
5.0100999999999996
4.7075
5.0259
1.3578
0.0733
0.0606
0.0594
0.049600000000000005
0.0487
0.0535
0.060899999999999996
0.044700000000000004
0.08779999999999999
0.0857
0.08499999999999999
0.0565
0.0729
0.195
0.0808
0.0565
0.0686
0.0751
0.1298
2.5157
1.9853
0.5307000000000001
0.2902
0.15080000000000002
0.0102
0.0062
0.0001
0.0213
0.027700000000000002
0.0268
0.0474
0.0398
0.0444
0.0417
0.0411
0.0158
0.0183
0.0582
0.6089
0.9754
0.9004
0.483
0.2558
2.6101
4.6787
4.7708
3.4426
0.43489999999999995
0.13040000000000002
0.14150000000000001
0.1652
0.2224
0.1956
0.20240000000000002
0.1946
0.1756
0.1819
0.1833
0.2052
0.2466
0.2116
0.2222
0.2113
0.255
0.2707
0.2451
0.1963
1.5394
0.0119
0.018000000000000002
0.0132
0.0155
0.0254
0.0151
0.0298
0.048
0.030600000000000002
0.0916
0.043899999999999995
0.0556
0.046
0.056900000000000006
0.0584
0.030400000000000003
0.0324
0.027200000000000002
0.0124
0.017099999999999997
0.012
0.0015
0.0102
0.019200000000000002
1.7217
2.7092
0.9493
1.3287
0.6151
0.0
0.0112
0.0125
0.0315
0.030199999999999998
0.0461
0.0493
0.0568
0.0606
0.0813
0.071
0.4337
0.3485
0.38180000000000003
0.5164
0.6906
0.8383
0.75
0.6148
0.0082
0.0394
0.032
0.03
0.0257
0.0859
0.35860000000000003
1.1127
2.6748000000000003
0.0901
0.0543
0.1113
0.1318
0.1457
0.9538
0.3463
0.0269
0.043800000000000006
0.0291
0.1189
0.0857
0.0
0.0
0.0022
0.346
0.0601
0.0709
0.0597
0.036699999999999997
0.3192
0.3748
0.0938
0.08510000000000001
0.092
0.0691
0.0895
0.0796
0.1654
0.20400000000000001
0.0109
0.0
0.002
0.0
0.24020000000000002
0.0263
0.0041
0.0
0.2364
1.5056999999999998
1.2599999999999998
4.092
0.2714
0.4449
0.2936
0.0838
0.0813
0.0305
0.023600000000000003
0.0417
0.09620000000000001
0.07519999999999999
0.0553
0.0867
0.072
0.0385
0.0055
0.5224
0.2869
0.08030000000000001
0.1625
0.39690000000000003
0.3883
0.0635
0.0606
0.0599
0.0616
0.06309999999999999
0.0596
0.0508
0.07150000000000001
0.10719999999999999
0.09190000000000001
0.06770000000000001
0.0628
0.061700000000000005
0.0597
0.0635
0.0624
0.0649
0.0615
0.0558
0.0568
0.052199999999999996
0.0571
0.0774
0.08610000000000001
2.4652
3.0403000000000002
2.8612
0.7166999999999999
0.5284
0.5304
0.7314
0.976
1.0955
1.2288000000000001
1.2997
1.2191
1.3714
1.5908000000000002
2.2626999999999997
1.3632
1.1371
1.1093000000000002
1.1078000000000001
1.1299000000000001
3.6479
2.7173999999999996
6.3842
6.191000000000001
8.9515
6.0404
9.7454
8.954699999999999
3.2693999999999996
0.24680000000000002
0.0954
0.0772
0.22369999999999998
0.060899999999999996
0.0547
0.0828
0.0676
0.0874
0.0446
0.0528
0.0888
0.1157
0.1634
0.238
0.2442
0.1787
0.10800000000000001
1.9106
1.1278
0.6427
0.2499
0.0746
0.0259
0.0155
0.0235
0.036199999999999996
0.0259
0.0368
0.0252
0.0298
0.0277
0.0215
0.0241
0.025
0.026
0.0339
0.019200000000000002
0.0276
0.0219
0.0219
0.0259
0.36819999999999997
0.0082
0.0394
0.032
0.03
0.0257
0.0859
0.35860000000000003
1.1127
2.6748000000000003
0.0901
0.0543
0.1113
0.1318
0.1457
0.9538
0.3463
0.0269
0.043800000000000006
0.0291
0.1189
0.0857
0.0
0.0
0.0022
0.346
0.0601
0.0709
0.0597
0.036699999999999997
0.3192
0.3748
0.0938
0.08510000000000001
0.092
0.0691
0.0895
0.0796
0.1654
0.20400000000000001
0.0109
0.0
0.002
0.0
0.24020000000000002
0.0263
0.0041
0.0
0.2364
1.5056999999999998
1.2599999999999998
4.092
0.2714
0.4449
0.2936
0.0838
0.0813
0.0305
0.023600000000000003
0.0417
0.09620000000000001
0.07519999999999999
0.0553
0.0867
0.072
0.0385
0.0055
0.5224
0.2869
0.08030000000000001
0.1625
0.39690000000000003
0.3883
0.0635
0.0606
0.0599
0.0616
0.06309999999999999
0.0596
0.0508
0.07150000000000001
0.10719999999999999
0.09190000000000001
0.06770000000000001
0.0628
0.061700000000000005
0.0597
0.0635
0.0624
0.0649
0.0615
0.0558
0.0568
0.052199999999999996
0.0571
0.0774
0.08610000000000001
2.4652
3.0403000000000002
2.8612
0.7166999999999999
0.5284
0.5304
0.7314
0.976
1.0955
1.2288000000000001
1.2997
1.2191
1.3714
1.5908000000000002
2.2626999999999997
1.3632
1.1371
1.1093000000000002
1.1078000000000001
1.1299000000000001
3.6479
2.7173999999999996
6.3842
6.191000000000001
8.9515
6.0404
9.7454
8.954699999999999
3.2693999999999996
0.24680000000000002
0.0954
0.0772
0.22369999999999998
0.060899999999999996
0.0547
0.0828
0.0676
0.0874
0.0446
0.0528
0.0888
0.1157
0.1634
0.238
0.2442
0.1787
0.10800000000000001
1.9106
1.1278
0.6427
0.2499
0.0746
0.0259
0.0155
0.0235
0.036199999999999996
0.0259
0.0368
0.0252
0.0298
0.0277
0.0215
0.0241
0.025
0.026
0.0339
0.019200000000000002
0.0276
0.0219
0.0219
0.0259
0.36819999999999997
0.0082
0.0394
0.032
0.03
0.0257
0.0859
0.35860000000000003
1.1127
2.6748000000000003
0.0901
0.0543
0.1113
0.1318
0.1457
0.9538
0.3463
0.0269
0.043800000000000006
0.0291
0.1189
0.0857
0.0
0.0
0.0022
0.346
0.0601
0.0709
0.0597
0.036699999999999997
0.3192
0.3748
0.0938
0.08510000000000001
0.092
0.0691
0.0895
0.0796
0.1654
0.20400000000000001
0.0109
0.0
0.002
0.0
0.24020000000000002
0.0263
0.0041
0.0
0.2364
1.5056999999999998
1.2599999999999998
4.092
0.2714
0.4449
0.2936
0.0838
0.0813
0.0305
0.023600000000000003
0.0417
0.09620000000000001
0.07519999999999999
0.0553
0.0867
0.072
0.0385
0.0055
0.5224
0.2869
0.08030000000000001
0.1625
0.39690000000000003
0.3883
0.0635
0.0606
0.0599
0.0616
0.06309999999999999
0.0596
0.0508
0.07150000000000001
0.10719999999999999
0.09190000000000001
0.06770000000000001
0.0628
0.061700000000000005
0.0597
0.0635
0.0624
0.0649
0.0615
0.0558
0.0568
0.052199999999999996
0.0571
0.0774
0.08610000000000001
2.4652
3.0403000000000002
2.8612
0.7166999999999999
0.5284
0.5304
0.7314
0.976
1.0955
1.2288000000000001
1.2997
1.2191
1.3714
1.5908000000000002
2.2626999999999997
1.3632
1.1371
1.1093000000000002
1.1078000000000001
1.1299000000000001
3.6479
2.7173999999999996
6.3842
6.191000000000001
8.9515
6.0404
9.7454
8.954699999999999
3.2693999999999996
0.24680000000000002
0.0954
0.0772
0.22369999999999998
0.060899999999999996
0.0547
0.0828
0.0676
0.0874
0.0446
0.0528
0.0888
0.1157
0.1634
0.238
0.2442
0.1787
0.10800000000000001
1.9106
1.1278
0.6427
0.2499
0.0746
0.0259
0.0155
0.0235
0.036199999999999996
0.0259
0.0368
0.0252
0.0298
0.0277
0.0215
0.0241
0.025
0.026
0.0339
0.019200000000000002
0.0276
0.0219
0.0219
0.0259
0.36819999999999997
0.0082
0.0394
0.032
0.03
0.0257
0.0859
0.35860000000000003
1.1127
2.6748000000000003
0.0901
0.0543
0.1113
0.1318
0.1457
0.9538
0.3463
0.0269
0.043800000000000006
0.0291
0.1189
0.0857
0.0
0.0
0.0022
0.346
0.0601
0.0709
0.0597
0.036699999999999997
0.3192
0.3748
0.0938
0.08510000000000001
0.092
0.0691
0.0895
0.0796
0.1654
0.20400000000000001
0.0109
0.0
0.002
0.0
0.24020000000000002
0.0263
0.0041
0.0
0.2364
1.5056999999999998
1.2599999999999998
4.092
0.2714
0.4449
0.2936
0.0838
0.0813
0.0305
0.023600000000000003
0.0417
0.09620000000000001
0.07519999999999999
0.0553
0.0867
0.072
0.0385
0.0055
0.5224
0.2869
0.08030000000000001
0.1625
0.39690000000000003
0.3883
0.0635
0.0606
0.0599
0.0616
0.06309999999999999
0.0596
0.0508
0.07150000000000001
0.10719999999999999
0.09190000000000001
0.06770000000000001
0.0628
0.061700000000000005
0.0597
0.0635
0.0624
0.0649
0.0615
0.0558
0.0568
0.052199999999999996
0.0571
0.0774
0.08610000000000001
2.4652
3.0403000000000002
2.8612
0.7166999999999999
0.5284
0.5304
0.7314
0.976
1.0955
1.2288000000000001
1.2997
1.2191
1.3714
1.5908000000000002
2.2626999999999997
1.3632
1.1371
1.1093000000000002
1.1078000000000001
1.1299000000000001
3.6479
2.7173999999999996
6.3842
6.191000000000001
8.9515
6.0404
9.7454
8.954699999999999
3.2693999999999996
0.24680000000000002
0.0954
0.0772
0.22369999999999998
0.060899999999999996
0.0547
0.0828
0.0676
0.0874
0.0446
0.0528
0.0888
0.1157
0.1634
0.238
0.2442
0.1787
0.10800000000000001
1.9106
1.1278
0.6427
0.2499
0.0746
0.0259
0.0155
0.0235
0.036199999999999996
0.0259
0.0368
0.0252
0.0298
0.0277
0.0215
0.0241
0.025
0.026
0.0339
0.019200000000000002
0.0276
0.0219
0.0219
0.0259
0.36819999999999997
0.0082
0.0394
0.032
0.03
0.0257
0.0859
0.35860000000000003
1.1127
2.6748000000000003
0.0901
0.0543
0.1113
0.1318
0.1457
0.9538
0.3463
0.0269
0.043800000000000006
0.0291
0.1189
0.0857
0.0
0.0
0.0022
0.346
0.0601
0.0709
0.0597
0.036699999999999997
0.3192
0.3748
0.0938
0.08510000000000001
0.092
0.0691
0.0895
0.0796
0.1654
0.20400000000000001
0.0109
0.0
0.002
0.0
0.24020000000000002
0.0263
0.0041
0.0
0.2364
3.7319999999999998
5.4388000000000005
5.4015
3.3949
0.2238
0.10089999999999999
0.1013
0.12
0.16620000000000001
0.1747
0.1666
0.11399999999999999
0.1071
0.08990000000000001
0.089
0.1191
0.13069999999999998
0.2038
0.4077
0.3655
0.33799999999999997
0.3719
0.4558
0.46040000000000003
0.5461
1.9525
0.9165000000000001
1.6743000000000001
0.7107
0.0649
0.0263
0.1908
0.2479
0.1718
0.1986
0.2036
0.22749999999999998
0.5800000000000001
3.0307999999999997
2.169
1.3498999999999999
2.4696
1.1544
0.0
0.0
0.0
0.0
0.0
2.91
4.1642
4.1654
2.3932
0.9347
0.5148
0.3161
0.2952
0.29910000000000003
0.30579999999999996
0.3215
0.33809999999999996
0.3258
0.2922
0.3034
0.28459999999999996
0.2667
0.3484
0.3774
0.2329
0.1966
0.21660000000000001
0.8567
1.255
0.3726
0.38470000000000004
0.3913
0.43879999999999997
0.4793
0.9140999999999999
1.4426
0.7375
0.7309
0.6930000000000001
0.5584
0.4765
0.4438
0.38549999999999995
0.3725
0.3935
0.41769999999999996
0.5508
0.848
0.7424
0.9973000000000001
0.919
0.5614
0.4202
3.6944999999999997
3.6109999999999998
2.6292999999999997
1.5627
0.0936
0.10139999999999999
0.0706
0.0553
0.0801
0.0749
0.0784
0.0741
0.0555
0.05
0.0553
0.0738
0.0901
0.127
0.1633
0.3745
0.6035
0.2712
0.2122
3.0399
4.0514
2.8345000000000002
2.7110000000000003
1.251
1.6838
0.7137
0.0559
0.0163
0.0644
0.0632
0.0593
0.0555
0.0625
0.0578
0.0305
0.0238
0.0229
0.0
0.7282
0.1246
0.1132
0.47829999999999995
1.0565
0.6232
2.8482000000000003
2.7493
2.6012
2.4306
0.8381
0.5172
1.077
0.5977
0.0387
0.0065
0.0297
0.0455
0.0419
0.0453
0.0369
0.0229
0.10830000000000001
1.1885
1.6475
2.2011
1.7852000000000001
1.0366
0.6368
2.6616
3.7319999999999998
5.4388000000000005
5.4015
3.3949
0.2238
0.10089999999999999
0.1013
0.12
0.16620000000000001
0.1747
0.1666
0.11399999999999999
0.1071
0.08990000000000001
0.089
0.1191
0.13069999999999998
0.2038
0.4077
0.3655
0.33799999999999997
0.3719
0.4558
0.46040000000000003
0.5461
1.9525
0.9165000000000001
1.6743000000000001
0.7107
0.0649
0.0263
0.1908
0.2479
0.1718
0.1986
0.2036
0.22749999999999998
0.5800000000000001
3.0307999999999997
2.169
1.3498999999999999
2.4696
1.1544
0.0
0.0
0.0
0.0
0.0
2.91
4.1642
4.1654
2.3932
0.9347
0.5148
0.3161
0.2952
0.29910000000000003
0.30579999999999996
0.3215
0.33809999999999996
0.3258
0.2922
0.3034
0.28459999999999996
0.2667
0.3484
0.3774
0.2329
0.1966
0.21660000000000001
0.8567
1.255
0.3726
0.38470000000000004
0.3913
0.43879999999999997
0.4793
0.9140999999999999
1.4426
0.7375
0.7309
0.6930000000000001
0.5584
0.4765
0.4438
0.38549999999999995
0.3725
0.3935
0.41769999999999996
0.5508
0.848
0.7424
0.9973000000000001
0.919
0.5614
0.4202
3.6944999999999997
3.6109999999999998
2.6292999999999997
1.5627
0.0936
0.10139999999999999
0.0706
0.0553
0.0801
0.0749
0.0784
0.0741
0.0555
0.05
0.0553
0.0738
0.0901
0.127
0.1633
0.3745
0.6035
0.2712
0.2122
3.0399
4.0514
2.8345000000000002
2.7110000000000003
1.251
1.6838
0.7137
0.0559
0.0163
0.0644
0.0632
0.0593
0.0555
0.0625
0.0578
0.0305
0.0238
0.0229
0.0
0.7282
0.1246
0.1132
0.47829999999999995
1.0565
0.6232
2.8482000000000003
2.7493
2.6012
2.4306
0.8381
0.5172
1.077
0.5977
0.0387
0.0065
0.0297
0.0455
0.0419
0.0453
0.0369
0.0229
0.10830000000000001
1.1885
1.6475
2.2011
1.7852000000000001
1.0366
0.6368
2.6616
3.7319999999999998
5.4388000000000005
5.4015
3.3949
0.2238
0.10089999999999999
0.1013
0.12
0.16620000000000001
0.1747
0.1666
0.11399999999999999
0.1071
0.08990000000000001
0.089
0.1191
0.13069999999999998
0.2038
0.4077
0.3655
0.33799999999999997
0.3719
0.4558
0.46040000000000003
0.5461
1.9525
0.9165000000000001
1.6743000000000001
0.7107
0.0649
0.0263
0.1908
0.2479
0.1718
0.1986
0.2036
0.22749999999999998
0.5800000000000001
3.0307999999999997
2.169
1.3498999999999999
2.4696
1.1544
0.0
0.0
0.0
0.0
0.0
2.91
4.1642
4.1654
2.3932
0.9347
0.5148
0.3161
0.2952
0.29910000000000003
0.30579999999999996
0.3215
0.33809999999999996
0.3258
0.2922
0.3034
0.28459999999999996
0.2667
0.3484
0.3774
0.2329
0.1966
0.21660000000000001
0.8567
1.255
0.3726
0.38470000000000004
0.3913
0.43879999999999997
0.4793
0.9140999999999999
1.4426
0.7375
0.7309
0.6930000000000001
0.5584
0.4765
0.4438
0.38549999999999995
0.3725
0.3935
0.41769999999999996
0.5508
0.848
0.7424
0.9973000000000001
0.919
0.5614
0.4202
3.6944999999999997
3.6109999999999998
2.6292999999999997
1.5627
0.0936
0.10139999999999999
0.0706
0.0553
0.0801
0.0749
0.0784
0.0741
0.0555
0.05
0.0553
0.0738
0.0901
0.127
0.1633
0.3745
0.6035
0.2712
0.2122
3.0399
4.0514
2.8345000000000002
2.7110000000000003
1.251
1.6838
0.7137
0.0559
0.0163
0.0644
0.0632
0.0593
0.0555
0.0625
0.0578
0.0305
0.0238
0.0229
0.0
0.7282
0.1246
0.1132
0.47829999999999995
1.0565
0.6232
2.8482000000000003
2.7493
2.6012
2.4306
0.8381
0.5172
1.077
0.5977
0.0387
0.0065
0.0297
0.0455
0.0419
0.0453
0.0369
0.0229
0.10830000000000001
1.1885
1.6475
2.2011
1.7852000000000001
1.0366
0.6368
2.6616
3.7319999999999998
5.4388000000000005
5.4015
3.3949
0.2238
0.10089999999999999
0.1013
0.12
0.16620000000000001
0.1747
0.1666
0.11399999999999999
0.1071
0.08990000000000001
0.089
0.1191
0.13069999999999998
0.2038
0.4077
0.3655
0.33799999999999997
0.3719
0.4558
0.46040000000000003
0.5461
1.9525
0.9165000000000001
1.6743000000000001
0.7107
0.0649
0.0263
0.1908
0.2479
0.1718
0.1986
0.2036
0.22749999999999998
0.5800000000000001
3.0307999999999997
2.169
1.3498999999999999
2.4696
1.1544
0.0
0.0
0.0
0.0
0.0
2.91
4.1642
4.1654
2.3932
0.9347
0.5148
0.3161
0.2952
0.29910000000000003
0.30579999999999996
0.3215
0.33809999999999996
0.3258
0.2922
0.3034
0.28459999999999996
0.2667
0.3484
0.3774
0.2329
0.1966
0.21660000000000001
0.8567
1.255
0.3726
0.38470000000000004
0.3913
0.43879999999999997
0.4793
0.9140999999999999
1.4426
0.7375
0.7309
0.6930000000000001
0.5584
0.4765
0.4438
0.38549999999999995
0.3725
0.3935
0.41769999999999996
0.5508
0.848
0.7424
0.9973000000000001
0.919
0.5614
0.4202
3.6944999999999997
3.6109999999999998
2.6292999999999997
1.5627
0.0936
0.10139999999999999
0.0706
0.0553
0.0801
0.0749
0.0784
0.0741
0.0555
0.05
0.0553
0.0738
0.0901
0.127
0.1633
0.3745
0.6035
0.2712
0.2122
3.0399
4.0514
2.8345000000000002
2.7110000000000003
1.251
1.6838
0.7137
0.0559
0.0163
0.0644
0.0632
0.0593
0.0555
0.0625
0.0578
0.0305
0.0238
0.0229
0.0
0.7282
0.1246
0.1132
0.47829999999999995
1.0565
0.6232
2.8482000000000003
2.7493
2.6012
2.4306
0.8381
0.5172
1.077
0.5977
0.0387
0.0065
0.0297
0.0455
0.0419
0.0453
0.0369
0.0229
0.10830000000000001
1.1885
1.6475
2.2011
1.7852000000000001
1.0366
0.6368
2.6616
3.7319999999999998
5.4388000000000005
5.4015
3.3949
0.2238
0.10089999999999999
0.1013
0.12
0.16620000000000001
0.1747
0.1666
0.11399999999999999
0.1071
0.08990000000000001
0.089
0.1191
0.13069999999999998
0.2038
0.4077
0.3655
0.33799999999999997
0.3719
0.4558
0.46040000000000003
0.5461
1.9525
0.9165000000000001
1.6743000000000001
0.7107
0.0649
0.0263
0.1908
0.2479
0.1718
0.1986
0.2036
0.22749999999999998
0.5800000000000001
3.0307999999999997
2.169
1.3498999999999999
2.4696
1.1544
0.0
0.0
0.0
0.0
0.0
2.91
4.1642
4.1654
2.3932
0.9347
0.5148
0.3161
0.2952
0.29910000000000003
0.30579999999999996
0.3215
0.33809999999999996
0.3258
0.2922
0.3034
0.28459999999999996
0.2667
0.3484
0.3774
0.2329
0.1966
0.21660000000000001
0.8567
1.255
3.9526
2.3572
1.3859
0.9403999999999999
0.4515
0.4274
0.3164
0.1693
0.07189999999999999
0.0479
0.0403
0.0131
0.0189
0.030699999999999998
0.0408
0.044700000000000004
0.1673
0.1079
0.2013
0.3923
0.9737
0.8585
0.4085
1.7564
2.0573
1.4564
2.1955999999999998
1.4582000000000002
0.1445
0.0765
0.0524
0.051000000000000004
0.059800000000000006
0.056400000000000006
0.054599999999999996
0.052199999999999996
0.0563
0.046200000000000005
0.045399999999999996
0.0493
0.0571
0.0784
0.07189999999999999
0.0587
0.055099999999999996
0.0779
0.14150000000000001
0.3569
0.0965
0.0438
0.052199999999999996
0.042300000000000004
0.043
0.054
0.3877
0.6499999999999999
0.5551999999999999
0.4226
0.31679999999999997
0.2527
0.2476
0.2382
0.6405
1.1222
0.5564
0.6344
0.5211
0.7392000000000001
0.6492
0.11410000000000001
0.0
0.507
4.1876999999999995
3.8182
1.3618
0.6041000000000001
0.48260000000000003
0.49219999999999997
0.5743
0.8734
0.6516
0.4114
0.3262
0.2811
0.2884
0.25170000000000003
0.3063
2.1675
0.7352000000000001
0.42400000000000004
0.5943
0.6880999999999999
3.4043
4.9952000000000005
5.1516
5.9361999999999995
0.1156
1.0256
0.5712999999999999
0.0
0.0804
0.9117000000000001
0.5431
0.1648
0.1134
0.1094
0.0884
0.13670000000000002
0.0995
0.1187
0.1616
0.1553
0.0686
0.09079999999999999
0.0408
0.0
0.0
0.0295
0.09820000000000001
0.0648
0.6774
4.1544
2.6837
0.1719
0.0917
0.0139
0.027700000000000002
0.0293
0.0144
0.0229
0.0174
0.019
0.0157
0.0221
0.019799999999999998
0.0111
0.0434
0.034100000000000005
0.025
0.051500000000000004
0.0354
0.0133
0.014799999999999999
0.0
0.8159000000000001
0.1814
0.1037
0.09620000000000001
0.1134
0.13140000000000002
0.1733
0.2318
0.2828
0.3124
0.355
0.40049999999999997
0.4497
0.5426
1.2057
0.8953
0.7609
1.0243
1.4825
1.9798
1.3951
1.0904
0.8243
1.0503
3.9526
2.3572
1.3859
0.9403999999999999
0.4515
0.4274
0.3164
0.1693
0.07189999999999999
0.0479
0.0403
0.0131
0.0189
0.030699999999999998
0.0408
0.044700000000000004
0.1673
0.1079
0.2013
0.3923
0.9737
0.8585
0.4085
1.7564
2.0573
1.4564
2.1955999999999998
1.4582000000000002
0.1445
0.0765
0.0524
0.051000000000000004
0.059800000000000006
0.056400000000000006
0.054599999999999996
0.052199999999999996
0.0563
0.046200000000000005
0.045399999999999996
0.0493
0.0571
0.0784
0.07189999999999999
0.0587
0.055099999999999996
0.0779
0.14150000000000001
0.3569
0.0965
0.0438
0.052199999999999996
0.042300000000000004
0.043
0.054
0.3877
0.6499999999999999
0.5551999999999999
0.4226
0.31679999999999997
0.2527
0.2476
0.2382
0.6405
1.1222
0.5564
0.6344
0.5211
0.7392000000000001
0.6492
0.11410000000000001
0.0
0.507
4.1876999999999995
3.8182
1.3618
0.6041000000000001
0.48260000000000003
0.49219999999999997
0.5743
0.8734
0.6516
0.4114
0.3262
0.2811
0.2884
0.25170000000000003
0.3063
2.1675
0.7352000000000001
0.42400000000000004
0.5943
0.6880999999999999
3.4043
4.9952000000000005
5.1516
5.9361999999999995
0.1156
1.0256
0.5712999999999999
0.0
0.0804
0.9117000000000001
0.5431
0.1648
0.1134
0.1094
0.0884
0.13670000000000002
0.0995
0.1187
0.1616
0.1553
0.0686
0.09079999999999999
0.0408
0.0
0.0
0.0295
0.09820000000000001
0.0648
0.6774
4.1544
2.6837
0.1719
0.0917
0.0139
0.027700000000000002
0.0293
0.0144
0.0229
0.0174
0.019
0.0157
0.0221
0.019799999999999998
0.0111
0.0434
0.034100000000000005
0.025
0.051500000000000004
0.0354
0.0133
0.014799999999999999
0.0
0.8159000000000001
0.1814
0.1037
0.09620000000000001
0.1134
0.13140000000000002
0.1733
0.2318
0.2828
0.3124
0.355
0.40049999999999997
0.4497
0.5426
1.2057
0.8953
0.7609
1.0243
1.4825
1.9798
1.3951
1.0904
0.8243
1.0503
3.9526
2.3572
1.3859
0.9403999999999999
0.4515
0.4274
0.3164
0.1693
0.07189999999999999
0.0479
0.0403
0.0131
0.0189
0.030699999999999998
0.0408
0.044700000000000004
0.1673
0.1079
0.2013
0.3923
0.9737
0.8585
0.4085
1.7564
2.0573
1.4564
2.1955999999999998
1.4582000000000002
0.1445
0.0765
0.0524
0.051000000000000004
0.059800000000000006
0.056400000000000006
0.054599999999999996
0.052199999999999996
0.0563
0.046200000000000005
0.045399999999999996
0.0493
0.0571
0.0784
0.07189999999999999
0.0587
0.055099999999999996
0.0779
0.14150000000000001
0.3569
0.0965
0.0438
0.052199999999999996
0.042300000000000004
0.043
0.054
0.3877
0.6499999999999999
0.5551999999999999
0.4226
0.31679999999999997
0.2527
0.2476
0.2382
0.6405
1.1222
0.5564
0.6344
0.5211
0.7392000000000001
0.6492
0.11410000000000001
0.0
0.507
4.1876999999999995
3.8182
1.3618
0.6041000000000001
0.48260000000000003
0.49219999999999997
0.5743
0.8734
0.6516
0.4114
0.3262
0.2811
0.2884
0.25170000000000003
0.3063
2.1675
0.7352000000000001
0.42400000000000004
0.5943
0.6880999999999999
3.4043
4.9952000000000005
5.1516
5.9361999999999995
0.1156
1.0256
0.5712999999999999
0.0
0.0804
0.9117000000000001
0.5431
0.1648
0.1134
0.1094
0.0884
0.13670000000000002
0.0995
0.1187
0.1616
0.1553
0.0686
0.09079999999999999
0.0408
0.0
0.0
0.0295
0.09820000000000001
0.0648
0.6774
4.1544
2.6837
0.1719
0.0917
0.0139
0.027700000000000002
0.0293
0.0144
0.0229
0.0174
0.019
0.0157
0.0221
0.019799999999999998
0.0111
0.0434
0.034100000000000005
0.025
0.051500000000000004
0.0354
0.0133
0.014799999999999999
0.0
0.8159000000000001
0.1814
0.1037
0.09620000000000001
0.1134
0.13140000000000002
0.1733
0.2318
0.2828
0.3124
0.355
0.40049999999999997
0.4497
0.5426
1.2057
0.8953
0.7609
1.0243
1.4825
1.9798
1.3951
1.0904
0.8243
1.0503
3.9526
2.3572
1.3859
0.9403999999999999
0.4515
0.4274
0.3164
0.1693
0.07189999999999999
0.0479
0.0403
0.0131
0.0189
0.030699999999999998
0.0408
0.044700000000000004
0.1673
0.1079
0.2013
0.3923
0.9737
0.8585
0.4085
1.7564
2.0573
1.4564
2.1955999999999998
1.4582000000000002
0.1445
0.0765
0.0524
0.051000000000000004
0.059800000000000006
0.056400000000000006
0.054599999999999996
0.052199999999999996
0.0563
0.046200000000000005
0.045399999999999996
0.0493
0.0571
0.0784
0.07189999999999999
0.0587
0.055099999999999996
0.0779
0.14150000000000001
0.3569
0.0965
0.0438
0.052199999999999996
0.042300000000000004
0.043
0.054
0.3877
0.6499999999999999
0.5551999999999999
0.4226
0.31679999999999997
0.2527
0.2476
0.2382
0.6405
1.1222
0.5564
0.6344
0.5211
0.7392000000000001
0.6492
0.11410000000000001
0.0
0.507
4.1876999999999995
3.8182
1.3618
0.6041000000000001
0.48260000000000003
0.49219999999999997
0.5743
0.8734
0.6516
0.4114
0.3262
0.2811
0.2884
0.25170000000000003
0.3063
2.1675
0.7352000000000001
0.42400000000000004
0.5943
0.6880999999999999
3.4043
4.9952000000000005
5.1516
5.9361999999999995
0.1156
1.0256
0.5712999999999999
0.0
0.0804
0.9117000000000001
0.5431
0.1648
0.1134
0.1094
0.0884
0.13670000000000002
0.0995
0.1187
0.1616
0.1553
0.0686
0.09079999999999999
0.0408
0.0
0.0
0.0295
0.09820000000000001
0.0648
0.6774
4.1544
2.6837
0.1719
0.0917
0.0139
0.027700000000000002
0.0293
0.0144
0.0229
0.0174
0.019
0.0157
0.0221
0.019799999999999998
0.0111
0.0434
0.034100000000000005
0.025
0.051500000000000004
0.0354
0.0133
0.014799999999999999
0.0
0.8159000000000001
0.1814
0.1037
0.09620000000000001
0.1134
0.13140000000000002
0.1733
0.2318
0.2828
0.3124
0.355
0.40049999999999997
0.4497
0.5426
1.2057
0.8953
0.7609
1.0243
1.4825
1.9798
1.3951
1.0904
0.8243
1.0503
3.9526
2.3572
1.3859
0.9403999999999999
0.4515
0.4274
0.3164
0.1693
0.07189999999999999
0.0479
0.0403
0.0131
0.0189
0.030699999999999998
0.0408
0.044700000000000004
0.1673
0.1079
0.2013
0.3923
0.9737
0.8585
0.4085
1.7564
2.0573
1.4564
2.1955999999999998
1.4582000000000002
0.1445
0.0765
0.0524
0.051000000000000004
0.059800000000000006
0.056400000000000006
0.054599999999999996
0.052199999999999996
0.0563
0.046200000000000005
0.045399999999999996
0.0493
0.0571
0.0784
0.07189999999999999
0.0587
0.055099999999999996
0.0779
0.14150000000000001
0.3569
0.2212
0.22920000000000001
0.2275
0.2222
0.2308
0.2752
0.132
0.0651
0.0315
0.0891
0.0689
0.0345
0.0349
0.0283
0.036
0.0308
0.023100000000000002
0.0305
0.0656
0.2385
0.2988
0.23520000000000002
0.2071
0.21489999999999998
0.8913
1.8687
3.2984
4.2108
3.354
0.0564
2.3528000000000002
0.11019999999999999
0.2238
0.2415
0.25680000000000003
0.2606
0.2685
0.2489
0.5049
0.8334
0.2978
1.6006
1.3565
0.0628
0.0025
0.0
0.0
0.0
0.833
5.8233999999999995
6.2873
5.7914
0.6522
0.32420000000000004
0.1767
0.11080000000000001
0.0738
0.0811
0.09040000000000001
0.07619999999999999
0.0688
0.06659999999999999
0.0804
0.0829
0.0958
0.0941
0.0979
0.08
0.0974
0.086
0.15589999999999998
0.2653
2.2781000000000002
2.1892
2.0415
0.8635999999999999
0.0884
0.101
0.0605
0.13390000000000002
0.20800000000000002
0.212
0.287
0.3348
0.0414
0.0343
0.0271
0.6381
0.1369
0.15589999999999998
0.1822
0.20950000000000002
0.44499999999999995
0.8634999999999999
1.492
3.2335000000000003
3.2217000000000002
0.17859999999999998
0.6229
0.0445
0.0631
0.0796
0.043699999999999996
0.0135
0.0069
0.0072
0.032799999999999996
0.0305
0.0271
0.011
0.0
0.0
0.6664
0.6145999999999999
0.02
0.0542
0.0814
0.0848
0.0589
0.11699999999999999
6.0142999999999995
1.8862
8.7602
11.3683
1.5753
2.2981
4.6917
3.5954999999999995
1.8613
1.1697
1.0903
1.1021999999999998
1.1223
1.1574
1.2151
1.7563
2.2424
1.6424
1.3847999999999998
1.0848
1.1480000000000001
1.1211
1.2827000000000002
1.8911
0.1759
0.3368
2.188
0.26139999999999997
0.2082
0.52
0.1518
0.0862
0.0753
0.07500000000000001
0.0766
0.060200000000000004
0.0723
0.0869
0.1624
0.1335
0.08349999999999999
0.07730000000000001
1.1518
0.33409999999999995
0.2248
0.1338
0.08360000000000001
0.08349999999999999
0.2212
0.22920000000000001
0.2275
0.2222
0.2308
0.2752
0.132
0.0651
0.0315
0.0891
0.0689
0.0345
0.0349
0.0283
0.036
0.0308
0.023100000000000002
0.0305
0.0656
0.2385
0.2988
0.23520000000000002
0.2071
0.21489999999999998
0.8913
1.8687
3.2984
4.2108
3.354
0.0564
2.3528000000000002
0.11019999999999999
0.2238
0.2415
0.25680000000000003
0.2606
0.2685
0.2489
0.5049
0.8334
0.2978
1.6006
1.3565
0.0628
0.0025
0.0
0.0
0.0
0.833
5.8233999999999995
6.2873
5.7914
0.6522
0.32420000000000004
0.1767
0.11080000000000001
0.0738
0.0811
0.09040000000000001
0.07619999999999999
0.0688
0.06659999999999999
0.0804
0.0829
0.0958
0.0941
0.0979
0.08
0.0974
0.086
0.15589999999999998
0.2653
2.2781000000000002
2.1892
2.0415
0.8635999999999999
0.0884
0.101
0.0605
0.13390000000000002
0.20800000000000002
0.212
0.287
0.3348
0.0414
0.0343
0.0271
0.6381
0.1369
0.15589999999999998
0.1822
0.20950000000000002
0.44499999999999995
0.8634999999999999
1.492
3.2335000000000003
3.2217000000000002
0.17859999999999998
0.6229
0.0445
0.0631
0.0796
0.043699999999999996
0.0135
0.0069
0.0072
0.032799999999999996
0.0305
0.0271
0.011
0.0
0.0
0.6664
0.6145999999999999
0.02
0.0542
0.0814
0.0848
0.0589
0.11699999999999999
6.0142999999999995
1.8862
8.7602
11.3683
1.5753
2.2981
4.6917
3.5954999999999995
1.8613
1.1697
1.0903
1.1021999999999998
1.1223
1.1574
1.2151
1.7563
2.2424
1.6424
1.3847999999999998
1.0848
1.1480000000000001
1.1211
1.2827000000000002
1.8911
0.1759
0.3368
2.188
0.26139999999999997
0.2082
0.52
0.1518
0.0862
0.0753
0.07500000000000001
0.0766
0.060200000000000004
0.0723
0.0869
0.1624
0.1335
0.08349999999999999
0.07730000000000001
1.1518
0.33409999999999995
0.2248
0.1338
0.08360000000000001
0.08349999999999999
0.2212
0.22920000000000001
0.2275
0.2222
0.2308
0.2752
0.132
0.0651
0.0315
0.0891
0.0689
0.0345
0.0349
0.0283
0.036
0.0308
0.023100000000000002
0.0305
0.0656
0.2385
0.2988
0.23520000000000002
0.2071
0.21489999999999998
0.8913
1.8687
3.2984
4.2108
3.354
0.0564
2.3528000000000002
0.11019999999999999
0.2238
0.2415
0.25680000000000003
0.2606
0.2685
0.2489
0.5049
0.8334
0.2978
1.6006
1.3565
0.0628
0.0025
0.0
0.0
0.0
0.833
5.8233999999999995
6.2873
5.7914
0.6522
0.32420000000000004
0.1767
0.11080000000000001
0.0738
0.0811
0.09040000000000001
0.07619999999999999
0.0688
0.06659999999999999
0.0804
0.0829
0.0958
0.0941
0.0979
0.08
0.0974
0.086
0.15589999999999998
0.2653
2.2781000000000002
2.1892
2.0415
0.8635999999999999
0.0884
0.101
0.0605
0.13390000000000002
0.20800000000000002
0.212
0.287
0.3348
0.0414
0.0343
0.0271
0.6381
0.1369
0.15589999999999998
0.1822
0.20950000000000002
0.44499999999999995
0.8634999999999999
1.492
3.2335000000000003
3.2217000000000002
0.17859999999999998
0.6229
0.0445
0.0631
0.0796
0.043699999999999996
0.0135
0.0069
0.0072
0.032799999999999996
0.0305
0.0271
0.011
0.0
0.0
0.6664
0.6145999999999999
0.02
0.0542
0.0814
0.0848
0.0589
0.11699999999999999
6.0142999999999995
1.8862
8.7602
11.3683
1.5753
2.2981
4.6917
3.5954999999999995
1.8613
1.1697
1.0903
1.1021999999999998
1.1223
1.1574
1.2151
1.7563
2.2424
1.6424
1.3847999999999998
1.0848
1.1480000000000001
1.1211
1.2827000000000002
1.8911
0.1759
0.3368
2.188
0.26139999999999997
0.2082
0.52
0.1518
0.0862
0.0753
0.07500000000000001
0.0766
0.060200000000000004
0.0723
0.0869
0.1624
0.1335
0.08349999999999999
0.07730000000000001
1.1518
0.33409999999999995
0.2248
0.1338
0.08360000000000001
0.08349999999999999
0.2212
0.22920000000000001
0.2275
0.2222
0.2308
0.2752
0.132
0.0651
0.0315
0.0891
0.0689
0.0345
0.0349
0.0283
0.036
0.0308
0.023100000000000002
0.0305
0.0656
0.2385
0.2988
0.23520000000000002
0.2071
0.21489999999999998
0.8913
1.8687
3.2984
4.2108
3.354
0.0564
2.3528000000000002
0.11019999999999999
0.2238
0.2415
0.25680000000000003
0.2606
0.2685
0.2489
0.5049
0.8334
0.2978
1.6006
1.3565
0.0628
0.0025
0.0
0.0
0.0
0.833
5.8233999999999995
6.2873
5.7914
0.6522
0.32420000000000004
0.1767
0.11080000000000001
0.0738
0.0811
0.09040000000000001
0.07619999999999999
0.0688
0.06659999999999999
0.0804
0.0829
0.0958
0.0941
0.0979
0.08
0.0974
0.086
0.15589999999999998
0.2653
2.2781000000000002
2.1892
2.0415
0.8635999999999999
0.0884
0.101
0.0605
0.13390000000000002
0.20800000000000002
0.212
0.287
0.3348
0.0414
0.0343
0.0271
0.6381
0.1369
0.15589999999999998
0.1822
0.20950000000000002
0.44499999999999995
0.8634999999999999
1.492
3.2335000000000003
3.2217000000000002
0.17859999999999998
0.6229
0.0445
0.0631
0.0796
0.043699999999999996
0.0135
0.0069
0.0072
0.032799999999999996
0.0305
0.0271
0.011
0.0
0.0
0.6664
0.6145999999999999
0.02
0.0542
0.0814
0.0848
0.0589
0.11699999999999999
6.0142999999999995
1.8862
8.7602
11.3683
1.5753
2.2981
4.6917
3.5954999999999995
1.8613
1.1697
1.0903
1.1021999999999998
1.1223
1.1574
1.2151
1.7563
2.2424
1.6424
1.3847999999999998
1.0848
1.1480000000000001
1.1211
1.2827000000000002
1.8911
0.1759
0.3368
2.188
0.26139999999999997
0.2082
0.52
0.1518
0.0862
0.0753
0.07500000000000001
0.0766
0.060200000000000004
0.0723
0.0869
0.1624
0.1335
0.08349999999999999
0.07730000000000001
1.1518
0.33409999999999995
0.2248
0.1338
0.08360000000000001
0.08349999999999999
0.2212
0.22920000000000001
0.2275
0.2222
0.2308
0.2752
0.132
0.0651
0.0315
0.0891
0.0689
0.0345
0.0349
0.0283
0.036
0.0308
0.023100000000000002
0.0305
0.0656
0.2385
0.2988
0.23520000000000002
0.2071
0.21489999999999998
0.8913
1.8687
3.2984
4.2108
3.354
0.0564
2.3528000000000002
0.11019999999999999
0.2238
0.2415
0.25680000000000003
0.2606
0.2685
0.2489
0.5049
0.8334
0.2978
1.6006
1.3565
0.0628
0.0025
0.0
0.0
0.0
0.833
5.8233999999999995
6.2873
5.7914
0.6522
0.32420000000000004
0.1767
0.11080000000000001
0.0738
0.0811
0.09040000000000001
0.07619999999999999
0.0688
0.06659999999999999
0.0804
0.0829
0.0958
0.0941
0.0979
0.08
0.0974
0.086
0.15589999999999998
0.2653
