0.1552
0.1396
0.13169999999999998
0.1255
0.1189
0.119
0.1194
0.12229999999999999
0.1481
0.17830000000000001
0.20779999999999998
0.33740000000000003
0.2062
0.2714
0.2122
0.1648
0.1627
0.18819999999999998
0.21860000000000002
0.2435
0.3458
0.2962
0.20929999999999999
0.17909999999999998
0.2469
0.1921
0.1543
0.1487
0.13890000000000002
0.14100000000000001
0.1571
0.1848
0.8039000000000001
0.38739999999999997
1.069
0.302
0.2376
0.23570000000000002
0.2573
0.26849999999999996
0.2873
0.3661
0.2816
0.3123
0.357
0.4234
0.3921
0.2702
0.0053
0.0
0.0
0.0191
0.0
0.0
0.0
0.0
1.0657999999999999
0.1747
2.3512
1.6202999999999999
0.06470000000000001
0.1127
1.9026
0.0954
0.0
0.1121
0.0924
0.0
0.0
0.9763
1.0879
0.12279999999999999
0.5536
0.36819999999999997
0.32130000000000003
0.2835
0.22810000000000002
0.2316
0.2361
0.2552
0.2517
0.3052
0.33
0.3708
0.4309
1.3666
0.4357
0.5895
2.63
0.6161
0.9046000000000001
0.4668
0.3604
0.3201
0.35619999999999996
0.7334
0.0797
0.0746
0.0747
0.0769
0.07189999999999999
0.0794
0.0958
0.1385
0.33340000000000003
0.6760999999999999
0.21610000000000001
0.2182
0.6044
0.3583
1.1983000000000001
0.4908
0.2041
0.2672
0.367
0.2532
0.25379999999999997
0.2197
0.1688
0.1127
0.3637
0.29410000000000003
0.2663
0.2717
0.2947
0.2952
0.35760000000000003
0.9298000000000001
1.5849
0.3055
0.0948
0.0661
0.0635
0.0426
0.0445
0.0832
0.1393
0.5931
0.33030000000000004
0.695
0.5363
0.4898
0.3578
0.2655
0.011800000000000001
0.013600000000000001
0.0148
0.015
0.0187
0.0201
0.0465
0.3107
0.2787
0.0387
0.020900000000000002
0.0473
0.28509999999999996
0.0688
0.0557
0.041999999999999996
0.0563
0.1086
0.2355
0.32999999999999996
0.1597
0.0522
0.0109
0.0063
0.0879
0.07669999999999999
0.0802
0.0822
0.08529999999999999
0.0911
0.0921
0.07680000000000001
0.07089999999999999
0.0869
0.0739
0.053
0.04
0.0644
0.19340000000000002
0.4406
0.25029999999999997
0.8059999999999999
1.1601
0.5402
0.2112
0.31379999999999997
0.2293
0.1248
0.0461
0.0298
0.0223
0.0251
0.0277
0.029699999999999997
0.0407
0.0732
0.1184
0.23099999999999998
0.1871
0.16870000000000002
0.4146
0.7248000000000001
0.1344
0.12
0.1605
0.2592
0.7802
0.43679999999999997
0.3208
0.3768
0.3389
0.1427
0.0318
0.04
0.0262
0.0269
0.0251
0.0335
0.055499999999999994
0.0623
0.5187
0.5272
0.6083
0.6426
0.30169999999999997
0.1623
0.49770000000000003
1.0594999999999999
0.18259999999999998
0.2124
0.3419
1.3915000000000002
0.5853999999999999
0.5840000000000001
0.3915
0.1428
0.1754
0.5025999999999999
0.3594
0.2644
0.1247
0.08
0.0704
0.077
0.1748
0.6599999999999999
0.1141
0.05499999999999999
0.1977
0.306
0.0
0.0
0.0
0.0847
0.7994
0.36019999999999996
1.0633
0.8843000000000001
0.4173
0.162
0.0
0.0
0.0
0.0
0.0
0.0
0.3943
0.2908
0.0
0.0
0.0023
0.0
0.0
0.0
0.7636
0.0
0.0
0.25980000000000003
0.0
0.0
0.0
0.0381
0.0
0.0
0.0752
0.0704
0.0701
0.0682
0.09889999999999999
0.1877
0.664
0.1764
0.1432
0.2525
0.3443
0.32899999999999996
0.0568
0.0412
0.0456
0.078
0.0916
0.6386000000000001
0.4923
0.0577
0.0257
0.0157
0.0429
0.0464
0.13319999999999999
0.121
0.089
0.0507
0.0686
0.0611
0.0833
0.0589
1.9346
1.0056
0.2379
0.2835
0.1483
0.0908
0.0534
0.054000000000000006
0.0326
0.1245
0.784
0.13069999999999998
0.546
0.6324
0.5187999999999999
0.249
0.0921
0.0838
0.0795
0.0798
0.0816
0.0912
0.1137
0.1068
0.0914
0.10089999999999999
0.08779999999999999
0.0695
0.076
0.0881
0.0997
0.1506
0.21439999999999998
0.1764
0.2173
0.2566
0.2026
0.2346
0.217
0.1346
0.30379999999999996
0.2185
0.20779999999999998
0.18109999999999998
0.1659
0.1688
0.1617
0.1835
0.18009999999999998
0.2098
0.2278
0.2197
0.20329999999999998
0.2686
0.2826
1.7239
0.5065999999999999
1.2059
3.189
0.9878
0.358
0.38280000000000003
0.5042
1.0459
0.0
0.0
0.0
0.0
0.0
0.005
0.0807
0.0662
0.0184
0.11549999999999999
0.0459
0.0
0.0
0.0
0.0104
0.021
0.3965
1.2675
0.2051
0.1966
0.15139999999999998
0.3578
0.0837
0.0
0.7133
0.7244
0.2859
0.3141
0.30989999999999995
0.4234
0.8382000000000001
0.6031
0.2887
0.6565000000000001
0.3527
0.0504
0.095
0.101
0.12410000000000002
0.1684
0.2862
0.2852
1.6743
0.6818000000000001
0.2452
0.3663
0.5394
0.2832
0.0944
0.0916
0.0889
0.0848
0.0759
0.0646
0.0568
0.061200000000000004
0.0824
0.0812
0.0639
0.0487
0.0386
0.0592
0.0809
0.0818
0.0916
0.1138
0.10189999999999999
0.08929999999999999
0.0937
0.10769999999999999
0.0983
0.0891
0.1311
0.11929999999999999
0.1117
0.10619999999999999
0.1086
0.1112
0.1276
0.1753
0.19829999999999998
0.35819999999999996
0.2036
0.1608
0.7485
0.9101
0.23220000000000002
0.2419
0.7162999999999999
0.7021999999999999
0.247
0.2256
0.21000000000000002
0.2036
0.1978
0.1666
0.0859
0.0749
0.06459999999999999
0.06319999999999999
0.0649
0.0586
0.0627
0.0691
0.0962
0.284
0.1773
0.0776
0.0453
0.0539
0.0426
0.0548
0.1091
0.0733
0.9516
0.6926000000000001
0.2011
0.3862
0.5116
0.16999999999999998
0.0511
0.0536
0.0525
0.0529
0.0668
0.21100000000000002
0.1965
0.13490000000000002
0.12029999999999999
0.1036
0.07239999999999999
0.054400000000000004
0.08940000000000001
0.1329
0.16870000000000002
0.19290000000000002
0.7599
0.2887
0.1361
0.20729999999999998
0.1986
0.1668
0.0907
0.054
0.18159999999999998
0.1637
0.1516
0.14300000000000002
0.1354
0.1386
0.1482
0.1644
0.183
0.2245
0.2509
0.1997
0.21910000000000002
0.3231
0.4605
0.274
0.3254
0.3795
0.2762
0.33140000000000003
0.28190000000000004
0.269
0.2354
0.1971
0.1056
0.0838
0.07350000000000001
0.0682
0.0648
0.0686
0.07730000000000001
0.0742
0.0631
0.0753
0.09659999999999999
0.0693
0.0906
0.535
0.24659999999999999
0.1691
0.1512
0.2026
0.17470000000000002
0.3677
0.7023999999999999
0.2293
0.14250000000000002
0.11499999999999999
0.0629
0.0668
0.06609999999999999
0.0651
0.0581
0.0783
0.1026
0.5984
0.7288
0.8353999999999999
0.3375
0.2056
0.2418
0.1735
0.15089999999999998
0.18080000000000002
0.2511
0.2183
0.30920000000000003
0.2405
0.1781
0.12739999999999999
0.1004
0.0749
0.0012
0.0
0.0060999999999999995
0.0023
0.0338
0.7367
0.8302
0.0
0.0
0.0
0.0
0.0
0.0
0.0
0.0
0.0
0.0
0.1831
1.2043
1.064
2.3278
1.8883999999999999
0.7471
0.06939999999999999
0.55
0.4552
0.4773
0.4526
0.41459999999999997
0.4203
0.4081
0.4037
0.4226
0.7471000000000001
0.5089
2.0195
1.1742
0.7185999999999999
1.4056000000000002
2.4403
0.571
0.6464000000000001
0.9571999999999999
0.8237
0.7625
0.736
0.7492
0.6732
0.3347
0.0336
0.0
0.0
0.0
0.0017
0.0037
0.024399999999999998
0.0368
0.0536
0.19990000000000002
0.111
0.0517
0.7807999999999999
0.0
0.0
0.0044
0.1266
0.6051
0.6478
0.2809
0.36619999999999997
0.5884
0.18469999999999998
0.0
0.0
0.0
0.0
0.0
0.0
0.0
0.0
0.0
0.0
0.0
0.0
0.0
1.2716
0.8983
2.5968
0.1408
0.0223
0.4358
1.1089
1.0174
0.8846
0.32420000000000004
0.0225
0.5782
0.4927
0.3976
0.2377
0.1986
0.1827
0.1922
0.19390000000000002
0.174
0.173
0.18780000000000002
0.191
0.2108
1.1267
0.371
0.3673
0.46420000000000006
1.8474
1.1713
0.7268
0.5202
0.4588
0.4665
0.5326
0.11249999999999999
0.1021
0.0936
0.0923
0.0875
0.09390000000000001
0.0931
0.1724
0.3121
0.7939
0.2201
0.0741
0.0812
0.089
0.10719999999999999
0.1553
0.24430000000000002
0.19840000000000002
0.3772
0.5618000000000001
0.31120000000000003
0.37460000000000004
0.24180000000000001
0.1572
0.9662
1.151
1.0396
1.6291
1.6623
1.4066
1.0138
0.6711
0.23020000000000002
0.1121
0.0756
0.0949
0.1427
0.1238
0.10439999999999999
0.1297
0.3322
2.2786999999999997
1.2687
2.7885
1.7184
0.9501
0.5404
0.4144
0.0404
0.0021
0.0507
0.4367
0.35660000000000003
0.0078
0.0
0.0
0.0
0.0
0.0
0.0
0.0
0.0042
0.0014
0.1236
0.0
0.1278
1.1263
1.1585999999999999
1.1728
0.10120000000000001
0.1315
0.287
0.0576
0.0509
0.043300000000000005
0.0407
0.0318
0.0284
0.0276
0.018
0.2463
0.0292
0.034300000000000004
0.0243
0.012900000000000002
0.016
0.0238
0.0469
0.026500000000000003
0.0
0.0
0.0
0.0
0.0
0.0169
0.0279
0.0359
0.039099999999999996
0.0299
0.0296
0.0232
0.0372
0.020499999999999997
0.0325
0.1439
0.35350000000000004
0.4643
1.2168999999999999
0.5723
0.377
0.8749
0.4915
0.3376
0.5668
0.6884
0.5678
0.7374
1.4287
0.9018999999999999
0.0321
0.10200000000000001
0.09240000000000001
0.0911
0.0998
0.12179999999999999
0.2
0.1026
0.0781
0.0805
0.0997
0.09670000000000001
0.057499999999999996
0.0634
0.0641
0.0389
0.029
0.0303
0.0567
0.036000000000000004
0.0776
0.0987
0.1212
0.10750000000000001
0.088
0.0287
0.033
0.033299999999999996
0.032100000000000004
0.0212
0.027
0.0206
0.5151
0.6975
1.5876
0.6578999999999999
0.8923000000000001
1.4119
0.4766
0.3287
0.2976
0.2811
0.357
0.5224
0.6766
0.321
0.187
0.0724
0.0392
0.11180000000000001
0.05449999999999999
0.05109999999999999
0.0411
0.0499
0.0466
0.0358
0.1076
0.2099
0.8271
0.2376
0.5959
0.0997
0.0
0.0
0.0
0.0
0.8331
0.1995
0.1333
0.19190000000000002
0.1441
0.0996
0.0819
0.07730000000000001
0.07469999999999999
0.0678
0.06889999999999999
0.0688
0.0944
0.17859999999999998
0.1569
0.12359999999999999
0.22060000000000002
0.1153
0.12340000000000001
0.18530000000000002
0.14550000000000002
0.1582
0.354
0.3058
0.1244
0.9518
0.43820000000000003
0.5783
0.23270000000000002
0.1335
0.0858
0.0439
0.039999999999999994
0.0132
0.055099999999999996
0.023
0.017599999999999998
0.0417
0.1711
0.2135
0.7941
0.5227
0.2054
0.23349999999999999
0.0042
0.012
0.0347
1.0933000000000002
0.5923
0.4755
0.7053
2.0802
0.935
0.0224
0.0387
0.0693
0.0437
0.0284
0.0238
0.020999999999999998
0.0184
0.019799999999999998
0.0392
0.1093
0.1084
0.24459999999999998
0.13540000000000002
0.0631
0.0253
0.004
0.0
0.0077
0.0763
0.121
0.0869
0.1127
0.1221
0.10289999999999999
0.0648
0.1477
0.11080000000000001
0.1144
0.11449999999999999
0.11950000000000001
0.11860000000000001
0.1562
0.4456
1.5531
0.8469
1.0156
1.2585000000000002
0.8061
0.639
0.4722
1.5168000000000001
1.5973
2.2127
1.1388
0.8448
0.9491
1.1181
0.7705
0.3033
0.1164
0.1054
0.1053
0.1154
0.1127
0.1091
0.0939
0.0833
0.0621
0.0616
0.037500000000000006
0.0354
0.0412
0.0371
0.034
0.049100000000000005
0.0798
0.14629999999999999
0.06459999999999999
0.042
0.0336
0.0514
0.0875
0.0937
0.019799999999999998
0.013000000000000001
0.0187
0.0359
0.0325
0.0004
0.0
0.0
0.0
0.0
0.0
0.0
0.0
0.0653
0.0
0.0
0.0
0.0
0.0032
0.0207
0.0502
0.0395
0.025
0.020200000000000003
0.09079999999999999
0.0859
0.0837
0.0856
0.088
0.0938
0.137
0.2748
0.1345
0.22160000000000002
0.0828
0.08460000000000001
0.0592
0.0591
0.0528
0.0722
0.0648
0.0201
0.0123
0.0
0.0
0.001
0.027800000000000002
0.0428
0.12390000000000001
0.12090000000000001
0.1162
0.1169
0.1372
0.1562
0.1834
0.226
0.2409
0.1738
0.11979999999999999
0.1295
0.6632
0.38139999999999996
0.1933
0.1599
0.9146
0.5428
0.3236
0.368
0.3142
0.1921
0.1281
0.1095
0.0
0.0
0.0
0.0
0.0
0.0
0.0088
0.0836
0.4762
0.0407
0.0101
0.0
0.006
0.0238
0.0342
0.37
0.49420000000000003
0.3329
0.1025
0.6843
0.4463
0.0104
0.0
0.0
0.0473
0.032799999999999996
0.032799999999999996
0.030199999999999998
0.025500000000000002
0.0329
0.2364
0.5568
0.0548
0.19870000000000002
0.0053
0.0228
0.0069
0.0
0.0
0.0
0.1009
0.1919
0.1254
0.0427
0.093
0.1295
0.1134
0.0724
0.38170000000000004
0.403
0.394
0.3553
0.3208
0.29200000000000004
0.25339999999999996
0.22260000000000002
0.495
1.9013
0.742
0.2106
0.15510000000000002
0.2034
1.0271
0.7395
0.3537
0.389
0.4373
0.43820000000000003
0.4412
0.4949
0.4508
0.39070000000000005
0.0954
0.2495
0.129
0.0812
0.062299999999999994
0.1006
0.1521
0.4133
0.5223
0.0929
0.4088
0.20679999999999998
0.2778
0.1552
0.1201
0.10769999999999999
0.1105
0.1267
1.3237
0.3819
0.1359
0.0694
0.047299999999999995
0.0464
0.2168
0.21760000000000002
0.2203
0.2126
0.19490000000000002
0.1785
0.1681
0.18730000000000002
0.1965
0.16949999999999998
0.13790000000000002
0.12
0.1197
0.1335
0.1526
0.1784
0.2134
0.25129999999999997
0.222
0.2441
0.1993
0.2005
0.19119999999999998
0.183
0.09809999999999999
0.06129999999999999
0.0565
0.0571
0.0505
0.050600000000000006
0.061
0.1225
0.16399999999999998
0.2862
0.3454
0.1439
2.5702
1.6320000000000001
0.3981
0.3738
3.1255
1.6575000000000002
0.7627999999999999
0.6224000000000001
0.4949
0.41500000000000004
0.2543
0.12090000000000001
0.0392
0.0304
0.0366
0.0313
0.0315
0.036699999999999997
0.038599999999999995
0.040400000000000005
0.079
0.060899999999999996
0.0258
0.0055000000000000005
0.023899999999999998
0.0166
0.463
0.6047
0.9360999999999999
0.4532
0.15760000000000002
0.2976
0.6055
0.5493
0.1624
0.0655
0.2995
0.21760000000000002
0.2288
0.2202
0.1812
0.1629
0.1604
0.16349999999999998
0.187
0.33940000000000003
0.646
0.7342000000000001
0.47509999999999997
0.8477
1.8790999999999998
0.6463
0.2155
0.238
0.8949
1.2457
0.35819999999999996
0.45089999999999997
0.47709999999999997
0.3883
0.2351
0.2822
0.3359
0.31820000000000004
0.30169999999999997
0.28600000000000003
0.32989999999999997
0.3536
0.38470000000000004
0.1789
0.0902
0.048100000000000004
0.0887
0.12440000000000001
0.1527
0.4769
0.9232
0.405
1.6542
1.444
0.7189000000000001
1.0996
0.10800000000000001
0.1148
0.1076
0.0808
0.09809999999999999
0.09709999999999999
0.0829
0.0832
0.1017
0.1001
0.09490000000000001
0.1103
0.0955
0.0651
0.1086
0.9523
0.5073
1.4897
2.0486
1.4533
0.3961
0.6568999999999999
1.1452
0.2293
0.1632
0.1263
0.2892
0.47659999999999997
0.2126
0.14989999999999998
0.1104
0.1059
0.11460000000000001
0.1382
0.19490000000000002
1.1583
1.0592000000000001
1.0341
0.7573000000000001
0.3406
0.5276000000000001
0.2597
0.22820000000000001
0.2187
0.2995
0.3899
0.371
0.42090000000000005
0.6267
0.4006
0.5399
0.5313
0.29610000000000003
0.2751
0.3508
0.17930000000000001
0.0994
0.0662
0.0886
2.2023
0.99
0.3833
0.1787
0.0
0.0
0.0
0.0
0.0
0.6185
0.8582000000000001
0.4242
0.14129999999999998
0.0744
0.1054
0.1459
0.1753
0.0864
0.0458
0.0296
0.0314
0.035199999999999995
0.036000000000000004
0.028200000000000003
0.0633
0.1668
0.1968
0.3252
0.1287
0.15789999999999998
0.1154
0.034100000000000005
0.0166
0.1445
0.3375
0.314
0.2714
0.3376
0.6961999999999999
0.0958
0.08410000000000001
0.0788
0.0805
0.07919999999999999
0.08299999999999999
0.1282
0.2507
0.1938
0.15039999999999998
0.13090000000000002
0.1143
0.12890000000000001
0.14129999999999998
0.2384
0.3669
0.5958
0.9988
0.5194
0.7539
0.7282
0.39590000000000003
0.23320000000000002
0.1422
0.096
0.07500000000000001
0.0668
0.064
0.0618
0.0713
0.07869999999999999
0.0807
0.0616
0.0811
0.1057
0.4877
0.2892
0.12190000000000001
0.11180000000000001
0.1383
0.14629999999999999
0.10189999999999999
0.1033
0.1572
0.2324
0.2538
0.3177
0.282
0.2238
0.1904
0.2395
0.5499999999999999
2.5728999999999997
2.7414
2.6062000000000003
1.3834
0.9939
2.1106
0.8634999999999999
0.3957
0.5075
1.4594
2.5019
1.8025
0.6120000000000001
0.6343
0.5014
0.31910000000000005
0.2565
0.169
0.15289999999999998
0.1467
0.0
0.0
0.0
0.0
0.0
0.0
0.0
0.7061
0.6824
0.2021
0.2366
0.0459
0.2105
0.1341
0.0569
0.0
0.0
0.1331
0.9136
0.3528
0.2153
0.007
0.0
0.0
0.113
0.09770000000000001
0.0993
0.0905
0.0881
0.09440000000000001
0.1117
0.1321
0.1698
0.3025
0.5909
0.655
0.2649
0.6219
0.8125
0.7925
0.45110000000000006
0.2096
0.14679999999999999
0.1607
0.1516
0.1578
0.15610000000000002
0.1285
0.1243
0.1098
0.1212
0.1026
0.0983
0.1128
0.1326
0.2022
0.36360000000000003
1.3488
2.4444
3.138
2.1329000000000002
1.1851
0.6654
0.9380000000000001
1.4423
1.2098
2.6010999999999997
1.4979
0.9171
0.7896000000000001
0.4749
0.3032
0.12159999999999999
0.1153
0.1183
0.1172
0.11449999999999999
0.11030000000000001
0.1179
0.1199
0.12519999999999998
0.13319999999999999
0.1149
0.1346
0.1429
0.2056
0.2303
0.2131
0.17270000000000002
0.1588
0.767
0.7810999999999999
0.2698
0.1745
0.1136
0.1162
0.007899999999999999
0.0097
0.0056
0.0102
0.0034000000000000002
0.0036
0.007899999999999999
0.5725
0.4879
0.48979999999999996
0.1426
0.0553
0.066
0.0494
0.045200000000000004
0.032100000000000004
0.022600000000000002
0.0513
0.11330000000000001
0.38120000000000004
0.2343
0.1073
0.045899999999999996
0.0194
0.0587
0.0446
0.035
0.0374
0.0361
0.0362
0.0416
0.09670000000000001
0.1933
0.1198
0.2294
0.2076
0.1515
0.0867
0.059399999999999994
0.0523
0.0636
0.5203
0.16049999999999998
0.2224
0.30800000000000005
0.3425
0.2974
0.1253
0.07120000000000001
0.07
0.0706
0.08460000000000001
0.1644
0.2072
0.2001
0.1875
0.1528
0.07189999999999999
0.0635
0.1377
0.5271
0.2884
0.196
0.3357
0.5783
0.2475
1.0638
0.2992
0.1462
0.0649
0.051500000000000004
0.0572
0.2456
0.2137
0.2044
0.19490000000000002
0.195
0.1894
0.2072
0.2185
0.2318
1.1938
0.22149999999999997
0.2419
0.325
0.7893
0.33999999999999997
0.8942000000000001
0.48029999999999995
0.3819
1.2699
0.7622
1.1663000000000001
1.7786
0.8105
0.2644
0.15339999999999998
0.1338
0.12179999999999999
0.1202
0.1164
0.1184
0.1361
0.1744
0.2586
0.3422
0.33299999999999996
0.43079999999999996
0.493
0.42889999999999995
0.42369999999999997
0.3169
0.4805
0.9067000000000001
0.5189
1.042
1.0442
0.6477999999999999
0.3964
0.2471
0.0205
0.0186
0.015099999999999999
0.011000000000000001
0.0092
0.006
0.0062
0.0279
0.3028
0.6172
0.3922
0.3332
0.33440000000000003
0.2806
0.44389999999999996
0.3459
0.7343
0.7581
0.3588
0.4165
0.2912
0.1633
0.0659
0.026500000000000003
0.06459999999999999
0.0496
0.0486
0.0476
0.0574
0.0594
0.038400000000000004
0.0315
0.008
0.1065
0.10719999999999999
0.0183
0.3335
0.10119999999999998
0.0279
0.1333
0.704
0.0246
0.0315
0.0116
0.0
0.0129
0.0658
0.0739
0.0
0.0
0.0
0.0
0.0
0.0
0.0
0.0273
0.28959999999999997
0.5529
0.1449
0.18889999999999998
0.2591
0.0683
0.1035
0.1549
0.121
0.1771
1.1551
0.1524
0.0825
0.0611
0.026099999999999998
0.0063999999999999994
0.2507
0.2099
0.20329999999999998
0.2101
0.2105
0.2164
0.2272
0.5219
0.5968
0.2179
0.1427
0.1199
0.1086
0.1091
0.0917
0.1078
0.1526
0.4429
0.6307
0.2471
0.2616
0.28259999999999996
0.4118
0.3912
0.124
0.174
0.135
0.2806
0.6896
1.3075999999999999
0.855
0.6405000000000001
1.5463
2.7249
1.2635999999999998
1.8096
2.7057
0.8113
0.3658
0.252
0.5535
3.3455000000000004
0.1594
0.0
0.0
0.0
0.0
0.0
0.0834
0.07300000000000001
0.0681
0.07039999999999999
0.061799999999999994
0.066
0.0845
0.07300000000000001
0.6662
0.17220000000000002
0.1413
0.1152
0.129
0.11249999999999999
0.0921
0.10600000000000001
0.088
1.0771
0.546
0.5154000000000001
0.2368
0.2127
0.1633
0.1122
0.1073
0.0968
0.08660000000000001
0.09889999999999999
0.10869999999999999
0.4196
0.7230000000000001
0.1883
0.11779999999999999
0.2156
0.1512
0.1056
0.1011
0.1066
0.1354
0.1437
0.1169
0.41459999999999997
0.3256
0.1702
0.1125
0.12890000000000001
0.1294
0.11130000000000001
0.0669
0.0634
0.0582
0.0529
0.0484
0.0527
0.2634
0.39890000000000003
0.07769999999999999
0.5417
0.1177
0.07869999999999999
0.0857
0.07450000000000001
0.07919999999999999
0.2482
0.5993
0.18009999999999998
0.5879
0.4139
0.2791
0.29900000000000004
0.2054
0.1084
0.4338
0.2943
0.1543
0.12519999999999998
0.1153
0.1239
0.14200000000000002
0.1527
0.5403
0.39959999999999996
0.24180000000000001
0.3581
0.3909
0.21389999999999998
0.9307
0.2846
0.2132
0.5715
0.16599999999999998
0.0984
0.09970000000000001
0.1046
0.13929999999999998
0.1689
0.15789999999999998
0.1704
0.15710000000000002
0.1542
0.15139999999999998
0.13579999999999998
0.1901
0.3006
2.221
0.0501
0.0
0.0
0.0
0.0007
0.0064
0.0387
0.3326
2.3362000000000003
0.7879999999999999
0.47109999999999996
0.5098
0.49770000000000003
0.474
0.24159999999999998
0.0817
0.0744
0.0775
0.0738
0.0745
0.0865
0.1057
0.12359999999999999
0.1739
0.6473
0.2942
0.17459999999999998
0.1612
0.2032
0.2231
0.8662
0.1309
0.1759
0.11099999999999999
0.1355
0.1763
0.16970000000000002
0.1323
0.0935
0.0701
0.07289999999999999
0.08199999999999999
0.139
0.1509
0.07050000000000001
0.1041
0.1098
0.1142
0.2286
0.1371
0.0694
0.003
1.0723
0.0215
0.0445
0.0805
0.7179
0.287
0.8418999999999999
0.3026
0.6062
0.2323
0.131
0.07200000000000001
0.0881
0.09179999999999999
0.0905
0.1006
0.1234
0.1654
0.2146
0.36970000000000003
0.5495
0.2381
0.7208
0.057100000000000005
0.0926
0.0909
0.11410000000000001
0.3003
0.1776
0.1346
0.0812
0.0262
0.0025
0.0094
0.016
0.1495
0.1243
0.1155
0.1043
0.101
0.1031
0.11929999999999999
0.1613
0.2487
0.5481
0.7213
1.7186
0.4536
0.3456
0.3985
0.3771
0.6201
1.3995
0.8852
0.8054
0.6274
0.7895
1.6930999999999998
0.498
0.08879999999999999
0.07680000000000001
0.0746
0.074
0.0858
0.0827
0.12
0.15610000000000002
0.2265
0.6331
1.1935
0.5321
1.1497000000000002
0.2298
0.1864
0.22199999999999998
0.6027
0.4196
0.5157
0.5745
0.5497000000000001
0.36160000000000003
0.2097
0.134
0.2434
0.2326
0.1966
0.2256
0.3687
1.3083
0.2897
0.1886
0.2634
0.612
0.8651
0.2864
0.6859999999999999
1.0108000000000001
0.9179999999999999
0.2627
0.16299999999999998
0.1528
0.20550000000000002
0.2036
0.26
0.3921
0.4793
0.3264
0.1734
0.0901
0.086
0.0829
0.0763
0.0653
0.06559999999999999
0.0657
0.07819999999999999
0.1182
1.0365
1.5334
0.5108
0.982
0.9635
0.5378000000000001
0.3144
0.9076
0.26749999999999996
0.2606
0.2449
0.2341
0.24659999999999999
0.1982
0.0754
0.0558
0.0431
0.0432
0.0393
0.0337
0.0354
0.0349
0.035500000000000004
0.3129
0.09659999999999999
0.261
0.31820000000000004
0.2898
0.1971
0.1711
0.1003
0.0811
0.1412
0.2855
0.6803
0.4666
0.5074
0.2445
0.0968
0.09459999999999999
0.0817
0.0809
0.08460000000000001
0.0938
0.1252
0.5058
0.4799
0.1807
0.1224
0.566
0.2017
0.1487
0.1258
0.1378
0.3773
0.6688000000000001
0.6192
0.3469
0.6599
0.2354
0.1471
0.1005
0.0774
0.0659
0.0696
0.0664
0.062
0.064
0.0579
0.21739999999999998
0.9402
0.9639
1.4647000000000001
0.5486
0.11
0.13590000000000002
0.16970000000000002
0.5579
2.7984999999999998
1.0911
0.3499
0.3671
0.34609999999999996
0.28600000000000003
0.1758
0.1069
0.11660000000000001
0.10239999999999999
0.0933
0.089
0.0843
0.08910000000000001
0.09259999999999999
0.1058
0.38830000000000003
0.3398
0.3711
0.4803
0.2977
0.175
0.19440000000000002
0.2021
0.2017
0.7710999999999999
0.2256
0.2366
0.2227
0.2129
0.1794
0.13679999999999998
0.1982
0.2006
0.1679
0.1671
0.1721
0.21589999999999998
0.22010000000000002
0.2031
0.2069
0.28859999999999997
0.3599
0.163
0.1927
0.1866
0.1472
0.1286
0.1379
0.5955
0.47959999999999997
0.2499
0.3211
0.5331
0.33099999999999996
0.2032
0.0478
0.0308
0.0342
0.029400000000000003
0.0623
0.0565
0.0319
1.0961
0.6677
1.1519
0.7087
0.0943
0.172
0.21450000000000002
0.977
0.0859
0.0861
0.2676
1.8132
0.23809999999999998
0.17049999999999998
0.1511
0.12140000000000001
0.07730000000000001
0.044700000000000004
0.0373
0.033299999999999996
0.0411
0.0369
0.1169
0.1898
0.0766
0.0417
0.06609999999999999
0.0595
0.0567
0.1051
0.0669
0.0672
0.6645000000000001
1.2308999999999999
0.9653
0.5781000000000001
0.27859999999999996
0.7643
0.1849
0.1064
0.05789999999999999
0.1786
0.16010000000000002
0.15
0.1406
0.131
0.13590000000000002
0.1356
0.1398
0.1646
0.3294
0.45899999999999996
1.1197
0.1588
0.2485
0.5126
0.3661
0.33199999999999996
0.31820000000000004
0.3303
0.2683
0.2069
0.2037
0.20900000000000002
0.1955
0.0613
0.0591
0.0683
0.0649
0.0626
0.0809
0.11430000000000001
0.13419999999999999
0.1184
0.0987
0.1416
0.1324
0.24120000000000003
0.3025
0.3553
0.6385000000000001
0.20839999999999997
0.1225
0.197
0.5755
0.061
0.030699999999999998
0.0291
0.044
0.0123
0.0
0.0025
0.0
0.0008
0.0016
0.003
0.0
0.29000000000000004
0.7269000000000001
0.0956
0.0349
0.0
0.0077
0.0427
0.0324
0.5836
0.2136
0.6532
0.36660000000000004
0.28890000000000005
0.2833
0.37929999999999997
0.094
0.1694
0.1479
0.1351
0.1312
0.132
0.1363
0.1563
0.1855
0.1946
0.2016
0.2103
0.22010000000000002
0.696
0.32699999999999996
0.2762
0.3327
0.852
0.927
0.9984999999999999
0.5867
0.4073
0.37829999999999997
0.3154
0.2389
0.1439
0.1277
0.1159
0.1136
0.1164
0.1306
0.14379999999999998
0.1609
0.147
0.40449999999999997
0.3013
0.2227
0.3499
0.2188
0.2178
0.2963
0.6857
1.306
0.5855
0.2969
0.2773
0.2864
0.3782
0.2602
0.20650000000000002
0.20729999999999998
0.20500000000000002
0.1439
0.1099
0.0998
0.0965
0.0975
0.091
0.1138
0.1549
0.1508
0.18
0.4289
0.16899999999999998
0.1508
0.1212
0.11330000000000001
0.23979999999999999
0.20429999999999998
0.1886
0.1874
0.186
0.1757
0.5669
0.5928
0.6823999999999999
0.7094
0.5481
0.49250000000000005
0.4677
0.43210000000000004
0.36929999999999996
1.0386
1.2163
1.3502
0.7231000000000001
0.5308
0.4724
0.47250000000000003
0.4162
0.39790000000000003
0.5325
0.7082999999999999
0.7415
0.8989
1.4988
1.371
0.404
0.33240000000000003
0.3022
0.301
0.2939
0.3055
0.307
0.3594
0.3951
0.3417
0.3629
0.9355
1.1284
2.5785
0.5582
0.4309
1.871
1.1865999999999999
0.6213
0.6897
0.9082
0.7346
0.7085
0.6524000000000001
0.1877
0.1676
0.1658
0.1412
0.12160000000000001
0.1115
0.1079
0.07339999999999999
0.1409
0.5212
0.09409999999999999
0.0905
0.0784
0.08629999999999999
0.0897
0.6371
0.6836
0.137
0.5096999999999999
0.06770000000000001
0.0499
0.7705
0.4751
0.2944
0.3114
0.2376
0.2123
0.20379999999999998
0.1895
0.19219999999999998
0.1898
0.9212
0.4233
0.2027
0.1925
0.276
0.22460000000000002
0.2086
0.19280000000000003
0.2105
0.257
1.8011
0.2717
0.2354
0.8518
0.5401
0.3322
0.3062
0.0
0.0
0.0052
0.0025
0.0016
0.0111
0.0225
0.053500000000000006
0.0286
0.0026
0.0659
1.6714
0.43820000000000003
0.8693
0.4334
0.7322
0.4614
0.3699
0.1199
0.10400000000000001
0.08879999999999999
0.017599999999999998
0.0008
0.0002
0.2243
0.1799
0.18209999999999998
0.1098
0.0669
0.051000000000000004
0.0385
0.025500000000000002
0.0397
0.29319999999999996
0.0893
0.048600000000000004
0.015199999999999998
0.0302
0.11699999999999999
0.35450000000000004
0.0833
0.0374
0.10350000000000001
0.3569
0.17270000000000002
0.362
0.5185
0.3941
0.4074
0.3481
0.24409999999999998
0.16670000000000001
0.1329
0.12409999999999999
0.11430000000000001
0.11960000000000001
0.1384
0.1672
0.12160000000000001
0.09390000000000001
0.0399
0.0596
0.0652
0.16060000000000002
0.2314
2.5221999999999998
1.0828
0.22399999999999998
0.2223
0.22460000000000002
0.9777
0.3758
0.0378
0.0428
0.032799999999999996
0.035500000000000004
0.0247
0.029200000000000004
0.0278
0.0164
1.0287
0.3139
0.5161
0.1389
0.1207
0.0236
0.007500000000000001
0.0
0.0163
0.034
0.1514
0.2667
0.15300000000000002
0.10289999999999999
0.0824
0.0523
0.5478000000000001
0.5025
0.4758
0.4366
0.4194
0.5436
0.7726
0.5976999999999999
0.48739999999999994
0.5530999999999999
1.5908
1.0907
1.0561
0.6181
0.6869000000000001
0.6126
0.5892999999999999
0.6521
0.824
0.6087
0.5861000000000001
1.2953999999999999
1.2545000000000002
1.0246
0.16499999999999998
0.1499
0.1404
0.1376
0.1372
0.1439
0.1617
0.1636
0.1505
0.2012
0.1805
0.1526
0.1731
0.16870000000000002
0.18130000000000002
0.20929999999999999
0.23110000000000003
0.2672
0.2152
0.2001
0.178
0.2121
0.28459999999999996
0.22510000000000002
0.10350000000000001
0.0917
0.0864
0.0844
0.0854
0.0929
0.10769999999999999
0.12229999999999999
0.1346
0.1399
0.1221
0.1211
0.1787
0.1625
0.16599999999999998
0.1538
0.1943
0.1965
0.1263
0.1438
0.1684
0.20700000000000002
0.2125
0.1436
0.30100000000000005
0.2801
0.2767
0.2536
0.2363
0.2505
0.328
0.3163
0.2474
0.3096
0.2642
0.4752
0.6273
0.2562
0.23020000000000002
0.21660000000000001
0.1976
0.1291
2.4355
0.6346
0.8471
0.4924
0.4694
0.37170000000000003
0.1028
0.0973
0.09570000000000001
0.09509999999999999
0.09640000000000001
0.1101
0.25839999999999996
0.1983
0.1032
0.0917
0.0799
0.0758
0.07669999999999999
0.0801
0.0815
0.0986
0.1694
0.1427
0.154
0.2336
0.2591
0.194
0.1318
0.1095
0.1114
0.10969999999999999
0.1081
0.11
0.07
0.0946
0.0366
1.2054
0.5550999999999999
0.0722
0.0625
0.1689
0.1497
0.0943
0.0837
0.3227
0.1981
0.1321
0.9336
0.4606
0.5664
0.219
0.2041
0.1609
0.2208
0.20329999999999998
0.16770000000000002
0.1515
0.15460000000000002
0.1572
0.156
0.2001
0.2207
1.0827
0.5065
0.266
0.22160000000000002
1.3868
0.8737999999999999
0.9066
1.7962
1.0094
0.2794
0.3288
0.35929999999999995
0.3684
1.1752
0.753
0.1721
0.1624
0.16770000000000002
0.1573
0.1516
0.2511
0.5812999999999999
1.3216999999999999
0.49879999999999997
0.46230000000000004
0.1832
0.2126
0.3462
0.1367
0.0883
0.1116
0.11660000000000001
0.10980000000000001
0.11810000000000001
0.31930000000000003
0.6242000000000001
0.4546
0.5817
0.6673
0.1552
0.15200000000000002
0.13069999999999998
0.1244
0.1201
0.1252
0.1402
0.1518
0.1577
0.3352
0.3003
0.132
0.12940000000000002
0.4304
0.2597
0.1531
0.147
0.24459999999999998
0.3591
0.5272
0.30700000000000005
0.3698
0.2902
0.18180000000000002
0.0717
0.06420000000000001
0.0611
0.0603
0.062
0.0789
0.12240000000000001
0.11030000000000001
0.0965
0.099
0.0942
0.09140000000000001
0.11180000000000001
0.1134
0.1168
0.2256
0.2182
0.1522
0.1405
0.1508
0.17830000000000001
0.1729
0.1279
0.0892
0.1764
0.15289999999999998
0.18
0.1733
0.1677
0.18369999999999997
0.2277
0.278
0.2954
0.2102
0.1987
0.2056
0.5011
1.6096
2.4215
1.7149
1.7324000000000002
2.5334000000000003
2.6107
1.9072
0.4203
0.2852
0.1782
0.1873
0.1291
0.1807
0.17609999999999998
0.2205
0.3305
0.5276000000000001
0.6489
0.4654
0.4145
2.4562
1.1777
0.20129999999999998
0.5144
0.0142
0.0
0.0
0.0228
0.09519999999999999
0.1651
0.601
0.33940000000000003
0.22599999999999998
0.1607
0.1391
0.2702
0.2538
0.2492
0.2509
0.26659999999999995
0.3483
0.5702
0.49650000000000005
0.4254
0.6253
0.3477
0.2559
0.2103
0.2226
0.21660000000000001
0.242
0.2698
0.42310000000000003
0.4942
1.2205
0.4126
0.5898
0.7805
0.33109999999999995
0.0927
0.08979999999999999
0.086
0.0852
0.0844
0.1048
0.16310000000000002
0.2933
0.4333
0.2405
0.1859
0.1713
0.176
0.2212
0.23170000000000002
0.2494
0.49429999999999996
0.3715
0.3283
1.0995
0.31699999999999995
0.1649
0.0986
0.08940000000000001
0.18309999999999998
0.1622
0.1506
0.1412
0.14629999999999999
0.22510000000000002
0.4717
0.1884
0.1437
0.1441
0.1624
0.1735
0.15460000000000002
0.1518
0.144
0.1663
0.5015
1.2381
0.5499
0.2321
0.37360000000000004
0.4546
0.3849
0.2899
0.12460000000000002
0.1049
0.0985
0.0945
0.09090000000000001
0.0927
0.1014
0.1275
0.232
0.8203
0.3841
0.794
0.29879999999999995
0.2691
0.39480000000000004
0.3285
0.2557
0.893
0.1462
0.1739
0.18680000000000002
0.1963
0.1933
0.15639999999999998
0.048799999999999996
0.0441
0.0442
0.032299999999999995
0.0439
0.6772
1.4567999999999999
0.25980000000000003
0.25739999999999996
0.5132
0.0636
0.0208
0.0369
0.0417
0.0546
0.0944
0.6057
1.0707
0.7938999999999999
0.5674
0.3635
0.4441
0.1422
0.0479
0.0
0.031
0.0
0.0
0.0
0.0405
0.0
0.0
0.0
0.0
0.0
2.6632
0.2269
0.0
0.0
0.0
1.4868
0.0881
0.0
0.7816
1.5708
1.3585
1.1421
0.0
0.1136
0.10089999999999999
0.09409999999999999
0.0917
0.09209999999999999
0.0947
0.1541
0.35050000000000003
0.1522
0.1743
0.25739999999999996
0.2155
0.1587
0.1573
0.2701
0.2525
0.1711
0.5883
0.4743
0.2087
0.2008
0.211
0.1968
0.1444
0.402
0.3967
0.3801
0.4356
0.517
0.6456999999999999
0.6306
0.5631999999999999
0.4769
0.4132
0.3712
0.3933
0.4007
0.379
0.3487
0.3872
1.9632
1.6255
1.4982
1.0821
0.5762
0.5863
0.6227
0.4899
0.3123
0.2909
0.2717
0.2735
0.2635
0.266
0.2803
0.3584
0.38980000000000004
0.8987999999999999
0.3417
0.3617
0.7008
0.2601
0.2507
0.27959999999999996
0.5785
0.7021999999999999
0.7307
0.5643
0.5102
0.4182
0.8299
0.4652
0.1643
0.1132
0.1078
0.1226
0.0945
0.1038
0.1056
0.10969999999999999
0.1357
0.1344
0.1582
0.5634
0.175
1.5025000000000002
0.5681
0.42269999999999996
0.2082
0.15560000000000002
0.1814
0.156
0.2095
0.5769
0.4068
0.374
0.0676
0.06269999999999999
0.064
0.0592
0.059
0.0738
0.0993
0.1758
0.4095
0.369
0.46319999999999995
0.08
0.0868
0.1212
0.7152000000000001
0.7354
0.3839
0.2424
0.17880000000000001
0.1746
0.17609999999999998
0.1295
0.0894
0.0753
0.0373
0.0354
0.0524
0.045200000000000004
0.0427
0.06659999999999999
0.095
0.11599999999999999
0.14579999999999999
0.0701
0.030699999999999998
0.1245
0.35760000000000003
0.1313
0.3061
0.6523
0.9508
0.5443
0.1522
0.4312
0.20140000000000002
0.0353
0.0173
0.025500000000000002
0.0213
0.0463
0.0318
0.0465
0.019
0.060899999999999996
0.0173
0.017099999999999997
0.0318
0.014700000000000001
0.1839
1.2527
0.0672
0.31729999999999997
0.5287
0.1141
0.7165
1.7561
2.1412
1.1926
1.0121
1.7374
0.9352
0.054900000000000004
0.0974
0.09570000000000001
0.0978
0.1069
0.11910000000000001
0.1503
0.12519999999999998
0.0935
0.07999999999999999
0.0759
0.0547
0.0345
0.0385
0.0421
0.0432
0.0487
0.11810000000000001
0.1407
0.0876
0.1603
0.1447
0.1889
0.1905
0.1255
0.0557
0.0454
0.0395
0.039599999999999996
0.0385
0.0398
0.0422
0.0516
0.0683
0.1064
0.09820000000000001
0.1176
0.1076
0.1079
0.1054
0.1391
0.1988
0.13
0.24530000000000002
0.22890000000000002
0.3294
0.2613
0.1564
0.09079999999999999
0.1734
0.1632
0.15760000000000002
0.1615
0.1548
0.1709
0.19740000000000002
0.43100000000000005
0.6182000000000001
0.2741
0.1856
0.173
0.19569999999999999
0.2114
0.2081
0.2686
0.593
0.671
0.3426
0.25329999999999997
0.3588
0.38280000000000003
0.2522
0.1839
1.0339
0.17149999999999999
0.07289999999999999
0.0876
0.0701
0.077
0.0499
0.054000000000000006
0.0431
0.0385
0.014499999999999999
0.025599999999999998
0.039400000000000004
0.030400000000000003
0.0432
0.0421
0.07769999999999999
0.772
2.0865
0.5237
0.9653
0.9255
0.9342999999999999
0.8448
0.1252
0.1202
0.1164
0.1127
0.1091
0.11299999999999999
0.1897
0.7525
0.16149999999999998
0.1419
0.32939999999999997
0.2012
0.2156
0.2016
0.2133
0.5142
0.2519
0.1666
0.19990000000000002
0.3534
0.2543
0.25
0.1988
0.15510000000000002
0.026500000000000003
0.028999999999999998
0.0314
0.0272
0.0191
0.014599999999999998
0.0029
0.2425
0.7186
0.4454
1.0683
0.3627
0.2195
0.2666
1.0307
0.41159999999999997
0.3517
0.3265
0.2738
0.3185
0.29059999999999997
0.1969
0.0939
0.045
0.3079
0.6535
0.19269999999999998
0.1515
0.16199999999999998
0.1401
0.15949999999999998
0.1792
0.1434
0.1605
0.1961
0.0921
1.2814
0.14500000000000002
0.1318
0.10969999999999999
0.1369
0.2671
2.5881
1.5428
1.547
0.48960000000000004
0.39659999999999995
0.9521000000000001
0.1238
0.1182
0.10980000000000001
0.1087
0.11280000000000001
0.1352
0.1956
0.2612
0.3207
0.30679999999999996
0.46849999999999997
0.3183
1.0668
0.298
0.2618
0.2589
0.5397000000000001
0.33940000000000003
0.3029
0.5235
0.40659999999999996
0.3225
0.20450000000000002
0.1391
0.41359999999999997
0.1886
0.1631
0.1581
0.1501
0.153
0.15200000000000002
0.15410000000000001
0.1678
0.216
0.30410000000000004
0.6557
0.2935
0.22699999999999998
0.1789
0.1632
0.19540000000000002
0.502
0.154
0.1669
0.18869999999999998
0.2121
0.2546
0.2489
0.3685
0.1835
0.14900000000000002
0.13390000000000002
0.0966
0.7106
0.7528999999999999
0.2913
0.2289
0.6819
0.2212
0.7767999999999999
1.5485
0.0
0.0
0.0107
0.0749
0.1975
0.12090000000000001
0.0741
0.1196
0.14100000000000001
0.1775
0.22690000000000002
0.4187
0.4854
0.4196
0.3425
0.3002
0.2771
0.2747
0.2731
0.2915
0.2968
0.3383
0.3615
0.4629
0.6585
0.2834
0.24609999999999999
0.2384
0.3187
0.6613
0.3603
0.8232
0.7763
0.5733999999999999
0.4685
0.2074
0.2392
0.2652
0.25439999999999996
0.2482
0.4121
1.0478
0.3146
0.1062
0.0708
0.0234
0.019700000000000002
0.0316
0.0494
0.10350000000000001
0.1113
0.1364
0.1759
1.2272
0.5606
0.22710000000000002
0.4635
0.4399
0.2449
0.1091
0.0932
0.086
0.0806
0.078
0.0803
0.07869999999999999
0.075
0.059899999999999995
0.1124
0.1403
0.3638
0.24480000000000002
0.1371
0.1407
0.202
0.12340000000000001
0.097
0.20329999999999998
0.1457
0.1419
0.1523
0.179
0.16770000000000002
0.1018
0.08610000000000001
0.0775
0.07869999999999999
0.0707
0.0775
0.08449999999999999
0.1142
0.14
0.39149999999999996
0.3113
0.24280000000000002
0.5549999999999999
1.0110999999999999
0.7041999999999999
0.6168
1.1564
0.4755
0.4415
0.6968
0.3848
0.3928
0.6641
0.2706
0.3486
0.5791999999999999
0.6644
0.4087
0.2453
0.2747
0.3519
0.3684
0.2463
0.0875
0.2243
1.678
0.4361
1.6722000000000001
0.7056
0.6495
0.7558
0.7713
0.3706
0.32230000000000003
0.2005
0.07100000000000001
0.0518
0.0417
0.1124
0.10439999999999999
0.0986
0.0991
0.0974
0.1132
0.2542
0.38139999999999996
0.2234
0.2061
0.21000000000000002
0.25060000000000004
0.28049999999999997
0.2502
0.2447
0.2712
0.3209
0.9564
1.526
0.5668
0.5055999999999999
0.34009999999999996
0.2167
0.14279999999999998
0.0667
0.0641
0.06620000000000001
0.0597
0.0424
0.049199999999999994
0.0528
0.0273
0.1014
0.0102
0.4558
0.0733
0.0062
0.0072
0.3955
0.0759
0.027899999999999998
0.0014
0.0074
0.09369999999999999
0.07319999999999999
0.0373
0.011
0.022
0.2346
0.3071
0.1076
0.0952
0.0999
0.128
0.7854
0.4732
0.2464
0.14179999999999998
0.22410000000000002
0.1059
0.1348
0.14750000000000002
0.2294
0.1784
0.185
0.45949999999999996
0.124
0.1952
0.2082
0.2244
0.1442
0.1049
0.1899
0.1692
0.1643
0.1639
0.1585
0.1701
0.3186
0.6513
0.16699999999999998
0.11030000000000001
0.2949
0.1051
0.10500000000000001
0.0972
0.0931
0.0826
0.611
0.27349999999999997
0.1035
0.1437
0.1751
0.19190000000000002
0.1797
0.1612
0.17420000000000002
0.1119
0.0868
0.08549999999999999
0.0669
0.0686
0.0769
0.0897
0.0688
0.073
0.43929999999999997
0.3641
0.1687
0.6792
1.9942000000000002
0.158
0.12290000000000001
0.2146
0.1241
0.1232
0.1648
0.9463
0.4275
0.2066
0.0377
0.021699999999999997
0.015
0.0085
0.0019
0.0182
0.413
0.0363
0.0
0.47850000000000004
0.45320000000000005
0.0408
0.6827
0.0073
0.163
0.0765
0.0358
0.0561
0.1089
0.08460000000000001
0.0935
0.12380000000000001
0.1262
0.0684
0.0024
0.0059
0.0054
0.011300000000000001
0.0033
0.0121
0.027299999999999998
0.2869
0.5127999999999999
0.641
0.0045
0.0022
0.013000000000000001
0.0225
0.0325
0.0848
0.061700000000000005
0.0775
0.1363
0.2138
0.1015
0.0377
0.0098
0.0066
0.21689999999999998
0.1782
0.1768
0.1669
0.145
0.14379999999999998
0.1684
0.1518
0.5078
0.41650000000000004
0.3446
0.1234
0.1773
0.12279999999999999
0.1488
1.3859
0.31930000000000003
0.1815
0.2119
0.2077
0.1577
0.1393
0.248
0.2382
0.1302
0.1255
0.119
0.1194
0.12
0.257
0.3233
0.2158
0.1887
0.216
0.2457
0.2433
0.34809999999999997
0.2313
0.2123
0.237
1.2382
0.8836
0.361
0.27349999999999997
0.2744
0.2301
0.1777
0.1451
0.0405
0.0363
0.036599999999999994
0.0422
0.0378
0.0507
0.1165
0.46549999999999997
1.424
1.2081
0.6368
0.3145
0.3319
0.3272
0.2646
0.3359
1.8457
1.3707
1.401
0.4185
0.1548
0.0749
0.047
0.036199999999999996
0.0907
0.0816
0.0786
0.0856
0.096
0.1446
0.2327
0.1106
0.0625
0.0487
0.0431
0.039900000000000005
0.048600000000000004
0.064
0.1083
0.2434
0.373
0.4125
0.178
0.38849999999999996
0.21350000000000002
0.2674
0.35509999999999997
0.1708
0.1205
0.10120000000000001
0.10300000000000001
0.0917
0.08829999999999999
0.0943
0.11460000000000001
0.134
0.1436
0.17959999999999998
0.0911
0.1516
0.5226
1.5448000000000002
0.2268
0.958
0.2338
0.1558
0.8939999999999999
0.49739999999999995
0.32889999999999997
0.2542
0.203
0.1647
0.10139999999999999
0.08760000000000001
0.0861
0.08729999999999999
0.0784
0.07980000000000001
0.0946
0.1704
0.32089999999999996
0.26339999999999997
0.23420000000000002
0.2622
0.3144
0.2277
0.3014
0.8924
1.6299
1.6126
0.6509
0.8567
0.5570999999999999
0.3984
0.2495
0.1598
0.0
0.0029999999999999996
0.0
0.0
0.0048
0.0036
0.0
0.0
0.2361
0.7743
0.6174
0.1648
0.078
0.0785
0.3282
0.8287
0.7626999999999999
0.7464
0.48829999999999996
1.2683
1.7134999999999998
0.5716
0.0
0.0
0.1389
0.1189
0.1205
0.125
0.1183
0.1145
0.1232
0.1162
0.10550000000000001
0.0954
0.0673
0.051699999999999996
0.067
0.6889000000000001
0.2359
0.34409999999999996
0.2081
0.1943
0.4881
0.6422000000000001
1.2274
0.4315
0.2432
0.1851
0.0923
0.08549999999999999
0.0695
0.0679
0.0656
0.0742
0.1564
0.18419999999999997
0.1003
0.0741
0.11560000000000001
0.0612
0.07250000000000001
0.09040000000000001
0.2986
0.1641
0.1211
0.2855
0.17259999999999998
0.2603
0.32999999999999996
0.18769999999999998
0.1009
0.07339999999999999
0.0545
0.041999999999999996
0.0372
0.0371
0.0374
0.0407
0.055499999999999994
0.076
0.1741
0.1746
0.28090000000000004
0.4012
0.1295
0.1175
0.1588
0.2219
0.24120000000000003
0.1965
0.3619
0.6855
0.5939
0.4692
0.2188
0.10389999999999999
0.07339999999999999
0.0692
0.0763
0.0688
0.08349999999999999
0.2024
0.4067
0.2163
0.17820000000000003
0.025
0.0213
0.2471
0.13
0.16870000000000002
0.1239
0.0565
0.1353
0.0047
0.0
0.0408
0.0712
0.018500000000000003
0.025500000000000002
0.033
0.22999999999999998
0.1952
0.18280000000000002
0.1844
0.1677
0.1886
0.2108
0.21810000000000002
0.4861
0.4348
0.7263999999999999
0.5745
0.2737
0.31420000000000003
0.45189999999999997
0.2821
0.4792
0.47630000000000006
0.1426
0.8432
1.4261
0.7602
0.2458
0.2117
0.129
0.123
0.1218
0.12129999999999999
0.123
0.1493
0.6051
0.5358
0.33230000000000004
0.2723
0.216
0.197
0.2095
0.2388
0.2426
0.3622
0.4197
0.5546
0.3635
0.2777
0.2781
0.2329
0.16670000000000001
0.1384
0.1006
0.0873
0.08
0.08199999999999999
0.07289999999999999
0.07250000000000001
0.0867
0.1581
0.20900000000000002
0.12940000000000002
0.1303
0.1124
0.1431
0.127
0.1385
0.1845
0.6857
0.14079999999999998
0.1235
0.508
0.3165
0.2744
0.2478
0.16149999999999998
0.0
0.0
0.0
0.0
0.0
0.0
0.0
0.0
0.0
0.1011
0.6452
0.0
0.0
0.2382
0.4471
0.0
0.0
0.0
0.0
0.0
0.0
0.0
0.0
0.0
0.1659
0.17609999999999998
0.1759
0.18230000000000002
0.19390000000000002
0.2004
0.2972
0.5767
0.25029999999999997
0.0396
0.0144
0.0
0.0
0.0027
0.0149
0.0648
0.2072
0.49129999999999996
0.45940000000000003
0.8609
0.5236
0.3438
0.1888
0.1652
0.08729999999999999
0.0735
0.0649
0.0632
0.0623
0.066
0.07100000000000001
0.0686
0.0567
0.0706
0.079
0.1045
0.1081
0.094
0.08929999999999999
0.1028
0.1094
0.20750000000000002
0.20739999999999997
0.1634
0.2087
0.1778
0.1456
0.11699999999999999
0.1046
0.0806
0.0756
0.0708
0.0646
0.0682
0.0737
0.0947
0.1048
0.1417
0.6785
0.8937
0.3327
0.46809999999999996
0.2979
0.3254
0.3699
0.7509
0.6796
0.4115
0.3842
0.4518
0.3284
0.1992
0.0538
0.0497
0.0504
0.049100000000000005
0.0528
0.0672
0.1315
0.1036
0.0489
0.037
0.027999999999999997
0.0587
0.030100000000000002
0.033100000000000004
0.0204
0.0453
0.1229
0.0453
0.039900000000000005
0.035199999999999995
0.044700000000000004
0.025599999999999998
0.0252
0.0315
0.0359
0.024
0.0299
0.0303
0.0319
0.034499999999999996
0.0498
0.0631
0.061700000000000005
0.0658
0.047
0.0431
0.0695
0.22039999999999998
0.6232
0.41259999999999997
0.27240000000000003
0.5086999999999999
0.2813
0.5308999999999999
0.7765
0.3914
0.1184
0.0581
0.1096
0.07869999999999999
0.058800000000000005
0.0513
0.052500000000000005
0.0568
0.15889999999999999
0.1136
0.027800000000000002
0.042499999999999996
0.0697
0.1528
0.0463
0.0398
0.0402
0.0597
0.2291
0.2511
0.1805
0.1198
0.1576
0.15960000000000002
0.1748
0.1844
0.20379999999999998
0.1722
0.1531
0.1459
0.1502
0.1485
0.1431
0.14529999999999998
0.125
0.14379999999999998
0.1381
0.1399
0.7250000000000001
0.2228
0.192
0.2783
0.5604
1.0412
0.3147
0.2385
0.2229
0.2228
0.2593
0.25129999999999997
0.015899999999999997
0.008
0.0057
0.0055
0.0065
0.0075
0.0182
0.0321
0.0095
0.2994
0.0026
0.0002
0.0076
0.0064
0.0
0.0307
0.024800000000000003
0.0225
0.018099999999999998
0.0093
0.0235
0.0498
0.0637
0.0394
0.1291
0.13
0.1235
0.1222
0.127
0.2097
0.3201
0.2274
0.1842
0.1749
0.25029999999999997
0.1758
0.3062
0.2455
0.3597
0.2363
0.1764
0.8461000000000001
0.2589
0.7267
0.5584
0.2374
0.1547
0.1282
0.051500000000000004
0.0366
0.0338
0.0376
0.0334
0.042499999999999996
0.0534
0.0916
0.1593
0.196
0.5824
0.2414
0.4073
2.0178
0.2152
0.0918
0.21660000000000001
0.18880000000000002
0.1276
0.15410000000000001
0.15889999999999999
0.13090000000000002
0.1084
0.0781
0.048299999999999996
0.0286
0.0264
0.0265
0.0218
0.0191
0.0203
0.0405
0.0526
0.0702
0.07419999999999999
0.0952
0.11460000000000001
0.08360000000000001
0.0952
0.0774
0.7242
0.1489
0.1582
0.2791
0.2854
0.29569999999999996
0.42669999999999997
0.1379
0.133
0.1227
0.11560000000000001
0.1148
0.1178
0.13119999999999998
0.16949999999999998
0.19669999999999999
0.179
0.1812
0.1523
0.1432
0.1505
0.1527
0.1513
0.18530000000000002
0.6506
0.6993
0.6344000000000001
0.6623
0.7046
0.6382
0.3506
0.16899999999999998
0.0246
0.0221
0.011
0.0407
0.0199
0.0246
0.0382
0.1404
0.6427999999999999
1.7231999999999998
4.521800000000001
2.2799
0.43089999999999995
0.5036
0.5503
0.5391999999999999
0.8005
0.8028
0.722
0.8021
0.364
0.0166
0.0692
0.0434
0.15639999999999998
0.1527
0.15460000000000002
0.1718
0.22
0.35650000000000004
0.2597
0.23299999999999998
0.21910000000000002
0.2264
0.20579999999999998
0.1978
0.3386
0.29600000000000004
0.2983
0.3459
0.35219999999999996
0.6399
0.2705
0.24259999999999998
0.1991
0.16909999999999997
0.1608
0.1498
0.0567
0.0458
0.0437
0.0395
0.039099999999999996
0.0446
0.0598
0.0953
0.1654
0.30169999999999997
0.31079999999999997
0.2821
0.271
0.3754
0.40590000000000004
0.2855
0.7074
0.7157
0.29510000000000003
0.246
0.2123
0.1452
0.0947
0.06620000000000001
0.1813
0.1694
0.16260000000000002
0.1535
0.14400000000000002
0.14279999999999998
0.1478
0.1598
0.1677
0.1871
0.1961
0.176
0.1648
0.22999999999999998
0.2969
0.3079
0.6806
0.5058
0.8049999999999999
0.4178
0.4081
0.3257
0.2156
0.1898
0.1153
0.1129
0.114
0.11449999999999999
0.1078
0.101
0.09340000000000001
0.0986
0.1023
0.08940000000000001
0.07189999999999999
0.0854
0.097
0.1089
0.1313
0.1565
0.16749999999999998
0.1466
0.1596
0.2012
0.1748
0.1177
0.094
0.09459999999999999
0.1326
0.1286
0.13069999999999998
0.13019999999999998
0.1417
0.1775
0.2657
0.29410000000000003
0.3397
0.41259999999999997
0.6616
0.48929999999999996
0.415
0.3846
0.5141
0.6906000000000001
0.5015000000000001
0.396
0.3594
0.3346
0.2824
0.20079999999999998
0.1471
0.1361
0.1888
0.17409999999999998
0.15589999999999998
0.1566
0.1485
0.1495
0.1815
0.6573
0.3472
0.28290000000000004
0.3614
0.5158
0.32530000000000003
0.28969999999999996
0.3186
0.2964
0.23759999999999998
0.2535
0.4245
0.3849
0.9228000000000001
0.6484
0.4708
0.3018
0.1659
0.1585
0.1517
0.15000000000000002
0.1553
0.2341
0.2953
0.14350000000000002
0.1106
0.11410000000000001
0.111
0.1009
0.0991
0.1014
0.10139999999999999
0.11019999999999999
0.10819999999999999
0.18180000000000002
0.2963
0.2347
0.2404
0.228
0.1906
0.16720000000000002
0.06259999999999999
0.0471
0.0357
0.0324
0.0252
0.024
0.0271
0.0224
0.0238
0.0399
0.1488
0.0499
0.04869999999999999
0.0408
0.4818
0.0667
0.08030000000000001
0.09509999999999999
0.24350000000000002
0.3173
0.0776
0.0728
0.06770000000000001
0.0586
0.1597
0.142
0.1301
0.12919999999999998
0.12719999999999998
0.13390000000000002
0.15789999999999998
0.2119
0.3267
0.3197
0.2893
0.7311000000000001
0.4445
0.26859999999999995
0.24109999999999998
0.2671
0.3417
1.3911
0.6762
0.5109
0.5495
0.5454
0.5172
0.3116
0.14150000000000001
0.1251
0.128
0.1263
0.1275
0.14400000000000002
0.1805
0.2513
0.2619
0.17709999999999998
0.1333
0.1135
0.1028
0.13219999999999998
0.6554
0.4475
0.44589999999999996
0.3645
0.535
0.7516
0.5472
0.4835
0.2233
0.15889999999999999
0.2147
0.2206
0.2126
0.30610000000000004
0.3453
0.3495
0.3706
0.398
0.624
0.40259999999999996
0.1504
0.1117
0.1295
0.1055
0.0382
0.08549999999999999
1.2428
0.208
0.1542
0.8500000000000001
0.4385
0.7345999999999999
0.622
0.21910000000000002
0.4434
0.3446
0.3095
0.2882
0.2717
0.2649
0.2677
0.2891
0.3976
0.372
0.32889999999999997
0.29800000000000004
0.2822
0.3062
1.2541
0.8792
0.7392000000000001
0.9495
0.7368
0.8207
1.2999999999999998
0.8966999999999999
0.6983
0.7734000000000001
0.09129999999999999
0.0668
0.059
0.0601
0.0574
0.0615
0.0722
0.11399999999999999
0.1437
0.18869999999999998
0.39260000000000006
0.9043
1.2054
1.0798
0.10289999999999999
0.1021
0.1609
0.2523
0.6896
0.6162
0.47050000000000003
0.38580000000000003
0.2539
0.1358
0.0591
0.035699999999999996
0.0319
0.027700000000000002
0.0212
0.0113
0.0063
0.0293
0.0432
0.052899999999999996
0.0247
0.0
0.0
0.0
0.0
0.0
0.0
0.0427
0.0433
0.0458
0.011300000000000001
0.0201
0.0284
0.0288
0.3838
0.38939999999999997
0.4019
0.40869999999999995
0.4412
0.5964
1.0908
0.8401000000000001
0.4688
0.5686
0.4155
1.6102
1.7456999999999998
0.4533
0.3801
0.6937
0.4861
0.437
0.6382
0.376
0.3908
0.3713
0.355
0.3298
0.02
0.026000000000000002
0.0308
0.0294
0.0495
0.087
0.3631
0.7347
0.29810000000000003
0.4838
0.49639999999999995
0.1693
0.1898
0.12990000000000002
0.2339
0.3745
0.2371
0.1777
0.1868
0.131
0.0365
0.008799999999999999
0.0065
0.007899999999999999
0.09670000000000001
0.08549999999999999
0.0791
0.0758
0.07680000000000001
0.0933
0.2157
0.2277
0.15089999999999998
0.3849
0.16999999999999998
0.1607
0.2318
0.1391
0.10350000000000001
0.11499999999999999
0.2701
0.1782
0.47940000000000005
0.3319
0.261
0.24730000000000002
0.2156
0.1404
0.094
0.09590000000000001
0.1063
0.10550000000000001
0.1073
0.132
0.3528
0.6848000000000001
0.1991
0.29610000000000003
0.1391
0.0799
0.06409999999999999
0.0579
0.0767
0.9737
1.2533
0.9232
0.5582
0.1804
0.1603
0.1397
0.11560000000000001
0.10300000000000001
0.12390000000000001
0.1164
0.1091
0.1084
0.1168
0.13
0.1605
0.1654
0.1904
0.40609999999999996
0.1771
0.1683
0.5709
0.2056
0.15639999999999998
0.1782
0.25560000000000005
0.2308
0.43920000000000003
0.5987
0.8796
0.3055
0.23
0.1493
0.1122
0.0937
0.07819999999999999
0.0562
0.044
0.0426
0.0344
0.0347
0.0273
0.1976
0.1437
0.0939
0.038400000000000004
0.1914
0.0824
0.5818000000000001
0.38339999999999996
0.6897
0.0455
0.027
0.0569
0.0543
0.1681
0.1994
0.0343
0.036000000000000004
0.0356
0.031100000000000003
0.0337
0.0467
0.095
0.251
0.4364
0.44889999999999997
0.535
0.0845
0.1187
0.1944
0.3574
0.2512
0.2311
0.2198
0.1974
0.2274
0.2327
0.14650000000000002
0.0635
0.0442
0.0442
0.0495
0.0464
0.0484
0.0548
0.11460000000000001
0.2026
0.1398
0.0994
0.0724
0.0979
0.14400000000000002
0.1252
0.1002
0.0891
0.0862
0.10800000000000001
0.28159999999999996
0.2163
0.2113
0.1056
0.0262
0.0162
0.0246
0.1132
0.1408
0.1288
0.17099999999999999
0.1666
0.1084
0.0715
0.041800000000000004
0.059
0.08410000000000001
0.0725
0.058499999999999996
0.0747
0.165
0.0723
0.0484
0.031799999999999995
0.048600000000000004
0.2652
0.5026999999999999
0.5109
0.3319
0.16360000000000002
0.1215
0.0588
0.0553
0.0513
0.048799999999999996
0.0501
0.0528
0.0842
0.1431
0.2464
0.47839999999999994
0.3393
0.3304
0.24419999999999997
0.22060000000000002
0.2244
0.32120000000000004
0.324
0.2269
1.4630999999999998
0.2633
0.2105
0.1554
0.0952
0.0706
0.1164
0.10339999999999999
0.0938
0.089
0.0828
0.08049999999999999
0.0826
0.0876
0.1047
0.3684
0.18209999999999998
0.1492
0.1806
0.6767
0.1612
0.6768
0.1494
0.15360000000000001
0.1991
0.1692
0.1517
0.1648
0.2324
0.1915
0.08710000000000001
0.0833
0.0809
0.0732
0.0753
0.0859
0.0889
0.1145
0.13090000000000002
0.16599999999999998
0.4588
0.8049999999999999
0.7288
0.27949999999999997
0.4579
0.2894
0.796
0.4208
0.1241
0.1236
0.14950000000000002
0.14900000000000002
0.13219999999999998
0.1043
0.0
0.0
0.0
0.0
0.0
0.0
0.0
0.0
0.0
0.0
0.0
0.1786
0.0
0.0194
0.0
0.0
0.0
0.0
0.0
0.0
0.0
0.0
0.0
0.0
0.032100000000000004
0.030600000000000002
0.0328
0.033
0.036199999999999996
0.0542
0.07719999999999999
0.0937
0.1358
0.1525
0.1513
0.31620000000000004
0.1477
0.1815
0.1884
0.1466
0.1288
0.1018
0.121
0.2064
0.1128
0.0298
0.0052
0.0148
0.07189999999999999
0.0809
0.08979999999999999
0.1167
0.1522
0.17709999999999998
0.2013
0.2213
0.27559999999999996
0.2511
0.1638
0.1542
0.2295
0.2448
0.3083
0.35509999999999997
0.8884000000000001
0.7028
0.2941
0.30510000000000004
0.12209999999999999
0.0602
0.059800000000000006
0.0648
0.1058
0.10719999999999999
0.1045
0.1007
0.1032
0.1164
0.1656
0.3448
0.5463
0.32030000000000003
0.2281
0.7842
0.3689
0.25329999999999997
0.19
0.1819
0.29569999999999996
0.4357
0.4301
0.2931
0.3679
0.2707
0.16549999999999998
0.11710000000000001
0.1419
0.1286
0.1208
0.1195
0.12210000000000001
0.1422
0.2183
0.2723
0.23720000000000002
0.3327
0.3936
0.3163
0.28900000000000003
0.2705
0.31010000000000004
0.3355
0.2954
0.4105
0.5766
0.3433
0.3508
0.37470000000000003
0.3076
0.1999
0.020900000000000002
0.006999999999999999
0.0083
0.019200000000000002
0.0098
0.0132
0.0035
0.0079
0.0437
0.0632
0.11410000000000001
0.1523
0.12040000000000001
0.6111000000000001
0.3705
0.1106
1.0398999999999998
0.7661
0.5849
1.4158
0.8085
0.8257
0.4094
0.0791
0.14179999999999998
0.1262
0.125
0.11910000000000001
0.1127
0.1262
0.1362
0.3621
0.601
0.1675
0.1413
0.2283
0.6476999999999999
0.20800000000000002
0.2069
0.2435
0.8451
0.9393
0.2079
0.1741
0.2296
0.2269
0.2037
0.1676
0.2447
0.23120000000000002
0.2269
0.22249999999999998
0.2326
0.45020000000000004
0.502
0.3664
0.3463
0.38
0.5012
0.2339
0.24180000000000001
0.2252
0.186
0.1741
0.2105
0.4798
0.2207
0.4168
0.4727
0.5315000000000001
0.3882
0.2589
0.0636
0.059
0.061799999999999994
0.059899999999999995
0.059300000000000005
0.06709999999999999
0.09459999999999999
0.1642
0.1526
0.1334
0.0691
0.0366
0.0373
0.0354
0.025500000000000002
0.07300000000000001
1.3908
0.1987
0.3489
0.39449999999999996
0.31689999999999996
0.3353
0.19540000000000002
0.0753
0.1389
0.14939999999999998
0.1164
0.11
0.1027
0.10350000000000001
0.1143
0.1753
0.3881
0.1598
0.6022
0.5602
0.3691
0.2057
0.2119
0.19290000000000002
0.1839
0.2865
0.8419000000000001
0.4412
0.4263
0.38139999999999996
0.311
0.20729999999999998
0.0
0.0
0.0052
0.0011
0.0051
0.0
0.0
0.6423
1.7265000000000001
2.6123000000000003
1.7237999999999998
0.7856000000000001
1.1404999999999998
1.3225
1.8418
1.7024
0.3329
0.2842
0.3338
0.24730000000000002
0.1031
0.0363
0.0136
0.0
0.16649999999999998
0.17049999999999998
0.13240000000000002
0.1243
0.1112
0.1236
0.1845
0.21339999999999998
0.2548
0.45320000000000005
0.6255999999999999
0.237
1.1055
0.189
0.1749
0.1341
0.1313
0.1038
0.1915
0.5728
2.0004
1.3022
0.6402
0.2134
0.23959999999999998
0.2144
0.21860000000000002
0.2002
0.181
0.1937
0.1999
0.23470000000000002
0.2639
0.281
0.6404
1.6012
1.3549
1.4607999999999999
0.6767
1.6683
1.7647
0.5275000000000001
0.38160000000000005
0.43400000000000005
0.4324
0.4569
0.4057
0.30369999999999997
0.15439999999999998
0.1447
0.1804
0.16110000000000002
0.137
0.12340000000000001
0.1212
0.1079
0.7066
0.3142
0.0
0.0
0.0
0.0053
0.0078
0.1038
0.12440000000000001
0.0732
0.2019
0.1277
0.2454
0.731
0.7794
0.2897
0.08
0.0788
0.0752
0.0633
0.0648
0.0623
0.06609999999999999
0.0651
0.0538
0.5012
0.5321
0.1966
0.025
0.3343
0.0127
0.0417
0.1084
0.32539999999999997
0.1085
0.0893
0.1099
0.0824
0.0822
0.0824
0.16999999999999998
0.15189999999999998
0.14140000000000003
0.1341
0.1281
0.1237
0.1197
0.1243
0.1366
0.1607
0.19669999999999999
0.24369999999999997
0.1498
0.1491
0.1406
0.1471
0.15239999999999998
0.1986
0.2092
0.1741
0.1984
0.2148
0.2061
0.1906
0.0694
0.0645
0.0755
0.0683
0.0724
0.0953
0.15239999999999998
0.2183
0.2898
0.2775
0.6488
0.20679999999999998
0.1413
0.2653
1.4812
0.5362
0.4746
0.3754
0.4944
0.6685
0.491
0.0854
0.063
0.07419999999999999
0.1483
0.1259
0.1106
0.1033
0.09609999999999999
0.08879999999999999
0.08560000000000001
0.0857
0.0755
0.0935
0.10450000000000001
0.121
0.133
0.1701
0.1683
0.1738
0.1721
0.2495
0.2599
0.22210000000000002
0.2542
0.23199999999999998
0.202
0.1775
0.09720000000000001
0.08310000000000001
0.0781
0.0711
0.0682
0.0748
0.07730000000000001
0.0867
0.0823
0.0769
0.0764
0.2212
0.273
0.15489999999999998
0.44909999999999994
0.2116
0.20229999999999998
0.283
0.1161
0.1021
0.10719999999999999
0.0912
0.0858
0.083
0.26949999999999996
0.2103
0.1724
0.1481
0.1333
0.1343
0.1212
0.1261
0.1466
0.2084
0.30379999999999996
0.2982
0.2592
0.6259
0.8916999999999999
0.5562
0.9273
0.3607
0.5407
0.28680000000000005
0.24730000000000002
0.2476
0.3045
0.30469999999999997
0.1854
0.1756
0.17859999999999998
0.172
0.1678
0.1756
0.1999
0.2138
0.2229
0.2248
0.20789999999999997
0.2252
0.2243
0.2814
0.7917
1.1793
0.6735
0.704
0.9221
0.8689
0.3357
0.2465
0.1848
0.18130000000000002
0.4016
0.3367
0.3472
0.30200000000000005
0.3005
0.2398
1.9529999999999998
1.0109
0.32289999999999996
0.7286
0.3442
0.2512
0.2973
0.2776
0.3291
0.29500000000000004
0.2623
0.2343
0.2203
0.2044
0.2022
0.1641
0.39339999999999997
0.4637
0.0533
0.0419
0.0319
0.034
0.039599999999999996
0.2386
0.013
0.0143
0.0065
0.0
0.0107
0.0097
0.0748
0.0769
0.10999999999999999
0.061
0.4177
0.1565
0.0
0.05789999999999999
1.2524
0.6097
0.37679999999999997
0.1714
0.1523
0.12969999999999998
0.1206
0.11349999999999999
0.1075
0.11069999999999999
0.1251
0.1602
0.4586
0.3964
0.319
0.41600000000000004
0.2494
0.21439999999999998
0.23049999999999998
0.43920000000000003
0.4547
0.5642
0.7170000000000001
0.3301
0.3212
0.3523
0.4828
0.3025
0.0072
0.0009
0.0
0.0005
0.0
0.0
0.0
0.0
0.0
0.0113
0.0155
0.0
0.0
0.0002
0.001
0.0046
0.0078
0.0189
0.0035
0.0007
0.0037
0.031100000000000003
0.0339
0.0153
0.0781
0.0474
0.039900000000000005
0.0366
0.034199999999999994
0.0372
0.0441
0.0562
0.0511
0.0708
0.0598
0.6177999999999999
0.41169999999999995
0.3528
0.17270000000000002
0.1313
0.22849999999999998
0.060300000000000006
0.0445
0.0842
0.11510000000000001
0.1738
0.2183
0.347
0.5889
0.4944
0.496
0.462
0.45030000000000003
0.44
0.4522
0.4571
0.4087
0.3482
0.2912
0.31789999999999996
0.6466000000000001
1.6669999999999998
1.4308999999999998
0.7909999999999999
1.4969999999999999
0.9397
0.48450000000000004
0.5032
1.2829000000000002
0.7104999999999999
0.6015
0.6676
0.039599999999999996
0.0399
0.0471
0.049
0.054
0.0739
0.112
0.1949
0.30979999999999996
0.28959999999999997
0.4414
1.4641000000000002
0.5484
0.8337000000000001
0.4315
0.2484
0.5085
0.8904000000000001
0.2898
0.1981
0.1583
0.093
0.0589
0.0482
0.2542
0.2071
0.19929999999999998
0.1872
0.17930000000000001
0.1871
0.1941
0.2323
0.2928
0.8184
0.7578
0.4697
0.5983
1.6982
1.6542
0.5895
0.47109999999999996
0.4818
0.5327
0.5529
0.5386
0.6208
1.0110999999999999
0.49360000000000004
0.059699999999999996
0.055
0.0529
0.0497
0.0506
0.0624
0.0857
0.146
0.364
0.3397
0.4848
0.7903
0.778
0.4502
1.7852
0.5585
0.2756
0.3965
0.5032
0.4803
0.7893
0.6099
0.2849
0.1103
0.129
0.1098
0.1358
0.1248
0.1345
0.1824
0.8953
0.44720000000000004
0.1263
0.0999
0.0915
0.3369
0.37670000000000003
0.2192
0.1805
1.0344
1.1053
0.7688
0.1047
0.0838
0.1071
0.07569999999999999
0.0801
0.088
0.1328
0.1117
0.07469999999999999
0.0646
0.05789999999999999
0.0605
0.062
0.1473
0.2031
0.0643
0.14689999999999998
0.049199999999999994
0.07289999999999999
0.0838
0.1152
0.0756
0.039900000000000005
0.0299
0.0134
0.18980000000000002
0.2129
0.2761
0.2633
0.1247
0.0
0.0
0.0
0.0
0.0
0.0
0.0
0.0
0.002
0.0383
0.014199999999999999
0.0
0.0267
0.2683
0.1528
0.0289
0.0238
0.3952
0.050100000000000006
0.2635
0.0592
0.0695
0.0535
0.0048
0.1205
0.1245
0.1182
0.1326
0.1583
0.2984
0.2767
0.1439
0.13
0.1386
0.13269999999999998
0.1054
0.11019999999999999
0.10830000000000001
0.10020000000000001
0.087
0.0664
0.1096
0.2583
0.2766
0.1699
0.153
0.1332
0.1115
1.5032
2.7862
4.4215
4.053599999999999
3.0705
2.4375
0.6545000000000001
0.3497
0.2385
0.1724
0.1635
0.2057
0.24009999999999998
0.3133
0.5591999999999999
1.0502
1.3194
1.4851
0.9981
1.9196
4.4794
2.2663
0.753
0.602
0.7303
0.49749999999999994
0.4354
0.1784
0.1479
0.1058
0.11549999999999999
0.1021
0.1326
0.21910000000000002
0.5413
0.6703
0.1059
0.4859
0.39630000000000004
0.1074
0.3026
0.1993
0.2552
0.23120000000000002
0.29159999999999997
0.4844
0.4979
0.5057
0.178
0.15949999999999998
0.1325
0.1436
0.15460000000000002
0.2357
0.2101
0.1311
0.1147
0.1476
0.2923
0.1068
0.1893
0.1481
0.3809
0.1855
0.15139999999999998
0.1986
0.172
0.2213
0.1397
0.1663
0.2015
0.1661
0.309
0.2575
0.3062
0.30110000000000003
0.3009
0.38370000000000004
0.5197
0.435
0.26339999999999997
0.20950000000000002
0.16210000000000002
0.1354
0.3026
0.44089999999999996
1.4864000000000002
0.4879
0.27359999999999995
0.9701
0.3467
0.49449999999999994
2.1479999999999997
0.4286
0.3921
0.3558
0.1143
0.1043
0.0958
0.0898
0.092
0.09709999999999999
0.12360000000000002
0.18009999999999998
0.4917
0.8449
0.6179
0.49570000000000003
0.2509
0.2311
0.21239999999999998
0.20679999999999998
0.6455
0.4729
0.6868000000000001
0.5731999999999999
0.3943
0.2549
0.1588
0.128
0.08979999999999999
0.0814
0.0755
0.07350000000000001
0.073
0.07819999999999999
0.0915
0.1454
0.1859
0.1915
0.14600000000000002
0.1348
0.1843
0.156
0.16549999999999998
0.1926
0.2348
0.2183
0.1642
0.1713
0.15689999999999998
0.17049999999999998
0.16260000000000002
0.1205
0.2499
0.22699999999999998
0.253
0.2544
0.362
0.9339999999999999
0.4859
0.4717
0.2901
0.21739999999999998
0.281
0.3209
0.292
0.48640000000000005
0.7567
1.1865
1.1619
2.4003
0.2859
0.2811
0.2833
0.2074
0.1467
0.1451
0.0565
0.0482
0.0638
0.0694
0.0569
0.07830000000000001
0.1076
0.16449999999999998
0.277
0.1358
0.0291
1.7111
0.9359999999999999
0.3405
2.1068
0.5021
0.9786999999999999
0.7198
0.1936
0.42910000000000004
0.4446
0.1029
0.0456
0.0528
0.1219
0.0684
0.0662
0.06659999999999999
0.0469
0.0523
0.0451
0.0586
0.044
0.0379
0.0687
0.0635
0.048999999999999995
0.6147
1.1813
0.7251
1.1356
1.1434
0.3891
0.27280000000000004
0.3567
0.4525
0.4036
0.2072
0.5123
0.5533
0.47330000000000005
0.4169
0.3861
0.3265
0.3034
0.29100000000000004
0.28080000000000005
0.3498
0.9098999999999999
0.5007
1.1959
0.6732
0.2827
0.2988
0.25839999999999996
0.2229
0.5198
0.6928000000000001
0.7845
0.8612
0.7205
0.528
0.5246
0.5533
0.7437
0.5685
0.48969999999999997
0.40190000000000003
0.3734
0.3402
0.322
0.295
0.41890000000000005
0.9677
0.3095
0.3179
0.3265
0.6071
0.602
0.3941
1.3025
0.3316
0.3474
0.319
0.3247
0.2914
0.1656
0.15360000000000001
0.1454
0.1421
0.1381
0.1431
0.16
0.1925
0.20529999999999998
0.20500000000000002
0.20279999999999998
0.1845
0.1814
0.18409999999999999
0.193
0.1898
0.1726
0.1992
0.1689
0.1744
0.1824
0.20479999999999998
0.2047
0.1792
0.09709999999999999
0.0814
0.07930000000000001
0.0726
0.062
0.0526
0.0388
0.0369
0.0273
0.026600000000000002
0.010499999999999999
0.0068000000000000005
0.015899999999999997
0.0232
0.045200000000000004
0.097
0.4393
0.1471
0.7672
0.6807
0.4689
0.3285
0.1732
0.1404
0.2612
0.2366
0.1921
0.1261
0.0978
0.0847
0.06870000000000001
0.0654
0.067
0.37870000000000004
0.7675
0.7847999999999999
1.3098
0.6007
0.038
0.0
0.005
0.0
0.0019
0.0091
0.0617
0.1371
0.4203
0.39239999999999997
0.2642
0.2587
0.24480000000000002
0.2245
0.2074
0.2031
0.2635
0.3247
2.5601000000000003
0.3802
0.2217
0.2133
0.2469
0.2595
0.20900000000000002
0.1691
0.1484
0.1429
0.15739999999999998
0.34450000000000003
0.7053
0.4412
0.3443
0.264
0.1568
0.1247
0.1173
0.1138
0.1065
0.1131
0.1075
0.4578
0.1911
0.0649
0.0948
0.0482
0.055
0.0648
0.1103
0.4142
0.3438
0.1205
0.1036
0.19840000000000002
0.16560000000000002
0.1855
0.2991
0.2046
0.3022
0.2519
0.2579
0.2368
0.2267
0.20900000000000002
0.1901
0.2091
0.2338
0.3315
0.3598
0.3165
0.7902
0.5254
0.1965
1.5367000000000002
0.808
2.3132
0.6359
0.2798
0.2341
0.2515
0.2954
0.3077
0.2021
0.1921
0.1758
0.15889999999999999
0.1524
0.147
0.1568
0.1557
0.1562
0.45289999999999997
0.2854
0.2396
0.24970000000000003
0.2593
0.2682
0.203
0.1867
0.1362
1.2330999999999999
0.3004
0.5842
0.8253
0.3381
0.24080000000000001
0.0734
0.0556
0.044399999999999995
0.030100000000000002
0.0297
0.0053
0.6216999999999999
0.1162
0.0117
0.0131
0.0135
0.0069
0.0
0.0
0.0
0.0
0.0
0.0427
0.7607999999999999
0.1091
0.6394
0.39239999999999997
0.3335
0.12919999999999998
0.255
0.2375
0.23299999999999998
0.2316
0.2375
0.23620000000000002
0.2736
0.277
0.2561
0.8684
0.6189
0.6107
0.3369
0.3235
0.33209999999999995
0.4162
0.331
0.3009
0.5946
0.2874
0.3319
0.3207
0.33609999999999995
0.3033
0.188
0.1075
0.0213
0.0229
0.0181
0.018299999999999997
0.0212
0.031
0.056499999999999995
0.16570000000000001
0.788
0.31429999999999997
0.30179999999999996
0.18130000000000002
0.1065
0.0879
0.1207
0.1466
0.1635
0.2847
0.3179
0.45830000000000004
0.4679
0.1709
0.26580000000000004
0.1999
0.2061
0.1758
0.1435
0.1462
0.1396
0.1199
0.1182
0.12129999999999999
0.0925
0.1287
0.4708
1.728
1.8964
0.401
0.23900000000000002
0.3236
0.5911
0.7968
0.5337000000000001
0.469
0.6803999999999999
0.527
0.0393
0.029900000000000003
0.0258
0.0249
0.0207
0.0159
0.0178
0.0267
0.0391
0.088
0.0133
0.0335
0.0117
0.0060999999999999995
0.0008
0.0
0.0
0.0154
0.0083
0.0
0.0
0.006
0.0346
0.0377
0.1409
0.1257
0.122
0.1158
0.1099
0.11410000000000001
0.1217
0.139
0.175
0.3236
0.5987
0.6527
0.2507
0.3326
0.3014
0.4008
0.3839
0.3009
0.6174
0.3302
0.2895
0.2744
0.2341
0.18730000000000002
0.0472
0.0187
0.0036999999999999997
0.0049
0.01
0.009000000000000001
0.0264
0.0458
0.0135
0.0615
0.4415
0.0564
0.1778
0.0042
0.0
0.0
0.0255
0.0897
0.1183
0.45640000000000003
0.2158
0.19940000000000002
0.1394
0.05160000000000001
0.007299999999999999
0.0066
0.0095
0.0316
0.0315
0.0536
0.1182
0.21980000000000002
0.1424
0.0071
0.0
0.0
0.0
0.0
0.0
0.0
0.0
0.013
0.153
0.061399999999999996
0.0294
0.0938
0.1254
0.0372
0.0373
0.031299999999999994
0.028
0.0277
0.0341
0.0283
0.0302
0.031299999999999994
0.0241
0.0294
0.0299
0.0169
0.0135
0.0293
0.035
0.0539
0.073
0.8019000000000001
0.7672
0.37129999999999996
0.2824
0.14989999999999998
0.0699
0.0445
0.014
0.0104
0.0275
0.0385
0.0374
0.052000000000000005
0.07669999999999999
0.32849999999999996
1.5766
0.23170000000000002
0.24910000000000002
0.1071
0.08380000000000001
0.1072
0.1382
1.0322
2.0336
0.3618
0.8654999999999999
1.2969
0.5837
0.13290000000000002
0.0504
0.0445
0.1535
0.1478
0.14479999999999998
0.1408
0.1443
0.1677
0.2293
0.2552
0.25980000000000003
0.3376
0.5751000000000001
0.21960000000000002
1.2205
0.2602
0.3759
0.29390000000000005
0.23670000000000002
0.7461
0.4911
0.3593
0.2724
0.2432
0.20739999999999997
0.17099999999999999
0.0
0.0
0.0
0.0
0.0
0.18130000000000002
0.2153
0.1306
0.1345
0.0293
0.061200000000000004
0.06509999999999999
0.1886
0.15560000000000002
0.1821
0.1299
0.9843
0.039599999999999996
0.0104
0.148
0.0078
0.0
0.0
0.0
0.1193
0.10600000000000001
0.1041
0.1057
0.10969999999999999
0.1264
0.216
0.542
0.334
0.5807
0.1394
0.2953
0.1263
0.0926
0.0546
0.055099999999999996
0.17370000000000002
0.11399999999999999
0.0822
0.0703
0.1397
0.1649
0.1261
0.114
0.09709999999999999
0.09670000000000001
0.0994
0.1031
0.11449999999999999
0.13169999999999998
0.3947
0.5394
0.17359999999999998
0.1403
0.12190000000000001
0.1001
0.1041
0.1153
0.1435
0.2592
0.27780000000000005
0.7372
0.26039999999999996
0.19690000000000002
0.13579999999999998
0.1197
0.1033
0.08940000000000001
0.1168
0.1111
0.1293
0.1323
0.126
0.1512
0.37949999999999995
0.6294
0.0443
0.0
0.0
0.0
0.0
0.0
0.0
0.2382
0.5009
0.7522
0.3288
0.365
0.1917
0.1552
0.1253
0.1015
0.15639999999999998
0.4131
0.1513
0.1343
0.1224
0.1261
0.1819
0.397
0.3174
0.609
0.9524
0.2439
0.23770000000000002
0.1381
0.043800000000000006
0.0563
0.1082
0.1543
0.7452000000000001
1.2194
0.6
0.3871
0.2914
0.2102
0.279
0.2357
0.2177
0.2064
0.18780000000000002
0.1896
0.1651
0.48040000000000005
0.2746
0.09770000000000001
0.0905
0.0802
0.0945
0.1112
0.22299999999999998
0.2939
0.2581
0.21839999999999998
0.18030000000000002
0.4113
0.2708
0.19490000000000002
0.1684
0.1659
0.0485
0.0421
0.0237
0.016399999999999998
0.0281
0.0
0.6022000000000001
0.2288
0.0583
0.34550000000000003
0.2589
0.13479999999999998
0.1483
0.08660000000000001
0.202
0.1371
0.0587
0.0676
0.235
0.9614
1.222
0.49560000000000004
0.4381
0.1444
0.2085
0.2064
0.2123
0.2195
0.24080000000000001
0.3285
0.4081
0.25870000000000004
0.21439999999999998
0.2612
0.2407
0.1832
0.1744
0.1901
0.20629999999999998
0.31779999999999997
0.2117
0.1593
0.1827
0.20989999999999998
0.2108
0.21910000000000002
0.2026
0.1997
0.1058
0.0858
0.0833
0.0819
0.0771
0.08099999999999999
0.0993
0.13119999999999998
0.2434
0.2098
0.2094
0.1689
0.1517
0.1784
0.5351
0.1869
0.18259999999999998
0.3563
1.2913000000000001
0.7384999999999999
0.375
0.3275
0.2062
0.1358
0.20190000000000002
0.1899
0.19369999999999998
0.195
0.20079999999999998
0.4426
1.2690000000000001
0.8629
0.8605
1.3328
1.0946
0.2737
0.1846
0.16799999999999998
0.1824
0.24130000000000001
0.4358
1.0708
0.5089
1.4758
0.9794
0.9576
0.5729
0.3053
0.1441
0.1362
0.121
0.11549999999999999
0.1065
0.1086
0.1066
0.1434
0.43920000000000003
0.8111
0.1321
0.14950000000000002
0.23320000000000002
0.17509999999999998
0.18159999999999998
0.1456
0.1216
0.1558
0.217
0.3304
0.35050000000000003
0.3735
0.5851
0.2642
0.14329999999999998
0.13219999999999998
0.1316
0.1293
0.1264
0.1489
0.17720000000000002
0.4236
0.6974
0.2074
0.1305
0.0977
0.13319999999999999
0.1854
0.2825
0.9910000000000001
0.4516
0.3497
0.2701
0.41100000000000003
0.3379
0.37139999999999995
0.3718
0.2112
0.119
0.1117
0.1154
0.10619999999999999
0.1049
0.1196
0.5168
1.0321
0.0726
0.1213
0.1414
0.1622
0.1456
0.137
0.1333
0.149
1.9628
0.6964
0.5283
0.2133
0.2099
0.1555
0.1254
0.1192
0.2168
0.194
0.1986
0.15610000000000002
0.1359
0.11030000000000001
0.0959
0.0675
0.0949
1.5994
0.9578
0.1771
0.0998
0.1339
0.6037
0.4725
0.12279999999999999
0.1481
0.09670000000000001
0.1114
0.1731
0.2792
0.5486
0.40559999999999996
0.0168
0.0161
0.0108
0.0152
0.0178
0.0123
0.0296
0.1809
0.1015
0.024
0.0021
0.0
0.0
0.0
0.0
0.008199999999999999
0.0415
0.1938
0.30179999999999996
0.5069
1.0694
0.5236000000000001
0.18769999999999998
0.0509
0.1422
0.1003
0.0851
0.07550000000000001
0.0672
0.0613
0.0625
0.057300000000000004
0.0409
0.0377
0.030100000000000002
0.028900000000000002
0.1117
0.7753
0.1323
0.1205
0.14129999999999998
0.5749
0.2392
0.4295
0.484
0.22999999999999998
0.2011
0.2224
0.0446
0.032299999999999995
0.0276
0.0304
0.025599999999999998
0.030600000000000002
0.038900000000000004
0.0716
0.1053
0.20029999999999998
0.18130000000000002
0.6329
0.2531
0.356
0.2579
0.1388
0.2322
0.23909999999999998
0.9047000000000001
0.38639999999999997
0.26890000000000003
0.2599
0.1894
0.096
0.0
0.0
0.0
0.0
0.0024
0.0111
0.044700000000000004
0.19569999999999999
0.13690000000000002
0.8557
1.1888
0.0892
0.8209000000000001
0.1175
0.096
0.0906
0.08460000000000001
0.1165
0.6059
0.3594
0.07769999999999999
0.0438
0.0138
0.0077
0.0548
0.044399999999999995
0.0422
0.0422
0.0392
0.0493
0.058499999999999996
0.0737
0.09359999999999999
0.1116
0.1543
0.1607
0.2343
0.8461
0.2761
0.6537
1.1542000000000001
0.3424
0.3983
0.4389
0.6256999999999999
0.45509999999999995
0.2185
0.1128
0.35419999999999996
0.3517
0.36619999999999997
0.3796
0.3741
0.3951
0.4504
0.5358
0.7929999999999999
1.1245
0.9239999999999999
0.773
1.2209
1.1774
1.131
0.7050000000000001
0.677
1.7304
1.3294000000000001
0.8118
0.5013
0.3626
0.2811
0.2803
0.0802
0.0817
0.0901
0.0912
0.08629999999999999
0.09609999999999999
0.1131
0.1181
0.0997
0.0872
0.0642
0.0717
0.097
0.2994
0.3427
0.9902000000000001
0.5701
0.2929
0.1886
0.2052
0.1799
0.13540000000000002
0.09559999999999999
0.08449999999999999
0.08460000000000001
0.0736
0.0758
0.0711
0.07
0.0812
0.11349999999999999
0.1414
0.2712
0.2365
0.2198
0.6385000000000001
0.41200000000000003
0.2692
0.6155999999999999
0.3508
0.379
0.3988
0.4866
0.9817
0.43079999999999996
0.1883
0.1135
0.09309999999999999
0.4285
0.2527
0.24880000000000002
0.4139
0.6091
0.4089
0.36160000000000003
0.34009999999999996
0.29190000000000005
0.1856
0.2504
0.12029999999999999
0.1491
0.0367
0.011200000000000002
0.0071
0.0182
0.0263
0.0337
0.1868
0.1778
0.1486
0.3131
0.531
0.0992
0.0949
0.0907
0.0905
0.0935
0.1082
0.1513
0.2029
0.21589999999999998
0.2193
0.1669
0.1439
0.1847
0.1698
0.161
0.1776
0.24080000000000001
0.2087
0.2358
0.2601
0.1956
0.1649
0.1273
0.10189999999999999
0.1172
0.09209999999999999
0.0785
0.0592
0.0771
0.055600000000000004
0.1676
1.8015999999999999
0.023
0.0897
0.6256999999999999
0.5789
0.2833
0.2549
0.16870000000000002
0.13290000000000002
0.4806
0.1558
0.0695
0.0814
0.1116
0.2361
0.4494
0.3009
0.006999999999999999
0.0095
0.009899999999999999
0.0093
0.011300000000000001
0.0072
0.0473
0.6242
0.2943
0.7683
0.4351
0.1385
0.0659
0.027200000000000002
0.0141
0.0
0.0927
0.1205
0.0382
0.0938
0.20179999999999998
0.1382
0.0276
0.024300000000000002
0.13979999999999998
0.13979999999999998
0.1431
0.1477
0.14
0.1276
0.1171
0.11779999999999999
0.1205
0.1612
0.1276
0.11080000000000001
0.15289999999999998
0.1744
0.1841
0.14850000000000002
0.10850000000000001
0.1028
0.1465
0.17309999999999998
0.1542
0.16499999999999998
0.162
0.1466
0.09609999999999999
0.09809999999999999
0.1041
0.1094
0.10819999999999999
0.1411
0.197
0.3588
0.45099999999999996
0.4559
0.2128
0.3739
0.3726
0.2581
0.29169999999999996
0.2182
0.1466
0.1824
0.3035
0.366
0.184
0.0827
0.0568
0.0658
0.19090000000000001
0.1911
0.1434
0.15689999999999998
0.116
0.11019999999999999
0.1391
0.40199999999999997
0.8603999999999999
0.10569999999999999
0.10120000000000001
0.0603
0.0247
0.0829
0.5966
0.1646
0.2068
0.3254
0.4517
1.2553999999999998
1.776
0.43789999999999996
0.23349999999999999
0.1701
0.11499999999999999
0.1031
0.0959
0.0951
0.0946
0.0931
0.0995
0.10700000000000001
0.109
0.1416
0.1306
0.1211
0.2152
0.2238
0.1652
0.1708
0.1981
0.2356
0.3032
0.2405
0.1913
0.1874
0.1743
0.14350000000000002
0.10650000000000001
0.1031
0.0984
0.0931
0.0955
0.10669999999999999
0.1258
0.1644
0.2529
0.8088
0.5141
0.1362
0.203
0.304
0.7092
0.2442
0.19469999999999998
0.2152
0.2008
0.2583
0.3053
0.34819999999999995
0.24009999999999998
0.1376
0.0
0.0
0.0
0.0
0.0
0.0
0.0
0.0685
0.6902
1.5799
0.6981999999999999
2.2673
1.3495
0.0831
0.0268
0.2608
0.9628
1.5243
0.3164
0.131
0.4894
1.1151
0.7308
0.0
0.1055
0.1007
0.1052
0.1013
0.10200000000000001
0.11130000000000001
0.1194
0.1212
0.1179
0.2365
0.4027
1.2854
0.7423
0.1787
0.2968
0.7673
0.19729999999999998
0.1595
0.20729999999999998
0.19669999999999999
0.18430000000000002
0.17659999999999998
0.15589999999999998
0.12919999999999998
0.0829
0.0625
0.023
0.0291
0.0658
0.1792
0.2419
0.004
0.0171
0.0105
0.0
0.0
0.0037
0.0
0.0
0.0669
0.1628
2.4581
2.7799
0.3466
0.3432
0.255
0.3752
0.541
0.1217
0.064
0.0629
0.0613
0.0537
0.043
0.027000000000000003
0.2495
0.0754
0.0865
0.0142
0.1056
0.0253
0.0
0.0
0.0
0.0
0.0
0.0526
0.2253
0.1893
0.1516
0.2082
0.2901
0.4165
0.4121
0.3725
0.4122
0.3896
0.3463
0.3025
0.26849999999999996
0.2062
2.1374
0.7938999999999999
0.3238
0.3339
0.5192
0.248
0.26639999999999997
0.35340000000000005
0.3831
0.7457
1.7507
0.8339000000000001
0.7868999999999999
0.8266
0.5541
0.08549999999999999
0.0674
0.0641
0.0542
0.0682
0.059
0.0556
0.07369999999999999
0.0127
0.0294
0.47959999999999997
1.2586
0.7065
1.1321
0.2759
0.7101
2.0871
1.1583999999999999
1.659
0.8318000000000001
1.4348
1.6219000000000001
0.7545
0.2666
0.044700000000000004
0.052500000000000005
0.042800000000000005
0.044
0.0474
0.0708
0.2309
0.15960000000000002
0.1303
0.4852
0.05449999999999999
0.0411
0.0569
0.0622
0.0387
0.048600000000000004
0.3087
0.11460000000000001
0.0978
0.5331
0.6786
0.49429999999999996
0.19190000000000002
0.0638
0.0
0.0
0.0
0.0
0.0
0.0
0.0
0.0
0.0
0.0
0.0
0.1662
0.5023
1.6205
0.0
1.0965999999999998
0.0204
0.0201
0.1221
0.1484
0.0832
0.19169999999999998
0.3397
0.0063
0.2204
0.23120000000000002
0.23859999999999998
0.2215
0.2707
0.4687
0.2924
0.32
0.3436
0.9479
0.6226
0.19619999999999999
0.2308
0.3951
1.3746
1.6618
0.20900000000000002
0.183
0.14250000000000002
0.1126
0.1527
0.1392
0.1275
0.1412
0.0895
0.0879
0.0811
0.08499999999999999
0.0834
0.09340000000000001
0.1048
0.2023
0.5981
0.0674
0.0532
0.0621
0.0732
0.086
0.0844
0.096
0.1518
0.2623
0.1983
0.22810000000000002
0.2343
0.1447
0.1017
0.08760000000000001
0.20379999999999998
0.186
0.17759999999999998
0.1735
0.1747
0.1778
0.2123
0.46720000000000006
0.4143
0.2393
0.1869
0.16799999999999998
0.1871
0.1851
0.16849999999999998
0.19169999999999998
0.2883
0.8678999999999999
0.3778
1.3051
1.0463
0.44089999999999996
0.3604
0.264
0.0638
0.0589
0.06420000000000001
0.06230000000000001
0.0723
0.0736
0.1189
0.1208
0.13419999999999999
0.14579999999999999
0.3222
0.089
0.2629
0.4037
0.6166
1.2842
1.666
0.8678999999999999
0.14989999999999998
0.1377
0.17270000000000002
0.1601
0.099
0.0728
0.1543
0.1378
0.1451
0.14889999999999998
0.1589
0.32
0.41500000000000004
0.1427
0.098
0.0808
0.0945
0.0674
0.0911
0.1069
0.1449
0.5819
0.2246
0.1522
1.9926
1.0034999999999998
1.6102999999999998
0.3713
0.2745
0.2
0.1936
0.0237
0.0176
0.008799999999999999
0.0026
0.012799999999999999
0.0608
0.4227
0.0
0.0
0.013
0.0445
0.0347
0.0
0.0
0.0
0.0123
0.1758
0.30650000000000005
0.26549999999999996
0.040999999999999995
0.0
0.0
0.0
0.1817
0.1644
0.107
0.0743
0.060200000000000004
0.0542
0.0538
0.0563
0.023
0.0063
0.0569
0.0224
0.0254
0.2654
1.3189
0.2005
0.2324
0.6443
0.5742
0.3034
0.34809999999999997
0.7201
0.4496
1.2509
0.1848
0.1611
0.146
0.125
0.1207
0.12179999999999999
0.1258
0.1709
0.2613
0.5659
1.1644999999999999
0.7666999999999999
0.6891
1.2751000000000001
0.4515
0.22920000000000001
0.26859999999999995
0.2778
1.0213
1.2428
1.1867
1.096
0.6684
0.37170000000000003
0.0844
0.0858
0.0878
0.08249999999999999
0.0878
0.1106
0.5005
0.5393
0.36719999999999997
0.6667000000000001
0.2021
0.16649999999999998
0.16549999999999998
0.19440000000000002
0.2157
0.6268
0.2522
0.2499
0.298
0.2349
0.19940000000000002
0.1426
0.1027
0.0911
0.2341
0.236
0.2328
0.2369
0.2345
0.2496
0.28859999999999997
0.3359
0.3674
0.4151
0.2848
0.2049
0.2025
0.21989999999999998
0.2355
0.2659
1.0057
1.3236
0.7413
0.5049
0.4466
0.4108
0.2857
0.2306
0.06639999999999999
0.056499999999999995
0.0521
0.0506
0.0492
0.0512
0.054000000000000006
0.06409999999999999
0.0754
0.0883
0.0812
0.051000000000000004
0.044700000000000004
0.0633
0.0852
0.15039999999999998
0.1976
0.16149999999999998
0.1291
0.1116
0.1298
0.1898
0.14900000000000002
0.09290000000000001
0.17049999999999998
0.14639999999999997
0.1473
0.14300000000000002
0.1395
0.1446
0.1523
0.8924
0.7359
0.4852
0.4905
0.5231
0.4828
0.4062
0.2899
1.2946
1.0589
0.7835000000000001
0.4538
0.27980000000000005
0.3621
1.6854
1.2381
0.3841
0.0356
0.0325
0.0379
0.035500000000000004
0.0395
0.0593
0.09759999999999999
0.1712
0.32389999999999997
0.4759
0.4326
0.37679999999999997
0.8845999999999999
0.2384
0.1582
0.1429
0.7922
0.5674
0.21450000000000002
0.2162
0.1643
0.0818
0.047799999999999995
0.0327
0.0938
0.06409999999999999
0.0559
0.059199999999999996
0.0655
0.23809999999999998
0.1984
0.0851
0.06570000000000001
0.0805
0.3985
0.0935
0.09659999999999999
0.058
0.024399999999999998
0.0791
0.1978
0.2046
0.0273
0.9553
0.8592
0.3063
0.2632
0.098
0.006200000000000001
0.0
0.0
0.0
0.0
0.0
0.0
0.0
0.060700000000000004
0.0
0.0
0.0
0.0
0.0
0.0
0.0085
0.0341
0.9473
0.14679999999999999
0.2997
0.1603
0.1678
0.1369
0.0616
0.061700000000000005
0.0513
0.0495
0.052199999999999996
0.0519
0.0589
0.0691
0.054599999999999996
0.0374
0.0302
0.0223
0.0329
0.0625
0.0694
0.2263
0.5653
0.38270000000000004
0.5375
1.0009
0.4494
0.22820000000000001
0.1612
0.1122
0.08990000000000001
0.0526
0.0416
0.045200000000000004
0.0371
0.039599999999999996
0.0435
0.527
0.4781
0.11069999999999999
0.2747
0.2599
0.8793
0.4744
0.1753
0.1766
0.2094
0.23209999999999997
0.3054
0.2734
0.15560000000000002
0.1492
0.1351
0.1138
0.08349999999999999
0.2216
0.1887
0.19219999999999998
0.1893
0.18780000000000002
0.2192
0.26280000000000003
0.41190000000000004
0.7349
1.0183
1.5924
1.8514
2.5033
1.5834000000000001
0.5577000000000001
0.5579000000000001
1.7431
1.6599
0.9406
0.8985
0.9196
0.7192000000000001
0.4445
0.3074
0.0
0.0
0.0
0.0
0.0
0.049199999999999994
0.0432
0.0
0.0
0.0051
0.0
0.0
0.0043
0.0019
0.0
0.026
0.0062
0.0
0.09369999999999999
0.08410000000000001
0.0911
0.0403
0.0171
0.0
0.2859
0.2912
0.2782
0.2673
0.254
0.2662
0.2923
0.3131
0.3849
0.3754
0.44499999999999995
0.6598999999999999
0.428
0.396
0.8077000000000001
0.5078
0.5569999999999999
0.7177
0.6836
0.4027
0.2952
0.2309
0.1995
0.2025
0.14350000000000002
0.1406
0.15339999999999998
0.1491
0.147
0.14950000000000002
0.1256
0.2725
0.2243
0.0597
0.0296
0.1051
0.1468
0.053000000000000005
0.0324
0.047
0.09570000000000001
0.1904
0.2
0.2962
0.21459999999999999
0.0811
0.07899999999999999
0.0775
0.0836
0.0761
0.08180000000000001
0.0547
0.0551
0.38380000000000003
0.3925
0.0833
0.0862
0.8014
0.2144
0.2428
0.0722
0.0406
0.04
0.0335
0.5276
0.0
0.0
0.0
0.0
0.0057
0.1114
0.2218
0.45799999999999996
0.44079999999999997
0.2801
0.2717
0.39480000000000004
0.3085
0.2956
0.2934
0.3125
0.2963
0.8348
0.2914
0.6682
0.7412
0.1904
0.18769999999999998
0.2489
0.2485
0.2106
0.6032
0.4854
0.2274
0.15389999999999998
0.1396
0.12190000000000001
0.10830000000000001
0.1081
0.1046
0.1005
0.1163
0.5596000000000001
0.2812
0.1166
0.10769999999999999
0.1051
0.1023
0.1006
0.1159
0.12460000000000002
0.3095
0.47609999999999997
0.7308
1.1508
1.0485
1.1144
0.4889
0.3396
0.21089999999999998
0.1382
0.101
0.0923
0.0822
0.0815
0.07469999999999999
0.0679
0.0772
0.09490000000000001
0.1123
0.37660000000000005
0.5989
1.4411
0.505
0.6482
0.2128
0.2331
0.24459999999999998
0.4844
0.31889999999999996
0.29000000000000004
0.2923
0.2569
0.19290000000000002
0.13090000000000002
0.1182
0.1138
0.1132
0.11349999999999999
0.12459999999999999
0.38889999999999997
0.1588
0.0525
0.0456
0.0455
0.0426
0.0445
0.0435
0.0464
0.0721
0.1471
0.8229
0.2074
0.5752
0.2603
0.1609
0.1325
0.13269999999999998
0.0451
0.040400000000000005
0.0495
0.0412
0.0455
0.0627
0.1028
0.16920000000000002
0.3573
0.24919999999999998
0.9594
0.8482
0.7258
0.2853
0.7776000000000001
0.4976
0.7773
0.3641
0.2702
0.2129
0.1563
0.0799
0.0577
0.044700000000000004
0.016399999999999998
0.0089
0.0073999999999999995
0.006999999999999999
0.0059
0.0022
0.0
0.0179
0.0955
0.4004
0.0696
0.1271
0.1832
0.038
0.0319
0.3211
0.08099999999999999
0.08529999999999999
0.40809999999999996
0.1524
0.0989
0.128
0.1517
0.0885
0.3623
0.2232
0.2384
0.1858
0.1256
0.07100000000000001
0.011899999999999999
0.0019
0.0
0.0
0.0006
0.0
0.0
0.0
0.0
0.0
0.0037
0.0003
0.312
0.32989999999999997
0.1875
0.3665
0.8612
0.48160000000000003
0.1724
0.18
0.1919
0.17359999999999998
0.21050000000000002
0.6077
0.3185
0.2922
0.26139999999999997
0.3528
0.5805
0.4536
0.1976
0.2238
0.209
0.2948
0.8404
0.5169
0.1316
0.07350000000000001
0.0978
0.0718
0.0897
0.07919999999999999
0.0072
0.0021
0.0423
0.0
0.0
0.0
0.0
0.0
0.0189
0.6256999999999999
0.0
0.0
0.0
0.0
0.0377
0.8051
0.0015
0.0
0.0
0.0
0.0
0.30469999999999997
0.2021
0.2118
0.0821
0.16949999999999998
0.1562
0.0854
0.07880000000000001
0.0694
0.078
0.2953
0.26589999999999997
0.1662
0.009999999999999998
0.1764
0.5094
0.043899999999999995
0.048100000000000004
0.0339
0.013500000000000002
0.0356
0.0525
0.0039
0.0769
0.0877
0.0945
0.1072
0.0
0.0
0.0
0.0
0.0
0.0
0.0
0.0
0.0
0.3766
0.5871
0.0
0.0191
0.1101
0.0456
0.014100000000000001
0.0281
0.0
0.0228
0.2699
0.1164
0.7036
0.9987999999999999
0.0061
0.354
0.2659
0.2348
0.2157
0.199
0.2076
0.4022
0.3402
0.20450000000000002
0.13219999999999998
0.0611
0.0586
0.0608
0.0889
0.479
0.4473
0.5303
0.6801
0.0932
0.0503
0.1189
0.1094
0.1649
0.199
0.09570000000000001
0.0633
0.0596
0.0513
0.0431
0.0366
0.0299
0.034199999999999994
0.0366
0.0593
0.0775
0.1363
0.1691
0.1659
0.2303
0.9261999999999999
0.5328
0.9133
1.0615
0.6897
0.4203
0.2394
0.1936
0.1572
0.09509999999999999
0.048600000000000004
0.0791
0.08579999999999999
0.053
0.0754
0.15889999999999999
0.2546
1.3620999999999999
1.0676999999999999
0.3095
0.1608
0.1512
0.1711
0.1013
1.4002999999999999
1.851
0.32870000000000005
1.5440999999999998
1.7913999999999999
1.5661999999999998
1.5121
0.3446
0.1295
0.0341
0.0493
0.0211
0.0354
0.0238
0.0161
0.059199999999999996
0.2711
0.21860000000000002
0.07100000000000001
0.0911
0.0648
0.07050000000000001
0.0812
0.12990000000000002
0.0749
0.0348
0.41500000000000004
1.6962
1.2831000000000001
0.6834
0.6664
0.7897000000000001
1.0747
0.2628
0.22049999999999997
0.2056
0.21289999999999998
0.19490000000000002
0.20550000000000002
0.2278
0.2912
0.45089999999999997
0.4156
0.4122
0.7253000000000001
0.5545
0.5136000000000001
0.5494
0.5301
1.7577000000000003
2.1267
0.32130000000000003
0.3877
0.48329999999999995
0.5655
0.5456000000000001
0.3838
0.403
0.3325
0.3081
0.25
0.1932
0.15960000000000002
0.155
0.1718
0.1441
0.1303
0.1667
0.1224
0.1202
0.138
0.30389999999999995
0.20450000000000002
0.0657
0.0148
0.0028
0.3063
0.7901
0.47350000000000003
0.4003
0.3016
0.1851
0.1889
0.2118
0.1946
0.1995
0.2862
0.40180000000000005
0.354
0.3119
0.2738
0.308
0.294
0.444
0.3701
0.7014
0.2446
0.2278
0.242
1.0419
0.5057
0.38639999999999997
0.2475
0.1863
0.1699
0.268
0.2256
0.1997
0.198
0.2115
0.6573
0.5448999999999999
0.3238
0.25680000000000003
0.3507
0.3853
0.1903
0.1575
0.1396
0.1231
0.11499999999999999
0.1503
0.4021
0.5771999999999999
0.6707000000000001
0.49160000000000004
0.5766
0.4598
0.2633
0.085
0.07680000000000001
0.0692
0.0683
0.057800000000000004
0.0629
0.0723
0.1043
0.525
0.24730000000000002
0.1056
0.0403
0.0249
0.0405
0.0676
0.1549
1.1437
0.9610000000000001
0.5902000000000001
0.3375
0.27959999999999996
0.4061
0.4258
0.1628
0.0
0.0035
0.0023
0.0
0.0
0.0
0.0
0.1399
0.4641
0.5965
0.33130000000000004
0.2029
0.4149
0.2262
0.1498
0.1244
0.0928
0.2247
0.33640000000000003
0.7394
0.195
0.0378
0.0
0.0
0.1652
0.1612
0.1598
0.16099999999999998
0.16499999999999998
0.1804
0.2529
0.27449999999999997
0.2365
0.23249999999999998
0.216
0.19240000000000002
0.1802
0.198
0.20350000000000001
0.2496
0.25429999999999997
0.22249999999999998
0.2546
0.24180000000000001
0.2187
0.201
0.1702
0.15789999999999998
0.1946
0.15710000000000002
0.14229999999999998
0.1313
0.0928
0.0856
0.07930000000000001
0.0683
0.0354
0.0439
0.0435
0.0841
0.16820000000000002
0.5992
0.2366
0.3648
0.999
0.87
0.377
0.7796000000000001
0.2923
0.15739999999999998
0.1647
0.17049999999999998
0.0
0.0001
0.0013
0.0
0.0
0.0
0.0005
0.2819
0.3303
0.8197
1.3894
1.0534
0.3353
0.15350000000000003
0.119
0.1454
0.26470000000000005
0.41469999999999996
0.2607
0.2404
0.1723
0.0653
0.0016
0.0
0.4687
0.3821
0.29510000000000003
0.2949
0.2692
0.2732
0.3241
0.4582
0.5261
0.5314
1.5875
0.6322
1.3075999999999999
1.4386
0.21239999999999998
0.2503
0.3919
0.6779
1.5573
1.5319
0.6152
0.3503
0.281
0.2235
0.11069999999999999
0.1049
0.0986
0.0973
0.09989999999999999
0.1132
0.1285
0.16160000000000002
0.2097
0.4064
0.2301
0.2593
0.7512000000000001
0.28659999999999997
0.4456
0.3635
0.2082
0.1997
0.7162
0.3106
0.23349999999999999
0.1994
0.1523
0.12279999999999999
0.20679999999999998
0.1887
0.1785
0.17359999999999998
0.1636
0.4891
0.5269999999999999
0.2129
0.19590000000000002
0.19240000000000002
0.1941
0.2094
0.36619999999999997
0.24219999999999997
0.186
0.9607
0.3207
0.3588
1.3727
0.6383
0.7741
0.3902
0.3007
0.2471
0.1335
0.1148
0.1121
0.0995
0.0958
0.09440000000000001
0.10189999999999999
0.1189
0.13219999999999998
0.7132
0.9248
0.1296
0.1446
0.7109000000000001
0.521
0.3327
0.21710000000000002
0.23149999999999998
0.2611
0.2753
0.3254
0.5919
0.43420000000000003
0.2406
0.0794
0.0636
0.07300000000000001
0.06520000000000001
0.0632
0.0738
0.0814
0.0923
0.0884
0.1091
0.3235
0.7
0.28600000000000003
0.7704
0.851
0.9099999999999999
0.6823
1.0323
1.0685
0.5465
0.563
0.2858
0.1726
0.12360000000000002
0.074
0.0629
0.06180000000000001
0.0625
0.0641
0.0749
0.10450000000000001
0.1343
0.1542
0.1152
0.09140000000000001
0.1011
0.1568
1.2119
0.3856
0.3641
0.2603
0.323
0.5043
0.5548
0.3227
0.2007
0.1327
0.0904
0.0628
0.0509
0.0455
0.0437
0.0368
0.0348
0.0378
0.0473
0.0516
0.0772
0.1079
0.0973
0.10289999999999999
0.5791999999999999
0.3166
0.1945
0.7836000000000001
0.34650000000000003
0.2026
0.4679
0.5305
0.3903
0.2124
0.1183
