0.0324
0.030699999999999998
0.030100000000000002
0.0268
0.0299
0.0343
0.0644
0.2028
0.1933
0.1132
0.1628
0.45089999999999997
0.191
0.1605
0.2613
0.2457
0.3366
0.5851
0.1526
0.1502
0.1457
0.0998
0.0589
0.0366
0.2128
0.19130000000000003
0.1808
0.1711
0.1698
0.1794
0.1931
0.2224
0.3018
0.7077
0.5656
0.786
0.7131000000000001
0.38370000000000004
0.3711
0.4345
0.49650000000000005
0.38849999999999996
0.4578
0.8471
0.532
0.5634
0.5248999999999999
0.3552
0.0535
0.058300000000000005
0.057300000000000004
0.0529
0.0599
0.0892
0.1456
0.1824
0.14550000000000002
0.078
0.0774
0.41
0.1168
0.1379
0.1554
0.1478
0.47650000000000003
0.6787
0.054900000000000004
0.053000000000000005
0.0422
0.0146
0.0098
0.019000000000000003
0.0622
0.045200000000000004
0.046299999999999994
0.0469
0.0592
0.064
0.09
0.1538
0.0927
1.6419000000000001
0.6695
0.1229
0.2808
0.2119
0.3257
0.4507
0.9972000000000001
2.1282
0.9963
1.0421
0.7756000000000001
1.0586
0.45039999999999997
0.0721
0.0576
0.0417
0.0353
0.0327
0.0284
0.0296
0.029500000000000002
0.0548
0.0879
0.2984
0.451
0.3463
0.2217
0.2318
0.184
0.1697
0.9432
0.7594
0.7113
0.39949999999999997
0.4141
0.4316
0.2525
0.10729999999999999
0.1441
0.1007
0.1188
0.1296
0.1436
0.2087
1.3643
0.5545
0.2123
0.175
0.1815
0.1877
0.2317
0.3234
1.1963
1.8881000000000001
1.4135
2.2869
0.8351
0.8389
0.5967
0.4167
0.2529
0.19619999999999999
0.0097
0.0022
0.0161
0.001
0.0083
0.0025
0.0
0.0891
1.0291
1.5195
1.8492000000000002
0.5023
0.3113
0.5035000000000001
1.178
0.2616
0.20529999999999998
0.2629
0.314
0.5005999999999999
0.7463
0.4081
0.14
0.0361
0.0
0.0
0.0
0.0
0.0
0.0
0.0
0.0
0.0
0.0
0.0
0.07239999999999999
0.1457
0.3052
0.3905
0.004
0.8855
0.5721999999999999
0.0
1.7365
1.8578000000000001
0.9406000000000001
0.4982
0.0
0.13319999999999999
0.12
0.11299999999999999
0.1054
0.10070000000000001
0.08979999999999999
0.6899000000000001
0.456
0.09709999999999999
0.1128
0.1248
0.1513
0.1242
0.1106
0.1041
0.1926
0.4385
0.1372
0.1762
0.1958
0.7609
0.19319999999999998
0.1568
0.15039999999999998
0.0
0.0
0.0
0.0
0.0
0.0
0.0
0.0
0.0
0.7428
0.7259
0.2299
0.6652
0.0666
0.0532
0.1568
1.2681
1.4179
1.0059
0.792
0.2847
0.0262
0.0
0.0
0.19840000000000002
0.2184
0.2219
0.242
0.2467
0.2688
0.2609
0.1769
0.1379
1.1320999999999999
0.733
0.1393
0.12
0.0759
0.0492
0.0422
0.0537
0.122
0.1174
0.7519
0.34340000000000004
0.3022
0.9396
0.3077
0.0458
0.0568
0.0571
0.0586
0.0696
0.0648
0.07089999999999999
0.0735
0.0
0.0
0.0
0.0
0.0
0.0
1.6829
1.8436000000000001
0.6648
1.5884
0.6129
0.4087
0.4034
0.5597
0.0739
0.0446
0.0658
0.0651
0.056999999999999995
0.0589
0.07039999999999999
0.0866
0.1283
0.15739999999999998
0.2041
0.32720000000000005
0.4025
0.1931
0.0933
0.1115
0.1111
0.1207
0.39449999999999996
0.5848
0.8856
0.1819
0.1567
0.09559999999999999
0.061200000000000004
0.060399999999999995
0.11649999999999999
0.1031
0.1053
0.0947
0.0934
0.1026
0.1225
0.1629
0.2297
0.34740000000000004
0.6622
1.0649
0.6335
0.5072000000000001
0.41900000000000004
0.5388
0.9615
0.5214000000000001
0.5247999999999999
0.45820000000000005
0.3479
0.2653
0.1846
0.14129999999999998
0.1467
0.1295
0.1151
0.10930000000000001
0.1054
0.1154
0.1548
0.18009999999999998
0.15339999999999998
0.111
0.4887
0.14500000000000002
0.1269
0.1271
0.1278
0.1296
0.1206
0.15089999999999998
0.1152
0.2626
0.33240000000000003
0.2857
0.17270000000000002
0.12440000000000001
0.1348
0.12440000000000001
0.1157
0.1132
0.1079
0.10980000000000001
0.1193
0.20350000000000001
0.28959999999999997
0.185
0.1972
0.1903
0.2096
0.1726
0.1544
0.1411
0.1271
0.18769999999999998
0.235
0.2642
0.2744
0.2551
0.2126
0.1608
0.0298
0.045899999999999996
0.0417
0.056999999999999995
0.0355
0.0367
0.34140000000000004
1.8382
0.0
0.0
0.0
0.0
0.0
0.0
0.0
0.0
2.5484
0.25980000000000003
1.5488
1.0093
0.41059999999999997
0.4524
0.2796
0.128
0.0649
0.0446
0.0245
0.015799999999999998
0.0114
0.0074
0.0058
0.0001
0.0022
0.0015
0.0174
0.0293
0.0531
0.158
0.39499999999999996
0.048799999999999996
0.038599999999999995
0.1872
0.4895
0.0829
0.4585
0.8668
0.3454
0.2039
0.4192
0.2399
0.2169
0.1879
0.167
0.3457
1.1835
0.16599999999999998
0.1905
0.21789999999999998
0.3856
0.2834
0.28959999999999997
0.2374
0.2663
0.245
0.218
0.2094
0.43710000000000004
0.5769
0.5139
0.5283
0.8449
0.4889
0.15539999999999998
0.1418
0.1333
0.1247
0.1237
0.1309
0.5238
0.31779999999999997
0.1518
0.21000000000000002
0.24020000000000002
0.119
0.112
0.1085
0.1079
0.10769999999999999
0.0936
0.1061
0.2143
0.3043
0.24180000000000001
0.3104
0.4037
0.2144
0.26780000000000004
0.24509999999999998
0.2508
0.2454
0.2218
0.2465
0.2601
0.28290000000000004
1.2733
0.21810000000000002
0.20350000000000001
0.3064
0.4853
0.41059999999999997
1.0892
0.612
0.5547
0.5672
0.3799
0.9979
0.4879
0.3109
0.2526
0.245
0.0081
0.0074
0.0063
0.0068000000000000005
0.0114
0.0324
0.10069999999999998
0.1071
0.0778
0.0504
0.0518
0.1264
0.0654
0.0627
0.048799999999999996
0.0511
0.0655
0.0534
0.0455
0.0435
0.031200000000000002
0.0013
0.0
0.0
0.0973
0.07930000000000001
0.0702
0.0637
0.0577
0.062
0.0745
0.0959
0.1644
0.3255
0.3408
0.9541000000000001
0.2985
0.29969999999999997
0.5448
0.3097
0.37439999999999996
0.4647
0.23870000000000002
0.2437
0.2495
0.3546
0.3813
0.2092
0.239
0.2521
0.2484
0.25970000000000004
0.2552
0.25
0.2923
1.1814
0.7976000000000001
0.10170000000000001
0.0095
0.0
0.0
0.0
0.0037
0.0337
0.437
1.6586
0.48019999999999996
0.4357
0.38360000000000005
0.3772
0.8698999999999999
1.1097000000000001
0.0571
0.0441
0.0323
0.0339
0.0318
0.0334
0.0325
0.048600000000000004
0.0765
0.4684
0.6809000000000001
0.5365
0.2091
0.4909
0.1881
0.15749999999999997
0.16720000000000002
0.2844
0.34550000000000003
0.4419
0.41069999999999995
0.4898
0.33909999999999996
0.13779999999999998
0.1168
0.1069
0.10200000000000001
0.0993
0.095
0.0932
0.09359999999999999
0.1011
0.1074
0.1062
0.0889
0.08979999999999999
0.0996
0.114
0.1313
0.2029
0.2443
0.2338
0.2232
0.1953
0.1865
0.1733
0.1567
0.1346
0.9183000000000001
0.0379
0.0151
0.0
0.0
0.0066
0.0151
0.0043
0.6149
0.4594
0.2472
0.0257
0.0
0.0
0.0101
0.0043
0.0574
0.104
0.6582
1.6425999999999998
0.3256
0.3095
0.2514
0.1132
0.34030000000000005
0.3025
0.3339
0.3202
0.2806
0.2819
0.2792
0.8192999999999999
0.6065
0.18159999999999998
0.1528
0.1401
0.1454
0.15639999999999998
0.0789
1.9724
0.5446
0.5241
0.313
1.508
0.7485
0.3125
0.25579999999999997
0.2577
0.0484
0.0412
0.0402
0.0416
0.0395
0.052899999999999996
0.1275
0.1577
0.09079999999999999
0.0848
0.0892
0.07100000000000001
0.07239999999999999
0.0742
0.07
0.6278
0.467
0.1889
0.14579999999999999
0.8505
0.5371
0.1889
0.10439999999999999
0.0711
0.0382
0.059300000000000005
0.036699999999999997
0.05890000000000001
0.0565
0.0669
0.0889
0.1105
0.09989999999999999
0.4682
1.072
2.2221
0.5660000000000001
0.44889999999999997
0.24609999999999999
0.2764
0.5444
0.2843
0.2703
0.8452
0.513
0.6073999999999999
1.1092
0.3471
0.13190000000000002
0.1128
0.12940000000000002
0.1594
0.1699
0.15960000000000002
0.0749
0.0818
0.0766
0.0537
0.012
0.0
0.5105
0.49979999999999997
1.3161
0.6697
0.7321
0.5730999999999999
0.2043
0.4776
0.3371
0.3548
0.7622
0.3762
0.1266
0.0952
0.07450000000000001
0.0669
0.0606
0.06839999999999999
0.0631
0.0634
0.050600000000000006
0.0524
0.036199999999999996
0.5382
0.1605
0.339
0.17320000000000002
0.16
0.24860000000000002
0.7304
0.12410000000000002
0.1507
0.1943
0.176
0.15960000000000002
0.1495
0.34919999999999995
0.2985
0.2619
0.2025
0.1565
0.14789999999999998
0.1361
0.1066
0.1096
0.1109
0.0658
0.0625
0.0524
0.0678
0.1207
0.784
1.9301
0.6163
0.4786
0.7487999999999999
0.8833
1.133
0.575
0.44079999999999997
0.0663
0.0547
0.0529
0.0529
0.0604
0.0621
0.1028
0.4935
0.2512
0.1624
0.1033
0.10400000000000001
0.13590000000000002
0.11710000000000001
0.08360000000000001
0.097
0.552
1.3169
0.40700000000000003
0.24059999999999998
0.5075000000000001
0.496
0.3626
0.1038
0.20939999999999998
0.1825
0.16620000000000001
0.1647
0.15839999999999999
0.1619
0.15100000000000002
0.45530000000000004
0.398
0.1071
0.1081
0.0945
0.1015
0.1145
0.1651
0.25970000000000004
0.23209999999999997
0.1799
0.21939999999999998
0.304
0.2499
0.2334
0.24309999999999998
0.2198
0.0939
0.15539999999999998
0.1089
0.0978
0.083
0.0839
0.08310000000000001
0.0834
0.1011
0.14100000000000001
0.125
0.0601
0.0377
0.0605
0.2084
0.08829999999999999
0.0895
0.7335
1.3946999999999998
0.5351
0.21400000000000002
0.3628
0.2102
0.1225
0.31579999999999997
0.2013
0.1252
0.0937
0.06470000000000001
0.0556
0.0282
0.6857
1.2895
0.0
0.0014
0.0
0.023600000000000003
0.0111
0.0107
0.051199999999999996
0.0175
0.8373999999999999
0.011200000000000002
0.0612
0.0024
0.9825
0.2432
0.1047
0.1761
0.0678
0.0562
0.0556
0.056
0.06
0.0581
0.0564
0.0748
0.047400000000000005
0.5386
0.12739999999999999
0.1408
0.6533
0.0632
0.0764
0.2993
0.9299
0.9335
0.21030000000000001
0.2096
0.7235
0.5505
0.219
0.015
0.0108
0.005
0.015
0.0077
0.0049
0.023299999999999998
0.6356
0.4422
0.0991
0.08990000000000001
0.027000000000000003
0.0369
0.017
0.0019
0.0
0.6906
0.0084
0.0268
0.035199999999999995
0.0658
0.1149
0.06420000000000001
0.0242
0.6832
0.178
0.2064
0.1849
0.1775
0.2006
0.2313
0.4501
0.40459999999999996
0.22350000000000003
0.6685000000000001
0.2753
0.2998
0.3001
0.5948
0.3359
0.2144
0.5976
0.171
0.6498
0.4118
0.45030000000000003
1.1637
0.2168
0.6266
0.1651
0.15810000000000002
0.12990000000000002
0.1412
0.14579999999999999
0.1505
0.288
0.6861999999999999
0.38130000000000003
0.9425999999999999
1.0903
0.014
0.0308
0.037099999999999994
0.0197
0.1155
0.8568
0.5945
0.5107999999999999
0.6963
0.6986
0.5476
0.3321
0.0589
0.0625
0.0643
0.0627
0.0723
0.3066
0.19890000000000002
0.1119
0.08929999999999999
0.0885
0.09570000000000001
0.07980000000000001
0.0771
0.0902
0.1124
0.2536
0.9932
0.2007
0.49529999999999996
0.322
0.28259999999999996
0.12340000000000001
0.041800000000000004
0.0498
0.0
0.0
0.0
0.0
0.0
0.0
0.0
0.0031
0.052700000000000004
0.0604
0.0001
0.0
0.0
0.0
0.0136
0.4186
0.521
0.028499999999999998
0.0053
0.5463
0.1526
0.0
0.0
0.0
0.047099999999999996
0.138
0.096
0.0668
0.036199999999999996
0.0166
0.0
0.0009
0.0049
0.0242
0.0205
0.017
0.0112
0.0564
0.07619999999999999
0.0426
0.0145
0.039299999999999995
0.32399999999999995
1.1399
0.8634
0.9615
1.1313
1.2854
0.05789999999999999
0.0668
0.036699999999999997
0.052000000000000005
0.0271
0.058800000000000005
0.10339999999999999
2.1759
1.546
0.39690000000000003
0.7877
0.9973
0.9326000000000001
0.5661
0.34709999999999996
0.3188
0.6381
0.5366
0.6323
0.6827000000000001
0.4594
0.4349
0.28859999999999997
0.1386
0.092
0.043399999999999994
0.0338
0.0333
0.030600000000000002
0.0237
0.0208
0.0324
0.026199999999999998
0.0682
0.4581
0.266
0.2075
0.1138
0.0779
0.0343
0.0964
0.3723
0.6249
1.0411
0.5740000000000001
0.3724
0.241
0.1363
0.0245
0.019700000000000002
0.015099999999999999
0.0157
0.0083
0.014
0.019200000000000002
0.0354
0.0358
0.1362
0.06309999999999999
0.0325
0.0989
0.1523
0.1698
0.3559
1.4344999999999999
0.677
0.4578
0.2334
0.1143
0.0868
0.0664
0.0436
0.0
0.0
0.0001
0.0
0.0002
0.0039
0.0
0.1108
0.4128
0.8715999999999999
0.3133
1.8879
0.9026
0.0809
0.0785
0.10419999999999999
0.26539999999999997
0.2525
0.4746
0.32220000000000004
0.3627
0.3073
0.1604
0.001
0.076
0.0716
0.0603
0.051199999999999996
0.0401
0.0595
0.0413
0.0482
0.2152
0.2382
0.394
0.8531
0.3116
0.2244
0.6889000000000001
0.7242
0.9135
0.6531
0.5364
1.0390000000000001
1.4423
1.7272
1.1374
0.1462
0.1346
0.1085
0.0991
0.09079999999999999
0.0895
0.0934
0.1048
0.1177
0.1352
0.1706
0.22660000000000002
0.18580000000000002
0.271
0.34619999999999995
0.3645
0.178
0.1483
0.1765
0.2314
0.5954999999999999
0.4318
0.4122
0.3147
0.19319999999999998
0.13169999999999998
0.134
0.1382
0.1217
0.1339
0.1084
1.1291
0.4871
0.37270000000000003
1.7112
0.449
0.10980000000000001
0.08249999999999999
0.08510000000000001
0.1328
0.9249
1.6012
1.5152
0.9338000000000001
0.5842
0.5029
0.4054
0.284
0.1784
0.0
0.0
0.0
0.0
0.0
0.0
0.0
0.0
0.0
0.4369
0.4244
0.3101
0.1058
0.9790000000000001
0.3169
0.7090000000000001
1.0252
0.5221
0.944
0.3625
0.0
0.0
0.0
0.0
0.2212
0.20779999999999998
0.2238
0.1965
0.1654
0.1142
0.6579
1.4895
0.2929
1.616
0.8129000000000001
0.0902
0.11660000000000001
0.045
0.0379
0.0104
0.0
0.0224
0.0
0.0
0.0366
0.1534
0.2314
0.285
0.1991
0.176
0.1698
0.1656
0.1659
0.17259999999999998
0.19390000000000002
0.349
0.2571
0.3038
0.2306
0.16849999999999998
0.1486
0.15100000000000002
0.1629
0.23399999999999999
0.3311
0.3712
0.7276
0.2375
0.24769999999999998
0.3374
0.43300000000000005
0.30310000000000004
0.0312
0.0213
0.0143
0.0135
0.0111
0.0117
0.0142
0.014599999999999998
0.0209
0.030900000000000004
0.0687
0.011099999999999999
0.0040999999999999995
0.0206
0.039599999999999996
0.0283
0.0148
0.0733
0.0237
0.0229
0.0617
0.11299999999999999
0.061900000000000004
0.029500000000000002
0.0
0.0
0.0
0.0
0.0
0.0
0.0
0.0
0.346
0.6746
0.8664
1.6431
0.6483
0.0049
0.0
0.13590000000000002
0.2681
0.0
0.0
0.0
0.0
0.0
0.0
0.0
0.1261
0.11860000000000001
0.1157
0.1122
0.1065
0.0978
0.0913
0.0995
0.1047
0.1054
0.0789
0.0686
0.061799999999999994
0.0711
0.07189999999999999
0.1054
0.15510000000000002
0.1411
0.1595
0.1188
0.12129999999999999
0.1452
0.17309999999999998
0.1522
0.10200000000000001
0.08349999999999999
0.0936
0.0906
0.074
0.0933
0.12969999999999998
0.2713
0.7001
0.29209999999999997
0.5506
2.4673
0.5373
0.3434
1.0761
1.1556
1.2687
0.9871
0.3488
0.4101
0.5481
0.3504
0.1899
0.1343
2.7678
3.9576000000000002
5.915900000000001
3.4361999999999995
4.333
1.4522
0.0963
0.121
0.6778
0.3719
0.0659
0.0144
0.0118
0.0
0.0
0.0
0.0355
0.038
0.656
0.0
0.0
0.045
0.0564
0.1188
0.5369
0.5304
0.5223
0.5368999999999999
0.5362
0.5362
0.5375
0.5273
0.5191
0.7908
0.5421
1.0655000000000001
1.2995
0.6229
0.483
1.0945
0.7114
0.31989999999999996
0.3215
0.39180000000000004
0.5033000000000001
0.5609999999999999
0.6257
0.7358
0.0361
0.0265
0.027000000000000003
0.0227
0.0177
0.0287
0.0345
0.026000000000000002
0.2127
0.3136
0.0767
0.0228
0.002
0.0031
0.363
0.349
0.8768
0.6811
0.2123
0.6172
0.2449
0.4193
0.2167
0.0713
0.7356
0.52
0.45730000000000004
0.4002
0.3503
0.3185
0.31520000000000004
0.3054
0.32730000000000004
0.3897
0.5736
0.9753
0.9453
0.5626
0.4556
0.4561
0.4496
0.4911
0.9375
2.1877
0.754
0.5837
0.5871999999999999
0.5528
0.0103
0.0
0.009999999999999998
0.006200000000000001
0.005
0.0
0.304
0.3425
0.017
0.0475
0.0553
0.050699999999999995
0.0465
0.051500000000000004
0.0702
0.49710000000000004
0.6701
0.814
0.6271
0.7072
0.2649
0.1375
0.0263
0.0182
0.06739999999999999
0.061599999999999995
0.0558
0.056499999999999995
0.0542
0.06
0.078
0.17170000000000002
0.1561
0.1032
0.0999
0.127
0.1371
0.1273
0.1473
0.1543
0.1361
0.15389999999999998
0.15960000000000002
0.22110000000000002
0.2287
0.161
0.1053
0.0741
0.0
0.0
0.0
0.0
0.0
0.0
0.0
0.0
0.0
0.0
0.0
0.0
0.0
0.3031
0.032799999999999996
0.0735
0.2691
0.41069999999999995
0.060200000000000004
0.2019
0.3072
0.1486
0.028199999999999996
0.0
0.219
0.1861
0.16460000000000002
0.1502
0.1424
0.1434
0.14950000000000002
0.1637
0.3276
0.31279999999999997
0.2298
0.191
0.1749
0.1978
0.27
0.28080000000000005
0.3055
0.9298000000000001
0.2771
0.5726
0.2625
0.3024
0.3816
0.2667
0.1098
0.046700000000000005
0.0295
0.022199999999999998
0.0177
0.0205
0.022699999999999998
0.0316
0.0318
0.0196
0.0223
0.061399999999999996
0.0949
0.6401
0.0638
0.0303
0.0334
0.49639999999999995
1.0187
0.6513
0.16849999999999998
0.1101
0.0878
0.09190000000000001
0.1777
0.15439999999999998
0.1494
0.1382
0.1326
0.1343
0.1379
0.1431
0.1497
0.15089999999999998
0.3327
0.16099999999999998
0.5629
0.2417
0.4749
0.7898000000000001
0.45999999999999996
0.19319999999999998
0.1404
0.15389999999999998
0.18180000000000002
0.2089
0.2658
0.2383
0.2366
0.2008
0.1759
0.17049999999999998
0.16799999999999998
0.1689
0.1612
0.2087
0.30310000000000004
2.8975999999999997
0.7207
0.3164
0.3503
0.4417
0.7276
0.5598000000000001
0.3146
0.3226
0.31710000000000005
0.29900000000000004
0.39880000000000004
0.8148
0.9155
0.4821
0.3708
0.3493
0.3739
0.426
0.3432
0.3144
0.3147
0.3493
0.5272
0.247
0.1313
0.14229999999999998
0.1789
0.2535
0.38180000000000003
0.8545
0.3539
0.2374
0.127
0.8122
1.0232
0.9375
0.7496
0.3955
0.08410000000000001
0.0722
0.0676
0.0694
0.060200000000000004
0.2615
0.2048
0.0427
0.0437
0.0505
0.0498
0.0435
0.0718
0.052000000000000005
0.0115
1.0133
0.0871
0.26749999999999996
0.38349999999999995
0.3505
0.6592
0.2808
0.2012
0.1383
0.1372
0.1404
0.1508
0.1347
0.1367
0.1633
0.2367
0.2788
0.514
1.1521
0.473
0.1772
0.1792
0.2616
1.0772
0.9362999999999999
2.5521000000000003
1.8647
0.7389
1.3961999999999999
1.7622
0.8901
0.1276
0.15710000000000002
0.1406
0.1138
0.11019999999999999
0.11149999999999999
0.1012
0.0963
0.35340000000000005
0.2854
0.0305
0.0
0.001
0.0
0.0
0.0
0.0
0.0246
0.9225000000000001
1.6974999999999998
2.1401
0.6431
0.7242
0.2921
0.2082
0.1732
0.0208
0.0168
0.0065
0.0146
0.0093
0.0048
0.0178
0.021599999999999998
0.06180000000000001
0.020800000000000003
0.0543
0.1017
1.1319
0.8929
0.1066
0.1513
1.3155999999999999
1.1258
1.0521
0.6134
0.9661
0.8571
0.5087
0.0581
0.1518
0.1346
0.12769999999999998
0.1238
0.12090000000000001
0.1255
0.1275
0.14200000000000002
0.1568
0.15789999999999998
0.1461
0.1404
0.1512
0.1778
0.24070000000000003
0.266
0.2202
0.2306
0.2514
0.2875
0.3205
0.3862
0.33340000000000003
0.21150000000000002
0.0
0.0
0.0
0.0
0.0
0.0
0.0
1.0263
0.6146
0.1077
0.1551
0.0
0.0
0.0
0.0
0.0
0.1697
0.0
0.0666
0.0009
0.0
0.0
0.0
0.0
0.0309
0.022
0.027200000000000002
0.025500000000000002
0.0212
0.031
0.057999999999999996
0.0879
0.087
0.0481
0.1982
0.0547
0.2059
0.5961
0.37210000000000004
0.1947
0.6849000000000001
0.092
0.0674
0.34140000000000004
0.10919999999999999
0.0753
0.0572
0.0358
0.0227
0.0
0.0
0.0107
0.0
0.0009
0.0116
0.0306
0.25229999999999997
0.7439
0.1368
0.34840000000000004
0.2379
1.9282
0.2798
0.1474
0.1678
0.581
1.1919
1.5912
0.0712
0.0
0.0
0.0
0.0
0.0
0.0
0.0
0.0
0.0
0.0
0.0026
0.0
0.0843
0.1133
0.076
0.11660000000000001
0.0225
0.0038
0.0
0.003
0.5803
1.226
0.5189
0.0988
0.0417
0.0
0.0
0.0948
0.0905
0.0847
0.0884
0.09920000000000001
0.1074
0.22369999999999998
0.22089999999999999
0.1302
0.4392
0.156
0.09129999999999999
0.2304
0.1112
0.10120000000000001
0.2988
0.164
0.1531
0.1949
0.30269999999999997
0.1199
0.13440000000000002
0.1369
0.1156
0.07669999999999999
0.0747
0.0775
0.0815
0.1179
0.3421
0.42269999999999996
0.2057
0.15610000000000002
0.13269999999999998
0.0974
0.0788
0.0884
0.101
0.1302
0.33699999999999997
0.2915
0.2548
0.617
0.2899
0.1516
0.1152
0.086
0.0825
0.0716
0.0537
0.071
0.0487
0.08979999999999999
0.7344999999999999
1.3928
0.3597
0.254
0.8933
0.2158
0.1091
0.13290000000000002
0.0895
0.0896
0.19140000000000001
1.2317
1.5105
1.3124
0.1199
0.1182
0.0887
0.0364
0.06080000000000001
0.2046
0.1623
0.1422
0.1343
0.1271
0.1336
0.1357
0.1472
0.15839999999999999
0.1807
0.22710000000000002
0.41979999999999995
0.2793
0.732
0.2754
0.2675
0.3692
0.6077
0.4696
0.4014
0.46399999999999997
0.4534
0.4133
0.3235
0.3824
0.36
0.3143
0.2563
0.2448
0.2228
0.2389
0.2619
0.2737
0.3584
0.38749999999999996
0.30589999999999995
0.5556
1.7878
0.5502
0.47740000000000005
0.3624
2.4128
0.6051
0.33799999999999997
0.2743
0.2651
0.3801
0.6869000000000001
0.12279999999999999
0.11979999999999999
0.1226
0.1197
0.11660000000000001
0.1099
0.0867
0.1262
0.195
0.5508
0.0315
0.0177
0.023100000000000002
0.0235
0.0208
0.042499999999999996
0.056499999999999995
0.0754
0.0652
0.0503
0.1124
0.2993
0.2715
0.1739
0.1069
0.0985
0.0915
0.0915
0.09390000000000001
0.10919999999999999
0.1604
0.1991
0.1636
0.1853
0.1718
0.1406
0.14200000000000002
0.14100000000000001
0.13419999999999999
0.155
0.5994999999999999
0.7726999999999999
0.8677000000000001
0.7195
0.45940000000000003
0.653
0.561
0.15139999999999998
0.082
0.0587
0.0467
0.040999999999999995
0.0381
0.0366
0.0365
0.041
0.035199999999999995
0.0586
0.0741
0.1918
0.13419999999999999
0.19069999999999998
0.129
0.121
0.156
0.19340000000000002
0.3103
0.2133
0.2096
0.18059999999999998
0.1716
0.14250000000000002
0.1586
0.1047
0.0603
0.0581
0.0589
0.061700000000000005
0.0744
0.0842
0.09129999999999999
0.1422
0.5998
0.13219999999999998
0.3226
0.1308
0.0708
0.066
0.1345
0.18930000000000002
0.1466
0.6453
0.3517
0.239
0.15639999999999998
0.098
4.1963
3.5919
3.3223000000000003
3.9069000000000003
1.6833
1.1313
1.9719000000000002
2.7359
1.2072
0.9101
1.0028000000000001
1.7627000000000002
2.4795
0.9828999999999999
0.6164000000000001
0.7076
0.9361999999999999
0.9751
0.9457
0.688
0.433
0.3659
0.26349999999999996
0.2261
0.11080000000000001
0.1196
0.11449999999999999
0.1159
0.1235
0.1262
0.1395
0.12440000000000001
0.1825
0.4001
0.158
0.1693
0.1174
0.1454
0.1517
0.1011
0.6668999999999999
0.1802
0.1383
0.09040000000000001
0.2165
0.21250000000000002
0.0946
0.0932
0.038400000000000004
0.0226
0.0004
0.0091
0.0582
0.0482
0.028999999999999998
0.033
0.0
0.2532
0.8245
0.7745
2.1486
0.0
0.0
0.0
1.1094
0.395
0.3544
0.48240000000000005
0.8726
0.5093
0.1673
0.0165
0.055099999999999996
0.0545
0.053500000000000006
0.0548
0.0565
0.0539
0.1974
0.2117
0.045700000000000005
0.0282
0.0174
0.0089
0.0019
0.0
0.0014
0.004399999999999999
0.0
0.6853
0.4093
0.3742
0.3608
0.1649
0.0581
0.0484
0.034999999999999996
0.02
0.0228
0.0283
0.0196
0.0109
0.0125
0.0434
0.047799999999999995
0.0436
0.0438
0.0199
0.011
0.0071
0.0
0.0675
1.0802999999999998
1.5912
0.5583
0.622
0.7783
0.2669
0.1763
0.0897
0.086
0.0897
0.08879999999999999
0.0902
0.10830000000000001
0.1421
0.2142
0.2994
0.4179
0.6242000000000001
0.41669999999999996
0.1855
0.35850000000000004
0.6031
0.49760000000000004
0.6024
2.3722000000000003
1.5734
1.0076
0.6808000000000001
0.34240000000000004
0.1503
0.0807
0.0944
0.09140000000000001
0.07980000000000001
0.0722
0.0663
0.0681
0.064
0.0655
0.0749
0.0846
0.0943
0.6603
0.8467
0.8706
0.34240000000000004
0.5942000000000001
0.2338
0.2094
0.2369
0.3376
0.2728
0.2384
0.2165
0.1795
0.1322
0.12430000000000001
0.1189
0.10980000000000001
0.1096
0.1074
0.109
0.239
0.4958
0.18969999999999998
0.2793
0.2357
0.2434
0.2611
0.2176
0.3607
0.8689
0.2251
0.1852
0.3109
0.785
0.6114999999999999
0.4227
0.35550000000000004
0.2332
0.1808
0.1617
0.15050000000000002
0.14679999999999999
0.1427
0.1522
0.188
0.25
0.2053
0.1807
0.18209999999999998
0.1966
0.2309
0.216
0.2614
0.2474
0.22110000000000002
0.27959999999999996
0.2333
0.29510000000000003
0.3034
0.2894
0.265
0.2151
0.11449999999999999
0.1059
0.1074
0.1137
0.11510000000000001
0.1168
0.1492
0.15789999999999998
0.1804
0.262
1.0083
0.1864
0.203
0.2539
0.2475
0.2439
0.255
0.8317
0.2328
0.2573
0.2792
0.243
0.1596
0.1297
0.0832
0.07070000000000001
0.0706
0.0726
0.0722
0.07830000000000001
0.0946
0.1412
0.2117
0.402
0.5297000000000001
0.9361999999999999
0.344
0.9037999999999999
0.41100000000000003
0.2754
0.3365
0.8814
0.7577
0.4961
0.29300000000000004
0.2096
0.1362
0.10089999999999999
0.0679
0.0476
0.0518
0.0668
0.0568
0.054900000000000004
0.1125
0.3421
0.6549
0.1222
0.0
0.12159999999999999
0.0408
0.0028
0.0
0.0
0.0
0.1298
0.0665
0.0179
0.0138
0.0529
0.0925
0.10869999999999999
0.1876
0.18309999999999998
0.1774
0.18
0.1818
0.20400000000000001
0.2798
0.3369
0.3067
0.2518
0.2017
0.1846
0.2018
0.2319
0.2773
0.44070000000000004
0.9737
0.7194
0.4485
0.5056
0.5905
0.8047
0.303
0.1903
0.0
0.0
0.0
0.0
0.0
0.0462
0.0624
0.0
0.0
0.2416
0.5873
0.0
0.0
0.0
0.0
0.0
0.0327
0.0036
0.0
0.4104
0.44239999999999996
0.0378
0.0
0.0
0.3534
0.28700000000000003
0.2365
0.2077
0.1895
0.1807
0.1671
0.1648
0.2086
0.2344
0.2323
0.2026
0.1507
0.179
0.5173
1.5162
0.8968
1.4027
1.3266
0.5297000000000001
0.5015000000000001
0.4948
0.5012000000000001
0.4383
0.0742
0.0659
0.0587
0.0582
0.0563
0.0553
0.0565
0.07250000000000001
0.2001
0.11879999999999999
0.1003
0.0958
0.08460000000000001
0.0934
0.1068
0.1185
0.1261
0.1855
0.3293
0.24969999999999998
0.18830000000000002
0.14529999999999998
0.10400000000000001
0.0804
0.15589999999999998
0.1238
0.11449999999999999
0.1108
0.0983
0.1089
0.1241
0.1404
0.2893
0.18430000000000002
0.1592
0.6931
0.29769999999999996
0.2384
0.845
0.3158
0.6211
0.8611
0.2251
0.2216
0.2624
0.2899
0.2764
0.202
0.0193
0.0206
0.0148
0.015199999999999998
0.0166
0.0184
0.06
0.1421
0.1298
0.4568
0.31779999999999997
0.12160000000000001
0.1237
0.1066
0.0853
0.1154
0.6713
0.4917
1.4254
0.5650999999999999
0.3405
0.2292
0.0927
0.0389
0.1622
0.1585
0.15749999999999997
0.1614
0.1626
0.1837
0.3708
0.3005
0.1492
0.12390000000000001
0.11810000000000001
0.1244
0.1417
0.1493
0.1925
0.28959999999999997
0.44730000000000003
0.5998
0.3345
0.33640000000000003
0.2198
0.1573
0.13240000000000002
0.1296
0.030199999999999998
0.0253
0.0212
0.0223
0.0193
0.0178
0.0297
0.1516
0.1308
0.0796
0.07100000000000001
0.07849999999999999
0.0974
0.0709
0.0625
0.10520000000000002
0.2285
0.0937
0.10880000000000001
0.14679999999999999
0.13140000000000002
0.1164
0.0818
0.0453
0.0485
0.0358
0.0392
0.038900000000000004
0.0679
0.0692
0.04920000000000001
0.0179
0.4118
2.0256
1.1101
1.3372000000000002
0.5650999999999999
0.2414
0.1637
0.2417
0.3866
0.5656
1.2738
2.6544
1.2731999999999999
0.526
0.1691
0.0324
0.0542
0.049699999999999994
0.0445
0.0412
0.041999999999999996
0.0484
0.07039999999999999
0.0916
0.1436
0.42279999999999995
0.1314
0.0884
0.0854
0.2538
0.19
0.11130000000000001
0.4747
0.3597
0.5135
0.499
0.2006
0.1023
0.057999999999999996
0.0552
0.149
0.12
0.1203
0.1137
0.1157
0.123
0.1401
0.148
0.1344
0.1457
0.2057
0.18030000000000002
0.23470000000000002
0.13679999999999998
0.1048
0.09490000000000001
0.0541
0.7658
1.1625999999999999
0.6949000000000001
0.2086
0.17509999999999998
0.1399
0.1188
0.18159999999999998
0.1847
0.1928
0.2026
0.2202
0.2326
0.2582
0.272
0.3772
0.3718
0.27590000000000003
0.1557
0.16799999999999998
0.23349999999999999
0.5942000000000001
0.4058
0.449
0.3196
0.2781
0.377
0.3262
0.2854
0.195
0.1599
0.0834
0.0784
0.07189999999999999
0.0717
0.069
0.0822
0.0826
0.3505
0.2873
0.2563
0.3069
0.15860000000000002
0.1724
0.1628
0.18480000000000002
0.38449999999999995
0.559
0.5904
0.5939
0.3052
0.3306
0.6595
0.2489
0.1256
0.0828
0.0789
0.07550000000000001
0.0733
0.0787
0.1278
0.197
0.1728
0.1723
0.2122
0.22460000000000002
0.2028
0.3244
0.21350000000000002
0.2
0.2679
0.40700000000000003
0.3922
0.3331
0.2526
0.2388
0.1804
0.12029999999999999
0.0903
0.172
0.1408
0.1285
0.1127
0.10200000000000001
0.0896
0.0763
0.0826
0.10220000000000001
0.095
0.1057
0.1142
0.1607
0.1291
0.1096
0.9532999999999999
0.254
0.372
1.0046
0.6571
0.4259
0.188
0.1785
0.15789999999999998
0.3424
0.16899999999999998
0.119
0.1359
0.0859
0.0685
0.06420000000000001
0.2155
0.6797
0.1946
0.0
0.0
0.0
0.0
0.0
0.0
0.0
0.0
0.8042
1.4674
1.2374
2.1015
2.2622999999999998
0.7188
0.0
0.0
0.0
0.0
0.0
0.0
0.0
0.0112
0.0443
0.0
0.0
0.0
0.0
0.0
0.0
0.0
0.2399
2.7295
0.7799
0.4031
0.15410000000000001
0.1377
0.6372
0.2903
0.1188
0.1171
0.11699999999999999
0.1187
0.122
0.148
0.19540000000000002
0.1398
0.12680000000000002
0.1414
0.1137
0.0877
0.08
0.08990000000000001
0.0862
0.09
0.0755
0.0793
0.0937
0.0995
0.1395
0.1736
0.1356
0.1177
0.0095
0.0212
0.010499999999999999
0.0109
0.0
0.0113
0.0
1.5303
1.2083
0.0
0.0031
0.0
0.052500000000000005
0.0207
0.0535
0.0021
0.9867
1.8575
1.7445
1.0746
0.8761000000000001
0.1815
0.0491
0.0143
0.0046
0.0
0.0
0.0
0.002
0.0012
0.0021
0.021900000000000003
0.045
0.137
0.0245
0.2284
0.0741
0.893
0.0158
0.045899999999999996
0.1411
0.0513
0.2576
0.5105
0.5622
0.1797
0.15589999999999998
0.0995
0.16849999999999998
0.1216
0.1079
0.13169999999999998
0.1444
0.13219999999999998
0.1157
0.1353
0.11929999999999999
0.1734
0.1595
0.0707
0.4575
0.30379999999999996
0.1621
0.097
0.17559999999999998
0.12160000000000001
0.0305
0.0211
0.0183
0.0692
0.1815
0.1782
0.1256
0.0691
0.0689
0.0605
0.0566
0.0622
0.0733
0.1143
0.2629
0.756
0.9116
1.0415
1.6998000000000002
1.3437000000000001
1.3794
0.8045
1.1235
1.1996
0.568
0.4196
0.48260000000000003
1.2706
1.2539
0.3396
0.2381
0.2059
0.2477
0.3295
0.199
0.1636
0.15039999999999998
0.1597
0.15810000000000002
0.169
0.1562
0.13429999999999997
0.6104
0.5134
0.3701
0.8599000000000001
0.3435
0.3399
0.2321
0.19090000000000001
0.17559999999999998
0.1863
0.2027
0.36760000000000004
0.4334
0.3068
0.2444
0.25370000000000004
0.2385
0.2213
0.2138
0.22749999999999998
0.26580000000000004
0.3137
0.48
0.9219999999999999
1.9051
0.8716999999999999
0.3476
0.395
0.46940000000000004
1.505
0.8334999999999999
1.1131
2.3085999999999998
0.8731
0.7648
0.5696
0.1132
0.1113
0.1069
0.1056
0.1015
0.10389999999999999
0.1157
0.11660000000000001
0.1866
0.48019999999999996
0.1987
0.0911
0.0907
0.11599999999999999
0.5992
0.4298
0.1995
0.1372
0.1331
0.1543
0.14579999999999999
0.1518
0.13140000000000002
0.1071
0.0
0.0
0.0023
0.0007
0.0
0.009
0.029400000000000003
0.0149
0.7612
0.0
0.0
0.0
0.0
0.0
0.0
0.3369
0.623
0.0244
0.2222
0.0178
0.0
0.0
0.0
0.0
0.14550000000000002
0.1794
0.1773
0.17659999999999998
0.14579999999999999
0.1644
0.1707
0.1773
0.1697
0.2027
0.0372
0.7734
0.2809
0.8361999999999999
0.8252
0.23399999999999999
0.0801
0.0885
0.12160000000000001
0.027
0.5925
0.1439
0.09459999999999999
0.1095
0.0186
0.0179
0.0442
0.026099999999999998
0.0401
0.028499999999999998
0.0433
0.0351
0.7182999999999999
0.047
0.0541
0.0193
0.0411
0.0276
0.0
1.8421
0.4031
1.7272
0.4585
0.5697
0.1553
0.0885
0.0392
0.0279
0.0232
0.014799999999999999
0.0308
0.0282
0.0277
0.0402
0.07289999999999999
0.11560000000000001
0.1676
0.1463
0.4617
1.1635
1.0093
0.6114999999999999
0.33540000000000003
1.1616
1.1562000000000001
0.3871
0.3761
0.2688
0.1456
0.0562
0.0389
0.0406
0.0601
0.0509
0.0513
0.0533
0.0531
0.054099999999999995
0.0782
0.0844
0.1011
0.10300000000000001
0.1038
0.1051
0.31579999999999997
0.294
0.2311
0.34709999999999996
0.1781
0.1538
0.1623
0.16549999999999998
0.7208
0.16399999999999998
0.09709999999999999
0.0703
0.1876
0.1907
0.19519999999999998
0.1995
0.20600000000000002
0.2256
0.2375
0.2374
0.2784
0.263
0.15910000000000002
0.1784
0.23060000000000003
0.17770000000000002
0.1328
0.1161
0.36060000000000003
0.4011
0.1372
0.5779000000000001
0.25129999999999997
0.3319
0.4102
0.2563
0.257
0.193
0.1602
0.14379999999999998
0.13690000000000002
0.1406
0.1562
0.1861
0.17720000000000002
0.1871
0.1869
0.19030000000000002
0.44720000000000004
0.7766
0.40900000000000003
0.426
1.1922
2.3841
0.8887
0.685
0.5650999999999999
0.4827
0.4718
0.7229000000000001
0.17049999999999998
0.12240000000000001
0.0865
0.08510000000000001
0.0764
0.07730000000000001
0.06080000000000001
0.041499999999999995
0.0291
0.0319
0.026500000000000003
0.029199999999999997
0.0385
0.0413
0.0478
0.1036
0.25529999999999997
0.4952
0.5615
0.09839999999999999
0.1587
0.1734
0.1975
0.2331
0.2245
0.5637
0.0572
0.0076
0.0
0.0
0.0
0.10389999999999999
0.3486
0.0
2.5148
4.7191
0.0
0.0
0.026
0.0
0.0
0.0
1.2017
0.6151
0.3817
0.7846
1.2851
0.9062999999999999
0.0115
0.0023
0.0062
0.0117
0.0056
0.0036
0.0008
0.0075
0.0175
0.1914
0.0359
0.3917
0.3869
0.3353
0.21150000000000002
0.24280000000000002
0.5364
0.5368999999999999
0.0532
0.034699999999999995
0.0431
0.0579
0.057300000000000004
0.0337
0.2133
0.15760000000000002
0.11660000000000001
0.1008
0.0927
0.0937
0.1128
0.1512
0.5938
0.2706
0.4665
0.2707
0.2737
0.15749999999999997
0.0755
0.0322
0.038599999999999995
0.026
0.0399
0.0702
0.1105
0.13590000000000002
0.12840000000000001
0.1045
0.2899
0.1795
0.1512
0.1532
0.1507
0.1608
0.1772
0.25129999999999997
0.2921
0.29159999999999997
0.6226
0.3163
0.24509999999999998
0.2297
0.21
0.1996
0.20550000000000002
1.4966
0.2516
0.2791
0.4672
0.5322
0.311
0.202
0.19340000000000002
0.18580000000000002
0.1752
0.1678
0.201
0.20500000000000002
0.18780000000000002
0.1874
0.1785
0.221
0.2359
0.1787
0.4937
0.39380000000000004
0.15539999999999998
0.173
0.2768
0.6137999999999999
0.3459
0.3096
0.3254
0.4102
0.3343
0.241
0.1785
0.1639
0.15739999999999998
0.1555
0.1691
0.1876
0.178
0.1454
0.1297
0.1481
0.1638
0.1732
0.26180000000000003
0.1768
0.1421
0.1749
0.2718
0.2791
0.2849
0.9847999999999999
0.1971
0.2377
0.24380000000000002
0.2215
0.11479999999999999
0.048799999999999996
0.0606
0.0499
0.0348
0.0435
0.017099999999999997
0.0196
0.0628
0.05789999999999999
0.0852
0.1763
1.1261
2.7469
0.8036000000000001
0.9833000000000001
1.0099
0.6213
0.5986
0.9073
0.7248
0.6523
0.8004
0.5861
0.1101
0.1673
0.2063
0.1825
0.1814
0.1886
0.2423
0.2411
0.3502
0.1721
0.0834
0.0516
0.0687
0.0989
0.41090000000000004
0.3403
1.3286
0.7786
0.8297
0.743
0.4666
0.7078
0.0304
0.0411
0.06559999999999999
0.0594
0.0516
0.048799999999999996
0.051000000000000004
0.0661
0.11549999999999999
0.1031
0.0816
0.606
0.272
0.1031
0.46950000000000003
0.1222
0.1293
0.2475
0.1842
0.17170000000000002
0.3438
0.4312
0.20429999999999998
0.2123
0.1829
0.1066
0.11580000000000001
0.0876
0.07730000000000001
0.0717
0.0677
0.07619999999999999
0.0775
0.1018
0.1059
0.1136
0.1485
0.33809999999999996
0.5531999999999999
0.2346
0.3074
0.4232
1.0137
1.1471
0.2572
0.25839999999999996
0.33089999999999997
0.3256
0.2937
0.2
0.13290000000000002
0.1174
0.1106
0.1111
0.1071
0.11430000000000001
0.10389999999999999
0.5738
0.1548
0.0613
0.0518
0.0411
0.035699999999999996
0.0502
0.0628
0.1566
0.47109999999999996
0.2903
0.1732
0.6377
0.5608
0.2086
0.1633
0.14350000000000002
0.021699999999999997
0.0219
0.0214
0.02
0.0212
0.034
0.13219999999999998
0.27390000000000003
0.1422
0.116
0.3516
0.1583
0.07919999999999999
0.11130000000000001
0.24509999999999998
0.1471
0.07200000000000001
0.028900000000000002
0.0191
0.11900000000000001
0.0854
0.0369
0.005999999999999999
0.015300000000000001
0.1516
0.1524
0.15089999999999998
0.15339999999999998
0.1748
0.2247
0.222
0.1853
0.17149999999999999
0.2034
0.1445
0.18359999999999999
0.5298
0.2407
0.16649999999999998
0.8909
0.4959
0.2133
0.7703
1.0829
0.43399999999999994
0.22660000000000002
0.1654
0.1577
0.035699999999999996
0.0405
0.0427
0.0308
0.0344
0.0462
0.0776
0.1293
0.5042
0.9912000000000001
0.7849
0.9949
1.004
0.5343
0.6031
0.3812
0.41669999999999996
0.6712
0.4541
0.32
0.2118
0.1041
0.0495
0.0352
0.0271
0.0222
0.0213
0.0183
0.0286
0.0481
0.1985
0.3218
0.1545
0.1141
0.2655
0.4616
0.21500000000000002
0.1785
0.1867
0.2236
0.638
0.7567
0.366
0.2532
0.1473
0.05210000000000001
0.0189
0.0237
0.0736
0.07039999999999999
0.0717
0.08310000000000001
0.0761
0.0955
0.12290000000000001
0.1285
0.10039999999999999
0.0956
0.0567
0.0308
0.0186
0.9996
0.2245
0.29059999999999997
1.1701
0.5726
0.6888
0.9802
0.8947
0.1716
0.0664
0.0679
0.0
0.0
0.0
0.0
0.0
0.0114
0.0
0.8032
0.0
1.1234
0.2087
0.0
0.7035
0.1046
0.0
0.0
0.9655
0.016800000000000002
0.0
0.0401
0.0
0.0
0.0
0.0
0.0
0.0
0.0
0.0
0.0
0.0
0.0
0.0
0.0
0.011
0.0
0.3285
0.1661
0.2775
0.7058
0.036000000000000004
0.015300000000000001
0.0247
0.27290000000000003
0.8022
0.1271
0.0189
0.0049
0.0
0.226
0.1857
0.1835
0.17709999999999998
0.16599999999999998
0.1727
0.19419999999999998
0.1921
0.21710000000000002
0.17880000000000001
0.2104
0.2373
0.4721
0.3164
0.6221
0.5736
0.4132
0.3368
1.6574
1.3227
1.9630999999999998
1.4093
1.2419
0.5488999999999999
0.0847
0.0754
0.07100000000000001
0.07100000000000001
0.0697
0.0659
0.06609999999999999
0.0678
0.0655
0.2487
0.14129999999999998
0.1727
0.1981
0.1725
0.1153
0.2047
0.1034
0.0834
0.0946
0.0646
0.0669
0.0824
0.1112
0.1095
0.0072
0.0051
0.0017000000000000001
0.0046
0.0086
0.0263
0.0269
0.0213
0.0156
0.036000000000000004
0.0291
0.0155
0.054599999999999996
0.0463
0.037000000000000005
0.0429
0.037099999999999994
0.0629
0.109
0.0612
0.030699999999999998
0.0112
0.0052
0.0011
0.2348
0.3569
0.3456
0.2687
0.2562
0.258
0.2883
0.3811
0.7071
1.6999
1.8352
0.5161
0.3434
0.3446
0.2803
0.2601
0.3246
0.3749
0.4736
1.5253999999999999
1.5178
0.2636
0.25170000000000003
0.23820000000000002
0.0014
0.0
0.0
0.0002
0.0
0.0
0.0045
0.0
0.5651
0.1077
0.0535
0.1774
0.1131
0.0736
0.2811
0.0402
0.0089
0.0
0.8492
0.3496
0.2697
0.060700000000000004
0.0115
0.0
0.1277
0.316
1.0156
1.0329
1.0087000000000002
1.3863
1.0128
0.2124
0.20879999999999999
0.09570000000000001
0.036699999999999997
0.0446
0.0988
0.1163
2.1375
0.8602000000000001
1.06
1.4329
2.5694
0.7860999999999999
0.1599
0.1987
0.1022
0.1361
0.241
0.2309
0.22089999999999999
0.218
0.2074
0.20829999999999999
0.2127
0.2345
0.3349
0.5294000000000001
0.7081
0.704
0.3872
0.40700000000000003
0.49829999999999997
0.46499999999999997
0.46950000000000003
1.7951
0.3763
0.3589
0.3351
0.32120000000000004
0.2839
0.2496
0.3061
0.21910000000000002
0.2239
0.199
0.2465
0.4688
0.30670000000000003
0.2474
0.2858
0.4366
0.1317
0.0023
0.0
0.0193
0.035699999999999996
0.038599999999999995
0.0202
1.6564
0.8258000000000001
0.3252
0.4838
0.40399999999999997
0.1489
0.1303
0.0921
0.0785
0.06920000000000001
0.060399999999999995
0.0471
0.0356
0.0292
0.0377
0.0477
0.0611
0.0624
0.0518
0.0398
0.0485
0.0857
0.0933
0.0907
0.0735
0.0508
0.0412
0.0286
0.048799999999999996
0.0779
0.08280000000000001
0.10400000000000001
0.08990000000000001
0.0819
0.07819999999999999
0.07730000000000001
0.0782
0.0818
0.0975
0.1375
0.1906
0.1916
0.34740000000000004
0.1906
0.1613
0.1618
0.1652
0.1805
0.2165
0.2529
0.2225
0.21889999999999998
0.2231
0.2021
0.1524
0.0813
0.0741
0.0733
0.0747
0.0767
0.0853
0.1436
0.1769
0.134
0.1316
0.0678
0.0404
0.0507
0.0606
0.0685
0.1555
0.1815
0.13419999999999999
0.1923
0.1545
0.1528
0.2128
0.17170000000000002
0.1013
0.2404
0.2437
0.2405
0.2314
0.212
0.1995
0.1904
0.1962
0.1915
0.1895
0.1787
0.20490000000000003
0.24059999999999998
0.22010000000000002
0.219
0.22970000000000002
0.2804
0.569
0.5121
0.4787
0.28969999999999996
0.20479999999999998
0.1753
0.1752
0.8029
0.0
0.0
0.0
0.0
0.0
0.0
0.0
0.0
0.0
1.0319
1.2605
0.1203
0.7395
1.05
0.5267999999999999
0.167
1.1646
0.32530000000000003
0.7415
1.1736
0.7452
1.0902
0.4064
0.1021
0.0963
0.0916
0.0887
0.0869
0.0864
0.0891
0.101
0.1438
0.13369999999999999
0.1104
0.15739999999999998
0.1291
0.11649999999999999
0.1091
0.09709999999999999
0.1602
0.24230000000000002
0.1593
0.15789999999999998
0.1694
0.14100000000000001
0.1131
0.10250000000000001
0.10070000000000001
0.09609999999999999
0.0861
0.0809
0.077
0.0781
0.0769
0.0697
0.11960000000000001
0.2521
0.1388
0.481
0.0834
0.0991
0.1205
0.0944
0.1703
0.3885
0.1726
0.1247
0.0926
0.0871
0.0824
0.08360000000000001
0.1409
0.1321
0.12410000000000002
0.11510000000000001
0.1137
0.13629999999999998
0.3941
0.632
0.1501
0.1057
0.1307
0.0955
0.0834
0.07830000000000001
0.07289999999999999
0.0701
0.078
0.3577
0.6835
0.4197
0.23299999999999998
0.18819999999999998
0.1397
0.1178
0.1285
0.10930000000000001
0.1122
0.0974
0.09670000000000001
0.1061
0.1137
0.1823
0.3433
0.6662
1.5299
1.8901
1.5249000000000001
1.0875
1.0067
1.0824
1.3663
1.3460999999999999
1.6947999999999999
1.3896000000000002
1.0583
0.7556
0.40900000000000003
0.24080000000000001
0.0
0.0
0.0
0.0
0.0
0.0
0.0
0.0
0.0728
1.2012
0.5028
0.06
0.3588
1.3091
1.1492
0.644
0.3181
0.088
0.0359
0.0
0.0
0.0
0.0
0.0
0.1965
0.4495
0.7319
0.2831
0.1991
0.1941
0.2416
0.34430000000000005
1.061
0.8401
0.2491
0.5117
0.6877
0.5321
0.1759
0.0646
0.0947
0.1216
0.0664
0.06559999999999999
0.06459999999999999
0.0699
0.1305
0.1658
0.0
0.0
0.0
0.0
0.0
0.0
0.0
0.0
0.2906
0.0943
0.057800000000000004
0.2954
0.13219999999999998
0.048
0.1388
0.1693
0.1285
0.545
0.1249
0.11530000000000001
0.1136
0.10089999999999999
0.046700000000000005
0.0
0.7626
0.5314
0.4632
0.4554
0.4263
0.40800000000000003
0.4344
0.4849
0.5099
0.4554
0.8914
0.7658
0.5458
0.5015000000000001
0.7242
0.8253999999999999
0.6906
0.6526000000000001
1.1
0.7182999999999999
0.7032
0.7357
0.7811
0.7197
0.1187
0.1078
0.1013
0.106
0.0988
0.1036
0.147
0.46649999999999997
1.0174
0.34940000000000004
0.1315
0.1271
0.17099999999999999
0.1861
0.1618
0.20550000000000002
0.3527
0.4469
0.4276
0.1992
0.3744
0.8906999999999999
0.3629
0.1353
0.024300000000000002
0.058499999999999996
0.0953
0.1065
0.1086
0.0716
0.0833
0.0
0.0
0.0
0.0
0.0
0.0
0.0
0.0
0.0
0.0159
0.0
0.0891
0.6103000000000001
0.091
0.8642000000000001
0.0412
0.0319
0.4105
0.3914
0.308
0.2873
0.2767
0.3025
0.4075
0.311
0.2076
0.1936
0.2036
0.1835
0.15860000000000002
0.1628
0.20789999999999997
0.3403
0.331
2.4135
1.7991000000000001
2.391
1.9458000000000002
0.6125
0.46509999999999996
0.3956
0.11460000000000001
0.12279999999999999
0.1265
0.1327
0.1466
0.22039999999999998
0.2049
0.1797
0.1928
0.267
0.1989
0.1464
0.1474
0.1784
0.1429
0.13019999999999998
0.1865
0.9121
0.1314
0.8605
0.40659999999999996
0.3797
0.20540000000000003
0.1353
0.0519
0.0495
0.043
0.0374
0.0366
0.0339
0.0336
0.0817
0.8204
0.9257
0.9783
0.1469
0.0645
0.10350000000000001
0.1243
0.3033
0.7696000000000001
0.2272
0.1225
0.1262
0.16920000000000002
0.1561
0.10089999999999999
0.0784
0.0154
0.0676
0.030100000000000002
0.028
0.0
0.034
0.0542
0.0
0.6626
0.0911
0.2168
1.7588
0.2521
0.0
0.0361
0.1586
0.9082
1.8393
0.7287
1.0882
1.3401999999999998
1.397
0.6899
0.0054
0.066
0.0641
0.056999999999999995
0.0616
0.0559
0.0628
0.0843
0.2261
0.6398
0.32220000000000004
0.1179
0.0959
0.12390000000000001
0.1562
0.16899999999999998
0.1575
0.1112
0.1464
0.3081
0.41969999999999996
0.4636
0.2465
0.1142
0.06739999999999999
0.020999999999999998
0.0066
0.004
0.004
0.0201
0.0166
0.019
0.0156
0.0154
0.07039999999999999
0.0218
0.0
0.199
0.2485
0.014700000000000001
0.0357
0.138
1.2184
0.3411
0.057300000000000004
0.0567
0.0746
0.0746
0.0224
0.1359
0.1258
0.1188
0.1181
0.1117
0.1048
0.1022
0.10650000000000001
0.1101
0.1359
0.131
0.1256
0.20529999999999998
0.1521
0.1221
0.1126
0.1177
0.13740000000000002
0.1197
0.1333
0.11979999999999999
0.12919999999999998
0.1411
0.1367
0.3533
0.2854
0.2685
0.2683
0.2348
0.25939999999999996
0.29900000000000004
0.3639
1.2628
0.495
0.3639
0.3679
0.4462
0.3603
0.37329999999999997
0.7251000000000001
2.8051
1.3374
1.2631999999999999
0.7318
0.5312
0.4614
0.6634
0.8317
0.40359999999999996
0.3683
0.36719999999999997
0.3542
0.3413
0.3437
0.3415
0.35409999999999997
0.3154
0.30910000000000004
0.3176
0.35609999999999997
1.0593
0.6327
0.5031
0.8419000000000001
1.3961000000000001
1.1638
0.8908
1.4439000000000002
0.6485
0.47350000000000003
0.41869999999999996
0.392
0.1581
0.1497
0.1437
0.1417
0.1502
0.1754
0.20079999999999998
0.2818
0.35350000000000004
0.41000000000000003
0.3624
0.1926
0.978
0.7557
0.3664
0.3699
0.655
0.3709
0.33899999999999997
0.5452
0.32799999999999996
0.279
0.22110000000000002
0.1769
0.2352
0.2107
0.1913
0.1703
0.1636
0.1598
0.1632
0.1764
0.1931
0.2385
0.5211
0.3832
0.2964
0.3772
0.6988
0.306
0.2891
0.5529
0.9626
0.31779999999999997
0.3459
0.6558999999999999
0.5408
0.37770000000000004
0.0677
0.0532
0.0615
0.0505
0.060200000000000004
0.07819999999999999
0.3682
0.9544999999999999
0.08679999999999999
0.0438
0.0416
0.0116
0.0346
0.0717
0.13319999999999999
0.062
0.1708
0.6696
0.0471
0.0427
0.9539
0.217
0.1136
0.07719999999999999
0.1147
0.3799
0.227
0.10980000000000001
0.0645
0.0565
0.0411
0.10189999999999999
0.2679
0.375
0.2313
0.12840000000000001
0.06709999999999999
0.0137
0.0
0.0
0.0
0.0289
0.9687
1.7315999999999998
0.2525
0.0339
0.0155
0.028200000000000003
0.0069
0.0
0.0011
0.0
0.0
0.0
0.0
0.0
0.0
0.0
0.0377
0.0
0.0
0.0032
0.8976000000000001
0.39749999999999996
0.2272
0.0876
0.0236
0.5718
0.077
0.1647
0.1376
0.0585
0.077
0.0925
0.10389999999999999
0.10969999999999999
0.11660000000000001
0.15960000000000002
0.2466
0.3762
0.8783000000000001
0.2263
0.3052
0.2203
0.1725
0.1381
0.1375
0.5798
0.8947
0.2041
0.40399999999999997
0.1611
0.0739
0.031
0.0409
0.049600000000000005
0.0
0.0
0.0
0.0
0.0
0.0
0.0553
0.388
0.8662
0.0
0.6535
1.0211
0.3356
0.025
0.0751
0.0146
0.0
0.0303
0.4363
0.0747
0.0
0.0
0.0
0.0
0.1626
0.11460000000000001
0.09459999999999999
0.0923
0.087
0.08940000000000001
0.0987
0.13319999999999999
0.14479999999999998
0.1899
0.3816
0.2
0.38020000000000004
0.126
0.09870000000000001
0.09390000000000001
0.12129999999999999
0.45420000000000005
0.677
0.4547
0.301
0.32430000000000003
0.3575
0.2335
0.8821
0.3634
0.2414
0.2296
0.2152
0.2192
0.2263
0.2549
0.3009
0.2845
0.5475
0.9205000000000001
1.1185
0.9323
0.2963
0.24370000000000003
0.3094
0.2835
0.2576
0.2702
0.3365
0.40549999999999997
0.3983
0.31920000000000004
0.096
0.0925
0.08579999999999999
0.0938
0.0892
0.134
0.4949
0.5136000000000001
0.4759
0.2242
0.1492
0.08660000000000001
0.1056
0.1076
0.1115
0.1298
0.4069
0.10590000000000001
0.0975
0.18009999999999998
0.286
0.356
0.172
0.10389999999999999
0.21439999999999998
0.2391
0.2929
0.25379999999999997
0.2289
0.2663
0.3215
0.382
0.35109999999999997
0.2044
0.2072
0.4681
0.7312
1.9221
2.0528
0.4448
0.4187
0.6096
1.2586
0.3189
0.2289
0.1252
0.1255
0.15889999999999999
0.0344
0.0271
0.027200000000000002
0.0257
0.0339
0.0253
0.034100000000000005
0.0607
0.12060000000000001
0.4379
0.3237
0.2467
0.4524
0.4167
0.17509999999999998
0.1936
0.38639999999999997
0.2498
1.2412
0.7998000000000001
0.6189
0.6799
0.36950000000000005
0.11499999999999999
0.16149999999999998
0.0442
0.019200000000000002
0.0215
0.0166
0.025500000000000002
0.0298
0.0433
0.0387
0.048299999999999996
0.515
0.3695
0.1761
0.5214
0.0708
0.0434
0.1235
0.3528
0.5753
0.6295999999999999
0.42410000000000003
0.406
0.31889999999999996
0.17909999999999998
0.0742
0.07089999999999999
0.07050000000000001
0.0794
0.1105
0.1021
0.083
0.045
0.026000000000000002
0.036199999999999996
0.0376
0.0303
0.0373
0.2495
0.1027
0.8104
0.65
0.9383
0.5577000000000001
0.1951
0.18409999999999999
0.1555
0.11030000000000001
0.0853
0.1147
0.09939999999999999
0.09190000000000001
0.08929999999999999
0.0875
0.0901
0.0944
0.10339999999999999
0.10969999999999999
0.1231
0.1246
0.1308
0.1668
0.17070000000000002
0.1882
0.2098
0.1981
0.2578
0.36219999999999997
0.2844
0.29090000000000005
0.2596
0.21
0.1562
0.0227
0.0236
0.035
0.0285
0.0297
0.0535
0.11030000000000001
0.2617
0.6617999999999999
0.6186
0.5448999999999999
1.3145
0.5017
0.2383
0.1679
0.5726
0.4269
0.1351
0.12390000000000001
0.0796
0.0746
0.045399999999999996
0.0463
0.0412
0.0142
0.0146
0.0115
0.0121
0.01
0.0173
0.0324
0.0838
0.09040000000000001
0.0553
0.1278
0.359
0.0867
0.049699999999999994
0.0582
0.0523
0.0225
0.0479
0.0254
0.018099999999999998
0.009000000000000001
0.0048000000000000004
0.009600000000000001
0.0063
0.3491
0.6692
0.2724
0.1634
0.08549999999999999
0.0733
0.6128
0.6925
0.0898
0.2962
0.481
0.1759
0.1263
0.054000000000000006
0.0267
0.038
0.0079
0.0104
0.0241
0.1352
0.6945
1.0705
1.2690000000000001
0.4592
0.06609999999999999
0.0596
0.0472
0.0473
0.040499999999999994
0.0467
0.0436
0.0853
0.36419999999999997
0.18159999999999998
0.27690000000000003
0.0241
0.027700000000000002
0.057499999999999996
0.2696
0.1779
0.264
0.40209999999999996
0.08399999999999999
0.0533
0.08810000000000001
0.1069
0.1047
0.07089999999999999
0.29059999999999997
0.28990000000000005
0.3019
0.2985
0.3042
0.29100000000000004
0.2427
0.1781
0.1529
1.1035
0.29410000000000003
0.6647
0.44889999999999997
0.1468
0.0576
0.0502
0.0891
0.19419999999999998
0.5387
0.3742
0.4786
0.4339
0.39380000000000004
0.3568
0.1542
0.158
0.16260000000000002
0.1456
0.1169
0.1225
0.1553
0.4854
0.0968
1.2013
0.5476
0.4768
0.1895
0.1321
0.1894
0.158
0.1231
0.1438
0.18769999999999998
0.1659
0.1805
0.3246
0.4591
0.3302
0.07919999999999999
0.06420000000000001
0.0565
0.0536
0.0453
0.0478
0.0596
0.047200000000000006
0.3428
0.1604
0.1416
0.12209999999999999
0.0728
0.09590000000000001
0.17049999999999998
0.5651
0.6513
0.535
0.5615
0.6552
0.678
0.5058
0.198
0.1279
0.262
0.2375
0.2373
0.2358
0.2279
0.23299999999999998
0.2722
0.8291000000000001
0.3678
0.7957
0.49069999999999997
0.32930000000000004
0.23220000000000002
0.22099999999999997
0.214
0.40469999999999995
0.6747000000000001
1.5935000000000001
0.5274
0.3087
0.27790000000000004
0.2512
0.2707
0.2592
0.1711
0.10400000000000001
0.1406
0.0904
0.0884
0.1541
0.6798000000000001
1.931
0.07769999999999999
0.1632
0.2465
0.2723
0.12919999999999998
0.092
0.0853
0.0432
0.2665
0.6554
3.6662
0.2535
0.4073
0.4014
0.3114
0.152
0.13579999999999998
0.1285
0.121
0.1207
0.1259
0.21240000000000003
0.428
0.2747
0.2393
0.26080000000000003
0.2584
0.245
0.2822
0.27090000000000003
0.2599
0.2882
0.3436
0.916
0.7129
0.45999999999999996
0.6424000000000001
0.5124
0.27349999999999997
0.1567
0.1703
0.1625
0.1582
0.1655
0.1575
0.1538
0.16060000000000002
0.1767
0.1941
0.29669999999999996
0.1705
0.1427
0.1627
0.23969999999999997
0.3227
0.2923
0.3479
0.7403000000000001
0.2756
0.3147
0.2323
0.2826
0.3852
0.2398
0.1281
0.1176
0.1134
0.1097
0.10830000000000001
0.1215
0.2933
0.1869
0.11069999999999999
0.1142
0.1212
0.11979999999999999
0.1114
0.1111
0.1109
0.11330000000000001
0.0964
0.1064
0.1288
0.1521
0.1728
0.17409999999999998
0.1583
0.1366
0.0897
0.077
0.0739
0.0706
0.0684
0.0749
0.08529999999999999
0.091
0.0912
0.123
0.1208
0.1074
0.1273
0.2571
0.19590000000000002
0.26539999999999997
0.5584
0.3262
0.5716
0.8136000000000001
0.3179
0.3288
0.19890000000000002
0.125
0.1698
0.1567
0.1497
0.1495
0.1482
0.1492
0.1637
0.16770000000000002
0.1652
0.2254
0.194
0.1595
0.2046
0.18330000000000002
0.3949
0.5998
0.6893
0.8404
0.6519
0.2935
0.2345
0.2536
0.3271
0.26649999999999996
0.0622
0.0666
0.0828
0.0738
0.0948
0.13019999999999998
0.1384
0.09759999999999999
0.099
0.07669999999999999
0.0581
0.0379
0.1557
0.16260000000000002
0.34309999999999996
2.1648
1.5204
1.0506
0.1027
0.2277
0.4892
0.3901
0.3524
0.6021
0.0543
0.0495
0.05
0.044399999999999995
0.044300000000000006
0.0475
0.0627
0.1064
0.2455
0.3157
0.2864
0.2223
0.334
0.2179
0.35819999999999996
0.6466000000000001
0.2832
0.2192
0.2734
0.4307
0.25880000000000003
0.1918
0.1179
0.07339999999999999
0.0489
0.049100000000000005
0.0471
0.050600000000000006
0.0479
0.0539
0.0812
0.15610000000000002
0.4264
0.1438
0.2242
0.3075
0.2061
0.1513
0.1699
0.1271
0.08710000000000001
0.1045
0.459
0.3643
0.18869999999999998
0.0973
0.047299999999999995
0.0414
0.1161
0.10650000000000001
0.10389999999999999
0.1012
0.101
0.11069999999999999
0.15560000000000002
0.1614
0.1336
0.1131
0.111
0.1074
0.1033
0.1299
0.267
0.43279999999999996
0.4489
0.2311
0.16620000000000001
0.2069
0.2955
0.2299
0.14400000000000002
0.1205
0.131
0.10830000000000001
0.1051
0.1033
0.1017
0.1128
0.12329999999999999
0.1936
0.24109999999999998
0.1287
0.0956
0.0933
0.1205
0.1634
0.4325
0.36060000000000003
0.3206
0.5828
0.2072
0.26180000000000003
0.3428
0.4918
0.3863
0.1832
0.1142
0.11069999999999999
0.11
0.1057
0.10930000000000001
0.1298
0.1574
0.19679999999999997
0.2027
0.1686
0.1702
0.19469999999999998
0.6009
0.5186999999999999
0.32030000000000003
0.34850000000000003
0.8506
0.3052
0.3025
0.4397
0.2864
0.175
0.1188
0.1049
0.0688
0.0698
0.0655
0.0635
0.0703
0.0877
0.12260000000000001
0.174
0.2581
0.6606
0.5101
0.2458
0.40700000000000003
0.2621
0.2323
0.2212
0.20729999999999998
1.184
0.2042
0.2259
0.2213
0.1515
0.0975
0.0756
0.0183
0.0115
0.0057
0.0031
0.0008
0.0
0.0
0.0
0.0
0.5502
0.18009999999999998
0.0484
0.0046
0.0060999999999999995
0.0269
0.054
0.0224
0.035100000000000006
0.0958
0.0392
0.0159
0.0221
0.0281
0.0218
0.7137
0.45599999999999996
0.45289999999999997
0.4356
0.4504
0.511
1.0573
0.8362
0.6146
0.5154000000000001
0.5284
0.6132
0.481
0.3637
0.3121
0.31479999999999997
0.3603
0.7314
0.635
0.7195
1.1244
0.8679
0.8556
0.8558
0.0
0.0
0.0
0.0
0.021
0.1553
0.0
0.0
0.0
0.7639
0.0
0.0
0.0758
0.068
0.0
0.1069
0.4557
0.0099
0.0
0.0
0.0
0.0
0.0
0.0
0.19490000000000002
0.18330000000000002
0.1751
0.1733
0.1701
0.1813
0.2207
0.4137
0.5066
0.4074
0.44830000000000003
0.3603
0.3548
0.39580000000000004
0.41469999999999996
0.3316
0.2673
0.21710000000000002
0.2046
0.239
0.3453
0.4298
0.351
0.243
0.7001999999999999
0.35609999999999997
0.2026
0.17509999999999998
0.1784
0.1834
0.1936
0.2979
0.8712
0.3216
0.2899
0.22810000000000002
0.23070000000000002
0.2522
0.2653
0.2481
0.2434
0.2192
0.17
1.1667
0.9462999999999999
0.8401000000000001
0.9039
1.0103
0.269
0.2396
0.2256
0.22139999999999999
0.2133
0.2152
0.2193
0.318
0.4555
0.2505
0.2514
0.3483
0.3295
0.2972
0.3654
0.4115
0.6256
0.3284
0.2397
0.2627
0.2874
0.2801
0.27149999999999996
0.2589
0.0
0.0
0.0
0.0025
0.0002
0.0009
0.5001
0.27290000000000003
0.2274
0.0641
0.0256
0.0536
0.076
0.1646
0.9423999999999999
1.4541
2.1769
0.8314
0.1483
0.3624
0.0
0.0
0.0
0.0
0.0316
0.043899999999999995
0.0313
0.0351
0.0414
0.0411
0.0592
0.7079
0.30610000000000004
0.15910000000000002
0.11149999999999999
0.1012
0.1109
0.1215
0.2364
0.6124
0.5549
2.0361
1.9481000000000002
1.5914000000000001
1.4482
1.5168
0.1624
0.056
0.14279999999999998
0.12840000000000001
0.1281
0.11879999999999999
0.113
0.10300000000000001
0.09129999999999999
0.0905
0.1449
0.5744
0.13390000000000002
0.1844
0.1333
0.15760000000000002
0.2188
0.2932
0.163
0.18409999999999999
0.2435
0.5908
0.8352
0.1966
0.1862
0.1607
0.0529
0.0516
0.051199999999999996
0.0572
0.0492
0.059
0.0745
0.1401
0.18430000000000002
0.36879999999999996
0.0381
0.10830000000000001
0.251
0.11599999999999999
0.1441
0.1074
0.0476
0.0403
0.0208
0.2208
0.2505
0.0702
0.0534
0.0442
0.1301
0.1272
0.12179999999999999
0.122
0.1284
0.15100000000000002
0.19679999999999997
0.19519999999999998
0.2121
0.26280000000000003
0.2051
0.1594
0.17859999999999998
0.1974
0.2014
0.2266
0.501
0.2999
0.2853
0.2989
0.27180000000000004
0.2514
0.1918
0.1451
0.0111
0.009899999999999999
0.0068000000000000005
0.0046
0.0028
0.004
0.0045
0.0317
0.26890000000000003
0.1134
0.1197
0.1644
0.07419999999999999
0.0848
0.11760000000000001
0.1683
0.2018
0.2321
0.1745
0.1562
0.1493
0.09770000000000001
0.0397
0.0132
0.0347
0.0178
0.0283
0.0264
0.0344
0.0069
0.059
0.5283
0.3163
0.1463
0.25229999999999997
0.9662
0.8178000000000001
0.3275
0.3247
0.7892
0.7604
0.7795
0.2955
0.34850000000000003
0.3977
0.2053
0.0867
0.0386
0.2682
0.2416
0.2228
0.2168
0.2079
0.20779999999999998
0.20900000000000002
0.2429
0.3453
0.2754
0.2838
0.4481
0.29769999999999996
0.3066
0.7105
0.48810000000000003
0.4226
0.5654
0.4756
0.4471
0.4722
0.3729
0.30720000000000003
0.27949999999999997
0.136
0.1311
0.1309
0.13119999999999998
0.1212
0.1397
0.1921
0.2397
0.518
0.4805
0.5138
0.9522999999999999
0.1268
0.1195
0.1084
0.16549999999999998
0.2542
0.24839999999999998
1.3001
0.7359
0.9837
0.4689
0.131
0.1124
0.08990000000000001
0.0821
0.0726
0.0716
0.0763
0.0933
0.1382
0.1703
0.1943
0.34199999999999997
0.2988
0.1837
0.36860000000000004
0.2487
0.2626
0.325
0.46649999999999997
0.3438
0.3236
0.48360000000000003
0.3536
0.3735
0.29690000000000005
0.1416
0.258
0.2121
0.2198
0.2163
0.2044
0.2247
0.2612
0.3067
0.4552
0.6441
0.6569
0.5399
0.5095000000000001
1.8858
0.6169
0.48750000000000004
1.23
0.5842
1.0064
2.0585
1.1446999999999998
1.2662
0.9562999999999999
0.4999
0.0
0.0
0.0
0.0
0.0
0.0
0.1365
1.627
2.5352
1.226
0.6296999999999999
0.4004
0.1734
0.044
0.0
0.1504
1.1132
0.4867
0.4171
0.0
0.0
0.0
0.0
0.0
0.1457
0.131
0.1257
0.12840000000000001
0.1252
0.1163
0.1144
0.1212
0.1169
0.122
0.1107
0.1094
0.2203
0.2824
0.2067
0.1725
0.1472
0.1326
0.1432
0.1904
0.19090000000000001
0.20939999999999998
0.2118
0.1713
0.3089
0.25539999999999996
0.2489
0.24280000000000002
0.23049999999999998
0.2362
0.2368
0.2728
0.3014
1.0033
1.2283
1.1611
0.30610000000000004
1.166
1.3719999999999999
0.6734
0.4709
0.6793
0.2771
0.25970000000000004
0.2893
0.24580000000000002
0.2641
0.29369999999999996
0.3869
0.3789
0.3856
0.4012
0.39990000000000003
0.436
1.2085
1.1856
0.45840000000000003
0.3407
0.31510000000000005
0.3117
0.3463
0.37270000000000003
0.39039999999999997
0.5495
1.4693
1.3954
0.9486
1.2952
0.9458
0.4839
0.3621
0.3388
0.2186
0.1933
0.1995
0.1866
0.1718
0.1977
0.1975
0.5611999999999999
0.36860000000000004
0.1985
0.1987
0.2637
0.2215
0.2047
0.0978
1.2605
0.7927
1.0472
0.2042
0.1894
0.1855
0.1512
0.1507
0.1472
0.241
0.2192
0.2132
0.21589999999999998
0.21
0.24810000000000001
0.5207999999999999
0.334
0.2147
0.1711
0.15000000000000002
0.1515
0.1738
0.1896
0.2228
0.5818
0.7837000000000001
1.0362
0.2641
0.2712
0.3544
0.43520000000000003
0.3573
0.2804
0.37929999999999997
0.3514
0.34650000000000003
0.3488
0.3382
0.3594
0.4496
0.9251
0.4734
1.0916000000000001
1.028
0.9819
0.3754
0.3227
0.3032
0.36639999999999995
0.3808
0.44489999999999996
0.5911
0.5044
0.6658000000000001
1.0668
0.6316
0.509
0.12840000000000001
0.1265
0.1211
0.12129999999999999
0.1211
0.13779999999999998
0.1493
0.3329
0.395
0.1898
0.1708
0.1864
0.14939999999999998
0.1522
0.1389
0.1501
0.2996
0.47959999999999997
0.2772
0.2778
0.3839
0.24259999999999998
0.1371
0.11879999999999999
0.016900000000000002
0.013600000000000001
0.0129
0.0182
0.0114
0.0147
0.026199999999999998
0.020900000000000002
0.043
0.0267
0.0275
0.0188
0.002
0.0341
0.1585
0.5072
0.1542
0.237
0.9773
0.5778
0.216
0.1972
0.0862
0.0196
0.10969999999999999
0.0931
0.08360000000000001
0.0802
0.0786
0.0812
0.0862
0.1056
0.0991
0.0969
0.09939999999999999
0.2416
0.1401
0.1116
0.1064
0.12229999999999999
0.1633
0.17459999999999998
0.1305
0.1577
0.202
0.1784
0.1661
0.1434
0.2081
0.19590000000000002
0.18930000000000002
0.187
0.1858
0.16920000000000002
0.1562
0.1208
0.1104
0.1013
0.3051
0.1351
0.1167
0.11410000000000001
0.0843
0.6355
0.2673
0.1688
0.7486
0.1459
0.2908
0.2953
0.1764
0.19090000000000001
0.0907
0.0717
0.069
0.061200000000000004
0.0561
0.046799999999999994
0.0527
0.0799
0.07830000000000001
0.0882
0.0938
0.1547
0.3726
0.07239999999999999
0.0679
0.4912
0.3851
0.1627
0.2989
0.22260000000000002
0.15489999999999998
0.1612
0.22810000000000002
0.1991
0.1503
0.1389
0.13190000000000002
0.1298
0.1288
0.1396
0.1578
0.1871
0.2516
0.2647
0.3392
0.40549999999999997
0.2825
0.2972
0.3695
0.3278
0.3016
0.4672
0.46109999999999995
0.3956
0.3887
0.3025
0.2082
0.1638
0.0241
0.0194
0.0127
0.0058
0.01
0.0701
0.4893
1.0487
0.31779999999999997
0.1432
0.0904
0.07250000000000001
0.06870000000000001
0.0606
0.0605
0.0529
0.5013
0.2532
0.8773
0.4092
0.0713
0.038
0.0218
0.0276
0.06559999999999999
0.06570000000000001
0.0627
0.0555
0.0571
0.0686
0.089
0.5315
0.3137
0.1375
0.1351
0.19119999999999998
0.1526
0.127
0.1016
0.09390000000000001
0.292
0.6263
1.4562
0.488
0.309
0.27749999999999997
0.1999
0.1215
0.1424
0.10729999999999999
0.1069
0.1213
0.2405
0.3061
0.06259999999999999
0.0442
0.0316
0.05790000000000001
0.0657
0.0424
1.1438
0.3694
0.1197
1.9497
1.1791
1.693
1.4357000000000002
1.2305
0.44229999999999997
0.1488
0.1396
0.14029999999999998
0.2982
0.2499
0.34740000000000004
0.3383
0.27690000000000003
0.2695
0.838
1.1933
0.0329
0.019799999999999998
0.0052
0.0
0.0
0.0002
0.032
0.1507
0.2303
1.0105
1.5695999999999999
0.9666
0.5779000000000001
0.1627
0.1216
0.2809
0.1022
0.1238
0.1361
0.15560000000000002
0.1419
0.387
0.5311
0.7247
1.3559999999999999
0.7381
0.3007
0.2902
0.235
0.4313
0.9341999999999999
0.4899
1.0135
0.7850999999999999
0.7498
1.8064
0.2489
0.11810000000000001
0.0997
0.1128
0.15
0.1376
0.1477
0.1411
0.13069999999999998
0.1296
0.1283
0.1237
0.1148
0.14300000000000002
0.09140000000000001
0.35850000000000004
0.4608
0.4671
0.19640000000000002
0.1629
0.1347
0.10239999999999999
0.1164
0.28300000000000003
0.5119
0.139
0.14579999999999999
0.1247
0.25970000000000004
0.2447
0.2364
0.2281
0.2163
0.21250000000000002
0.2051
0.2018
0.2108
0.4139
0.2589
0.7562
0.5229
0.4967
0.2804
0.2605
0.2192
0.2081
0.2255
0.2713
0.33140000000000003
0.36360000000000003
0.36850000000000005
0.3345
0.0834
0.0982
0.047
0.0252
0.0201
0.011099999999999999
0.0487
0.0277
0.5465
0.0619
0.23470000000000002
0.059399999999999994
0.0409
0.0838
0.343
0.0992
0.0386
0.34349999999999997
0.3702
0.0736
1.5716999999999999
0.7713
0.22699999999999998
0.2328
0.26380000000000003
0.1833
0.1207
0.12029999999999999
0.1365
0.6716
0.1119
0.0178
0.0052
0.0
0.0
0.008900000000000002
0.0097
0.0144
0.0155
0.0242
0.0111
2.1324
1.2063000000000001
0.311
0.3577
0.2217
0.2301
0.4317
0.0775
0.0718
0.0673
0.0652
0.0635
0.0746
0.113
0.2935
0.1635
0.14350000000000002
0.1065
0.08449999999999999
0.0994
0.10289999999999999
0.11069999999999999
0.2142
0.3243
0.21700000000000003
0.33799999999999997
0.3016
0.1832
0.1829
0.14800000000000002
0.1005
0.1444
0.1352
0.1331
0.1298
0.1311
0.1422
0.1653
0.1658
0.1189
0.1913
0.1683
0.36879999999999996
0.27590000000000003
0.12179999999999999
0.0983
0.1267
0.1542
0.1237
0.2392
0.3419
0.2268
0.2189
0.20879999999999999
0.1877
0.0728
0.0578
0.0521
0.052199999999999996
0.0485
0.0569
0.0531
0.0754
0.09440000000000001
0.13890000000000002
0.19879999999999998
1.2885
0.5971
0.6109
0.12009999999999998
0.0959
0.08399999999999999
1.1819000000000002
0.38280000000000003
0.2519
0.2652
0.2462
0.1795
0.1059
0.1737
0.1435
0.14579999999999999
0.1177
0.1509
0.1263
0.129
0.1048
0.0625
0.0219
0.4607
0.3337
0.4548
0.4188
0.0988
0.1735
0.6026
0.0826
0.0611
0.1023
0.11299999999999999
0.12490000000000001
0.1332
0.14190000000000003
0.0
0.0
0.0
0.0029
0.0
0.0
0.0
0.0104
0.1348
0.6507000000000001
1.4658
1.7953000000000001
1.4343
0.1154
0.2809
1.1196000000000002
1.2694
0.5533
0.9672
0.49239999999999995
0.0
0.0
0.0
0.0
0.0436
0.042499999999999996
0.045
0.0469
0.0462
0.0649
0.0776
0.0806
0.07919999999999999
0.083
0.0089
0.397
0.18780000000000002
0.13419999999999999
0.1943
0.2598
0.0719
0.0746
0.1382
0.06870000000000001
0.28
0.0606
0.0281
0.0339
0.0
0.0
0.0
0.0
0.0
0.0
0.0041
0.0844
0.22199999999999998
0.0221
0.2465
0.09029999999999999
0.10300000000000001
0.045700000000000005
0.0406
0.039599999999999996
0.10149999999999999
0.3246
0.20829999999999999
0.5158
0.21839999999999998
0.2758
0.20080000000000003
0.0441
0.3106
0.2931
0.36350000000000005
0.3397
0.1866
0.15610000000000002
0.1288
0.0994
0.0769
0.0788
0.0743
0.08460000000000001
0.1091
0.3398
0.4487
1.0751
0.6963
1.3442
0.7005
0.6085
0.34809999999999997
0.33799999999999997
0.44229999999999997
0.5034
0.0009
0.0109
0.0127
0.0177
0.0201
0.01
0.0075
0.0
0.038
0.4364
2.2116000000000002
0.9851000000000001
0.5556
0.9077
0.9812
0.3339
0.8120999999999999
0.8762000000000001
0.34309999999999996
0.5205
0.5721
0.3947
0.19740000000000002
0.0647
0.1557
0.135
0.1301
0.1169
0.10869999999999999
0.1153
0.1417
0.24
1.5798
0.6107
0.2752
0.169
0.1179
0.1308
0.1417
0.41500000000000004
1.0105
0.31920000000000004
0.2813
0.19319999999999998
0.2193
0.8044
0.5254
0.2404
0.0654
0.09179999999999999
0.0902
0.0774
0.06520000000000001
0.0871
0.18030000000000002
0.6071
0.1006
0.28200000000000003
0.133
0.23349999999999999
0.20829999999999999
0.0378
0.009600000000000001
0.0
0.0064
0.0315
0.0509
0.020999999999999998
0.0594
0.049600000000000005
0.0496
0.0545
0.09770000000000001
0.0948
0.0895
0.0864
0.07980000000000001
0.0869
0.1235
0.3613
0.9309
0.47719999999999996
0.3831
0.39339999999999997
0.41000000000000003
0.3605
0.3806
0.4974
0.7959999999999999
0.5061
0.3207
0.2831
0.2647
0.2299
0.1774
0.1251
0.0251
0.021400000000000002
0.0196
0.0154
0.0171
0.0129
0.0552
0.7191
0.1371
0.1493
0.2746
0.4514
0.19419999999999998
0.1256
0.09159999999999999
0.07300000000000001
0.2531
0.2671
0.4139
0.189
0.14150000000000001
0.0964
0.062
0.0411
0.0832
0.0804
0.07289999999999999
0.0761
0.0716
0.0805
0.0948
0.2062
0.4
0.3527
0.2873
0.5503
0.23520000000000002
0.2242
0.3319
0.3501
0.19340000000000002
0.19979999999999998
0.20829999999999999
0.23909999999999998
0.36819999999999997
0.3766
0.22920000000000001
0.1296
0.0839
0.0479
0.053500000000000006
0.0605
0.0362
0.0419
0.040999999999999995
0.051699999999999996
0.0757
0.09989999999999999
0.12010000000000001
1.3569
0.3897
0.2157
0.8076
0.8407
0.7751
0.39390000000000003
0.4106
1.4606
0.6478
0.2876
0.155
0.09570000000000001
0.0543
0.0264
0.0258
0.0298
0.0254
0.0246
0.016399999999999998
0.0091
0.0663
0.3305
0.7235
0.32920000000000005
0.0424
0.0856
0.283
0.1222
0.12639999999999998
0.27440000000000003
0.4554
0.22089999999999999
0.22399999999999998
0.32930000000000004
0.2351
0.1061
0.1073
0.09870000000000001
0.0958
0.0938
0.09390000000000001
0.126
0.20989999999999998
0.1089
0.0647
0.0663
0.0589
0.0611
0.058
0.0624
0.0723
0.17149999999999999
0.26
0.2421
0.2331
0.1654
0.17120000000000002
0.13529999999999998
0.111
0.1041
0.05
0.045899999999999996
0.044399999999999995
0.0466
0.049699999999999994
0.064
0.10239999999999999
0.08230000000000001
0.0801
0.105
0.0663
0.0275
0.0305
0.041400000000000006
0.0378
0.043
0.06609999999999999
0.0615
0.0646
0.1095
0.1157
0.1499
0.1038
0.0584
0.023399999999999997
0.0171
0.0127
0.0134
0.015300000000000001
0.0594
0.08449999999999999
0.0393
0.0185
0.0373
0.0401
0.0095
0.048600000000000004
0.051699999999999996
0.0988
0.1082
0.1162
0.1252
0.0549
0.0608
0.06820000000000001
0.0943
0.0765
0.0359
0.0
0.0
0.0
0.0
0.0
0.0
0.0
0.0
0.0
0.5472
0.5962
0.2837
0.31679999999999997
0.0361
0.267
0.7076
0.22260000000000002
0.1576
1.0851
1.365
0.4716
0.0272
0.0
0.0
0.7331000000000001
0.2833
0.26249999999999996
0.2212
0.1787
0.1869
0.20440000000000003
0.20129999999999998
0.1489
0.0714
1.1444
3.2835
0.3981
0.4047
0.2663
0.2808
0.3014
0.352
0.45940000000000003
1.1564999999999999
0.4458
0.4514
0.6586000000000001
1.359
0.0366
0.030600000000000002
0.026000000000000002
0.0281
0.025599999999999998
0.0297
0.0318
0.027299999999999998
0.0116
0.0217
0.0086
0.0066
0.039900000000000005
0.0259
0.030600000000000002
0.055
0.1142
0.1427
0.0591
0.052099999999999994
0.0208
0.023100000000000002
0.040499999999999994
0.0364
0.1231
0.12290000000000001
0.1227
0.12140000000000001
0.1189
0.12040000000000001
0.123
0.151
0.1957
0.18280000000000002
0.1312
0.0995
0.0832
0.1006
0.1064
0.1225
0.1077
0.1105
0.1867
0.18230000000000002
0.19879999999999998
0.1779
0.11599999999999999
0.1059
0.2014
0.1302
0.1192
0.1247
0.1105
0.11380000000000001
0.11560000000000001
0.14550000000000002
0.19340000000000002
0.261
0.48139999999999994
0.8859
0.2268
1.5226000000000002
1.2265
0.8044
0.4357
1.2393
0.5292
0.35119999999999996
0.2901
0.241
0.32699999999999996
0.8624
0.111
0.1018
0.09409999999999999
0.0902
0.0843
0.0859
0.09359999999999999
0.09809999999999999
0.0862
0.093
0.1037
0.1414
0.1988
0.36819999999999997
0.1693
0.15489999999999998
0.1645
0.3222
0.2283
0.19090000000000001
0.1642
0.1193
0.09809999999999999
0.0936
0.1026
0.0954
0.0939
0.09259999999999999
0.09140000000000001
0.3508
0.4741
0.13319999999999999
0.1445
0.1306
0.1436
0.0974
0.1096
0.1057
0.1062
0.1068
0.3028
0.1717
0.1076
0.11399999999999999
0.18929999999999997
0.3443
0.1424
0.1011
0.1456
0.12040000000000001
0.1196
0.1144
0.1218
0.1238
0.1501
0.193
0.23920000000000002
0.2649
0.3573
0.2903
0.3438
0.31120000000000003
0.4782
0.27849999999999997
0.23270000000000002
0.9113
1.5312000000000001
0.4878
1.1038999999999999
0.7126
0.2541
0.15089999999999998
0.0294
0.0346
0.028999999999999998
0.027
0.027299999999999998
0.0415
0.09820000000000001
0.8559000000000001
0.24280000000000002
0.1026
0.1814
0.24669999999999997
0.0901
0.0676
0.039
0.027999999999999997
0.0761
0.41380000000000006
0.1614
0.3333
0.1457
0.07139999999999999
0.040999999999999995
0.0378
1.1203
0.8481000000000001
0.7158
0.6484
0.5632999999999999
0.47150000000000003
0.4627
0.4556
0.385
0.8245
0.9975
0.36660000000000004
0.3507
0.39959999999999996
0.5929
1.0199
1.1117
0.8835
0.5834
0.5865
0.5549999999999999
0.5670999999999999
1.5129000000000001
0.7704
0.14500000000000002
0.135
0.131
0.1318
0.1197
0.11330000000000001
0.1128
0.12229999999999999
0.13169999999999998
0.1635
0.1049
0.0867
0.0857
0.1761
0.25129999999999997
0.18
0.2611
0.6328
0.2595
0.2581
0.214
0.319
0.4344
0.1887
0.0157
0.0231
0.0233
0.0196
0.031200000000000002
0.0585
0.1626
0.33220000000000005
0.3841
0.6716
0.42410000000000003
0.5247999999999999
0.2434
0.2049
0.1513
0.12840000000000001
0.2177
0.4531
0.051500000000000004
0.019
0.0081
0.0
0.0003
0.0072
0.1545
0.119
0.0942
0.0883
0.0829
0.0854
0.09040000000000001
0.1027
0.1672
0.2457
0.4047
0.1755
0.18230000000000002
0.1807
0.4193
0.2153
0.1966
0.3961
0.2392
0.2903
0.274
0.3553
0.3532
0.2022
0.0668
0.0676
0.054900000000000004
0.056299999999999996
0.0721
0.0427
1.1766
0.2919
0.10220000000000001
0.0211
0.7521
0.9879
0.6577999999999999
0.1763
0.1614
0.2071
0.1977
0.9698
0.5514
0.4652
0.8911
0.1644
0.1328
0.08410000000000001
0.0
0.0
0.0
0.0
0.0016
0.0114
0.5919
0.3659
0.037700000000000004
0.3429
0.6233
0.4371
0.4427
0.0
0.0
0.0
0.0
0.0067
0.1058
0.0197
0.0168
0.0
0.0
0.0
0.0429
0.08549999999999999
0.11410000000000001
0.10089999999999999
0.09129999999999999
0.0728
0.0819
1.2113
0.0
0.4403
0.0035
0.029400000000000003
0.0082
0.0065
0.0
0.011800000000000001
0.024800000000000003
0.0298
0.2431
0.0463
0.29359999999999997
0.0927
0.1229
0.1786
0.0835
0.051000000000000004
0.0476
0.0363
0.0354
0.1233
0.43110000000000004
0.0701
0.0206
0.0783
0.019
0.3045
0.08660000000000001
0.0581
0.035699999999999996
0.038900000000000004
0.2599
0.1894
0.0196
0.0
0.0
0.0
0.043500000000000004
0.0513
0.0057
0.0
0.006200000000000001
0.0071
0.0031
0.0043
0.0029
0.0071
0.0325
0.0983
0.6036
0.9117999999999999
0.1384
0.1161
0.6817
0.0696
0.0752
0.11760000000000001
0.0586
0.0555
0.047799999999999995
0.0419
0.0427
0.0193
0.0526
0.0426
0.0364
0.036000000000000004
0.0348
0.0312
0.032
0.0665
0.1063
0.0914
0.0792
0.0733
0.0659
0.0534
0.044700000000000004
0.052199999999999996
0.07089999999999999
0.08280000000000001
0.09870000000000001
0.1326
0.1192
0.1424
0.1599
0.1021
0.1673
0.1478
0.153
0.1624
0.1523
0.1532
0.15789999999999998
0.1658
0.1476
0.13890000000000002
0.09040000000000001
0.09509999999999999
0.3336
0.6035999999999999
0.8253
0.1744
0.1371
0.14100000000000001
0.1827
0.4923
0.43510000000000004
0.3539
0.29369999999999996
0.212
0.0
0.0
0.0
0.0
0.0
0.0
0.0
0.0
0.0
0.0
0.0
0.0
0.0
0.0
0.0013
0.0019
0.0
0.0
0.0
0.0054
0.0286
0.0194
0.0091
0.0
0.22110000000000002
0.2141
0.22549999999999998
0.2332
0.2333
0.2626
0.8647
0.6128
0.174
0.1063
0.077
0.0708
0.0754
0.07869999999999999
0.09359999999999999
0.2815
1.1019
1.299
1.1276
0.421
0.3242
0.2718
0.2227
0.20229999999999998
0.2592
0.5875
0.2841
0.2041
0.2059
0.2632
1.1834
0.8243
0.4379
0.3093
1.5402
0.4822
0.3711
0.37370000000000003
0.6265999999999999
0.6198
0.4826
0.4803
0.551
0.4938
0.31779999999999997
0.2404
0.1728
0.1894
0.2479
0.21989999999999998
0.21860000000000002
0.2284
0.22970000000000002
0.2015
0.2038
0.2198
0.2039
0.19
0.1614
0.174
0.3606
0.6293
0.2167
0.22410000000000002
0.25870000000000004
0.5542
1.1993
0.7213
0.41859999999999997
0.4181
0.4024
0.31279999999999997
0.20400000000000001
0.19290000000000002
0.1879
0.2094
0.2102
0.1852
0.1654
0.156
0.15250000000000002
0.1573
0.1424
0.1371
0.2006
0.35760000000000003
0.2342
0.2082
0.2051
0.3321
0.5458000000000001
0.5093
0.3601
0.4459
0.4198
0.25870000000000004
0.14479999999999998
0.12359999999999999
0.1327
0.1202
0.1069
0.1147
0.126
0.126
0.1248
0.0413
1.2237
1.061
0.28290000000000004
1.3862999999999999
1.2176
0.9558
0.2687
0.1679
0.1695
0.2804
0.3667
0.35760000000000003
0.2534
0.1822
0.024300000000000002
0.018099999999999998
0.0132
0.0139
0.011699999999999999
0.012400000000000001
0.0276
0.11530000000000001
0.0393
0.021400000000000002
0.0184
0.012799999999999999
0.018099999999999998
0.0212
0.0344
0.0648
0.128
0.0974
0.0836
0.13290000000000002
0.1363
0.1108
0.0733
0.039599999999999996
0.1343
0.1055
0.0984
0.0907
0.0801
0.0826
0.09029999999999999
0.11960000000000001
0.1371
0.32289999999999996
0.26990000000000003
0.6533
0.1812
0.3932
0.4523
0.1906
1.4209
0.46090000000000003
0.6100000000000001
0.37460000000000004
0.3087
0.3144
0.41200000000000003
0.2949
0.3806
0.2646
0.2732
0.2281
0.1866
0.1892
0.2353
0.3105
0.6281
0.4617
0.19340000000000002
0.161
0.6737
0.184
0.9146000000000001
0.4744
0.5386
0.5628
0.21189999999999998
0.1366
0.1833
0.1706
0.16010000000000002
0.1691
0.10450000000000001
0.0935
0.09340000000000001
0.0924
0.0986
0.1159
0.1495
0.1882
0.2336
0.2587
0.362
0.20429999999999998
0.2524
0.6383
0.35960000000000003
0.3313
0.4276
0.8628
1.2077
0.4424
0.42910000000000004
0.29600000000000004
0.1625
0.1217
0.0947
0.0799
0.0726
0.06839999999999999
0.0681
0.0776
0.09240000000000001
0.1043
0.1124
0.1324
0.1412
0.15910000000000002
0.2737
0.1958
0.1849
0.3058
0.37460000000000004
0.2345
0.2116
0.8284
0.3892
0.3291
0.2697
0.16010000000000002
0.0131
0.0115
0.0194
0.0139
0.0162
0.0056
0.0203
0.2958
0.5409
0.6786
0.8259000000000001
0.4282
0.5574
0.27180000000000004
0.19030000000000002
0.19
0.5563
0.3435
0.4224
0.6167
0.2932
0.11049999999999999
0.023
0.0078
0.0707
0.0687
0.0669
0.0723
0.0803
0.2057
0.2569
0.195
0.1521
0.1187
0.3084
0.1957
0.2989
0.2255
0.5706
0.2854
0.2826
0.7166
0.1328
0.1684
0.1617
0.0921
0.0576
0.0591
0.1352
0.1265
0.1213
0.1212
0.1193
0.136
0.23500000000000001
0.6422
0.3406
0.21389999999999998
0.3641
0.28959999999999997
0.20090000000000002
0.1953
0.16260000000000002
0.1379
0.15839999999999999
0.4909
0.1311
0.1392
0.1558
0.1449
0.1289
0.1179
0.2709
0.2089
0.2086
0.1999
0.154
0.119
0.9183
0.3526
0.0
0.0
0.0
0.0
0.0
0.0
0.0158
0.14939999999999998
0.20789999999999997
0.4379
0.9625
0.362
0.2743
0.3741
0.6700999999999999
0.4383
0.6004
0.5307999999999999
0.5576
0.6997
0.6839
0.7178
0.8797999999999999
1.6078999999999999
1.3041999999999998
0.833
0.4203
0.3378
0.3228
0.3549
0.3781
0.8094
0.9607
0.8903
0.8684000000000001
0.8181
0.6083000000000001
0.5653
1.0473
0.5939
1.1681
1.0142
1.1886
1.3340999999999998
1.1524999999999999
0.7786
0.6748000000000001
0.5720000000000001
0.4499
0.3534
0.2704
0.2471
0.2837
0.3016
0.9727
4.1131
3.0549
4.5632
3.5939
2.4120999999999997
2.3337000000000003
2.0089
1.8299
1.9451999999999998
0.2425
0.2086
0.2164
0.2388
0.2153
0.20079999999999998
0.2323
0.2788
0.3732
0.9818
0.2095
0.2336
0.647
0.6245
0.3053
0.21660000000000001
0.2385
1.6642000000000001
0.4556
0.6234
0.4516
0.4659
0.5479
0.3286
0.0733
0.0668
0.0699
0.0708
0.0668
0.0802
0.8009999999999999
0.6888000000000001
0.156
0.0728
0.07350000000000001
0.08310000000000001
0.1147
0.1412
0.2518
0.7817999999999999
0.34
0.12260000000000001
0.0616
0.2075
0.18409999999999999
0.16549999999999998
0.09939999999999999
0.08829999999999999
0.3117
0.26580000000000004
0.243
0.2284
0.2128
0.2124
0.215
0.2155
0.22010000000000002
0.2474
0.3587
0.7150000000000001
0.587
0.35660000000000003
0.3149
0.291
0.3058
0.4702
1.1809
0.7565999999999999
0.7359
0.4436
0.3721
0.32030000000000003
0.1274
0.1198
0.1139
0.11080000000000001
0.1087
0.1101
0.1179
0.1392
0.2132
0.23359999999999997
0.19140000000000001
0.2014
0.2247
0.1603
0.1383
0.11910000000000001
0.1352
0.2239
0.2417
0.2438
0.225
0.1986
0.1636
0.1367
0.1244
0.10450000000000001
0.1037
0.1007
0.09939999999999999
0.1024
0.1205
0.1333
0.15360000000000001
0.1738
0.1603
0.1599
0.18580000000000002
0.2151
0.4133
0.7079
0.4347
0.3237
0.4843
0.8729
1.426
0.6348
0.24520000000000003
0.1599
0.3039
0.3033
0.296
0.3048
0.3155
0.34309999999999996
0.4891
0.5379
0.4535
0.3497
0.5884
0.4823
0.29700000000000004
0.2772
0.2995
0.26149999999999995
1.4770999999999999
1.4985
1.1284
0.38680000000000003
0.5038
0.3967
0.29700000000000004
0.2515
0.0634
0.0534
0.0476
0.046200000000000005
0.0608
0.2235
0.1497
0.0222
0.0025
0.0003
0.0025
0.0
0.0
0.0
0.0021000000000000003
0.0055
0.2128
0.9386
0.5796
0.07189999999999999
0.1171
0.18580000000000002
0.1624
0.1089
0.0092
0.0158
0.0043
0.010599999999999998
0.014700000000000001
0.0174
0.0306
0.0436
0.13290000000000002
0.1301
0.17559999999999998
0.09090000000000001
0.0746
0.0514
0.0404
0.058499999999999996
0.13440000000000002
0.7997
0.4823
0.09140000000000001
0.3841
0.664
0.0069
0.0101
0.0824
0.0689
0.06609999999999999
0.0655
0.0615
0.0649
0.0718
0.0827
0.1074
0.3073
0.1898
0.6772
0.3649
0.5953999999999999
0.3075
0.31079999999999997
0.1613
0.1577
0.1647
0.2133
0.2433
0.24619999999999997
0.1884
0.1273
0.1275
0.1295
0.121
0.1371
0.1371
0.2012
0.8143
1.2690000000000001
0.7545
0.5527
0.755
1.768
1.1272
0.34950000000000003
0.2475
0.23149999999999998
0.8344
0.754
0.7833
0.6055999999999999
0.3413
0.25479999999999997
0.1955
0.16410000000000002
0.198
0.1724
0.1618
0.1522
0.1491
0.1492
0.1648
0.21810000000000002
0.2804
0.2653
0.27090000000000003
0.49119999999999997
0.4094
0.2701
0.43279999999999996
0.3567
0.2172
0.5228999999999999
0.8358
0.2111
0.2573
0.293
0.37939999999999996
0.3174
0.0625
0.0825
0.0788
0.0821
0.057800000000000004
0.0892
0.1061
0.43929999999999997
0.249
0.1328
0.0859
0.09540000000000001
0.1471
0.055
0.1271
0.33140000000000003
0.2254
0.1511
0.0
0.0
0.0
0.0
0.0
0.0
0.0902
0.0754
0.0729
0.07139999999999999
0.0709
0.0882
0.15
0.1172
0.091
0.14329999999999998
0.08479999999999999
0.0812
0.06659999999999999
0.0759
0.0331
0.5917
0.0394
0.145
0.1255
0.013999999999999999
0.0539
0.0784
0.1405
0.1197
0.1068
0.0889
0.0775
0.0761
0.06
0.058
0.0597
0.0693
0.0419
0.5716
0.076
0.7761
0.088
0.1074
0.1455
0.186
0.33199999999999996
0.1524
0.1954
0.5998
0.5178
0.3187
0.28700000000000003
0.2024
0.26990000000000003
0.2918
0.2883
0.2821
0.27680000000000005
0.2974
0.3634
0.45909999999999995
1.113
0.8345
0.6239
0.5105
0.6351
0.5929
0.6008
0.5065
0.6144000000000001
1.4346999999999999
0.6303
0.6355999999999999
0.3665
0.2569
0.20579999999999998
0.2058
0.20929999999999999
0.1899
0.1871
0.1897
0.2143
0.29569999999999996
0.1666
0.119
0.1319
0.1834
0.1466
0.1607
0.3233
0.1629
0.1069
0.1137
0.1043
0.13440000000000002
0.2737
0.3588
0.8855
0.3
0.3265
0.2796
0.0283
0.030899999999999997
0.0331
0.0353
0.031
0.039400000000000004
0.0552
0.11049999999999999
0.3829
0.089
0.0822
0.2186
0.077
0.082
0.1588
0.116
0.060700000000000004
0.0629
0.17370000000000002
0.2851
0.5727
0.0073
0.0184
0.019
0.17830000000000001
0.1338
0.1198
0.12210000000000001
0.11560000000000001
0.1357
0.163
0.2544
0.4499
0.3891
0.491
0.69
0.8171999999999999
0.6714
1.5948
0.8283
0.5464
0.7867999999999999
0.3553
0.267
0.6449
1.5739999999999998
0.8971
0.3187
0.1072
0.0911
0.07949999999999999
0.0711
0.0679
0.0669
0.0679
0.0748
0.07350000000000001
0.1504
0.2092
0.3106
0.2311
0.2652
0.1935
0.18109999999999998
0.19829999999999998
0.1719
0.1147
0.0996
0.0942
0.1107
0.13340000000000002
0.1296
0.0
0.0
0.0
0.0053
0.0021
0.0
0.0
0.0098
0.0654
0.1046
0.9047999999999999
1.198
1.5613000000000001
0.9836
1.2094999999999998
1.5897000000000001
1.5598999999999998
1.2358
0.7563
1.3751
0.6208
0.0
0.0
0.0091
0.1512
0.1489
0.1392
0.1437
0.14250000000000002
0.16399999999999998
0.2207
0.23979999999999999
0.1935
0.1723
0.1807
0.3051
0.1936
0.1764
0.1312
0.1573
1.6434
1.0863
0.3573
0.2245
0.2731
0.21189999999999998
0.15789999999999998
0.1404
0.0359
0.0185
0.0212
0.0289
0.024300000000000002
0.0938
0.1251
0.0572
0.037899999999999996
0.015099999999999999
0.6853
0.1301
0.3192
0.1099
0.431
1.3495
0.6285000000000001
0.1746
0.0973
0.1061
0.1471
0.14839999999999998
0.0927
0.0489
0.0884
0.0797
0.0761
0.0745
0.0741
0.0807
0.2132
0.28
0.11380000000000001
0.11069999999999999
0.0928
0.0836
0.0947
0.0965
0.0922
0.10189999999999999
0.1386
0.12539999999999998
0.1423
0.17930000000000001
0.1815
0.2074
0.2103
0.1345
0.038599999999999995
0.0272
0.0293
0.029699999999999997
0.032799999999999996
0.0342
0.0351
0.5715
0.10339999999999999
0.0281
0.0282
0.012900000000000002
0.0051
0.0026
0.003
0.026699999999999998
0.7216
0.9632000000000001
0.36250000000000004
0.889
0.4978
0.034699999999999995
0.0356
0.0378
0.0843
0.0774
0.074
0.069
0.0696
0.0753
0.09190000000000001
0.2076
0.5251
0.3518
0.3825
0.1295
0.1532
0.1864
0.27790000000000004
0.7394
0.6925
0.30479999999999996
0.2629
0.37460000000000004
0.4192
0.39
0.22870000000000001
0.1195
0.3759
0.33509999999999995
0.31679999999999997
0.3207
0.31820000000000004
0.33340000000000003
0.3339
0.4596
0.8533999999999999
0.9204
1.1240999999999999
0.927
0.579
0.4758
0.4534
0.4728
0.8166
0.6106
1.4529
1.2264
0.8914
0.8763
1.7682
0.9725999999999999
0.1173
0.1144
0.10830000000000001
0.1115
0.1108
0.1154
0.1048
0.0991
0.0887
0.09889999999999999
0.09709999999999999
0.08310000000000001
0.09759999999999999
0.1248
0.176
0.14889999999999998
0.1266
0.16720000000000002
0.2006
0.2579
0.1809
0.1501
0.1152
0.1015
0.1007
0.0942
0.0868
0.0854
0.08829999999999999
0.0988
0.1457
0.20739999999999997
0.22849999999999998
0.2481
0.2744
0.3236
0.2611
0.2252
0.20579999999999998
0.21839999999999998
0.3453
0.3658
0.46630000000000005
0.5074
0.5197
0.3547
0.21339999999999998
0.1308
0.13490000000000002
0.1455
0.1421
0.1454
0.1497
0.1538
0.15239999999999998
0.1516
0.13490000000000002
0.12
0.38939999999999997
0.1973
0.1925
0.1831
0.1785
0.1996
0.4275
0.24009999999999998
0.3703
0.1917
0.1318
0.0901
0.0827
0.0885
0.0401
0.031799999999999995
0.0171
0.0118
0.0207
0.0116
0.6145
0.9549000000000001
0.25039999999999996
0.032799999999999996
0.089
0.0
0.0
0.0
0.0
0.0
0.0
0.148
0.17830000000000001
0.7695
0.4174
0.2153
0.0732
0.0478
0.0208
0.0157
0.0115
0.0127
0.0109
0.016
0.0434
0.0838
0.0527
0.052099999999999994
0.0389
0.046
0.0473
0.041
0.029
0.0653
0.15739999999999998
0.0945
0.135
0.0975
0.11910000000000001
0.1106
0.0757
0.0378
0.15510000000000002
0.1196
0.09190000000000001
0.0802
0.07550000000000001
0.0728
0.0736
0.0585
0.041
0.045700000000000005
0.033299999999999996
0.0344
0.0303
0.0341
0.0588
0.093
0.1543
0.2008
0.12060000000000001
0.9564999999999999
0.3923
1.1663000000000001
1.2266
0.3315
0.0691
0.23099999999999998
0.3098
0.16870000000000002
0.11019999999999999
0.1268
0.1205
0.1854
0.1735
0.5067
0.0
0.9452
2.0636
0.2632
0.7307
0.0881
0.0472
0.125
0.11370000000000001
0.0121
0.28800000000000003
0.237
0.265
0.30569999999999997
0.1101
0.1016
0.09459999999999999
0.09559999999999999
0.10239999999999999
0.124
0.1518
0.1449
0.1403
0.1573
0.1445
0.13929999999999998
0.2605
0.19369999999999998
0.1758
0.1945
0.3077
0.4534
0.4496
0.44179999999999997
0.4898
0.3342
0.2148
0.1407
0.1694
0.1679
0.1567
0.1531
0.1567
0.1849
0.25229999999999997
0.2096
0.1891
0.17809999999999998
0.1887
0.1439
0.1518
0.1597
0.1619
0.1487
0.1377
0.39540000000000003
1.4785
0.2829
0.3546
0.5149
0.3735
0.2026
0.1051
0.0683
0.058499999999999996
0.055
0.0502
0.0472
0.38739999999999997
0.3298
0.0895
0.0792
0.39339999999999997
0.11019999999999999
0.0979
0.0843
0.0754
0.06709999999999999
0.11330000000000001
0.3813
0.396
0.6782
0.4877
0.2834
0.1753
0.1001
0.0563
0.0564
0.057999999999999996
0.05
0.0567
0.0988
0.3654
0.1989
0.20729999999999998
0.45230000000000004
0.35529999999999995
0.0414
0.06
0.0795
0.2544
0.09720000000000001
0.0697
0.0998
0.37879999999999997
0.2706
0.0945
0.0789
0.07139999999999999
0.0592
0.3641
0.29569999999999996
0.2285
0.2052
0.1874
0.1817
0.1819
0.1984
0.2156
0.2561
0.43620000000000003
0.38280000000000003
0.3328
0.5506
0.5179
0.34840000000000004
0.3457
0.7569
1.0342
0.6393
0.5791999999999999
0.5517000000000001
0.501
0.4147
0.0858
0.08280000000000001
0.0805
0.08399999999999999
0.0778
0.0786
0.08299999999999999
0.0878
0.0784
0.0754
0.0796
0.067
0.1172
0.0892
0.1378
0.15560000000000002
0.1346
0.1117
0.1084
0.1364
0.0683
0.0556
0.0616
0.061
0.0019
0.0
0.0045
0.0018
0.0002
0.0016
0.0169
0.1185
0.7578
0.0799
0.027
0.0405
0.2249
0.1506
0.13
0.1403
0.7233
0.8442000000000001
0.1149
0.2434
0.1763
0.0755
0.0109
0.0032
0.0959
0.0901
0.0837
0.0815
0.07999999999999999
0.0925
0.1548
0.28500000000000003
0.1444
0.1116
0.1158
0.0636
0.0586
0.0548
0.048799999999999996
0.046
0.0477
0.1129
0.1714
0.1917
0.1311
0.10769999999999999
0.0839
0.0693
0.0763
0.0345
0.0341
0.0308
0.044899999999999995
0.0542
0.0397
0.0511
0.0456
0.0
0.6779999999999999
0.6948
0.021
0.08499999999999999
0.20240000000000002
0.0458
0.1121
0.5117
1.6863
0.7735000000000001
0.5506
1.6696
1.226
0.2475
0.3018
0.2463
0.0519
0.0035
0.0
0.0
0.0
0.0
0.0
0.1435
0.161
0.0
0.0
0.0
0.0
0.0
0.016999999999999998
0.0
0.0449
0.003
0.0
0.0
0.1491
0.0151
0.0
0.0
0.0
0.0
0.0
0.0
0.0
0.0
0.0
0.0104
0.009
0.0024
0.5334
1.4793
0.5550999999999999
1.1099
0.4949
0.8484
0.4554
0.9905999999999999
1.2828
0.4007
0.2843
0.6586000000000001
0.1023
0.0922
0.0866
0.0834
0.0793
0.0874
0.09920000000000001
0.2839
0.26439999999999997
0.2126
0.1216
0.0876
0.0897
0.10239999999999999
0.19469999999999998
0.19069999999999998
0.14200000000000002
0.3481
0.3855
0.3491
0.13740000000000002
0.1813
0.1965
0.1353
0.0716
0.1104
0.059399999999999994
0.0649
0.056
0.0532
0.0526
0.054900000000000004
0.19990000000000002
0.7576
0.909
0.3668
0.1542
0.10289999999999999
0.059
0.0191
0.064
0.0935
0.24839999999999998
0.2308
0.2474
0.1846
0.1267
0.0857
0.0354
0.030199999999999998
0.031
0.0312
0.0311
0.0489
0.1279
0.2968
0.2669
0.10350000000000001
0.028300000000000002
0.0
0.0277
0.0638
0.176
0.4048
0.4857
0.5305
0.1174
0.1273
0.1318
0.1382
0.09129999999999999
0.044700000000000004
0.0
0.0
0.0
0.0
0.0
0.0
0.0
0.0
0.0966
1.2127
0.0
0.0
0.0935
0.0
0.063
0.0019
0.0
0.0
0.0
0.0
0.0
0.0207
0.2083
0.0
0.16699999999999998
0.151
0.14250000000000002
0.14240000000000003
0.1507
0.28059999999999996
0.23399999999999999
0.1535
0.13369999999999999
0.1492
0.1439
0.1699
0.3266
0.187
0.1814
0.2005
0.2335
0.2803
0.21660000000000001
0.2215
0.2275
0.21860000000000002
0.2146
0.1926
0.0412
0.003
0.0078
0.0094
0.0231
0.0352
0.0262
0.0
0.0
0.849
1.391
2.2281
0.7222999999999999
1.7511999999999999
0.5591
0.5359
1.2444
0.5525
0.3811
0.3798
0.4309
0.9938
1.4672
0.2823
0.6824
0.5517
0.5167
0.4015
0.3515
0.30269999999999997
0.28690000000000004
0.2758
0.3161
1.198
0.8253
0.8478
0.21309999999999998
0.35869999999999996
0.5436
0.3053
0.6032
0.7591
0.6468
0.48260000000000003
0.4309
0.43920000000000003
0.46
0.6281
