0.2902
0.24659999999999999
0.2339
0.2357
0.2137
0.2394
0.2715
0.5982000000000001
1.5154999999999998
1.1865999999999999
0.8623999999999999
0.3708
0.5176000000000001
0.6181
1.3622999999999998
1.3685
1.2401
0.415
0.3149
0.3635
0.3876
0.4646
0.7012
0.436
0.3716
0.3319
0.34950000000000003
0.33899999999999997
0.3405
0.32089999999999996
2.1126
1.004
0.2973
0.3107
0.2933
0.40390000000000004
0.44389999999999996
0.36019999999999996
0.33030000000000004
0.7224999999999999
0.47919999999999996
0.2738
1.1078999999999999
0.5073000000000001
0.5926
0.41400000000000003
0.3204
0.3226
0.0766
0.0702
0.07050000000000001
0.0619
0.054000000000000006
0.0492
0.039
0.045399999999999996
0.2051
0.0417
0.0755
0.0
0.0
0.0
0.2743
0.3299
0.0712
0.036199999999999996
0.1055
0.23310000000000003
0.1275
0.174
0.12190000000000001
0.0853
0.1049
0.0969
0.0912
0.0896
0.08940000000000001
0.10289999999999999
0.1121
0.1094
0.10830000000000001
0.10450000000000001
0.1248
0.12490000000000001
0.1936
0.1414
0.1163
0.095
0.0848
0.12090000000000001
0.1024
0.14300000000000002
0.1963
0.16920000000000002
0.12869999999999998
0.10550000000000001
0.0743
0.040900000000000006
0.0526
0.033299999999999996
0.0303
0.0413
0.038900000000000004
0.0574
0.058499999999999996
0.2837
0.3941
0.3176
0.2479
0.6567000000000001
0.28690000000000004
0.1755
0.08760000000000001
0.0477
0.0863
0.018799999999999997
0.0695
0.2624
0.3358
0.2537
0.128
0.118
0.1202
0.1168
0.1293
0.1539
0.223
0.3107
0.30879999999999996
0.39490000000000003
0.45320000000000005
0.9259
0.5423
0.26849999999999996
0.2294
0.2557
1.0514999999999999
1.0891
0.8198000000000001
0.3081
0.27549999999999997
0.2033
0.15739999999999998
0.1312
0.030100000000000002
0.034
0.0247
0.0245
0.0195
0.0275
0.0313
0.0304
0.2438
0.025500000000000002
0.0658
0.1643
0.0696
0.0563
0.0816
0.0815
0.0583
0.38860000000000006
0.10320000000000001
0.2021
0.1306
0.0291
0.0070999999999999995
0.0108
0.0429
0.0391
0.0382
0.038
0.0404
0.0559
0.2643
0.1874
0.0849
0.07250000000000001
0.05
0.0448
0.0603
0.0646
0.0626
0.0563
0.1001
0.19640000000000002
0.0848
0.1041
0.0853
0.0741
0.0554
0.0411
0.1099
0.1076
0.09079999999999999
0.0976
0.0973
0.0985
0.23420000000000002
1.4405999999999999
0.4619
0.3202
0.2642
0.21939999999999998
0.20779999999999998
0.1995
0.1609
0.1799
0.2156
0.3527
1.5134
0.9742999999999999
0.7398
0.7583
0.9761
0.2339
0.1832
0.1622
0.1422
0.14079999999999998
0.1417
0.2845
0.18430000000000002
0.0973
0.0829
0.0874
0.0929
0.086
0.105
0.1197
0.1684
0.2767
0.3503
0.5507
0.306
0.24989999999999998
0.9064
0.3241
0.30389999999999995
0.3135
2.8114999999999997
3.2702
0.123
0.1206
0.1441
0.11230000000000001
0.1577
0.28
0.2728
0.22419999999999998
0.39370000000000005
0.7010000000000001
1.5649000000000002
1.6178
4.0765
1.4628
1.0715000000000001
3.1169000000000002
1.9372
3.7431
3.0479000000000003
1.5302
0.9932000000000001
2.0657
0.1648
0.1084
0.1241
0.12890000000000001
0.1191
0.1124
0.1746
0.5235000000000001
0.26639999999999997
0.13269999999999998
0.0923
0.0612
0.0871
0.0838
0.10339999999999999
0.6345
1.6817
0.3854
1.0994000000000002
0.7472
0.4566
0.9538
2.1931
1.7604
0.048299999999999996
0.0269
0.0266
0.0252
0.0252
0.0164
0.0225
0.0378
0.047700000000000006
0.07819999999999999
0.0841
0.1122
0.1141
0.089
0.09659999999999999
0.1
0.3732
0.3871
0.6158
1.6822
0.503
0.1704
0.1285
0.08449999999999999
0.07650000000000001
0.060399999999999995
0.0706
0.0592
0.0506
0.044700000000000004
0.0493
0.065
0.0786
0.1138
0.1345
0.10239999999999999
1.5947
0.8907
0.8761
1.6178
0.5146
0.15889999999999999
0.1352
0.12430000000000001
0.1484
0.18180000000000002
0.1773
0.1379
0.0995
0.0915
0.0858
0.08460000000000001
0.07769999999999999
0.08860000000000001
0.101
0.1459
0.5087
0.12490000000000001
0.0891
0.31820000000000004
0.2155
0.20350000000000001
0.1995
0.238
0.49160000000000004
0.4306
0.1523
0.1649
0.3367
0.22360000000000002
0.1462
0.1071
0.0165
0.019200000000000002
0.022199999999999998
0.0184
0.0154
0.0189
0.0233
0.0582
0.1726
0.4381
0.2003
0.08360000000000001
0.41859999999999997
0.1122
0.3154
0.7363
0.1497
0.13090000000000002
0.1266
0.2663
0.1166
0.0736
0.043300000000000005
0.0275
0.0209
0.0077
0.0029
0.0
0.0126
0.0191
0.5687
0.7532
0.0398
0.036199999999999996
0.0263
0.2844
0.0527
0.087
0.6232
0.8984
0.9562999999999999
1.6446
0.45189999999999997
0.3984
0.3585
0.0
0.0046
0.019799999999999998
0.013399999999999999
0.012400000000000001
0.014499999999999999
0.0187
0.0235
0.0305
0.0467
0.0935
0.15639999999999998
0.9220999999999999
0.6926
0.1713
0.11510000000000001
0.1424
0.1547
0.2225
0.23759999999999998
0.237
0.5731999999999999
0.2933
0.2308
0.1157
0.034699999999999995
0.0229
0.055499999999999994
0.049
0.048
0.0523
0.041800000000000004
0.0392
0.2992
1.2732999999999999
0.07730000000000001
0.0052
0.0
0.0
0.0
0.0
0.0023
0.0135
1.0213
1.0880999999999998
1.3443
0.27949999999999997
0.2036
0.2267
0.1671
0.10339999999999999
0.24
0.2296
0.2264
0.2106
0.1943
0.1931
0.1905
0.193
0.3006
0.5756
0.3177
0.2861
0.222
0.2452
0.3934
0.7509
0.6684
0.4093
0.2154
0.198
0.1992
0.19979999999999998
0.1955
0.2064
0.0789
0.0581
0.052199999999999996
0.0475
0.0382
0.038400000000000004
0.0493
0.0565
0.058300000000000005
0.0716
0.0742
0.0876
0.40959999999999996
0.9479
0.2018
0.9215
0.8180000000000001
0.2101
0.277
0.3621
0.2583
0.2609
0.261
0.1655
0.013500000000000002
0.0
0.0
0.005399999999999999
0.0024
0.0
0.005
0.0065
0.0138
0.0079
0.0082
0.009000000000000001
0.0114
0.5615
0.0863
0.0302
0.8551000000000001
0.4939
0.4328
0.7466999999999999
0.2538
0.1882
0.11280000000000001
0.0524
0.0037
0.0017
0.0027
0.0037
0.0034
0.0143
0.141
0.6829999999999999
0.3569
0.8028
0.7333
0.6064
0.2574
0.2072
0.1387
0.7014
0.3052
0.1871
0.7990999999999999
0.0496
0.0274
0.0
0.0029
0.0079
0.2542
0.2208
0.2062
0.1916
0.17880000000000001
0.1749
0.17420000000000002
0.2273
0.2434
0.1933
0.16620000000000001
0.21789999999999998
0.23270000000000002
0.188
0.1738
0.8442
0.3859
0.5414
0.517
0.48360000000000003
0.5075
0.2883
0.2429
0.241
0.0
0.0
0.0
0.0
0.0
0.0
0.0679
0.26239999999999997
0.0
0.0
0.0
0.0
0.0
0.0
0.0
0.0
0.0514
0.5976
0.3674
0.1407
0.4918
0.2457
0.0107
0.0
2.5964
4.8355
3.0759
0.2612
0.2106
0.0589
0.1495
0.0698
0.0238
0.0374
0.0477
0.0526
0.0358
0.0091
0.0427
0.0485
0.0673
0.0431
0.3983
0.0872
0.023700000000000002
0.0
0.0
0.0
0.1267
0.118
0.10289999999999999
0.0968
0.0959
0.10600000000000001
0.1168
0.17220000000000002
0.2823
0.1595
0.17400000000000002
1.0642
0.16449999999999998
0.13590000000000002
0.1421
0.1436
0.28259999999999996
0.2688
0.1273
0.1732
0.1995
0.2341
0.2224
0.1674
0.286
0.2511
0.25429999999999997
0.2414
0.216
0.2277
0.2707
0.2485
0.8402
0.636
0.7375
1.528
0.4273
0.40969999999999995
0.6678999999999999
1.3420999999999998
1.3477999999999999
1.0701999999999998
1.2341000000000002
1.6858
1.8931
0.8248
0.5041
0.3637
0.0
0.0097
0.0027
0.0024
0.009000000000000001
0.0115
0.0035
0.0
0.0597
0.3226
0.8116
0.9845999999999999
1.8345
1.686
0.8553999999999999
0.4758
1.0583
2.7713
0.6382
1.0314999999999999
0.9761
0.5434
0.12569999999999998
0.0
0.212
0.1172
0.0226
0.0504
0.0
0.0
0.0
0.0
0.6119
1.3706
0.0494
0.1073
0.0223
0.0
0.0
0.0
0.0
0.0
0.0
0.0
0.0
0.0
0.0
0.175
0.1898
0.17809999999999998
0.1722
0.1583
0.155
0.1714
0.1813
0.1994
0.1856
0.8829
0.2622
0.262
0.3649
0.291
0.2458
1.0231999999999999
0.4326
0.332
0.3439
0.6417
0.4887
0.5024
0.48740000000000006
0.2759
0.0653
0.0492
0.0464
0.0402
0.0314
0.0287
0.0263
0.038400000000000004
0.040400000000000005
0.1572
0.0836
0.0675
0.25639999999999996
0.2872
0.1799
0.6920000000000001
0.6621
0.8899
0.23199999999999998
0.1562
0.1114
0.1249
0.184
0.153
0.36460000000000004
0.3387
0.3377
0.3278
0.3275
0.3419
0.3355
0.3658
0.3976
0.5659000000000001
1.2763
3.004
1.1914
0.6647000000000001
0.42069999999999996
0.4275
0.6081000000000001
0.5838000000000001
0.4421
0.8578
1.2872
0.7733000000000001
0.5834
0.46909999999999996
0.0054
0.0078
0.0028
0.0031000000000000003
0.0063999999999999994
0.005900000000000001
0.0174
0.09820000000000001
0.1459
0.14
0.1726
0.017300000000000003
0.0337
0.033100000000000004
0.0843
0.1885
0.2934
0.1655
0.1696
0.15889999999999999
0.10200000000000001
0.1698
0.3609
0.08760000000000001
0.0101
0.0141
0.024399999999999998
0.0234
0.0219
0.0222
0.0626
0.1573
0.424
0.3684
0.2567
0.2596
0.2451
0.2972
1.1035
0.5182
0.1417
0.15810000000000002
0.1532
0.3604
0.3545
0.1039
0.0282
0.0217
0.1366
0.11410000000000001
0.11649999999999999
0.1095
0.1038
0.11399999999999999
0.12040000000000001
0.14079999999999998
0.1279
0.1525
0.2145
1.1643000000000001
1.0354999999999999
0.8407
0.7129000000000001
0.5709
0.7776000000000001
0.3107
0.28659999999999997
0.49039999999999995
0.42769999999999997
0.3204
0.2335
0.1708
0.1131
0.11019999999999999
0.1065
0.11660000000000001
0.12869999999999998
0.16410000000000002
0.17909999999999998
0.1636
0.1905
0.2721
0.0724
0.09040000000000001
0.1708
0.1329
0.0944
0.0906
0.266
0.1367
0.1731
0.3827
0.5801
0.2177
0.1664
0.124
0.1171
0.0805
0.0797
0.0615
0.052
0.0543
0.0499
0.0524
0.0523
0.0567
0.0449
0.132
0.3939
0.1135
0.2925
0.4401
0.45339999999999997
0.43279999999999996
0.1111
0.0678
0.0834
0.088
0.1124
0.1164
0.0305
0.026099999999999998
0.0215
0.0208
0.0195
0.0291
0.0371
0.055
0.0659
0.0739
0.0814
0.19169999999999998
0.1038
0.0838
0.1621
0.1117
0.0709
0.10250000000000001
0.0408
0.0228
0.0182
0.0157
0.022400000000000003
0.0208
0.0837
0.0821
0.0748
0.0713
0.07519999999999999
0.0853
0.0993
0.0982
0.0944
0.3266
0.47159999999999996
0.10289999999999999
0.1735
0.1802
0.20129999999999998
0.2935
0.18330000000000002
0.1658
0.1674
0.6895
0.3124
0.593
0.37429999999999997
0.1372
0.1839
0.1336
0.1191
0.1138
0.1022
0.099
0.1184
0.1316
0.16770000000000002
0.1668
0.21350000000000002
0.2962
0.9811000000000001
0.6675
0.5464
0.8095
0.8134
0.9360999999999999
1.732
2.2839
1.8551000000000002
0.6157
0.4977
0.3739
0.254
0.2152
0.20040000000000002
0.1869
0.17370000000000002
0.1699
0.1745
0.1813
0.19180000000000003
0.2355
0.2746
0.38029999999999997
0.4346
0.439
0.8726
0.2963
0.23820000000000002
0.2079
0.2638
0.5192
0.5972
0.47240000000000004
0.4343
0.3489
0.0019
0.0
0.0083
0.0143
0.004999999999999999
0.02
0.0625
0.0678
0.9671
1.6461000000000001
0.381
0.7668
0.42919999999999997
0.1692
0.4423
0.0448
0.4662
0.7783
0.22899999999999998
0.0
0.0
0.0
0.0
0.0
0.0117
0.0069
0.0014
0.0028
0.0031
0.0089
0.018500000000000003
0.0157
0.0085
0.049100000000000005
0.1148
0.0532
0.0884
0.0424
0.0276
0.0241
0.008
0.0786
0.1583
0.0635
0.0455
0.0302
0.019
0.005900000000000001
0.0458
0.3018
0.8654999999999999
1.2670000000000001
0.5478
0.3308
0.1159
0.0436
0.0
0.0334
0.1673
0.5839000000000001
0.8244
0.0867
0.2434
0.1676
0.0
0.0
0.0
0.1612
0.1198
0.09570000000000001
0.05450000000000001
0.052500000000000005
0.0476
0.051000000000000004
0.0508
0.054400000000000004
0.0581
0.10300000000000001
0.1983
0.11560000000000001
0.0871
0.0822
0.0848
0.07139999999999999
0.0776
0.107
0.1364
0.1591
0.2788
0.7043999999999999
0.1394
0.7477
0.37010000000000004
0.0742
0.0432
0.0468
0.2572
0.1855
0.1738
0.1399
0.1464
0.16670000000000001
0.1921
0.21750000000000003
0.2931
0.9919
1.4454
3.3519
0.8257
0.5489999999999999
0.3497
0.2558
0.44
1.0227
0.3215
0.3481
0.7131000000000001
1.3902
0.8689
0.5326
0.0
0.0
0.0
0.0
0.0
0.0
0.0346
0.2931
0.0613
0.0146
0.0
0.0
0.0
0.0
0.0
0.0261
0.2821
0.0057
1.2292999999999998
1.1915
1.4457
0.2946
0.132
0.0069
0.13879999999999998
0.13390000000000002
0.1381
0.1427
0.1464
0.1349
0.1347
0.1326
0.12259999999999999
0.1173
0.0966
0.11180000000000001
0.1187
0.2183
0.2167
0.2207
0.39380000000000004
0.8394
1.0279
0.4817
0.2576
0.16749999999999998
0.1109
0.111
0.0863
0.0769
0.06920000000000001
0.07239999999999999
0.0655
0.0742
0.11080000000000001
0.7496
0.4809
0.1699
0.3753
0.14300000000000002
0.15789999999999998
0.1772
0.1528
0.1274
0.14400000000000002
0.37229999999999996
0.4104
0.7295
0.4696
0.2321
0.1304
0.0927
0.13269999999999998
0.1278
0.1239
0.1193
0.12240000000000001
0.14400000000000002
0.1844
0.1983
0.1977
0.22549999999999998
0.2787
0.4497
0.524
0.26670000000000005
0.2552
0.515
0.5594
0.2711
0.37970000000000004
0.5667
0.4347
0.29000000000000004
0.1892
0.14739999999999998
0.043800000000000006
0.0053
0.016399999999999998
0.0172
0.018
0.011300000000000001
0.013600000000000001
0.0147
0.0
0.0026
0.0011
0.0
0.8506
0.6217999999999999
0.241
2.0376
1.0066000000000002
1.0211000000000001
0.9929
0.9441999999999999
1.0775000000000001
0.5116
0.4723
0.3105
0.0
0.0003
0.0035
0.0123
0.0087
0.0
0.0469
0.5187
0.24530000000000002
0.0814
0.0879
0.1185
0.1612
0.1142
0.0759
0.093
0.1383
0.2244
4.2482
2.065
2.0946
1.8496000000000001
2.3512
0.49279999999999996
0.0246
0.017300000000000003
0.0151
0.0137
0.015
0.0161
0.023600000000000003
0.054599999999999996
0.10189999999999999
0.1931
0.1079
0.16849999999999998
0.16949999999999998
0.10250000000000001
0.09620000000000001
0.098
0.1987
0.11660000000000001
0.0582
0.0586
0.0716
0.09190000000000001
0.0805
0.0437
0.0881
0.0643
0.0576
0.053
0.0484
0.0493
0.053099999999999994
0.08360000000000001
0.1337
0.1072
0.1031
0.20429999999999998
0.1095
0.09090000000000001
0.1006
0.3198
0.2577
0.1281
0.9987
0.1982
0.24280000000000002
0.2547
0.28700000000000003
0.2064
0.0322
0.0262
0.040900000000000006
0.049
0.0618
0.303
0.268
0.33640000000000003
0.7654
0.1333
0.0331
0.0562
0.1059
0.1418
0.2139
0.0264
0.1131
0.29510000000000003
0.0551
0.0246
0.1057
0.0732
0.0532
0.0461
0.09509999999999999
2.1889
2.9157
0.30269999999999997
0.1903
0.1943
0.26239999999999997
0.3859
0.988
1.0793
1.0604
1.3216999999999999
2.3093
1.8212
2.2856
0.5991
0.2695
0.2194
0.2861
1.8127
1.4461
0.6874
0.493
0.2989
0.0093
0.011
0.012
0.0114
0.0229
0.12990000000000002
0.1362
0.1152
0.1275
0.09140000000000001
0.0564
0.049100000000000005
0.0723
0.08410000000000001
0.0738
0.0835
0.4623
0.8055
0.4845
0.2798
0.057
0.0046
0.0008
0.009000000000000001
0.1532
0.1377
0.138
0.1363
0.14229999999999998
0.1609
0.1835
0.139
0.13779999999999998
0.2266
0.1186
0.1229
0.1918
0.172
0.2466
0.39230000000000004
0.1548
0.1388
0.4202
0.6446999999999999
0.6822999999999999
0.5031
0.4915
0.2576
0.0781
0.07089999999999999
0.0659
0.0635
0.0584
0.060899999999999996
0.0688
0.1045
0.29690000000000005
0.1458
0.1271
0.38489999999999996
0.1875
0.1333
0.14079999999999998
0.201
0.844
0.5362
0.2224
0.2033
0.22060000000000002
0.1945
0.1482
0.1032
0.0
0.0
0.0
0.0
0.0
0.0
0.0
0.0
0.0
0.048100000000000004
0.0096
0.0
0.0322
0.0219
0.009
0.0091
0.0
0.0026
0.055099999999999996
0.0679
0.0412
0.0439
0.028999999999999998
0.004
0.4466
0.2562
0.2005
0.1918
0.2262
0.19390000000000002
0.859
2.176
0.1831
0.0791
0.033
0.003
0.0
0.0
0.0
0.0
0.0
0.09
0.2489
0.1117
2.0509
0.3554
0.2266
0.1617
0.1004
0.0945
0.0834
0.0832
0.07930000000000001
0.0857
0.1021
0.1487
0.5155000000000001
0.2373
0.304
0.42010000000000003
0.248
0.2268
0.2269
0.21239999999999998
0.1923
0.3209
0.34209999999999996
0.3536
0.33930000000000005
0.2519
0.16570000000000001
0.1143
0.3012
0.2534
0.2339
0.2253
0.222
0.2485
0.3281
0.243
0.19269999999999998
0.19390000000000002
0.21050000000000002
0.2198
0.1982
0.19119999999999998
0.1817
0.1999
0.2132
0.3322
0.3164
0.3337
0.39559999999999995
0.31679999999999997
0.2629
0.24659999999999999
0.0085
0.0
0.0
0.0
0.0
0.0002
0.0005
0.0115
0.0065
0.0
0.0
0.0
0.003
0.10980000000000001
0.8022
0.2838
0.8431
1.6707
0.839
0.094
0.06889999999999999
0.019200000000000002
0.0019
0.005
0.0827
0.0738
0.0717
0.0678
0.0624
0.06509999999999999
0.4326
0.34750000000000003
0.14529999999999998
0.17099999999999999
0.1761
0.1886
0.25329999999999997
0.2052
0.2474
0.7562
0.8595999999999999
0.44589999999999996
0.2549
0.2169
0.2182
0.21839999999999998
0.1786
0.1212
0.10919999999999999
0.1064
0.1255
0.1323
0.1087
0.1076
0.1109
0.0877
0.0582
0.057
0.056799999999999996
0.035
0.041
0.34290000000000004
0.35119999999999996
0.6601
1.0344
0.2566
0.1883
0.8949
0.4405
0.4461
0.1904
0.13729999999999998
0.1503
0.1347
0.134
0.12129999999999999
0.1149
0.1426
0.17170000000000002
0.1899
0.1913
0.16210000000000002
0.1033
1.0518
0.39659999999999995
0.3097
0.8424
0.3436
0.7034
0.7395999999999999
0.1109
0.0765
0.0852
0.0731
0.0761
0.0767
0.2439
0.20450000000000002
0.1891
0.1834
0.1724
0.1661
0.1789
0.2258
0.3123
0.24769999999999998
0.2429
0.23729999999999998
0.2454
0.1948
0.1771
0.1572
0.1528
0.5586
0.9191
0.4344
0.45220000000000005
0.4411
0.432
0.3206
0.052099999999999994
0.033299999999999996
0.0424
0.0398
0.0356
0.0238
0.0383
0.044300000000000006
0.0499
0.4848
0.9915
0.2769
0.2043
0.409
1.04
0.4216
0.1189
0.1135
0.1325
0.13490000000000002
0.1915
0.1724
0.16460000000000002
0.1022
0.2562
0.193
0.2047
0.18830000000000002
0.1846
0.17049999999999998
0.7811
1.3476
0.2731
0.7048
0.1866
0.1728
0.1758
0.1918
0.17620000000000002
0.3176
0.2403
1.0076
0.4263
0.22210000000000002
0.189
0.1422
0.39590000000000003
0.7101999999999999
0.0303
0.0432
0.0502
0.047
0.0536
0.0756
0.1452
0.1478
1.1903
0.9995
0.439
0.6184000000000001
0.4445
0.2644
0.7339
0.8698999999999999
0.8293999999999999
0.2518
0.12279999999999999
0.0683
0.0215
0.0037
0.0071
0.0226
0.3388
0.29969999999999997
0.28400000000000003
0.2843
0.2862
0.3554
0.5610999999999999
0.4862
0.2789
0.255
0.2054
0.1383
0.1182
0.08729999999999999
0.0568
0.1005
0.1768
0.2314
1.5673000000000001
0.8517999999999999
0.348
0.4583
0.7511000000000001
0.4903
0.1855
0.193
0.18730000000000002
0.15889999999999999
0.15489999999999998
0.14629999999999999
0.1388
0.5331
0.5397000000000001
0.2612
0.5496
0.1363
0.1348
0.1454
1.0686
0.2177
0.2103
0.2231
0.3264
0.2994
0.2513
0.5413
0.2382
0.2027
0.026
0.0
0.0104
0.0033
0.0
0.0
0.001
0.0297
0.0315
0.4711
0.45349999999999996
0.2526
0.6336999999999999
0.1835
0.5928
0.3971
0.2909
0.1699
0.9017999999999999
0.399
0.1075
0.14279999999999998
0.0809
0.07269999999999999
0.16999999999999998
0.1591
0.1439
0.14400000000000002
0.1383
0.1553
0.3251
2.2875
0.5697
0.2482
0.2041
0.1601
0.16670000000000001
0.1702
0.17120000000000002
0.2118
1.0393
0.6309
1.7624
0.5922000000000001
0.46040000000000003
0.5315000000000001
0.4676
0.2866
0.11679999999999999
0.0521
0.0381
0.0361
0.0373
0.0327
0.0628
0.0351
0.6931
0.0699
0.7006
0.40780000000000005
0.3079
0.09989999999999999
0.2066
0.239
0.1906
1.6928
0.5001
0.528
0.4387
0.4911
0.7797000000000001
0.2552
0.8626
0.4173
0.1749
0.3288
0.45740000000000003
0.6538999999999999
0.20740000000000003
0.1755
0.18430000000000002
0.1437
0.125
0.129
0.24159999999999998
0.24810000000000001
0.20929999999999999
0.1298
0.1324
0.0897
0.1053
0.1485
0.3392
0.3909
0.4817
0.9006000000000001
0.24869999999999998
0.17909999999999998
0.17020000000000002
0.1763
0.1661
0.2
0.23659999999999998
0.3443
0.49019999999999997
0.3812
0.4968
1.5899999999999999
1.1338
0.5637
0.749
1.0104
1.8843
2.3569
0.5744
0.6043000000000001
1.1932
0.9189
0.7189
0.8233
0.116
0.0874
0.0752
0.0658
0.0524
0.0347
0.0348
0.041
0.0001
0.0
0.0557
0.0
0.0
0.0
0.0
0.1503
0.17159999999999997
0.0082
0.0101
0.0108
0.0438
0.1207
0.08449999999999999
0.0948
0.1501
0.1382
0.135
0.12969999999999998
0.1169
0.13219999999999998
0.1454
1.0849
0.30210000000000004
0.4437
0.2397
0.2666
0.2092
0.2001
0.17909999999999998
0.275
0.5559000000000001
0.405
0.2803
0.2134
0.20429999999999998
0.2016
0.2394
0.1977
0.059399999999999994
0.0497
0.049699999999999994
0.045899999999999996
0.044
0.0476
0.0593
0.1049
0.1944
0.36719999999999997
0.347
0.9326
0.36460000000000004
0.15660000000000002
0.1196
0.1222
0.6464
0.433
0.349
0.3729
0.381
0.3247
0.1845
0.07830000000000001
0.0059
0.0
0.0006
0.0
0.0028
0.0
0.0
0.0
0.0
0.0
0.0
0.0
0.0
0.0084
0.1301
0.10729999999999999
0.2902
0.605
2.0387
1.4628999999999999
1.3396
0.3357
0.0732
0.0605
0.044899999999999995
0.0195
0.0327
0.0342
0.025599999999999998
0.036
1.0307
1.5088
0.0
0.0
0.0
0.0
0.0
0.0
0.0
0.0
0.23279999999999998
0.2846
0.7593000000000001
0.30479999999999996
0.2439
0.3262
0.2276
0.09570000000000001
0.354
0.4008
0.45389999999999997
0.34450000000000003
0.3063
0.30410000000000004
0.3498
2.2332
0.3354
0.3021
0.2355
0.2368
0.24259999999999998
0.2515
0.3463
0.2797
0.23709999999999998
0.2096
0.6743
0.5570999999999999
0.4618
0.6604
1.0369000000000002
0.5841000000000001
0.023
0.0307
0.0333
0.0346
0.0492
0.1087
0.1907
0.16510000000000002
0.2565
0.5349999999999999
0.21860000000000002
0.1134
0.118
0.1128
0.0764
0.0669
0.2143
0.4988
0.0639
0.052000000000000005
0.025
0.0005
0.0
0.009600000000000001
0.0
0.0
0.0
0.0
0.0
0.0
0.0
0.0
0.0485
0.244
0.32189999999999996
0.2034
0.2172
0.16820000000000002
0.2288
0.079
0.0376
0.0779
0.1041
0.3617
0.15109999999999998
0.06520000000000001
0.009
0.0
0.1112
0.1056
0.10400000000000001
0.1105
0.1245
0.21089999999999998
0.1556
0.0867
0.0669
0.0649
0.0639
0.0466
0.0576
0.0626
0.1746
0.7947
0.5428999999999999
0.4139
0.2989
0.2456
0.19619999999999999
0.2316
0.22139999999999999
0.1616
0.0419
0.0334
0.0281
0.037000000000000005
0.025
0.1351
0.2691
0.0455
0.0243
0.015
0.0036
0.0058
0.0102
0.0109
0.0055
0.0
0.5185
0.0121
0.0
0.1688
0.1894
0.1434
0.1608
0.1305
0.14400000000000002
0.1407
0.13929999999999998
0.1502
0.1664
0.2031
0.4384
0.3208
0.1761
0.1258
0.0868
0.0731
0.08199999999999999
0.0844
0.08710000000000001
0.1318
0.2661
0.25
0.4547
0.7021999999999999
1.271
0.279
0.18969999999999998
0.14629999999999999
0.1308
0.0727
0.08180000000000001
0.0681
0.0606
0.0494
0.060399999999999995
0.4209
0.3155
0.0532
0.0207
0.0
0.0
0.0
0.0
0.0
0.6567
0.5116
0.6602
0.1002
0.1314
0.19440000000000002
0.6668000000000001
0.1619
0.41100000000000003
0.4011
0.3951
0.38770000000000004
0.3768
0.3579
0.3332
0.3291
0.5273
1.2311999999999999
0.4788
0.2783
0.2185
0.2238
0.21939999999999998
0.20700000000000002
0.7565
0.8806999999999999
0.3307
0.4416
0.5667
0.831
0.5258
0.40290000000000004
0.09659999999999999
0.08280000000000001
0.1038
0.082
0.0806
0.0915
0.5519
0.8644000000000001
0.4375
0.7283
1.1512
0.2203
0.1942
0.2661
0.7816000000000001
0.7478
0.2589
0.3367
0.7438
1.5585
0.2462
0.1901
0.123
0.1147
0.1492
0.1608
0.15789999999999998
0.1524
0.13169999999999998
0.139
0.1602
0.15889999999999999
0.1545
0.1773
0.3639
0.1812
0.1201
0.4252
0.5615
0.3003
0.40969999999999995
0.5236
0.22000000000000003
0.14400000000000002
0.12459999999999999
0.1006
0.0906
0.0922
0.269
0.2481
0.235
0.23459999999999998
0.2334
0.23959999999999998
0.2636
0.3294
0.7577
0.7634
0.8025
0.6531
0.5327999999999999
0.5629
0.5609999999999999
0.5153
0.5134000000000001
1.1556
0.9985
1.0125
0.887
0.669
0.46840000000000004
0.3395
0.1398
0.13190000000000002
0.1255
0.1417
0.2008
0.26270000000000004
0.1222
0.0674
0.0525
0.5079
0.0161
0.0303
0.0309
0.0202
0.0
0.0
0.0
0.0165
0.0386
0.0385
0.0707
0.1144
0.232
0.1885
0.0691
0.0558
0.0487
0.06470000000000001
0.0659
0.0828
0.0156
0.0
0.0
0.0
0.0
0.0
0.0
0.0
0.0
0.0
0.0
0.4908
2.1908000000000003
0.6445000000000001
1.226
0.4728
0.3546
0.1785
0.1461
0.1455
0.14229999999999998
0.1396
0.1384
0.12279999999999999
0.12669999999999998
0.10600000000000001
0.1049
0.2549
0.3779
0.1871
0.1273
0.24059999999999998
0.1799
0.44830000000000003
0.2229
0.2098
0.3245
0.1388
0.1372
0.1201
0.1346
0.1371
0.0756
0.0615
0.0557
0.0533
0.0465
0.043300000000000005
0.042800000000000005
0.0574
0.2318
0.1071
0.0988
0.1099
0.1346
0.10919999999999999
0.13069999999999998
0.18380000000000002
0.4091
0.1696
0.1285
0.6151
0.1844
0.15489999999999998
0.12179999999999999
0.0969
0.0817
0.0833
0.0612
0.056299999999999996
0.0799
0.148
0.8389
0.1653
0.2169
0.21989999999999998
0.4263
0.1684
0.1754
0.2368
0.4968
0.34509999999999996
0.4276
0.8338
0.8561
0.5608
1.4022
0.012799999999999999
0.07869999999999999
0.0892
0.1578
0.14689999999999998
0.13829999999999998
0.1575
0.1693
0.1699
0.1656
0.1778
0.1943
0.18819999999999998
0.1424
0.15539999999999998
0.29369999999999996
0.2998
0.20379999999999998
0.1884
0.6906
1.1992
0.6255000000000001
0.47940000000000005
0.3204
0.3371
0.35450000000000004
0.2232
0.123
0.12260000000000001
0.1274
0.13429999999999997
0.1547
0.27290000000000003
0.21300000000000002
0.1612
0.1503
0.1746
0.1392
0.12569999999999998
0.1406
0.1683
0.20400000000000001
0.2051
0.1363
0.1502
0.2851
0.2267
0.2131
0.1852
0.1372
0.1187
0.0929
0.08180000000000001
0.0752
0.0722
0.0659
0.0668
0.0687
0.21960000000000002
0.26380000000000003
0.1531
0.147
0.0975
0.1253
0.0777
0.0695
0.0619
0.0421
0.038900000000000004
0.0416
0.0488
0.0521
0.07680000000000001
0.0938
0.089
0.1282
0.11860000000000001
0.1324
0.1191
0.0907
0.059800000000000006
0.0668
0.0392
0.0344
0.0812
0.22039999999999998
0.0215
0.0112
1.2177
0.3246
0.1497
0.0135
0.0098
0.0629
0.1432
0.1003
0.7596
0.3619
0.13040000000000002
0.0798
0.0754
0.0668
0.1243
0.1608
0.1167
0.0453
0.0303
0.017599999999999998
0.014700000000000001
0.013000000000000001
0.0273
0.1116
0.1879
0.1498
0.5723
0.6976
0.1936
0.0416
0.2217
0.2702
0.1341
0.1192
0.1154
0.15
0.15539999999999998
0.1582
0.1623
0.1638
0.1923
0.2394
0.3873
0.6726
0.4596
0.26789999999999997
0.2521
0.1985
0.185
0.1867
0.2683
0.8351000000000001
0.2373
0.297
0.22499999999999998
0.1656
0.1124
0.1007
0.1074
0.0
0.0
0.0
0.0
0.0
0.0024
0.011099999999999999
0.03560000000000001
0.0
0.0066
0.0116
0.7686
0.3219
1.6145
1.2924
0.1039
1.3606
0.7021
0.1404
0.2193
0.0339
0.0
0.0
0.0
0.1154
0.1084
0.1185
0.1515
0.16210000000000002
0.1232
0.1094
0.0933
0.0929
0.1054
0.0727
0.053500000000000006
0.056
0.1401
0.17099999999999999
0.2737
0.2063
0.21550000000000002
0.5728
0.2944
0.2197
0.3985
0.22039999999999998
0.1268
0.16499999999999998
0.1532
0.1478
0.146
0.1431
0.15360000000000001
0.1722
0.1935
0.21100000000000002
0.25
0.4375
0.6148
0.35860000000000003
0.2743
0.26739999999999997
0.2626
0.2258
0.2551
0.421
0.39990000000000003
0.41669999999999996
0.3503
0.257
0.1975
0.1532
0.15289999999999998
0.1542
0.15560000000000002
0.1593
0.1971
0.2671
0.2141
0.2003
0.1895
0.1995
0.23110000000000003
0.16670000000000001
0.16749999999999998
0.14300000000000002
0.13390000000000002
0.1235
0.1152
0.1111
0.1369
0.1751
0.1634
0.1338
0.1306
0.0681
0.0605
0.0561
0.057300000000000004
0.06
0.0761
0.09770000000000001
0.09720000000000001
0.0958
0.0933
0.0809
0.0767
0.1382
0.1318
0.1339
0.1371
0.1755
0.2099
0.1265
0.1361
0.191
0.19779999999999998
0.148
0.0924
0.6954
0.6163
0.6061000000000001
0.6026
0.5854999999999999
0.5642
0.5610999999999999
0.5987
0.9769
0.7914
0.6865
1.1898
0.6739999999999999
0.47409999999999997
0.4047
0.4334
0.5193
0.9608999999999999
0.9128999999999999
0.945
0.8291
0.7809
0.7684
0.8373
0.0766
0.0636
0.0598
0.0556
0.052
0.0547
0.0565
0.0814
0.3277
0.7946
0.4376
0.32730000000000004
0.3392
0.2912
0.7484
0.7896000000000001
0.9609000000000001
1.0897999999999999
0.4944
0.4723
0.42110000000000003
0.3609
0.2532
0.13319999999999999
0.1054
0.094
0.0897
0.08410000000000001
0.0844
0.08940000000000001
0.1133
0.1147
0.39899999999999997
0.5293
0.3658
0.2555
0.2076
0.2488
0.3147
0.26680000000000004
0.2814
0.3375
0.5816
0.8575999999999999
0.6227
0.5246
0.2573
0.1513
0.1402
0.108
0.09620000000000001
0.099
0.0843
0.1169
0.2851
0.8645999999999999
0.7011000000000001
0.8154
0.0
0.1417
0.12409999999999999
0.0619
0.023
0.0105
0.4778
0.055499999999999994
0.0616
0.013
0.08130000000000001
0.1143
0.19579999999999997
0.2525
0.1345
0.1216
0.11810000000000001
0.1073
0.1114
0.11860000000000001
0.25670000000000004
0.4496
0.1979
0.1394
0.12
0.1051
0.1215
0.1174
0.1144
0.12279999999999999
0.7565999999999999
0.2655
1.5429
0.8636999999999999
0.5965
0.5617
0.43989999999999996
0.241
0.1077
0.1161
0.11069999999999999
0.1182
0.1281
0.22449999999999998
0.3462
0.2587
0.2368
0.262
0.1901
0.1819
0.2476
0.1886
0.159
0.16999999999999998
0.40259999999999996
0.9245
0.7526999999999999
0.4384
0.1738
0.1235
0.1031
0.1027
0.1127
0.0963
0.0924
0.0874
0.08410000000000001
0.0865
0.0872
0.09820000000000001
0.1344
0.5469
0.552
0.3921
0.1372
0.1405
0.1137
0.08729999999999999
0.1094
0.0259
0.0223
0.0168
0.0462
0.096
0.1276
0.1321
0.0365
0.0247
0.019700000000000002
0.0196
0.0242
0.021900000000000003
0.0196
0.035
0.1713
0.3683
0.0809
0.203
0.109
0.1019
0.114
0.0751
0.09040000000000001
0.158
0.1426
0.0675
0.1011
0.194
0.2415
0.09040000000000001
0.1694
0.1505
0.1421
0.1412
0.1391
0.16360000000000002
0.21839999999999998
0.159
0.0986
0.0948
0.09889999999999999
0.1015
0.0963
0.1004
0.10300000000000001
0.1391
0.1625
0.5551
0.64
0.9410000000000001
0.5971
0.6679999999999999
0.40670000000000006
0.223
0.124
0.1205
0.113
0.1086
0.1177
0.1256
0.1629
0.2278
0.31489999999999996
0.45439999999999997
0.32189999999999996
0.3503
1.0274999999999999
0.6498999999999999
0.372
0.4959
0.4437
0.4557
2.1276
0.2591
0.2355
0.1991
0.1528
0.132
0.0018
0.002
0.0529
0.21739999999999998
0.0825
0.13040000000000002
0.193
0.22860000000000003
0.1544
0.0287
0.3015
0.1002
2.0278
2.2791
0.7473000000000001
0.148
0.18309999999999998
0.2967
0.0732
0.0262
0.0
0.0
0.0
0.0
0.15439999999999998
0.0935
0.0733
0.0738
0.050100000000000006
0.0471
0.0457
0.040499999999999994
0.0218
0.0343
0.0337
0.0373
0.0931
0.18130000000000002
0.1585
0.1884
1.5443
0.9402
1.2594
1.0695000000000001
0.5009
0.4439
0.5903
0.45320000000000005
0.2345
0.1872
0.1738
0.1612
0.1614
0.1588
0.18309999999999998
0.1885
1.0492
0.9347
0.8071999999999999
1.2147999999999999
0.3164
0.309
0.3246
0.3433
0.3251
0.3869
0.3025
0.29510000000000003
0.31689999999999996
0.3877
0.4465
0.3675
0.0428
0.046200000000000005
0.0432
0.0513
0.0537
0.0449
0.042499999999999996
0.0346
0.0112
0.0033
0.0
0.0031
0.0101
0.0034999999999999996
0.0049
0.016
0.0206
0.3558
0.938
0.8005
0.8222
0.8043
0.1584
0.0741
0.1323
0.1207
0.1134
0.11349999999999999
0.1128
0.11710000000000001
0.1392
0.1669
0.24770000000000003
0.653
0.20240000000000002
0.22920000000000001
0.3103
0.6788
0.8344
0.891
0.2216
0.1656
0.14400000000000002
0.1529
0.1522
0.1617
0.1624
0.138
0.1092
0.1137
0.1161
0.1185
0.1588
0.3184
0.2286
0.25570000000000004
0.2616
0.2751
0.1907
0.1345
0.1467
0.2313
0.3039
0.35409999999999997
0.7910999999999999
0.6009
0.4094
0.4605
0.5095999999999999
0.3286
0.10250000000000001
0.0819
0.1147
0.10289999999999999
0.0986
0.0963
0.0969
0.1055
0.123
0.1466
0.1668
0.2156
0.1904
0.2596
0.22410000000000002
0.1915
0.1874
0.2092
0.1985
0.195
0.1633
0.1407
0.1602
0.18009999999999998
0.1789
0.1464
0.09190000000000001
0.07869999999999999
0.0758
0.0813
0.069
0.057800000000000004
0.8655999999999999
0.1756
0.0568
0.053899999999999997
0.044399999999999995
0.0563
0.0774
0.0739
0.0874
0.1754
0.707
0.4908
0.15810000000000002
0.13119999999999998
0.31489999999999996
0.2956
0.2464
0.1762
0.055799999999999995
0.0999
0.0274
0.09179999999999999
0.0471
0.0
0.0
0.0
0.0
0.0
0.0
0.0
0.0
0.0
0.0
0.0
0.0
0.058300000000000005
0.0303
0.2547
1.2334
0.1486
0.0044
0.0078000000000000005
0.146
0.10669999999999999
0.1021
0.0955
0.089
0.0874
0.09
0.1095
0.1339
0.15389999999999998
0.1477
0.221
0.3701
0.25579999999999997
0.7431
0.6722
0.2929
0.24409999999999998
0.2577
0.5827
0.5906
0.3842
0.3507
0.256
0.10300000000000001
0.0927
0.0842
0.0906
0.0912
0.0998
0.11580000000000001
0.3989
0.3993
0.033299999999999996
0.0122
0.0071
0.0201
0.031
0.023899999999999998
0.032799999999999996
0.10439999999999999
0.7432
0.2522
0.2658
0.2354
0.2251
0.2903
0.1874
0.3065
0.2205
0.2222
0.2619
0.19590000000000002
0.1478
0.1599
0.1594
0.1329
0.10619999999999999
0.06709999999999999
0.059899999999999995
0.0506
1.3335
0.06920000000000001
0.0991
0.1133
0.43000000000000005
0.5317000000000001
0.7569
0.5857
0.4979
0.5094000000000001
0.403
0.2098
0.1885
0.1747
0.1737
0.1629
0.16970000000000002
0.27790000000000004
0.4951
0.2126
0.2102
0.2138
0.2542
0.244
0.22799999999999998
0.2264
0.3015
1.1379000000000001
0.7317
0.3507
0.2891
0.3113
0.32899999999999996
0.3617
0.303
0.14950000000000002
0.1111
0.11699999999999999
0.1139
0.1351
0.1966
0.9467000000000001
0.5145
0.4887
0.4658
0.374
0.2881
0.2944
0.4442
1.3908999999999998
0.8814
0.7491
0.4214
0.38639999999999997
0.4919
1.4992999999999999
1.5979999999999999
0.15710000000000002
0.1338
0.1744
0.10070000000000001
0.1014
0.08940000000000001
0.06709999999999999
0.08249999999999999
0.0948
0.1058
0.12769999999999998
0.17830000000000001
0.638
0.45039999999999997
1.1615
2.5068
0.3663
0.2185
0.2844
0.4245
0.3859
1.7155999999999998
0.6223000000000001
0.7456
1.01
0.3619
0.08979999999999999
0.0905
0.0902
0.0963
0.08410000000000001
0.1525
0.451
0.1385
0.0548
0.0859
0.0011
0.024300000000000002
0.0298
0.023600000000000003
0.0218
0.8289
0.2595
0.0
0.0
0.0167
0.34030000000000005
0.2414
0.0923
0.08549999999999999
0.0887
0.0781
0.07100000000000001
0.0703
0.0679
0.0663
0.07070000000000001
0.0849
0.34440000000000004
0.1196
0.0958
0.10450000000000001
0.14100000000000001
0.1355
0.1568
0.1865
0.2685
0.1598
0.14500000000000002
0.2629
0.2052
0.1724
0.1413
0.1099
0.045200000000000004
0.0323
0.0305
0.0286
0.0155
0.027299999999999998
0.0
0.3175
0.12140000000000001
0.0263
0.454
0.0112
0.0008
0.0
0.0
0.0
0.5726
0.0994
0.32989999999999997
0.045
0.0902
0.2234
0.1567
0.1013
0.14279999999999998
0.1432
0.1396
0.14300000000000002
0.1483
0.1933
0.47330000000000005
0.4793
0.32889999999999997
0.2721
0.2747
0.3361
0.33899999999999997
0.3587
0.39780000000000004
0.4476
0.9151
0.9534
1.246
0.6336
0.3771
0.2321
0.1436
0.1386
0.1343
0.1139
0.1046
0.0993
0.0962
0.098
0.095
0.09809999999999999
0.1607
0.20040000000000002
0.1774
0.14600000000000002
0.12279999999999999
0.1557
0.2104
0.1954
0.2572
0.4032
0.2695
0.2253
0.24409999999999998
0.4794
0.31420000000000003
0.1805
0.0782
0.06470000000000001
0.058499999999999996
0.06420000000000001
0.0659
0.08099999999999999
0.1096
0.1355
0.12890000000000001
0.7515999999999999
0.7366999999999999
0.11410000000000001
0.3628
0.5555
1.4912
0.42790000000000006
0.257
0.2835
0.2862
0.4542
0.42110000000000003
0.6645
0.7479
0.19879999999999998
0.1267
0.0711
0.0627
0.0692
0.0561
0.0286
0.032
0.0076
0.0
0.011899999999999999
0.0054
0.0
1.871
0.845
0.0073
0.0242
0.0156
1.4682
1.5943999999999998
1.868
0.9216
0.2565
0.31520000000000004
0.2314
0.25339999999999996
0.1986
0.1764
0.1734
0.172
0.1688
0.1699
0.19619999999999999
0.1912
0.2824
0.2596
0.219
0.4113
0.639
0.5975999999999999
0.2661
0.2611
0.2071
0.1354
0.112
0.1244
0.1618
0.2834
0.2689
0.0616
0.0504
0.053099999999999994
0.0543
0.049
0.057999999999999996
0.0681
0.0974
0.1281
0.2845
0.2525
1.0123
0.44799999999999995
0.19490000000000002
0.21350000000000002
0.34640000000000004
0.1711
0.1371
0.1335
0.14939999999999998
0.1893
0.2477
0.19519999999999998
0.1117
0.0
0.0
0.0063
0.0
0.0
0.0031
0.0
0.0
0.4518
0.0
0.0
0.7878
0.1371
0.0
0.0
0.0
2.3336
1.3533000000000002
0.0
0.0112
0.031599999999999996
0.0
0.0
0.0232
0.3497
0.20429999999999998
0.2117
0.1884
0.1998
0.7747
0.24680000000000002
0.1673
0.16310000000000002
0.16620000000000001
0.1457
0.1659
0.5863
0.23410000000000003
0.27280000000000004
0.23909999999999998
0.7790999999999999
0.7782
0.1609
0.6794
0.4458
0.3437
0.355
0.33109999999999995
0.20679999999999998
0.1692
0.0674
0.0764
0.1032
0.2672
0.1478
0.1335
0.0684
0.2611
0.7587999999999999
0.035699999999999996
0.006999999999999999
0.034999999999999996
0.023
0.0453
0.1405
0.2461
0.2143
0.7102999999999999
0.39790000000000003
0.3271
0.0937
0.0925
0.1544
0.1366
0.1257
0.1251
0.1725
0.8209
0.21939999999999998
0.14150000000000001
0.14479999999999998
0.15360000000000001
0.265
0.1761
0.228
0.2138
0.449
0.9691000000000001
0.7765
0.28690000000000004
0.35650000000000004
0.7806
0.3504
0.5198
0.40480000000000005
0.2304
0.3375
0.2697
0.25680000000000003
0.2293
0.22
0.2132
0.23099999999999998
0.2081
0.3806
0.2882
1.4485000000000001
1.0131999999999999
0.21700000000000003
0.23959999999999998
0.32430000000000003
0.3053
0.3009
0.2988
0.2743
0.3643
0.4463
0.8092999999999999
0.7856000000000001
0.6008
0.1471
0.1272
0.12140000000000001
0.1187
0.11199999999999999
0.1132
0.1341
0.2376
0.3278
0.2274
0.2027
0.26380000000000003
0.23199999999999998
0.1928
0.1777
0.7785000000000001
0.6153
0.3331
0.6941999999999999
0.6009
0.6325000000000001
0.42169999999999996
0.3286
0.2363
0.28969999999999996
0.2596
0.26780000000000004
0.2598
0.2409
0.265
0.3119
0.5287
1.2551
0.6532
0.3957
0.3719
0.4678
0.42810000000000004
0.3656
1.5284
0.9061
0.5967
0.4792
0.43679999999999997
0.4336
0.4134
0.9642999999999999
0.5857
0.2062
0.19669999999999999
0.1933
0.1924
0.1933
0.2099
0.2694
0.2679
0.244
0.2104
0.1918
0.1916
0.1994
0.23370000000000002
0.2592
0.29259999999999997
0.3035
0.3244
0.2393
0.24280000000000002
0.28900000000000003
0.3002
0.255
0.2208
0.0827
0.0699
0.0687
0.0698
0.0685
0.061799999999999994
0.0485
0.0407
0.035699999999999996
0.0484
0.056
0.0526
0.06620000000000001
0.1192
0.0786
0.0818
0.146
0.9168000000000001
0.6517999999999999
0.6735
0.20779999999999998
0.2308
0.203
0.1382
0.10880000000000001
0.0914
0.08679999999999999
0.0812
0.06939999999999999
0.0796
0.0969
0.10750000000000001
0.4879
0.25939999999999996
0.261
0.2227
0.115
0.1104
0.1268
0.5888
0.7622
0.2784
1.0239
0.21760000000000002
0.2892
0.3256
0.31
0.20500000000000002
0.11760000000000001
0.0723
0.0542
0.051199999999999996
0.0411
0.0331
0.0284
0.0254
0.0281
0.036199999999999996
0.0402
0.0403
0.036599999999999994
0.07100000000000001
0.12240000000000001
0.1459
0.2083
0.6834
0.7212999999999999
0.8231
0.6384
0.3992
0.3237
0.2633
0.09809999999999999
0.0872
0.07719999999999999
0.0766
0.0734
0.07239999999999999
0.0766
0.1203
0.4387
0.5468
0.6951
0.2431
0.3617
0.1895
0.18
0.18530000000000002
0.2007
0.5714
0.3799
0.5215000000000001
0.2764
0.2284
0.1754
0.1306
0.0344
0.0377
0.0266
0.0237
0.0246
0.024399999999999998
0.0318
0.2218
0.4356
0.8158000000000001
0.3815
0.12179999999999999
0.1399
0.1469
0.16410000000000002
0.1729
0.1936
0.5366
0.2575
0.2982
0.3271
0.3033
0.162
0.049100000000000005
0.052599999999999994
0.0578
0.0589
0.0581
0.0781
0.1182
0.2791
0.5146999999999999
0.186
0.5426
0.1027
0.09540000000000001
0.0744
0.057800000000000004
0.0671
0.08990000000000001
0.3402
0.3619
0.2799
0.07680000000000001
0.0254
0.0035
0.0042
0.0229
0.2709
0.25639999999999996
0.2501
0.2556
0.2622
1.1508
0.8005
0.45199999999999996
0.4688
0.8773
0.5468
0.5086999999999999
1.209
0.6983
0.724
0.35050000000000003
0.3154
0.3399
1.046
0.4256
0.4239
0.4354
0.39549999999999996
0.3298
0.15589999999999998
0.12329999999999999
0.12490000000000001
0.1164
0.10550000000000001
0.1499
0.1709
0.5283
0.9291
0.1235
0.0795
0.1043
0.1674
0.3661
0.9779
0.9213
0.5904
0.1862
0.088
0.14350000000000002
0.1358
0.1509
0.1525
0.4213
0.06620000000000001
0.0644
0.067
0.061799999999999994
0.0595
0.0694
0.0797
0.089
0.24480000000000002
0.112
0.1222
0.33249999999999996
0.0993
0.1316
0.2207
0.4866
0.2882
0.3304
0.1861
0.1748
0.3096
0.1728
0.0748
0.0625
0.074
0.0473
0.044
0.0381
0.027200000000000002
0.0315
0.0303
0.024399999999999998
0.0125
0.0278
0.0887
0.3196
0.1201
0.22160000000000002
0.0827
0.2647
0.39490000000000003
0.9916
0.28900000000000003
0.1033
0.098
0.1019
0.128
0.1035
0.0837
0.06420000000000001
0.060000000000000005
0.0592
0.057499999999999996
0.0678
0.0825
0.09620000000000001
0.0807
0.1673
0.08679999999999999
0.3698
0.19669999999999999
0.1175
0.099
0.29810000000000003
0.1525
0.0922
0.5331
0.1026
0.15139999999999998
0.1795
0.19190000000000002
0.13729999999999998
0.0284
0.031
0.013300000000000001
0.047700000000000006
0.0284
0.0429
0.046700000000000005
0.0896
1.1155
0.6333
0.22139999999999999
1.1597
1.2199
0.3983
0.3218
0.7672
1.4771
1.2821
0.4157
0.4336
0.5999
0.8581000000000001
0.8351999999999999
0.1594
0.0441
0.0372
0.0368
0.0357
0.0317
0.0404
0.06520000000000001
0.0787
0.1352
0.1424
0.1189
0.0733
0.05789999999999999
0.0624
0.07289999999999999
0.3262
1.2633
0.641
1.1513
1.5906
1.5479
0.3971
0.0322
0.0345
0.09820000000000001
0.099
0.1064
0.1137
0.1255
0.1385
0.3643
0.39699999999999996
0.15710000000000002
0.09390000000000001
0.0628
0.049
0.0589
0.0681
0.07519999999999999
0.095
0.1059
0.134
0.2368
0.2891
0.6314
0.1744
0.0769
0.0736
0.0788
0.0711
0.0791
0.0806
0.0803
0.1011
0.27949999999999997
0.1912
0.08549999999999999
0.0545
0.039400000000000004
0.03
0.0446
0.0594
0.21700000000000003
0.9091
0.6123000000000001
0.4344
0.162
0.4627
0.33699999999999997
0.1975
0.11330000000000001
0.0922
0.072
0.0557
0.0584
0.054599999999999996
0.059899999999999995
0.0618
0.07200000000000001
0.1091
0.1416
0.1933
0.2067
1.2046000000000001
0.7434000000000001
0.7186
0.16849999999999998
0.1704
0.36860000000000004
0.3829
0.5117
0.6205
0.6283
0.3325
0.1761
0.093
0.0149
0.0
0.0
0.0
0.0
0.0
0.0
0.0
0.0
0.0
0.0
0.3395
0.0
0.0
0.0
0.35159999999999997
3.114
0.0154
0.6505
0.098
0.1022
0.16920000000000002
0.097
0.0703
0.18259999999999998
0.16599999999999998
0.15789999999999998
0.1604
0.1691
0.19140000000000001
0.2024
0.1678
0.155
0.14300000000000002
0.13290000000000002
0.1383
0.19219999999999998
0.19440000000000002
0.19640000000000002
0.1825
0.23909999999999998
0.3406
0.1623
0.4779
0.38370000000000004
0.3281
0.31479999999999997
0.23070000000000002
0.1553
0.1442
0.129
0.1326
0.134
0.1366
0.1683
0.41469999999999996
0.4852
0.38939999999999997
0.43810000000000004
0.4355
0.3887
0.3745
0.4091
0.4206
0.37329999999999997
1.2443
0.5311
0.4631
0.4898
0.5469999999999999
0.4356
0.2485
0.07100000000000001
0.06570000000000001
0.0577
0.0569
0.058899999999999994
0.062
0.0902
0.2558
0.19669999999999999
0.1354
0.15610000000000002
0.3665
0.1785
0.14150000000000001
0.12229999999999999
0.1417
0.21860000000000002
0.6812
0.5061
0.3088
0.3614
0.27040000000000003
0.1834
0.108
0.31310000000000004
0.281
0.27690000000000003
0.2679
0.2603
0.2838
0.32720000000000005
1.2632
0.7948999999999999
0.28300000000000003
0.1849
0.1693
0.1753
0.20400000000000001
0.23470000000000002
0.3032
0.4849
0.7712
0.3083
0.2629
0.2547
0.5361
0.9905
0.4315
0.0279
0.0226
0.018
0.0191
0.0173
0.0148
0.016
0.1033
0.12190000000000001
0.1921
0.0716
0.0182
0.025500000000000002
0.0237
0.0245
0.0356
0.0211
0.027299999999999998
0.0747
0.1285
0.0972
0.1121
0.0926
0.0465
0.245
0.25670000000000004
0.2588
0.25470000000000004
0.2573
0.2802
0.3428
0.6464
1.0002
0.39490000000000003
0.2924
0.2485
0.251
0.2636
0.25029999999999997
0.26739999999999997
0.2583
1.2735
0.98
0.7521
0.5469999999999999
0.3655
0.251
0.2248
0.0928
0.0766
0.0703
0.06720000000000001
0.06609999999999999
0.0698
0.0825
0.10120000000000001
0.2607
0.5416
0.306
0.48839999999999995
0.4528
0.2703
0.45530000000000004
0.35919999999999996
0.22920000000000001
0.2622
0.4416
0.6586
0.38480000000000003
0.3701
0.28059999999999996
0.1585
0.0194
0.0146
0.0118
0.0129
0.0121
0.015899999999999997
0.0273
0.054900000000000004
0.0749
0.0945
0.050199999999999995
0.012
0.0166
0.0306
0.0365
0.0531
0.050100000000000006
0.0379
0.0293
0.0298
0.0195
0.0346
0.030600000000000002
0.016
0.0
0.0
0.0
0.0001
0.0023
0.023100000000000002
0.1206
0.0857
0.0493
0.0667
0.0407
0.0528
0.0177
0.0282
0.0166
0.0471
0.1784
0.14400000000000002
0.0751
0.0138
0.0001
0.0
0.0
0.0
0.6315
0.6075999999999999
0.5723
0.6358
0.5995
0.5465
0.5007
0.9405
0.5713
0.2409
0.6800999999999999
0.2893
0.2295
0.21250000000000002
0.2197
0.3194
0.4467
0.2815
0.48029999999999995
0.561
0.2351
0.2484
0.23149999999999998
0.26739999999999997
0.1397
0.11979999999999999
0.124
0.1096
0.0995
0.10250000000000001
0.11699999999999999
0.1372
0.15289999999999998
0.1256
0.0563
0.08360000000000001
0.3191
0.7007
0.21439999999999998
0.0157
0.802
0.8581
0.13
0.2794
0.5229
0.1772
0.1464
0.3059
0.0
0.0
0.0
0.0
0.0
0.0
0.0
0.0
0.0
0.0
0.0
0.0521
0.1757
0.1313
0.0318
0.0327
0.1271
0.0568
0.1
0.0929
0.0287
0.0
0.0
0.0
0.1234
0.0949
0.0867
0.0809
0.073
0.0819
0.0866
0.1011
0.1
0.1545
0.2016
0.40890000000000004
0.3377
0.1782
0.15339999999999998
0.1768
0.9357
0.4917
0.5306
0.2656
0.2534
0.2714
0.3976
0.283
0.0716
0.2516
0.11549999999999999
0.09939999999999999
0.087
0.08349999999999999
0.0786
0.11180000000000001
0.3729
1.1315
1.4128999999999998
0.6384000000000001
0.3592
0.1215
0.046200000000000005
0.07300000000000001
0.1174
0.2018
0.4091
1.2498
1.2109
0.9259
0.5612
0.28600000000000003
0.0286
0.0162
0.033100000000000004
0.0009
0.0092
0.0045
0.0
0.0
0.1296
0.6311
0.8408
1.279
2.1307
2.7142
0.7916
1.1569
1.3468
1.334
1.6000999999999999
1.4352999999999998
0.5828
0.2975
0.0785
0.0347
0.1605
0.14750000000000002
0.1263
0.1205
0.1091
0.1137
0.12329999999999999
0.1382
0.45299999999999996
0.1153
0.09129999999999999
0.0911
0.0877
0.1089
0.419
0.253
0.2429
0.4615
0.28659999999999997
0.42069999999999996
0.1927
0.1857
0.1784
0.159
0.14529999999999998
0.1157
0.10369999999999999
0.10439999999999999
0.0965
0.0948
0.1016
0.1114
0.1775
0.3159
0.49779999999999996
0.9147000000000001
0.377
0.15410000000000001
0.0681
0.036
0.0864
0.1227
0.131
0.172
0.2253
0.2373
0.191
0.1429
0.037
0.0343
0.0382
0.038500000000000006
0.0463
0.0896
0.1627
0.4455
0.49950000000000006
0.1694
0.3504
0.1671
0.09190000000000001
0.0819
0.0484
0.0385
0.2445
0.1313
0.4537
0.27090000000000003
0.0455
0.0184
0.024399999999999998
0.0245
0.0
0.0
0.0
0.0
0.0
0.0
0.0
0.0
0.0
0.0
0.0281
1.6637
1.2885
1.1800000000000002
0.0
0.123
1.3981999999999999
0.0
0.0
0.31989999999999996
0.4775
0.178
0.0
0.0
0.1251
0.11410000000000001
0.11330000000000001
0.1096
0.1076
0.1126
0.14939999999999998
0.6722
0.2244
0.2188
0.2201
0.1464
0.1637
0.1634
0.16720000000000002
0.3796
0.2646
0.2066
0.5912000000000001
0.29769999999999996
0.2744
0.3296
0.3692
0.2234
0.2545
0.20679999999999998
0.2142
0.24619999999999997
0.24509999999999998
1.7354
0.7521
0.24530000000000002
0.2722
0.24159999999999998
0.3145
0.6011
1.459
0.7497
1.1084
1.4364
2.1215
1.1146
0.7093
0.6838
0.5319
0.3634
0.2696
0.243
0.0523
0.033600000000000005
0.0314
0.0267
0.019700000000000002
0.0222
0.019799999999999998
0.0416
0.0617
0.11879999999999999
0.1926
0.244
0.2075
0.2939
0.43320000000000003
0.5094000000000001
0.9038
0.41000000000000003
0.4975
0.6495
0.5428
0.5499
0.3984
0.1639
0.19140000000000001
0.1693
0.1578
0.17049999999999998
0.115
0.9535
0.4184
0.24860000000000002
0.1656
0.1431
0.0828
0.144
3.2464
0.1734
0.1333
1.5342
1.9779
2.3097
2.3266999999999998
1.0008
0.6442
0.36860000000000004
0.2613
0.22870000000000001
0.2582
0.2133
0.27090000000000003
0.30920000000000003
0.5293
1.0361
0.2767
0.1538
0.14479999999999998
0.14379999999999998
0.1451
0.48929999999999996
1.0693
0.4339
0.214
0.19979999999999998
0.3369
1.8605
0.7104
0.3156
0.6407
0.1948
0.1669
0.1553
0.0902
0.0851
0.0818
0.0836
0.088
0.10669999999999999
0.1306
0.1328
0.1444
0.1454
0.1362
0.1193
0.1522
0.1703
0.17830000000000001
0.1807
0.18380000000000002
0.2445
0.2562
0.2334
0.2454
0.2031
0.129
0.0938
0.14150000000000001
0.12490000000000001
0.1177
0.111
0.1106
0.1177
0.1308
0.15639999999999998
0.1897
0.2097
0.2495
0.2819
0.419
0.4699
0.34009999999999996
0.31610000000000005
0.441
0.2539
0.24630000000000002
0.3384
0.3182
0.29259999999999997
0.23620000000000002
0.1819
0.1079
0.1144
0.1192
0.122
0.1355
0.1629
0.209
0.2383
0.2623
0.3856
0.2047
1.2734999999999999
1.2358
0.4434
0.1467
0.15889999999999999
0.4583
0.4617
0.4375
0.1787
0.1303
0.0912
0.0896
0.0985
0.1131
0.1055
0.0956
0.0948
0.0941
0.1078
0.2
0.24230000000000002
0.129
0.6086
0.26349999999999996
0.2114
0.1663
0.1565
0.16060000000000002
0.2465
0.218
0.1868
0.2474
0.3511
0.4133
0.35719999999999996
0.2485
0.1573
0.24819999999999998
0.2366
0.2296
0.23399999999999999
0.242
0.28969999999999996
0.3306
0.3033
0.2824
0.2856
0.2975
0.29000000000000004
0.4486
0.3809
0.5515
0.4368
0.4435
0.7308
0.5999000000000001
0.7828999999999999
0.8575
0.3705
0.2687
0.2389
0.0155
0.015
0.0
0.0042
0.0021
0.016
0.1172
0.34099999999999997
0.048100000000000004
0.0664
0.0842
0.037000000000000005
0.012
0.0112
0.0
0.0243
1.268
0.8532
0.9171
0.0504
0.40709999999999996
1.7838
0.0176
0.0393
0.054400000000000004
0.047799999999999995
0.0464
0.0453
0.0519
0.098
0.1422
0.0952
0.0874
0.2374
0.1238
0.1202
0.1489
0.10830000000000001
0.0887
0.1357
0.1321
0.10020000000000001
0.12
0.0845
0.0854
0.0819
0.0757
0.061399999999999996
0.1679
0.1538
0.14479999999999998
0.1432
0.1396
0.1403
0.1457
0.16620000000000001
0.3337
0.3993
0.28390000000000004
0.3873
0.2592
0.2506
0.2632
0.2653
0.398
0.7244999999999999
0.271
0.2391
0.2406
0.2386
0.2207
0.1921
0.09759999999999999
0.0879
0.09290000000000001
0.11230000000000001
0.2072
0.292
0.0823
0.044899999999999995
0.047
0.0587
0.057300000000000004
0.0579
0.07200000000000001
0.0765
0.08549999999999999
0.09670000000000001
0.0675
0.039400000000000004
0.0591
0.0969
0.14900000000000002
0.3439
0.361
0.1558
0.7603
0.6304000000000001
0.3948
0.3823
0.3543
0.3986
0.8189
0.7443
0.5017
0.3458
0.6929000000000001
0.3392
0.3641
0.3968
0.7589
0.6983999999999999
0.4934
0.5823
0.3958
0.644
0.9071
1.8634
0.5819
0.3509
0.1807
0.1966
0.20029999999999998
0.2053
0.2037
0.2183
0.24009999999999998
0.24630000000000002
0.2952
0.1769
0.1022
0.07139999999999999
0.0821
0.0978
0.105
0.1147
0.2938
0.6867
0.1451
0.1963
0.2018
0.2101
0.1636
0.1376
0.0287
0.025
0.0234
0.0269
0.0208
0.0226
0.0221
0.0207
0.0087
0.0027
0.0
0.0016
0.0443
0.023899999999999998
0.04239999999999999
0.08080000000000001
0.0872
0.0692
0.0199
0.0633
0.0483
0.0063
0.0089
0.011300000000000001
0.0019
0.0
0.0
0.0002
0.0014
0.0
0.0
0.0
0.0
0.0
0.4716
0.5189
0.0
0.0
0.0076
0.1528
0.6776
0.2911
1.173
0.1549
0.253
0.1651
0.0116
0.0026
0.1602
0.1539
0.1441
0.1452
0.14650000000000002
0.1373
0.1441
0.13590000000000002
0.1372
0.15589999999999998
0.18919999999999998
0.13579999999999998
0.1855
0.29710000000000003
0.1568
0.1313
0.1111
0.7161
1.1053
0.5261
0.6547000000000001
0.42979999999999996
0.22510000000000002
0.16510000000000002
0.1359
0.1288
0.122
0.124
0.1257
0.13779999999999998
0.1694
0.2414
0.2592
0.2705
0.2011
0.16099999999999998
0.1754
0.1942
0.2195
0.2555
0.401
0.796
0.4316
0.4252
0.251
0.24
0.20989999999999998
0.1615
0.0754
0.06709999999999999
0.07919999999999999
0.0744
0.0697
0.0799
0.3526
0.4987
0.0501
0.040999999999999995
0.0127
0.0221
0.0236
0.011
0.0009000000000000001
1.0061
0.32139999999999996
0.06999999999999999
0.8323
0.28550000000000003
0.1381
0.1303
0.0943
0.0866
0.1791
0.1651
0.1578
0.15410000000000001
0.1498
0.1553
0.1825
0.25880000000000003
0.1764
0.1498
0.14100000000000001
0.247
0.1972
0.17149999999999999
0.1653
0.1855
0.2038
0.2437
0.2311
0.22820000000000001
0.2696
0.2018
0.178
0.16899999999999998
0.0696
0.0646
0.06739999999999999
0.06609999999999999
0.0645
0.0758
0.1043
0.1404
0.2079
0.4348
0.2726
0.1466
0.1863
0.4033
0.39849999999999997
0.2184
0.5715
0.453
0.2203
0.19890000000000002
0.14429999999999998
0.0885
0.0676
0.0639
0.0766
0.0674
0.0659
0.06180000000000001
0.0554
0.0644
0.7061999999999999
0.2561
0.1886
0.22139999999999999
0.2375
0.2025
0.2303
0.2224
0.2323
0.47809999999999997
0.5438
0.3649
1.1575
0.3581
0.3246
0.28700000000000003
0.17880000000000001
0.106
0.1243
0.11030000000000001
0.1002
0.09939999999999999
0.09670000000000001
0.0954
0.10719999999999999
0.1462
0.3483
0.6228
0.6314
0.2682
0.2575
0.2334
0.2299
0.1965
0.1827
0.2496
0.4989
0.45130000000000003
0.3607
0.32189999999999996
0.2575
0.1683
0.13040000000000002
0.1281
0.11549999999999999
0.1109
0.1158
0.131
0.1725
0.2202
0.24309999999999998
0.7946
0.47319999999999995
0.3427
0.4348
0.2224
0.1856
0.1827
0.2123
0.4246
0.2384
0.2794
0.3051
0.26370000000000005
0.2167
0.1588
0.0
0.0086
0.0
0.004
0.001
0.0006
0.114
2.325
1.8048000000000002
0.6775
1.0251000000000001
0.2595
0.22960000000000003
0.3433
0.5344
0.3166
0.8791
0.6389
0.9352
1.1815
0.0823
0.0
0.005
0.0168
0.1366
0.12469999999999999
0.1238
0.1179
0.1124
0.111
0.118
0.1104
0.17049999999999998
0.4721
0.4969
0.2046
0.1523
0.1483
0.44889999999999997
0.189
0.1353
0.1081
0.1513
0.3223
0.8328
0.6833
0.1419
0.12240000000000001
0.2465
0.2531
0.246
0.228
0.21889999999999998
0.19740000000000002
0.2112
0.192
0.1782
0.3933
0.6202
0.6729
0.3286
0.33089999999999997
0.29500000000000004
0.8612
0.9428
0.4689
0.36129999999999995
0.2243
0.177
0.1451
0.15460000000000002
0.155
0.18569999999999998
0.1769
0.1709
0.1824
0.1926
0.1618
0.13690000000000002
0.1263
0.1197
0.14350000000000002
0.1377
0.1222
0.1462
0.2057
0.17609999999999998
0.18769999999999998
0.2012
0.21660000000000001
0.2342
0.24559999999999998
0.2086
0.246
0.2656
0.2121
0.094
0.0763
0.0871
0.0839
0.09029999999999999
0.2563
1.0848
0.17359999999999998
0.0482
0.058899999999999994
0.0617
0.0599
0.0591
0.0651
0.09340000000000001
0.126
0.1157
0.12229999999999999
0.2458
0.8997999999999999
0.3109
0.2185
0.1263
0.1048
0.0
0.0
0.0
0.0
0.0
0.0
0.003
0.05929999999999999
0.2878
0.5492
0.37639999999999996
0.20879999999999999
0.2986
0.325
0.0799
0.0031
0.056
0.0752
0.0466
0.49119999999999997
0.0
0.0
0.0
0.0
0.1397
0.1324
0.12730000000000002
0.134
0.13069999999999998
0.1167
0.0952
0.0859
0.0759
0.0819
0.0703
0.0687
0.0864
0.1115
0.1315
0.14229999999999998
0.1414
0.1963
0.2018
0.2168
0.1785
0.1766
0.1761
0.1545
0.0
0.0
0.0
0.0
0.0
0.0
0.1148
0.051399999999999994
0.0
0.0002
0.0
0.0
0.0
0.0
0.0
0.0804
0.3003
0.7515999999999999
0.9443
0.3384
0.6102000000000001
0.0708
0.0061
0.0
0.1046
0.09709999999999999
0.0943
0.093
0.0936
0.10239999999999999
0.122
0.1575
0.2469
0.1699
0.1001
0.5891
0.1906
0.1429
0.1159
0.12129999999999999
0.2154
0.1901
0.1548
0.2534
0.4699
0.21660000000000001
0.145
0.1095
0.0492
0.0438
0.0412
0.0405
0.0397
0.0505
0.1338
0.1824
0.1293
0.1754
0.12819999999999998
0.1292
0.1152
0.1171
0.1038
0.1442
0.2871
0.2232
0.1765
0.11929999999999999
0.1417
0.137
0.0963
0.060700000000000004
0.1632
0.1057
0.0902
0.08249999999999999
0.0796
0.08879999999999999
0.231
0.2046
0.0963
0.0901
0.2937
0.27
0.48240000000000005
0.11230000000000001
0.1126
0.1247
0.1345
0.3181
0.1643
0.2
0.2989
0.2592
0.22210000000000002
0.1605
0.1668
0.1513
0.14379999999999998
0.1411
0.1394
0.1449
0.1537
0.14529999999999998
0.12890000000000001
0.1276
0.1125
0.1054
0.1096
0.127
0.1519
0.2647
0.4152
0.3085
0.35309999999999997
0.4544
0.38170000000000004
0.3587
0.3055
0.21689999999999998
0.101
0.094
0.0917
0.0858
0.0889
0.1021
0.16599999999999998
0.42369999999999997
0.24120000000000003
0.374
1.0708
0.40690000000000004
0.20779999999999998
0.1946
0.2127
0.267
0.3294
0.31379999999999997
0.2959
0.264
0.2562
0.2256
0.16949999999999998
0.131
0.24130000000000001
0.21989999999999998
0.2116
0.2054
0.1991
0.20429999999999998
0.217
0.23199999999999998
0.3051
0.4497
0.5495
1.5693
0.5942000000000001
0.3882
0.4691
0.4344
0.3729
0.7617
0.37070000000000003
0.3388
0.3315
0.32489999999999997
0.30300000000000005
0.2595
0.0119
0.0
0.0
0.0111
0.0
0.5153
1.7697
0.1901
0.0067
0.0
0.0
0.0
0.0
0.0
0.0
0.0
0.6114999999999999
0.651
0.088
0.0
0.0
0.0009
0.012199999999999999
0.0096
0.095
0.08399999999999999
0.07619999999999999
0.0763
0.0726
0.0738
0.0804
0.24960000000000002
0.3826
0.7293000000000001
0.3326
0.4214
0.1733
0.1406
0.1385
0.131
0.1106
0.1501
0.382
0.188
0.1693
0.1704
0.1568
0.1128
0.0819
0.0722
0.0687
0.0672
0.0705
0.0879
0.1635
1.2004
1.3314
1.7412
1.6439
0.7318
0.3901
0.5047
0.40790000000000004
0.7269000000000001
1.0427
1.3855
0.9499
0.3859
0.21960000000000002
0.14229999999999998
0.1215
0.09709999999999999
0.2007
0.192
0.17830000000000001
0.1675
0.1706
0.1915
0.2039
0.2363
0.9416
2.2934
0.7928
0.7594000000000001
1.046
0.8292
0.6776
0.5737
0.7958000000000001
0.7003
0.6633
0.5996999999999999
0.6820999999999999
0.5847
0.4494
0.2976
0.13319999999999999
0.1096
0.1012
0.09839999999999999
0.0945
0.0996
0.1069
0.11599999999999999
0.1033
0.1081
0.1028
0.1071
0.1339
0.382
0.4465
0.39749999999999996
0.4676
1.0297
0.615
0.473
0.3049
0.2628
0.2115
0.1685
0.0508
0.044
0.041999999999999996
0.0407
0.041499999999999995
0.0438
0.05399999999999999
0.0952
0.2144
0.17880000000000001
0.1359
0.4472
0.1691
0.1338
0.1257
0.137
0.1575
0.112
0.08940000000000001
0.097
0.1112
0.1206
0.09670000000000001
0.0664
0.0895
0.08710000000000001
0.08499999999999999
0.0819
0.0818
0.09029999999999999
0.1529
0.5363
0.6745
0.5421
0.3385
0.28500000000000003
0.20140000000000002
0.1354
0.0848
0.06470000000000001
0.10400000000000001
0.4018
0.1499
0.2092
0.2454
0.1847
0.1219
0.098
0.2862
0.24880000000000002
0.2526
0.2016
0.20500000000000002
0.1492
0.11199999999999999
0.1069
0.07830000000000001
0.09109999999999999
0.1553
0.4524
0.8216
0.2812
0.1069
0.1129
0.0867
0.0797
0.1305
0.1166
0.1029
0.1019
0.1002
0.3323
0.0
0.0101
0.008400000000000001
0.019200000000000002
0.0113
0.0298
0.0
0.871
0.776
0.1816
1.2103
0.2009
0.036500000000000005
0.0383
0.0106
0.0
0.2479
0.1269
0.5668
0.5355
0.4727
0.0
0.0243
0.0043
0.2888
0.36
0.0987
0.08149999999999999
0.0711
0.07089999999999999
0.0896
0.0993
0.13090000000000002
0.1671
0.7349
0.2854
0.36450000000000005
0.39039999999999997
0.2695
0.1686
0.18130000000000002
0.16670000000000001
0.1906
0.4024
1.4257
0.7521
0.3004
0.194
0.22999999999999998
0.1101
0.07880000000000001
0.07769999999999999
0.0686
0.0545
0.059899999999999995
0.0639
0.07600000000000001
0.0709
0.051500000000000004
0.0422
0.0641
1.3414
1.0561
0.4325
0.7027
0.7197
0.8098000000000001
0.5366
0.5249999999999999
0.5701
0.6918
0.5898
0.1128
0.09709999999999999
0.0915
0.09129999999999999
0.09179999999999999
0.1113
0.1063
0.0935
0.0799
0.0776
0.07899999999999999
0.1075
0.12090000000000001
0.12490000000000001
0.11560000000000001
0.11099999999999999
0.1085
0.1349
0.0821
0.07339999999999999
0.1486
0.1745
0.15410000000000001
0.1321
0.0407
0.036199999999999996
0.030699999999999998
0.0314
0.0313
0.0402
0.0729
0.1349
0.11910000000000001
0.1013
0.089
0.064
0.08310000000000001
0.096
0.1189
0.1179
0.0929
0.1175
0.1298
0.2014
0.19190000000000002
0.18309999999999998
0.1104
0.0503
0.0
0.0
0.0
0.0
0.0
0.0
0.0
0.0
0.0
0.0
0.0551
0.7761
0.3589
0.8437999999999999
0.34580000000000005
0.0
0.4171
0.5524
0.0
0.8442
0.0
0.0
0.0
0.0
0.1414
0.1421
0.1406
0.1404
0.1448
0.16210000000000002
0.2224
0.2392
0.2064
0.1999
0.3583
0.25170000000000003
0.2027
0.2015
0.2202
0.35050000000000003
1.0939999999999999
0.3327
0.7125
0.2232
0.2291
0.19119999999999998
0.1494
0.1403
0.3873
0.402
0.36360000000000003
0.2417
0.2152
0.1885
0.1693
0.1442
0.3453
0.892
1.3667
0.4595
0.3116
0.3035
0.6376
0.2243
0.216
0.1998
0.1935
0.23409999999999997
0.33599999999999997
0.6228
0.7318
0.5197
0.2015
0.17170000000000002
0.1563
0.1497
0.1483
0.16
0.16820000000000002
0.17959999999999998
0.1838
0.2286
0.267
0.38949999999999996
0.4174
0.2612
0.2274
0.24080000000000001
0.3043
0.39870000000000005
0.25329999999999997
0.24569999999999997
0.2772
0.3398
0.48430000000000006
0.3607
0.1382
0.1386
0.1305
0.12990000000000002
0.13069999999999998
0.13390000000000002
0.1437
0.4768
0.2789
0.8997
0.5187999999999999
0.1839
0.1461
0.1221
0.8998
0.7644
0.552
1.9413
0.5881000000000001
0.3355
0.2993
0.27090000000000003
0.5777
0.3945
0.0816
0.07050000000000001
0.066
0.0606
0.0586
0.042800000000000005
0.5393
0.39139999999999997
0.1719
0.3571
0.2368
0.2284
0.3019
0.19180000000000003
0.16620000000000001
0.1869
0.34750000000000003
0.9187
0.7187
0.2783
0.2617
0.2606
0.1941
0.1167
0.0365
0.0082
0.0119
0.007899999999999999
0.0004
0.0
0.2956
0.092
0.0
0.0199
0.0077
0.0058
0.0
0.0
0.0
0.0
0.0
0.0579
0.5724
0.6143
0.3627
0.0965
0.0852
0.0581
0.0431
0.035
0.0405
0.0441
0.0407
0.050199999999999995
0.269
0.1688
0.0325
0.017
0.0
0.0
0.0058
0.0303
0.0571
0.043300000000000005
0.046299999999999994
0.0
0.0
0.2248
0.2057
0.0716
0.058499999999999996
0.041800000000000004
0.28180000000000005
0.26439999999999997
0.2559
0.2558
0.2486
0.2687
0.32530000000000003
0.6503
1.2273999999999998
0.5549
0.4427
0.4608
0.6145
0.583
0.49549999999999994
0.5748
0.6777
0.6993
0.7338
0.9376
0.6707
0.6542
0.591
0.40180000000000005
0.2084
0.2326
0.2123
0.1986
0.20879999999999999
0.6
0.6451
0.3206
0.261
0.8459
0.7364999999999999
0.2473
0.27649999999999997
0.3107
0.3348
0.631
0.6395
0.7836000000000001
0.24519999999999997
0.3094
0.3322
0.2484
0.40249999999999997
1.6046999999999998
0.0823
0.0635
0.0614
0.057499999999999996
0.0569
0.0634
0.047799999999999995
0.186
0.2709
0.1704
0.1895
0.276
0.0558
0.054099999999999995
0.058399999999999994
0.0948
0.1092
0.2669
0.5805
0.0776
0.0923
0.1306
0.187
0.1442
0.0449
0.025299999999999996
0.021900000000000003
0.027200000000000002
0.0194
0.022
0.0197
0.0216
0.028900000000000002
1.1665
0.40349999999999997
0.8188
0.1835
0.059899999999999995
0.10629999999999999
0.0907
0.066
0.1069
0.1419
0.1238
0.13319999999999999
0.2027
0.2111
0.1084
0.109
0.09509999999999999
0.08779999999999999
0.0811
0.2383
0.44620000000000004
0.24330000000000002
0.2381
0.275
0.2084
0.1729
0.16549999999999998
0.32430000000000003
0.49650000000000005
0.6016
0.5503
0.49229999999999996
1.1793
0.5025
0.7091
0.395
0.2721
0.1614
0.1318
0.13240000000000002
0.1255
0.1164
0.1152
0.1082
0.1221
0.1605
0.7775
0.8228
0.9915
0.21489999999999998
0.1674
0.1525
0.159
0.1661
0.1703
0.1709
0.2369
0.5504
0.2993
0.2657
0.2354
0.19569999999999999
0.1454
0.2017
0.1904
0.1807
0.18209999999999998
0.182
0.1926
0.26890000000000003
0.4391
0.3085
0.3186
0.2547
0.1988
0.2042
0.218
0.42300000000000004
0.7756000000000001
1.1159
0.6506
0.3578
0.3177
0.3081
0.38239999999999996
0.621
0.31620000000000004
0.052
0.0441
0.0388
0.035500000000000004
0.0429
0.0587
0.18030000000000002
0.26380000000000003
0.16260000000000002
0.2158
0.3458
0.255
0.22519999999999998
0.17099999999999999
0.1513
0.15039999999999998
0.7443000000000001
0.49849999999999994
0.6231
0.3739
0.3964
0.3049
0.1595
0.07150000000000001
0.0
0.0
0.0
0.0
0.0
0.0
0.0
0.0438
0.27590000000000003
0.2725
0.3862
1.2167
0.2977
0.033
0.0571
0.0748
0.19410000000000002
0.3303
0.1546
0.2159
0.2043
0.1671
0.066
0.0
0.0105
0.0
0.0103
0.0
0.0
0.0
0.0
0.0
0.0083
1.2055
0.7719
0.0031
0.0
0.0
0.0
0.0
0.1331
0.0194
0.39459999999999995
0.17300000000000001
0.2713
0.7982
0.1647
0.0
0.13840000000000002
0.20329999999999998
0.1858
0.20450000000000002
0.38839999999999997
0.3537
0.1763
0.0834
0.0587
0.038
0.0026
0.0117
0.0139
0.0029
0.0067
0.0625
0.2544
0.183
0.2782
1.1283
1.0092
0.6019000000000001
0.7659
1.5348000000000002
0.15560000000000002
0.1726
0.1538
0.11499999999999999
0.1182
0.1488
0.3287
0.3447
0.0453
0.023100000000000002
0.0
0.0311
0.03
0.029200000000000004
1.0972
0.7682
0.3355
0.9471
0.8333999999999999
0.41669999999999996
0.5064
1.8836
1.1053
0.5357000000000001
0.0991
0.11649999999999999
0.06470000000000001
0.0691
0.0568
0.0489
0.0552
0.1258
0.1316
0.17270000000000002
0.759
0.4978
0.0737
0.0091
0.0
0.0
0.0
0.0
0.9421
0.31379999999999997
0.2756
0.2788
0.26
0.1629
0.0264
0.0247
0.026000000000000002
0.031599999999999996
0.0358
0.0649
0.0703
0.019
0.0001
0.0
0.0
0.0
0.0
0.0
0.0
0.017
0.0369
0.057300000000000004
0.0912
0.0985
0.1015
0.1043
0.062400000000000004
0.0356
0.0
0.0
0.0
0.0
0.0
0.0
0.0
0.0
0.0
0.053
0.0
0.4634
0.2982
0.0508
0.1069
0.6785
1.8204
2.5604
0.5493
0.0
0.0
0.0
0.0
0.0
0.2398
0.2294
0.2236
0.2192
0.2183
0.2227
0.24580000000000002
0.2502
0.2536
0.26439999999999997
0.40470000000000006
0.4569
0.3191
0.3363
0.4633
0.8747
0.5368999999999999
0.3615
0.3077
0.3508
0.3741
0.3307
0.25839999999999996
0.2383
0.1403
0.13119999999999998
0.1176
0.1192
0.1195
0.1987
0.5509999999999999
0.3983
0.6113
1.4725
0.6476
0.4445
0.587
0.5003
0.3097
0.2213
0.1906
0.2541
0.2265
0.1807
0.2274
0.203
0.16949999999999998
0.14450000000000002
0.12490000000000001
0.1228
0.1164
0.1117
0.1149
0.2964
0.628
0.3144
0.2819
0.3827
0.3311
0.1631
0.1537
0.159
0.1378
0.1414
0.6409
0.2474
0.2741
0.3267
0.30110000000000003
0.2526
0.17830000000000001
0.1348
0.101
0.0993
0.09820000000000001
0.0979
0.0984
0.09989999999999999
0.1074
0.1217
0.1498
0.1897
0.1346
0.1392
0.164
0.13
0.12769999999999998
0.1582
0.2499
0.1991
0.34840000000000004
0.1883
0.1199
0.096
0.0878
0.08560000000000001
0.1392
0.13829999999999998
0.42510000000000003
0.5719
0.3273
0.18309999999999998
0.1147
0.094
0.0896
0.4608
0.0046
0.0151
0.007
0.0
0.0052
0.0411
0.08679999999999999
0.0924
0.2707
0.2342
0.27180000000000004
0.4282
0.6868
0.49079999999999996
0.0
0.0
0.0
0.0022
0.0
0.004999999999999999
0.0145
0.4435
0.5895
0.9549
0.7452
0.7771
1.0084
0.3165
0.2084
0.2607
0.5971
1.6385999999999998
0.3985
0.4352
0.4213
0.4185
0.2016
0.0
0.0599
0.042800000000000005
0.0364
0.024300000000000002
0.0109
0.0055
0.0267
0.039599999999999996
0.1663
0.1176
0.4868
0.3916
0.1417
0.0
0.0012
0.013500000000000002
0.0
0.0028
0.0588
0.0483
0.0667
0.11610000000000001
0.20229999999999998
0.1448
0.079
0.0796
0.0712
0.0718
0.07039999999999999
0.0774
0.0924
0.6697
0.1324
0.0
0.0
0.0
0.0
0.0
0.0
0.1102
0.2125
0.8348
1.5013999999999998
0.44880000000000003
0.15560000000000002
0.10880000000000001
0.0945
0.0817
0.1101
0.107
0.1011
0.0989
0.1011
0.221
0.3728
0.24230000000000002
0.24209999999999998
0.281
0.348
0.2121
0.23800000000000002
0.20600000000000002
0.1671
0.1527
0.1557
0.3415
0.7535000000000001
0.5324
0.382
0.2573
0.1436
0.107
0.0351
0.0
0.0
0.0
0.0
0.0
0.0
0.0
0.2559
0.0504
0.0874
0.0857
0.0266
0.0
0.0
0.0
0.0
0.0928
0.3856
0.41910000000000003
0.4171
0.2183
0.11879999999999999
0.0457
0.048100000000000004
0.0421
0.039400000000000004
0.0398
0.0395
0.0468
0.0843
0.0984
0.0687
0.0668
0.0427
0.0591
0.0757
0.0654
0.0582
0.065
0.057
0.054900000000000004
0.0727
0.0858
0.1182
0.1033
0.08410000000000001
0.0617
0.2407
0.2272
0.2203
0.218
0.2154
0.2246
0.2857
0.4738
0.3736
0.3094
0.2944
0.42090000000000005
0.5141
0.35660000000000003
0.33089999999999997
0.34709999999999996
0.3335
0.36729999999999996
0.8196999999999999
0.5065
0.4991
0.4254
0.3467
0.2772
0.2089
0.1446
0.1624
0.14850000000000002
0.1382
0.1386
0.1477
0.15100000000000002
0.1663
0.155
0.19879999999999998
0.2726
0.7618
1.2595999999999998
1.1618
1.8298
1.9009
2.3266999999999998
0.6203000000000001
0.49979999999999997
0.45230000000000004
0.3903
0.352
0.29059999999999997
0.030100000000000002
0.0196
0.0124
0.0132
0.020200000000000003
0.011200000000000002
0.0177
0.0313
0.0496
0.0837
0.18469999999999998
0.5601
0.8674999999999999
0.7288
0.41490000000000005
0.3403
0.4833
1.0591
0.46099999999999997
0.5025
0.875
0.391
0.19490000000000002
0.0756
0.1073
0.092
0.0945
0.10500000000000001
0.1132
0.304
0.5587
0.3106
0.1627
0.0799
0.0669
0.0838
0.1326
0.17809999999999998
0.2012
0.1215
0.3116
0.1069
0.043800000000000006
0.0483
0.0889
0.1527
0.1718
0.1355
0.1285
0.10339999999999999
0.1147
0.09989999999999999
0.1036
0.1149
0.1592
0.5787
1.362
1.4019
0.2933
0.15360000000000001
0.1869
0.3536
0.6847000000000001
1.6046
1.7045
2.1256
0.5271
0.39249999999999996
0.3437
0.28600000000000003
0.2133
0.1482
0.47919999999999996
0.2982
0.254
0.243
0.2353
0.2471
0.2477
0.2885
0.29700000000000004
0.2452
0.7992999999999999
0.3457
1.7726000000000002
0.957
0.6186
0.4004
0.3588
0.9152
0.32889999999999997
0.435
0.5146999999999999
0.5215
0.472
0.36550000000000005
0.14629999999999999
0.1503
0.1412
0.1308
0.128
0.1213
0.30369999999999997
0.3487
0.0975
0.1144
0.0932
0.0814
0.0716
0.057999999999999996
0.0457
0.0415
0.0269
0.0435
0.1517
0.0988
0.1191
0.11449999999999999
0.1117
0.10969999999999999
0.1706
0.1588
0.1572
0.15439999999999998
0.1675
0.2629
0.6518999999999999
0.34309999999999996
0.2903
0.9342
0.2696
0.7682
0.3345
0.2043
0.182
0.16549999999999998
0.1447
0.1757
0.32839999999999997
0.1306
0.1597
0.1387
0.1511
0.15489999999999998
0.0
0.0
0.0
0.0
0.0
0.0
0.0
0.6276
0.0852
0.0
0.0
0.0
0.0
0.0
0.0
0.0
0.1135
0.0
0.2298
0.1176
0.4425
0.0733
0.0573
0.0597
0.0388
0.0342
0.0289
0.0338
0.032799999999999996
0.034600000000000006
0.0551
0.1079
0.1621
0.2101
0.1479
0.0638
0.059399999999999994
0.0564
0.0475
0.0442
0.0312
0.1751
0.49650000000000005
0.3322
0.28049999999999997
0.5238
0.2804
0.058499999999999996
0.09140000000000001
0.0905
0.0895
0.0847
0.0769
0.058399999999999994
0.0382
0.0338
0.021900000000000003
0.0337
0.0327
0.0353
0.0283
0.0505
0.0665
0.0966
0.1109
0.1351
0.2496
0.1123
0.1013
0.0769
0.058499999999999996
0.0619
0.1084
0.0985
0.0996
0.0911
0.0922
0.0959
0.10819999999999999
0.1331
0.16899999999999998
0.4267
0.6015
0.6711
0.4809
0.4053
0.30679999999999996
0.3903
0.3256
0.2552
0.2403
0.23709999999999998
0.2131
0.1835
0.1552
0.1293
0.0726
0.0731
0.0673
0.0626
0.058399999999999994
0.0584
0.0785
0.2042
0.0758
0.0868
0.0694
0.0492
0.044
0.038599999999999995
0.0361
0.0345
0.0118
0.0242
0.1251
0.1041
0.09029999999999999
0.0747
0.06509999999999999
0.0579
0.06509999999999999
0.0521
0.0409
0.0393
0.0364
0.0281
0.0211
0.0174
0.0563
0.0634
0.061799999999999994
0.0298
0.0051
0.0262
0.0531
0.0746
0.1006
0.891
0.4774
0.4647
0.6269
0.1978
0.0744
0.0666
0.0922
0.09040000000000001
0.0908
0.0907
0.09
0.0889
0.0873
0.0752
0.08149999999999999
0.1399
0.0861
0.0427
0.0395
0.0588
0.08710000000000001
0.1114
0.0703
0.0655
0.1008
0.0774
0.091
0.14429999999999998
0.1301
0.1023
0.0628
0.0648
0.0592
0.058499999999999996
0.058800000000000005
0.0737
0.12469999999999999
0.20129999999999998
0.30110000000000003
0.2992
0.7464999999999999
0.1219
0.1534
0.15999999999999998
0.1852
0.14300000000000002
0.12240000000000001
0.1383
0.22560000000000002
0.4423
0.14400000000000002
0.0826
0.055
0.0534
0.1545
0.14650000000000002
0.13979999999999998
0.1366
0.13019999999999998
0.12229999999999999
0.1252
0.12029999999999999
0.1179
0.19
0.4068
0.1067
0.1061
0.1328
0.4202
0.4709
0.2861
0.2508
0.4867
0.2419
0.2445
0.2874
0.2615
0.192
0.0184
0.0186
0.0208
0.0241
0.0298
0.0657
0.0897
0.045899999999999996
0.0198
0.028999999999999998
0.018000000000000002
0.0008
0.0
0.009899999999999999
0.046
0.43420000000000003
0.9429000000000001
0.742
0.292
0.3914
0.2358
0.2203
0.0701
0.019299999999999998
0.197
0.21250000000000002
0.24430000000000002
0.1747
0.1478
0.1324
0.122
0.14600000000000002
0.2368
0.2827
0.15339999999999998
0.1855
0.24409999999999998
0.1777
0.327
0.1752
0.12
0.09140000000000001
0.11069999999999999
0.3752
0.3698
0.2506
0.2326
0.2163
0.1032
0.0906
0.09179999999999999
0.09659999999999999
0.08990000000000001
0.1017
0.4563
0.4167
0.1024
0.036000000000000004
0.0303
0.0112
0.043300000000000005
0.0872
0.1719
0.0579
0.1469
0.2363
0.0217
0.0626
0.5498
0.138
0.0874
0.07680000000000001
0.0786
0.0721
0.0628
0.060200000000000004
0.0569
0.051500000000000004
0.0455
0.0413
0.037599999999999995
0.0579
0.056400000000000006
0.0411
0.0518
0.0584
0.0466
0.0432
0.0289
0.0578
0.1545
0.1196
0.1277
0.1431
0.1321
0.1012
0.1273
0.1106
0.1112
0.1117
0.11080000000000001
0.1327
0.3214
1.1505
0.4838
0.5202
0.1951
0.2316
0.17520000000000002
0.1563
0.1225
0.1235
0.6502
0.5173
0.2246
0.14200000000000002
0.1634
0.1416
0.1277
0.12090000000000001
0.059399999999999994
0.0553
0.0529
0.055099999999999996
0.053
0.0572
0.0948
0.10500000000000001
0.062
0.036199999999999996
0.0295
0.0165
0.022600000000000002
0.0377
0.0585
0.0751
0.0761
0.0737
0.0424
0.068
0.067
0.0682
0.0568
0.047799999999999995
0.0495
0.0458
0.045
0.040999999999999995
0.038599999999999995
0.044
0.0539
0.1037
0.4739
0.21089999999999998
0.146
0.0985
0.1087
0.1417
0.3116
0.8053
0.3042
0.2418
0.201
0.2077
0.2496
0.2384
0.1539
0.08199999999999999
0.7916000000000001
0.2361
0.0
0.0
0.0
0.0
0.0
0.0
0.0
0.0
0.3079
0.237
0.4048
5.792000000000001
2.0194
0.0
0.0
0.0995
0.1884
1.4045999999999998
0.7242
0.51
3.1816
3.2758000000000003
0.15589999999999998
0.1515
0.1508
0.1538
0.15689999999999998
0.1619
0.1844
0.1985
0.3361
0.3473
0.2863
0.22509999999999997
0.16949999999999998
0.21
0.199
0.1789
0.2222
0.4253
0.25970000000000004
0.1795
0.2272
0.2111
0.1562
0.1396
0.1237
0.1347
0.1266
0.11549999999999999
0.10969999999999999
0.1121
0.134
0.2071
0.14100000000000001
0.1979
0.1801
0.4218
0.3634
0.1074
0.1049
0.08729999999999999
0.07150000000000001
0.069
0.3689
0.172
0.6069
0.194
0.1699
0.13069999999999998
0.1648
0.1396
0.1326
0.1333
0.1267
0.1414
0.16549999999999998
0.2053
0.20600000000000002
0.21150000000000002
0.19490000000000002
0.1935
0.259
0.9696
0.4061
0.3563
1.3068
1.9496
1.8005
0.9232
0.5075000000000001
0.4317
0.3119
0.2314
0.1184
0.1137
0.1134
0.1119
0.1015
0.1198
0.1275
0.3294
0.5949
0.0907
0.08099999999999999
0.11460000000000001
0.1255
0.1619
0.1981
0.3438
0.7967
0.2609
0.1048
0.1221
0.41269999999999996
0.21100000000000002
0.09709999999999999
0.096
0.1588
0.14900000000000002
0.1439
0.14100000000000001
0.1378
0.1374
0.13879999999999998
0.1493
0.1743
0.1759
0.1588
0.181
0.188
0.1915
0.1804
0.16499999999999998
0.19469999999999998
0.2054
0.17309999999999998
0.1777
0.2122
0.2255
0.2136
0.1847
0.3857
0.32130000000000003
0.3609
0.3885
0.3755
0.41459999999999997
0.753
0.528
0.3091
0.20650000000000002
0.2103
0.2184
0.1849
0.1971
0.2717
1.0944
0.2714
0.1893
1.5587
1.9536
0.32310000000000005
0.371
0.8118
1.3942999999999999
0.2218
0.20479999999999998
0.1964
0.1898
0.18359999999999999
0.1846
0.1906
0.2151
0.2337
0.2422
0.2361
0.23909999999999998
0.2137
0.23020000000000002
0.2589
0.3363
0.2913
0.3151
0.3078
0.2509
0.25849999999999995
0.2772
0.29169999999999996
0.261
0.0305
0.0233
0.0207
0.0287
0.0354
0.0382
0.0472
0.0494
0.0451
0.0615
0.027299999999999998
0.028200000000000003
0.19679999999999997
0.2586
0.052099999999999994
0.0906
0.1124
0.06420000000000001
0.1324
0.0686
0.044
0.0259
0.0269
0.0247
0.0498
0.0458
0.0461
0.0466
0.0566
0.10139999999999999
0.5985
0.237
0.16849999999999998
0.1212
0.0928
0.073
0.09509999999999999
0.1326
0.2677
0.29769999999999996
0.1645
0.47129999999999994
0.383
0.2455
0.184
0.13540000000000002
0.0828
0.0615
0.1731
0.13529999999999998
0.1233
0.1129
0.1036
0.113
0.1152
0.1163
0.0917
0.1275
0.1399
0.7298
0.6241
0.2333
0.2178
0.26780000000000004
0.6358
1.4361000000000002
0.6173
0.30479999999999996
0.3175
0.2946
0.276
0.23729999999999998
0.0931
0.0875
0.0891
0.0874
0.0827
0.0892
0.1053
0.1268
0.1279
0.11069999999999999
0.0905
0.1077
0.2061
0.29000000000000004
0.39280000000000004
0.187
0.4063
0.5214
0.16599999999999998
0.176
0.1543
0.1116
0.0912
0.0819
0.0663
0.0598
0.055099999999999996
0.0553
0.0553
0.0638
0.10039999999999999
0.1215
0.0902
0.0789
0.063
0.0611
0.07869999999999999
0.0781
0.0765
0.08940000000000001
0.2079
0.136
0.1114
0.1771
0.16310000000000002
0.143
0.11430000000000001
0.0832
0.1467
0.1263
0.126
0.1203
0.11599999999999999
0.1252
0.1341
0.32689999999999997
0.6891
0.3872
0.1955
0.1883
0.0697
0.0645
0.0343
0.041499999999999995
0.2901
0.2112
0.1373
0.1502
0.3638
0.5777
0.35660000000000003
0.21860000000000002
0.1033
0.08549999999999999
0.0743
0.06970000000000001
0.0655
0.0676
0.1019
0.09709999999999999
0.0548
0.046700000000000005
0.0412
0.039599999999999996
0.046
0.0411
0.0376
0.0363
0.036599999999999994
0.1112
0.07780000000000001
0.1167
0.1281
0.1034
0.0931
0.0824
0.1473
0.1365
0.1266
0.12390000000000001
0.12409999999999999
0.1261
0.13679999999999998
0.16060000000000002
0.22549999999999998
0.5988
0.4525
0.44089999999999996
0.2621
0.2651
0.2956
0.3143
0.26759999999999995
0.2758
0.7407999999999999
0.3243
0.3007
0.26580000000000004
0.213
0.17149999999999999
0.2732
0.23170000000000002
0.22139999999999999
0.1982
0.1972
0.1918
0.22860000000000003
0.3469
0.3821
0.4728
0.3094
0.6919000000000001
1.0483
0.276
0.2526
0.2398
0.18780000000000002
0.7384
0.4788
0.1242
0.1935
0.2364
0.3204
0.3527
0.1492
0.1348
0.1328
0.13040000000000002
0.12010000000000001
0.1256
0.1431
0.5111
0.19310000000000002
0.0802
0.0649
0.0587
0.0571
0.0617
0.0869
0.23349999999999999
0.6861
0.18159999999999998
0.437
0.5372
0.2365
0.24730000000000002
0.2405
0.198
0.1982
0.19030000000000002
0.1822
0.1799
0.18
0.20390000000000003
0.29679999999999995
0.3407
0.2693
0.24769999999999998
0.2192
0.23859999999999998
0.332
0.2348
0.19840000000000002
0.20929999999999999
0.6715
0.33899999999999997
0.5898
0.4361
0.3647
0.3205
0.2707
0.2306
0.0106
0.0097
0.0097
0.0095
0.009
0.0347
0.1076
0.2768
0.9037999999999999
0.0726
0.0708
0.1367
0.1971
0.2002
0.1489
0.0978
0.1142
0.39759999999999995
0.1153
0.11649999999999999
0.06080000000000001
0.0027
0.0008
0.012
0.07930000000000001
0.0763
0.079
0.0692
0.0712
0.0881
0.1808
0.25980000000000003
0.36439999999999995
1.1361
0.19549999999999998
0.06420000000000001
0.098
0.1804
0.44789999999999996
0.3627
0.1612
0.1623
0.0801
0.5041
0.48919999999999997
0.6643
0.22410000000000002
0.09609999999999999
0.1669
0.14679999999999999
0.0848
0.0627
0.054599999999999996
0.054
0.0529
0.0563
0.1
0.09209999999999999
0.2529
0.1785
0.21230000000000002
0.1038
0.3966
0.1566
0.1112
0.10070000000000001
0.14329999999999998
0.3555
0.1964
0.18869999999999998
0.1878
0.1668
0.0347
0.032299999999999995
0.0348
0.0335
0.0288
0.0538
0.0797
0.12390000000000001
0.1948
0.8513
0.0747
0.0691
0.6077
0.4706
0.1385
0.1785
0.5405
0.1961
0.35919999999999996
0.2938
0.11410000000000001
0.058300000000000005
0.0476
0.0341
0.1935
0.1832
0.18080000000000002
0.1617
0.1288
0.0863
0.058399999999999994
0.0673
0.0721
0.0582
0.014
0.0403
0.088
0.21159999999999998
0.2473
0.08549999999999999
0.5245
0.2359
0.08579999999999999
0.075
0.7813
0.8601
0.1769
0.6424
0.07039999999999999
0.047799999999999995
0.0356
0.0235
0.0201
0.0169
0.0157
0.009
0.0042
0.0
0.0
0.0
0.0074
0.42360000000000003
0.31729999999999997
0.5256000000000001
0.3174
0.2064
0.1533
0.20079999999999998
0.1371
0.1411
0.3819
0.28290000000000004
0.1253
0.1235
0.12179999999999999
0.1242
0.1376
0.1884
0.3031
0.308
0.42689999999999995
0.5859
0.4802
0.20679999999999998
0.21989999999999998
0.2412
0.23259999999999997
0.1842
0.1581
0.4259
0.877
0.3173
0.2096
0.1335
0.10500000000000001
0.1001
0.1972
0.16310000000000002
0.1709
0.1587
0.2072
0.22260000000000002
0.2016
0.1794
0.18919999999999998
0.13490000000000002
0.14689999999999998
0.1374
0.5058
0.24119999999999997
0.2149
0.4233
1.6253
0.6963
1.0909
3.2678000000000003
2.6327999999999996
1.0899
0.9772000000000001
0.4919
0.0059
0.0
0.0
0.0
0.0
0.0
0.4508
0.8019000000000001
0.0223
0.0668
0.0728
0.0878
0.1905
0.175
0.1386
0.3084
1.3325
1.0794
0.3699
0.9782
0.5053000000000001
0.023100000000000002
0.0
0.0
0.1696
0.1237
0.08560000000000001
0.0865
0.0765
0.0905
0.0887
0.1012
0.0984
0.0493
0.4672
1.3072
0.6819
0.9315
0.0758
0.0813
0.1338
0.45809999999999995
0.1698
0.157
0.16560000000000002
0.1392
0.12619999999999998
0.0964
0.2798
0.2349
0.2324
0.21550000000000002
0.1961
0.216
0.23249999999999998
0.2296
0.9953
0.2908
0.1726
0.9022
0.2393
0.2824
1.0906
0.7920999999999999
0.6262
0.9981
0.6189
0.5057
1.151
0.3365
0.2803
0.236
0.1641
0.1349
0.1248
0.1177
0.1111
0.1189
0.1345
0.1548
0.1718
0.20329999999999998
0.2265
0.2224
0.2943
0.5467
0.5825
0.5516
0.8617999999999999
0.8228
0.6893
0.823
0.8783
0.6313
0.38939999999999997
0.25329999999999997
0.0737
0.0675
0.06509999999999999
0.0635
0.0661
0.14179999999999998
0.2523
0.1355
0.1336
0.1663
0.1258
0.1126
0.121
0.127
0.109
0.11599999999999999
0.1442
0.1635
0.1855
0.13929999999999998
0.18209999999999998
0.19640000000000002
0.1325
0.0857
0.0312
0.0295
0.0315
0.0316
0.036
0.0308
0.1534
0.6859999999999999
0.1261
0.4309
0.1175
0.38839999999999997
0.5803
0.22060000000000002
0.4415
0.5255
0.1169
0.11460000000000001
0.1279
0.2932
0.23720000000000002
0.12100000000000001
0.06659999999999999
0.0508
0.10880000000000001
0.0991
0.093
0.0942
0.1137
0.1814
0.1243
0.1073
0.097
0.1269
0.16599999999999998
0.092
0.2504
0.1711
0.15610000000000002
0.5483
1.3485999999999998
0.09570000000000001
0.0928
0.0822
0.0884
0.165
0.3039
0.161
0.1911
0.1673
0.1604
0.1643
0.1857
0.2079
0.18780000000000002
0.1693
0.155
0.1409
0.1608
0.1313
0.2344
0.258
0.2878
0.20929999999999999
0.23170000000000002
0.1876
0.128
0.2321
0.27449999999999997
0.40290000000000004
0.4387
0.23159999999999997
0.106
0.1094
0.1115
0.1099
0.0927
0.1023
0.09670000000000001
0.4496
0.3241
0.3453
0.1625
0.059800000000000006
0.0785
0.09240000000000001
0.1865
0.148
0.0594
0.0471
0.043300000000000005
0.4399
0.1735
0.1375
0.11860000000000001
0.0976
0.09709999999999999
0.0911
0.0889
0.0879
0.08990000000000001
0.10980000000000001
0.2273
0.2601
0.1905
0.16770000000000002
0.1208
0.1332
0.21489999999999998
0.1603
0.1406
0.1286
0.1725
0.2016
0.13240000000000002
0.1341
0.1405
0.1422
0.12459999999999999
0.1038
0.33499999999999996
0.34199999999999997
0.3165
0.3019
0.2942
0.3041
0.3224
0.3693
1.6389
0.6002000000000001
1.3352
0.6258
0.7025
0.5426
0.6256999999999999
0.5838000000000001
0.5809
0.8900999999999999
0.7649
0.9912
0.482
0.4003
0.354
0.3442
0.12490000000000001
0.1022
0.12059999999999998
0.0969
0.1063
0.20889999999999997
0.5376000000000001
0.6221
0.1582
0.0304
0.0159
0.0234
0.0092
0.0036
0.0012
0.0
0.3495
0.0245
0.1577
0.0264
0.0578
0.08310000000000001
0.0879
0.0994
0.1151
0.12259999999999999
0.1181
0.1193
0.1305
0.16920000000000002
0.17880000000000001
0.1819
0.2158
0.24409999999999998
0.3211
0.2109
0.4622
0.1405
0.0949
0.06949999999999999
0.0738
0.2299
0.782
0.1511
0.156
0.1056
0.0901
0.07780000000000001
0.0682
0.0403
0.0424
0.0364
0.0408
0.0343
0.0317
0.0114
0.7865
1.9005
1.3566
1.0848
0.36729999999999996
0.2797
0.6198
2.4592
2.2111
1.996
0.7129
0.4742
0.3564
0.2294
0.15949999999999998
0.09770000000000001
0.12179999999999999
0.17709999999999998
0.1598
0.20429999999999998
0.1974
0.2244
0.2127
0.2139
0.2967
0.29869999999999997
0.13269999999999998
0.0589
0.0775
0.1019
0.2528
0.17709999999999998
0.1439
0.5091
0.138
0.2131
0.1498
0.16949999999999998
0.15200000000000002
0.1114
0.0821
0.07669999999999999
0.0723
0.0721
0.0751
0.0852
0.1056
0.1127
0.1249
0.1396
0.1432
0.1432
0.1417
0.1436
0.1371
0.1387
0.1951
0.28090000000000004
0.24359999999999998
0.2529
0.2972
0.2157
0.1208
0.0858
0.0682
0.0673
0.0649
0.0691
0.052099999999999994
0.0842
0.0945
0.919
0.4649
0.9724999999999999
0.0471
0.1491
0.1427
0.1171
0.1158
0.08080000000000001
0.061900000000000004
0.128
0.3556
0.1603
0.1728
0.07269999999999999
0.055999999999999994
0.059899999999999995
0.1889
0.1462
0.1308
0.1344
0.11499999999999999
0.1259
0.1375
0.2047
0.8460000000000001
0.49929999999999997
0.37160000000000004
0.7851
0.6137
0.3285
0.3056
0.3497
1.9982
1.5363
0.8037
1.5605
2.0079000000000002
1.1459000000000001
0.9396
0.5027
0.068
0.0574
0.052500000000000005
0.0539
0.0537
0.0526
0.0916
0.1889
0.1838
0.15760000000000002
0.153
0.18030000000000002
0.22299999999999998
0.1759
0.174
0.24819999999999998
0.4112
0.7396
0.6625000000000001
0.7762
0.6868
0.3728
0.2491
0.1421
0.0
0.0
0.0
0.0
0.0
0.0
0.0
0.0
0.0018
0.0643
0.0742
0.0369
0.0022
0.0212
0.4176
0.3706
1.1331
0.5126000000000001
0.2405
0.6764
0.2741
0.069
0.0
0.0
0.136
0.119
0.1132
0.1032
0.0997
0.1036
0.1089
0.1345
0.1481
0.2486
0.1987
0.17099999999999999
0.297
0.4641
0.3032
0.8502
0.6465000000000001
0.3677
0.2303
0.2142
0.2049
0.23920000000000002
0.31789999999999996
0.2274
0.2136
0.1859
0.1642
0.1567
0.1568
0.1613
0.1646
0.1741
0.1618
0.19419999999999998
0.1699
0.1318
0.12329999999999999
0.136
0.1331
0.15189999999999998
0.5837
1.5272
0.7615
0.15000000000000002
0.1678
0.2155
0.3139
0.31579999999999997
0.1194
0.0326
0.055900000000000005
0.0083
0.0
0.0962
2.0567
1.4482
0.1126
0.20379999999999998
0.6596
0.0562
0.0
0.0
0.0
0.0
0.0
0.0
1.2717999999999998
1.6058999999999999
0.6694
0.41269999999999996
0.20829999999999999
0.1137
0.09179999999999999
0.0833
0.0702
0.0658
0.058499999999999996
0.0566
0.0571
0.0819
0.3197
0.0674
0.07339999999999999
0.0763
0.0936
0.0801
0.076
0.0566
0.0315
0.025599999999999998
0.023100000000000002
0.0493
0.0833
0.0946
0.09570000000000001
0.0828
0.0006
0.0001
0.0019
0.0053
0.0041
0.025599999999999998
0.6196
0.6001000000000001
0.4006
0.74
0.1522
0.2779
0.5126
0.18880000000000002
0.0835
0.0593
0.09390000000000001
0.155
0.5225
0.4894
0.08529999999999999
0.0099
0.0087
0.0
0.18880000000000002
0.16920000000000002
0.1876
0.1807
0.16999999999999998
0.199
0.2379
0.2767
0.30469999999999997
0.2731
0.2498
1.0289000000000001
0.7214999999999999
0.3901
1.3921
1.0741
1.1554000000000002
0.4632
0.4235
1.0492
0.7341
0.24839999999999998
0.1966
0.16949999999999998
0.1624
0.1296
0.12530000000000002
0.11349999999999999
0.0995
0.0731
0.3659
0.4094
0.0397
0.0604
0.0763
0.1408
0.08979999999999999
0.0665
0.0591
0.3207
0.4985
0.1085
0.25129999999999997
0.1568
0.15639999999999998
0.12040000000000001
0.1196
0.1389
0.038900000000000004
0.0363
0.031
0.030600000000000002
0.0296
0.0378
0.2192
0.1649
0.0613
0.0429
0.0653
0.0538
0.0579
0.07400000000000001
0.1276
0.10139999999999999
0.0704
0.08960000000000001
0.067
0.1303
0.1076
0.0583
0.034
0.0251
0.0674
0.0633
0.0593
0.059399999999999994
0.0574
0.0619
0.078
0.1017
0.098
0.1001
0.09129999999999999
0.0704
0.057499999999999996
0.064
0.06
0.061399999999999996
0.0472
0.0477
0.0732
0.1557
0.1647
0.1361
0.0879
0.0678
0.07
0.0808
0.0958
0.1008
0.10139999999999999
0.1376
0.1767
0.1864
0.16549999999999998
0.1322
0.2324
0.6587
0.5481
0.1972
0.1647
0.345
0.2013
0.1148
0.158
0.1459
0.05
0.0153
0.0238
0.032
0.1066
0.1006
0.0945
0.0943
0.093
0.10830000000000001
0.353
0.349
0.20650000000000002
0.1996
0.2156
0.18
0.20090000000000002
0.2222
0.2361
0.3285
1.0482
1.0526
0.23199999999999998
0.23299999999999998
0.3342
0.36119999999999997
0.18969999999999998
0.1179
0.0725
0.0637
0.06
0.061
0.060899999999999996
0.0717
0.0916
0.08299999999999999
0.0802
0.081
0.0558
0.0516
0.051699999999999996
0.0712
0.0744
0.0822
0.1347
0.18219999999999997
0.0576
0.0353
0.0675
0.1068
0.1081
0.08310000000000001
0.0
0.0
0.0
0.0
0.0
0.0
0.0
0.0589
1.0268
0.3942
0.4717
0.8236
0.7839
0.5122
0.7504
0.22799999999999998
0.17049999999999998
0.7231
0.4149
0.7856000000000001
0.3258
0.0
0.0
0.0
0.2051
0.0314
0.0252
0.026
0.020999999999999998
0.0196
0.025
0.13090000000000002
0.0749
0.0072
0.0211
0.1229
0.0086
0.0
0.0
0.0
0.0
0.1592
0.0
0.0341
0.1604
0.0733
0.0371
0.0267
0.1451
0.1202
0.119
0.1084
0.0997
0.1006
0.1013
0.1004
0.1361
0.1511
0.8288
0.2878
0.1113
0.1075
0.12930000000000003
0.7147
1.0527
0.2163
0.1461
0.1658
0.2183
0.30069999999999997
0.24970000000000003
0.19490000000000002
0.0292
0.0144
0.0296
0.016
0.0051
0.0
0.0
0.0
0.0
0.5118
0.0
0.0
0.0207
0.0039
0.0
0.7697
0.0133
0.0
0.0
0.43929999999999997
0.079
0.0687
0.0863
0.07189999999999999
0.251
0.1553
0.1403
0.13190000000000002
0.1321
0.1427
0.1465
0.1743
0.8927999999999999
0.0625
0.2898
0.4929
0.09709999999999999
0.10350000000000001
0.0947
0.0994
0.098
0.36319999999999997
0.10550000000000001
0.2788
0.1918
0.1525
0.1221
0.1147
0.0819
0.0732
0.0693
0.0676
0.0633
0.0707
0.0947
0.24880000000000002
0.1261
0.0952
0.0668
0.0533
0.055
0.054900000000000004
0.061799999999999994
0.0974
0.8654
0.3772
0.1517
0.1218
0.12869999999999998
0.1212
0.1059
0.0824
