0.1693
0.1127
0.050699999999999995
0.0497
0.0511
0.0455
0.051000000000000004
0.0648
0.0669
0.144
0.5986
0.3335
0.1007
0.028000000000000004
0.0063
0.013300000000000001
0.0424
0.2692
1.2945
0.1752
0.1491
0.1151
0.0975
0.0655
0.1562
0.1387
0.1316
0.1272
0.12179999999999999
0.1271
0.1321
0.1286
0.27290000000000003
0.1537
0.1389
0.43420000000000003
0.2717
0.19929999999999998
0.3026
0.4257
0.2831
0.28800000000000003
0.34909999999999997
0.3104
0.3074
0.2363
0.1874
0.16660000000000003
0.0
0.0
0.0
0.0
0.0
0.0
0.0
0.0
0.008199999999999999
0.0207
0.0
0.0185
0.0059
0.0
0.0
0.0223
0.0388
0.0
0.0057
0.0
0.0
0.0
0.0
0.0
0.1244
0.11779999999999999
0.122
0.1459
0.1871
0.5773
0.3577
0.2494
0.1945
0.1652
0.16499999999999998
0.1661
0.2412
0.29569999999999996
0.7161
0.175
0.1628
0.2085
0.20729999999999998
0.6536
0.4087
0.1704
0.11879999999999999
0.11729999999999999
0.0171
0.0187
0.015300000000000001
0.023899999999999998
0.0129
0.0224
0.0524
0.5273
1.1811
0.21810000000000002
0.0847
0.0557
0.2133
0.2022
0.14600000000000002
0.1325
0.41800000000000004
0.277
0.2338
0.2121
0.39039999999999997
0.37529999999999997
0.1482
0.0207
0.1189
0.1236
0.1197
0.1159
0.1343
0.2577
0.3994
0.2837
0.2853
0.2531
0.2278
0.2196
0.17070000000000002
0.1925
0.1681
0.18330000000000002
0.5026
0.272
0.4609
0.5433
0.4505
0.2084
0.1182
0.1094
0.2804
0.2712
0.28800000000000003
0.2613
0.3114
0.3472
0.44730000000000003
0.5795
0.8112
1.0939
1.3709
0.3563
0.3098
1.7563
1.4499
0.4934
0.5332
0.5785
0.5003
0.49970000000000003
0.6868000000000001
0.7202
0.2725
0.2424
0.1341
0.1105
0.0882
0.08979999999999999
0.0882
0.09179999999999999
0.2286
0.5780000000000001
0.177
0.0703
0.0547
0.024399999999999998
0.0158
0.0106
0.0024999999999999996
0.0
0.0227
0.175
0.15739999999999998
0.25279999999999997
0.1904
0.8218000000000001
0.1668
0.0991
0.1908
0.1713
0.17149999999999999
0.1542
0.1471
0.15510000000000002
0.1573
0.1946
0.1886
0.6439
0.3449
0.3167
0.4601
0.42679999999999996
0.34440000000000004
1.2764
2.4221000000000004
1.6519
0.6138
0.44630000000000003
0.4131
0.383
1.0532
0.2811
0.0
0.0
0.0
0.0
0.0
0.0
0.0
0.0
0.0
0.0
0.0141
0.3341
0.7250000000000001
3.5821
0.3093
0.1622
0.4024
0.6219
0.4004
0.4437
0.2496
0.1529
0.07819999999999999
0.0085
0.9148
0.3996
0.1483
0.1626
0.1383
0.18719999999999998
0.5558000000000001
1.7188999999999999
1.1800000000000002
1.8253
1.2088
0.29100000000000004
0.2791
0.2359
0.2376
0.2529
0.3076
0.3436
0.394
0.5815
0.6348
0.6802
0.9659
0.46540000000000004
0.0273
0.0948
0.1407
0.5208
0.5828
0.43800000000000006
0.19269999999999998
0.1775
0.096
0.0336
0.1089
0.1898
0.0712
0.0448
0.0376
0.0292
0.060200000000000004
0.306
0.3114
0.2582
0.0723
0.0
0.0
0.0
0.0323
0.030100000000000002
0.0212
0.0346
0.0069
0.0109
0.035699999999999996
0.0253
0.0215
0.0576
1.5559999999999998
0.585
0.054400000000000004
0.0541
0.0883
0.08879999999999999
0.8093
0.5628
0.112
0.0684
0.09490000000000001
1.1051
0.0756
0.032100000000000004
0.16870000000000002
0.1495
0.1516
0.149
0.1673
0.6799999999999999
0.486
0.3765
0.3466
0.32230000000000003
0.3144
0.278
0.49250000000000005
0.4432
0.5039
0.9672000000000001
2.1682
0.7852
0.5395
1.1067
0.9711
0.4009
0.2339
0.18380000000000002
0.1723
0.1501
0.1386
0.13119999999999998
0.12869999999999998
0.1326
0.1422
0.1513
0.3065
0.2772
0.27990000000000004
0.22089999999999999
0.20550000000000002
0.24020000000000002
0.36450000000000005
0.3648
0.4518
0.3447
0.3478
0.6606
0.43069999999999997
0.4121
0.3195
0.22949999999999998
0.0
0.0
0.0
0.0
0.0
0.0
0.0
0.0
0.0018
0.0
0.0
0.0586
0.0109
0.1047
0.5273
0.3012
1.3744
1.4077000000000002
1.5393
0.8033
0.7564
1.5303
0.515
0.0233
0.019799999999999998
0.0184
0.0236
0.026799999999999997
0.023
0.0242
0.056100000000000004
0.2913
0.1643
0.06409999999999999
0.026699999999999998
0.0099
0.0163
0.011099999999999999
0.7886
0.5939
0.19979999999999998
0.8293
0.615
1.1177
1.2593
0.49050000000000005
0.0723
0.0503
0.0521
0.0419
0.038599999999999995
0.036699999999999997
0.0355
0.0345
0.0353
0.0371
0.0465
0.0846
0.1116
0.07780000000000001
0.058499999999999996
0.0916
0.1168
0.1851
0.1232
0.0789
0.0852
0.0838
0.09670000000000001
0.1122
0.0901
0.0654
0.0736
0.0726
0.0711
0.07250000000000001
0.0827
0.0949
0.1105
0.10500000000000001
0.096
0.1037
0.12440000000000001
0.1205
0.11599999999999999
0.1392
0.1407
0.1288
0.579
0.5746
0.5981000000000001
0.3604
0.33909999999999996
0.1389
0.0593
0.0608
0.0634
0.0524
0.0495
0.049100000000000005
0.0383
0.0524
0.0504
0.4943
0.2286
0.0532
0.0376
0.046
0.0781
0.07250000000000001
0.0698
0.08349999999999999
1.2872
0.7051000000000001
1.0341
0.2648
0.28
0.2679
0.218
0.1296
0.013399999999999999
0.0151
0.042499999999999996
0.0136
0.0341
0.0159
0.4979
1.4670999999999998
1.2752
0.7273000000000001
0.5321
0.6123000000000001
0.8533
0.874
2.3209
0.8124
0.9008
2.8571
1.7814
0.1801
0.0
0.0053
0.0011
0.027999999999999997
0.3406
0.3638
0.3775
0.3582
0.3166
0.1921
0.14450000000000002
0.12840000000000001
0.10769999999999999
0.2589
0.0751
0.0317
0.0089
0.0413
0.0484
0.11100000000000002
0.3459
1.6513
0.7133
0.1146
0.1169
0.2036
0.42800000000000005
0.3635
0.0395
0.04239999999999999
0.0436
0.038900000000000004
0.033600000000000005
0.0486
0.0508
0.2158
0.21139999999999998
0.0291
0.2841
0.2751
0.07070000000000001
0.09540000000000001
0.28800000000000003
0.6861
0.5001
0.2046
0.027200000000000002
0.0
0.28350000000000003
0.1417
0.0172
0.0312
0.4517
0.2089
0.16449999999999998
0.172
0.1528
0.1911
0.3993
1.8235000000000001
0.3992
0.1547
0.16899999999999998
0.1273
0.0723
0.0632
0.06129999999999999
0.0661
0.12390000000000001
1.1293
1.3599999999999999
0.8715999999999999
0.8064
0.6633
0.9428
0.8642
0.1941
0.1643
0.15810000000000002
0.1417
0.1286
0.1307
0.1215
0.1422
0.1502
0.3853
0.24530000000000002
0.2919
0.1807
0.1449
0.1437
0.22999999999999998
1.3401
0.6737
0.368
0.20379999999999998
0.1759
0.1572
0.2222
0.2384
0.0088
0.0154
0.014499999999999999
0.016
0.011800000000000001
0.0119
0.031
0.4259
0.43260000000000004
0.5122
0.20529999999999998
0.13290000000000002
0.1689
0.1729
0.1492
0.139
0.1401
0.1855
0.7529
0.396
0.2178
0.1371
0.0571
0.025599999999999998
0.1977
0.1873
0.1939
0.2079
0.2289
0.4417
1.1031
0.6163
0.37329999999999997
0.34240000000000004
0.2257
0.16460000000000002
0.1699
0.22
0.5201
0.6081000000000001
0.5973999999999999
0.7781
0.4716
0.476
0.3602
0.5057
0.7116
0.27
0.2523
0.2233
0.2087
0.1955
0.1948
0.2132
0.195
0.5733
0.2818
0.0939
0.7212000000000001
0.4331
0.1644
0.1072
0.061200000000000004
0.078
0.5311
0.4157
0.8135
0.2899
0.2938
0.3387
0.3368
0.3163
0.25170000000000003
0.2177
0.14129999999999998
0.1328
0.1213
0.1274
0.1366
0.18259999999999998
0.2253
0.1853
0.5488
0.3882
0.3271
0.2662
0.3433
0.27449999999999997
0.2502
0.4073
0.2966
0.3305
0.5516000000000001
0.4944
0.3736
0.2666
0.5086
0.4243
0.3696
0.3708
0.34950000000000003
0.25980000000000003
0.2014
0.1624
0.1622
0.12179999999999999
0.197
0.191
0.2629
2.2925
1.3027
1.8664
1.1495
0.3841
0.4373
0.5768
1.1113
1.1654
0.7665
0.5045999999999999
0.33730000000000004
0.32599999999999996
0.3111
0.2799
0.2443
0.2044
0.1779
0.18569999999999998
0.15839999999999999
0.0983
0.3416
0.14329999999999998
0.1018
0.1116
0.1225
0.2131
0.6565000000000001
0.15910000000000002
0.1861
0.3319
0.1912
0.1733
0.1375
0.1483
0.011
0.0178
0.0092
0.0118
0.0091
0.0226
0.0672
0.3609
0.0231
0.8534
0.0382
0.09920000000000001
0.1661
0.06
0.0
0.5682
0.1404
0.17520000000000002
0.45539999999999997
1.0623
0.47940000000000005
0.306
0.2373
0.0775
0.0527
0.0406
0.033100000000000004
0.0337
0.030199999999999998
0.0281
0.027299999999999998
0.047799999999999995
0.0313
0.0233
0.0136
0.0121
0.008199999999999999
0.0102
0.0116
0.0265
0.0489
0.2884
0.2336
0.1804
0.1666
0.12179999999999999
0.0933
0.07139999999999999
0.2767
0.2361
0.2099
0.2133
0.2039
0.2173
0.2474
0.29710000000000003
0.3917
0.4492
0.5689
0.7942
0.9254
0.5673
0.5854
0.7502
0.7081999999999999
1.2237
1.4687000000000001
1.1401
2.1362
1.2097
0.8202
0.49019999999999997
0.21760000000000002
0.2095
0.2009
0.2012
0.2076
0.3015
0.41200000000000003
0.32699999999999996
0.2864
0.2976
0.34040000000000004
0.2692
0.3217
0.3372
0.3919
0.3815
0.542
0.5026999999999999
0.3698
0.5155000000000001
0.508
0.617
0.4414
0.2642
0.21710000000000002
0.1762
0.18209999999999998
0.1482
0.1566
0.1506
0.21539999999999998
0.8481000000000001
1.2633999999999999
0.3552
0.2943
0.24409999999999998
0.27690000000000003
0.3365
0.4158
1.9686000000000001
0.5233
1.4238
1.6636
0.6948000000000001
0.5662
0.8918999999999999
1.8641
0.8188
0.1144
0.0802
0.06570000000000001
0.056
0.0537
0.0499
0.0518
0.0644
0.0749
0.0918
0.3707
0.44789999999999996
0.7290000000000001
0.4064
0.2973
0.2663
0.2103
0.5178
0.2814
0.2549
0.2299
0.28500000000000003
0.2823
0.1858
0.0561
0.0557
0.0507
0.051199999999999996
0.0698
0.1036
0.0723
0.0416
0.0252
0.0195
0.0074
0.0495
0.16999999999999998
0.09129999999999999
0.0462
0.054900000000000004
0.5948
0.5879
0.4196
0.13
0.1149
0.035199999999999995
0.0291
0.0407
0.5418
0.2097
0.19219999999999998
0.1815
0.1664
0.17880000000000001
0.1646
0.1491
1.342
0.3401
0.9993000000000001
0.42590000000000006
0.1935
0.1385
0.11019999999999999
0.12309999999999999
0.1887
0.42300000000000004
0.24330000000000002
0.2901
0.3809
0.3644
0.5893
0.4738
0.024900000000000002
0.0154
0.0242
0.026099999999999998
0.039999999999999994
0.0094
0.073
1.6901
1.0613000000000001
1.0669
0.11399999999999999
0.0391
0.12440000000000001
0.24789999999999998
0.2131
0.5436
1.2229
1.6656
0.4073
0.7619
0.4098
0.34199999999999997
0.1596
0.0417
0.0824
0.07039999999999999
0.0678
0.0708
0.0688
0.0819
0.10189999999999999
0.1406
0.1618
0.1861
0.4873
0.6557999999999999
0.4376
0.2431
0.3322
0.33420000000000005
0.28500000000000003
0.2207
0.1882
0.2293
0.4386
0.4128
0.23270000000000002
0.1229
0.1629
0.3137
0.152
0.1071
0.0943
0.1155
0.1271
0.1419
0.1274
0.1016
0.16549999999999998
0.1298
0.5473
0.2965
0.5823
0.1569
0.1424
0.1925
0.2928
0.3384
0.3022
0.5469999999999999
1.5194
0.4565
0.07339999999999999
0.09670000000000001
0.1307
0.079
0.06
0.0469
0.0456
0.029699999999999997
0.0025
0.36650000000000005
0.4206
0.0369
0.028
0.0224
0.2329
0.079
0.0397
0.032
0.15209999999999999
0.1154
0.1516
0.25060000000000004
0.1739
0.1275
0.1509
0.12990000000000002
0.1292
0.1402
0.1426
0.12669999999999998
0.1207
0.1325
0.1442
0.13
0.0818
0.0838
0.1125
0.3687
0.23559999999999998
0.1237
0.2052
0.12310000000000001
0.0844
0.055
0.0802
0.24659999999999999
0.346
0.3605
0.2912
0.2612
0.2419
0.2375
0.24120000000000003
0.2293
0.2459
0.2978
0.33799999999999997
0.4108
0.3423
0.3457
0.2427
1.6005
0.3246
0.27969999999999995
0.7791999999999999
0.8945000000000001
0.7257
0.34440000000000004
0.4133
0.4074
1.0007000000000001
0.6721
0.4765
0.2614
0.1763
0.1385
0.13140000000000002
0.2389
0.1356
0.122
0.0608
0.0543
0.09459999999999999
0.0062
1.2416
0.0755
0.1607
0.1847
0.1394
0.12210000000000001
0.3048
0.6829000000000001
0.32089999999999996
0.2385
0.2216
0.19080000000000003
0.4234
0.3971
0.3431
0.33340000000000003
0.3184
0.2365
0.1868
0.1619
0.1334
0.114
0.1388
0.1211
0.1492
0.17930000000000001
0.3269
0.4162
0.7189
0.5706
0.6814
0.8185
2.0044
0.5863
0.3435
0.3214
0.048100000000000004
0.0414
0.056400000000000006
0.0463
0.0455
0.0443
0.0774
0.0932
0.1122
0.20070000000000002
0.2329
0.8439
0.6367999999999999
0.3477
0.0937
0.6467999999999999
0.4203
0.1132
0.1182
0.0633
0.054
0.0441
0.057800000000000004
0.057800000000000004
0.1036
0.11130000000000001
0.107
0.12
0.1038
0.0613
0.0248
0.0009
0.0023
0.013399999999999999
0.0111
0.0063
0.0121
0.041800000000000004
0.0665
0.0626
0.0582
0.117
0.1607
0.3079
0.3086
0.2818
0.1656
0.12
1.7094
0.25839999999999996
0.23550000000000001
0.1679
0.15960000000000002
0.15710000000000002
0.1642
0.1769
0.16899999999999998
0.0997
1.1872
0.6074
0.5927
0.6033
0.41559999999999997
0.4735
0.4702
0.3237
0.6715
0.7832
0.43689999999999996
0.353
0.4345
0.3788
0.0
0.0
0.0074
0.0
0.0001
0.0
0.0
0.0
0.4528
0.1598
0.4667
0.0695
0.0509
0.0
0.0
0.0
1.1626
0.0
0.2869
0.0754
0.063
0.02
0.0461
0.0052
0.098
0.0984
0.0946
0.0947
0.09129999999999999
0.0934
0.08990000000000001
0.1774
0.1839
0.0164
0.0
0.0
0.0
0.0
0.0005
0.0297
0.1899
0.5972
0.9909000000000001
0.33440000000000003
0.15239999999999998
0.0954
0.0744
0.07339999999999999
0.0207
0.0162
0.012400000000000001
0.012899999999999998
0.012
0.0177
0.0223
0.0852
0.1058
0.1241
0.14
0.1921
0.049699999999999994
0.05
0.044700000000000004
0.0565
0.0554
0.061700000000000005
0.0619
0.054599999999999996
0.0757
0.0875
0.0539
0.027800000000000002
0.0785
0.079
0.0717
0.07369999999999999
0.0665
0.07450000000000001
0.0832
0.4202
0.3896
0.3724
0.1649
0.1427
0.1699
0.1524
0.14200000000000002
0.3879
0.323
0.1759
0.20850000000000002
0.3161
0.294
0.2801
0.20629999999999998
0.1202
0.125
0.0916
0.0977
0.07880000000000001
0.0789
0.0691
0.1111
0.4385
0.787
0.5235
0.6579
0.3546
0.060300000000000006
0.0
0.0
0.0
0.0225
0.0986
0.06520000000000001
0.5366
0.48239999999999994
0.3074
0.1928
0.12179999999999999
0.3342
0.2933
0.2808
0.2912
0.2733
0.2913
0.3124
0.7818
0.3977
0.35409999999999997
0.2886
0.26
0.2153
0.1889
0.16699999999999998
0.2288
0.2534
0.25270000000000004
0.7115
0.6727
1.951
1.192
0.44079999999999997
0.37670000000000003
0.1371
0.1306
0.1237
0.1225
0.1176
0.1296
0.1485
0.1513
0.14850000000000002
0.18580000000000002
0.1476
0.7913
0.2345
0.20540000000000003
0.1948
0.197
0.2081
0.2729
0.9424
0.2562
0.9674
0.186
0.154
0.1263
0.3345
0.31710000000000005
0.2921
0.294
0.27849999999999997
0.2899
0.47919999999999996
0.56
0.3956
0.3514
0.4563
0.3852
0.38
0.3777
0.3629
0.3489
0.35619999999999996
0.7066
1.807
2.5883000000000003
2.3591
0.6251
0.4276
0.3398
0.24780000000000002
0.2363
0.22970000000000002
0.2284
0.1968
0.2163
0.2386
0.2278
0.1996
0.35929999999999995
1.3926
1.6957
0.275
0.2919
0.5253
0.6836
0.3264
0.3564
0.6742
0.898
0.4218
0.4148
0.3321
0.30010000000000003
0.12
0.24169999999999997
0.1897
0.1189
0.07830000000000001
0.0564
0.0876
1.7438
1.0150000000000001
1.5445
0.265
0.0
0.0
0.0
0.0
0.0
0.0
0.0088
0.0403
0.0941
0.0327
0.035699999999999996
0.0624
0.0675
0.16049999999999998
0.15610000000000002
0.1508
0.1508
0.1484
0.16349999999999998
0.2026
0.3478
0.7353000000000001
0.2866
0.2102
0.24480000000000002
0.3147
0.23349999999999999
0.19090000000000001
0.2019
0.8075
0.43320000000000003
0.496
0.4796
0.3641
0.27080000000000004
0.1954
0.1614
0.1085
0.0961
0.0944
0.0963
0.09040000000000001
0.09970000000000001
0.09670000000000001
0.2274
0.4031
0.2621
0.1014
0.3457
0.1076
0.10619999999999999
0.0789
0.1262
0.1227
0.0833
0.5166
0.12079999999999999
0.16599999999999998
0.1772
0.2026
0.1876
0.0146
0.014499999999999999
0.0092
0.0112
0.0176
0.0257
0.1418
0.3813
0.10740000000000001
0.0094
0.0
0.0
0.0
0.0
0.0
0.0
0.19039999999999999
0.183
0.1542
0.8147
0.2182
0.2364
0.0762
0.0352
0.159
0.14429999999999998
0.13490000000000002
0.1303
0.1262
0.1275
0.1383
0.1437
0.1607
0.4528
0.2802
0.27080000000000004
0.5512
0.2238
0.14379999999999998
0.15100000000000002
0.1441
0.1918
0.4648
0.31499999999999995
0.3496
0.43310000000000004
0.42010000000000003
0.2546
0.0739
0.0784
0.0763
0.0781
0.0808
0.10919999999999999
0.1986
0.2328
0.1679
0.12459999999999999
0.0985
0.11499999999999999
0.3369
0.1374
0.12010000000000001
0.1301
0.3205
1.3171
0.3336
0.2779
0.21200000000000002
0.1348
0.0875
0.0731
0.3053
0.2201
0.21739999999999998
0.2334
0.21289999999999998
0.2256
0.243
0.3745
0.9693
1.012
0.4663
0.6513
0.7176
0.5258
0.6817
0.6159
0.3846
2.4626
0.275
0.22999999999999998
0.2364
0.2417
0.2704
0.3305
0.09759999999999999
0.0931
0.0853
0.0813
0.0719
0.0667
0.0694
0.0817
0.17099999999999999
0.2643
0.3842
0.041800000000000004
0.0838
0.0801
0.1446
0.272
0.2344
0.0837
0.055900000000000005
0.1228
0.0753
0.1195
0.23970000000000002
0.1322
0.25970000000000004
0.4744
0.3643
0.4005
0.0962
0.0465
0.040999999999999995
0.0499
0.0466
0.0529
0.045899999999999996
0.057499999999999996
0.0693
0.0749
0.0441
0.038400000000000004
0.0369
0.0605
0.57
0.5464
0.1799
0.1385
0.10569999999999999
0.1005
0.2313
0.2167
0.2006
0.2454
0.2972
0.3222
0.2591
0.2611
0.3359
0.3198
0.1741
0.2538
0.3862
0.5154
0.2904
0.2737
0.3563
0.425
0.2484
0.1459
0.5143
1.7906
0.8835
1.2393999999999998
0.28200000000000003
0.2631
0.3004
0.2954
0.2762
0.28159999999999996
0.29979999999999996
0.3084
0.3317
0.3264
0.3052
1.9394
1.6028
2.7617
0.7774000000000001
0.4031
0.2959
0.3136
0.8009
1.3054999999999999
1.5382
0.2599
0.2139
0.2019
0.1006
0.0866
0.0781
0.0789
0.0752
0.0738
0.1032
0.3134
0.2952
0.15660000000000002
0.1582
0.1225
0.1273
0.1162
0.0958
0.0901
0.1085
0.22660000000000002
0.2985
0.8981
0.7946
0.39139999999999997
0.27
0.1486
0.0329
0.0298
0.0294
0.0275
0.0247
0.028399999999999998
0.1813
0.43820000000000003
0.0582
0.0945
0.07519999999999999
0.0658
0.0547
0.0577
0.0675
0.212
0.38930000000000003
0.1001
0.1903
0.6603
0.1406
0.1141
0.0569
0.0435
0.2377
0.2367
0.2081
0.2626
0.3738
0.4571
0.3569
0.318
0.3328
0.2963
0.2924
0.288
0.4094
0.3342
0.2992
0.3291
1.8284
1.335
1.4516
1.189
0.7384
0.7035
0.9222
0.30210000000000004
0.0
0.0
0.0
0.0
0.0
0.0014
0.0719
0.0648
0.0011
0.0004
0.0076
0.0
0.0
0.0
0.0
0.0052
0.0976
0.0249
0.0043
0.052199999999999996
0.0025
0.007899999999999999
0.005999999999999999
0.0
0.19130000000000003
0.192
0.1976
0.1996
0.1998
0.223
0.2671
0.4192
0.493
0.2012
0.1391
0.1266
0.1442
0.195
0.4097
0.8622000000000001
0.4639
0.31210000000000004
0.2863
0.404
0.353
0.2676
0.19090000000000001
0.1714
0.3391
0.155
0.1303
0.1182
0.11699999999999999
0.11929999999999999
0.1346
0.1614
0.1868
0.1483
0.8224
0.2183
0.748
0.1701
0.19269999999999998
0.16260000000000002
0.18130000000000002
0.603
0.1726
0.5342
0.3157
0.33430000000000004
0.3355
0.23970000000000002
0.2371
0.2127
0.20989999999999998
0.2077
0.2074
0.2272
0.31620000000000004
0.4195
0.44179999999999997
0.42210000000000003
0.4681
0.3658
0.3084
0.3852
1.0096
0.5731999999999999
1.3771
0.5385
0.2129
0.2156
0.2586
0.27380000000000004
0.24120000000000003
0.21100000000000002
0.0437
0.041999999999999996
0.0434
0.0489
0.0466
0.0713
0.099
0.3624
0.7071000000000001
0.185
0.164
0.0968
0.1164
0.1594
0.2077
0.3535
0.3066
0.2115
0.3198
1.1195
0.5548000000000001
0.09440000000000001
0.0549
0.0415
0.0174
0.022699999999999998
0.0162
0.009399999999999999
0.060700000000000004
0.1678
0.1708
0.1859
0.2791
0.4286
0.2092
0.1461
0.6041
0.2495
0.18419999999999997
0.24620000000000003
0.2884
0.4788
1.0343
0.1123
0.0142
0.0028
0.009399999999999999
0.015799999999999998
0.25070000000000003
0.25
0.24409999999999998
0.2334
0.2133
0.2136
0.2277
0.24559999999999998
0.2646
0.3661
0.7794
0.45230000000000004
0.4851
0.9306
1.1214
0.2898
0.2414
0.21589999999999998
0.28890000000000005
0.4092
0.4427
0.4121
0.35850000000000004
0.2922
0.0615
0.0519
0.045700000000000005
0.0426
0.0576
0.0688
0.1099
0.1162
0.0883
0.4326
0.6585
0.8996999999999999
0.8032999999999999
0.039599999999999996
0.0608
0.1257
0.8736999999999999
0.33609999999999995
0.6669
0.3391
0.2727
0.23470000000000002
0.16720000000000002
0.0979
0.0414
0.0516
0.0281
0.0351
0.0371
0.0294
0.0449
0.07419999999999999
0.0519
0.35929999999999995
0.4703
0.050699999999999995
0.0521
0.0527
0.0503
0.055
0.4324
0.3315
0.6953
0.4979
0.6148
0.48150000000000004
0.0479
0.0363
0.1058
0.0985
0.0916
0.089
0.0879
0.098
0.1208
0.16699999999999998
0.22
0.1754
0.5126
0.4617
0.8053000000000001
0.46130000000000004
0.6822999999999999
0.2852
0.3634
0.5246
0.2301
0.6232
0.3909
0.2831
0.189
0.1277
0.0
0.0008
0.0
0.0
0.0016
0.032
0.0
0.0053
0.2041
0.34809999999999997
0.8660999999999999
2.1105
0.6275000000000001
0.3077
0.8389
1.4426
0.5784
1.2299
0.4709
0.3918
0.741
0.7306
0.1755
0.0
0.32789999999999997
0.5607
0.25870000000000004
0.2529
0.2439
0.26780000000000004
0.30079999999999996
0.3062
0.2902
0.2693
0.2512
0.2172
0.2225
0.24270000000000003
0.2556
0.2493
0.2341
1.117
0.3791
0.2727
0.3336
0.45909999999999995
0.498
0.3618
0.0309
0.0341
0.0319
0.027299999999999998
0.019299999999999998
0.0126
0.0335
0.0325
0.0
0.0
0.0
0.0
0.0
0.0
0.0
0.0
0.0
0.0
0.0188
0.0606
0.0197
0.0041
0.0008
0.0
0.1785
0.1547
0.14079999999999998
0.1538
0.1703
0.27290000000000003
1.0206
0.7425999999999999
0.6501
0.5569
0.47940000000000005
0.5553
0.4629
0.3489
0.28669999999999995
0.28359999999999996
0.6189
1.0888
0.47929999999999995
1.1815
1.7182
0.3661
0.2587
0.2129
0.2153
0.1867
0.1797
0.1718
0.1758
0.2011
0.3525
0.2298
0.14679999999999999
0.1602
0.1676
0.2694
0.1471
0.1382
0.1217
0.1472
0.2144
0.3346
0.7564
0.1975
0.2073
0.217
0.246
0.247
0.0921
0.056900000000000006
0.052
0.0406
0.0357
0.0785
0.0299
1.2095
0.26890000000000003
0.9095
1.7356
2.9765
0.6973
0.2489
0.25470000000000004
0.2289
0.117
0.0764
0.098
0.0847
0.0769
0.1071
0.10250000000000001
0.1168
0.137
0.1241
0.1128
0.114
0.10969999999999999
0.1122
0.1365
0.3376
0.30820000000000003
0.2024
0.1548
0.1832
0.2955
0.1873
0.16260000000000002
0.1676
0.8368
0.9112
0.5606
0.31810000000000005
0.3486
0.3321
0.3024
0.20450000000000002
0.038400000000000004
0.033299999999999996
0.0269
0.0269
0.0271
0.0239
0.0303
0.0686
0.1286
0.1315
0.1199
0.1407
0.0968
0.067
0.0484
0.0485
0.0776
0.175
0.1753
0.23459999999999998
0.20579999999999998
0.17659999999999998
0.1106
0.055400000000000005
0.0047
0.0
0.0
0.0
0.0
0.0
0.0
0.0
0.0
0.0
0.0
0.1029
0.0
0.0
0.0223
0.0696
1.3519
0.5589000000000001
0.0624
0.0472
0.0931
0.0269
0.0009
0.0033
0.051000000000000004
0.051500000000000004
0.0628
0.0557
0.1111
0.2205
0.29510000000000003
0.2679
0.2037
0.0945
0.0916
0.5563
1.4987
0.2006
0.1381
0.4006
0.6234999999999999
0.22560000000000002
0.2277
0.165
0.0509
0.0039
0.0274
0.0451
0.18309999999999998
0.1723
0.16560000000000002
0.16149999999999998
0.1633
0.1837
0.2804
0.3154
0.268
0.27
0.24270000000000003
0.21710000000000002
0.23149999999999998
0.23570000000000002
0.224
0.21760000000000002
1.0517
0.4053
0.7048
0.8242
0.6043000000000001
0.5005999999999999
0.3611
0.23909999999999998
0.0837
0.08
0.0692
0.0669
0.0633
0.0658
0.0727
0.1189
0.1446
0.25749999999999995
0.8224
0.2279
0.1474
0.1901
0.2146
0.1641
0.9271
1.5354
1.2774
0.3991
0.5237
0.2891
0.10450000000000001
0.0927
0.6172
0.4183
0.3892
0.3675
0.33909999999999996
0.3295
0.30710000000000004
0.3129
0.2973
0.31899999999999995
0.8188
0.6711
2.2498
1.1299
0.5285
0.6266
0.8295
1.0831
0.7273000000000001
0.6352
0.6127
0.6093999999999999
0.6705000000000001
0.6018
0.11649999999999999
0.1176
0.1198
0.1191
0.13369999999999999
0.20539999999999997
0.2091
0.2024
0.198
0.1982
0.47130000000000005
0.2469
0.243
0.271
0.2512
0.5022
0.8218
0.5646
0.3504
0.2681
0.27890000000000004
0.22949999999999998
0.1437
0.123
0.28400000000000003
0.2949
0.32589999999999997
0.30310000000000004
0.3104
0.3356
0.4566
0.4926
0.3886
0.23420000000000002
0.1522
0.131
0.1472
0.17559999999999998
1.0655000000000001
0.6275999999999999
0.5549
2.073
1.0974
1.9009
2.3513
0.9882
0.2925
0.2514
0.0525
0.0455
0.041999999999999996
0.0407
0.0343
0.0229
0.0109
0.0087
0.0022
0.0106
0.011
0.0109
0.009500000000000001
0.0226
0.0307
0.0378
0.0356
0.0135
0.027700000000000002
0.1143
0.1057
0.0751
0.0538
0.0498
0.1802
0.1688
0.1626
0.1565
0.15539999999999998
0.1649
0.1901
0.2375
0.3617
0.3375
0.33640000000000003
0.561
0.4907
0.33340000000000003
0.33
0.36060000000000003
0.706
0.4155
0.5791999999999999
0.8230999999999999
0.4369
0.3332
0.2375
0.1958
0.1268
0.1263
0.12719999999999998
0.12990000000000002
0.1341
0.1526
0.193
0.19269999999999998
0.1951
0.1767
0.1762
0.1812
0.1597
0.1951
0.253
0.31579999999999997
0.2771
0.2514
0.38570000000000004
0.4299
0.3618
0.1746
0.1028
0.1026
0.0234
0.024800000000000003
0.0147
0.027200000000000002
0.0378
0.1087
0.1643
0.27859999999999996
0.395
0.5291
0.4919
0.1871
1.1219999999999999
1.6418
0.4002
1.002
1.3417
1.2641
1.3780000000000001
0.0848
0.0
0.0
0.0003
0.0315
0.25370000000000004
0.2323
0.2173
0.21289999999999998
0.20579999999999998
0.2103
0.215
0.2881
0.5025999999999999
0.3785
0.3117
0.2463
0.2362
0.2611
0.2974
0.6890000000000001
0.8595999999999999
0.7363
0.4281
0.36860000000000004
0.39980000000000004
0.5862
0.5794
0.3504
0.0
0.0
0.0
0.0
0.0
0.0
0.0
0.0
0.0
0.0761
0.0
0.2496
0.0042
0.45999999999999996
0.0
0.0
0.0
0.0
0.0612
0.0
0.0
0.014
0.0234
0.0
0.2012
0.1646
0.1496
0.1389
0.13140000000000002
0.0918
0.5365
0.6183
0.1375
0.147
0.1688
0.1792
0.18080000000000002
0.17980000000000002
0.1725
0.18180000000000002
0.20529999999999998
0.27549999999999997
0.7164999999999999
0.9225
0.5907
0.3508
0.33609999999999995
0.2825
0.0757
0.060200000000000004
0.045899999999999996
0.045
0.0193
0.052199999999999996
0.0597
0.041999999999999996
0.5557000000000001
0.2691
0.2558
0.6602
0.16949999999999998
0.148
0.2434
0.3567
0.6469
0.2737
0.4953
1.4447
0.9263
1.1103
0.8498
0.19519999999999998
0.10819999999999999
0.1179
0.1225
0.12329999999999999
0.1194
0.1301
0.13390000000000002
0.1121
0.1034
0.069
0.0363
0.023100000000000002
0.024300000000000002
0.0439
0.0834
0.47509999999999997
1.1518
0.4461
0.1845
0.24619999999999997
0.4592
0.279
0.0843
0.0719
0.2146
0.1613
0.1429
0.13640000000000002
0.1269
0.1347
0.1367
0.1669
0.202
0.22899999999999998
0.2691
1.0348
0.9576
0.9361
0.2208
0.23199999999999998
0.6415
1.4516
0.4515
0.479
0.716
0.7504
0.7039
0.3835
0.0
0.0254
0.0102
0.012400000000000001
0.0106
0.033299999999999996
0.0
0.0
0.0
0.0088
0.2766
2.536
0.3321
0.2188
0.9983
2.2789
1.4546000000000001
1.8393
0.9045000000000001
1.244
2.6757
0.9555
0.2548
0.0015
0.0498
0.038900000000000004
0.036500000000000005
0.0399
0.0352
0.0327
0.0427
0.6617
0.1193
0.0
0.0
0.0
0.0
0.0
0.0
0.0083
0.4278
0.8956999999999999
0.8602
0.6620999999999999
0.7264999999999999
0.4219
0.2724
0.1341
0.2364
0.2385
0.2346
0.2314
0.2454
0.2592
0.2853
0.2746
0.2993
0.5641
0.4071
0.27049999999999996
0.213
0.2254
0.2001
0.2128
0.2707
0.3481
0.5615
0.4731
0.5593
0.5531
0.2549
0.216
0.2712
0.2259
0.3725
0.48050000000000004
0.1359
0.0901
0.0541
0.0309
0.0033
0.0274
0.054900000000000004
0.0877
0.1502
0.41090000000000004
0.4002
1.1615000000000002
1.5123
1.9495
0.8923000000000001
1.2778
0.28400000000000003
0.06670000000000001
0.09620000000000001
0.09090000000000001
0.0682
0.0603
0.0547
0.054
0.0493
0.0646
0.2319
0.2384
0.1215
0.3086
0.2016
0.1053
0.1003
0.1092
0.1195
0.16949999999999998
1.2663
1.1396
0.3601
0.218
0.1901
0.1588
0.1146
0.07450000000000001
0.0593
0.0723
0.0731
0.068
0.0563
0.0754
0.0942
0.09720000000000001
0.5713
0.4556
0.12229999999999999
0.4928
0.123
0.08399999999999999
0.0741
0.8864000000000001
0.4375
0.158
0.40759999999999996
0.5134
0.2303
0.1429
0.0899
0.07650000000000001
0.0745
0.0677
0.0595
0.057300000000000004
0.0497
0.0501
0.0526
0.0932
0.17159999999999997
0.1167
0.1144
0.1186
0.1253
0.0804
0.0915
0.0902
0.0655
0.0828
0.0627
0.0567
0.039400000000000004
0.045700000000000005
0.0542
0.0526
0.0833
0.065
0.0766
0.0682
0.06670000000000001
0.0765
0.1528
0.8406
0.3689
0.6169
0.3016
1.0239
0.5508
0.4497
0.31629999999999997
1.0227
0.0669
0.0097
0.0
0.0125
0.0196
0.061799999999999994
0.09720000000000001
0.1004
0.19140000000000001
0.187
0.1983
0.20779999999999998
0.2133
0.2172
0.2462
0.2721
0.27859999999999996
0.3315
0.27990000000000004
0.2029
0.2021
0.6405000000000001
0.5643
0.9735
1.2519
1.605
0.5185
0.31
0.2628
0.2268
0.19290000000000002
0.1792
0.0
0.0
0.0
0.0
0.0
0.0
0.0
0.0
0.2149
0.0649
0.2595
0.22049999999999997
0.3333
0.056900000000000006
0.13729999999999998
0.263
0.5349
0.1092
0.043500000000000004
0.2838
0.1697
0.12719999999999998
0.0432
0.0
0.0
0.0
0.0
0.0
0.0
0.0
0.0
0.0
0.0
0.0
0.0
0.0
1.2157
0.6136
0.0
0.8373
0.6533
0.18259999999999998
0.1398
0.2125
1.5711
0.5203
0.7908
0.49960000000000004
0.005900000000000001
0.0047
0.0049
0.004
0.006200000000000001
0.0038
0.0053
0.0543
0.13729999999999998
0.237
0.176
0.7847
0.1769
0.051199999999999996
0.044
0.0619
0.30069999999999997
0.6637
0.3285
0.1644
0.1345
0.08460000000000001
0.0387
0.0075
0.1153
0.11449999999999999
0.1167
0.1172
0.1242
0.21250000000000002
0.2944
0.1658
0.1455
0.1235
0.1117
0.1159
0.1009
0.1073
0.09820000000000001
0.1017
0.12440000000000001
0.1888
0.2103
0.1931
0.24
0.1795
0.1101
0.1014
0.128
0.1336
0.1303
0.12919999999999998
0.1318
0.1481
0.1889
0.241
0.2761
0.23220000000000002
0.4424
0.8022
0.4403
0.2464
0.2086
0.2153
0.21960000000000002
1.0335999999999999
0.6107
0.6068
0.3706
0.2391
0.1535
0.13140000000000002
0.42069999999999996
0.4141
0.4263
0.44820000000000004
0.41059999999999997
0.4038
0.4366
0.3482
2.0317
0.7447
0.20829999999999999
0.2762
0.4165
0.2203
0.1878
0.1963
0.2642
0.2968
1.0983
0.8331
0.458
0.38670000000000004
0.38839999999999997
0.39690000000000003
0.11649999999999999
0.1088
0.10139999999999999
0.098
0.0978
0.1095
0.1338
0.1642
0.3691
0.8531000000000001
0.2306
0.1736
0.18180000000000002
0.2283
0.2475
0.1848
0.1814
0.257
0.41979999999999995
0.544
0.3335
0.2153
0.1447
0.1144
0.3331
0.2819
0.2844
0.268
0.2473
0.2542
0.2512
0.2651
0.259
0.21300000000000002
0.2079
0.797
1.5547
0.9039999999999999
0.7927
0.5848
0.41700000000000004
1.1715
0.4528
0.4053
0.5023
0.40959999999999996
0.3584
0.3952
0.014
0.0349
0.0387
0.0535
0.0559
0.1864
0.4075
0.1763
0.2041
0.2126
0.0647
0.0374
0.0642
0.044700000000000004
0.0533
0.028
0.8347
0.7326999999999999
1.2972
0.4608
0.01
0.0021
0.0
0.0034
0.0308
0.028900000000000002
0.0305
0.034699999999999995
0.0378
0.0509
0.046799999999999994
0.0366
0.0503
0.0389
0.0263
0.008799999999999999
0.0063999999999999994
0.0321
0.048600000000000004
0.0692
0.0761
0.0746
0.0987
0.0676
0.1007
0.07390000000000001
0.018600000000000002
0.0133
0.15239999999999998
0.14
0.12990000000000002
0.1227
0.1227
0.1277
0.1521
0.1779
0.17459999999999998
0.2133
0.2207
0.22410000000000002
0.42969999999999997
0.4409
0.2042
0.203
0.248
0.5415000000000001
0.7952
1.3183
0.2652
0.2647
0.2158
0.1723
0.3267
0.4686
0.33099999999999996
0.35050000000000003
0.3244
0.4666
0.56
0.3734
0.1787
0.063
0.0822
0.08560000000000001
0.1065
0.1158
0.16699999999999998
0.2034
0.2404
0.4869
0.2306
0.41910000000000003
0.458
1.7070999999999998
0.7221
0.24059999999999998
0.1855
0.1462
0.1336
0.1251
0.1163
0.1156
0.1266
0.1369
0.1572
0.19690000000000002
0.2131
0.258
0.3241
0.453
0.3477
0.3064
0.7508999999999999
0.6438999999999999
0.7726
1.1764000000000001
0.9691000000000001
0.3875
0.3145
0.2508
0.4324
0.4039
0.44089999999999996
0.4575
0.43279999999999996
0.4465
0.5646
0.9573
0.7366
0.258
0.16399999999999998
0.155
0.20040000000000002
0.2929
0.3956
0.6855
0.4774
1.0483
0.3933
0.4058
1.1081
0.6288
0.4504
0.4164
0.0949
0.0862
0.078
0.07289999999999999
0.07930000000000001
0.1014
0.2736
0.121
0.0115
0.0081
0.0091
0.0046
0.008
0.0059
0.0095
0.0347
0.124
0.3486
0.9869999999999999
1.0042
0.41609999999999997
0.22970000000000002
0.19569999999999999
0.1518
0.0814
0.0758
0.07350000000000001
0.0694
0.0674
0.0741
0.4636
0.368
0.13219999999999998
0.1272
0.1182
0.09620000000000001
0.0983
0.0998
0.10469999999999999
0.1497
0.4411
0.1668
0.2681
0.4657
0.2846
0.24930000000000002
0.1466
0.09709999999999999
0.23829999999999998
0.2205
0.211
0.20479999999999998
0.18280000000000002
0.1789
0.1696
0.1718
0.19069999999999998
0.5229
0.4374
0.4737
0.6152
0.34040000000000004
0.5076
0.3759
0.2337
0.223
0.5145
0.2726
0.27759999999999996
0.2985
0.3721
0.3405
0.1475
0.1399
0.1461
0.1563
0.183
0.2031
0.184
0.15689999999999998
0.1484
0.15810000000000002
0.12890000000000001
0.11410000000000001
0.10339999999999999
0.1391
0.2197
0.5062
0.47050000000000003
0.3185
0.3476
0.6695
0.4226
0.6581
0.1891
0.1399
0.1911
0.1575
0.1414
0.137
0.1339
0.1492
0.1878
0.1817
0.1569
0.1753
0.2451
0.2121
0.307
0.19269999999999998
0.16010000000000002
0.1583
0.1644
0.3595
0.8381
0.5061
0.49739999999999995
0.4181
0.3589
0.258
0.1478
0.1434
0.1376
0.1377
0.13219999999999998
0.1395
0.15610000000000002
0.1475
0.6973
0.2933
0.23270000000000002
0.2581
0.1785
0.1683
0.1642
0.1801
0.8719
0.213
0.1877
0.1651
0.16549999999999998
0.14650000000000002
0.13640000000000002
0.1308
0.0253
0.0137
0.0218
0.0163
0.0126
0.0328
0.08729999999999999
0.0852
0.09809999999999999
0.3307
0.0027
0.3393
0.6736
0.0887
0.0574
0.0685
0.0838
0.033299999999999996
0.011200000000000002
0.0
0.0044
0.0474
0.0743
0.050699999999999995
0.1661
0.1361
0.1507
0.1423
0.1227
0.11449999999999999
0.1346
0.1296
0.1229
0.11560000000000001
0.1292
0.1257
0.2389
0.18530000000000002
1.8259
0.1084
0.1511
0.4498
0.4682
1.9337
1.1313
0.1921
0.18359999999999999
0.16970000000000002
0.12090000000000001
0.1038
0.1031
0.101
0.0872
0.0925
0.09659999999999999
0.34550000000000003
0.12890000000000001
0.008
0.0
0.0
0.0
0.0021
0.1354
0.4906
0.3761
0.1939
0.045
0.40290000000000004
0.4418
0.1519
0.09870000000000001
0.086
0.1671
0.1518
0.14029999999999998
0.1343
0.10930000000000001
0.1544
0.7686000000000001
1.9996
1.0925
0.45999999999999996
0.4017
0.12079999999999999
0.09
0.0503
0.0334
0.0491
0.1036
0.5136
1.0824
0.7676000000000001
0.33799999999999997
0.2964
0.1977
0.1748
0.1312
0.0949
0.09159999999999999
0.0877
0.0832
0.0827
0.08549999999999999
0.1307
0.29359999999999997
0.1571
0.122
0.1028
0.1279
0.1374
0.43929999999999997
0.7676
0.3169
0.26639999999999997
0.2519
0.47540000000000004
0.7127
0.5153
0.48260000000000003
0.2986
0.2417
0.2328
0.0344
0.0155
0.0038
0.007600000000000001
0.0147
0.0060999999999999995
0.0269
0.055
0.1519
0.057300000000000004
0.059800000000000006
0.06520000000000001
0.2637
0.0978
0.0839
0.1028
0.1406
0.3278
0.6214999999999999
0.7552000000000001
0.2353
0.1521
0.2347
0.22399999999999998
0.2118
0.2125
0.21889999999999998
0.2754
0.3811
0.35109999999999997
0.3418
0.45230000000000004
0.3887
0.349
0.6734
0.34309999999999996
0.3027
0.3295
1.1662
0.7205999999999999
0.7234
0.5068
0.4668
0.4506
0.4042
0.3039
0.12
0.11530000000000001
0.1015
0.1001
0.1048
0.0849
0.0856
0.0722
0.0669
0.07189999999999999
0.10550000000000001
0.163
0.0552
0.0584
0.0533
0.0713
0.1516
0.42379999999999995
0.2117
0.1383
0.5605
0.17930000000000001
0.11710000000000001
0.12290000000000001
0.0
0.0
0.0
0.0
0.0
0.0
0.0
0.0
0.847
0.714
0.4925
0.0
0.0
0.0
0.0
0.0
0.0
0.0
0.1986
0.1673
0.0421
0.030199999999999998
0.009
0.0
0.3503
0.2755
0.45539999999999997
0.4752
0.2716
0.25170000000000003
0.2885
0.9181
0.7273
0.1258
0.0564
0.0115
0.0051
0.0
0.023
0.0764
0.5647
0.13219999999999998
0.2056
0.077
0.0487
0.0249
0.0127
0.0
0.2615
0.22139999999999999
0.2019
0.18930000000000002
0.1829
0.1837
0.1855
0.21989999999999998
0.24509999999999998
0.4233
0.5882000000000001
1.0675
1.113
2.0678
0.7154
0.6119
0.6536
1.1991
0.48929999999999996
0.3611
0.3627
0.3616
0.4423
0.40249999999999997
0.8795
0.7182999999999999
0.5839
0.43489999999999995
0.3494
0.258
0.2196
0.2089
0.18209999999999998
0.16460000000000002
0.20350000000000001
0.2363
0.2228
0.248
0.3379
0.6184000000000001
0.9836
1.0868
0.7441
0.6645
1.3778
1.1516
0.5752999999999999
1.0337
0.0133
0.012199999999999999
0.0133
0.0
0.0
0.0082
0.0558
0.22849999999999998
1.2233
0.5925
0.107
0.0823
0.099
0.1866
1.0593
0.5537
0.4376
0.7854
0.7545
0.5295
0.0414
0.005600000000000001
0.0
0.007
0.1006
0.0926
0.0916
0.087
0.093
0.1048
0.1368
0.2046
0.8064
0.8632
0.1213
0.9538
0.3463
0.12340000000000001
0.0875
0.09540000000000001
0.1892
0.7411000000000001
0.2312
0.1511
0.2131
0.2027
0.1503
0.1106
0.1016
0.0938
0.08929999999999999
0.0863
0.0859
0.09179999999999999
0.1193
0.19669999999999999
0.4534
0.2797
0.4114
0.3879
0.3477
0.3544
0.44720000000000004
0.3585
0.3066
0.1855
0.1527
0.1891
0.2662
0.2854
0.2123
0.1371
0.41500000000000004
0.33089999999999997
0.3453
0.30579999999999996
0.2842
0.2823
0.2057
1.9665
0.8086
0.31389999999999996
1.1725
0.5271
0.5463
0.4332
0.8478
0.4554
0.3222
0.36360000000000003
0.3603
0.39249999999999996
0.3756
0.4381
0.5198
0.4572
0.2565
0.2417
0.26849999999999996
0.251
0.29369999999999996
0.34009999999999996
0.4366
0.476
0.4921
0.4056
0.9884999999999999
0.4389
0.6069
1.0101
1.947
0.8731
1.4077
0.5918
0.48040000000000005
0.5831
0.911
0.3779
0.2434
0.2414
0.1879
0.1765
0.1726
0.16670000000000001
0.1717
0.1875
0.3745
0.3833
0.2343
0.5105
0.523
0.249
0.1343
0.12279999999999999
0.1061
0.1306
0.2263
0.2343
0.26959999999999995
0.2978
0.33999999999999997
0.353
0.246
0.202
0.19590000000000002
0.1644
0.1765
0.1801
0.1594
0.19729999999999998
0.35319999999999996
1.6665999999999999
0.9174
0.3008
0.2435
0.2562
0.3242
0.3395
0.2975
1.1863000000000001
1.3450000000000002
0.8229
0.8182
0.7927
1.1793
0.28759999999999997
0.198
0.1866
0.1699
0.1517
0.0998
0.07780000000000001
0.0668
0.0625
0.0601
0.0613
0.0872
0.1678
0.4003
0.2105
0.1668
0.1363
0.12140000000000001
0.0837
0.066
0.0366
0.07400000000000001
0.2956
0.4796
0.39680000000000004
0.2857
0.19
0.034999999999999996
0.038099999999999995
0.0502
0.0538
0.0484
0.0253
0.0434
0.604
1.692
1.2587
0.8005
1.3982
1.7235
0.9718
0.6563
0.4655
0.36060000000000003
0.37460000000000004
0.7779
2.3495
0.7773
0.188
0.0269
0.022
0.0
0.0
0.0
0.0
0.0
0.0
0.0116
0.2184
0.0058
0.0
0.0031
0.024300000000000002
0.0
0.0
0.0
0.0
0.0211
0.0199
0.0
0.0013
0.0002
0.0
0.0
0.0
0.0337
0.0389
0.031299999999999994
0.055400000000000005
0.045899999999999996
0.0564
0.0756
0.0616
0.034
0.0568
0.0043
0.0
0.0
0.0
0.0
0.0171
1.2377
1.3589
2.224
0.14900000000000002
0.0899
0.12319999999999999
0.07619999999999999
0.0543
0.0366
0.0
0.0049
0.0342
0.0205
0.0125
0.0259
0.0054
0.4221
0.6308
0.4597
0.0036
0.5526
0.0332
1.3533
0.0052
0.042
0.0737
0.4872
0.4012
0.0601
0.0983
0.077
0.0543
0.1076
0.0884
0.07919999999999999
0.0765
0.0728
0.0663
0.0598
0.0526
0.0421
0.0492
0.0505
0.062
0.1457
0.1254
0.1315
0.1669
0.1231
0.0877
0.1184
0.2243
0.23919999999999997
0.15610000000000002
0.1405
0.1286
0.0953
0.08
0.07869999999999999
0.07500000000000001
0.0738
0.0681
0.0748
0.1237
0.1602
0.2062
0.1277
0.1758
0.1395
0.07189999999999999
0.0395
0.0495
0.1762
0.1308
0.2233
0.2454
0.1703
0.1853
0.2212
0.1708
0.30910000000000004
0.2242
0.2116
0.2157
0.2076
0.2285
0.2942
0.3523
0.2605
0.2143
0.1853
0.1855
0.1837
0.1893
0.39130000000000004
0.6272
0.5572999999999999
0.2495
0.257
0.3164
0.25139999999999996
0.2507
0.4261
0.5977
0.1361
0.1308
0.12519999999999998
0.1219
0.1167
0.1179
0.12129999999999999
0.1421
0.18330000000000002
0.1843
0.1839
0.1916
0.1512
0.1538
0.1563
0.1547
0.1365
0.1537
0.1772
0.1624
0.1608
0.1552
0.13740000000000002
0.1288
0.0935
0.06570000000000001
0.0513
0.0406
0.0374
0.0315
0.0374
0.0384
0.0495
0.07100000000000001
0.14589999999999997
0.0308
0.1038
0.1764
0.0136
0.0
0.0
0.0161
0.0012
0.2263
0.154
0.13790000000000002
0.0909
0.059000000000000004
0.2794
0.2527
0.2384
0.2383
0.2351
0.2547
0.3645
0.3396
0.2625
0.24609999999999999
0.256
0.26859999999999995
0.28769999999999996
0.29510000000000003
0.4979
0.5
0.5116
0.7683
0.5695
0.4914
0.5012
0.43920000000000003
0.3785
0.3281
0.0562
0.0339
0.026799999999999997
0.0228
0.0229
0.019799999999999998
0.0193
0.019299999999999998
0.033
0.024399999999999998
0.2999
0.09240000000000001
0.125
0.6435
0.45089999999999997
0.36319999999999997
0.2264
0.1638
0.24480000000000002
0.26739999999999997
0.1666
0.1851
0.31110000000000004
0.1795
0.0
0.0
0.0
0.0
0.0
0.0
0.0
0.0
0.0
0.4258
0.2687
0.621
0.0511
0.0
0.0005
0.0894
0.1503
0.0304
0.0646
0.0401
0.0018
0.0
0.0
0.0
0.1447
0.136
0.12940000000000002
0.12980000000000003
0.1212
0.1191
0.131
0.188
0.4464
0.0923
0.0943
0.104
0.10250000000000001
0.099
0.09659999999999999
0.1117
0.14229999999999998
0.3176
0.8306
0.9506
0.1955
0.12390000000000001
0.1115
0.121
0.1351
0.1283
0.12140000000000001
0.11649999999999999
0.11399999999999999
0.1348
0.188
0.7369000000000001
0.2595
0.1563
0.14750000000000002
0.13090000000000002
0.1354
0.13679999999999998
0.13019999999999998
0.136
0.5196
0.5712
0.6038
0.6513
0.34640000000000004
0.352
0.3547
0.2191
0.0564
0.0489
0.045200000000000004
0.045399999999999996
0.0441
0.050699999999999995
0.0749
0.1714
0.1144
0.069
0.0567
0.0524
0.0605
0.0733
0.0847
0.1172
0.1648
0.12840000000000001
0.08130000000000001
0.09179999999999999
0.1158
0.1151
0.0873
0.062
0.3377
0.2879
0.2704
0.2789
0.2592
0.273
0.5143
1.1113
0.9658
0.6645000000000001
0.4895
0.4252
0.47050000000000003
0.6091
0.49150000000000005
0.3107
1.1257
0.6314
0.2284
0.2333
0.2949
0.7497
0.6898
0.4305
0.1256
0.1165
0.1147
0.1592
0.097
0.1028
0.1247
0.1325
0.1121
0.08710000000000001
0.0995
0.1149
0.07780000000000001
1.3571
0.0818
0.1526
0.1513
0.9274
1.1885000000000001
1.8037
0.9728
0.099
0.154
0.13369999999999999
0.048100000000000004
0.037500000000000006
0.0393
0.0283
0.033
0.0201
0.3645
0.6214999999999999
0.0739
0.2939
0.2294
0.19890000000000002
0.1639
0.1561
0.14579999999999999
0.1786
0.7087
1.0762
0.18159999999999998
0.1413
0.1396
0.11199999999999999
0.08460000000000001
0.053000000000000005
0.0264
0.0275
0.0438
0.0492
0.053599999999999995
0.044700000000000004
0.2579
0.2953
0.0
0.0
0.0
0.0
0.0
0.0
0.0
0.0032
0.0
0.0886
0.6938
0.43670000000000003
0.523
0.1207
0.0688
0.048799999999999996
0.0012000000000000001
0.0
0.0
0.0
0.0
0.0011
0.0286
0.023
0.0062
0.1095
0.0872
0.1373
0.0485
0.0212
0.0071
0.014100000000000001
0.006500000000000001
0.0
0.0
0.0
0.0064
0.0312
0.020999999999999998
0.0066
0.0881
0.0806
0.0731
0.07680000000000001
0.09040000000000001
0.1011
0.0758
0.0646
0.054
0.0475
0.0293
0.0417
0.4188
0.1989
0.22409999999999997
0.8745
0.7947
0.36119999999999997
0.24580000000000002
0.42610000000000003
0.21150000000000002
0.16310000000000002
0.14489999999999997
0.1187
0.0412
0.03949999999999999
0.0375
0.037
0.032600000000000004
0.0297
0.0278
0.027499999999999997
0.0332
0.0772
0.0542
0.07400000000000001
0.0431
0.0492
0.0403
0.037099999999999994
0.0222
0.0242
0.0362
0.0065
0.0032
0.0075
0.0162
0.0221
0.3749
0.36619999999999997
0.3245
0.3007
0.2484
0.2405
0.2847
0.47040000000000004
0.4736
1.9683
1.7860999999999998
0.632
0.817
0.2519
0.1484
0.15739999999999998
0.16599999999999998
0.16820000000000002
0.20750000000000002
0.2962
0.2821
0.3701
0.7876000000000001
0.8176
0.041999999999999996
0.0363
0.044399999999999995
0.0442
0.0503
0.09140000000000001
0.1968
0.3773
0.1611
0.0665
0.0081
0.0
0.0
0.0
0.0
0.0
0.4663
0.0374
0.1669
0.0805
0.0561
0.043399999999999994
0.0309
0.0252
0.0794
0.0736
0.067
0.07150000000000001
0.0694
0.0789
0.0871
0.0777
0.0511
0.0431
0.030899999999999997
0.0183
0.017900000000000003
0.6851
0.42469999999999997
0.29410000000000003
0.16670000000000001
0.529
0.7844
0.3502
0.6452
0.20500000000000002
0.0902
0.0774
0.0242
0.019200000000000002
0.013399999999999999
0.015
0.013000000000000001
0.011099999999999999
0.0135
0.0838
0.1745
0.07350000000000001
0.0499
0.0435
0.0405
0.036000000000000004
0.0378
0.06820000000000001
0.1065
0.174
0.2526
0.1112
0.0986
0.1048
0.0862
0.046299999999999994
0.0177
0.060899999999999996
0.014100000000000001
0.0158
0.0223
0.0305
0.2066
0.3568
0.2716
0.2128
0.8081999999999999
0.0534
0.1372
0.1328
0.0964
0.076
0.10070000000000001
0.18309999999999998
0.1434
0.1639
0.1316
0.0785
0.0533
0.0368
0.2435
0.21300000000000002
0.2069
0.20529999999999998
0.1987
0.1925
0.2026
0.2609
0.4083
0.4865
0.6205
0.5001
0.3182
0.2628
0.23759999999999998
0.2301
0.1868
2.0355
1.0578
0.4891
0.4554
0.42579999999999996
0.37070000000000003
0.2892
0.1501
0.1894
0.1567
0.1157
0.0922
0.0862
0.08760000000000001
0.08560000000000001
0.1259
0.4778
0.3668
0.3615
0.6823
0.31579999999999997
0.035699999999999996
0.015199999999999998
0.0468
0.0467
0.07780000000000001
0.1323
0.1401
0.1238
0.0993
0.091
0.101
0.09809999999999999
0.0986
0.1013
0.10200000000000001
0.114
0.1629
0.29710000000000003
0.1537
0.12029999999999999
0.1368
0.0933
0.1031
0.09129999999999999
0.0873
0.0912
0.0917
0.062
0.07039999999999999
0.10350000000000001
0.0775
0.0718
0.0701
0.0708
0.1616
0.1403
0.12229999999999999
0.1131
0.1062
0.0999
0.09770000000000001
0.1018
0.1104
0.1324
0.14789999999999998
0.1186
0.12190000000000001
0.1366
0.131
0.10500000000000001
0.1167
0.3294
0.2841
0.3967
0.3186
0.2683
0.2
0.16110000000000002
0.3202
0.3137
0.27749999999999997
0.254
0.2402
0.22089999999999999
0.2044
0.2148
0.2321
0.5734
0.6874
0.1958
0.18830000000000002
0.8063
0.6715
0.7598
0.4779
0.3747
0.29510000000000003
0.27490000000000003
0.3298
0.48460000000000003
0.4071
0.35409999999999997
0.105
0.0938
0.1064
0.1279
0.1134
0.0857
0.0752
0.07569999999999999
0.07680000000000001
0.46740000000000004
0.0685
0.0592
0.0806
0.2379
0.0938
0.08499999999999999
0.0932
0.11019999999999999
0.294
0.24470000000000003
0.14100000000000001
0.154
0.1527
0.12190000000000001
0.1091
0.1277
0.1009
0.18309999999999998
0.1535
0.1401
0.3033
0.2225
0.1106
0.7552
0.30469999999999997
0.32520000000000004
0.7269
0.0792
0.1897
0.9926
0.18309999999999998
1.077
0.7721
0.0784
0.0744
0.034
0.0378
0.045899999999999996
0.0
0.0
0.0
0.0
0.0
0.0
0.0
0.0
0.0141
0.002
0.0008
0.0134
0.0014
0.0011
0.0036
0.0174
0.0685
0.057300000000000004
0.0293
0.0195
0.0
0.0
0.0
0.0
0.28490000000000004
0.194
0.1875
0.1742
0.1506
0.1437
0.1273
0.1424
0.1197
0.13140000000000002
0.1517
0.6573
0.9503999999999999
1.3099
1.8024
0.5068
0.3275
1.8893
0.4036
0.3533
0.4867
0.38339999999999996
0.3539
0.3374
0.1144
0.1013
0.11019999999999999
0.1411
0.15410000000000001
0.1256
0.1021
0.0813
0.0626
0.07980000000000001
0.09340000000000001
0.09040000000000001
0.091
0.2493
0.1681
0.23249999999999998
0.4238
0.2051
0.2673
0.9953000000000001
0.1902
0.1796
0.1276
0.12010000000000001
0.06420000000000001
0.0568
0.0513
0.053
0.0499
0.0466
0.09240000000000001
0.2732
0.2415
0.15150000000000002
0.1521
0.37110000000000004
0.38439999999999996
0.2011
0.174
0.21760000000000002
0.41200000000000003
0.21710000000000002
0.18530000000000002
0.2404
0.40490000000000004
0.3621
0.26880000000000004
0.1293
0.3865
0.3126
0.2985
0.2933
0.2556
0.27180000000000004
0.2737
0.23120000000000002
0.7739999999999999
1.4908000000000001
0.5284
0.7872
0.4315
0.3529
0.3333
0.2398
0.26759999999999995
2.336
0.4928
0.40869999999999995
0.5102
0.5737
0.9236
0.6888000000000001
0.10200000000000001
0.0919
0.08529999999999999
0.0821
0.0821
0.0852
0.0911
0.1036
0.1166
0.15789999999999998
0.1581
0.1634
0.1708
0.1533
0.1569
0.1703
0.22490000000000002
0.23720000000000002
0.2294
0.2062
0.1852
0.1769
0.1562
0.126
0.243
0.2156
0.20729999999999998
0.2012
0.1754
0.1748
0.2049
0.1602
0.0383
0.0222
0.010100000000000001
0.0144
0.014499999999999999
0.0007
0.094
0.5094
0.1192
0.0686
0.2445
0.6826
0.3956
1.1183
0.5844
0.256
0.1963
0.1834
0.1765
0.17170000000000002
0.1714
0.17959999999999998
0.217
0.2568
0.2015
0.28959999999999997
0.2259
0.2711
0.2364
0.1917
0.1764
0.2139
0.38029999999999997
0.3418
0.34709999999999996
0.22920000000000001
0.20240000000000002
0.20179999999999998
0.2267
0.2241
0.24159999999999998
0.227
0.2119
0.2098
0.21339999999999998
0.1891
0.1722
0.1441
0.1174
0.1323
0.213
0.2739
0.2679
0.5074
0.1981
0.4743
0.3627
0.3644
0.2922
0.1977
0.1966
0.1819
0.179
0.18259999999999998
0.06509999999999999
0.0687
0.0622
0.0569
0.058499999999999996
0.063
0.0878
0.1628
0.3417
0.4082
0.4678
0.2103
0.501
0.2308
0.4518
0.2669
0.2984
0.4865
0.2835
0.3117
0.192
0.13369999999999999
0.09709999999999999
0.0769
0.0431
0.0468
0.0473
0.0246
0.121
0.7775000000000001
0.2128
0.26370000000000005
0.3944
0.7802
0.2172
0.1429
0.1414
0.2585
0.29300000000000004
0.4657
1.5432
1.4308
0.6761
0.7673
0.32320000000000004
0.13770000000000002
0.060700000000000004
0.07089999999999999
0.23620000000000002
0.26280000000000003
0.2565
0.25070000000000003
0.2546
0.3687
0.33530000000000004
0.2979
0.2379
0.2122
0.28600000000000003
0.367
0.3226
0.3127
0.3861
0.37229999999999996
0.34640000000000004
0.5763
0.3343
0.29800000000000004
0.2295
0.1437
0.119
0.1227
0.1685
0.149
0.1311
0.1255
0.11410000000000001
0.0882
0.4089
0.8815
0.3789
0.45840000000000003
0.2453
0.38539999999999996
0.3282
0.2504
0.1441
0.1147
0.1124
0.1462
0.1583
0.0902
0.9191
0.6367
0.3218
0.21239999999999998
0.14850000000000002
0.1281
0.1346
0.1385
0.1399
0.1672
0.3166
0.2808
0.1716
0.1407
0.1308
0.6266999999999999
1.0675
0.1681
0.3524
0.9911000000000001
1.7398
2.4884
1.7944999999999998
0.999
0.8355
0.2471
0.1776
0.1386
0.0342
0.0353
0.039099999999999996
0.0318
0.0207
0.022
0.026099999999999998
0.2029
1.3481
0.4773
0.6846
1.6331
0.9594
0.42869999999999997
0.39690000000000003
0.3454
0.4836
0.5629
0.3766
0.3597
0.2955
0.2101
0.11180000000000001
0.0645
0.0037
0.0
0.006500000000000001
0.004399999999999999
0.006
0.0
0.31399999999999995
0.1756
0.0
0.0
0.0
0.0
0.0
0.0
0.0
0.7195
0.8629
0.05789999999999999
0.0358
0.5013000000000001
0.1294
0.1021
0.034100000000000005
0.0113
0.1623
0.1278
0.108
0.1105
0.10389999999999999
0.1037
0.1108
0.1452
0.1896
0.3078
0.6217
0.3261
0.40449999999999997
0.5365
0.5337000000000001
0.3075
0.27780000000000005
0.9568
1.298
0.6862
0.4804
0.5423
0.5184
0.3112
0.2268
0.22660000000000002
0.2102
0.2576
0.2435
0.2193
0.2574
0.3251
0.3741
0.3474
0.2565
0.2338
0.9582999999999999
0.6926
0.28900000000000003
0.2402
0.2245
0.5194
0.7357
0.2309
0.2773
0.276
0.7047
0.9002
0.34209999999999996
0.2554
0.267
0.2552
0.3443
1.0974
0.18480000000000002
0.1109
0.1289
0.23399999999999999
0.3459
0.5687
0.7101000000000001
0.39690000000000003
0.24330000000000002
1.2105000000000001
0.1765
0.11660000000000001
0.17320000000000002
0.256
0.2852
0.31479999999999997
0.34440000000000004
0.49049999999999994
0.0911
0.0664
0.0693
0.0742
0.0566
0.061799999999999994
0.0953
0.14700000000000002
0.779
0.09079999999999999
0.20529999999999998
1.259
0.7456
0.49550000000000005
0.8003
0.1693
0.127
0.11249999999999999
0.052500000000000005
0.1126
0.562
0.23409999999999997
0.15739999999999998
0.0986
0.0491
0.0363
0.0428
0.0365
0.035199999999999995
0.036199999999999996
0.0502
0.0641
0.0763
0.11460000000000001
0.1084
0.0605
0.0645
0.13
0.7639
0.7755
0.96
0.6394
0.9863
1.0882
1.1387
0.1327
0.0556
0.051699999999999996
0.16849999999999998
0.1395
0.1279
0.1256
0.12279999999999999
0.13069999999999998
0.1398
0.2
0.5019
0.2151
0.13740000000000002
0.1326
0.1345
0.1598
0.1686
0.7876
0.6778
1.3263
0.42469999999999997
0.4291
0.6552
1.6783000000000001
0.982
0.2252
0.1307
0.11449999999999999
0.108
0.1023
0.10089999999999999
0.10930000000000001
0.1249
0.156
0.1918
0.2659
0.3264
0.268
0.3054
0.4718
0.39480000000000004
0.4329
0.7525
0.6576
0.9327000000000001
0.35119999999999996
0.32130000000000003
0.275
0.2112
0.16549999999999998
0.0723
0.057300000000000004
0.0446
0.0426
0.0385
0.037000000000000005
0.0575
0.06820000000000001
0.029699999999999997
0.0232
0.0346
0.0188
0.0213
0.0286
0.055799999999999995
0.0616
0.035
0.049
0.0479
0.1298
0.2071
0.18769999999999998
0.1346
0.0882
0.0179
0.022600000000000002
0.015099999999999999
0.0107
0.0023
0.0036
0.0042
0.028599999999999997
0.3172
0.6145
0.9186
1.0286
0.44129999999999997
0.3257
1.2029
0.4928
1.0735000000000001
1.6432000000000002
0.7572000000000001
0.8819
0.3204
0.145
0.049699999999999994
0.0235
0.1163
0.1099
0.1006
0.0948
0.0924
0.1131
0.3247
0.4974
0.3637
0.5328999999999999
0.3292
0.146
0.0964
0.1086
0.1073
0.13790000000000002
0.1479
0.18180000000000002
0.2435
1.2006999999999999
0.4194
0.3992
0.22139999999999999
0.14529999999999998
0.1686
0.161
0.14479999999999998
0.13419999999999999
0.1227
0.12409999999999999
0.124
0.1482
0.4937
0.15860000000000002
0.2576
0.3791
0.2314
0.2337
0.4433
0.18109999999999998
0.1408
0.1495
0.2014
0.1966
0.46019999999999994
0.30720000000000003
0.24009999999999998
0.19740000000000002
0.0531
0.04
0.0338
0.033
0.0354
0.0332
0.0426
0.06509999999999999
0.1037
0.25529999999999997
0.16799999999999998
0.1956
0.4226
0.3792
0.23620000000000002
0.19140000000000001
0.15139999999999998
0.14029999999999998
0.1793
0.5682
0.4357
0.34650000000000003
0.2091
0.1046
0.2718
0.26339999999999997
0.28559999999999997
0.2902
0.2668
0.30879999999999996
0.36819999999999997
0.4469
0.49250000000000005
0.55
0.48019999999999996
0.2965
0.2501
1.2055
1.2299
1.0394999999999999
1.7449
0.7001
0.9158999999999999
1.1938
0.7835
0.45189999999999997
0.2976
0.2491
0.19090000000000001
0.1261
0.1056
0.09290000000000001
0.0721
0.07619999999999999
0.0847
0.1122
0.1231
0.1528
0.2303
0.6982999999999999
0.2234
0.3146
0.47
0.41079999999999994
0.8621
0.38180000000000003
0.6918
1.2409
0.6844
0.5441
0.6142
0.4979
0.0357
0.029599999999999998
0.0217
0.0185
0.0173
0.0095
0.2642
0.4086
0.07189999999999999
0.2508
0.3123
0.1296
0.1289
0.1197
0.1439
0.1441
0.1516
0.2802
0.4505
0.216
0.2005
0.20929999999999999
0.1361
0.0657
0.1422
0.13440000000000002
0.14579999999999999
0.1492
0.13729999999999998
0.1379
0.15999999999999998
0.1784
0.19619999999999999
0.4401
0.19219999999999998
0.1881
0.2761
0.3202
0.34550000000000003
0.7411
0.7168
0.28059999999999996
0.5964
0.4121
0.18109999999999998
0.1599
0.1345
0.1365
0.0011
0.0
0.0072
0.0024
0.0021
0.0067
0.0177
0.0451
0.0912
0.33089999999999997
0.7185
0.9087
0.6291
0.4303
0.21350000000000002
0.3104
1.4583
0.2602
0.1651
0.1028
0.06609999999999999
0.0041
0.0063999999999999994
0.0002
0.0297
0.0055
0.0089
0.0026
0.0
0.0
0.0
0.0
0.0003
0.0257
0.1134
0.4044
0.0943
0.07980000000000001
0.4135
0.8481000000000001
0.8353999999999999
0.1491
0.3348
0.4292
0.1971
0.2119
0.18619999999999998
0.1046
0.0966
0.0875
0.0843
0.0804
0.0776
0.0866
0.0983
0.1238
0.1217
0.10500000000000001
0.0825
0.08829999999999999
0.19469999999999998
0.2945
0.3281
0.2112
1.0091999999999999
0.8038
0.1997
0.2856
0.3144
0.2165
0.1424
0.106
0.1725
0.1516
0.1399
0.1387
0.1303
0.1417
0.15610000000000002
0.1915
0.24070000000000003
0.2453
0.2802
0.4613
0.3395
0.3504
0.32230000000000003
0.1862
1.1078000000000001
0.2439
0.1547
0.162
0.2797
0.388
0.3013
0.20629999999999998
0.17059999999999997
0.1525
0.1455
0.14379999999999998
0.135
0.1533
0.2667
0.4435
0.20040000000000002
0.17859999999999998
0.1533
0.2103
0.3032
0.2127
0.20429999999999998
0.27490000000000003
0.6024
0.2276
0.1577
0.1359
0.1623
0.1918
0.2228
0.2083
0.1946
0.18230000000000002
0.1795
0.1774
0.17709999999999998
0.1802
0.2028
0.281
0.3322
0.43879999999999997
0.6693
0.9616
0.34340000000000004
0.26459999999999995
0.24369999999999997
0.44710000000000005
0.3111
0.2162
0.19019999999999998
0.1931
0.2149
0.2561
0.26480000000000004
0.23779999999999998
0.009899999999999999
0.0065
0.0086
0.0071
0.0021
0.0
0.0057
0.0009
0.1176
0.2219
0.4491
0.8160000000000001
0.0763
0.069
0.2126
0.387
0.216
0.12409999999999999
0.0715
0.1079
0.0832
0.07819999999999999
0.0586
0.0266
0.1231
0.11549999999999999
0.1113
0.10719999999999999
0.11130000000000001
0.1197
0.1452
0.15460000000000002
0.156
0.3199
0.1825
0.7849999999999999
0.6431
0.1773
0.1034
0.1207
0.5084
0.1744
0.718
0.3507
0.2982
0.243
0.1743
0.1333
0.0958
0.0542
0.0437
0.0434
0.0443
0.0387
0.1021
0.5754
0.0916
0.08109999999999999
0.869
0.0697
0.0663
0.0401
0.0203
0.025599999999999998
0.1185
0.2105
0.4528
0.7486
0.39339999999999997
0.4538
0.3155
0.1274
0.096
0.05789999999999999
0.062
0.0712
0.0354
0.0352
0.0005
0.0
0.0
0.0
0.0
0.0
0.0344
0.4327
0.0016
1.0607
0.6899
1.0629
1.5133999999999999
0.4676
1.6586
0.6756
0.4828
0.3692
0.0006
0.0
0.0058
0.0053
0.0
0.0
0.0
0.0
0.0
0.0
0.122
0.17809999999999998
0.004
0.9644
0.917
0.2647
0.20650000000000002
0.1659
0.16720000000000002
0.1764
0.2117
0.2359
0.0953
0.026300000000000004
0.4026
0.36729999999999996
0.36060000000000003
0.3453
0.3472
0.40869999999999995
0.4137
0.3019
0.2711
0.2116
0.2111
0.4752
1.6448999999999998
0.3894
0.6879
0.8756
0.5115
0.8807
1.3072
0.669
0.7379
0.4335
0.35450000000000004
0.32099999999999995
0.017
0.0194
0.023899999999999998
0.0149
0.0082
0.0035
0.1224
1.4616
1.3765
0.9260999999999999
0.5212
0.6173
1.1703000000000001
0.29359999999999997
0.0492
0.1167
1.7583
0.5583
0.8265
0.5504
0.11729999999999999
0.0166
0.003
0.0125
0.0
0.0
0.0196
0.0011
0.0054
0.0
0.0
0.0062
0.0004
0.0674
0.27390000000000003
0.5403
1.6462999999999999
1.8213
0.6035
2.2202
1.6136
1.7276
1.6164
0.9553
0.1804
0.07139999999999999
0.008
0.0121
0.09490000000000001
0.0814
0.08299999999999999
0.0749
0.0797
0.11410000000000001
1.0628
0.1351
0.0962
0.1057
0.10969999999999999
0.1167
0.12669999999999998
0.12140000000000001
0.12029999999999999
0.1216
0.7927
0.7844
0.4603
0.2679
0.2734
0.1647
0.10139999999999999
0.09309999999999999
0.019
0.0413
0.037700000000000004
0.0558
0.07189999999999999
0.0704
0.1212
0.1733
0.2381
1.6518
0.7316
1.0704
0.08109999999999999
0.5163
0.21230000000000002
0.3025
0.20950000000000002
0.9652999999999999
0.9237
0.0
0.0
0.0
0.0
0.0
0.1192
0.1108
0.1091
0.1073
0.11699999999999999
0.13290000000000002
0.19019999999999998
0.2562
0.3235
0.30810000000000004
0.2621
0.2098
0.7211000000000001
0.6488
0.3678
0.2922
0.2827
0.4823
0.9218999999999999
0.8409
0.37129999999999996
0.2536
0.14889999999999998
0.12480000000000001
0.09409999999999999
0.0925
0.08510000000000001
0.0761
0.0828
0.1717
0.41269999999999996
0.2324
0.2032
0.2431
0.1981
0.15539999999999998
0.1554
0.166
0.14329999999999998
0.1651
0.5005999999999999
0.2484
0.4485
0.8212
0.5053
0.3053
0.173
0.1086
0.1421
0.1176
0.1153
0.10339999999999999
0.0957
0.1078
0.11729999999999999
0.16499999999999998
0.2501
0.5541
0.604
0.4815
1.1214
0.4148
0.3876
2.0933
1.3073
0.5504
1.7135
0.8301000000000001
0.5944
0.6496
0.6272
0.33120000000000005
0.0173
0.0207
0.042800000000000005
0.0463
0.041800000000000004
0.022699999999999998
0.061399999999999996
0.4638
0.9455
0.1493
0.9445
1.5655000000000001
0.5195000000000001
0.28059999999999996
0.459
0.34009999999999996
0.8113
0.9695
0.4316
1.4181
0.0432
0.0416
0.0605
0.060200000000000004
0.0632
0.0533
0.048299999999999996
0.0489
0.0422
0.045700000000000005
0.0679
0.5069
0.0769
0.2362
0.05790000000000001
0.0529
0.1236
0.052500000000000005
0.0252
0.0422
0.24009999999999998
0.0825
0.2226
0.1282
0.1167
0.15389999999999998
0.2137
0.1421
0.1941
0.1917
0.1866
0.1845
0.18259999999999998
0.1793
0.1652
0.1547
0.1453
0.1306
0.11030000000000001
0.10089999999999999
0.103
0.11810000000000001
0.1355
0.1594
0.1799
0.2127
0.1993
0.2478
0.2935
0.3398
0.2475
0.1941
0.1059
0.09709999999999999
0.10600000000000001
0.10439999999999999
0.1046
0.1331
0.2137
0.2904
0.2953
0.2359
0.2072
0.2713
0.46940000000000004
0.29059999999999997
0.7119
0.9747
1.8871
0.8815999999999999
0.6242000000000001
0.7294
0.3035
0.16949999999999998
0.1056
0.09789999999999999
0.0055
0.0002
0.0
0.0021
0.0014
0.0
0.0023
0.0069
0.033299999999999996
0.0194
0.0127
0.0013
0.0
0.0072
0.0179
0.0241
0.0344
0.14730000000000001
0.4049
0.3579
0.3217
0.107
0.025500000000000002
0.003
0.1354
0.109
0.0973
0.0947
0.0921
0.0896
0.1018
0.12029999999999999
0.1799
0.2052
0.2031
0.26890000000000003
0.24880000000000002
0.2009
0.2346
0.24009999999999998
0.2824
0.8023
1.1282
0.3591
0.33340000000000003
0.32489999999999997
0.3252
0.2212
0.0458
0.0329
0.0601
0.0571
0.1061
0.2098
0.0
0.0
0.0
0.2131
0.0
0.0
0.0
0.0
0.0
0.0
0.0
0.0
1.6995
1.0913
0.687
0.9698
0.3589
0.143
0.10189999999999999
0.0927
0.0863
0.0774
0.2025
0.2645
0.17880000000000001
0.1558
0.185
0.266
0.1763
0.1183
0.1588
0.3044
0.22970000000000002
0.493
1.0045
0.9504
0.8937999999999999
0.5405
0.37460000000000004
0.47739999999999994
0.173
0.1109
0.0934
0.099
0.0649
0.09709999999999999
0.0643
0.7248
0.6616
0.1079
0.09889999999999999
0.2247
0.1005
0.0983
0.2918
0.1548
0.1585
0.5441
0.7816
0.1926
1.3182
0.3499
0.8917999999999999
0.223
0.15710000000000002
0.11460000000000001
0.026799999999999997
0.011300000000000001
0.0177
0.019
0.0407
0.028200000000000003
0.0268
0.0516
0.2833
1.8365
1.2664
0.812
1.2612999999999999
0.6914
0.6687000000000001
2.044
0.6930000000000001
0.4633
0.9517
1.9316
0.9321999999999999
0.0515
0.0514
0.0945
0.10619999999999999
0.10189999999999999
0.08579999999999999
0.08310000000000001
0.07750000000000001
0.07450000000000001
0.0848
0.1184
0.1679
0.1714
0.9364
0.2728
0.2647
0.9549
0.5786
0.7092
1.5315
0.6143000000000001
0.6141000000000001
1.4715
1.5523
0.8085
0.16260000000000002
0.1318
0.0744
0.0702
0.0664
0.067
0.06420000000000001
0.06870000000000001
0.0867
0.25229999999999997
0.4306
0.6818
0.4394
0.9401999999999999
0.4424
0.28290000000000004
0.2912
0.471
0.3146
0.32489999999999997
0.3745
0.37770000000000004
0.3804
0.38539999999999996
0.25570000000000004
0.1192
0.05500000000000001
0.0132
0.0
0.0
0.0
0.0
0.0018
0.0016
0.0
0.0
0.025400000000000002
0.0072
0.0746
0.1658
0.1497
0.1109
0.0354
0.368
0.32080000000000003
0.2877
0.1618
0.4664
0.45740000000000003
0.0878
0.2342
0.2353
0.2129
0.19540000000000002
0.2472
1.0133
0.4243
0.35950000000000004
0.2969
0.29200000000000004
0.5756
0.2457
0.32389999999999997
0.316
0.3119
0.34950000000000003
1.1233
2.5646999999999998
3.5126
0.4142
0.759
0.8638
0.1997
0.19390000000000002
0.059800000000000006
0.060700000000000004
0.0547
0.0605
0.0639
0.0722
0.1033
0.5173
0.7074
0.092
0.0051
0.0
0.0
0.0
0.0
0.0115
0.1232
0.1675
0.2107
0.0827
0.0747
0.1266
0.15610000000000002
0.1093
0.1345
0.14200000000000002
0.14579999999999999
0.1488
0.1611
0.2038
0.24080000000000001
0.2329
0.1828
0.1462
0.1257
1.1398000000000001
0.7373
0.2641
0.179
0.16210000000000002
0.24710000000000001
0.4351
0.895
0.3105
0.2168
0.1343
0.1052
0.1147
0.0928
0.0832
0.0726
0.0709
0.0785
0.07880000000000001
0.1755
0.2554
0.1356
0.1495
0.24719999999999998
0.2617
0.1971
0.144
0.13620000000000002
0.5696
1.0671
0.1729
0.2252
0.2412
0.6218
0.49019999999999997
0.3489
0.1608
0.0825
0.0761
0.0743
0.0683
0.0539
0.028999999999999998
0.019799999999999998
0.0239
0.025300000000000003
0.046700000000000005
0.0374
0.0215
0.0138
0.0224
0.0276
0.0291
0.0663
0.1056
0.094
0.089
0.0455
0.051699999999999996
0.0629
0.0648
0.0
0.0
0.0011
0.0017
0.0032
0.0
0.4647
0.5205
0.0155
0.051199999999999996
0.0673
0.1548
0.122
0.09789999999999999
0.0911
0.2404
0.34919999999999995
0.1174
0.2722
0.2102
0.2101
0.0761
0.0121
0.0017
0.0
0.0
0.0
0.0
0.0
0.0
0.0
0.0
0.0
0.0
0.0
0.0
0.9582
0.1875
0.0
0.0
0.2801
0.1394
0.0002
1.314
0.3105
0.1203
1.4838
1.1975
0.0887
0.0852
0.08399999999999999
0.0857
0.0901
0.0843
0.09359999999999999
0.0815
0.0902
0.1071
0.126
0.0927
0.0726
0.1364
0.2016
0.2218
0.5006
0.8385
0.4221
0.3107
0.6205
0.1295
0.0397
0.0558
0.0601
0.0509
0.043800000000000006
0.040999999999999995
0.0387
0.0344
0.034
0.0336
0.0347
0.0511
0.0612
0.1079
0.0781
0.0927
0.06989999999999999
0.058499999999999996
0.07550000000000001
0.1196
0.1844
0.168
0.1704
0.1138
0.07569999999999999
0.06659999999999999
0.0504
0.0336
0.0229
0.0303
0.024
0.0254
0.0363
0.0127
0.8815
0.1549
0.0
0.0
0.0
0.0119
0.0191
0.2159
0.0644
0.0467
0.3716
0.0
0.1197
0.2312
0.17049999999999998
0.0843
0.1388
0.1392
0.13419999999999999
0.129
0.1371
0.15689999999999998
0.1877
0.20550000000000002
0.3658
0.7036
0.3847
0.1474
0.106
0.142
0.1548
0.15760000000000002
0.9173
0.2343
0.3769
1.4699
0.3244
0.2738
0.207
0.1633
0.0483
0.0372
0.0319
0.0294
0.0279
0.030100000000000002
0.0232
0.0319
0.0684
0.16620000000000001
0.0496
0.39749999999999996
0.054900000000000004
0.0498
0.0519
0.0412
0.0374
0.0082
0.0017
0.0
0.0
0.0252
0.0644
0.06420000000000001
0.1053
0.0986
0.0941
0.0934
0.09409999999999999
0.10350000000000001
0.12240000000000001
0.12990000000000002
0.1588
0.1896
0.1648
0.12490000000000001
0.13240000000000002
0.1469
0.1427
0.1275
0.13419999999999999
0.3226
0.1573
0.16149999999999998
0.1821
0.1916
0.1488
0.11030000000000001
0.1506
0.14379999999999998
0.1467
0.14079999999999998
0.1528
0.2731
0.6821
0.1971
0.1459
0.1176
0.1064
0.1175
0.1187
0.1047
0.0978
0.09290000000000001
0.1033
0.6078
1.1702
0.2555
0.2618
0.18030000000000002
0.1221
0.12279999999999999
0.0281
0.0344
0.0576
0.051500000000000004
0.07300000000000001
0.2034
2.1083
0.6072
0.6872
0.8776
0.8091999999999999
0.3712
0.5293
0.6645
0.4891
1.5074
1.631
1.8881
0.9359999999999999
0.8417
0.8086
0.2429
0.0472
0.047200000000000006
0.1254
0.1123
0.1016
0.0925
0.0829
0.0877
0.0912
0.1033
0.0933
0.1036
0.0974
0.1032
0.12459999999999999
0.3703
0.4492
0.2823
0.7267
1.7045
0.33940000000000003
0.5728
0.3617
0.21689999999999998
0.15760000000000002
0.1323
0.0712
0.047799999999999995
0.0412
0.0422
0.039
0.0461
0.0494
0.0723
0.0928
0.1268
0.1585
0.3556
0.38569999999999993
0.9109
0.1526
0.1616
0.2383
0.5993999999999999
0.4806
0.266
0.25739999999999996
0.2788
0.2727
0.1721
0.43510000000000004
0.2369
0.23759999999999998
0.2187
0.2102
0.2187
0.22970000000000002
0.32430000000000003
0.8965
0.27480000000000004
1.1884000000000001
2.2493
1.1063
0.4841
0.5374
0.4223
0.3869
0.8033
0.2885
0.3557
0.4812
0.5946
0.5846
0.4343
0.2617
0.2149
0.1915
0.221
0.1815
0.2334
1.4114
1.7043
0.7104999999999999
0.4252
0.43789999999999996
0.45589999999999997
0.5072
0.5195000000000001
0.478
0.47540000000000004
3.509
3.3911
1.7942999999999998
2.4772
0.8489
0.7222999999999999
0.476
0.3547
0.060700000000000004
0.059
0.0545
0.0536
0.0506
0.0576
0.07600000000000001
0.22640000000000002
0.4395
0.267
0.17709999999999998
0.1076
0.1157
0.1232
0.1179
0.1433
0.4337
0.5043
0.4667
0.27559999999999996
0.3326
0.2479
0.1146
0.0639
0.015799999999999998
0.017
0.0039
0.0245
0.027200000000000002
0.0374
0.0802
0.1512
0.515
1.9194
0.9938
1.8503
0.7477
0.2563
0.1629
0.0996
0.3571
0.2107
0.127
0.1322
0.3103
0.3628
0.13119999999999998
0.0199
0.24009999999999998
0.22610000000000002
0.2175
0.20329999999999998
0.1855
0.1915
0.2028
0.21860000000000002
0.22599999999999998
0.24659999999999999
0.2526
0.2657
0.3402
0.9142
0.40249999999999997
0.3002
0.2833
0.3954
0.6735
0.39590000000000003
0.3118
0.28159999999999996
0.2554
0.2345
0.0366
0.0303
0.0264
0.024399999999999998
0.024300000000000002
0.0247
0.019
0.025099999999999997
0.1686
0.7228
0.2389
0.3042
0.2928
0.1271
0.4795
0.7072
0.25
0.11410000000000001
0.1073
0.1608
0.153
0.1632
0.135
0.0753
0.272
0.25880000000000003
0.24710000000000001
0.203
0.1625
0.14500000000000002
0.12890000000000001
0.12279999999999999
0.1617
0.184
0.195
0.1636
0.1012
0.12059999999999998
0.2106
0.6091
0.916
1.2893
0.387
0.2217
0.21660000000000001
0.20750000000000002
0.19740000000000002
0.19190000000000002
0.1365
0.10880000000000001
0.12129999999999999
0.1374
0.11699999999999999
0.1639
1.0701
1.8791
0.8983
0.24609999999999999
0.16199999999999998
0.1916
0.2294
0.3764
0.6179
0.2976
0.155
0.9193
0.9019999999999999
0.2457
0.24480000000000002
0.2109
0.1666
0.1318
0.015
0.0121
0.008400000000000001
0.0084
0.008799999999999999
0.0141
0.0205
0.032799999999999996
0.058300000000000005
0.0847
0.0928
0.1053
0.1051
0.0883
0.1094
0.0926
0.08030000000000001
0.10669999999999999
0.1088
0.0947
0.0635
0.0339
0.017099999999999997
0.009000000000000001
0.13540000000000002
0.13219999999999998
0.1422
0.1632
0.202
0.3286
0.3573
0.5051
0.7926
0.8382000000000001
1.2204000000000002
0.4199
0.1404
0.2183
0.2888
2.2654
1.3123
1.3834
0.0
0.0
0.0125
0.0253
0.011300000000000001
0.054
0.0686
0.0493
0.0437
0.0373
0.0412
0.037599999999999995
0.0343
0.0533
0.043
0.05
0.1121
0.1134
0.6572
0.3194
0.7001
0.0906
0.3289
0.2099
0.0738
0.07189999999999999
0.0936
0.10439999999999999
0.09809999999999999
0.07719999999999999
0.2159
0.2097
0.2131
0.2141
0.1963
0.1911
0.18930000000000002
0.1977
0.2276
0.3019
0.1638
0.1214
0.0993
0.1285
0.1701
0.25470000000000004
0.9283
0.5804
0.9525
0.676
0.3271
0.41579999999999995
0.3618
0.2434
0.1755
0.1984
0.1126
0.0885
0.0906
0.0928
0.317
0.7724
0.33099999999999996
0.3281
0.3277
0.1028
0.13019999999999998
0.1745
0.24270000000000003
0.12930000000000003
0.1176
0.14450000000000002
0.0902
0.10250000000000001
0.1085
0.18969999999999998
0.2221
0.1489
0.26949999999999996
0.24669999999999997
0.2377
0.2371
0.2359
0.24480000000000002
0.2496
0.2612
0.26870000000000005
0.2726
0.2586
0.261
0.2948
0.32030000000000003
0.3156
0.3248
0.4199
0.8888
0.3184
0.3174
0.3654
0.4294
0.44220000000000004
0.3501
0.0539
0.0753
0.0748
0.07100000000000001
0.0789
0.0993
0.17770000000000002
0.22039999999999998
0.186
0.061700000000000005
0.2153
0.1037
0.1345
0.1986
1.564
0.21380000000000002
0.118
1.1707
0.3225
0.608
0.049600000000000005
0.0308
0.0286
0.06
0.0287
1.8238999999999999
1.8283999999999998
0.10819999999999999
0.0182
0.0565
0.024
0.0493
0.0104
0.0061
0.0596
0.0711
1.4143
0.4724
2.5685000000000002
0.7373999999999999
0.0066
0.0112
0.0005
0.2977
0.1116
0.09559999999999999
0.0588
0.09440000000000001
0.018099999999999998
0.015300000000000001
0.0106
0.010499999999999999
0.0053
0.0037
0.0112
0.0353
0.2966
0.030199999999999998
0.0562
0.0153
0.0449
0.041499999999999995
0.2625
0.1401
0.2522
0.2248
0.1061
0.257
0.1433
0.133
0.0874
0.0346
0.0688
0.0668
0.0644
0.0654
0.0657
0.0764
0.1145
0.3135
0.0829
0.1037
0.0623
0.042
0.046200000000000005
0.043
0.0541
0.0761
0.068
0.0915
0.20600000000000002
0.0819
0.030699999999999998
0.039
0.048100000000000004
0.045
0.0021999999999999997
0.0
0.0
0.0
0.0
0.0
0.0024
0.3332
0.233
0.0
0.0
0.0
0.0
0.0
0.0
0.0002
0.0757
0.3004
0.039099999999999996
0.0419
0.0264
0.0253
0.0366
0.0235
0.0649
0.0518
0.0458
0.0448
0.0368
0.045
0.0562
0.024999999999999998
0.5457
0.08310000000000001
0.2672
0.3829
0.1573
0.1162
0.4281
0.4111
0.6243000000000001
0.1843
0.1738
0.3113
0.2744
0.2986
0.2837
0.1673
0.2257
0.21100000000000002
0.2099
0.1971
0.1839
0.2046
0.7997000000000001
0.5918
0.3639
0.7414
0.5471
0.4488
0.9501999999999999
0.4981
0.3758
1.435
0.3238
0.2611
0.217
0.2153
0.3218
0.44520000000000004
0.4708
0.3315
0.0923
0.0801
0.0722
0.0731
0.07189999999999999
0.07569999999999999
0.08660000000000001
0.1183
0.162
0.2356
0.7889999999999999
0.31489999999999996
0.2455
0.323
0.3655
0.1867
0.2223
0.6194
1.1722000000000001
0.6306
0.30489999999999995
0.2123
0.1395
0.11019999999999999
0.0
0.0
0.0
0.0
0.0
0.0
0.0013
0.0
0.0
0.0697
0.035
0.2879
0.0636
0.2491
0.0166
0.0643
0.0439
0.0
0.0069
0.0
0.0
0.0
0.0
0.0
0.26149999999999995
0.265
0.2569
0.24830000000000002
0.2442
0.24380000000000002
0.2437
0.331
0.6093
0.4508
0.2976
0.1834
0.1764
0.16970000000000002
0.1502
0.1606
0.1639
0.2077
0.2404
0.3505
0.474
0.5089
0.266
0.2243
0.5648
0.538
0.5172
0.49829999999999997
0.4386
0.4215
0.3692
0.4058
1.6527
1.4665
1.0064
0.7328
0.48810000000000003
0.5894999999999999
1.2797
0.8286
0.4337
0.3745
0.3791
0.3452
0.4067
0.5207
0.606
0.6878
0.0346
0.0224
0.0238
0.0231
0.0195
0.0167
0.0045
0.0144
0.0101
0.0209
0.0253
0.0162
0.0245
0.052
0.1115
0.1995
1.8162000000000003
1.5864
0.2506
0.32599999999999996
0.5443
0.5754
0.3286
0.1106
2.0961
2.1782
1.866
0.7156
0.6119
0.7438
0.9377
1.1181
0.933
0.7046
0.6467
0.9685999999999999
1.7139000000000002
1.9564
2.6795999999999998
1.5956000000000001
1.0562
1.0003
0.9538
1.0827
1.0813
0.8188
0.7395
0.889
0.032799999999999996
0.031100000000000003
0.0301
0.0302
0.0335
0.0378
0.0487
0.054900000000000004
0.076
0.0868
0.0759
0.1679
0.11180000000000001
0.1009
0.07830000000000001
0.058899999999999994
0.1292
0.13369999999999999
0.08729999999999999
0.067
0.0432
0.0137
0.012199999999999999
0.016
0.08679999999999999
0.077
0.0771
0.07250000000000001
0.07100000000000001
0.14529999999999998
0.33549999999999996
0.0844
0.0635
0.04
0.2173
0.12490000000000001
0.0628
0.0598
0.0571
0.07769999999999999
0.2341
0.0525
0.0461
0.1759
0.18780000000000002
0.1247
0.0678
0.0721
0.0046
0.0006
0.0
0.0027
0.0155
0.0026
0.0376
0.05160000000000001
0.057499999999999996
0.057999999999999996
0.132
0.0209
0.1575
0.3624
0.9145
0.2506
0.2885
1.7896999999999998
1.1819
0.4838
0.3524
0.0671
0.0028
0.0041
0.1714
0.1498
0.1427
0.1347
0.1283
0.134
0.1467
0.1593
0.1857
0.23099999999999998
0.2622
0.26549999999999996
0.2619
0.4363
0.4281
0.574
0.5812999999999999
0.4049
0.469
0.5875
0.8622000000000001
0.4538
0.2661
0.2102
0.0827
0.07669999999999999
0.0897
0.1089
0.087
0.1112
0.3482
0.7299
0.1895
0.0312
0.0032
0.0
0.0
0.0006
0.0898
1.1228
1.0979
0.11929999999999999
0.0411
0.7687
0.4069
0.3167
0.1689
0.1099
0.1094
0.0927
0.0829
0.08180000000000001
0.0799
0.09459999999999999
0.1222
0.0747
0.0448
0.046799999999999994
0.0407
0.0457
0.0571
0.0532
0.0553
0.06620000000000001
0.0625
0.121
0.125
0.1237
0.1308
0.1176
0.1262
0.11699999999999999
0.1032
0.1026
0.1053
0.10450000000000001
0.1374
0.185
0.1582
0.1478
0.1377
0.5643
0.4776
0.1396
0.36000000000000004
0.2986
0.3097
0.8033
0.1733
0.15089999999999998
0.11449999999999999
0.2283
0.2195
0.1847
0.1228
0.1043
0.07050000000000001
0.0701
0.0744
0.0711
0.0696
0.08399999999999999
0.0954
0.1356
0.3059
0.0407
0.2019
0.6738
0.0341
0.052
0.07680000000000001
0.18280000000000002
0.6757
0.28150000000000003
0.1411
0.1602
0.1647
0.0963
0.0393
0.0464
0.24810000000000001
0.1773
0.193
0.1649
0.16970000000000002
0.203
0.2768
0.2778
0.2308
0.5198
0.2042
0.2681
1.7254999999999998
0.2467
0.2956
0.7227
0.3823
0.1489
2.4588
1.6999
1.2485
0.7146
0.6821
0.4065
0.0485
0.029899999999999996
0.0371
0.035500000000000004
0.044399999999999995
0.3442
0.6201
0.16670000000000001
0.18880000000000002
0.2039
0.7968999999999999
0.1391
0.2746
0.1784
0.1321
0.1265
0.1615
0.7294999999999999
1.1894
1.2332
0.4165
0.12079999999999999
0.0834
0.0803
0.1411
0.131
0.1275
0.12890000000000001
0.1315
0.1397
0.1205
0.10719999999999999
0.098
0.1037
0.09090000000000001
0.0945
0.0956
0.1027
0.0925
0.1079
0.1444
0.1501
0.1347
0.1231
0.1457
0.1701
0.188
0.16970000000000002
0.0234
0.0118
0.011699999999999999
0.0128
0.0135
0.0048000000000000004
0.0084
0.0017
0.001
0.0104
0.0036999999999999997
0.0
0.0007
0.0251
0.0606
0.045899999999999996
0.4413
0.4309
0.6451
0.723
0.2578
0.0412
0.0161
0.0206
0.1795
0.157
0.1449
0.1407
0.1404
0.1461
0.1633
0.2422
0.2581
0.22899999999999998
0.3044
0.8741
0.33599999999999997
0.1644
0.14
0.16399999999999998
0.1298
1.1517
0.8309
0.33240000000000003
0.32420000000000004
0.3278
0.2928
0.222
0.1472
0.13140000000000002
0.1193
0.1175
0.1148
0.1216
0.2503
0.2514
0.129
0.19219999999999998
0.25570000000000004
0.1232
0.1174
0.12129999999999999
0.2092
0.246
0.2239
0.41869999999999996
0.2565
0.1763
0.14429999999999998
0.1563
0.1634
0.14
0.08249999999999999
0.0821
0.07680000000000001
0.078
0.07450000000000001
0.0868
0.09559999999999999
0.4869
0.499
0.0775
0.0684
0.08030000000000001
0.09359999999999999
0.0989
0.09720000000000001
0.09709999999999999
0.0942
0.20290000000000002
0.1644
0.1287
0.13
0.11019999999999999
0.09659999999999999
0.0821
0.13
0.1249
0.1229
0.11460000000000001
0.1111
0.11779999999999999
0.1245
0.1234
0.1056
0.2979
0.1563
0.5246
0.3033
0.2882
0.2565
0.7712
0.1612
0.1711
0.22669999999999998
0.3386
0.24380000000000002
0.17020000000000002
0.126
0.1196
0.0945
0.0859
0.0806
0.08199999999999999
0.08549999999999999
0.1051
0.1078
0.0867
0.0713
0.0802
0.0703
0.0689
0.0974
0.0959
0.1003
0.1452
0.1895
0.2573
0.3256
0.2439
0.18530000000000002
0.1521
0.1314
0.11019999999999999
0.0927
0.0685
0.055400000000000005
0.0677
0.068
0.0797
0.0916
0.0433
0.0203
0.0345
0.0337
0.0168
0.0229
0.0291
0.013600000000000001
0.0658
0.6591
1.8506
0.8822
0.8258
0.7634
0.2383
0.2077
0.1649
0.20400000000000001
0.1807
0.1757
0.1668
0.17020000000000002
0.183
0.2399
0.2198
0.1918
0.2339
0.4717
0.48640000000000005
0.5877
0.2769
1.0156
0.9931000000000001
1.4133
0.2301
0.1845
0.2159
0.2531
0.2807
0.2607
0.2366
0.0185
0.0087
0.0133
0.0095
0.0126
0.01
0.0203
0.0574
0.1984
0.5436
0.30369999999999997
0.248
0.3553
0.8956
0.3033
0.2152
0.446
0.3742
1.3458
0.6884
0.2615
0.1462
0.0712
0.042499999999999996
0.0
0.0
0.0
0.0
0.0
0.0
0.1308
0.16110000000000002
0.3719
0.6141
0.2828
0.0456
0.1501
0.1292
0.4517
0.1112
0.048
0.0748
0.0887
0.0186
0.0
0.0
0.0
0.0
0.0524
0.0482
0.0464
0.0411
0.0498
0.0418
0.3684
0.2313
0.0619
0.0789
0.0811
0.0225
0.0229
0.0196
0.0218
0.31429999999999997
0.1912
0.0716
0.7406
0.3045
0.0933
0.1417
0.1157
0.07830000000000001
0.08410000000000001
0.0727
0.06709999999999999
0.0653
0.0606
0.0625
0.0643
0.2844
0.2827
0.0937
0.0746
0.1052
0.1292
0.105
0.099
0.10980000000000001
0.6636
0.5221
0.5051
0.3105
0.2993
0.198
0.14639999999999997
0.1056
0.14029999999999998
0.107
0.0993
0.0948
0.0817
0.09029999999999999
0.0947
0.12990000000000002
0.1563
0.2165
0.23620000000000002
0.9943
0.3812
0.4364
0.1856
0.18869999999999998
0.2931
0.24330000000000002
0.9761000000000001
0.5722
0.4324
0.4896
0.45530000000000004
0.3059
0.0906
0.0813
0.0732
0.0713
0.0701
0.0827
0.11030000000000001
0.2667
0.401
0.2241
0.1881
0.07339999999999999
0.1115
0.15760000000000002
0.3109
0.2108
0.17049999999999998
0.4438
0.1773
0.2218
0.24530000000000002
0.31479999999999997
0.173
0.0888
0.12840000000000001
0.1263
0.12229999999999999
0.124
0.1314
0.1708
0.2792
0.2405
0.2056
0.23320000000000002
0.2152
0.16570000000000001
0.18109999999999998
0.1866
0.193
0.1991
0.23259999999999997
0.2649
0.2225
0.2267
0.1726
0.1488
0.1298
0.1169
0.1015
0.0825
0.0699
0.0823
0.0733
0.08460000000000001
0.10919999999999999
0.1495
0.1498
0.1842
0.6214999999999999
0.8168000000000001
0.2526
0.1859
0.1865
0.2411
0.2931
0.7513000000000001
0.1899
0.14049999999999999
0.1559
1.0481
0.4786
0.2128
0.2661
0.2218
0.2212
0.1939
0.1789
0.18009999999999998
0.1792
0.1921
0.186
0.2819
0.7846
0.7477
0.27759999999999996
0.4054
0.25129999999999997
1.1695
0.3966
0.35819999999999996
1.2857
0.3375
0.3589
0.5871999999999999
0.5292
0.4337
0.1217
0.1187
0.1129
0.11380000000000001
0.1143
0.1201
0.14329999999999998
0.12159999999999999
0.09359999999999999
0.1061
0.08449999999999999
0.057499999999999996
0.058300000000000005
0.0616
0.0633
0.0681
0.058499999999999996
0.08080000000000001
0.1762
0.20040000000000002
0.13440000000000002
0.1562
0.17099999999999999
0.1386
0.055
0.0487
0.0503
0.0479
0.053500000000000006
0.0789
0.1164
0.1711
0.19419999999999998
0.12279999999999999
0.2351
0.3568
0.5309
0.6946
0.35309999999999997
0.7238
1.2781
1.8810000000000002
1.1767
0.2894
0.17099999999999999
0.08299999999999999
0.0499
0.058
0.2437
0.3775
0.5488
0.469
0.2881
0.2871
0.2933
0.3208
0.3025
0.3768
0.8232
0.4526
1.97
1.1904
0.4106
0.2896
0.2551
0.2274
0.3701
0.6887
0.3554
0.2673
0.1996
0.184
0.096
0.0838
0.0505
0.06409999999999999
0.045899999999999996
0.0276
0.0172
0.11309999999999999
0.3513
0.6024
0.5811
0.0
0.0
0.0
0.0
0.0
0.0
0.0
0.9639
0.7135
0.1946
0.615
0.2676
0.12440000000000001
0.0076
0.0069
0.0027
0.0050999999999999995
0.0043
0.0
0.0851
0.8553
0.07719999999999999
0.0501
0.0954
0.0013
0.0
0.0
0.0
0.0
0.0
0.6584000000000001
0.1971
0.2223
0.128
0.0708
0.024800000000000003
0.015
0.10469999999999999
0.09989999999999999
0.0968
0.0984
0.0942
0.1029
0.1063
0.6113999999999999
0.18789999999999998
0.0997
0.1124
0.42000000000000004
0.1901
0.11649999999999999
0.0786
0.09079999999999999
0.7950999999999999
0.2471
0.41400000000000003
0.18180000000000002
0.2026
0.1548
0.1245
0.1081
0.1253
0.121
0.1179
0.1196
0.1227
0.14329999999999998
0.22139999999999999
0.18880000000000002
0.1502
0.1537
0.1681
0.1256
0.0979
0.10400000000000001
0.0977
0.1007
0.0852
0.9793999999999999
0.4787
0.9087
0.4375
0.2471
0.15189999999999998
0.1254
0.09920000000000001
0.0702
0.0628
0.0508
0.044700000000000004
0.0383
0.0369
0.038
0.0503
0.0854
0.08610000000000001
0.1713
0.5204
1.0289
0.3204
0.23609999999999998
0.1261
0.1367
0.1523
0.0751
0.0797
0.07830000000000001
0.1457
0.154
0.17359999999999998
0.1488
0.1461
0.1547
0.1651
0.1928
0.3174
0.19790000000000002
0.1976
0.1666
0.14679999999999999
0.1479
0.7623
0.30410000000000004
0.8868
0.6098
0.3336
0.5383
0.7545999999999999
1.4884
3.2418
0.6873
0.4871
0.274
0.0
0.0
0.0
0.0
0.0
0.0
0.0
0.0
0.071
0.0397
0.4759
0.0
0.0
0.0
0.0
0.0
0.0
0.0907
0.4204
0.2337
0.18409999999999999
0.5425
0.0645
0.0
0.09390000000000001
0.0755
0.08399999999999999
0.0591
0.09129999999999999
0.5356
0.6977
0.1626
0.1328
0.098
0.0613
0.093
0.0939
0.1
0.1074
0.12229999999999999
0.20879999999999999
0.41900000000000004
1.2333
1.2619
1.5347
1.2077
0.2622
0.1163
0.30970000000000003
0.2576
0.1689
0.1598
0.1563
0.1609
0.18
0.2001
0.3417
0.3689
0.3972
0.1966
0.27390000000000003
0.238
0.205
0.1245
0.1719
0.4154
0.2071
0.3217
0.3237
0.28400000000000003
0.22999999999999998
0.1748
0.1719
0.1301
0.13169999999999998
0.304
0.7125
0.1275
0.07980000000000001
0.068
0.0697
0.0932
0.0863
0.1068
0.2057
0.3931
0.15860000000000002
0.8517
0.8653
0.8150999999999999
0.268
0.2153
0.2136
0.1975
0.2261
0.2567
0.0895
0.07919999999999999
0.0789
0.07369999999999999
0.0812
0.1127
0.1362
0.0927
0.0509
0.3781
0.13749999999999998
0.11030000000000001
0.107
0.0917
0.0371
0.48109999999999997
0.0955
0.1052
0.12940000000000002
0.0921
0.1016
0.10969999999999999
0.1902
0.1611
0.14400000000000002
0.1439
0.1466
0.1447
0.1382
0.157
0.1927
0.1763
0.601
0.2512
0.2967
1.0495999999999999
0.2861
0.1986
0.15839999999999999
0.7293000000000001
0.2673
0.21960000000000002
0.38
0.30979999999999996
0.277
0.2411
0.1952
0.1639
0.1708
0.1638
0.1714
0.1668
0.18319999999999997
0.38970000000000005
0.5767
0.20700000000000002
0.1263
0.1062
0.0794
0.07039999999999999
0.07269999999999999
0.06409999999999999
0.06420000000000001
0.8257
0.25
0.17470000000000002
1.0384
0.5183
0.6097
0.4825
0.2343
0.17909999999999998
0.1653
0.1631
0.1487
0.1696
0.1645
0.19840000000000002
0.41059999999999997
0.5776
0.922
0.3201
0.1396
0.14800000000000002
0.25
0.3867
0.3638
0.1848
0.1654
0.5136
0.30079999999999996
0.4041
0.6015
0.9044
0.43829999999999997
0.1742
0.123
0.1149
0.11699999999999999
0.1466
0.19080000000000003
0.2103
0.15410000000000001
0.106
0.0951
0.1485
0.10300000000000001
0.0699
0.07769999999999999
0.0766
0.0849
0.1535
0.2331
0.3104
0.443
0.1534
0.0922
0.1164
0.1545
0.1478
0.2525
0.2114
0.1915
0.17759999999999998
0.1623
0.157
0.15839999999999999
0.16999999999999998
0.1852
0.5848
0.8755999999999999
0.6374
0.2688
0.3668
0.9262
0.5508
0.32210000000000005
0.2193
0.20140000000000002
0.19640000000000002
0.1941
0.2414
0.3704
0.3903
0.0
0.0
0.0
0.0
0.0
0.0
0.0
0.0
0.0449
0.0
0.0
0.0873
0.2862
0.0
0.1106
1.5565
0.6542
0.493
0.0135
1.0106000000000002
0.4394
0.2573
0.0969
0.0
0.23320000000000002
0.1994
0.1805
0.1714
0.1665
0.2586
0.29
0.20650000000000002
0.1862
0.2224
0.2052
0.27449999999999997
1.203
0.1402
0.1748
0.2472
0.3429
1.5182
0.9118999999999999
0.27990000000000004
0.29
0.3438
0.4303
0.363
0.0
0.0
0.0
0.0
0.0
0.0
0.0
0.0
0.8335
0.0
0.6083
1.701
0.0473
0.0
0.0
0.0
1.8796
0.6719
0.6118
0.7564000000000001
1.0991
0.3254
0.0
0.0
0.3745
0.2611
0.2331
0.21000000000000002
0.18280000000000002
0.1893
0.1762
0.1891
0.2165
0.21339999999999998
0.31820000000000004
0.9109
2.0977
1.9824000000000002
1.2636
0.7035
0.7699
0.802
1.0027
0.9549000000000001
0.9292
0.8443
0.8267
0.6756
0.0
0.0
0.0
0.0
0.0
0.0
0.0
0.0011
0.0514
0.6677
0.6952
0.4929
0.3148
0.2479
0.6239
0.44919999999999993
0.13679999999999998
0.1376
0.18359999999999999
0.1252
0.039400000000000004
0.0
0.0
0.0
0.0
0.0
0.0
0.0
0.0
0.0
0.0
0.0
0.0018
0.0266
0.0
0.0759
0.0038
0.0
0.0
0.0
0.1229
0.1758
0.0282
0.0023
0.021699999999999997
0.0325
0.0105
0.0
0.24230000000000002
0.2333
0.2269
0.2231
0.2329
0.244
0.25529999999999997
0.2452
0.2449
0.304
0.3539
0.4744
0.3716
0.2984
0.23049999999999998
0.2494
0.359
0.5113000000000001
0.5769
0.33730000000000004
0.36119999999999997
0.36160000000000003
0.31379999999999997
0.2738
0.6198
0.6084
0.5546
0.5940000000000001
1.0391
0.6888
0.5487
0.526
0.4971
0.499
0.683
0.4978
0.7752
1.1982
0.7967
0.6647
0.7061
0.7126
0.5481
1.0583
0.9894
0.9586
0.6772
0.5470999999999999
0.0
0.0
0.0
0.0057
0.0
0.0
0.0
0.0
0.0
0.0
0.0
0.0
0.0
0.0
0.0
0.8828
0.0044
1.6301
0.46640000000000004
0.14250000000000002
0.0131
0.4643
0.15910000000000002
0.3217
0.46699999999999997
0.3942
0.36460000000000004
0.4098
0.5751999999999999
0.3547
0.1703
0.1472
0.1285
0.1409
0.15739999999999998
0.1572
0.2259
0.2467
0.1928
0.18030000000000002
0.2039
0.8614
1.3276
0.7974
0.7595
0.5546
0.525
0.7691
0.106
0.0815
0.0774
0.0785
0.0748
0.07569999999999999
0.07780000000000001
0.1271
0.2474
0.8807
2.1744
1.8525
1.5196
1.1587
1.6285
0.7424
0.724
0.4909
0.3295
0.35529999999999995
0.4196
0.4841
0.3498
0.2008
0.0823
0.0816
0.09570000000000001
0.08310000000000001
0.1362
0.286
0.2409
0.2955
0.4062
1.4752
2.1657
0.2849
0.40950000000000003
0.4446
0.5325
0.5786
0.9534
0.7079
0.5316
0.3281
0.1849
0.113
0.0943
0.0766
0.08499999999999999
0.0726
0.08
0.0713
0.0639
0.053
0.0531
0.0341
0.1603
0.7449
0.5703
0.0721
0.0334
0.056499999999999995
0.0806
0.038
0.28300000000000003
0.3682
0.0944
0.5702
0.2832
0.1926
0.16310000000000002
0.11199999999999999
0.1066
0.07339999999999999
0.06870000000000001
0.0657
0.060700000000000004
0.0621
0.07039999999999999
0.08990000000000001
0.1019
0.1438
0.19
0.255
0.31220000000000003
0.28190000000000004
0.356
0.2379
0.21550000000000002
0.45589999999999997
0.7045
0.9785999999999999
0.5322
0.6051
0.8480000000000001
0.2565
0.1857
0.1565
0.1395
0.1346
0.13140000000000002
0.1362
0.1349
0.1361
0.13290000000000002
0.1391
0.13729999999999998
0.2278
0.4144
0.2153
0.19090000000000001
0.2167
0.2842
0.6562
0.8166
0.4858
0.40180000000000005
0.27190000000000003
0.23199999999999998
0.209
0.18980000000000002
0.1828
0.17930000000000001
0.17509999999999998
0.17959999999999998
0.2277
0.3942
0.3009
0.2264
0.6331
0.4288
0.6347
0.957
0.2697
0.2682
0.9025
0.30169999999999997
0.3105
0.5567
0.4842
0.43220000000000003
0.3778
0.2828
0.2227
0.2071
0.19840000000000002
0.1946
0.196
0.203
0.22139999999999999
0.2173
0.1899
0.1742
0.181
0.1639
0.1526
0.1509
0.1618
0.15960000000000002
0.1908
0.2459
0.24970000000000003
0.3
0.28
0.28049999999999997
0.319
0.3302
0.2605
0.2155
0.2077
0.2105
0.2113
0.2327
0.45940000000000003
0.3981
0.22360000000000002
0.198
0.2157
0.1625
0.2576
0.46950000000000003
0.2136
0.18059999999999998
0.1845
0.1933
0.1603
0.1659
0.2831
0.4803
0.2702
0.249
0.2298
0.13069999999999998
0.1073
0.1074
0.1032
0.1046
0.112
0.1487
0.2368
0.1984
0.4482
0.49560000000000004
0.378
0.2081
0.2103
0.2678
0.4507
0.2766
0.24609999999999999
0.1524
0.1104
0.18020000000000003
0.3389
0.352
0.2434
