0.11510000000000001
0.10969999999999999
0.0995
0.0955
0.0922
0.0958
0.113
0.207
0.49229999999999996
0.29610000000000003
0.4229
0.2603
0.2393
0.23099999999999998
0.3114
0.30820000000000003
0.39449999999999996
0.374
0.28300000000000003
0.2773
0.2696
0.2614
0.21910000000000002
0.15000000000000002
0.12140000000000001
0.10189999999999999
0.0953
0.0897
0.0933
0.0987
0.0989
0.1139
0.09509999999999999
0.5239
0.6385
0.8713
0.5519000000000001
0.12669999999999998
0.11810000000000001
0.1626
0.16870000000000002
0.32899999999999996
0.3896
0.2135
0.2232
0.2303
0.2276
0.1745
0.0
0.0
0.0
0.0152
0.014499999999999999
0.5229
0.8855
0.1111
0.3181
0.5388
0.6152
0.012400000000000001
0.0767
0.122
0.17450000000000002
0.0126
0.0094
0.0561
0.035
0.2318
0.06999999999999999
0.020499999999999997
0.001
0.0112
0.0496
0.059300000000000005
0.0534
0.0508
0.0456
0.0485
0.0741
0.3509
0.4701
0.1654
0.4617
0.0022
0.0131
0.020200000000000003
0.0398
0.0644
0.2095
0.379
0.1538
0.1733
0.1316
0.135
0.1073
0.0634
0.2612
0.2425
0.2321
0.23070000000000002
0.2253
0.2381
0.29269999999999996
1.0030000000000001
0.36619999999999997
0.2652
0.25129999999999997
0.2464
0.2697
0.28700000000000003
0.385
0.8214999999999999
0.4694
1.3688
0.593
0.4346
0.5741
0.7819
0.3417
0.2743
0.0116
0.006699999999999999
0.0057
0.0044
0.0009
0.0
0.0097
0.029699999999999997
0.4259
0.039599999999999996
0.106
0.10550000000000001
0.1319
0.0788
0.48050000000000004
0.0364
0.047299999999999995
0.12329999999999999
0.08990000000000001
0.08629999999999999
0.0984
0.0626
0.0378
0.0155
0.2989
0.2732
0.26070000000000004
0.2475
0.3174
0.4095
0.27349999999999997
0.24980000000000002
0.2387
0.25780000000000003
0.24520000000000003
0.2965
0.5379
0.38280000000000003
0.26049999999999995
0.28959999999999997
0.6172
0.4114
0.6051
0.4484
0.5230999999999999
0.4749
0.4178
0.3529
0.5477
0.9759
0.14500000000000002
0.1272
0.1195
0.14229999999999998
0.1381
0.8401000000000001
0.8250000000000001
0.2972
0.1333
0.1041
0.12990000000000002
0.1359
0.155
0.18530000000000002
0.2113
0.3104
0.3115
0.34550000000000003
0.28300000000000003
0.3013
0.8393999999999999
0.2071
0.2925
0.1133
0.3857
0.16249999999999998
0.15739999999999998
0.15339999999999998
0.1447
0.1129
1.0974
0.0299
0.0
0.0222
0.0364
0.0211
0.004
0.0673
0.12990000000000002
0.1033
0.2527
0.5636
0.2227
0.1825
0.2385
0.3339
0.1042
0.0785
0.0833
0.0817
0.0708
0.0726
0.0799
0.09809999999999999
0.1026
0.1231
0.2553
0.6801999999999999
0.3183
1.6579000000000002
1.7603
0.2908
0.39859999999999995
0.36029999999999995
0.3451
0.5269999999999999
0.3499
0.2146
0.1568
0.119
0.1053
0.08299999999999999
0.0721
0.07469999999999999
0.0741
0.07519999999999999
0.075
0.0952
0.118
0.3654
0.6673
0.4229
0.275
0.1528
0.12090000000000001
0.1266
0.1527
0.8702000000000001
0.4591
0.3669
0.3453
0.4003
0.4128
0.2099
0.0804
0.0925
0.0857
0.0943
0.0975
0.1259
0.192
0.3863
0.5751
0.8908
0.3282
0.0073
0.0
0.0025
0.0357
0.0622
0.0376
0.8102
0.6082000000000001
0.8584999999999999
0.7612
0.559
0.0947
0.1036
0.1435
0.1251
0.12029999999999999
0.1317
0.143
0.1746
0.3286
0.48119999999999996
0.4552
1.0742
0.7377
2.0351999999999997
0.9476
0.2012
0.175
0.24019999999999997
0.3956
0.3816
2.1215
1.1399
1.3635
0.8902000000000001
0.4859
0.23210000000000003
0.3348
0.2358
0.1794
0.15300000000000002
0.1373
0.1436
0.1571
0.165
0.6301
0.4204
0.499
0.5565
0.6257
0.2783
0.5319
0.3415
0.24619999999999997
1.3747
0.30779999999999996
0.2933
0.3167
0.3563
0.3971
0.312
0.0047
0.0
0.0
0.0
0.0
0.0
0.0
0.0034
0.008400000000000001
0.0765
0.046400000000000004
0.005
0.0
0.0
0.0004
0.0284
0.0258
0.0
0.0001
0.0
0.0132
0.0533
0.0516
0.0221
0.0
0.0
0.0001
0.0
0.0
0.0126
0.0
0.0
0.5381
0.23620000000000002
0.2111
0.4558
0.24130000000000001
0.09970000000000001
1.7790000000000001
0.6343
0.7084
1.5476
0.5083
1.2449000000000001
1.7387000000000001
1.3363
0.2585
0.0
0.0718
0.0689
0.0811
0.06
0.0468
0.0727
0.027200000000000002
0.0458
0.15460000000000002
0.2835
0.37629999999999997
2.3155
0.44520000000000004
0.3155
1.2761
0.7534
1.9653
1.1611
0.3913
0.4182
0.3597
0.8232
1.316
0.2933
0.069
0.062
0.058800000000000005
0.06309999999999999
0.061599999999999995
0.0581
0.058499999999999996
0.0588
0.054
0.0582
0.042800000000000005
0.038099999999999995
0.0686
0.1139
0.1466
0.1943
0.1592
0.1454
0.1399
0.18
0.139
0.1245
0.10200000000000001
0.0802
0.1073
0.0812
0.0802
0.0868
0.0875
0.0812
0.0775
0.7492000000000001
0.5175000000000001
0.8386
0.97
0.5768
0.3228
0.2986
1.104
0.6294
0.6801999999999999
1.552
0.2396
0.21289999999999998
0.2943
0.2931
0.2642
0.1588
0.1206
0.1129
0.1142
0.1036
0.1067
0.11649999999999999
0.1356
0.156
0.14150000000000001
0.1502
0.2442
0.6161
1.0371
0.5474
0.2187
0.41669999999999996
0.5157
0.49229999999999996
0.5083
0.24780000000000002
0.2012
0.1616
0.1369
0.1234
0.4508
0.4569
0.9203
0.45699999999999996
0.3579
0.3339
0.347
0.4021
0.8409
0.5676
0.44089999999999996
0.5043
0.9112
0.5169
0.8109999999999999
0.9334
0.6924
1.5958
0.3369
0.24860000000000002
0.28869999999999996
0.2774
0.2824
0.2733
0.21660000000000001
0.1602
0.1934
0.1353
0.1835
0.10869999999999999
0.1888
0.1671
0.15389999999999998
0.5438000000000001
1.0762
0.1164
0.32889999999999997
0.37949999999999995
0.0327
2.0122
0.4802
0.0
3.0185000000000004
0.0675
0.1618
1.0594
0.1491
0.2569
0.0173
0.0166
0.0228
0.0131
0.027200000000000002
0.0319
1.1707
0.5355
0.0586
0.0385
0.0597
0.075
0.0883
0.08810000000000001
0.075
0.06659999999999999
0.0938
0.4847
0.8995000000000001
0.6116
0.1532
0.0437
0.0062
0.0215
0.0324
0.0203
0.026299999999999997
0.0262
0.0292
0.016
0.0161
0.2462
0.4026
0.0192
0.5901
0.23149999999999998
0.0493
0.0335
0.2522
0.047400000000000005
0.0264
0.0282
0.13319999999999999
0.0733
0.15810000000000002
0.1837
0.16449999999999998
0.08710000000000001
0.0873
0.0786
0.0783
0.07350000000000001
0.0804
0.096
0.5081
0.3632
0.0801
0.0341
0.0378
0.030400000000000003
0.0343
0.0372
0.0421
0.079
0.2308
0.1519
1.4768
0.8781
0.71
0.36419999999999997
0.1804
0.1212
0.1101
0.0828
0.0493
0.038
0.0257
0.019299999999999998
0.0188
0.023
0.0421
0.0448
0.0796
0.0271
0.0249
0.052199999999999996
0.07189999999999999
0.0174
0.019999999999999997
0.051199999999999996
0.0032
0.026099999999999998
0.0513
0.0838
0.0739
0.055
0.09240000000000001
0.0874
0.0852
0.08499999999999999
0.0822
0.0775
0.0734
0.0738
0.0828
0.1116
0.0703
0.06889999999999999
0.0761
0.0739
0.0616
0.059
0.0584
0.0696
0.178
0.2521
0.1983
0.1646
0.1343
0.1124
0.0628
0.061
0.0591
0.0659
0.0868
0.3231
0.3588
0.2027
0.1562
0.0974
0.1031
0.1266
0.139
0.1375
0.1371
0.1351
0.2303
0.8871
0.7041
0.6716
0.1306
0.0797
0.0696
0.0731
0.8638
1.0676999999999999
1.3247
1.4806
0.8009
0.7379
0.6578999999999999
0.48419999999999996
0.3961
0.34130000000000005
0.8183
1.4577
2.0262
0.47440000000000004
0.6103000000000001
0.5268
0.1917
0.191
0.27
0.6265000000000001
0.5105999999999999
0.4434
1.183
2.4692
0.2152
0.1908
0.156
0.1416
0.1292
0.1342
0.1502
0.1605
0.15960000000000002
0.1739
0.2945
0.1785
0.1616
0.6990000000000001
0.1644
0.1478
0.1426
0.7333999999999999
0.7206999999999999
0.9027000000000001
0.4598
0.25870000000000004
0.1885
0.1462
0.0586
0.0702
0.09309999999999999
0.0808
0.0794
0.08460000000000001
0.15889999999999999
0.1616
0.1245
0.0502
0.0477
0.0022
0.0
0.0059
0.078
0.25880000000000003
0.15250000000000002
0.1027
0.0511
0.0186
0.0
0.0
0.0
0.0008
0.0283
0.033299999999999996
0.042499999999999996
0.0278
0.0325
0.9460999999999999
0.089
0.0042
0.0
0.0
0.0
0.0
0.0
0.0
0.0
0.0
0.986
0.3656
1.5093
1.0807
0.369
0.4182
0.17020000000000002
0.0775
0.0281
0.0252
0.029699999999999997
0.0442
0.1739
0.14700000000000002
0.1648
0.154
0.1594
0.2441
0.19019999999999998
0.1182
0.3488
0.5569000000000001
0.3206
0.1503
0.0885
0.07680000000000001
0.1474
0.195
0.0438
0.0049
0.0032
0.014700000000000001
0.2552
0.21839999999999998
0.1988
0.201
0.20929999999999999
0.2417
0.3102
0.2822
0.2318
0.2248
0.2522
0.25460000000000005
0.4596
0.3526
1.1672
1.0605
1.0800999999999998
2.15
0.5159
0.4239
0.7076
0.899
0.7453000000000001
0.5844
0.1041
0.0974
0.0933
0.0917
0.0927
0.10750000000000001
0.185
0.2527
0.1825
0.1832
0.1512
0.12580000000000002
0.1351
0.14789999999999998
0.1527
0.2207
0.3006
0.2247
0.33499999999999996
0.3291
0.2547
0.2331
0.1691
0.1199
0.16110000000000002
0.1518
0.1441
0.14650000000000002
0.15410000000000001
0.1755
0.3023
0.4132
0.43620000000000003
0.4272
0.41000000000000003
0.621
0.7757
0.37150000000000005
0.2925
0.31079999999999997
0.371
1.0422
0.6426
1.0753
1.0297
0.4302
0.258
0.1814
0.2883
0.2793
0.2854
0.2856
0.27749999999999997
0.2908
0.3466
0.3589
0.4448
0.9631000000000001
0.3669
0.27390000000000003
0.2922
0.4451
0.6756
1.5627
1.7841999999999998
1.7897
0.7413000000000001
0.601
0.7393000000000001
1.6651
0.4175
0.2404
0.0252
0.022699999999999998
0.0201
0.022600000000000002
0.0229
0.016
0.0925
0.432
0.1095
0.2149
0.1155
0.28400000000000003
0.23399999999999999
0.1101
0.060899999999999996
0.0596
0.09490000000000001
0.09609999999999999
0.6593
0.30810000000000004
0.2966
0.2348
0.1382
0.0578
0.1695
0.158
0.1537
0.14939999999999998
0.1489
0.1415
0.7517
0.3432
0.1726
0.2519
0.165
0.16870000000000002
0.17420000000000002
0.17070000000000002
0.1644
0.2639
0.2953
0.17980000000000002
0.5121
0.3519
0.7007
0.4244
0.3262
0.2319
0.2127
0.1897
0.1773
0.1691
0.1792
0.1748
0.19319999999999998
0.2112
0.20129999999999998
0.4397
0.38949999999999996
0.41890000000000005
0.45120000000000005
0.3658
0.2431
0.2547
0.3372
0.9508
1.5434
0.2732
0.3055
0.3351
0.33140000000000003
0.2669
0.0
0.0
0.0
0.0
0.0
0.0
0.0
0.0895
1.9489
1.0842
1.9906
1.0063
1.1849
0.111
0.0
0.0097
0.0561
0.047099999999999996
0.19390000000000002
0.3105
0.0
0.0
0.0
0.0
0.1653
0.1462
0.14379999999999998
0.13540000000000002
0.1307
0.1347
0.1408
0.1759
0.39490000000000003
0.8046
0.3143
0.5598
0.3377
0.276
0.3095
0.7365999999999999
0.8782
0.48339999999999994
0.183
0.193
0.2042
0.1961
0.1863
0.1726
0.0943
0.0807
0.07619999999999999
0.06709999999999999
0.069
0.06939999999999999
0.08449999999999999
0.103
0.5874
0.9265
0.0951
1.3892
0.12090000000000001
0.1192
0.1366
0.15610000000000002
0.1318
0.1407
0.14700000000000002
0.1161
0.132
0.1568
0.1721
0.133
0.0
0.0
0.0
0.0
0.0
0.0
0.0
0.0
0.0128
0.7009
0.0318
0.159
0.24130000000000001
0.39030000000000004
0.3541
0.0
1.0383
0.3009
0.15639999999999998
0.258
0.2514
0.2691
0.4869
0.0079
0.1553
0.20929999999999999
0.12090000000000001
0.1129
0.0877
0.1016
0.1101
0.134
0.1852
0.1532
0.1181
0.15999999999999998
0.4696
0.2365
0.2453
0.1015
0.08360000000000001
0.0797
0.2459
0.9884
1.7693
0.9585
0.8626
0.38580000000000003
0.1747
0.1442
0.1308
0.12259999999999999
0.12129999999999999
0.12669999999999998
0.1446
0.1926
0.253
0.2697
0.31889999999999996
0.4168
1.1811
0.8992
0.6844
0.3644
0.3408
0.48529999999999995
0.4895
0.5112
0.6542
0.667
0.4949
0.284
0.0
0.0
0.004
0.0
0.009600000000000001
0.0291
0.0178
0.0953
0.3534
1.1394
0.9816
3.2108999999999996
0.5691
0.0
0.0
0.0179
0.0
0.3054
0.7404999999999999
1.1536
0.8956999999999999
0.7611
0.2366
0.0
0.1115
0.101
0.0889
0.086
0.0844
0.0956
0.112
0.30379999999999996
0.5517000000000001
0.2814
0.1455
0.051000000000000004
0.0765
0.09179999999999999
0.11710000000000001
0.1306
0.1433
0.3463
0.1239
0.17170000000000002
0.1654
0.2568
0.3044
0.14600000000000002
0.33840000000000003
0.2781
0.258
0.2356
0.24009999999999998
0.2263
0.2571
0.2887
0.765
0.6416
0.6009
0.593
0.47550000000000003
0.41359999999999997
0.42310000000000003
0.41600000000000004
0.40700000000000003
1.0433
1.7506
1.0248
0.7928999999999999
0.8138
1.5521
0.9615
0.0359
0.0335
0.0348
0.0382
0.0393
0.0397
0.0803
0.2014
0.2238
0.1579
0.1038
0.1312
0.6201
0.1505
0.1354
0.07999999999999999
0.0539
0.0783
0.2784
0.41969999999999996
0.5706
0.15410000000000001
0.0685
0.0317
0.0
0.0
0.0
0.0
0.09409999999999999
0.4183
0.34550000000000003
0.28190000000000004
0.7801
1.2116
0.417
0.1247
0.9002
1.4121000000000001
1.7052
1.3286
1.0729
1.0756000000000001
0.392
0.0308
0.0
0.0
0.0
0.0
0.07189999999999999
0.0678
0.0664
0.06470000000000001
0.0657
0.07930000000000001
0.1585
0.24430000000000002
0.1437
0.1319
0.1385
0.12259999999999999
0.1069
0.118
0.1199
0.2889
0.2461
0.12240000000000001
0.1315
0.1634
0.1609
0.1277
0.0844
0.0709
0.1764
0.15439999999999998
0.14500000000000002
0.1357
0.1311
0.135
0.14179999999999998
0.1557
0.1601
0.1542
0.2402
0.47709999999999997
0.7522
0.6161000000000001
0.5929
0.2529
0.22749999999999998
0.43720000000000003
0.9293
0.4063
0.3846
0.3038
0.24780000000000002
0.2039
0.18030000000000002
0.1599
0.1454
0.112
0.0748
0.039099999999999996
0.014700000000000001
0.011099999999999999
0.0017
0.0051
0.0026
0.006
0.025
0.0669
0.07769999999999999
0.0875
0.0947
0.154
0.3532
0.2479
0.2858
0.1775
0.1389
0.1506
0.8206
0.4243
0.273
0.24919999999999998
0.2262
0.2157
0.2097
0.2187
0.2385
0.27
0.4199
0.524
0.8761
1.1918
1.5840999999999998
0.7514
0.5043
0.5765
0.41459999999999997
0.4145
0.4421
0.4599
0.5039
0.5108999999999999
0.15639999999999998
0.1511
0.1431
0.1347
0.1297
0.12840000000000001
0.7862
0.26890000000000003
0.1457
0.247
0.21710000000000002
0.1875
0.17759999999999998
0.1642
0.16099999999999998
0.44789999999999996
0.8078
0.5670999999999999
0.40149999999999997
0.2544
0.2238
0.28
0.495
0.3075
0.1535
0.10830000000000001
0.0923
0.0732
0.0789
0.0698
0.07930000000000001
0.1005
0.1227
0.2742
0.37670000000000003
1.2359
1.6029
0.3408
0.43620000000000003
0.3589
0.2962
0.6335
0.3357
0.2467
0.2167
0.2633
0.7374
0.5463
0.1624
0.15560000000000002
0.15689999999999998
0.15639999999999998
0.1466
0.1648
0.1795
0.4948
0.5113
0.2967
0.044300000000000006
0.012199999999999999
0.0281
0.0278
0.0385
0.399
0.2263
0.1073
0.596
0.2366
0.16820000000000002
0.2
0.2289
0.19669999999999999
0.1843
0.15660000000000002
0.1611
0.1637
0.1549
0.1647
0.15500000000000003
0.7138
0.1389
0.0402
0.0445
0.028
0.0297
0.0406
0.0557
0.4164
0.5949
0.4759
0.8295
0.228
0.27749999999999997
0.4268
0.22
0.1869
0.1126
0.08549999999999999
0.0753
0.0707
0.067
0.0686
0.0728
0.1757
0.272
0.10289999999999999
0.089
0.2483
0.19090000000000001
0.10200000000000001
0.08660000000000001
0.1147
0.5931
0.9148000000000001
0.7283999999999999
0.2697
0.28359999999999996
0.2642
0.3301
0.26890000000000003
0.12090000000000001
0.1065
0.0999
0.0975
0.0928
0.0945
0.0975
0.1547
0.14129999999999998
0.1075
0.0907
0.1254
0.133
0.1081
0.10200000000000001
0.1188
0.1454
0.15960000000000002
0.1438
0.1447
0.14850000000000002
0.1488
0.1611
0.1475
0.15289999999999998
0.1302
0.1432
0.1396
0.1301
0.1483
0.19
0.25939999999999996
0.3084
0.2491
0.272
0.33130000000000004
1.5377
1.7655
1.4611
0.9279
0.8277
0.5972999999999999
0.618
1.1261
0.6596
0.33420000000000005
0.2271
0.17070000000000002
0.34199999999999997
0.2892
0.23149999999999998
0.2113
0.2071
0.1979
0.20600000000000002
0.2067
0.20500000000000002
0.1758
0.8221
0.248
0.3307
0.5209
0.2632
0.2208
0.2333
0.2574
0.19140000000000001
0.2892
0.3651
0.33730000000000004
0.2512
0.2079
0.156
0.1245
0.10339999999999999
0.1001
0.0991
0.1066
0.1153
0.1122
0.099
0.1288
0.1316
0.1269
0.272
0.16570000000000001
0.1299
0.1872
0.9367000000000001
1.7456
0.3685
0.24
0.2415
0.22139999999999999
0.2613
0.4034
0.0
0.0
0.0
0.0
0.0
0.0
0.0
0.0
0.0
0.0
0.0
1.4667
0.5603
0.1396
0.0
0.0
0.3261
0.0
0.3202
0.1417
0.529
0.1036
0.0756
0.0
0.052199999999999996
0.0377
0.0383
0.027000000000000003
0.0204
0.025099999999999997
0.0245
0.0185
0.0
0.0
0.0
0.0643
0.1637
0.5122
0.12440000000000001
0.36939999999999995
0.4831
0.0922
0.0529
0.1021
0.12110000000000001
0.0462
0.035500000000000004
0.0369
0.2125
0.1938
0.1941
0.1875
0.1877
0.2
0.6731
0.33540000000000003
0.1752
0.1653
0.161
0.1508
0.1652
0.18109999999999998
0.2135
0.4236
0.2613
0.2506
0.4696
0.5092
0.6188
0.5607
0.5468999999999999
0.3449
0.0558
0.0511
0.056
0.054400000000000004
0.051199999999999996
0.0576
0.0718
0.1051
0.1774
0.3407
0.39359999999999995
1.4346
0.48750000000000004
0.4383
0.5111
0.3679
0.2151
0.22999999999999998
0.2859
0.1694
0.1736
0.13690000000000002
0.1099
0.0804
0.1064
0.1003
0.1021
0.1003
0.1038
0.1237
0.1693
0.204
0.1807
0.1473
0.6099
0.5753999999999999
0.1885
0.1997
0.2393
0.3714
0.6811
0.49660000000000004
0.192
0.18730000000000002
0.20929999999999999
0.1896
0.1357
0.11410000000000001
0.1669
0.1568
0.15189999999999998
0.1427
0.1427
0.14800000000000002
0.1728
0.1894
0.24420000000000003
0.3288
0.28190000000000004
0.23559999999999998
0.2027
0.2736
0.37
0.2913
0.5575
1.0867
1.0859
1.193
0.5185
0.2958
0.19140000000000001
0.1672
0.0965
0.09290000000000001
0.0891
0.08940000000000001
0.0973
0.1048
0.1104
0.11860000000000001
0.1327
0.3527
0.1242
0.1261
0.4609
0.18730000000000002
0.1113
0.1246
0.475
0.3201
0.417
0.188
0.14429999999999998
0.1142
0.0981
0.09190000000000001
0.1573
0.1395
0.1353
0.1335
0.12869999999999998
0.1366
0.1457
0.1756
0.217
0.31679999999999997
0.2494
0.2547
0.4044
0.2894
0.9387000000000001
0.39549999999999996
0.2131
0.22870000000000001
0.3221
0.3599
0.3306
0.3591
0.3619
0.2398
0.013600000000000001
0.0085
0.0051
0.0036
0.0024
0.0011
0.17270000000000002
0.1232
0.0117
0.026099999999999998
0.0284
0.0213
0.0201
0.0221
0.0315
0.0359
0.0237
0.0606
0.0494
0.027499999999999997
0.050600000000000006
0.060399999999999995
0.035699999999999996
0.0138
0.1245
0.0952
0.0769
0.0749
0.0697
0.062
0.08099999999999999
0.1126
0.0932
0.08030000000000001
0.0701
0.053500000000000006
0.7222000000000001
0.6312
0.0727
0.1096
0.1365
0.3709
1.9417
1.2245
0.9434
0.3459
0.3217
0.2405
1.7844
1.3305
1.1315
1.0103
0.9468
0.8584
1.7410999999999999
2.8943000000000003
0.9689000000000001
0.2007
0.0928
0.0785
0.1152
0.1412
0.3101
0.9358
1.8441
1.2797
0.7166
0.7681
0.6649
0.594
0.5948
0.5298
0.1679
0.1535
0.1438
0.1389
0.1353
0.1414
0.1656
0.2273
0.26890000000000003
0.6151
0.3215
0.3336
0.4304
0.23349999999999999
0.19340000000000002
0.1881
0.1689
0.2258
0.4797
0.3153
0.33309999999999995
0.3748
0.5769
0.3059
0.1321
0.12179999999999999
0.1111
0.1136
0.09670000000000001
0.1081
0.1827
0.9018999999999999
0.9962
0.7051000000000001
0.40080000000000005
0.49760000000000004
0.577
0.3769
0.2625
0.21150000000000002
2.2191
0.5929
0.5911
0.3866
0.6484
0.7739
1.1316
0.3352
0.1095
0.0838
0.08479999999999999
0.081
0.07769999999999999
0.0839
0.0912
0.1071
0.1037
0.1173
0.1126
0.10200000000000001
0.2348
0.13269999999999998
1.107
0.12940000000000002
0.1447
0.1254
0.0935
0.2737
0.17880000000000001
0.2416
0.33699999999999997
0.1763
0.1765
0.1846
0.1799
0.1789
0.1988
0.2198
0.225
0.24359999999999998
0.27959999999999996
0.5683
0.8892
0.2202
0.3208
0.3392
0.1758
0.16199999999999998
0.19640000000000002
0.3446
0.3096
0.4703
0.32599999999999996
0.2102
0.1593
0.155
0.0201
0.0188
0.0236
0.0203
0.0154
0.023899999999999998
0.050100000000000006
0.3337
0.6626
0.1373
0.3289
0.0215
0.0376
0.0558
0.1374
0.5857
0.32220000000000004
0.156
0.165
0.34750000000000003
0.1892
0.09989999999999999
0.04
0.0284
0.0178
0.0123
0.0039
0.0048000000000000004
0.0056
0.0
0.0
0.0
0.0
0.0
0.0
0.0
0.0
0.3044
0.0748
0.0738
0.1605
1.474
0.6261
0.29710000000000003
0.6582
1.6223
1.4558
0.9829
0.13369999999999999
0.11560000000000001
0.1036
0.101
0.1036
0.111
0.14529999999999998
0.14429999999999998
0.14150000000000001
0.1531
0.1753
0.2645
0.7097
0.19640000000000002
0.2104
0.2512
0.3791
0.3206
0.7797
0.6549
0.47350000000000003
0.35960000000000003
0.2967
0.2156
0.14500000000000002
0.1377
0.1277
0.1349
0.1175
0.14429999999999998
0.2842
0.5102
0.1351
0.1354
0.276
0.1125
0.1366
0.1288
0.1224
0.2516
0.7241000000000001
0.1043
0.1123
0.2374
0.17859999999999998
0.2119
0.3692
0.2249
0.0324
0.032
0.031
0.0306
0.033100000000000004
0.0379
0.054599999999999996
0.08349999999999999
0.1023
0.1109
0.2064
0.1484
0.7152000000000001
0.3221
0.6456999999999999
0.1101
0.1061
0.0961
0.1659
0.12490000000000001
0.0732
0.0353
0.030699999999999998
0.0276
0.0496
0.041800000000000004
0.029199999999999997
0.026099999999999998
0.0264
0.024
0.0306
0.039
0.0456
0.3741
0.14329999999999998
0.2663
0.1889
0.17980000000000002
0.06359999999999999
0.0241
0.0397
0.019
1.0881
0.20789999999999997
0.1792
0.1147
0.0707
0.045899999999999996
0.1566
0.112
0.119
0.108
0.1051
0.1137
0.1072
0.1355
0.14850000000000002
0.19940000000000002
0.2039
0.18980000000000002
0.23509999999999998
1.3832
1.3972
0.2354
0.2042
0.8445
0.3659
0.26539999999999997
0.252
0.4537
0.6326
0.2513
0.08249999999999999
0.0506
0.0407
0.0356
0.0311
0.032299999999999995
0.025
0.0215
0.0114
0.019000000000000003
0.034
0.033299999999999996
0.0331
0.0335
0.2515
0.1495
0.0976
0.0116
0.0
0.035
0.2344
0.6269
0.2344
0.1127
0.16549999999999998
0.1519
0.14529999999999998
0.1437
0.14679999999999999
0.1711
0.3315
0.2857
0.18109999999999998
0.1679
0.40070000000000006
0.1903
0.2047
0.1973
0.3077
0.41380000000000006
0.2813
0.2384
0.6909000000000001
0.5229
0.267
0.33230000000000004
0.37460000000000004
0.26239999999999997
0.6517999999999999
0.3532
0.362
0.3519
0.34940000000000004
0.30510000000000004
0.2889
0.29200000000000004
0.28049999999999997
0.3124
0.4108
0.5656
0.8156
0.5473
0.41369999999999996
0.4609
0.5333
0.6455
0.30489999999999995
0.8314
1.4532
0.48719999999999997
0.5452
0.7327
0.16949999999999998
0.1637
0.1577
0.1519
0.1491
0.1795
0.316
0.4144
0.3163
0.29259999999999997
0.4343
0.2848
0.4356
0.1897
0.1295
0.112
0.1096
0.1149
0.1174
0.1476
0.1723
0.1722
0.15410000000000001
0.1381
0.11549999999999999
0.11510000000000001
0.1054
0.0997
0.0997
0.10289999999999999
0.1023
0.0993
0.1313
0.14479999999999998
0.1824
0.1094
0.1059
0.129
0.2434
0.16949999999999998
0.11460000000000001
0.1266
0.5096
0.228
0.2942
0.4669
0.1221
0.1023
0.40390000000000004
0.4175
0.45630000000000004
0.5408
0.5854
0.6798
0.7058
0.6328
0.5262
0.4535
0.3729
0.3528
0.35819999999999996
0.4518
0.5399
1.0388000000000002
0.6825000000000001
0.6709
1.1828
2.0986000000000002
1.3700999999999999
0.4657
0.3453
0.3281
0.0
0.0
0.0
0.0
0.0
0.0064
0.0398
0.1377
0.2701
0.1963
0.4809
0.3542
0.11149999999999999
0.1154
0.37839999999999996
0.219
0.2303
0.7343
0.0952
0.0501
0.0081
0.0
0.0
0.0
0.0621
0.0489
0.0389
0.0375
0.0383
0.0356
0.0379
0.044700000000000004
0.41709999999999997
0.5891
0.2029
0.17170000000000002
0.1393
0.1067
0.10389999999999999
0.1232
0.1402
0.1191
0.13090000000000002
0.2572
0.2848
0.3277
0.3493
0.1459
0.1387
0.13090000000000002
0.1264
0.122
0.1252
0.20779999999999998
0.385
0.1384
0.10089999999999999
0.2028
0.19990000000000002
0.09720000000000001
0.0909
0.0902
0.1071
0.18259999999999998
0.40449999999999997
0.2103
0.2108
0.1527
0.13369999999999999
0.1701
0.216
0.18309999999999998
0.2583
0.26549999999999996
0.3282
0.0992
0.0588
0.0432
0.0865
0.0984
0.1595
0.1931
0.23110000000000003
0.088
0.0774
0.0421
0.7371
0.2398
0.10289999999999999
0.0529
0.0063
0.0
0.0
0.0
0.0
0.0
0.37
0.26780000000000004
0.2395
0.21760000000000002
0.20400000000000001
0.19240000000000002
0.2096
0.1819
0.18009999999999998
0.1866
0.3951
0.34940000000000004
1.3175000000000001
0.36829999999999996
0.2458
0.267
1.0076
0.3534
0.8474999999999999
0.8884
0.34240000000000004
0.356
0.5226
0.6351
0.1018
0.0928
0.0996
0.08299999999999999
0.06720000000000001
0.0941
0.5663
0.04
0.0
0.0
0.0
0.0
0.0
0.0
0.0
0.0
0.7898000000000001
0.2375
0.8829
0.31210000000000004
0.5778
0.2855
0.17170000000000002
0.14700000000000002
0.27
0.2364
0.22920000000000001
0.2318
0.2206
0.2283
0.2742
0.2602
0.3283
1.4066
0.7101999999999999
0.45840000000000003
0.9225000000000001
0.8038
0.4787
1.9749
0.4853
0.3811
0.32989999999999997
0.2824
0.5721
1.3907
0.6135999999999999
0.30569999999999997
0.1871
0.15289999999999998
0.1384
0.1288
0.12210000000000001
0.12040000000000001
0.1243
0.137
0.1534
0.47750000000000004
0.3227
0.4515
0.2571
0.1473
0.11979999999999999
0.1215
0.1131
0.12010000000000001
0.1332
0.1471
0.1613
0.1846
0.33099999999999996
0.2822
0.1956
0.18519999999999998
0.18530000000000002
0.159
0.1263
0.1089
0.0825
0.0648
0.0469
0.0133
0.0
0.0
0.0
0.0
0.7997
1.2396
0.9863
1.3282
0.24609999999999999
0.514
0.3473
0.43000000000000005
0.42100000000000004
0.2532
0.07930000000000001
0.0699
0.0686
0.0538
0.0514
0.0627
0.06509999999999999
0.2656
0.851
0.5473
0.3297
0.8331
0.1405
0.08510000000000001
0.0647
0.0548
0.11030000000000001
0.3234
0.17049999999999998
0.1856
0.2062
0.2784
0.27990000000000004
0.1487
0.0721
0.0563
0.0498
0.055099999999999996
0.0568
0.0561
0.0614
0.0497
0.047
0.0495
0.0402
0.0463
0.1293
0.12290000000000001
0.08560000000000001
0.1066
0.3188
1.1326
1.1937
1.0741
0.9173
0.41459999999999997
0.3103
0.1731
0.3856
0.3507
0.3251
0.3127
0.2939
0.2882
0.2885
0.2856
0.5689
2.6263
0.35660000000000003
0.3975
0.451
0.3785
0.43379999999999996
0.2903
0.7334
0.7083999999999999
0.5742
0.5881000000000001
0.626
0.5108
0.5253
0.47340000000000004
0.0636
0.0406
0.0399
0.0508
0.036500000000000005
0.029699999999999997
0.016399999999999998
0.0339
0.0183
0.050499999999999996
0.0271
0.0
1.048
0.37029999999999996
0.0359
1.1292
1.1313
1.6731
0.3832
0.3214
1.3195
0.1835
0.1479
0.178
0.2106
0.0669
0.0369
0.030699999999999998
0.0238
0.0187
0.0172
0.0216
0.0
0.0153
0.039900000000000005
0.7237
0.25329999999999997
0.2019
0.0007
0.0
0.0258
0.2876
0.1865
0.34409999999999996
0.5302
0.254
0.229
0.17609999999999998
0.0204
0.020999999999999998
0.0045
0.0011
0.006
0.0
0.0
0.0085
0.0094
0.0221
0.228
0.0426
0.5984
0.5229
0.174
0.0727
0.0644
0.7985
0.9637
1.3727
1.6599
0.9167
0.0282
0.0347
0.1049
0.0945
0.09
0.0837
0.084
0.1104
0.2156
0.7639
0.0159
0.1357
0.058800000000000005
0.0402
0.0337
0.0338
0.0097
0.0313
0.6342000000000001
0.1905
0.6419
0.0479
0.0691
0.1047
0.1849
0.2026
0.235
0.2159
0.2082
0.2121
0.2091
0.23870000000000002
0.3088
0.8108
1.4113
0.9709000000000001
0.4041
0.3401
0.45899999999999996
0.39070000000000005
0.3224
0.2905
1.2788
0.5241
0.5827
0.6702
0.6537999999999999
0.6262000000000001
0.7181
0.3888
0.32889999999999997
0.26780000000000004
0.2512
0.2369
0.2434
0.25239999999999996
0.2267
0.24280000000000002
0.2252
0.1897
0.1684
0.1557
1.4373
0.5592999999999999
0.8606
1.0812
0.9334
0.77
0.4284
0.4323
0.4172
0.39339999999999997
0.4031
0.4949
0.3254
0.271
0.26849999999999996
0.2594
0.2593
0.2792
0.3978
0.8107
0.6993
0.8748
0.4168
0.17859999999999998
0.08249999999999999
0.065
0.0917
0.10289999999999999
0.151
0.3724
0.691
1.0953
0.8087
0.6545000000000001
0.445
0.33540000000000003
0.2609
0.23909999999999998
0.22010000000000002
0.2136
0.2047
0.212
0.21700000000000003
0.23720000000000002
0.2329
0.2143
0.2424
0.4601
0.7296
0.6664
0.4525
0.4795
0.6
0.7762
1.1672
0.4778
0.45120000000000005
0.3332
0.2597
0.2417
0.12290000000000001
0.11560000000000001
0.1152
0.1079
0.1012
0.113
0.1112
0.1951
0.33340000000000003
0.5309999999999999
0.587
0.16749999999999998
0.1255
0.11549999999999999
0.1222
1.1584
1.1656
0.3305
0.2691
0.2504
0.24130000000000001
0.2038
0.16460000000000002
0.1395
0.0511
0.0466
0.043899999999999995
0.0405
0.038099999999999995
0.041499999999999995
0.0463
0.0702
0.1837
0.2196
0.2609
0.189
0.1148
0.14379999999999998
0.18430000000000002
0.245
0.6855
0.5499
0.30389999999999995
0.2825
0.3331
0.2782
0.1269
0.0619
0.2128
0.203
0.195
0.20550000000000002
0.2094
0.23409999999999997
0.31320000000000003
0.3498
0.3919
0.5441
1.0128
0.4758
0.5291
0.4851
0.4395
1.2737
0.8053
0.6174
0.7264999999999999
0.6129
1.4258
0.9431
0.2696
0.2156
0.1497
0.131
0.0892
0.0746
0.062200000000000005
0.0688
0.11410000000000001
0.266
0.3383
0.2402
0.26649999999999996
0.18730000000000002
0.1868
0.1511
0.1253
0.0935
0.051500000000000004
0.5511999999999999
3.7725999999999997
1.7339
1.0452
1.2987
1.8022999999999998
1.0492
0.0
0.0
0.0
0.0099
0.0
0.0
0.0
0.0
0.0037
0.0
0.0243
0.2612
0.0974
1.5488
0.2319
0.4138
0.7877000000000001
0.1618
0.1875
0.4779
0.3469
0.35850000000000004
0.6688000000000001
0.1346
0.0341
0.0303
0.0236
0.017
0.0171
0.0217
0.0461
0.3263
0.4379
0.2346
0.2952
0.6348
0.22210000000000002
0.1388
0.1038
0.0392
0.1803
0.1898
0.018799999999999997
0.0
0.0051
0.0229
0.0395
0.0346
0.09129999999999999
0.08130000000000001
0.0765
0.06810000000000001
0.0681
0.0799
0.4875
0.3973
0.1625
0.20679999999999998
0.5015000000000001
0.1968
0.1964
0.1997
0.2168
0.4985
0.6738999999999999
0.31179999999999997
0.37
0.3564
0.33999999999999997
0.32830000000000004
0.22870000000000001
0.12940000000000002
0.5527
0.5158
0.5222
0.5224
0.525
0.6099
1.2174
0.9111
0.5808
0.9678
0.6631
0.5434
0.3897
0.2891
0.2536
0.2983
0.556
0.39480000000000004
1.5190000000000001
0.6938
0.5459
0.5993999999999999
0.6938
0.7003999999999999
0.28800000000000003
0.27190000000000003
0.2532
0.2484
0.22949999999999998
0.22970000000000002
0.24029999999999999
0.315
0.3778
0.4797
0.309
0.1857
0.1648
0.175
0.2079
0.26749999999999996
0.6748
0.4909
1.0912
0.8956999999999999
0.3144
0.42869999999999997
0.5161
0.3479
0.1205
0.1124
0.1071
0.105
0.1006
0.1011
0.1009
0.1432
0.18780000000000002
0.1797
0.1531
0.12890000000000001
0.1053
0.10450000000000001
0.09770000000000001
0.1081
0.1096
0.095
0.08579999999999999
0.087
0.0879
0.1046
0.1132
0.1121
0.137
0.1132
0.1007
0.09759999999999999
0.08990000000000001
0.09090000000000001
0.1195
0.45130000000000003
0.18830000000000002
0.1212
0.1736
0.1054
0.1148
0.1041
0.0987
0.0912
0.10550000000000001
0.20350000000000001
0.5697
0.4002
0.33099999999999996
0.32630000000000003
0.2629
0.1713
0.0
0.0
0.0
0.0
0.0
0.0
0.0
0.0
0.0
0.0
0.0
0.0
0.0
0.0
0.0
0.0
0.0
0.0
0.0
0.0085
0.1047
0.0934
0.044700000000000004
0.038
0.0421
0.036699999999999997
0.0337
0.0334
0.0308
0.0348
0.032
0.0272
0.0094
0.0202
0.0526
0.0664
0.0548
0.038900000000000004
0.047099999999999996
0.126
0.0881
0.0191
0.0017
0.0
0.0
0.0
0.0086
0.0161
0.0529
0.0553
0.052199999999999996
0.0562
0.0527
0.0601
0.104
0.2256
0.5757
0.2429
0.1927
0.1521
0.2005
0.08399999999999999
0.052199999999999996
0.0285
0.0291
0.6619999999999999
0.233
0.067
0.0678
0.0442
0.045899999999999996
0.0427
0.0758
0.0636
0.0594
0.060200000000000004
0.0547
0.0431
0.2733
0.5583
0.028200000000000003
0.048799999999999996
0.0489
0.0504
0.0514
0.0435
0.045200000000000004
0.09559999999999999
0.8137
0.8781
0.645
0.3054
0.4181
0.27959999999999996
0.1673
0.10750000000000001
0.0877
0.0784
0.0753
0.0776
0.0719
0.07919999999999999
0.12440000000000001
0.8110999999999999
0.1928
0.09620000000000001
0.0769
0.0722
0.0774
0.0887
0.09659999999999999
0.20350000000000001
0.4457
0.671
0.622
0.7488
0.9247
0.6431
0.2909
0.14200000000000002
0.0337
0.0378
0.0343
0.040999999999999995
0.0337
0.0399
0.0467
0.06620000000000001
0.1094
0.23099999999999998
0.2052
0.4183
0.2102
0.4062
0.5162
0.3406
0.3335
0.1988
0.3065
0.4132
1.0546
0.7083
0.1554
0.047700000000000006
0.1488
0.12490000000000001
0.1195
0.11979999999999999
0.11349999999999999
0.1106
0.1354
0.1892
0.2496
0.3067
0.7956
0.5861
1.0911
0.4588
0.5021
0.3357
0.2969
0.5899
0.541
0.35650000000000004
0.346
0.32530000000000003
0.26839999999999997
0.189
0.2794
0.2606
0.2548
0.2419
0.2399
0.2424
0.24180000000000001
0.2196
0.1966
0.182
0.1906
0.2036
0.1675
0.14750000000000002
0.1321
0.1352
0.1512
0.16999999999999998
0.1696
0.17830000000000001
0.1735
0.1583
0.1466
0.1467
0.15710000000000002
0.1406
0.1401
0.1335
0.1239
0.2465
0.5527
0.135
0.1474
0.23170000000000002
0.4034
0.1611
0.1619
0.1346
0.11330000000000001
0.3051
0.1859
0.046
0.044899999999999995
0.007600000000000001
0.055
0.4286
0.2232
0.2043
0.0019
0.0
0.0037
0.0017
0.0018
0.008799999999999999
0.0268
0.0453
0.0701
0.0728
0.13040000000000002
0.34009999999999996
0.0841
0.0925
0.1223
0.4419
1.1921
0.3469
0.4937
0.48929999999999996
0.1633
0.0158
0.0
0.0
0.0795
0.066
0.0581
0.0606
0.0632
0.06309999999999999
0.068
0.0895
0.1086
0.4521
0.1742
0.19440000000000002
0.22310000000000002
0.1643
0.14079999999999998
0.1507
0.1653
0.1804
0.45209999999999995
0.6972
0.4095
0.4676
0.64
0.186
0.3369
0.1863
0.1457
0.1298
0.1044
0.10830000000000001
0.10200000000000001
0.1075
0.1261
0.14600000000000002
0.1825
0.2152
0.3402
1.1806
2.052
1.0039
0.5173
0.3285
0.35609999999999997
0.4653
0.4964
0.4569
0.5491
0.765
0.0
0.0
0.0
0.0
0.0
0.0143
0.0
1.884
1.3906
1.0125
0.027700000000000002
0.0
0.0416
0.044
0.0
0.2651
0.9205
0.0219
3.6801
0.6548
0.31920000000000004
0.1386
0.0922
0.0087
0.1147
0.1018
0.09820000000000001
0.09989999999999999
0.1008
0.1103
0.12490000000000001
0.14350000000000002
0.1488
0.2414
0.2602
0.1678
0.1633
0.1594
0.1442
0.1386
0.11019999999999999
1.232
0.8578
0.6415
0.3322
0.32930000000000004
0.24430000000000002
0.1519
0.19669999999999999
0.17670000000000002
0.1784
0.1723
0.18109999999999998
0.2253
0.31689999999999996
0.3134
0.32809999999999995
0.449
0.3245
0.3496
0.4907
0.4093
0.5047
1.5957
0.2983
0.4699
0.2907
0.21439999999999998
0.2511
0.2566
0.2565
0.22360000000000002
0.2429
0.21810000000000002
0.2167
0.1898
0.1704
0.1565
0.13690000000000002
0.139
0.1358
0.12240000000000001
0.1079
0.1612
0.5308
0.4526
0.7516
0.7249
0.2516
0.2592
0.7785
0.3609
0.348
0.2804
0.26080000000000003
0.2417
0.05740000000000001
0.0531
0.0539
0.0511
0.0635
0.0863
0.1068
0.10389999999999999
0.08610000000000001
0.3099
0.1832
0.10919999999999999
0.2173
0.14200000000000002
0.3348
0.3004
0.49460000000000004
0.5466
0.173
0.12040000000000001
0.08979999999999999
0.06
0.06369999999999999
0.0584
0.048299999999999996
0.0408
0.0351
0.041800000000000004
0.0383
0.0369
0.2005
0.4525
0.0713
0.056
0.0543
0.0504
0.0445
0.0361
0.040999999999999995
0.082
1.063
1.0760999999999998
0.4851
0.46230000000000004
0.5093
0.8183
0.2144
0.062
0.1684
0.1555
0.1525
0.14839999999999998
0.14789999999999998
0.15689999999999998
0.2067
0.29300000000000004
0.3165
0.293
0.3306
0.32110000000000005
0.27759999999999996
0.271
0.3064
1.3806
0.7382
0.6944
0.5635
0.5346
0.9593
0.5281
0.28800000000000003
0.2012
0.0234
0.0366
0.009600000000000001
0.020900000000000002
0.0161
0.0061
0.0043
0.1252
0.4658
0.5025999999999999
0.5019
0.3806
0.3675
0.2253
0.3094
0.3731
0.8238
1.4281000000000001
0.7768999999999999
2.6895
2.299
1.5711
0.3602
0.026799999999999997
1.9258000000000002
1.7614
1.7202
1.7854999999999999
1.9705
2.0181
2.2752999999999997
2.0192
0.875
0.3812
0.2109
0.2052
0.2064
0.1975
0.1473
0.14900000000000002
0.4455
2.5707
4.3225
1.9695
0.7594000000000001
0.8012
1.84
0.9338
0.061399999999999996
0.056
0.050699999999999995
0.0514
0.0521
0.060200000000000004
0.08230000000000001
0.1104
0.13040000000000002
0.15639999999999998
0.0998
0.0668
0.07500000000000001
0.0887
0.0942
0.1022
0.1316
0.2515
0.1931
0.1819
0.1511
0.1491
0.11180000000000001
0.0697
0.2105
0.1965
0.1551
0.1368
0.1271
0.1233
0.1245
0.175
0.7218
0.47519999999999996
0.7304999999999999
0.4984
0.5381
0.284
0.6349
0.31020000000000003
0.28280000000000005
0.3896
0.4078
0.3362
0.353
0.3991
0.45
0.32799999999999996
0.6054
0.4917
0.44489999999999996
0.4063
0.4101
0.3845
0.9766999999999999
1.4747000000000001
0.5103
0.4849
0.508
0.515
0.8138
0.4367
0.3738
0.4007
0.3932
2.6482
1.0764
0.537
0.42800000000000005
0.4032
0.3647
0.3336
0.4061
0.3827
0.45030000000000003
0.4567
0.3992
0.3251
0.3282
0.2576
0.2255
0.9267
1.5659999999999998
0.7993
0.7779
0.9397
0.4758
0.4717
0.2845
0.2996
0.2991
0.3433
0.40549999999999997
0.6306
0.956
0.7073
0.11019999999999999
0.0915
0.0915
0.0843
0.07819999999999999
0.07769999999999999
0.0904
0.1111
0.13590000000000002
0.1392
0.1698
0.4476
1.6772
0.7705
0.7644
1.1296
0.7713
0.3921
0.643
0.9533
0.9103000000000001
0.2813
0.1903
0.1356
0.1519
0.12109999999999999
0.10930000000000001
0.1008
0.09620000000000001
0.1003
0.1066
0.12279999999999999
0.1364
0.1713
0.23070000000000002
0.3368
0.3781
0.2928
0.4956
0.5607
0.6033
0.2797
0.26539999999999997
0.385
0.3801
0.3835
0.4011
0.2711
0.1994
0.19090000000000001
0.1279
0.106
0.1017
0.1135
0.2113
0.2262
0.1222
0.1056
0.25529999999999997
0.1257
0.11729999999999999
0.0872
0.0741
0.0709
0.07680000000000001
0.07569999999999999
0.2731
0.4287
0.1977
0.11380000000000001
0.0827
0.0702
0.1578
0.1286
0.1125
0.0989
0.1144
0.0905
0.09040000000000001
0.0698
0.07100000000000001
0.061399999999999996
0.0422
0.1476
0.48150000000000004
0.2663
1.084
0.3788
0.1548
0.7619
0.2681
0.18059999999999998
0.29579999999999995
0.14579999999999999
0.11249999999999999
0.1124
0.18130000000000002
0.16449999999999998
0.15710000000000002
0.1522
0.1491
0.1553
0.1835
0.21710000000000002
0.25339999999999996
0.2942
0.327
0.5301
0.7872
0.6213
0.3456
0.3211
0.2651
0.2813
1.0517
0.3491
0.37529999999999997
0.33140000000000003
0.2591
0.2036
0.022
0.0156
0.018
0.0128
0.0106
0.0077
0.5013000000000001
0.14629999999999999
0.0567
0.032299999999999995
0.0262
0.048100000000000004
0.3608
0.1026
0.09709999999999999
0.0532
0.1159
0.0551
0.0211
0.0804
0.2117
0.11879999999999999
0.0576
0.0293
0.0912
0.07830000000000001
0.0711
0.0678
0.068
0.0759
0.0879
0.1296
0.22920000000000001
0.4675
0.46829999999999994
0.3327
0.94
0.6819999999999999
0.7094
0.3045
0.3254
0.427
0.3929
0.8098
0.33240000000000003
0.276
0.1935
0.1335
0.0404
0.0397
0.0378
0.0374
0.0405
0.054
0.1939
0.7088
0.0253
0.019500000000000003
0.0007
0.0045
0.009600000000000001
0.01
0.0139
0.029699999999999997
0.311
0.617
0.3962
0.2375
0.25429999999999997
0.1276
0.024599999999999997
0.0382
0.0788
0.0688
0.0631
0.0668
0.0681
0.08310000000000001
0.11960000000000001
0.11180000000000001
0.1114
0.1253
0.0984
0.1116
0.6464000000000001
0.1139
0.1154
0.156
0.1708
0.1482
0.2168
0.3889
0.6648000000000001
0.2455
0.1756
0.11460000000000001
0.0093
0.0176
0.0106
0.0109
0.0177
0.0195
0.048799999999999996
0.0926
0.2781
1.1089
1.2008
2.698
0.2344
0.1301
0.1647
0.1139
0.14550000000000002
0.2817
0.3874
0.2749
0.18109999999999998
0.0949
0.0118
0.0095
1.6843
0.0269
0.0121
0.0209
1.3532
0.9046
0.049199999999999994
0.0438
0.039099999999999996
0.0829
0.0376
0.0334
0.0309
0.0115
0.048
0.08280000000000001
0.0975
0.0699
0.6459
0.5149
0.2604
0.2294
0.2824
0.2058
0.0986
0.0769
0.0718
0.0678
0.058300000000000005
0.0625
0.06689999999999999
0.0808
0.0785
0.077
0.1164
0.3376
0.6197999999999999
0.334
0.1671
0.1709
1.2002
1.3264
0.5232
0.2912
0.3116
0.2311
0.1704
0.1274
0.0
0.0
0.0
0.0
0.0
0.0
0.0
0.0553
0.2142
0.1819
0.3754
0.6194000000000001
0.1716
0.09659999999999999
0.116
0.1419
0.3081
0.8362
0.1989
0.22760000000000002
0.16449999999999998
0.0779
0.0065
0.0
0.0063999999999999994
0.0039
0.0060999999999999995
0.0037999999999999996
0.0
0.0096
0.0193
0.2478
0.2502
0.6692
0.2421
0.0666
0.0031
0.0003
0.0
0.0
0.0819
0.0486
0.36429999999999996
0.5166
0.0228
0.0607
0.04
0.0174
0.5156999999999999
0.3852
0.3859
0.3974
0.4239
0.4964
1.245
1.6221999999999999
0.5523
0.2879
0.44279999999999997
0.0661
0.0228
0.0003
0.0
0.0458
0.16699999999999998
0.2978
0.6929
0.6838
0.4262
0.6272
1.0161
0.5012
0.0
0.0
0.0
0.0
0.0
0.0
0.0
0.0
0.0
0.2011
0.0733
0.5921000000000001
0.1262
0.1362
0.0809
0.11610000000000001
0.1387
0.023100000000000002
0.0157
0.0994
0.10830000000000001
0.1095
0.0459
0.0
0.08310000000000001
0.0716
0.0723
0.0682
0.0746
0.0906
0.11530000000000001
0.1706
0.3105
0.8785999999999999
1.5845
0.6782
0.24309999999999998
0.9658
0.9636
1.1237
1.0087
1.0208
0.2475
0.19669999999999999
0.2129
0.1518
0.1292
0.09759999999999999
0.1358
0.13
0.1231
0.1253
0.12919999999999998
0.1472
0.2385
0.2824
0.2259
0.20889999999999997
0.1847
0.15789999999999998
0.1603
0.178
0.1866
0.20829999999999999
0.4896
1.0456
0.515
0.3825
0.3981
0.3251
0.195
0.14350000000000002
0.1778
0.1779
0.1772
0.181
0.1779
0.20929999999999999
0.32
0.505
0.27649999999999997
0.1797
0.1626
0.16899999999999998
0.193
0.2082
0.22799999999999998
0.2196
0.8337
0.22139999999999999
0.2044
0.4687
0.286
0.2192
0.1671
0.1504
0.0739
0.0556
0.0508
0.0504
0.048600000000000004
0.0471
0.062299999999999994
0.0733
0.0802
0.10250000000000001
0.10719999999999999
0.1259
0.2535
0.2618
0.16160000000000002
0.1528
0.46930000000000005
0.624
0.6091
1.1552
0.9273
0.4758
0.29000000000000004
0.1466
0.14500000000000002
0.1235
0.1134
0.0732
0.1069
0.0805
0.06420000000000001
0.0983
0.0541
1.3283
0.8086
1.2011999999999998
0.1394
1.6481000000000001
0.16799999999999998
0.3302
1.244
0.4546
0.2011
0.24670000000000003
0.23199999999999998
0.1126
0.2637
0.5192
0.2303
0.2126
0.20529999999999998
0.1988
0.1926
0.21150000000000002
0.34830000000000005
0.29159999999999997
0.1817
0.1582
0.1348
0.11019999999999999
0.1243
0.1281
0.1511
0.5018
0.2984
0.2652
1.1216
0.1812
0.252
0.3176
0.41559999999999997
0.33199999999999996
0.0837
0.06459999999999999
0.0576
0.055
0.0505
0.047200000000000006
0.0456
0.06420000000000001
0.2563
0.1834
0.1085
0.11349999999999999
0.2029
0.1003
0.2753
0.24320000000000003
0.14090000000000003
0.1734
0.2464
0.2242
0.1368
0.1612
0.2757
0.1884
0.0269
0.0129
0.0166
0.019700000000000002
0.0086
0.009600000000000001
0.0195
0.0991
0.4539
0.035
0.022699999999999998
0.032600000000000004
0.0616
0.0446
0.043
0.0543
1.0615999999999999
0.5627
0.33599999999999997
0.7632000000000001
0.4386
0.21439999999999998
0.1318
0.0643
0.058399999999999994
0.047700000000000006
0.039900000000000005
0.0434
0.0398
0.043
0.057800000000000004
0.091
0.1371
0.1594
0.15860000000000002
0.14
0.679
0.8201
0.2671
0.2983
0.8472
0.249
0.2536
0.38749999999999996
0.3338
0.3277
0.24319999999999997
0.1229
0.1478
0.1445
0.1501
0.2091
0.1577
0.15410000000000001
0.18109999999999998
0.18330000000000002
0.1275
0.10669999999999999
0.0915
0.0494
0.05
1.3144
0.481
0.2726
1.0745
0.4769
0.3275
1.1003
0.5404
0.8725
0.3642
0.18730000000000002
0.35609999999999997
0.10389999999999999
0.117
0.0899
0.1174
0.0515
0.905
0.30419999999999997
0.028
0.075
0.1248
0.0765
0.0493
0.0017
0.0
0.0
0.0574
0.2156
2.3799
0.5218
0.4279
0.28659999999999997
0.2488
0.1577
0.38029999999999997
0.1679
0.041499999999999995
0.0294
0.0241
0.0299
0.0562
0.0503
0.0269
0.020700000000000003
0.0771
0.0378
0.1113
0.9866
0.20900000000000002
0.1648
0.15039999999999998
0.3559
0.4814
0.7484999999999999
0.46699999999999997
0.5166
0.4631
0.22899999999999998
0.0388
0.0225
0.0252
0.0233
0.0304
0.0335
0.0402
0.0557
0.0388
0.3734
0.1234
0.0036
0.3305
0.6001
0.8129
0.0703
0.0949
0.0968
0.0259
0.0339
0.048600000000000004
0.0416
0.0503
0.033
0.20400000000000001
0.1922
0.1833
0.1754
0.1666
0.1627
0.1608
0.1574
0.1906
0.5748
0.2749
0.5912999999999999
0.2146
0.2057
0.21289999999999998
0.2074
0.1879
0.2218
0.4437
0.3523
0.38970000000000005
0.35350000000000004
0.2913
0.2539
0.2263
0.2145
0.214
0.19590000000000002
0.1773
0.16599999999999998
0.1557
0.16970000000000002
0.19240000000000002
0.2334
0.1972
0.2389
0.201
0.2006
0.2313
0.23620000000000002
0.1844
0.15910000000000002
0.1984
0.16849999999999998
0.1785
0.197
0.2346
0.24020000000000002
0.1444
0.1228
0.1079
0.10880000000000001
0.10239999999999999
0.1072
0.1183
0.1527
0.2563
0.41600000000000004
0.35209999999999997
0.32130000000000003
0.37970000000000004
0.3135
0.42869999999999997
0.4324
0.8012
0.9864999999999999
0.5065999999999999
0.5013
0.42679999999999996
0.447
0.6573
0.321
0.1436
0.1277
0.1187
0.11599999999999999
0.1158
0.1195
0.1323
0.1766
0.40140000000000003
0.2783
0.20229999999999998
0.2028
0.28869999999999996
0.28259999999999996
0.3308
0.2429
0.225
0.1675
0.1594
0.4465
0.4718
0.4164
0.3339
0.201
0.0439
0.0374
0.035699999999999996
0.03609999999999999
0.032
0.0388
0.041499999999999995
0.0655
0.2594
0.059300000000000005
0.0272
0.0233
0.0189
0.0463
0.1681
0.42390000000000005
0.18130000000000002
0.19469999999999998
0.1866
0.3778
0.1416
0.0964
0.058499999999999996
0.046
0.0697
0.07050000000000001
0.0587
0.0537
0.056600000000000004
0.1774
0.161
0.08549999999999999
0.0583
0.5513999999999999
0.0829
0.068
0.2574
0.0915
0.0986
0.2897
0.35459999999999997
0.14550000000000002
0.5951
0.2024
0.2576
0.2504
0.1723
0.09390000000000001
0.12029999999999999
0.12279999999999999
0.121
0.1244
0.1212
0.1352
0.1634
0.3345
0.4786
0.3694
0.307
0.5874999999999999
0.3248
0.2399
0.25029999999999997
0.3628
0.2374
0.2092
0.4424
0.347
0.2579
0.2071
0.15089999999999998
0.1271
0.264
0.259
0.2514
0.25139999999999996
0.25060000000000004
0.2813
0.4095
0.6865
0.481
0.3937
0.3507
0.4833
0.5465
0.40049999999999997
0.3362
0.302
0.7456
0.5995
0.36150000000000004
0.371
0.40159999999999996
0.36
0.2954
0.2602
0.3114
0.18130000000000002
0.1582
0.14650000000000002
0.1318
0.11610000000000001
0.112
0.0952
0.0885
0.126
1.0317
0.3086
0.13540000000000002
0.1046
0.09709999999999999
0.12459999999999999
0.1951
0.2339
0.1779
0.1592
0.12440000000000001
0.7176
0.3398
0.293
0.159
0.1518
0.14679999999999999
0.1462
0.1441
0.14989999999999998
0.185
0.336
0.4874
0.34109999999999996
0.3815
0.5168999999999999
0.556
0.38039999999999996
0.6244999999999999
0.2922
0.24710000000000001
0.2509
0.3238
0.3941
0.36229999999999996
0.3059
0.22909999999999997
0.1778
0.032
0.0281
0.0275
0.0279
0.0372
0.049600000000000005
0.26539999999999997
0.4043
0.1173
0.2804
0.181
0.128
0.0297
0.0178
0.0077
0.004
0.1164
0.085
0.025500000000000002
0.0021
0.0
0.0
0.0
0.011099999999999999
0.0124
0.0206
0.025099999999999997
0.0068
0.0065
0.1921
1.3761
1.3749
1.3566
1.1904
0.3101
0.18059999999999998
0.1233
0.12240000000000001
0.0555
0.0779
0.3316
0.1007
0.41829999999999995
1.3033
0.0
0.0
0.0
0.0063
0.2157
0.2024
0.1992
0.1995
0.192
0.3097
0.5617000000000001
0.1885
0.1149
0.0851
0.0615
0.0658
0.0746
0.0773
0.0922
0.1839
1.2373
0.9894
1.1895
0.4767
0.5264
0.4865
0.34199999999999997
0.2683
0.13340000000000002
0.1253
0.1206
0.1219
0.1261
0.1344
0.1432
0.1225
0.121
0.1935
0.3301
0.12140000000000001
0.1173
0.136
0.14529999999999998
0.2206
0.4195
0.5217
0.2835
0.19369999999999998
0.2061
0.2958
0.1769
0.1452
0.1048
0.06620000000000001
0.0505
0.048100000000000004
0.0498
0.0555
0.0763
0.1021
0.2022
0.2359
0.1965
0.15139999999999998
0.14529999999999998
0.12769999999999998
0.1026
0.079
0.0683
0.3931
0.6369
0.1379
0.2237
1.5402
1.2528000000000001
1.162
0.0292
0.027
0.0218
0.0214
0.0207
0.0245
0.0539
0.2206
0.1737
0.1684
0.1026
0.0706
0.0786
0.0879
0.0915
0.1058
0.1537
0.2074
0.18130000000000002
0.1497
0.1285
0.1048
0.06319999999999999
0.032799999999999996
0.1439
0.17170000000000002
0.1461
0.1356
0.1311
0.1408
0.24910000000000002
0.2515
0.1824
0.1782
0.28550000000000003
0.11929999999999999
0.14689999999999998
0.1599
0.2658
0.1735
0.1274
0.186
0.4044
0.1654
0.20750000000000002
0.4971
0.20729999999999998
0.1581
0.12029999999999999
0.09570000000000001
0.0861
0.0942
0.08360000000000001
0.099
0.1073
0.46609999999999996
0.2794
0.1355
0.0895
0.12140000000000001
0.11649999999999999
0.106
0.09090000000000001
0.0889
0.5653
0.23070000000000002
0.1058
0.057300000000000004
0.0652
0.078
0.179
0.2353
0.10120000000000001
0.091
0.0807
0.0841
0.0776
0.0786
0.098
0.09
0.7682
0.3284
0.1661
0.1668
0.2243
0.1553
0.1247
0.14500000000000002
0.1996
0.8734
0.3051
0.2905
0.2992
0.3119
0.3517
0.195
0.1217
0.10250000000000001
0.09040000000000001
0.0834
0.0758
0.07569999999999999
0.0746
0.0795
0.1564
0.0833
0.0718
0.1237
0.24589999999999998
0.1011
0.4336
0.1661
0.1542
0.23049999999999998
0.149
0.2338
0.1764
0.1391
0.12090000000000001
0.11599999999999999
0.1277
0.14479999999999998
0.14650000000000002
0.1378
0.1264
0.12279999999999999
0.1277
0.12259999999999999
0.1081
0.082
0.1536
0.24810000000000001
0.0789
0.3348
0.0729
0.0823
0.33140000000000003
0.13069999999999998
0.3123
0.3153
0.09570000000000001
0.0876
0.0774
0.0703
0.1206
0.1194
0.114
0.1115
0.1172
0.1163
0.1397
0.14029999999999998
0.1392
0.1946
0.33709999999999996
0.5121
0.2735
0.3285
0.1714
0.1973
0.3322
0.8568
0.384
0.1842
0.1347
0.1095
0.1096
0.1076
0.1198
0.1006
0.0893
0.08299999999999999
0.0827
0.0877
0.0997
0.1606
0.6419
1.0926
0.1884
0.09609999999999999
0.0901
0.09190000000000001
0.12340000000000001
0.1586
0.5258
0.6057
1.2080000000000002
0.4808
0.4613
0.3977
0.5395000000000001
0.2473
0.07250000000000001
0.0647
0.0461
0.0507
0.031100000000000003
0.017
0.0
0.0006
0.0043
0.006
0.08159999999999999
0.6871
0.9419
0.31820000000000004
0.4671
0.3019
0.9822
0.6315
0.0707
0.1167
2.2029
1.4444
0.6062000000000001
0.0795
0.11410000000000001
0.1142
0.1116
0.11499999999999999
0.11960000000000001
0.1386
0.18919999999999998
0.2017
0.1895
0.2207
0.1972
0.1642
0.18209999999999998
0.1642
0.17170000000000002
0.1802
0.165
0.1809
0.2001
0.1766
0.1208
0.098
0.0921
0.0884
0.0542
0.0461
0.0416
0.040999999999999995
0.0402
0.046
0.1003
0.1387
0.0641
0.0586
0.048799999999999996
0.09190000000000001
0.0811
0.064
0.0499
0.055099999999999996
0.0905
0.1624
0.1122
0.0962
0.13829999999999998
0.11380000000000001
0.0932
0.0698
0.0
0.0
0.0
0.0
0.0
0.0
0.0003
0.0078
0.3045
0.443
0.46620000000000006
0.3261
0.0253
0.0291
0.051699999999999996
0.06470000000000001
0.0259
0.0377
0.045399999999999996
0.0215
0.0033
0.0
0.0
0.0
0.0895
0.0809
0.0788
0.0811
0.08399999999999999
0.10239999999999999
0.09620000000000001
0.078
0.0721
0.08549999999999999
0.0621
0.06709999999999999
0.0742
0.0811
0.0667
0.0837
0.11599999999999999
0.0789
0.0896
0.10550000000000001
0.2096
0.2261
0.1774
0.1267
0.1013
0.1012
0.1037
0.099
0.108
0.13319999999999999
0.1966
0.24
0.3113
0.3861
0.2725
0.2021
0.3152
0.3506
0.4405
0.8109999999999999
1.0901
0.6238
0.4184
0.6127
0.4016
0.2722
0.15460000000000002
0.1149
0.1953
0.2256
0.2596
0.2596
0.4283
0.6537999999999999
0.5191
0.5815
0.5548
0.4032
0.6913
0.487
0.4554
0.9273
1.8673000000000002
0.7495
0.7289
0.6568
0.8267
0.4597
0.2933
0.169
0.1197
0.1578
0.0853
0.08230000000000001
0.0749
0.07350000000000001
0.07339999999999999
0.071
0.0703
0.7681
0.1746
0.1362
0.13319999999999999
0.3943
0.3856
0.13
0.10289999999999999
0.1121
0.24359999999999998
0.2675
0.5292
0.4554
0.3164
0.3116
0.22300000000000003
0.1363
0.057499999999999996
0.0504
0.0465
0.052000000000000005
0.048799999999999996
0.0553
0.060200000000000004
0.0603
0.0637
0.1094
0.0428
0.0495
0.1262
0.08360000000000001
0.06620000000000001
0.0487
0.036699999999999997
0.07050000000000001
0.039299999999999995
0.0073
0.0101
0.0373
0.066
0.0625
0.0999
0.1961
0.3093
0.4664
0.38439999999999996
0.22410000000000002
0.2836
0.30820000000000003
0.4369
0.91
0.8384
0.1765
0.1829
0.6557999999999999
1.1520000000000001
0.36469999999999997
0.6125
0.9843
0.2697
0.2737
0.104
0.064
0.0382
0.038400000000000004
0.1288
0.11649999999999999
0.10830000000000001
0.1069
0.1066
0.1199
0.1383
0.1429
0.14100000000000001
0.1751
0.1818
0.1542
0.191
0.1811
0.1826
0.5282
0.4355
0.2324
0.20079999999999998
0.2038
0.21610000000000001
0.3458
0.5245
0.2001
0.2724
0.2853
0.3318
0.34730000000000005
0.35140000000000005
0.44279999999999997
0.6831
0.9777
1.1584
0.4547
0.39339999999999997
0.6197
0.7632000000000001
0.7447
0.9075
1.8331
2.0965
1.8096999999999999
0.6560999999999999
0.52
0.3407
0.1855
0.14140000000000003
0.1639
0.0553
0.0497
0.0606
0.0739
0.078
0.052700000000000004
0.020499999999999997
0.0099
0.0087
0.0352
0.0004
0.0063
0.0141
0.0056
0.0
0.0
0.0121
0.0
0.1185
0.0842
0.053
0.0403
0.0621
0.0679
0.0017
0.0
0.0
0.0031
0.0125
0.0104
0.0
0.0275
0.37070000000000003
1.0331
1.4777
1.1742
0.782
0.18680000000000002
0.1053
0.2608
1.6829
0.6636
0.3077
1.9851999999999999
1.3942999999999999
0.1206
0.0
0.0
0.0938
0.0842
0.0744
0.07100000000000001
0.0861
0.1115
0.12869999999999998
0.13340000000000002
0.125
0.124
0.09509999999999999
0.094
0.5619000000000001
0.1873
0.1393
0.1736
1.1072
0.43670000000000003
0.48240000000000005
0.7046
0.3945
0.23109999999999997
0.1336
0.0946
0.0528
0.049
0.0448
0.0418
0.047
0.07189999999999999
0.111
0.1019
0.0965
0.1265
0.1768
0.1006
0.1697
0.1347
0.1268
0.16060000000000002
0.6309
0.49860000000000004
1.0672
0.2537
0.28590000000000004
0.2148
0.1073
0.0556
0.0
0.0
0.0
0.0
0.0048
0.0
0.0
0.0
0.0451
1.7894999999999999
0.195
0.0232
0.0256
1.3546
0.6078
0.3884
0.1721
0.1899
1.3107
0.39349999999999996
0.23809999999999998
0.1874
0.08629999999999999
0.0059
0.1105
0.0876
0.0688
0.092
0.0885
0.1018
0.1306
0.1864
0.229
0.2465
0.2802
0.5089
0.32830000000000004
0.2137
0.1385
1.2446000000000002
1.5726
1.6082
1.9381
1.1291
2.629
0.6432
0.504
0.4283
0.0
0.0
0.0
0.0
0.0
0.0
0.0
0.0044
0.0593
0.9925999999999999
0.8496
0.0
1.1854
0.0853
0.0014
0.0
0.001
0.0727
0.6423000000000001
0.7988999999999999
0.7441
0.0
0.0186
0.0461
0.0631
0.052099999999999994
0.046
0.050199999999999995
0.047
0.0501
0.057499999999999996
0.08610000000000001
0.153
0.28969999999999996
0.3738
0.4615
0.2036
0.5933999999999999
0.33949999999999997
0.2217
0.2895
0.6396999999999999
0.9052
0.4007
0.4214
0.3458
0.203
0.10239999999999999
0.08249999999999999
0.0732
0.0721
0.08349999999999999
0.08310000000000001
0.06470000000000001
0.0378
0.029199999999999997
0.017599999999999998
0.028900000000000002
0.022
0.0208
0.036500000000000005
0.07250000000000001
0.07089999999999999
0.12669999999999998
0.0885
0.0802
0.0596
0.0262
0.0349
0.055999999999999994
0.0865
0.0837
0.10139999999999999
0.0779
0.063
0.0574
0.0583
0.0595
0.0596
0.0814
0.1051
0.1296
0.5761
0.4636
0.9023999999999999
0.3206
0.2481
0.2932
0.5255
0.405
0.4108
0.4357
0.4484
0.5916
0.6165
0.2389
0.0922
0.09129999999999999
0.0996
0.11130000000000001
0.13169999999999998
0.23459999999999998
0.181
0.0863
0.037
0.0289
0.0133
0.004
0.0033
0.011099999999999999
0.0314
0.1526
0.2234
0.3956
0.30469999999999997
0.258
0.3509
0.4023
0.1178
0.08410000000000001
0.1776
0.15410000000000001
0.1504
0.14450000000000002
0.1486
0.15760000000000002
0.17509999999999998
0.15739999999999998
0.1447
0.15589999999999998
0.155
0.1535
0.179
0.1833
0.1739
0.2289
0.7194
0.5946
1.2247999999999999
1.0171000000000001
0.5736000000000001
0.4294
0.32189999999999996
0.2296
0.0403
0.036699999999999997
0.0368
0.0392
0.044800000000000006
0.08099999999999999
0.1356
0.0733
0.0505
0.048
0.0298
0.0135
0.0193
0.0263
0.025500000000000002
0.043899999999999995
0.1014
0.0868
0.1319
0.15610000000000002
0.1359
0.1276
0.079
0.0472
0.5353
0.0098
0.0046
0.0078
0.0
0.0
0.0142
0.0118
0.2669
0.0629
0.1099
0.0609
0.0228
0.013999999999999999
0.022
0.0015
0.0252
0.2442
0.0228
0.3126
0.4788
0.45030000000000003
0.2834
0.11280000000000001
0.0
0.0
0.0
0.0
0.1964
0.517
0.1231
0.017
0.0082
0.0
0.4989
0.0043
0.0554
0.0
0.0845
0.0
0.0
0.0021
0.0
0.0
0.0
0.0
0.0
0.0
0.0105
0.0
0.0
0.0025
0.0042
0.0
0.0661
3.0559000000000003
1.2534999999999998
0.6618
0.0392
0.0
0.0029
0.0039000000000000003
0.0072
0.011899999999999999
0.0655
0.1038
0.641
0.4725
0.0746
0.0858
0.0278
0.022600000000000002
0.112
0.10200000000000001
0.1031
0.0949
0.0933
0.1071
0.1374
0.17959999999999998
0.3259
0.3318
0.2572
0.2044
0.1948
0.21689999999999998
0.3921
0.9869
0.8412999999999999
0.3538
0.356
0.7045
0.28769999999999996
0.20839999999999997
0.1465
0.122
0.0
0.0151
0.0034
0.0138
0.0
0.0036
0.0
0.2923
0.9395
0.7008000000000001
0.3945
0.004
0.0184
0.0975
0.091
0.0665
0.07100000000000001
0.1482
0.2131
0.876
0.7986
0.0
0.0011
0.0
0.1565
0.1422
0.1352
0.1344
0.1251
0.1366
0.1491
0.4554
0.469
0.1116
0.0889
0.0695
0.08249999999999999
0.11460000000000001
0.2366
0.39080000000000004
0.3809
0.5783
0.4112
0.43389999999999995
0.30400000000000005
0.3164
0.32330000000000003
0.2205
0.1762
0.1768
0.1777
0.1724
0.16570000000000001
0.1854
0.21889999999999998
0.4132
0.6304000000000001
0.2348
0.3859
0.4052
0.2743
0.1999
0.16
0.1376
0.1587
0.2089
0.6545000000000001
0.3088
0.2218
0.15689999999999998
0.12279999999999999
0.121
0.0
0.0
0.0
0.0
0.0
0.0
0.0
0.0
0.001
0.15389999999999998
0.1537
0.0491
0.0539
0.0148
0.0338
0.0
0.0
0.0041
0.1503
0.1866
0.5464
0.3415
0.0343
0.0
0.183
0.1557
0.15710000000000002
0.1439
0.1345
0.1426
0.14950000000000002
0.1556
0.1357
0.1196
0.11460000000000001
0.5609
0.7809999999999999
0.5023
0.718
1.0917
0.8935
0.6554
0.29610000000000003
0.3155
0.5245
0.261
0.19940000000000002
0.17049999999999998
0.6321
0.372
0.29269999999999996
0.2815
0.2753
0.3403
0.5476
0.4399
0.2638
0.194
0.2767
0.1683
0.119
0.11410000000000001
0.1128
0.1035
0.1271
0.3489
1.9832
2.6294
1.087
0.6306
0.4064
0.3122
0.030100000000000002
0.0313
0.0278
0.030600000000000002
0.032100000000000004
0.0528
0.14150000000000001
0.1547
0.1003
0.06359999999999999
0.09179999999999999
0.0896
0.074
0.0887
0.155
0.12079999999999999
0.0753
0.1027
0.1027
0.09240000000000001
0.0464
0.0101
0.0067
0.011300000000000001
0.13340000000000002
0.1042
0.0937
0.083
0.0778
0.07980000000000001
0.0799
0.0787
0.0689
0.06359999999999999
0.5383
0.28049999999999997
0.17409999999999998
0.3185
0.2904
0.24359999999999998
0.308
0.209
0.1335
0.1454
0.20900000000000002
0.3286
0.3039
0.2146
0.28700000000000003
0.2037
0.1346
0.1364
0.1109
0.1129
0.114
0.1544
0.2272
0.9429
0.711
0.5963
0.3273
0.6631
0.6151
0.11760000000000001
0.1805
0.9268000000000001
0.6596
0.4964
0.47709999999999997
0.4637
0.8133999999999999
0.38480000000000003
0.2082
0.1935
0.1986
0.1955
0.19619999999999999
0.2173
0.262
0.3288
0.5239
0.4846
0.4167
0.46950000000000003
0.581
0.7173
0.8015
0.5126999999999999
0.639
0.6678999999999999
0.4004
0.3762
0.40700000000000003
0.3318
0.25529999999999997
0.2151
0.0
0.0
0.0
0.0
0.0
0.0
0.0
0.0
0.0279
0.6132
0.6041
0.29900000000000004
0.242
0.12229999999999999
0.27849999999999997
0.0719
0.0461
0.069
0.1588
0.4935
0.1006
0.0644
0.0171
0.0041
1.3971
2.2246
3.1498999999999997
3.3678999999999997
1.1799
0.4262
0.4698
0.5639000000000001
0.5771
0.5435
0.6033
1.6212
2.5629999999999997
0.6678999999999999
0.3579
0.325
0.39259999999999995
0.4113
0.4507
0.5268999999999999
0.5226
0.45730000000000004
0.38580000000000003
0.9719
0.1372
0.11019999999999999
0.1075
0.0936
0.0879
0.0805
0.0961
0.09140000000000001
0.5087
1.7788
2.444
0.681
0.1268
0.1803
0.6012
1.0887
1.5964999999999998
0.8791
1.0462
0.9045000000000001
0.69
0.688
0.5992999999999999
0.325
0.0
0.0
0.0
0.0
0.0
0.0
0.0
0.0
0.2036
0.8341000000000001
0.0
0.0
0.0
0.0
0.0
0.3576
0.035
0.016
0.1032
0.0393
0.0
0.0
0.0
0.0
0.0108
0.0076
0.0060999999999999995
0.0107
0.0085
0.0071
0.019299999999999998
0.0853
0.3292
0.0037
0.0
0.0
0.0
0.0
0.0
0.0
0.15710000000000002
0.0214
0.16599999999999998
0.3408
0.0782
0.0508
0.0343
0.0249
0.172
0.1723
0.1629
0.158
0.1552
0.17049999999999998
0.21000000000000002
0.2994
1.1894
0.42210000000000003
0.6144000000000001
0.6036
0.5992
0.273
0.2072
0.2087
0.2244
0.3251
0.3542
0.8515999999999999
0.42010000000000003
0.3488
0.25329999999999997
0.19619999999999999
0.4487
0.3609
0.33199999999999996
0.26839999999999997
0.25439999999999996
0.2157
0.2195
0.2394
0.247
0.28369999999999995
0.26639999999999997
0.27490000000000003
0.25139999999999996
0.3677
0.6727
0.38349999999999995
0.5253
1.8767
1.7137
1.2302
1.3971
1.7435
1.3489
0.86
0.2761
0.2697
0.27290000000000003
0.267
0.2577
0.2659
0.28769999999999996
0.3026
0.326
0.7228
0.5468
0.4738
0.9238
0.45389999999999997
0.6879
0.3457
0.2954
0.30069999999999997
0.7855000000000001
0.4769
0.45699999999999996
0.4662
0.4252
0.3405
0.0502
0.0515
0.040900000000000006
0.0431
0.0437
0.0387
0.0574
0.3094
0.5802
0.9455
1.4032
1.5751
0.4436
0.298
0.3282
0.2514
0.1553
0.1734
0.1658
0.2536
0.2517
0.1789
0.08979999999999999
0.0664
0.1992
0.1759
0.16410000000000002
0.16060000000000002
0.15589999999999998
0.16849999999999998
0.1867
0.2326
0.3649
0.4058
0.4828
1.9165999999999999
0.9203
0.7958000000000001
0.8842
0.6245
1.1265
0.7636000000000001
0.5096
0.6958
0.8496999999999999
0.8170999999999999
0.6115999999999999
0.3617
0.16599999999999998
0.1499
0.1426
0.1489
0.1795
0.3154
0.2437
0.1545
0.137
0.1245
0.1167
0.1133
0.1738
0.20440000000000003
0.29469999999999996
0.3512
0.44520000000000004
0.3075
0.1943
0.5404
0.55
0.47630000000000006
0.39580000000000004
0.231
0.0361
0.009600000000000001
0.019299999999999998
0.0103
0.0218
0.0126
0.0013
0.0214
0.5638000000000001
1.6472
0.653
0.0407
0.034100000000000005
0.012
0.051699999999999996
0.1395
0.546
0.1925
0.4685
0.6006
0.34919999999999995
0.3315
0.3742
0.1051
0.0645
0.0474
0.0419
0.0393
0.0411
0.0334
0.046700000000000005
0.0843
0.09659999999999999
0.12229999999999999
0.1575
0.1253
0.1291
0.0752
0.0475
0.0458
0.0524
0.3871
0.3903
0.8280000000000001
0.4092
0.3275
0.2429
0.1197
0.11
0.1108
0.1133
0.1245
0.1296
0.1287
0.1338
0.129
0.12090000000000001
0.119
0.1139
0.1311
0.162
0.17099999999999999
0.2218
0.3577
0.4043
0.246
0.3331
0.4394
0.1466
0.0927
0.0819
0.08979999999999999
0.0598
0.0477
0.0517
0.0323
0.039599999999999996
0.043
0.0618
0.1515
0.9683999999999999
0.5219
0.3961
0.8484
0.4546
0.1175
0.08499999999999999
0.0924
0.062
1.0931000000000002
0.4982
0.8016
0.4347
0.22149999999999997
0.1186
0.07400000000000001
0.0527
0.053099999999999994
0.0504
0.0556
0.054
0.0646
0.08349999999999999
0.1058
0.1316
0.885
0.3808
0.9658
0.26139999999999997
0.1822
0.2366
0.5908
0.19469999999999998
0.2258
0.2256
0.1825
0.1323
0.0956
0.0754
0.0615
0.0674
0.040999999999999995
0.0761
0.1878
0.0421
0.0354
0.0194
0.0
0.0018
0.0037
0.0056
0.0
0.0812
1.1784
0.0207
0.6777000000000001
0.14950000000000002
0.21760000000000002
0.113
1.1154
0.3729
0.316
1.2802
0.4154
0.047299999999999995
0.060899999999999996
0.055099999999999996
0.046299999999999994
0.0339
0.012
0.0
0.0
0.0
0.0
0.0
0.0
0.0
0.0
0.0
0.0
0.0
0.0051
0.051899999999999995
0.008
0.0737
0.1013
0.07669999999999999
0.06470000000000001
0.2776
0.3379
0.483
0.4188
0.9563999999999999
0.4893
0.12840000000000001
0.0536
0.0489
0.0675
0.0307
0.0
0.0
0.0063
0.0124
0.1721
0.914
0.2008
1.2172999999999998
0.028999999999999998
0.1181
0.329
0.262
0.2014
0.1163
0.11069999999999999
0.1082
0.1042
0.1037
0.1191
0.1427
0.19569999999999999
0.281
0.2126
0.216
0.2273
0.1968
0.2293
0.3116
0.5186
1.1522
0.9986999999999999
0.393
0.3937
0.3601
0.2265
0.1305
0.1097
0.1572
0.1346
0.12179999999999999
0.1145
0.10930000000000001
0.1069
0.109
0.1169
0.1199
0.1572
0.14889999999999998
0.1476
0.1675
0.1812
0.1724
0.1608
0.2046
0.32220000000000004
0.5133
0.4308
0.2802
0.2925
0.3069
0.2279
0.0318
0.0416
0.029599999999999998
0.0403
0.0374
0.0448
0.021400000000000002
0.5882000000000001
0.4122
0.3223
0.1154
0.0615
0.0984
0.1385
0.7356
0.30379999999999996
0.1367
0.1661
0.6587000000000001
0.4804
0.6581
0.2413
0.0471
0.0361
0.2183
0.2365
0.2099
0.17609999999999998
0.1625
0.15510000000000002
0.1604
0.1654
0.3749
1.0012
0.5772
0.2883
0.3508
0.1967
0.16210000000000002
0.10969999999999999
0.1549
0.2177
0.7428
0.7513000000000001
0.44489999999999996
0.3023
0.2516
0.2126
0.0688
0.054599999999999996
0.0652
0.0616
0.06570000000000001
0.09040000000000001
0.2148
0.6083000000000001
0.1308
0.0785
0.0675
0.1088
0.1016
0.10930000000000001
0.15799999999999997
0.3702
0.9378
1.2355
0.8557
0.5521
0.396
0.0566
0.054599999999999996
0.0565
0.0864
0.07880000000000001
0.0783
0.0775
0.0758
0.11979999999999999
0.2602
0.2711
0.2283
0.2084
0.21439999999999998
0.24330000000000002
0.8719999999999999
0.23349999999999999
0.2455
0.2723
1.4588999999999999
0.9422999999999999
0.5305
0.5055000000000001
0.4101
0.2572
0.13849999999999998
0.0969
0.499
0.4927
0.5246
0.5905
0.563
0.5135
0.4938
0.4938
0.4486
0.4581
0.4728
0.4839
1.7225000000000001
1.1234
0.8652
1.1888
0.6518999999999999
0.5411
0.9781
0.7082999999999999
0.5621
0.5508
0.48469999999999996
0.4635
0.0625
0.0766
0.0527
0.0374
0.0667
0.108
1.1648999999999998
0.2808
0.0281
0.0151
0.0033
0.007500000000000001
0.08349999999999999
0.0317
0.7241
0.1881
0.5246000000000001
0.3497
0.45840000000000003
0.2701
0.1179
1.1053
0.0399
0.0603
0.2193
0.2013
0.19390000000000002
0.1686
0.1422
0.1242
0.1264
0.1232
0.0912
0.1023
0.1111
0.1521
0.1244
0.8355999999999999
0.15589999999999998
0.34040000000000004
0.4014
0.7421
1.0408
0.13140000000000002
0.16710000000000003
0.1497
0.1694
0.16849999999999998
0.0
0.0
0.0
0.0
0.0
0.0
0.0
0.0
0.1753
0.7976
1.29
0.4199
0.911
0.48160000000000003
1.1568
2.0888
1.8271000000000002
2.6147
2.013
2.135
0.9339000000000001
0.0075
0.0
0.0001
0.0704
0.0568
0.053099999999999994
0.0502
0.0469
0.0496
0.040499999999999994
0.048299999999999996
0.0885
0.1476
0.0644
0.17600000000000002
0.0718
0.0865
0.1112
0.11460000000000001
0.0668
0.0479
0.046200000000000005
0.0385
0.09340000000000001
0.12490000000000001
0.1123
0.0933
0.174
0.15339999999999998
0.1416
0.1325
0.1235
0.1208
0.1198
0.1247
0.1219
0.132
0.15460000000000002
0.27990000000000004
0.31179999999999997
0.364
0.20340000000000003
0.183
0.1651
0.1642
0.18280000000000002
0.2091
0.2399
0.22010000000000002
0.2037
0.1901
0.0898
0.0651
0.0672
0.0485
0.043899999999999995
0.0432
0.0633
0.0056
0.8059000000000001
0.1385
0.1529
0.1471
0.0923
0.084
0.7197
1.9950999999999999
0.3141
0.1976
0.35860000000000003
0.4374
0.5204
0.8674999999999999
0.5998
0.2347
0.035699999999999996
0.036699999999999997
0.0412
0.0356
0.0489
0.0605
0.1111
0.6675
1.1029
1.9693
0.7752
0.2425
1.4203000000000001
0.7131000000000001
0.3107
0.4069
1.3334000000000001
0.489
0.18780000000000002
0.1582
0.0952
0.0593
0.0587
0.0456
0.1714
0.14789999999999998
0.1472
0.1429
0.1518
0.1762
0.2603
0.303
0.24459999999999998
0.2738
0.8049000000000001
0.46299999999999997
0.3567
0.2744
0.2547
1.0502
1.4159000000000002
2.1756
0.7166
0.40390000000000004
0.4188
0.4323
0.328
0.2212
0.12010000000000001
0.0826
0.0902
0.0764
0.076
0.09029999999999999
0.1122
0.2101
1.2288999999999999
0.2954
0.1474
0.1585
0.2527
0.3458
0.4365
1.4809
0.5355
1.4674
0.479
1.6352
1.553
1.1646999999999998
1.0534000000000001
0.261
0.1679
0.1361
0.12440000000000001
0.1282
0.10869999999999999
0.1177
0.1137
0.1483
0.5005000000000001
0.1637
0.0812
0.082
0.0739
0.0685
0.0431
0.0412
1.3049
0.16720000000000002
0.16310000000000002
0.1893
0.3346
0.6092
0.445
0.2227
0.4326
0.383
0.31220000000000003
0.2671
0.2075
0.19290000000000002
0.1901
0.2737
0.39670000000000005
0.0954
0.0503
0.0558
0.062299999999999994
0.0577
0.046299999999999994
0.0606
0.07769999999999999
0.1027
0.0233
0.8801
0.6353
0.594
0.5095000000000001
0.3144
0.041499999999999995
0.0171
0.0175
0.0207
0.0133
0.0126
0.0515
0.2205
0.3933
0.2238
0.1997
0.0174
0.0
0.0
0.0
0.0
0.0023
0.7157
1.756
0.9371
0.1432
0.1037
0.0636
0.0431
0.0746
0.053
0.0475
0.0529
0.0561
0.0665
0.1037
0.11330000000000001
0.0891
0.0911
0.0176
0.4429
0.1976
0.0782
0.0447
0.0416
0.3391
0.5453
0.111
0.09419999999999999
0.1588
0.1757
0.1851
0.2273
0.0294
0.033
0.0305
0.0281
0.0238
0.037599999999999995
0.0323
0.1355
0.49629999999999996
0.0286
0.042
0.027700000000000002
0.023899999999999998
0.047
0.0748
0.0987
0.185
0.23620000000000002
0.0847
0.1016
0.28869999999999996
0.1238
0.0
0.0067
0.1009
0.0926
0.0897
0.09040000000000001
0.0995
0.1043
0.1442
0.3099
0.1558
0.5544
0.3975
0.9066000000000001
0.1459
0.0812
0.08
0.0811
0.076
0.4808
0.4643
0.11989999999999999
0.1135
0.1021
0.1094
0.0989
0.1255
0.11699999999999999
0.12140000000000001
0.12290000000000001
0.1276
0.1454
0.2492
0.3507
0.10139999999999999
0.0205
0.0017
0.0
0.0060999999999999995
0.0066
0.014
0.4184
0.21250000000000002
0.3192
0.221
0.2383
0.3875
0.7836000000000001
0.2101
0.1292
0.1148
0.1069
0.1069
0.1103
0.1104
0.1283
0.1881
0.4273
0.2324
0.1293
0.0346
0.0138
0.0165
0.029400000000000003
0.0484
0.1492
0.5376
0.13419999999999999
0.7266
0.4193
0.3266
0.3062
0.18409999999999999
0.1308
0.15410000000000001
0.14250000000000002
0.1355
0.1379
0.1313
0.1269
0.25170000000000003
0.3499
0.1101
0.0849
0.0622
0.0545
0.0523
0.059
0.0738
0.1256
0.3953
0.8524
0.1673
0.1474
0.1795
0.246
0.16970000000000002
0.1498
0.1218
0.0861
0.1154
0.24319999999999997
0.2941
0.33499999999999996
0.2444
0.2494
0.2094
1.057
0.1091
0.3559
2.4527
0.0922
0.0442
0.6613
0.1943
0.22299999999999998
0.4796
0.1257
0.12279999999999999
0.0579
0.06359999999999999
0.0677
0.09340000000000001
0.1717
0.4175
0.1496
0.1036
0.41180000000000005
0.7821
0.1252
0.10719999999999999
0.1366
0.0723
0.0822
0.0738
0.09620000000000001
1.1
0.0243
0.1333
0.2481
0.5014
0.26990000000000003
0.2017
0.2229
0.2318
0.1887
0.0607
0.0542
0.0356
0.0562
0.039900000000000005
0.0706
0.0691
0.0537
0.038
0.0242
0.0154
0.0017
0.4109
0.6006
0.0797
0.0828
1.0304
0.3544
0.5182
0.943
0.7012
0.3049
0.1953
0.1065
0.1493
0.1239
0.12639999999999998
0.1184
0.12090000000000001
0.2546
0.6074999999999999
0.28490000000000004
0.2254
0.1734
0.0528
0.6508
0.30810000000000004
0.2278
0.1594
0.10289999999999999
0.2998
0.8005
0.0463
0.058899999999999994
0.0781
0.081
0.1064
0.0991
0.0469
0.0358
0.0405
0.0338
0.0341
0.031
0.040400000000000005
0.0696
0.11979999999999999
0.1779
0.3312
0.3692
0.7862
0.5403
0.6689
0.6483
0.3512
0.23520000000000002
0.3436
0.7419
0.31179999999999997
0.2115
0.11960000000000001
0.0669
0.2571
0.2245
0.21089999999999998
0.2024
0.19840000000000002
0.1845
0.1805
0.2289
0.27590000000000003
0.2032
0.1878
0.18380000000000002
0.12990000000000002
0.1188
0.1129
0.13369999999999999
0.1844
0.5016
0.9575
0.4544
0.5078
0.3642
0.24119999999999997
0.23170000000000002
0.042499999999999996
0.0359
0.0319
0.0316
0.032
0.031100000000000003
0.0432
0.0561
0.0879
0.1235
0.14100000000000001
0.13
0.1091
0.16260000000000002
0.24309999999999998
0.2394
0.239
0.24430000000000002
0.9142
0.4631
0.6654
0.2858
0.0964
0.0505
0.0929
0.07869999999999999
0.0747
0.0876
0.0872
0.0762
0.06689999999999999
0.0696
0.0648
0.0623
0.0487
0.0437
0.1167
0.1655
0.1099
0.0671
0.0731
0.055099999999999996
0.0245
0.0346
0.0557
0.1026
0.13419999999999999
0.1056
0.0183
0.0146
0.018000000000000002
0.0197
0.0219
0.059800000000000006
0.18
0.1287
0.07769999999999999
0.058499999999999996
0.0405
0.040400000000000005
0.364
0.1279
0.17809999999999998
0.49529999999999996
0.4032
0.611
0.1686
0.4521
0.3374
0.0911
0.0348
0.020999999999999998
0.14100000000000001
0.12040000000000001
0.10819999999999999
0.1096
0.1048
0.12
0.197
0.2084
0.1417
0.129
0.1208
0.1577
0.1655
0.1496
0.1487
0.1658
1.1366999999999998
0.702
0.2188
0.1948
0.5647
0.3025
0.2424
0.2337
0.0
0.0
0.0
0.0
0.0
0.0
0.0
0.0181
0.3604
1.1320999999999999
1.2153
0.5206999999999999
0.28400000000000003
0.2662
0.40049999999999997
0.3881
0.29979999999999996
0.2873
0.1904
0.5657
0.8562
0.5302
0.0364
0.0
0.0
0.0
0.0
0.0
0.0
0.0
0.0
0.0106
0.1001
0.0
0.0
0.0
0.0
0.0
0.0
0.007599999999999999
0.0372
0.0641
0.0631
0.0572
0.0324
0.0
0.0
0.0
0.1366
0.1274
0.1211
0.1303
0.1246
0.1412
0.5062
2.0022
0.8193999999999999
1.2357
1.0025
0.6641
0.4265
0.4708
0.4341
0.43820000000000003
0.569
1.3923
1.7265
0.4717
0.3158
0.2454
0.1704
0.1499
0.123
0.1196
0.1152
0.1185
0.1129
0.1248
0.1532
0.7251
0.22250000000000003
0.45080000000000003
0.1427
0.1842
0.1958
0.1874
0.1733
0.2467
0.2132
0.1853
0.47850000000000004
0.6586000000000001
0.262
0.2071
0.1575
0.1363
0.043300000000000005
0.035
0.039900000000000005
0.0344
0.0352
0.042499999999999996
0.060700000000000004
0.0812
0.07880000000000001
0.0877
0.0739
0.0744
0.4162
0.48550000000000004
0.3008
0.7548999999999999
0.4562
0.19229999999999997
0.07780000000000001
0.0672
0.0605
0.0535
0.053099999999999994
0.0451
0.095
0.08449999999999999
0.078
0.07350000000000001
0.07830000000000001
0.07719999999999999
0.0921
0.1173
0.1051
0.0775
0.056400000000000006
0.0572
0.6039
0.33940000000000003
0.159
0.10769999999999999
0.4279
0.419
0.1198
0.1882
0.4558
0.2031
0.1385
0.1032
0.3338
0.29800000000000004
0.2828
0.28069999999999995
0.25429999999999997
0.245
0.2526
0.2104
0.6810999999999999
0.2872
0.2012
0.1795
0.20129999999999998
0.1735
0.6481
0.7063999999999999
0.4788
0.6214999999999999
0.486
0.8327
0.8760000000000001
0.6734
0.5029
0.4131
0.3405
0.3207
0.3549
0.37670000000000003
0.38070000000000004
0.4279
0.9147000000000001
1.0215
0.49540000000000006
0.1881
0.1212
0.09939999999999999
0.1386
0.1821
0.4303
0.9031
0.6649
0.9109
0.6819
1.4087
2.3552999999999997
2.0521
0.5350999999999999
0.3151
0.25129999999999997
0.2098
0.19590000000000002
0.194
0.19419999999999998
0.199
0.22899999999999998
0.2723
0.2945
0.19840000000000002
1.603
1.1569
1.6714
0.9286
1.2929
0.5314
0.5327
1.0257
0.3452
0.4868
0.5066999999999999
0.3869
0.30400000000000005
0.2534
0.1437
0.12819999999999998
0.12290000000000001
0.1195
0.11910000000000001
0.126
0.1424
0.1691
0.22089999999999999
0.2835
0.26470000000000005
0.2506
0.2528
0.2671
0.5523
0.3718
0.257
0.2496
0.61
0.726
0.3718
0.32089999999999996
0.2336
0.1771
0.145
0.1405
0.1333
0.1336
0.1399
0.1515
0.1781
0.182
0.15410000000000001
0.1565
0.14179999999999998
0.1306
0.1226
0.1283
0.1199
0.1507
0.21539999999999998
0.9071
0.6105
1.1086
0.6569
0.7391000000000001
0.49829999999999997
0.2034
0.0484
0.031
0.0375
0.038000000000000006
0.0382
0.043
0.0493
0.07070000000000001
0.08879999999999999
0.1859
0.3514
1.0558999999999998
0.5468
0.8764000000000001
0.4796
0.3415
0.303
1.1492
0.5185
0.3319
0.2412
0.19090000000000001
0.1348
0.0809
0.0157
0.011800000000000001
0.0466
0.0368
0.0255
0.041999999999999996
0.031100000000000003
0.0336
0.108
0.1746
1.1633
1.6555
1.7011
1.6263999999999998
0.7722
1.5481
1.6516
0.3467
0.2677
0.5316000000000001
0.9131
0.27859999999999996
0.09390000000000001
0.0492
0.1365
0.10769999999999999
0.09609999999999999
0.08879999999999999
0.0854
0.0881
0.0937
0.0945
0.083
0.0991
0.1314
0.22960000000000003
0.3119
0.19540000000000002
0.1652
0.3116
0.4214
0.3245
0.2438
0.2004
0.22920000000000001
0.2442
0.26670000000000005
0.2303
0.13740000000000002
0.1257
0.11810000000000001
0.1129
0.1084
0.1078
0.1072
0.1145
0.1681
0.336
0.1642
0.1221
0.0998
0.1364
0.1849
0.19019999999999998
0.19090000000000001
0.3408
0.1217
0.1011
0.121
0.1417
0.1646
0.1461
0.1079
0.0998
0.11760000000000001
0.1168
0.0895
0.0402
0.0082
0.005
0.054599999999999996
0.0318
0.0
0.0
0.0
0.0
0.0
0.0
0.0
0.07339999999999999
0.0485
0.0165
0.0738
0.2395
0.2263
0.1385
0.0891
0.0949
0.1205
0.22400000000000003
0.8314999999999999
0.44520000000000004
0.2113
0.1732
0.272
0.6085
0.8070999999999999
0.1639
0.18530000000000002
0.2152
0.3564
0.1747
0.0857
0.1187
0.09090000000000001
0.09809999999999999
0.10189999999999999
0.0939
0.0921
0.0769
0.0779
0.0631
0.0615
0.049100000000000005
0.0562
0.0198
0.7228
0.15380000000000002
0.0801
0.2984
0.0944
0.1676
0.15849999999999997
0.1311
0.101
0.4464
0.1409
0.0236
1.5754000000000001
0.1149
0.2892
0.2662
0.2338
0.1489
0.1547
0.1596
0.14989999999999998
0.14350000000000002
0.1366
0.14629999999999999
0.1899
0.3376
0.4109
0.49119999999999997
0.232
0.1151
0.0937
0.1192
0.5352
0.1963
0.1941
0.886
0.8492
0.4808
0.30600000000000005
0.7435999999999999
0.4607
0.1961
0.0978
0.0866
0.0824
0.08249999999999999
0.0863
0.0942
0.1104
0.1246
0.1255
0.1464
0.1693
0.12359999999999999
0.1159
0.1343
0.198
0.4676
0.4336
1.4532
0.7097
0.2933
0.27690000000000003
0.2569
0.1873
0.1275
0.2691
0.246
0.20700000000000002
0.21889999999999998
0.20350000000000001
0.2323
0.25179999999999997
0.4314
1.7208999999999999
0.9518
0.8506
0.4436
1.3235999999999999
0.7876
0.5002
0.3297
0.3391
0.4552
0.46419999999999995
0.7605999999999999
0.6462
0.7159
0.6881
0.42889999999999995
0.22849999999999998
0.23199999999999998
0.21610000000000001
0.1979
0.1777
0.1526
0.13640000000000002
0.1362
0.1516
0.1953
0.157
0.12179999999999999
0.1021
0.1253
0.1527
0.1512
0.19590000000000002
0.3982
0.4758
0.38239999999999996
0.3244
0.481
0.308
0.21810000000000002
0.23420000000000002
0.2249
0.2009
0.1871
0.1736
0.168
0.1693
0.22
0.2717
0.252
0.249
0.2255
0.2616
0.2184
0.2338
0.2303
0.21689999999999998
0.6157
0.8179000000000001
0.37529999999999997
0.281
0.28659999999999997
0.30110000000000003
0.26849999999999996
0.126
0.1323
0.1322
0.1298
0.1344
0.1433
0.2017
0.3348
0.958
0.8629
0.2796
0.1599
0.2433
0.4658
2.4581999999999997
2.4760999999999997
0.5331
0.2435
0.28200000000000003
0.6524
0.5394
0.45799999999999996
0.34099999999999997
0.2099
0.159
0.0793
0.0876
0.0893
0.08360000000000001
0.1002
0.0907
0.6806
0.4438
0.3898
0.8879999999999999
1.1408
0.3205
0.40750000000000003
0.7790999999999999
0.4473
0.1577
1.1886
0.0457
0.0363
0.0669
0.052000000000000005
0.07769999999999999
0.0838
0.1792
0.1613
0.1427
0.1429
0.1401
0.14129999999999998
0.1649
0.24280000000000002
0.33740000000000003
0.3795
0.8573999999999999
0.4958
0.4121
0.323
0.3097
0.3295
0.34309999999999996
0.7008000000000001
0.5125
0.8087
0.732
0.7661
0.5679
0.306
0.0426
0.042499999999999996
0.0448
0.0387
0.0445
0.0596
0.0959
0.1313
0.1985
0.2183
0.1144
1.0318
0.3704
0.1866
0.11330000000000001
0.08710000000000001
0.1005
0.1562
0.1849
0.44730000000000003
0.2872
0.0816
0.0384
0.034699999999999995
0.030699999999999998
0.038400000000000004
0.0455
0.052
0.051500000000000004
0.0619
0.0797
0.0554
0.1746
0.1513
0.0702
0.0
0.0
0.0
0.1487
0.0741
0.1207
0.3811
0.10830000000000001
0.2079
0.1003
0.09090000000000001
0.029199999999999997
0.0102
0.0766
0.0677
0.0648
0.0691
0.06259999999999999
0.1042
0.14579999999999999
0.8506
0.4169
0.20550000000000002
0.1542
0.15749999999999997
0.1729
0.16999999999999998
0.1577
0.4968
0.9366
0.1609
1.159
0.36529999999999996
0.2741
0.15610000000000002
0.084
0.07100000000000001
0.07769999999999999
0.0721
0.0721
0.06739999999999999
0.0645
0.0722
0.0995
0.1432
0.2409
0.3042
0.8744000000000001
0.44710000000000005
0.2188
0.39069999999999994
0.7104
0.3155
0.4777
0.5468
0.309
0.3835
0.368
0.1953
0.11879999999999999
0.0958
0.1524
0.1187
0.1296
0.135
0.18230000000000002
0.41269999999999996
1.2181
1.1145
0.31679999999999997
0.5740000000000001
0.128
0.0837
0.0711
0.0864
0.0852
0.11449999999999999
0.3328
0.1429
0.1568
0.09240000000000001
0.1344
0.16199999999999998
0.1884
0.2034
0.06309999999999999
0.0655
0.063
0.0592
0.0543
0.0554
0.060899999999999996
0.0779
0.0665
0.7596
0.1734
0.5007
0.2368
0.1313
0.1232
0.5724
0.5227999999999999
0.1795
0.1843
0.2879
0.2864
0.24969999999999998
0.16870000000000002
0.1031
0.0954
0.07780000000000001
0.0725
0.07200000000000001
0.0678
0.07189999999999999
0.078
0.1053
0.1874
1.1076
0.8613999999999999
1.3218999999999999
0.4044
0.3058
0.3131
0.2324
0.183
0.2343
0.2405
0.29690000000000005
0.3328
0.3451
0.24730000000000002
0.1492
0.0542
0.0463
0.0694
0.06559999999999999
0.0659
0.0723
0.11560000000000001
0.15639999999999998
0.2313
0.3753
0.24280000000000002
0.09559999999999999
1.3253
1.1149
1.1652
3.0140000000000002
0.8975000000000001
0.6097
0.7075
1.5561
0.667
0.4182
0.15539999999999998
0.1005
0.027
0.029900000000000003
0.0278
0.0284
0.024399999999999998
0.0217
0.0432
0.1474
0.5867
0.17609999999999998
0.8524
1.2038
0.5536
0.2475
0.2709
0.2029
0.134
0.1436
0.1289
0.2569
0.34450000000000003
0.2379
0.11479999999999999
0.0397
0.1577
0.11069999999999999
0.0945
0.09079999999999999
0.0887
0.08660000000000001
0.0916
0.0997
0.1215
0.1703
0.2467
0.1659
0.33499999999999996
0.2224
0.1483
0.09179999999999999
0.1005
0.7809
0.48210000000000003
0.4913
0.3405
0.3647
0.4014
0.22110000000000002
0.11380000000000001
0.09159999999999999
0.098
0.095
0.0917
0.0945
0.1049
0.13940000000000002
0.1501
0.1723
0.2313
1.2864
0.3726
0.9759
0.2193
0.1816
1.0364
0.5919
0.5618000000000001
0.3493
0.30979999999999996
0.2612
0.20479999999999998
0.14529999999999998
0.14529999999999998
0.1316
0.1252
0.1245
0.1255
0.12969999999999998
0.1237
0.1119
0.1023
0.1169
0.1185
0.1188
0.1526
0.1331
0.1172
0.1247
0.13340000000000002
0.1291
0.14429999999999998
0.19669999999999999
0.1888
0.2009
0.2158
0.183
0.0555
0.037500000000000006
0.0252
0.026799999999999997
0.018099999999999998
0.031100000000000003
0.024800000000000003
0.6493
0.43520000000000003
0.0983
0.1533
0.2411
0.38739999999999997
0.21839999999999998
0.2068
0.121
0.167
0.1517
0.061900000000000004
0.118
0.6148
0.3468
0.4937
0.5844
0.0752
0.068
0.08299999999999999
0.0718
0.08549999999999999
0.0968
0.2211
0.2464
0.3851
0.2025
0.1153
0.0322
0.0061
0.063
0.273
1.7764000000000002
1.8154
2.0181
1.0151
1.9910999999999999
0.3913
0.1651
0.057
0.0815
0.091
0.0803
0.07050000000000001
0.0697
0.0771
0.1272
0.3003
0.1643
0.11710000000000001
1.0484
0.34819999999999995
0.2049
0.1166
0.12969999999999998
0.1179
0.1149
0.12040000000000001
0.1572
0.7711
0.1533
0.1993
0.1815
0.1262
0.0889
0.035
0.026
0.027
0.0253
0.0276
0.0495
0.103
0.09920000000000001
0.0369
0.0311
0.0
0.0
0.0
0.008400000000000001
0.0043
0.0
0.12340000000000001
0.0325
0.2345
0.7101000000000001
0.2158
0.20079999999999998
0.2122
0.11159999999999999
0.0878
0.079
0.07300000000000001
0.06970000000000001
0.0905
0.1731
0.1449
0.09659999999999999
0.0986
0.1238
0.1214
0.1038
0.2448
0.15610000000000002
0.1656
0.1669
0.1509
0.2939
0.7178
0.6566
0.2691
0.4261
0.33509999999999995
0.1476
0.0046
0.0178
0.022199999999999998
0.007
0.0108
0.0
0.0507
0.4974
0.8561000000000001
1.5856
0.8896999999999999
0.73
0.8729
0.7401
1.7357
0.3709
0.20650000000000002
0.25479999999999997
0.3487
0.1892
0.0686
0.0148
0.0049
0.0012
0.1865
0.17980000000000002
0.1689
0.16799999999999998
0.1648
0.1735
0.19069999999999998
0.2059
0.5755
0.2692
0.2431
0.2203
0.2003
0.2475
0.4285
0.389
0.33399999999999996
0.3679
0.5055000000000001
0.5314
0.4148
0.2938
0.21350000000000002
0.1851
0.1238
0.1105
0.0995
0.1001
0.098
0.0979
0.07050000000000001
0.0543
0.0395
0.0474
0.0433
0.038900000000000004
0.0397
0.0495
0.0617
0.08049999999999999
0.10550000000000001
0.1641
0.097
0.1185
0.1801
0.2382
0.1741
0.1365
0.0634
0.0561
0.0569
0.052199999999999996
0.0443
0.036000000000000004
0.039599999999999996
0.049
0.1699
0.20240000000000002
0.148
0.1018
0.13
0.08549999999999999
0.10719999999999999
0.612
0.8236
0.12209999999999999
0.19340000000000002
0.3815
0.1513
0.1572
0.2114
0.1376
0.23570000000000002
0.2549
0.32199999999999995
0.2761
0.26339999999999997
0.2459
0.2217
0.196
0.1615
0.1614
0.17359999999999998
0.24380000000000002
0.3739
0.404
0.696
0.2714
0.2056
0.1736
0.20350000000000001
0.2535
0.27949999999999997
0.16849999999999998
0.1385
0.1418
0.122
0.1049
0.094
0.0938
0.0986
0.1293
0.2802
0.1881
0.1194
0.14229999999999998
0.2283
0.3823
0.317
0.1721
0.11499999999999999
1.2865
1.1072000000000002
0.6325000000000001
0.2232
0.2168
0.2636
0.2549
0.2269
0.418
0.0503
0.061900000000000004
0.0568
0.06659999999999999
0.0556
0.15150000000000002
0.4558
1.5131000000000001
1.7701
0.1525
0.1599
0.5995
0.7599
0.44229999999999997
0.2064
0.1815
0.331
1.8336000000000001
0.2484
0.2003
0.0958
0.041999999999999996
0.037000000000000005
0.0741
0.2351
0.2259
0.2253
0.2146
0.2038
0.21889999999999998
0.2338
0.2721
0.3077
0.41359999999999997
0.422
0.4514
0.5083
0.5293
0.5781
0.8227
1.6999
0.5799
0.6635
0.5063
0.3817
0.315
0.2608
0.2389
0.2243
0.199
0.132
0.1127
0.1105
0.10869999999999999
0.1172
0.1467
0.1835
0.4848
0.5253
0.2063
0.5406
0.694
0.1175
0.1178
0.1379
0.177
0.3881
0.44279999999999997
0.3638
0.3638
0.3871
0.2514
0.1851
0.1759
0.1592
0.1618
0.1613
0.14329999999999998
0.0912
0.062400000000000004
0.0562
0.061
0.064
0.0574
0.066
0.0819
0.0974
0.14200000000000002
0.17409999999999998
0.7534
0.3376
0.4266
0.7076
0.3688
0.2304
0.1926
0.7327
0.32430000000000003
0.2074
0.1772
0.1778
0.1863
0.2108
0.2216
0.2545
0.31389999999999996
0.379
0.3156
0.7867
0.3285
0.361
0.3892
0.3827
0.5769
0.6779999999999999
0.6334
0.3731
0.39659999999999995
0.5057
0.3736
0.25439999999999996
0.2323
0.2296
0.22599999999999998
0.2123
0.2227
0.24180000000000001
0.2945
0.5069
0.2545
0.2077
0.6146
0.4843
0.36429999999999996
0.3607
0.8018
0.6248
0.42579999999999996
0.27449999999999997
0.33130000000000004
0.6367
0.36250000000000004
0.29679999999999995
0.26080000000000003
0.1346
0.11249999999999999
0.1
0.1038
0.0942
0.1016
0.1094
0.27049999999999996
0.3657
0.1142
0.0726
0.0726
0.0954
0.0984
0.10919999999999999
0.14229999999999998
0.7222
0.7461
0.3337
0.4589
0.4266
0.3454
0.3857
0.2755
0.0276
0.028499999999999998
0.0233
0.0166
0.0489
0.1693
0.16620000000000001
0.18769999999999998
0.2844
0.2375
0.3849
0.1434
0.76
0.3463
0.2363
0.26849999999999996
0.791
0.7773
0.44220000000000004
0.28590000000000004
0.13999999999999999
0.0496
0.014700000000000001
0.0215
0.0543
0.038599999999999995
0.0343
0.035199999999999995
0.037599999999999995
0.092
0.0082
0.0
0.0
0.0021
0.0118
0.0
0.0
0.0
0.0
0.0
0.0
0.0
0.0063
0.0128
0.0596
0.0707
0.031200000000000002
0.0283
0.2079
0.20040000000000002
0.2066
0.2022
0.1734
0.15510000000000002
0.1457
0.183
0.2217
0.18409999999999999
0.1677
0.09989999999999999
0.108
0.10700000000000001
0.109
0.573
0.3389
0.1628
0.1362
0.1477
0.1125
0.12329999999999999
0.14500000000000002
0.1599
0.2701
0.1881
0.2653
0.2441
0.16999999999999998
0.1186
0.0
0.0
0.0
0.0
0.0
0.0
0.0
0.0
0.0
1.6219999999999999
0.5781000000000001
2.0116
0.9051
1.3272
1.5805
2.6107
1.3407
0.6992
0.0
0.0
0.0
0.0
0.0
0.009
0.0
0.0
0.0
0.0
0.0139
0.0
0.0
0.0
0.0055
0.0038
0.0
0.0
0.0
0.0
0.0
0.0
0.0
0.0
0.09409999999999999
0.0888
0.0889
0.0837
0.0864
0.1073
0.2112
0.487
0.5319
0.5201
0.3273
0.262
0.3782
0.3665
0.43610000000000004
0.7954
0.8046
0.48429999999999995
0.3462
0.3262
0.25780000000000003
0.1784
0.1291
0.1085
0.0722
0.061700000000000005
0.060399999999999995
0.058800000000000005
0.055099999999999996
0.06129999999999999
0.09240000000000001
0.1437
0.0671
0.0485
0.0356
0.035500000000000004
0.0288
0.031299999999999994
0.035500000000000004
0.374
0.22469999999999998
0.1804
0.28259999999999996
0.5781000000000001
0.2797
0.174
0.1238
0.09590000000000001
0.1084
0.10300000000000001
0.1119
0.1011
0.1012
0.12090000000000001
0.1739
0.2589
0.31520000000000004
0.22870000000000001
0.2323
0.2242
1.3178
0.9456
0.5903
0.8748
0.4719
0.736
1.3421
0.9316
0.377
0.22560000000000002
0.1474
0.1259
0.0
0.0
0.0
0.0
0.0
0.0
0.0
1.2516
0.0
0.6499
0.4093
0.2023
0.27180000000000004
0.0338
0.0053
0.0
0.0
0.0
0.0
0.0
0.0
0.0
0.0
0.0
0.1825
0.1739
0.1605
0.1526
0.1439
0.15250000000000002
0.1647
0.1809
0.1845
0.1593
0.4059
0.4394
0.588
1.294
0.30379999999999996
0.22110000000000002
0.1873
0.1678
0.22349999999999998
0.33999999999999997
0.32289999999999996
0.2273
0.1829
0.1643
0.2244
0.2217
0.2218
0.2207
0.2224
0.23099999999999998
0.2573
0.2789
0.4061
0.3817
0.3116
0.5493
0.30100000000000005
0.306
0.3129
0.2952
0.5876
0.2537
0.20900000000000002
0.5498000000000001
0.6721
0.25980000000000003
0.21910000000000002
0.1957
0.3448
0.1389
0.18
0.1659
0.1605
0.1876
0.1693
0.4739
0.724
0.096
0.06470000000000001
0.2706
0.2286
0.1177
0.1011
0.1219
0.3401
0.4686
0.8769
1.1396
0.3356
0.13440000000000002
0.1287
0.111
0.2237
0.2064
0.2018
0.2025
0.1995
0.218
0.2478
0.2953
0.4533
0.4851
0.5372
0.8706
0.8657
0.5829
0.8716999999999999
0.497
0.48350000000000004
0.829
0.5723
0.5249
0.4812
0.4068
0.3102
0.2538
0.1106
0.1016
0.1036
0.0977
0.08910000000000001
0.0842
0.0885
0.0889
0.0854
0.5156000000000001
0.1797
0.0832
0.0594
0.23370000000000002
0.2982
0.1435
0.14329999999999998
0.14300000000000002
0.2829
0.5518
0.1742
0.1765
0.14939999999999998
0.12179999999999999
0.0207
0.019700000000000002
0.0269
0.0182
0.0154
0.0191
0.0286
0.0499
0.1887
0.3722
0.5516
1.1675
0.5797
0.2717
1.0144
0.2211
0.2948
0.3655
0.2071
0.1681
0.152
0.084
0.052199999999999996
0.035
0.1462
0.13829999999999998
0.1333
0.1305
0.1274
0.1257
0.1195
0.1643
0.2022
0.127
0.10400000000000001
0.1065
0.08940000000000001
0.096
0.0937
0.1101
0.16849999999999998
0.1745
0.156
0.1936
0.2508
0.2252
0.1663
0.1493
