0.0437
0.035500000000000004
0.021400000000000002
0.0205
0.0167
0.0133
0.0092
0.0025
0.0
0.0
0.0031
0.0435
0.29
0.09670000000000001
0.0291
0.9571999999999999
0.7486999999999999
0.12010000000000001
0.43110000000000004
0.3197
0.3459
0.17149999999999999
0.1427
0.1084
0.0051
0.0
0.054
0.34330000000000005
0.4901
0.33099999999999996
0.3219
0.2804
0.2919
0.1272
0.0494
0.0
0.0
0.0003
0.1682
0.47050000000000003
0.2835
0.1915
0.1461
0.1345
0.0621
0.0408
0.0329
0.0137
0.09809999999999999
0.08410000000000001
0.07680000000000001
0.0688
0.0626
0.06659999999999999
0.07350000000000001
0.095
0.129
0.20529999999999998
0.43710000000000004
0.7369
0.2435
0.2747
0.5008
0.3522
0.5581
0.5131
0.5267
0.5167999999999999
0.37970000000000004
0.33020000000000005
0.2399
0.1508
0.0966
0.0721
0.0591
0.0534
0.049699999999999994
0.0494
0.0482
0.05740000000000001
0.0382
0.0324
0.0262
0.0383
0.2677
0.2806
0.2561
0.2548
0.4963
0.37060000000000004
0.1845
0.4264
0.30469999999999997
0.2069
0.187
0.14850000000000002
0.2748
0.24980000000000002
0.2409
0.24409999999999998
0.2459
0.2603
0.4599
1.053
0.3327
0.3855
0.2459
0.2599
0.2314
0.19569999999999999
0.16349999999999998
0.1595
0.5665
0.2142
0.1988
0.1849
0.3432
0.7542
0.2969
0.2842
0.1745
0.1523
0.14600000000000002
0.1451
0.1401
0.1496
0.1856
0.3467
1.516
1.1008
0.842
0.5685
0.5029
0.5951
0.5971
1.4636
0.9811
1.1924000000000001
1.1581000000000001
1.0231
1.4724
1.553
0.7661
0.3216
0.0658
0.0494
0.055900000000000005
0.0582
0.1915
0.9194
0.9698
0.6215999999999999
0.5747
0.3526
0.3738
0.16210000000000002
0.14250000000000002
0.1315
0.14689999999999998
0.1396
0.0865
0.14200000000000002
0.46690000000000004
0.571
0.1457
0.08860000000000001
0.0668
0.0764
0.1139
0.0977
0.0979
0.09390000000000001
0.08610000000000001
0.092
0.1109
0.1383
0.20479999999999998
0.5969
0.393
0.8527
0.3041
0.27490000000000003
0.30920000000000003
0.8460000000000001
0.7668
0.3439
0.23170000000000002
0.2031
0.2381
0.2857
0.2842
0.19169999999999998
0.09359999999999999
0.09509999999999999
0.105
0.107
0.1227
0.2017
0.1637
0.11950000000000001
0.1131
0.0805
0.0406
0.0097
0.0078
0.0014
0.0
0.0
0.5093
0.039599999999999996
0.051000000000000004
0.039900000000000005
0.0692
0.07419999999999999
0.054099999999999995
0.047700000000000006
0.001
0.0
0.0
0.0
0.0
0.0
0.0
0.0012
0.0038
0.3907
0.46299999999999997
0.2254
0.368
0.9836
0.1492
0.8904000000000001
0.8358
0.0688
0.0159
0.0063
0.0259
0.0
0.0
0.0
0.3867
0.3244
0.2723
0.32330000000000003
0.3591
0.6805
0.3306
0.0
0.0
0.0
0.0
0.0
0.0
0.0
0.0663
0.1306
0.1382
0.46009999999999995
0.3548
0.5623
0.2558
0.25670000000000004
0.9923
0.3927
0.0429
0.0374
0.0344
0.0353
0.0344
0.04
0.0686
0.1879
0.0821
0.0385
0.038400000000000004
0.013000000000000001
0.019700000000000002
0.0245
0.027
0.0291
0.0576
0.061
0.0355
0.1464
0.1109
0.1148
0.0835
0.049699999999999994
0.0068
0.0
0.0
0.0
0.0
0.001
0.0
0.0
0.0
0.0
0.0
1.3438
1.4474999999999998
0.6721
0.5992999999999999
0.12390000000000001
0.0467
0.0088
0.8495
0.6198
0.5331
0.5625
0.42679999999999996
0.0751
0.0031999999999999997
0.0029
0.0005
0.0023
0.0004
0.0
0.0062
0.6502
0.1704
0.0
0.0
0.0
0.0
0.0
0.0
0.0
0.13770000000000002
0.5841
0.964
0.1594
0.14800000000000002
0.1182
0.0857
0.0469
0.039
0.0149
0.018099999999999998
0.0301
0.029699999999999997
0.0499
0.064
0.0477
0.0837
0.1615
0.2777
2.0054
1.2315
1.6377
0.4976
0.22999999999999998
0.17270000000000002
0.2188
1.4122999999999999
1.2761
0.6175999999999999
0.6521
0.4326
0.12240000000000001
0.0668
0.0623
0.0579
0.0583
0.0634
0.07930000000000001
0.1223
0.15660000000000002
0.1986
0.26739999999999997
0.1487
0.11660000000000001
0.3139
0.1629
0.1364
0.14040000000000002
0.38539999999999996
0.8975
0.4839
0.32
0.2259
0.1606
0.09759999999999999
0.0657
0.1398
0.1232
0.1157
0.1143
0.1361
0.1441
0.16799999999999998
0.16949999999999998
0.1577
0.1326
0.122
0.0939
1.1533
0.2216
0.1773
0.20429999999999998
0.5357
2.1075999999999997
0.8725
0.7058
0.6059
0.2122
0.1533
0.13529999999999998
0.0726
0.063
0.0584
0.0649
0.047
0.0934
0.4496
0.1273
0.06369999999999999
0.2974
0.245
0.0374
0.0168
0.0
0.0
0.0
1.0018
0.0
0.0495
0.0
0.0558
0.09659999999999999
0.09259999999999999
0.0838
0.1409
0.1008
0.0923
0.09390000000000001
0.08360000000000001
0.0836
0.0993
0.0989
0.08080000000000001
0.097
0.6623
1.9033
0.5924
0.7907
1.11
0.25949999999999995
0.2182
0.26370000000000005
0.2269
0.6757
0.4647
0.4961
0.43200000000000005
0.2618
0.12919999999999998
0.1149
0.1061
0.1464
0.1064
0.09939999999999999
0.11499999999999999
0.1352
0.0876
0.8267
0.1634
0.0673
0.048
1.036
0.6943
0.1613
0.1516
0.15100000000000002
0.10389999999999999
0.1809
0.1297
0.1594
0.1556
0.13979999999999998
0.3739
0.3181
0.314
0.2939
0.26680000000000004
0.3026
0.2994
0.5198
0.579
1.311
0.5916
0.2955
0.2015
0.1831
0.16620000000000001
0.3382
1.6098
1.9208
0.399
0.30479999999999996
0.24980000000000002
0.1916
0.2802
0.7099
0.0421
0.0295
0.025
0.023
0.0249
0.028900000000000002
0.038900000000000004
0.0347
0.0254
0.0382
0.0529
0.0616
0.11879999999999999
0.061
0.038099999999999995
0.0351
0.034
0.0655
0.0429
0.0672
0.1271
0.16720000000000002
0.1633
0.0905
0.20179999999999998
0.2172
0.2183
0.2238
0.2928
0.4666
0.2574
0.27880000000000005
0.2652
0.3014
0.6194
0.4088
0.3016
0.395
0.32820000000000005
0.5484
0.5851
0.3245
0.2505
0.215
0.1824
0.1456
0.1404
0.13740000000000002
0.0095
0.0047
0.0121
0.0086
0.011300000000000001
0.0677
0.3473
0.1507
0.2164
1.2271999999999998
0.3393
0.08399999999999999
0.3238
0.2468
0.3916
0.34240000000000004
0.1058
0.0888
0.034999999999999996
0.0411
0.0227
0.0022
0.0029000000000000002
0.0058
0.24059999999999998
0.2117
0.2299
0.2231
0.2405
0.28369999999999995
0.7288999999999999
1.5797
0.14900000000000002
0.223
0.1328
0.152
0.1258
0.0949
0.0516
0.0779
0.15889999999999999
0.0531
1.1036
0.44320000000000004
0.2983
0.2727
0.2595
0.24409999999999998
0.13
0.1175
0.10769999999999999
0.1068
0.1188
0.1196
0.1305
0.1261
0.118
0.12129999999999999
0.1055
0.0985
0.4033
0.2263
0.1599
0.1763
0.44079999999999997
1.1108
0.6276
0.6113999999999999
0.5514
0.23249999999999998
0.16899999999999998
0.1392
0.11499999999999999
0.10569999999999999
0.11019999999999999
0.1109
0.11180000000000001
0.1436
0.18719999999999998
0.2544
0.5943
0.794
0.5670000000000001
2.4285
0.42110000000000003
0.3993
0.3497
0.9284
0.18930000000000002
0.0843
0.09090000000000001
0.09129999999999999
0.09290000000000001
0.0856
0.0995
0.108
0.2168
0.1723
0.1754
0.157
0.1333
0.1119
0.107
0.1212
0.0857
0.0473
0.024
0.0525
0.7197
0.8215000000000001
0.8859
0.3155
0.2154
0.8339
1.5502
0.9564
0.30510000000000004
0.2313
0.2249
0.2103
0.1265
0.1031
0.0947
0.08910000000000001
0.0809
0.08710000000000001
0.086
0.1054
0.1084
0.2054
0.22410000000000002
0.5741
0.2303
0.5577
0.1804
0.1877
0.7411000000000001
0.7406
0.5573
0.2047
0.1899
0.1893
0.1954
0.1699
0.23220000000000002
0.20829999999999999
0.2025
0.20829999999999999
0.2135
0.2354
0.3654
0.42910000000000004
0.5005
0.4609
0.5268999999999999
0.5512
1.9872999999999998
1.0495
1.8184
1.0236
1.3535
0.9037000000000001
0.6377999999999999
1.2475
2.6713
0.7109
0.3701
0.259
0.0728
0.0629
0.0586
0.0557
0.0548
0.0581
0.0674
0.08449999999999999
0.0707
0.0702
0.0655
0.3805
0.6505
0.28890000000000005
0.09240000000000001
0.1003
0.4919
0.5142
0.4022
0.4194
0.2639
0.16999999999999998
0.1106
0.07899999999999999
0.2628
0.2198
0.2061
0.1938
0.1926
0.1946
0.1991
0.2022
0.1951
0.1746
0.1735
0.2142
0.2888
1.0558
0.4871
0.41969999999999996
0.31120000000000003
0.2051
0.1866
0.208
0.2882
0.3633
0.3597
0.34099999999999997
0.1232
0.09
0.08940000000000001
0.0911
0.0687
0.057300000000000004
0.0589
0.0567
0.0445
0.0925
0.0302
0.0625
0.0839
0.1641
0.1659
0.30379999999999996
0.20379999999999998
0.1218
1.0359
0.5723
0.1894
0.2119
0.4138
0.21660000000000001
0.1886
0.2142
0.1511
0.1467
0.1271
0.1264
0.1206
0.1726
0.5733
0.4883
0.36519999999999997
0.3768
0.6469
0.1393
0.0694
0.062400000000000004
0.112
0.1307
0.26
1.8665
0.7559
0.3922
0.3117
0.24630000000000002
0.2639
0.20829999999999999
0.2162
0.175
0.1521
0.1414
0.1311
0.126
0.2748
0.1368
0.0887
0.0983
0.07300000000000001
0.0676
0.3064
2.7756
0.48129999999999995
0.3991
0.5306
1.1699
0.4561
0.4135
0.5488999999999999
0.49460000000000004
0.1593
0.15350000000000003
0.1476
0.1471
0.14100000000000001
0.1494
0.16149999999999998
0.1802
0.2244
0.27549999999999997
0.1941
0.1678
0.183
0.21400000000000002
0.2641
0.2217
1.0859
0.6776
0.4213
0.5057
0.35860000000000003
0.352
0.30569999999999997
0.2031
0.3407
0.3515
0.3463
0.3204
0.2921
0.3166
0.3362
0.28090000000000004
0.9022
0.5562
0.2978
0.23149999999999998
0.2233
0.2539
0.44730000000000003
1.8214000000000001
2.4265999999999996
1.9304999999999999
1.0152
1.7318
0.5556000000000001
0.5261
0.4149
0.3742
0.0154
0.0121
0.0082
0.0085
0.0036000000000000003
0.0060999999999999995
0.0039
0.0043
0.0172
0.0076
0.0098
0.0168
0.0
0.014700000000000001
0.1042
0.1109
0.0395
0.052599999999999994
0.067
0.0538
0.060200000000000004
0.0294
0.0072
0.0057
0.0
0.0
0.0
0.0
0.0
0.0091
0.0802
0.8837
0.2379
0.0195
0.0014
0.1422
0.2711
0.07780000000000001
0.0736
0.7107
0.17859999999999998
0.40280000000000005
1.0224
0.0208
0.0
0.0
0.0
0.0
0.1358
0.10400000000000001
0.09820000000000001
0.09029999999999999
0.0852
0.08990000000000001
0.0843
0.1068
0.124
0.42669999999999997
0.3488
0.3714
0.12310000000000001
0.17880000000000001
0.21259999999999998
0.7344999999999999
0.39890000000000003
0.7866
0.1024
0.121
0.1713
0.2017
0.42869999999999997
0.3267
0.25870000000000004
0.2296
0.21789999999999998
0.2134
0.2032
0.2111
0.3257
0.7152000000000001
0.3662
0.2118
0.2629
0.1978
0.1958
0.2121
0.2792
0.2863
0.2531
0.27990000000000004
0.3306
0.6052
0.4616
1.3464
0.6792
0.2561
0.026799999999999997
0.0223
0.017599999999999998
0.0185
0.019700000000000002
0.0126
0.0203
0.0351
0.051100000000000007
0.0886
0.153
0.12329999999999999
0.0979
0.09359999999999999
0.1073
0.0948
0.10900000000000001
0.5151
0.353
0.8361000000000001
0.8170999999999999
0.5271
0.1516
0.0523
0.0755
0.0753
0.0647
0.07039999999999999
0.06609999999999999
0.0759
0.0938
0.3446
0.7216
0.1014
0.0756
0.0645
0.0863
0.0942
0.0935
0.1078
0.1454
1.0745
0.4244
0.2581
0.2265
0.1928
0.14150000000000001
0.094
0.2823
0.2784
0.28059999999999996
0.2751
0.2813
0.2925
0.3667
0.4276
0.5698
0.7474000000000001
0.8644
0.237
0.28559999999999997
0.3714
0.875
2.2403
1.4058000000000002
0.5640000000000001
0.4566
0.7725
0.6954
0.6892
0.6251
0.365
0.09559999999999999
0.0738
0.0677
0.0539
0.0435
0.036199999999999996
0.0413
0.0628
0.0637
0.1773
1.1926999999999999
0.079
0.2242
0.3478
0.1081
0.07089999999999999
0.09140000000000001
0.1603
0.1271
0.43110000000000004
0.2086
0.2309
0.3993
0.2153
0.0183
0.0057
0.025
0.0041
0.0421
0.0077
1.5861
0.5463
0.6755
1.3459
1.8518000000000001
0.2916
0.46199999999999997
0.3119
0.0319
0.0066
0.0825
0.19790000000000002
0.2642
1.1876
0.3507
0.0
0.0077
0.0036
0.1599
0.1311
0.1159
0.1215
0.1222
0.12
0.1308
0.1684
0.20350000000000001
0.3246
0.9035
0.401
0.3627
0.30989999999999995
0.2806
0.26549999999999996
0.2734
1.4249999999999998
2.2778
0.5824
0.5975
0.9357
0.5205
0.2773
0.006999999999999999
0.0
0.0013
0.001
0.0
0.0032
0.3831
0.7684
0.0
0.0
0.0
0.0
0.0
0.0
0.0
0.0
0.0
0.34509999999999996
0.5504
0.3234
0.2603
0.2338
0.1626
0.0405
0.039099999999999996
0.0587
0.1153
0.2431
0.030400000000000003
0.0087
0.0
0.0
0.0
0.0
0.04
0.0335
0.09179999999999999
0.061
0.017599999999999998
0.0278
1.6002
0.0
1.3522999999999998
0.5113
0.0
0.0002
0.0
0.0169
0.0621
0.0605
0.0572
0.0577
0.060700000000000004
0.0739
0.1454
0.2395
0.18669999999999998
0.1557
0.2865
0.29300000000000004
0.1943
0.1864
0.194
0.29679999999999995
0.4097
1.3761
1.8876
0.3116
0.2761
0.18209999999999998
0.09620000000000001
0.07089999999999999
0.1994
0.1933
0.184
0.1847
0.1879
0.224
0.4213
0.4467
0.3167
0.3052
0.329
0.4656
0.4486
0.3388
0.2967
0.30789999999999995
0.7311
1.0101
0.5146999999999999
0.47709999999999997
0.481
0.365
0.2631
0.2132
0.111
0.1153
0.1096
0.1113
0.1249
0.18080000000000002
0.5972999999999999
0.6715
0.6917
1.2797
0.6154
0.4266
1.8532
0.7076
0.9979
1.7712
0.5971
0.3929
2.3194
0.7553000000000001
0.3139
0.2363
0.1552
0.14040000000000002
0.2101
0.1986
0.1774
0.1663
0.1585
0.1526
0.15949999999999998
0.1953
0.6607000000000001
0.2943
0.3225
0.1698
0.1508
0.1504
0.15100000000000002
0.1627
0.1661
1.3565
1.3692
0.6038
0.6312
0.5172
0.3066
0.2356
0.1109
0.1021
0.07719999999999999
0.1012
0.0641
0.0487
0.0739
0.5296
0.6271
0.0
0.0107
0.0078000000000000005
0.0
0.0018
0.14
0.1245
0.0757
0.2783
0.9055
0.9287000000000001
1.6278000000000001
1.2302
0.41169999999999995
0.3553
0.1595
0.1478
0.1372
0.1351
0.1352
0.1459
0.13319999999999999
0.4861
0.24989999999999998
0.1904
0.2591
0.1765
0.09659999999999999
0.0811
0.0748
0.0959
0.5945
0.3684
0.21489999999999998
0.133
0.1058
0.0932
0.12969999999999998
0.1333
0.08610000000000001
0.077
0.0796
0.0685
0.063
0.0692
0.0844
0.1011
0.19180000000000003
0.2655
0.634
1.3474
0.16920000000000002
0.18719999999999998
0.3
0.349
0.4909
0.2017
0.1263
0.139
0.1225
0.11069999999999999
0.1067
0.0958
1.6724999999999999
1.9984000000000002
2.1713
0.6247
0.3075
0.2026
0.1275
0.14279999999999998
0.13640000000000002
0.07300000000000001
0.0994
0.10619999999999999
0.10750000000000001
0.15339999999999998
0.7151000000000001
2.7998000000000003
2.3632999999999997
1.6639
2.9701
2.8032000000000004
2.2174
0.9836
0.7069
1.029
0.1807
0.1778
0.1716
0.1773
0.189
0.2088
0.2585
0.323
0.4173
0.4746
0.43920000000000003
0.4071
0.6212
0.4645
0.45609999999999995
0.3996
0.944
2.3316999999999997
1.8753
0.6729
0.288
0.2046
0.1498
0.155
0.1538
0.1459
0.1367
0.12919999999999998
0.1242
0.1419
0.15
0.9253
0.3716
0.0937
0.07150000000000001
0.0535
0.0754
0.094
0.158
0.1884
0.1659
0.3547
0.1333
0.1362
0.1466
0.2124
0.2615
0.1866
0.2657
0.24730000000000002
0.23309999999999997
0.2165
0.1941
0.1966
0.1956
0.21639999999999998
0.4008
0.4456
0.060899999999999996
0.0364
0.0263
0.049100000000000005
0.0567
0.0751
0.46640000000000004
0.32889999999999997
0.6171
0.1624
0.2358
0.2501
0.599
0.39690000000000003
0.3545
0.2965
0.3464
0.3367
0.3177
0.3105
0.34609999999999996
0.34650000000000003
0.3766
0.2822
0.1918
0.1724
0.2884
0.6663
1.2106999999999999
0.7288
0.3288
1.5235999999999998
1.3053
0.885
1.693
1.1259000000000001
0.6149
0.37760000000000005
0.10819999999999999
0.1028
0.097
0.098
0.1021
0.15949999999999998
0.7911
0.2587
0.2296
0.1748
0.1606
0.1529
0.1807
0.20629999999999998
0.32530000000000003
0.2614
0.4497
0.432
0.22560000000000002
0.2854
0.4356
0.3064
0.1227
0.0994
0.087
0.0438
0.023100000000000002
0.046
0.0305
0.0237
0.0246
0.0222
0.0251
0.025
0.0225
0.0
0.3216
2.3414
0.1552
0.058399999999999994
0.0594
0.6035
0.718
0.17859999999999998
0.12969999999999998
0.1114
0.2267
0.1092
0.1608
0.1621
0.1574
0.1543
0.1638
0.1781
0.1864
0.17920000000000003
0.1768
0.2629
0.4642
0.1906
0.21339999999999998
0.2772
0.2621
0.47859999999999997
1.1019
0.3833
0.3886
0.30820000000000003
0.3087
0.322
0.21660000000000001
0.1758
0.17520000000000002
0.1651
0.1549
0.15539999999999998
0.16499999999999998
0.2565
0.23609999999999998
0.2145
0.2026
0.20079999999999998
0.20090000000000002
0.2145
0.7398
0.2356
0.20729999999999998
0.22089999999999999
0.2623
0.49260000000000004
0.6880999999999999
0.529
0.3378
0.2631
0.1987
0.1699
0.12369999999999999
0.1054
0.0963
0.0965
0.0879
0.08760000000000001
0.10139999999999999
0.3273
0.1496
0.0994
0.0784
0.1222
0.1765
0.10969999999999999
0.0949
0.1015
0.9937
0.46509999999999996
0.4101
0.38149999999999995
0.4475
0.2284
0.185
0.1482
0.203
0.1746
0.16699999999999998
0.1679
0.1635
0.18109999999999998
0.3406
0.6338
0.3326
0.18
0.1071
0.1206
0.1474
0.1686
0.1785
0.18
0.3956
0.1941
0.0975
0.0739
0.1056
0.2234
0.28200000000000003
0.2308
0.0242
0.0184
0.0237
0.018000000000000002
0.022600000000000002
0.002
0.1008
0.9728
0.30679999999999996
0.5483
0.3326
0.3447
0.45640000000000003
0.2269
0.15050000000000002
0.1558
0.5659000000000001
0.8651
0.531
0.2212
0.1416
0.06789999999999999
0.0319
0.024800000000000003
0.08879999999999999
0.0733
0.0715
0.0687
0.0695
0.0784
0.0942
0.11699999999999999
0.1206
0.1251
0.09759999999999999
0.08510000000000001
0.1124
0.9084000000000001
0.2399
0.1784
0.36579999999999996
0.6883
0.20929999999999999
0.24
0.2403
0.4666
0.41590000000000005
0.1444
0.11610000000000001
0.09309999999999999
0.0905
0.0857
0.07819999999999999
0.0764
0.0785
0.0813
0.0853
0.1037
0.12419999999999999
0.4144
0.6335
0.9407
0.9119
0.48239999999999994
0.2753
0.2284
0.2575
0.42500000000000004
0.4382
0.2594
0.2019
0.1535
1.0096
0.3802
0.3328
0.34840000000000004
0.3226
0.3039
0.3252
0.3292
0.4339
0.3488
0.4599
0.5824
0.31220000000000003
0.2757
0.24580000000000002
0.26639999999999997
0.3548
0.7915
0.3038
1.1086
0.3298
0.29510000000000003
0.2542
0.1866
0.1009
0.0833
0.0787
0.0771
0.079
0.0905
0.1051
0.1296
0.1538
0.2187
0.256
0.4638
0.4202
0.2148
0.1734
0.1953
0.2993
0.7611
0.45930000000000004
0.3071
0.3613
0.4591
0.44530000000000003
0.2172
0.3993
0.38470000000000004
0.3721
0.3827
0.38339999999999996
0.3933
0.42310000000000003
0.5579000000000001
1.3261
0.9332
0.2947
0.23149999999999998
0.2481
0.2398
0.24070000000000003
0.26239999999999997
1.6789
0.9917
0.8601
0.5746
0.8996999999999999
0.8976
0.628
0.4417
0.0064
0.0
0.0
0.0006
0.0065
0.0
0.0
0.0
0.0014
0.5418999999999999
0.9975
0.8042
0.2747
0.8244
0.3469
0.9928999999999999
0.3768
0.15660000000000002
0.1063
0.1518
0.183
0.14629999999999999
0.09490000000000001
0.032600000000000004
0.1109
0.0973
0.0955
0.0973
0.0956
0.11449999999999999
0.14150000000000001
0.5373
0.5558
0.2564
0.2152
0.1573
0.16720000000000002
0.1748
0.2102
1.1861
0.5703
0.33
0.3658
0.9229
1.4508
0.7921
0.1835
0.1291
0.1168
0.1274
0.15910000000000002
0.3075
0.37729999999999997
0.2224
0.2
0.17559999999999998
0.4716
0.916
0.1134
0.0052
0.0
0.0167
0.0502
0.26039999999999996
0.2849
0.2185
0.2976
0.4174
0.20129999999999998
0.1995
0.1351
0.0974
0.1105
0.093
0.0945
0.0864
0.0847
0.0861
0.4285
0.4333
0.07239999999999999
0.2647
0.1004
0.095
0.0938
0.0885
0.0893
0.15510000000000002
0.1778
0.26080000000000003
0.3134
0.1228
0.12
0.1679
0.2863
0.1945
0.1271
0.11560000000000001
0.1248
0.1154
0.10289999999999999
0.11560000000000001
0.1434
1.0623
1.1739
0.3601
0.2923
0.22089999999999999
0.2381
0.3174
0.2714
0.2415
0.2512
2.086
0.1548
0.10289999999999999
0.1629
0.1713
0.1313
0.11960000000000001
0.0432
0.0438
0.044
0.0406
0.041499999999999995
0.0413
0.08779999999999999
0.2513
0.2535
0.2157
0.1871
0.194
0.1838
0.1805
0.1619
0.2383
0.49219999999999997
0.3692
0.8874
1.3174
0.33699999999999997
0.1805
0.0843
0.0567
0.0887
0.0839
0.0793
0.0764
0.07919999999999999
0.095
0.1429
0.1947
0.2215
0.2605
0.2592
0.25780000000000003
0.2946
0.2365
0.2249
0.26639999999999997
0.4364
0.4016
0.5209
0.3889
0.315
0.2336
0.14689999999999998
0.1011
0.0611
0.0901
0.0744
0.06760000000000001
0.0518
0.0421
0.049100000000000005
0.089
0.2344
0.927
0.7191
0.1852
0.2005
0.0
0.0
0.0
0.0041
0.02
0.0837
0.1789
0.1305
0.0733
0.0597
0.054099999999999995
0.0732
0.0596
0.0554
0.059300000000000005
0.0697
0.0935
0.0722
0.053099999999999994
0.0531
0.0608
0.0498
0.043
0.1565
0.1223
0.0547
0.055499999999999994
0.0296
0.7303000000000001
0.9742000000000001
0.2909
0.2272
0.2049
0.1447
0.0905
0.135
0.13479999999999998
0.13319999999999999
0.1346
0.1318
0.1481
0.15789999999999998
0.4759
0.44079999999999997
0.30379999999999996
0.3251
0.3491
0.1676
0.1604
0.1395
0.3119
0.404
0.16970000000000002
0.19390000000000002
0.1668
0.1419
0.12830000000000003
0.1315
0.13
0.1064
0.09509999999999999
0.0986
0.09770000000000001
0.125
0.31220000000000003
0.309
0.1202
0.0814
0.0902
0.0815
0.0746
0.0723
0.0806
0.09870000000000001
0.1786
0.2323
0.2781
0.6644
0.5422
0.2427
0.2902
0.2077
0.1371
0.138
0.1266
0.11460000000000001
0.11910000000000001
0.1163
0.1213
0.1654
0.21910000000000002
0.2208
0.3597
0.27
0.2873
0.2782
0.2217
0.2303
0.24319999999999997
0.1899
0.1906
0.3325
0.4697
1.2165
0.5135000000000001
0.3669
0.2128
0.0805
0.063
0.0513
0.0518
0.0483
0.0509
0.0659
0.09029999999999999
0.1131
0.13690000000000002
0.1744
0.2141
0.3012
0.6760999999999999
0.21989999999999998
0.1772
0.237
0.3965
0.2382
0.7913
0.9145000000000001
0.7169000000000001
0.4138
0.17859999999999998
0.24869999999999998
0.2432
0.2378
0.235
0.23509999999999998
0.2488
0.2814
0.5939
0.481
0.4153
0.3456
0.3506
0.42090000000000005
0.3453
0.3305
0.3785
0.5824
0.5799
0.5615
0.4204
0.3499
0.3151
0.27780000000000005
0.25129999999999997
0.1894
0.1865
0.182
0.184
0.1753
0.19590000000000002
0.2167
1.035
0.4455
0.2518
0.2378
0.2865
0.30279999999999996
0.32799999999999996
0.3236
0.4011
0.3295
0.34209999999999996
0.5847
0.4729
0.42479999999999996
0.307
0.2293
0.19519999999999998
0.26539999999999997
0.2414
0.226
0.2148
0.2056
0.2177
0.2243
0.2378
0.2581
0.3837
0.35960000000000003
0.44830000000000003
1.8641
1.5522
0.3539
0.8849
0.598
0.26049999999999995
0.32110000000000005
0.4103
0.4685
0.5409999999999999
0.6937
0.4459
0.0858
0.0722
0.07619999999999999
0.0686
0.0737
0.0806
0.1108
0.1652
0.23809999999999998
0.3039
0.5444
1.0375
1.0158
0.5996
0.3234
0.3748
0.7434000000000001
0.4164
0.7932
0.4793
0.2811
0.1889
0.1226
0.0995
0.1049
0.1049
0.107
0.1027
0.1064
0.1197
0.1809
0.501
0.4247
0.4644
0.46409999999999996
1.0838999999999999
0.4514
0.30269999999999997
0.4243
0.459
0.3061
0.3494
0.4897
0.277
0.2242
0.17809999999999998
0.14950000000000002
0.12309999999999999
0.248
0.2193
0.2106
0.17720000000000002
0.15089999999999998
0.1352
0.13790000000000002
0.1104
0.0848
0.6374
0.2165
1.2813
0.18569999999999998
0.23520000000000002
0.3064
0.3225
0.1753
0.1136
0.0134
0.4929
0.9505999999999999
0.5897
0.5544
0.5296
0.1331
0.1271
0.12240000000000001
0.12129999999999999
0.1252
0.1308
0.209
0.6207
0.1041
0.1651
0.1563
0.2056
0.13019999999999998
0.1191
0.1182
0.1627
0.17370000000000002
0.3049
0.8226
0.0653
0.0872
0.096
0.1169
0.1152
0.1723
0.1575
0.1472
0.1419
0.13790000000000002
0.13240000000000002
0.12390000000000001
0.118
0.10769999999999999
0.12279999999999999
0.1358
0.1779
0.14679999999999999
0.1603
0.14300000000000002
0.1553
0.1837
0.2499
0.2021
0.1904
0.24580000000000002
0.21489999999999998
0.17609999999999998
0.16849999999999998
0.2318
0.202
0.1857
0.1838
0.1766
0.17149999999999999
0.1819
0.1669
0.139
0.1402
0.1169
0.1175
0.1094
0.10439999999999999
0.1748
0.5868
0.6881
2.0352
1.0598999999999998
0.3618
0.2904
0.27590000000000003
0.2871
0.261
0.6537999999999999
0.5768
0.5142
0.4646
0.4098
0.3728
0.3631
0.3207
0.28049999999999997
0.2954
0.4504
0.3681
0.3948
1.2891
1.143
1.0584
1.0987
0.4928
0.4184
1.1238000000000001
0.8911
0.6626
0.6031
0.5293
0.105
0.0892
0.0898
0.0865
0.08249999999999999
0.098
0.1182
0.1613
0.2142
0.25630000000000003
0.3584
0.6967
0.8674999999999999
0.333
0.3201
0.347
1.4564
1.3304
0.7109
0.5126
0.4114
0.2911
0.1765
0.1232
0.1326
0.1262
0.129
0.1303
0.1374
0.1264
0.1254
0.2641
0.14129999999999998
0.0101
0.0
0.0
0.0
0.0
0.0
0.0242
0.1911
0.3417
0.4937
0.3311
1.0381
0.27749999999999997
0.1201
0.1029
0.3472
0.3278
0.3154
0.2168
0.1938
0.15410000000000001
0.14429999999999998
0.1172
0.1792
0.13019999999999998
0.079
0.0953
0.0901
0.09340000000000001
0.0995
0.12689999999999999
0.1917
0.5887
1.7690000000000001
0.6826000000000001
1.0897999999999999
1.4633
0.3968
0.35350000000000004
0.0464
0.0361
0.033100000000000004
0.037
0.0325
0.0504
0.0615
0.078
0.0676
0.1084
0.0718
0.044899999999999995
0.1107
0.322
0.15139999999999998
0.2081
1.4508999999999999
0.4633
0.813
0.39259999999999995
0.28559999999999997
0.3491
0.177
0.07769999999999999
0.0371
0.0326
0.0305
0.028999999999999998
0.028999999999999998
0.0369
0.0852
0.2696
0.1227
0.1106
0.1004
0.1281
0.1197
0.10930000000000001
0.108
0.1345
0.1431
0.10980000000000001
0.09079999999999999
0.0828
0.07600000000000001
0.06359999999999999
0.0516
0.039
0.2376
0.1638
0.0916
0.0858
0.07769999999999999
0.0751
0.10070000000000001
0.3315
1.1086
1.6006
0.3846
1.5397
0.691
0.0316
0.0089
0.0
0.0
0.0363
0.1128
0.0171
0.0725
0.1015
0.1011
0.11810000000000001
0.19219999999999998
0.1966
0.182
0.17320000000000002
0.1605
0.1642
0.1729
0.2801
0.2869
0.6167
0.3274
0.22
0.2196
0.2061
0.2252
0.1994
0.16570000000000001
0.2065
0.3486
0.3143
0.31020000000000003
0.3609
0.3748
0.2708
0.1199
0.08860000000000001
0.0869
0.0879
0.0749
0.0775
0.0859
0.1132
0.0932
0.1068
0.086
0.0723
0.0912
0.1775
0.6848
0.4175
0.7552
0.8998999999999999
0.2747
0.2128
0.2424
0.22060000000000002
1.0506
0.7169
0.1217
0.10200000000000001
0.08629999999999999
0.0816
0.08080000000000001
0.084
0.0796
0.15560000000000002
0.22569999999999998
0.0781
0.1834
0.3406
0.0931
0.0785
0.0861
0.109
0.1778
0.19330000000000003
0.33320000000000005
0.1573
0.1472
0.15610000000000002
0.17420000000000002
0.162
0.225
0.2067
0.21050000000000002
0.2005
0.1884
0.1986
0.2309
0.3331
0.6375
0.6317999999999999
1.3860000000000001
1.5086
1.2427000000000001
1.3651
1.3824999999999998
1.7215
0.8525
0.40590000000000004
0.38370000000000004
0.4376
0.6717
0.6529
0.4758
0.3114
0.0192
0.0341
0.0401
0.0385
0.0399
0.6788000000000001
0.6112
0.07550000000000001
0.0686
0.1007
0.1177
0.08710000000000001
0.10900000000000001
0.10819999999999999
0.1405
2.0785
0.1129
0.08499999999999999
2.3098
1.8251
0.5093
0.3948
0.1762
0.0779
0.29979999999999996
0.292
0.3033
0.3211
0.3796
0.3567
0.33240000000000003
0.32020000000000004
0.3014
0.4287
0.3691
0.2377
0.23709999999999998
0.27849999999999997
0.29869999999999997
0.40700000000000003
0.47709999999999997
0.366
0.757
2.1550000000000002
0.5735
0.5711999999999999
0.366
0.3181
0.068
0.0609
0.0533
0.0669
0.06459999999999999
0.048100000000000004
0.0464
0.024
0.0212
0.0252
0.0215
0.0257
0.032
0.0807
0.11479999999999999
0.09290000000000001
0.0893
0.2627
0.5410999999999999
0.4449
0.8744000000000001
0.4968
0.0711
0.0713
0.020700000000000003
0.027
0.0182
0.0213
0.0238
0.0214
0.0628
0.1688
0.1877
0.1623
0.5604
0.1099
0.13369999999999999
0.1123
0.08940000000000001
0.0854
0.11030000000000001
0.392
0.1331
0.6064
0.2589
0.1381
0.056799999999999996
0.030100000000000002
0.06080000000000001
0.0116
0.0264
0.020999999999999998
0.0228
0.009899999999999999
0.0271
0.889
0.39880000000000004
0.29669999999999996
0.3016
0.0683
0.0751
0.0
0.0
0.0
0.0
0.0591
0.5789
0.5068
0.22010000000000002
0.10719999999999999
0.0317
0.0274
0.094
0.07500000000000001
0.0688
0.0677
0.0697
0.0726
0.1392
0.2455
0.3698
0.496
0.6881999999999999
0.6574
2.2535
1.3549
0.47209999999999996
0.7315
1.0352000000000001
0.5229
1.6104
1.8172000000000001
0.8106
0.2763
0.1335
0.1136
0.1184
0.07930000000000001
0.0718
0.062299999999999994
0.052599999999999994
0.0554
0.0678
0.0508
0.7149
0.13890000000000002
0.2044
0.5569000000000001
0.0796
0.1139
0.3294
0.16770000000000002
0.093
0.0448
0.0558
0.0314
0.0611
0.1041
0.1754
0.1485
0.0413
0.032600000000000004
0.0254
0.0257
0.0288
0.031
0.034
0.061700000000000005
0.1167
0.1723
0.237
0.37039999999999995
0.42510000000000003
0.2057
0.29500000000000004
0.2443
0.19190000000000002
0.6587
0.2683
0.2975
0.3139
0.351
0.2686
0.1079
0.0703
0.0668
0.0717
0.06709999999999999
0.0635
0.0788
0.2027
0.534
0.1466
0.6725
0.1148
0.2852
0.19290000000000002
0.16599999999999998
0.0923
0.6739999999999999
0.1309
0.17270000000000002
0.1696
0.1152
0.1382
0.1206
0.098
0.0847
0.0889
0.0739
0.0695
0.0621
0.061900000000000004
0.0667
0.58
0.747
0.0718
0.0842
0.093
0.0912
0.0945
0.0905
0.0905
0.082
0.274
0.6523
0.8675999999999999
0.1896
0.27480000000000004
0.2646
0.20400000000000001
0.1298
0.15239999999999998
0.15189999999999998
0.1383
0.135
0.13490000000000002
0.137
0.1543
0.1741
0.3249
0.569
0.511
0.5581
0.19979999999999998
0.18230000000000002
0.1665
0.16260000000000002
0.2136
0.558
0.5234000000000001
0.4756
0.4171
0.2886
0.19669999999999999
0.163
0.1701
0.1553
0.1416
0.1352
0.1298
0.1334
0.1356
0.1346
0.13790000000000002
0.1549
0.512
0.7545
0.6009
0.2752
0.19419999999999998
0.1926
0.1911
0.22699999999999998
0.2148
0.2479
0.2447
0.23170000000000002
0.1976
0.1772
0.24159999999999998
0.2229
0.2111
0.20929999999999999
0.20750000000000002
0.2042
0.20400000000000001
0.2135
0.2117
0.291
0.276
0.2217
0.2782
0.3936
0.3013
0.2948
0.3569
0.4397
0.4819
0.5086999999999999
0.3349
0.38880000000000003
0.4389
0.3016
0.0
0.0
0.0
0.0
0.0
0.0
0.0
0.0
0.3317
0.7726
1.0985
1.6688
0.0599
0.0
0.6036
0.337
0.6705
1.2894999999999999
0.26589999999999997
0.22970000000000002
0.1407
0.0654
0.0224
0.0
0.1848
0.1629
0.1516
0.1469
0.1479
0.15089999999999998
0.1759
0.5344
0.13119999999999998
0.08280000000000001
0.06720000000000001
0.1631
0.1085
0.10289999999999999
0.0987
0.1147
0.21860000000000002
0.22999999999999998
0.0932
0.089
0.1136
0.08779999999999999
0.0996
0.1108
0.1404
0.1288
0.1182
0.1209
0.1215
0.1249
0.1417
0.16399999999999998
0.1886
0.7222999999999999
0.0945
0.8843
0.3336
0.7654000000000001
0.22460000000000002
0.2503
0.3382
0.1961
0.48050000000000004
0.086
0.13240000000000002
0.1472
0.16060000000000002
0.1491
0.12179999999999999
0.1132
0.1101
0.1101
0.1399
0.1995
0.15500000000000003
0.1237
0.11199999999999999
0.1094
0.098
0.1041
0.21689999999999998
0.18319999999999997
0.1668
0.1738
1.3724
0.5681
0.9076
0.3812
0.25880000000000003
0.218
0.1739
0.1464
0.0859
0.0902
0.0766
0.0812
0.0769
0.0964
0.1854
0.5844
0.6237
0.2653
0.3023
0.0794
0.0841
0.08449999999999999
0.0703
0.0886
0.11649999999999999
0.3748
0.33299999999999996
1.055
1.6558000000000002
0.1911
0.1345
0.10350000000000001
0.1484
0.1445
0.1456
0.14839999999999998
0.1385
0.1295
0.1223
0.12890000000000001
0.1307
0.1071
0.08249999999999999
0.0925
0.11560000000000001
0.1349
0.18730000000000002
0.2187
0.2358
0.21860000000000002
0.15289999999999998
0.1977
0.1851
0.1488
0.13069999999999998
0.127
0.1673
0.15660000000000002
0.1492
0.1487
0.14750000000000002
0.1512
0.1959
0.2257
0.18009999999999998
0.3011
0.663
0.264
0.14989999999999998
0.136
0.1169
0.1357
0.1507
0.1491
0.552
0.4502
0.6543
0.3548
0.2428
0.186
0.0448
0.0372
0.036699999999999997
0.0295
0.030199999999999998
0.0732
0.5612
0.15860000000000002
0.13440000000000002
0.2153
0.2361
0.13490000000000002
0.1612
0.1481
0.13419999999999999
0.1487
0.7583
0.2529
0.38839999999999997
0.5906
0.36529999999999996
0.3045
0.1356
0.0552
0.1159
0.10980000000000001
0.101
0.0927
0.1099
0.1073
0.2755
0.7049000000000001
0.19090000000000001
0.1601
0.127
0.1047
0.067
0.0633
0.049
0.07719999999999999
0.1084
0.518
0.37170000000000003
0.8137
0.8414
0.2627
0.2009
0.15
0.14379999999999998
0.1159
0.1009
0.0994
0.08990000000000001
0.0797
0.07239999999999999
0.1278
0.1367
0.0565
0.0212
0.013500000000000002
0.0091
0.0109
0.007
0.027000000000000003
0.6992
0.8498
0.9994000000000001
0.3748
0.8237
0.5609999999999999
0.22260000000000002
0.18030000000000002
0.0763
0.0712
0.0721
0.0935
0.0875
0.16299999999999998
0.4465
1.1298
0.255
0.1021
0.10500000000000001
0.2176
0.2857
0.2468
0.5122
0.3566
0.1659
0.1369
0.2268
0.5148
0.19340000000000002
0.0587
0.0466
0.06420000000000001
0.1041
0.08460000000000001
0.0811
0.07680000000000001
0.07039999999999999
0.0758
0.3953
0.5857
0.19840000000000002
0.3856
0.4112
0.33499999999999996
0.3295
0.25770000000000004
0.24320000000000003
0.5119
1.3853
1.9231
0.7399
0.3424
0.3143
0.2989
0.2368
0.1473
0.10439999999999999
0.0786
0.0731
0.064
0.0564
0.0582
0.0606
0.0687
0.09190000000000001
0.0923
0.35119999999999996
0.1438
0.1037
0.0821
0.6455
0.0749
0.0644
0.030100000000000002
0.0567
0.1383
0.3532
0.5126
0.2506
0.1521
0.2554
0.2509
0.2193
0.24380000000000002
0.2559
0.2434
0.2697
0.8357
1.1929
0.7090000000000001
0.35040000000000004
0.032799999999999996
0.0547
0.048600000000000004
0.0645
0.107
0.2024
0.0707
0.0203
0.14350000000000002
0.1985
0.2988
0.6089
0.4209
0.1483
0.1405
0.13119999999999998
0.1313
0.1274
0.14329999999999998
0.1884
0.5017
0.7601
0.32230000000000003
0.1707
0.1966
0.226
0.2023
0.1487
0.1486
0.2005
0.23209999999999997
0.32530000000000003
0.3249
0.5981000000000001
0.4098
0.27849999999999997
0.1809
0.0
0.0
0.0
0.0
0.0
0.0
0.0
0.0
0.0
0.3184
0.6
0.0
0.0
0.0
0.6146
0.5104
0.1061
0.0
0.0
0.0
0.0237
0.0037
0.0
0.0
0.1028
0.0625
0.0532
0.054
0.0732
0.060899999999999996
0.0627
0.0602
0.0644
0.0811
0.3155
1.9171
1.7389000000000001
1.2824
0.2144
0.22199999999999998
2.4187
0.9057999999999999
0.7927
0.5922000000000001
0.5699000000000001
0.7563
0.7666
0.3352
0.0712
0.020200000000000003
0.0272
0.0295
0.022199999999999998
0.0099
0.00030000000000000003
0.0007
0.0029
0.0
0.0029
0.1143
1.205
0.8701000000000001
0.2629
0.2057
0.1356
0.12510000000000002
0.3034
1.2273
0.4916
0.157
0.158
0.12940000000000002
0.1163
0.108
0.111
0.0998
0.0844
0.0876
0.0934
0.1059
0.1262
0.2219
0.1762
0.22190000000000001
0.2028
0.2011
0.3322
0.4287
1.1084
1.0127
0.2267
0.14429999999999998
0.1079
0.0907
0.0935
0.0916
0.1288
0.1167
0.1051
0.1032
0.10200000000000001
0.1186
0.2376
0.385
0.20679999999999998
0.2988
0.2435
0.1685
0.1441
0.1451
0.1353
0.1421
0.17120000000000002
0.3254
0.5708
0.6947000000000001
0.29869999999999997
0.3844
0.39790000000000003
0.1974
0.4571
0.4333
0.5508
0.512
0.5412
0.7191000000000001
0.9676
0.9558
1.2706
0.5133
0.1268
0.1535
0.1582
0.22089999999999999
0.20279999999999998
0.164
0.3669
0.3555
0.06609999999999999
0.0316
0.1
0.0746
0.1272
0.1664
0.20629999999999998
0.202
0.19569999999999999
0.1928
0.2005
0.2406
0.2387
0.2095
0.18480000000000002
0.3508
0.20950000000000002
0.1837
0.1812
0.1895
0.185
0.3656
0.4785
0.25560000000000005
0.2724
0.2168
0.23659999999999998
0.3607
0.5923
0.2858
0.0511
0.0433
0.038099999999999995
0.038
0.0379
0.0378
0.0514
0.09889999999999999
0.1544
0.14600000000000002
0.14200000000000002
0.147
0.1627
0.1449
0.1666
0.1991
0.2187
0.2576
0.3095
0.4326
0.3452
0.2794
0.1719
0.0859
0.2657
0.26549999999999996
0.2222
0.2247
0.2253
0.2362
0.2489
0.3462
0.37549999999999994
0.7418
0.5843
0.7019
1.3888
0.8309
0.2587
0.2388
0.26280000000000003
0.6890000000000001
2.7237
0.5726
0.3543
0.30210000000000004
0.2445
0.20929999999999999
0.14340000000000003
0.14129999999999998
0.1235
0.1175
0.123
0.0834
1.9942
0.9697
0.3591
0.684
0.4807
0.3661
0.2983
0.2692
0.2496
0.26849999999999996
1.0695
1.9667
1.4242
0.4883
0.5394
0.6187
0.587
0.2605
0.2937
0.2649
0.2569
0.2476
0.2465
0.2561
0.2604
0.3482
0.5277000000000001
0.5505
0.3861
0.3117
0.2923
0.34440000000000004
0.32530000000000003
0.7875
0.3608
0.47959999999999997
0.3274
0.225
0.2708
0.5977
0.6633
0.4609
0.10700000000000001
0.08030000000000001
0.0858
0.10070000000000001
0.0726
0.5136000000000001
2.3903
0.20990000000000003
0.0
0.0
0.0
0.0
0.0
0.0
0.0
0.1402
1.4311
0.0978
0.1318
0.2459
0.2165
0.3265
0.2761
0.16610000000000003
0.017
0.0109
0.0082
0.0059
0.0046
0.004999999999999999
0.0053
0.0102
0.016800000000000002
0.0304
0.0528
0.10880000000000001
0.0633
0.0702
0.09989999999999999
0.12
0.1426
0.1015
0.1129
0.11449999999999999
0.0844
0.0448
0.0238
0.015099999999999999
0.1095
0.09129999999999999
0.0865
0.08360000000000001
0.0803
0.0865
0.0951
0.1563
0.18409999999999999
0.1199
0.2818
0.4858
0.1207
0.1169
0.1481
0.2946
0.3456
0.8013
0.6577
0.2761
0.3083
0.3265
0.2563
0.1822
0.1041
0.0965
0.0962
0.0933
0.0841
0.1052
0.09659999999999999
0.7738999999999999
0.5633
0.24870000000000003
0.1413
0.2614
0.2138
0.119
0.0734
0.1056
0.3546
0.2334
0.6552
0.112
0.1467
0.1612
0.1603
0.14100000000000001
0.0584
0.0385
0.025300000000000003
0.0253
0.0233
0.041499999999999995
0.045399999999999996
0.0408
0.046
0.079
0.35409999999999997
0.317
0.49219999999999997
0.12340000000000001
0.1205
0.2479
1.3115999999999999
0.3645
0.5613
0.9461999999999999
0.9390000000000001
0.6305000000000001
0.5742
0.1951
2.3777
0.6994
0.38480000000000003
0.4749
0.4316
0.474
0.6161
0.7199
0.8409
0.8141
0.8220000000000001
0.8022
0.7525999999999999
0.6544
0.575
0.5319
0.5506
3.3022
2.9579
3.0754
4.9977
3.7224000000000004
1.8439
1.0893000000000002
0.1436
0.1127
0.1082
0.11410000000000001
0.1081
0.11130000000000001
0.122
0.1402
0.16599999999999998
0.1544
0.0958
0.34730000000000005
0.3349
0.8619
0.24559999999999998
0.1281
0.1393
0.6963
0.223
0.1436
0.22
0.1746
0.1565
0.3108
0.1946
0.2079
0.22160000000000002
0.2145
0.2435
0.2525
0.3241
0.35350000000000004
0.3647
0.2399
0.156
0.1047
0.9139999999999999
1.4109
0.9836
2.5447
1.573
1.3598
0.47309999999999997
1.4969000000000001
1.5497999999999998
0.4343
0.2738
0.2096
0.0
0.0
0.0
0.0
0.0
0.0
0.0
0.0
0.0
0.5525
1.585
0.1813
0.0
0.0
0.0
0.0
0.0
0.0
0.0
0.0
0.0
0.0
0.0779
0.0261
0.1762
0.1628
0.1545
0.1529
0.1736
0.187
0.2237
0.27749999999999997
0.32089999999999996
0.3367
0.2868
0.22360000000000002
0.722
0.524
0.2985
0.3106
0.5285
1.4169
1.0158
0.6783
0.5428999999999999
0.4347
0.27949999999999997
0.1935
0.1855
0.17880000000000001
0.1725
0.1776
0.1926
0.2561
0.27859999999999996
0.2497
0.2405
0.2953
0.304
0.2741
0.4572
0.2945
0.28259999999999996
0.3136
1.3418999999999999
1.0703
0.6496999999999999
0.3466
0.3015
0.248
0.2136
0.1908
0.12530000000000002
0.1175
0.1139
0.11380000000000001
0.1071
0.1192
0.22039999999999998
0.9701000000000001
0.5518000000000001
0.6605000000000001
0.2626
0.4253
0.35
0.3808
0.2605
0.27499999999999997
0.3165
0.2274
0.1869
0.1535
0.1718
0.1723
0.16499999999999998
0.14150000000000001
0.1608
0.1403
0.1264
0.12940000000000002
0.12259999999999999
0.1222
0.1194
0.4653
0.26940000000000003
0.1317
0.1181
0.1301
0.17049999999999998
0.1423
0.1328
0.1511
0.17809999999999998
1.1925
0.42879999999999996
0.4662
0.376
0.3071
0.2974
0.235
0.0171
0.0113
0.0068000000000000005
0.0063999999999999994
0.0048000000000000004
0.0077
0.011300000000000001
0.0125
0.0037
0.0112
0.0212
0.021900000000000003
0.017
0.0173
0.032299999999999995
0.08410000000000001
0.1022
0.0713
0.0849
0.06509999999999999
0.054000000000000006
0.044700000000000004
0.0365
0.0242
0.3066
0.26039999999999996
0.2371
0.2397
0.2277
0.2337
0.2475
0.2997
0.3711
0.34409999999999996
0.43520000000000003
0.4051
0.4155
0.4279
1.7708
1.0368
0.6917
1.2694
0.4071
0.3399
1.0749
1.6263999999999998
0.4521
0.3454
0.1058
0.1293
0.1426
0.1526
0.13219999999999998
0.17159999999999997
0.47900000000000004
1.0066
0.1041
0.437
0.057999999999999996
0.018099999999999998
0.023
0.0208
0.0129
0.009600000000000001
0.0208
0.029400000000000003
0.3877
0.0211
0.0458
0.054000000000000006
0.0624
0.06720000000000001
0.1197
0.10999999999999999
0.1084
0.1053
0.1086
0.1464
0.3145
0.19669999999999999
0.1387
0.137
0.1689
0.1481
0.1361
0.14579999999999999
0.1389
0.2033
0.2382
0.1089
0.09509999999999999
0.1113
0.13540000000000002
0.1531
0.14450000000000002
0.1286
0.12480000000000001
0.1257
0.12719999999999998
0.1336
0.1436
0.14600000000000002
0.1416
0.1442
0.1461
0.173
0.1956
0.1755
0.1756
0.24309999999999998
0.1955
0.2165
0.22599999999999998
0.2136
0.2455
0.1847
0.1527
0.1191
0.0996
0.099
0.0563
0.0446
0.032299999999999995
0.0343
0.0343
0.0325
0.0503
0.087
0.1067
0.22039999999999998
0.3879
0.10089999999999999
0.5374
0.26
0.28800000000000003
0.3558
0.6441
0.3526
0.4468
0.4818
0.34099999999999997
0.4181
0.2957
0.1057
0.1142
0.11019999999999999
0.1022
0.1117
0.20700000000000002
0.307
0.2107
0.21289999999999998
0.2597
0.3242
0.2251
0.12410000000000002
0.2465
0.3801
0.35640000000000005
0.248
0.2118
0.15539999999999998
0.14129999999999998
0.3432
0.31579999999999997
0.36719999999999997
0.20550000000000002
0.1258
0.174
0.1676
0.1642
0.1646
0.1691
0.1969
0.2654
0.2592
0.2398
0.2432
0.2193
0.2347
0.3392
0.26239999999999997
0.2661
0.2639
0.263
0.2822
0.2123
0.2071
0.20379999999999998
0.201
0.19090000000000001
0.1768
0.0755
0.0637
0.0649
0.0619
0.06709999999999999
0.0817
0.1573
0.1447
0.11149999999999999
0.43210000000000004
0.5596000000000001
0.5108999999999999
0.5949
0.1293
0.14780000000000001
0.6192
0.20550000000000002
0.19
0.2097
0.21550000000000002
0.2318
0.2534
0.218
0.1313
0.16449999999999998
0.1507
0.13540000000000002
0.1312
0.1311
0.1525
0.15839999999999999
0.2012
1.3816
0.6032
0.5362
0.5654
0.41169999999999995
0.39239999999999997
0.3869
1.4936
0.4246
0.42510000000000003
0.6427
0.6905
0.6923
0.9637
1.249
0.4508
0.2195
0.1971
0.1773
0.1769
0.18109999999999998
0.1891
0.1923
0.22999999999999998
0.2066
0.19469999999999998
0.5414
0.2433
0.183
0.15910000000000002
0.14800000000000002
0.14629999999999999
1.0135
1.5408
0.5484
0.1689
0.27549999999999997
0.6472
0.29610000000000003
0.2429
0.8829
0.0
0.045
0.5095000000000001
1.5327
2.2619
0.5263
0.0768
0.10729999999999999
0.1028
0.5529999999999999
0.8542000000000001
0.15230000000000002
0.0
0.0
0.0
0.4192
0.9464
0.8341
0.0
0.0
0.0
0.0
0.0
0.0996
0.0937
0.0901
0.08760000000000001
0.0847
0.0936
0.1407
0.4748
0.2944
0.23600000000000002
0.2751
0.34440000000000004
0.2653
0.2379
0.2316
0.4009
1.2015
0.7613
0.40290000000000004
0.3028
0.2704
0.215
0.1525
0.1131
0.2966
0.3094
0.29500000000000004
0.3459
0.6042
0.39880000000000004
0.0974
0.0854
0.0547
0.014400000000000001
0.0078
0.0092
0.0245
0.022
0.0421
0.1314
0.2542
0.1822
1.5835000000000001
2.2847999999999997
3.0511999999999997
0.7544
0.4434
0.3669
0.0863
0.0815
0.0814
0.0809
0.0797
0.0915
0.1325
0.2296
0.16870000000000002
0.1086
0.07769999999999999
0.0626
0.06989999999999999
0.075
0.1053
0.5633
0.8627
0.5709
0.4258
0.5356000000000001
0.5545
0.4673
0.2007
0.1129
0.1425
0.1426
0.1391
0.14229999999999998
0.1424
0.1592
0.2044
0.2531
0.3228
0.3794
0.45220000000000005
1.0556
0.28559999999999997
0.29710000000000003
0.2966
0.3126
0.2606
0.267
0.3573
0.31930000000000003
0.35850000000000004
0.2848
0.17959999999999998
0.1481
0.2131
0.18
0.15699999999999997
0.149
0.13979999999999998
0.1362
0.1336
0.1371
0.1321
0.133
0.13540000000000002
0.1352
0.1553
0.1757
0.3058
0.3078
0.38689999999999997
0.6254
0.4031
0.5793999999999999
0.4708
0.2909
0.23149999999999998
0.2125
0.0266
0.0193
0.0243
0.0093
0.0029
0.0191
0.0
0.0165
2.8078000000000003
1.6564
0.7226
0.2232
0.21300000000000002
0.48860000000000003
1.4455
0.6860999999999999
0.7175
1.1984
1.4364
1.3841
0.6132
0.2683
0.1416
0.0701
0.0847
0.0916
0.0912
0.09129999999999999
0.0925
0.1104
0.1523
0.2082
0.5323
0.0827
0.4085
0.3651
0.4403
0.18830000000000002
0.1989
0.2167
0.4093
0.2522
0.2128
0.41359999999999997
0.1627
0.1193
0.0801
0.07650000000000001
0.376
0.3395
0.3055
0.2881
0.2569
0.2495
0.29369999999999996
1.028
0.2198
0.0516
0.0365
0.027200000000000002
0.0506
0.0686
0.1288
0.23870000000000002
0.4872
0.37350000000000005
1.2571
1.2730000000000001
0.4484
0.24219999999999997
0.20750000000000002
0.1986
0.1901
0.1795
0.1807
0.1739
0.1749
0.1866
0.2079
0.2394
0.33540000000000003
0.5589
0.5612999999999999
0.8806999999999999
0.6977
0.48319999999999996
0.6146
0.8142
0.47329999999999994
0.3741
0.3984
0.3982
0.3515
0.3033
0.2437
0.2081
0.036
0.0315
0.030100000000000002
0.0317
0.030699999999999998
0.0282
0.030899999999999997
0.045200000000000004
0.0763
0.0702
0.0262
0.0133
0.013600000000000001
0.0172
0.0096
0.014499999999999999
0.0692
0.0616
0.0852
0.0886
0.062299999999999994
0.0629
0.0538
0.040400000000000005
0.0364
0.0159
0.0228
0.0474
0.0687
0.5031
1.2916
0.7354
0.4323
0.135
0.15560000000000002
0.3308
1.8202
0.7059
0.6092
1.5808
1.3045
2.048
1.1905999999999999
0.8105
0.2732
0.1385
0.0853
0.0663
0.2754
0.26990000000000003
0.275
0.279
0.2645
0.2592
0.2602
0.3205
0.44389999999999996
0.2849
0.1718
0.1633
0.1751
0.2058
0.21450000000000002
0.2249
0.19990000000000002
0.1624
0.17149999999999999
0.6324000000000001
0.6508
1.0918
0.571
0.2742
0.0516
0.0491
0.056999999999999995
0.0494
0.0495
0.060200000000000004
0.0862
0.1266
0.196
0.156
0.38149999999999995
0.21250000000000002
0.20529999999999998
0.1581
0.2425
1.0956000000000001
0.1973
0.12340000000000001
0.1403
0.22499999999999998
0.16749999999999998
0.10189999999999999
0.0536
0.0466
0.1289
0.1119
0.10969999999999999
0.1048
0.0953
0.0818
0.0669
0.0669
0.061
0.7102
0.0658
0.043300000000000005
0.039599999999999996
0.0475
0.0511
0.0882
0.1721
0.1071
0.23550000000000001
0.4522
0.19190000000000002
0.23320000000000002
0.30979999999999996
0.2167
0.08460000000000001
0.0795
0.0694
0.0761
0.0711
0.07400000000000001
0.0981
0.215
0.6807000000000001
0.8125
0.1473
0.1305
0.1654
0.1866
0.2078
0.1666
0.1103
0.1234
0.0828
0.925
0.3752
0.1794
0.1295
0.0963
0.1545
0.1454
0.1373
0.1285
0.1395
0.15360000000000001
0.1833
0.1998
0.1768
0.24080000000000001
0.19169999999999998
0.1567
0.15539999999999998
0.1592
0.1503
0.1728
0.333
0.4527
1.3772
1.1843
0.5202
0.6897
0.5447
0.2384
0.1153
0.094
0.0853
0.0771
0.0721
0.0767
0.07899999999999999
0.0994
0.09720000000000001
0.1096
0.1058
0.0894
0.33840000000000003
0.2102
0.402
0.3974
0.785
0.7435
0.2675
0.2937
0.1986
0.21239999999999998
0.3188
0.2345
0.0182
0.0218
0.027700000000000002
0.0275
0.0253
0.11199999999999999
0.6422
0.0702
0.0565
0.0593
0.0487
0.0342
0.0673
0.0827
0.1241
0.5387
0.0819
0.0648
0.0833
0.12310000000000001
0.3368
0.21760000000000002
0.17720000000000002
0.4185
0.1375
0.066
0.06029999999999999
0.0402
0.0351
0.053599999999999995
0.079
0.07650000000000001
0.2663
0.3417
0.36650000000000005
0.7884
0.0616
0.06939999999999999
0.1531
0.6456
1.4354
2.2222
0.7109000000000001
0.24630000000000002
0.17170000000000002
0.1412
0.5687
0.4613
0.1096
0.0996
0.0993
0.1038
0.1038
0.1232
0.1809
0.32299999999999995
0.42410000000000003
0.34609999999999996
0.9643
1.5785
0.7946
0.48050000000000004
1.0404
0.8843000000000001
1.0861
1.2624
0.6084
0.6827
0.9248999999999999
0.531
0.2578
0.1553
0.1096
0.0828
0.07669999999999999
0.07519999999999999
0.0736
0.0814
0.0938
0.1204
0.2046
0.8068
0.4817
0.49440000000000006
0.5549999999999999
1.2229
0.5757
0.8122
0.9381999999999999
0.3772
0.3536
0.40469999999999995
0.4336
0.5023
0.6554
0.2659
0.1277
0.111
0.11829999999999999
0.1121
0.0928
0.0892
0.1137
0.2112
0.0
0.0
0.0
0.0
0.0
0.0
0.0
0.104
0.2348
0.0
0.3671
0.3646
0.0989
0.0576
0.07680000000000001
0.1102
0.0838
0.059300000000000005
0.0764
0.0711
0.0727
0.14579999999999999
1.4715
0.819
0.5752
0.8851
2.8622
1.8253
1.4266
0.8805000000000001
1.4009999999999998
1.0274
1.8562
1.0224
0.5697
0.5181
0.4125
0.2764
0.1807
0.1374
0.1684
0.1613
0.1526
0.14679999999999999
0.1418
0.1469
0.1542
0.1769
0.2075
0.4229
0.5381
0.3426
0.6174999999999999
0.33640000000000003
0.2508
0.2205
0.19190000000000002
0.2022
0.36150000000000004
0.5294
0.3556
0.29200000000000004
0.227
0.1849
0.0616
0.0555
0.046
0.044300000000000006
0.0432
0.045700000000000005
0.0554
0.0766
0.1068
0.1851
0.6343
0.1026
0.1481
0.2037
0.23919999999999997
0.1288
0.1511
0.3725
0.11030000000000001
0.10500000000000001
0.3311
0.4899
0.11560000000000001
0.0595
0.1592
0.1553
0.14889999999999998
0.16699999999999998
0.19669999999999999
0.1883
0.165
0.1573
0.1496
0.1582
0.1385
0.1306
0.20600000000000002
0.3081
0.2601
0.5032
1.0467
0.4989
0.345
0.4438
0.274
0.3174
0.3171
0.2158
0.36450000000000005
0.33699999999999997
0.3345
0.3297
0.29700000000000004
1.0305
0.5566
0.3876
0.2823
0.633
0.8361000000000001
1.6162999999999998
1.3717000000000001
0.2115
0.2794
0.311
1.3061
0.3507
0.2984
0.2448
0.25170000000000003
0.27349999999999997
0.3088
0.3166
0.15739999999999998
0.1459
0.1419
0.1336
0.1251
0.1385
0.1355
0.42400000000000004
0.7939
0.4637
0.15439999999999998
0.1661
0.2082
0.21239999999999998
0.2676
0.2617
0.1347
0.1292
0.12279999999999999
0.10569999999999999
0.108
0.1426
0.2524
0.2264
0.16049999999999998
0.14689999999999998
0.136
0.1303
0.12090000000000001
0.1167
0.1069
0.1658
0.24270000000000003
0.0989
0.0667
0.05450000000000001
0.0571
0.0622
0.0789
0.1145
0.18280000000000002
0.3405
0.2368
0.251
0.2097
0.19979999999999998
0.2117
0.1825
0.0
0.0
0.0
0.0
0.0
0.0
0.0
0.0
0.0017
0.0
0.0
0.0
0.0
0.0
0.0
0.0
0.0
0.0128
0.0
0.0
0.0
0.0
0.0
0.0
0.047799999999999995
0.0411
0.0399
0.0337
0.0349
0.030100000000000002
0.0427
0.0626
0.11960000000000001
0.3483
0.3106
0.6228
1.0423
0.9097
0.0471
0.0718
1.6905000000000001
0.192
0.2524
0.1885
0.27849999999999997
0.3385
0.2904
0.1152
0.053
0.054
0.0698
0.07239999999999999
0.052599999999999994
0.0454
0.028200000000000003
0.014599999999999998
0.0089
0.0136
0.0029
0.0
0.0
0.0
0.1447
0.3264
1.0225
0.2707
0.1417
0.6679999999999999
0.3338
0.15889999999999999
0.0368
0.0348
0.1159
0.11199999999999999
0.1008
0.0969
0.0885
0.0911
0.08460000000000001
0.08560000000000001
0.077
1.0082
0.5779
0.4366
0.5132
0.087
0.05790000000000001
0.0803
0.09620000000000001
0.1247
0.1887
0.21250000000000002
0.21939999999999998
0.1978
0.18580000000000002
0.1502
0.1782
0.1396
0.12290000000000001
0.11410000000000001
0.1079
0.1061
0.1124
0.12689999999999999
0.1394
0.1686
0.2706
0.2578
0.5529999999999999
0.3714
0.1775
0.1476
0.16199999999999998
0.3977
0.9617
0.6516
0.4604
0.4232
0.3598
0.2647
0.2138
0.2049
0.1976
0.191
0.2
0.2092
0.22970000000000002
0.2915
0.3363
0.3366
0.5153
0.41400000000000003
1.4819
0.503
0.2945
0.3095
0.8212
0.3544
0.3498
0.34740000000000004
0.35109999999999997
0.3066
0.2511
0.22089999999999999
0.2481
0.2254
0.2143
0.2015
0.19119999999999998
0.2007
0.2039
0.2142
0.2225
0.2394
0.2256
0.2309
0.491
0.7177
0.3915
1.4771999999999998
2.0034
0.7015
0.5799
0.6203000000000001
1.6677
0.6617999999999999
0.4203
0.3093
0.2448
0.4252
0.2767
0.2082
0.1817
0.1751
0.19190000000000002
0.1789
0.6700999999999999
1.5068000000000001
1.0367
0.4629
0.7954
0.5195
0.9367
0.2363
0.2475
0.2539
0.32520000000000004
0.3284
0.27290000000000003
0.2576
0.237
0.2133
0.1391
0.1281
0.1216
0.1351
0.19469999999999998
0.214
0.1605
0.1269
0.1366
0.1484
0.1381
0.1331
0.19690000000000002
0.2665
0.1603
0.1731
0.2419
0.5912
0.5626
0.7818
0.5187999999999999
0.47090000000000004
0.2446
0.16999999999999998
0.0683
0.0308
0.0211
0.024600000000000004
0.0184
0.0195
0.0229
0.0373
0.0658
0.0926
0.1099
0.2999
0.474
0.7046
0.1825
0.1365
1.079
0.6252
0.6148
0.81
0.8595
0.5635
0.4606
0.2278
0.2162
0.1906
0.2097
0.194
0.184
0.1803
0.2156
0.27390000000000003
0.34319999999999995
0.6446000000000001
0.8512
2.072
0.9989000000000001
0.7958000000000001
2.7354000000000003
0.3971
0.3141
0.3055
1.107
0.634
0.4988
0.4161
0.3327
0.27090000000000003
0.0351
0.0344
0.039599999999999996
0.0337
0.03949999999999999
0.0526
0.1076
0.2791
0.2252
0.4739
0.354
0.5559999999999999
0.1843
0.1708
0.1862
0.4688
0.4333
0.3801
0.11530000000000001
0.0907
0.0727
0.037099999999999994
0.032799999999999996
0.033
0.0377
0.0547
0.0553
0.0382
0.0569
0.2014
0.44999999999999996
0.1639
0.30710000000000004
1.5560999999999998
0.3906
0.12190000000000001
0.3221
0.2407
0.1592
0.129
0.7823
0.3671
0.25029999999999997
0.2765
0.46399999999999997
0.3353
0.07289999999999999
0.056499999999999995
1.1983000000000001
1.6219000000000001
1.1947
0.9881
0.5989
0.9117999999999999
0.6264000000000001
0.09359999999999999
0.0885
0.0952
0.10139999999999999
0.09570000000000001
0.2314
0.3116
0.3066
0.1571
0.10919999999999999
0.1195
0.12340000000000001
0.3049
0.5286
0.2188
0.1764
0.1366
0.0
0.0
0.0
0.0
0.0
0.0
0.8011
0.1285
0.0
0.0
0.0
0.0
0.0
0.0
0.0
0.0
0.045
0.0122
1.252
0.6325000000000001
0.5325
0.4344
0.14450000000000002
0.0593
0.1147
0.1051
0.0993
0.0985
0.0944
0.0902
0.0939
0.1134
0.1632
0.1323
0.0907
0.1263
0.1328
0.1042
0.097
0.0959
0.17980000000000002
0.4194
0.3389
0.1495
0.1665
0.1502
0.13929999999999998
0.12459999999999999
0.0771
0.0721
0.0711
0.07089999999999999
0.0749
0.0965
0.3145
0.2778
0.2027
0.1931
0.1349
0.1071
0.1147
0.13740000000000002
0.1422
0.1666
0.1987
0.1597
0.1271
0.11860000000000001
0.12240000000000001
0.11760000000000001
0.0932
0.0764
0.0303
0.027999999999999997
0.028
0.0252
0.0236
0.0194
0.013600000000000001
0.0144
0.0733
0.31779999999999997
0.0151
0.052
0.0404
0.0461
0.0791
0.7198
0.07469999999999999
0.0811
0.2458
0.7518
0.1215
0.0246
0.0096
0.0285
0.14650000000000002
0.1251
0.1089
0.0988
0.0972
0.0965
0.09090000000000001
0.0879
0.0698
0.329
0.4063
0.43989999999999996
0.2731
0.1636
0.0922
0.1142
0.15139999999999998
0.2566
0.2237
0.21089999999999998
0.1975
0.2218
0.3029
0.2425
0.456
0.4346
0.4319
0.486
0.7263
1.3959000000000001
1.0867
0.7081999999999999
0.5327
0.4899
0.4887
0.6726000000000001
1.4258000000000002
0.6377999999999999
0.5375
0.5515
0.8772
1.8246
1.6923
0.9317
0.7007000000000001
0.538
0.4577
0.42810000000000004
0.0816
0.0738
0.0685
0.0674
0.06620000000000001
0.06620000000000001
0.066
0.0758
0.132
0.15560000000000002
0.10189999999999999
0.0674
0.057499999999999996
0.0759
0.08410000000000001
0.089
0.1252
0.2016
0.1825
0.15789999999999998
0.16549999999999998
0.1937
0.1508
0.1002
0.3146
0.27249999999999996
0.2536
0.2483
0.2393
0.245
0.26
0.2966
0.59
0.5206
0.7786
1.0237
0.4071
0.4466
0.9206000000000001
0.8875
1.161
1.8226
0.6276
0.5642
0.6737
0.766
0.5919
0.42869999999999997
0.1163
0.1177
0.1121
0.1046
0.0921
0.0879
0.09240000000000001
0.11610000000000001
0.16899999999999998
0.4113
0.1391
0.19619999999999999
0.3222
0.1243
0.3282
0.2254
0.1054
0.3178
0.3727
0.0807
0.0822
0.0763
0.08940000000000001
0.0937
0.1402
0.1189
0.1152
0.10669999999999999
0.0989
0.0955
0.0938
0.17859999999999998
0.274
0.0917
0.07100000000000001
0.0694
0.1071
0.0807
0.06939999999999999
0.8474999999999999
0.2782
0.6391
0.3488
0.3386
0.2051
0.1893
0.1973
0.1759
0.1256
0.1169
0.1137
0.1131
0.11019999999999999
0.122
0.1746
0.5141
0.24409999999999998
0.1676
0.136
0.1266
0.1494
0.1639
0.2828
0.7742
0.38449999999999995
0.5219
0.6757
0.4326
0.5053
0.4367
0.2438
0.16060000000000002
0.4313
0.3855
0.4017
0.5141
0.529
0.4995
0.5546
0.484
0.4577
0.5279
0.4634
0.43
0.671
0.4432
0.3556
1.2671999999999999
0.53
0.47919999999999996
1.9647000000000001
0.7868
0.45589999999999997
0.4948
0.7281
0.487
0.0717
0.0533
0.0432
0.0532
0.052
0.0653
0.0633
0.0427
0.0202
0.031
0.010499999999999999
0.0103
0.063
0.0622
0.048100000000000004
0.074
0.6758
1.1488
1.6618
0.40690000000000004
0.4021
0.34030000000000005
0.2978
0.1966
0.0
0.0
0.0
0.0
0.0
0.0
0.0
0.0
0.0
0.0
0.0
1.2741
0.073
0.0
0.0
0.0036
1.2855
0.0
0.0
0.0
0.0
0.006
0.0
0.0
0.1296
0.1211
0.116
0.11449999999999999
0.1164
0.125
0.14650000000000002
0.16799999999999998
0.1992
0.2479
0.19790000000000002
0.2094
0.21610000000000001
0.1921
0.1747
0.18180000000000002
0.248
0.2299
0.2082
0.1989
0.20700000000000002
0.21000000000000002
0.1891
0.155
0.1366
0.1357
0.1122
0.1058
0.09620000000000001
0.0962
0.10439999999999999
0.1336
0.2279
0.1866
0.27449999999999997
0.21289999999999998
0.197
0.2094
0.3742
0.1809
0.153
0.2108
1.2528000000000001
0.4095
0.4424
0.3867
0.29810000000000003
0.2029
0.3451
0.2389
0.29710000000000003
0.23809999999999998
0.2909
0.4921
2.0676
1.6225
0.4062
0.1062
0.1187
0.1965
0.1494
0.1159
0.1007
0.081
0.2237
1.0852
0.4174
0.044399999999999995
0.1131
0.11860000000000001
0.1143
0.1245
0.029699999999999997
0.0208
0.0276
0.022600000000000002
0.0247
0.033
0.0361
0.054599999999999996
0.0912
0.22049999999999997
0.38539999999999996
1.5693000000000001
1.1329
0.8654
0.1521
0.1382
0.2803
0.6189
0.3386
0.30269999999999997
0.2378
0.1722
0.11729999999999999
0.0683
0.078
0.0739
0.077
0.08879999999999999
0.0864
0.13340000000000002
0.2811
0.2878
0.1663
0.055099999999999996
0.023700000000000002
0.0149
0.036199999999999996
0.0503
0.07619999999999999
0.0325
1.4167
0.0535
0.019299999999999998
0.3045
0.3175
0.1676
0.0926
0.0633
0.1426
0.1028
0.0811
0.068
0.057999999999999996
0.0531
0.0343
0.0289
0.029
0.033299999999999996
0.0918
0.2235
0.0216
0.0832
0.17309999999999998
0.1023
0.395
1.0225
0.305
0.1565
0.22510000000000002
0.1938
0.128
0.1293
0.298
0.2488
0.2508
0.2318
0.22749999999999998
0.2707
0.5226
0.8271
0.4359
0.3235
0.28500000000000003
0.32
0.45740000000000003
0.3879
0.34430000000000005
0.5655
0.5553
0.9113
0.7078
1.7913000000000001
0.9655
0.6028
0.5042
0.3607
0.0973
0.09
0.0911
0.0942
0.0952
0.10339999999999999
0.3062
0.2849
0.12430000000000001
0.0971
0.0958
0.0302
0.043800000000000006
0.0563
0.1538
0.1745
0.09620000000000001
0.0628
0.0468
0.056900000000000006
0.057300000000000004
0.1011
0.113
0.08979999999999999
0.1716
0.1476
0.1405
0.1414
0.1405
0.15489999999999998
0.733
0.22549999999999998
0.0915
0.09240000000000001
0.1031
0.08
0.0895
0.0927
0.1259
0.1389
0.1629
0.21300000000000002
0.4919
0.39170000000000005
0.1961
0.22310000000000002
0.1984
0.1673
0.015200000000000002
0.0077
0.0138
0.0133
0.0043
0.016300000000000002
0.0193
0.0057
0.0
0.0
0.28
0.31320000000000003
0.0101
0.35750000000000004
0.0237
0.7100000000000001
1.0694
0.057800000000000004
0.2278
0.0412
0.0008
0.0
0.012400000000000001
0.0172
0.1021
0.0823
0.0741
0.0767
0.06639999999999999
0.07150000000000001
0.07819999999999999
0.1607
0.4373
0.1472
0.1091
0.13119999999999998
0.1535
0.1489
0.1623
0.2288
0.7054
0.7925
0.2128
0.2163
0.6596
0.40900000000000003
0.3039
0.17709999999999998
0.0887
0.08
0.0764
0.0796
0.0874
0.1091
0.15610000000000002
0.2224
0.2651
0.3944
0.7793
0.4459
0.3664
0.3012
0.2984
0.35660000000000003
0.4678
1.4674999999999998
0.381
0.33430000000000004
0.34850000000000003
0.274
0.16649999999999998
0.1126
0.0907
0.0834
0.08449999999999999
0.0995
0.1321
0.224
0.0718
0.0638
0.0502
0.042800000000000005
0.037099999999999994
0.0463
0.0535
0.0835
0.0793
0.0633
0.0953
0.0995
0.0235
0.0197
0.0668
0.0791
0.0688
0.0635
0.161
0.16
0.1703
0.1681
0.1694
0.17980000000000002
0.2257
0.2367
0.25680000000000003
0.2782
0.4049
0.2266
0.2463
0.5072
0.808
0.27790000000000004
0.2367
0.2375
0.8047
0.2907
0.2962
0.2299
0.1656
0.1526
0.0839
0.0733
0.0736
0.0686
0.0754
0.08049999999999999
0.1043
0.1615
0.2657
0.869
0.39790000000000003
0.3075
0.3646
0.2444
0.2052
0.2067
0.7557
1.0430000000000001
0.7726000000000001
0.4804
0.4236
0.2763
0.155
0.0937
0.1833
0.18309999999999998
0.1771
0.178
0.1786
0.1935
0.1995
0.2005
0.1997
0.2049
0.2141
0.1992
0.24930000000000002
0.24080000000000001
0.2548
0.227
0.20939999999999998
0.28800000000000003
0.2881
0.3024
0.2569
0.21650000000000003
0.1789
0.164
0.0519
0.041
0.032299999999999995
0.0395
0.0398
0.032299999999999995
0.0347
0.0439
0.0376
0.0737
0.3598
0.7196
0.49960000000000004
0.355
0.1263
0.0801
0.11030000000000001
0.6516
0.2692
0.41759999999999997
1.0011
0.203
0.1213
0.0699
0.0519
0.0434
0.040999999999999995
0.0352
0.0382
0.039099999999999996
0.0445
0.7538
0.19110000000000002
0.1609
0.18819999999999998
0.27349999999999997
0.19540000000000002
0.1487
0.105
0.1146
0.28459999999999996
0.5796
0.5565
0.2558
0.3045
0.37370000000000003
0.2992
0.1256
0.0753
0.0552
0.0596
0.0586
0.0468
0.0338
0.33609999999999995
0.5385
0.0
0.0
0.0
0.0
0.0
0.0
0.0
0.5332
0.2913
0.2842
0.5678
0.4278
0.6335
0.3063
0.2361
0.1795
0.0576
0.0354
0.038099999999999995
0.0668
0.099
0.2214
0.9404999999999999
1.0058
0.6682
0.1279
0.23220000000000002
1.5889
1.0906
0.6271
0.6780999999999999
1.0529
0.6946
1.8433
1.0939999999999999
1.0267
0.2526
0.1642
0.11399999999999999
0.0958
0.0187
0.0123
0.022
0.019799999999999998
0.02
0.0188
0.0376
0.06129999999999999
0.0693
0.057999999999999996
0.0821
0.5548
0.1613
0.0708
0.0653
0.9237
0.8479
1.0574000000000001
0.7031000000000001
0.3063
0.2111
0.08940000000000001
0.0348
0.0225
0.0288
0.0421
0.0483
0.0482
0.0575
0.10969999999999999
0.19140000000000001
0.7845
0.5404
0.7495
0.3758
0.38959999999999995
0.9313
0.2249
0.1513
0.8669
0.2914
0.2197
0.9737
0.1848
0.0985
0.0843
0.0639
0.0444
0.0451
0.0407
0.0378
0.04
0.0411
0.0651
0.0674
0.044399999999999995
0.039099999999999996
0.0597
0.0508
0.0242
0.029199999999999997
0.0416
0.0403
0.034100000000000005
0.0154
0.0313
0.0296
0.0262
0.055900000000000005
0.0867
0.0675
0.0464
0.1593
0.11960000000000001
0.11599999999999999
0.1063
0.10550000000000001
0.1218
0.25780000000000003
0.3316
0.4801
0.8423
0.1331
0.12129999999999999
0.12390000000000001
0.2679
0.45640000000000003
0.1996
0.1572
0.5067999999999999
0.0433
0.055
0.0707
0.0786
0.1115
0.10700000000000001
0.2813
0.2736
0.26739999999999997
0.2647
0.2753
0.3332
0.5083
0.33640000000000003
0.23909999999999998
0.2252
0.212
0.1649
0.1552
0.1444
0.1419
0.1546
0.18309999999999998
0.264
0.3836
0.32030000000000003
0.2833
0.2703
0.2299
0.2197
0.0
0.0
0.0
0.0022
0.014
0.1256
0.07730000000000001
0.0479
0.0401
0.058499999999999996
0.0638
0.024599999999999997
0.0953
0.0637
0.0679
0.0424
0.007299999999999999
0.00039999999999999996
0.0073
0.0409
0.0074
0.0
0.0
0.0
0.0
0.0
0.0036
0.0
0.0
0.0
0.0
0.0
0.0
0.0
0.0
0.3545
0.0
0.5749
0.0
0.11130000000000001
1.4836
0.0
0.1946
0.0589
0.5705
0.0
0.0
0.0
0.1152
0.111
0.1046
0.10089999999999999
0.1001
0.27480000000000004
0.3351
0.18030000000000002
0.1554
0.1447
0.14179999999999998
0.1417
0.7431
0.18359999999999999
0.2714
0.8947
0.724
0.41709999999999997
0.4797
0.6476
0.2691
0.2131
0.16449999999999998
0.1381
0.0584
0.059
0.0555
0.054
0.0552
0.0732
0.20479999999999998
0.4343
0.41690000000000005
0.2801
0.20350000000000001
0.20450000000000002
0.2659
0.2683
0.221
0.1885
0.3839
0.3372
0.27
0.5573
0.3589
0.17980000000000002
0.08280000000000001
0.0644
0.1266
0.1207
0.11760000000000001
0.1131
0.112
0.1218
0.1408
0.1566
0.2005
0.22
0.19629999999999997
0.1888
0.1727
0.22749999999999998
0.386
0.2691
0.5172
0.6191
0.5606
0.7158
0.287
0.1848
0.122
0.1169
0.059
0.0461
0.04
0.0519
0.0599
0.1488
0.0198
0.0
0.0
0.0
0.0
0.0
0.0
0.0
0.0
0.059399999999999994
0.1492
0.9544
0.1101
0.0998
0.26680000000000004
0.1293
0.0536
0.0441
0.1743
0.1503
0.1416
0.1528
0.1416
0.15539999999999998
0.2806
1.7186
1.2325
0.5697
0.5935
0.4222
0.4072
0.4351
0.3515
0.2824
0.24780000000000002
1.4466999999999999
2.1749
1.4834
0.6767
0.37
0.2412
0.1887
0.01
0.002
0.0005
0.0066
0.0035
0.0069
0.0
0.3958
0.5328999999999999
0.1631
0.0353
0.034
0.1069
0.135
0.1388
0.08199999999999999
0.7447
0.6056
0.0207
0.0017
0.0
0.2579
0.1904
0.0197
0.1926
0.1688
0.1602
0.1553
0.1537
0.1483
0.1649
0.2036
0.19369999999999998
0.351
0.29569999999999996
0.2022
0.43879999999999997
0.8285
0.3093
0.41600000000000004
0.5233
0.32289999999999996
1.1697
0.4286
0.2505
0.30679999999999996
0.317
0.271
0.0503
0.0409
0.0357
0.0351
0.0319
0.0314
0.0357
0.054900000000000004
0.0968
0.2365
0.511
0.3286
0.1249
0.4178
0.3432
0.1143
0.166
0.2612
0.1371
0.1502
0.1671
0.1694
0.13440000000000002
0.0797
0.1938
0.1641
0.1534
0.14950000000000002
0.1317
0.1411
0.1484
0.1759
0.2147
0.25329999999999997
0.2987
0.3965
0.3144
0.3133
0.5269
0.3581
1.8491
0.2834
0.24120000000000003
0.2989
0.3906
0.3933
0.3439
0.25
0.1225
0.1255
0.1286
0.1302
0.1313
0.1487
0.23609999999999998
0.3217
0.2457
0.1475
0.1477
0.14579999999999999
0.1361
0.1668
0.2163
0.1961
0.13679999999999998
0.1505
0.1925
0.203
0.2007
0.1332
0.0911
0.0913
0.062
0.0442
0.029200000000000004
0.0514
0.066
0.0646
0.2722
1.0688
0.5778000000000001
0.7198
1.1704999999999999
1.6703000000000001
0.708
0.5919000000000001
1.1509
0.5282
0.3211
0.34940000000000004
0.8656999999999999
1.5279
1.8466
0.4101
0.1406
0.0884
0.4189
0.3397
0.7584
0.8062
0.558
0.3847
0.3383
0.3307
0.3336
0.4288
0.44889999999999997
0.4526
1.0826
0.909
0.6668000000000001
0.5941
0.3674
0.35850000000000004
0.8723000000000001
0.48160000000000003
0.4545
0.4838
0.8158
0.8110999999999999
0.4521
0.38380000000000003
0.4183
0.4598
0.4736
0.4458
0.5115
2.1197
0.4525
0.1381
0.051
0.0815
0.10189999999999999
0.0904
0.091
0.24059999999999998
0.4789
1.2393
2.8174
0.9829
2.4973
0.5107999999999999
0.3917
0.3604
0.1874
0.1671
0.15439999999999998
0.1419
0.12490000000000001
0.1149
0.0963
0.09079999999999999
0.077
0.0841
0.0862
0.0825
0.059899999999999995
0.066
0.0738
0.1177
0.6641
0.6492
0.6021000000000001
0.1989
0.2119
0.1921
0.1778
0.1742
0.040900000000000006
0.0401
0.034199999999999994
0.0317
0.032200000000000006
0.0363
0.06369999999999999
0.1225
0.21889999999999998
0.2621
0.9672000000000001
0.5089
0.32999999999999996
0.24620000000000003
0.491
0.2761
0.2454
0.2918
0.254
0.3038
0.2878
0.1976
0.1049
0.059
0.2044
0.18109999999999998
0.1686
0.1719
0.1545
0.1663
0.17759999999999998
0.46719999999999995
0.5472
0.1849
0.13890000000000002
0.1554
0.1951
0.21610000000000001
0.22299999999999998
0.2559
1.0177
0.5878
0.23
0.21500000000000002
0.7175
0.4605
0.2946
0.22060000000000002
0.2518
0.21800000000000003
0.2013
0.1851
0.16970000000000002
0.16570000000000001
0.15899999999999997
0.1789
0.2311
0.17609999999999998
0.15189999999999998
0.14279999999999998
0.15889999999999999
0.197
0.35009999999999997
0.2591
0.6828000000000001
0.5028
0.198
0.29259999999999997
0.55
0.386
0.2833
0.2371
0.3813
0.33440000000000003
0.3234
0.3095
0.2905
0.2861
0.2868
0.31320000000000003
0.34850000000000003
0.5347999999999999
0.8986000000000001
0.8291999999999999
2.1951
0.6923999999999999
0.46599999999999997
1.4076
0.8251999999999999
0.4184
0.4376
0.4366
0.4908
0.5486
0.7037
0.5455
0.11030000000000001
0.1049
0.1021
0.09509999999999999
0.0901
0.0973
0.1197
0.1701
1.0371000000000001
0.8637999999999999
0.3456
0.3106
0.3305
0.35119999999999996
0.3427
0.5806
0.3915
0.4076
0.5256000000000001
0.8961
0.9474
0.6696
0.3607
0.1871
0.065
0.0662
0.0675
0.0688
0.0769
0.09770000000000001
0.1373
0.1598
0.1537
0.08990000000000001
0.1018
0.18910000000000002
0.6217
0.257
0.6468
0.5611
0.2033
0.7311000000000001
0.9457
0.268
0.1626
0.0791
0.0548
0.0579
0.0868
0.0852
0.0804
0.0826
0.0839
0.1646
0.1758
0.0935
0.0826
0.0838
0.1491
0.08299999999999999
0.0727
0.089
0.1116
0.10850000000000001
0.07780000000000001
0.0925
0.1159
0.17570000000000002
0.24
0.16060000000000002
0.0706
0.0598
0.004
0.0
0.0
0.0002
0.0
0.0
0.0003
0.0042
0.11499999999999999
0.1237
0.1815
0.12309999999999999
0.0517
0.0552
0.1222
0.0663
0.0322
0.0615
0.0741
0.06770000000000001
0.028700000000000003
0.0097
0.0016
0.0
0.1743
0.1676
0.16310000000000002
0.1673
0.1497
0.1651
0.1983
0.297
0.5574
0.25170000000000003
0.1804
0.1633
0.1708
0.1881
0.2061
0.2132
2.1024
1.3723
0.7048
0.937
0.4264
0.3053
0.2203
0.1875
0.0298
0.0257
0.0228
0.0266
0.0296
0.036199999999999996
0.050699999999999995
0.0498
0.0461
0.07780000000000001
0.0685
0.0534
0.0911
0.09309999999999999
0.0845
0.0926
0.301
0.84
1.0218
0.4658
0.185
0.1706
0.0969
0.0514
0.2009
0.1966
0.1896
0.1851
0.1754
0.1854
0.24659999999999999
0.3254
0.1949
0.6537
0.2582
0.318
0.24760000000000001
0.1726
0.1351
0.13269999999999998
0.1282
0.1805
0.3789
0.2704
0.3134
0.3419
0.3785
0.3068
0.1088
0.10980000000000001
0.10300000000000001
0.0979
0.0995
0.1085
0.1339
0.33
0.5615
0.41109999999999997
0.4091
0.1743
0.3745
0.2064
0.20129999999999998
0.21860000000000002
0.23420000000000002
0.2311
0.24980000000000002
0.356
0.2327
0.20190000000000002
0.159
0.12279999999999999
0.1467
0.147
0.1478
0.1506
0.1656
0.32020000000000004
0.2213
0.1528
0.1202
0.11180000000000001
0.1061
0.0986
0.10289999999999999
0.11829999999999999
0.1587
0.8205
0.6636
0.4774
0.3706
0.32899999999999996
0.3819
0.2894
0.1633
0.14079999999999998
0.024
0.0188
0.030000000000000002
0.0143
0.0216
0.0265
0.021900000000000003
0.0072
0.1734
0.5305
0.1311
0.0352
0.0094
0.019999999999999997
1.7433
1.2738
0.9777
0.3375
0.19180000000000003
0.7029
0.4229
0.3192
0.1096
0.0439
0.8090999999999999
0.7492000000000001
0.6775
0.6303000000000001
0.47050000000000003
0.3599
0.3385
0.3144
0.2794
0.2797
0.2865
0.31779999999999997
0.9796
1.2452
0.8519000000000001
0.8141
0.6996
0.7286999999999999
0.7648
0.7779
0.5693
0.49529999999999996
0.44389999999999996
0.4104
0.0775
0.0776
0.0775
0.07830000000000001
0.0811
0.0955
0.14279999999999998
0.2012
0.1352
0.1063
0.08660000000000001
0.0934
0.0991
0.1
0.1062
0.1603
0.2131
0.21760000000000002
0.193
0.14100000000000001
0.0911
0.0621
0.056400000000000006
0.0568
0.224
0.2019
0.1877
0.17930000000000001
0.1777
0.1795
0.1812
0.2224
0.24280000000000002
0.2952
0.3064
0.309
1.0217
0.6554
0.45430000000000004
0.37739999999999996
0.3375
0.602
0.3815
0.3095
0.2983
0.31889999999999996
0.34109999999999996
0.29510000000000003
0.3781
0.34450000000000003
0.3097
0.3199
0.39990000000000003
1.4933
0.4697
0.39490000000000003
0.45530000000000004
0.4561
0.4656
0.5008
0.9259999999999999
0.722
0.5758
0.5615
0.6832
2.1232
1.5171999999999999
0.9611000000000001
1.1442
1.1352000000000002
0.7601
0.5078
0.2244
0.2464
0.2398
0.3287
0.24659999999999999
0.1385
0.13319999999999999
0.1396
0.1162
0.0885
0.0518
0.0598
0.0717
0.5337000000000001
0.0783
0.1567
0.2534
0.23909999999999998
1.4508
1.4750999999999999
0.5405
0.9789
0.8051
0.3463
0.0461
0.016300000000000002
0.0094
0.0171
0.0422
0.861
0.1755
0.1175
0.11069999999999999
0.24559999999999998
0.0
0.0443
0.0702
0.055999999999999994
0.0487
0.0
0.5334
0.0805
0.0143
0.0
0.0
0.0
0.0702
0.3401
0.0
0.0
0.0
0.0
0.0056
0.0
0.0
0.0
0.1365
0.0
0.0
0.0388
0.0
0.0
0.0
1.308
1.6331
0.1104
0.0
2.077
1.214
0.4625
0.0
0.0
0.12840000000000001
0.1072
0.0993
0.0974
0.0941
0.0994
0.1182
0.14
0.17070000000000002
0.15610000000000002
0.13319999999999999
0.1833
0.43889999999999996
0.4172
0.2602
0.2572
0.3548
0.3018
0.44830000000000003
0.3171
0.5642
0.3683
0.2629
0.1733
0.0696
0.0779
0.0678
0.0791
0.07289999999999999
0.08399999999999999
0.11049999999999999
0.12160000000000001
0.11549999999999999
0.2379
0.12190000000000001
0.4316
0.7394000000000001
1.1434
0.5457000000000001
0.3865
0.0557
0.0097
0.0
0.0
0.0
0.0
0.001
0.0156
0.2273
0.2216
0.3791
0.245
0.1382
0.1149
0.1175
0.1086
0.1495
0.19190000000000002
0.2834
0.20829999999999999
1.0279
1.9428
0.7747999999999999
0.2355
0.0872
0.0931
0.36350000000000005
2.0515
1.9824
0.4233
0.5185
0.953
0.185
0.1602
0.1467
0.13329999999999997
0.1285
0.1305
0.1353
0.1486
0.1412
0.14629999999999999
0.14150000000000001
0.1506
0.1694
0.5812999999999999
0.21539999999999998
0.20679999999999998
0.20550000000000002
1.3206
0.9143999999999999
0.41269999999999996
0.4012
0.3873
0.3498
0.2735
0.1725
0.15339999999999998
0.1429
0.1385
0.1371
0.1376
0.1467
0.16099999999999998
0.1988
0.2245
0.14629999999999999
0.1426
0.1658
0.16060000000000002
0.1446
0.151
0.2693
0.2751
0.698
0.45599999999999996
0.4731
0.49060000000000004
0.5029
0.2746
0.07050000000000001
0.0677
0.0619
0.059300000000000005
0.0629
0.1404
0.36519999999999997
0.15339999999999998
0.12359999999999999
0.1797
0.34659999999999996
0.0567
0.0754
0.0954
0.1049
0.1432
0.3574
0.1607
0.14100000000000001
0.2092
0.19019999999999998
0.22870000000000001
0.17309999999999998
0.0874
0.09190000000000001
0.0864
0.0842
0.0843
0.0827
0.0999
0.1481
0.4944
0.46809999999999996
0.1948
0.1351
0.1182
0.1375
0.1501
0.1446
0.1777
0.7545999999999999
0.7032
0.8611
0.7416
0.5529
0.22660000000000002
0.1152
0.094
0.0471
0.04
0.0368
0.038599999999999995
0.0421
0.0492
0.055499999999999994
0.0523
0.0557
0.0735
0.050699999999999995
0.0325
0.1661
0.10949999999999999
0.061
0.07550000000000001
0.1282
0.759
0.4618
0.3341
0.2244
0.2511
0.2332
0.09490000000000001
0.0621
0.0552
0.0495
0.0468
0.0451
0.2511
0.4345
0.0514
0.042499999999999996
0.055
0.0515
0.0558
0.0538
0.0615
0.0612
0.1368
0.6921999999999999
0.4474
0.5098
0.558
0.2794
0.17659999999999998
0.1113
0.0817
0.1392
0.1291
0.1177
0.1056
0.0868
0.07419999999999999
0.0685
0.051500000000000004
0.0453
0.0563
0.21000000000000002
0.1316
0.0927
0.1591
0.1602
0.6587000000000001
0.8035
0.8821
0.8054999999999999
0.0453
0.11199999999999999
0.11679999999999999
0.1157
0.1201
0.1565
0.1359
0.1132
0.12179999999999999
0.1149
0.132
0.15389999999999998
0.1762
0.23049999999999998
0.48050000000000004
0.6853
1.8701999999999999
0.9299999999999999
0.9316
0.5148
0.34230000000000005
0.7938000000000001
0.8912
0.5851
1.2076
0.8341000000000001
0.9198999999999999
0.9755
0.47409999999999997
0.2449
0.2304
0.2196
0.2115
0.2046
0.20129999999999998
0.2012
0.2089
0.21789999999999998
0.2358
0.2499
0.2195
0.1884
0.1833
0.1641
0.1668
0.1782
0.2319
0.3127
0.321
0.3236
0.3142
0.2747
0.2444
0.33540000000000003
0.3106
0.2814
0.2393
0.21339999999999998
0.2183
0.2281
0.2529
0.2845
0.5602
0.5578000000000001
0.3473
0.8999999999999999
1.815
1.2913999999999999
0.35409999999999997
0.3153
0.2811
1.3704
0.6436
0.478
0.5684
1.0453999999999999
0.493
0.07730000000000001
0.062200000000000005
0.0675
0.0637
0.0587
0.0632
0.0674
0.1452
0.21389999999999998
0.1419
0.2298
0.2143
0.1049
0.0875
0.0933
0.8923000000000001
2.0003
0.188
0.41469999999999996
0.3752
0.3657
0.2234
0.12919999999999998
0.09179999999999999
0.0597
0.0464
0.0421
0.0402
0.0393
0.0423
0.0421
0.0457
0.0412
0.1494
0.1611
0.1212
0.12840000000000001
0.1132
0.1164
0.09559999999999999
0.0433
0.0044
0.0
0.0
0.0
0.0385
0.0847
0.0749
0.0922
0.0762
0.067
0.0597
0.054400000000000004
0.0567
0.0518
0.0567
0.0947
0.1603
0.1104
0.0776
0.0631
0.09720000000000001
0.267
0.2596
0.36450000000000005
0.2913
0.1353
0.089
0.11170000000000001
0.21189999999999998
0.2864
0.1505
0.0
0.0
0.0
0.0
0.0
0.0
0.0302
0.1136
0.2526
0.2491
0.5779
0.1814
0.13640000000000002
0.1789
0.2143
0.1966
0.7139
0.3073
0.1509
0.25429999999999997
0.08
0.0
0.0
0.0
0.1291
0.1111
0.10389999999999999
0.10930000000000001
0.1133
0.1489
0.2331
0.2365
0.20400000000000001
0.2223
0.4797
0.4193
0.7089000000000001
0.18030000000000002
0.15760000000000002
0.1257
0.108
1.6799
1.5276999999999998
0.4
0.3131
0.22870000000000001
0.1534
0.12519999999999998
0.9159999999999999
0.1989
0.1332
0.1588
0.1543
0.2901
0.5207999999999999
0.509
0.537
0.5722
0.1011
0.0697
0.0952
0.0886
0.11299999999999999
0.1389
0.1878
0.7308
0.1417
0.34199999999999997
0.384
0.48719999999999997
0.7027000000000001
0.2149
0.2127
0.1915
0.1814
0.1787
0.1773
0.1953
0.2388
0.2356
0.22110000000000002
0.2684
0.4272
0.3748
0.5425
0.28759999999999997
0.2803
0.8103
1.6149
1.4852
0.6815
0.4011
0.4022
0.4632
0.49449999999999994
0.3584
0.019700000000000002
0.0267
0.0304
0.026500000000000003
0.0458
0.0859
0.39590000000000003
0.25039999999999996
0.20529999999999998
1.0699999999999998
0.1615
0.165
0.2189
0.16010000000000002
0.12719999999999998
0.6666
0.1592
0.1718
0.1757
0.0952
0.056499999999999995
0.0074
0.002
0.0105
0.1381
0.11019999999999999
0.1106
0.1053
0.1036
0.11030000000000001
0.12259999999999999
0.1207
0.1254
0.1865
0.15760000000000002
0.2135
0.2692
0.1338
0.0764
0.0828
0.1087
0.312
0.5583
0.2918
0.37060000000000004
0.3936
0.4552
0.258
0.0897
0.0822
0.0709
0.0653
0.0626
0.07239999999999999
0.1161
0.46630000000000005
0.2962
0.5706
0.06409999999999999
0.0
0.0013
0.0003
0.0027
0.0018
0.0102
0.020499999999999997
0.9273
0.1815
0.1604
0.1603
0.1339
0.0887
0.1227
0.08940000000000001
0.0811
0.0781
0.07500000000000001
0.079
0.0895
0.1133
0.19219999999999998
0.2633
0.3275
0.3306
0.259
0.2478
0.8503000000000001
0.45499999999999996
0.5403
0.5638
0.6185
0.6132
0.5062
0.6453
0.749
0.3031
0.08779999999999999
0.07750000000000001
0.0706
0.0669
0.0584
0.060700000000000004
0.0625
0.0726
0.0761
0.1766
0.13940000000000002
0.0875
0.07930000000000001
0.11449999999999999
0.22210000000000002
0.27290000000000003
0.4078
0.4584
0.2934
0.2042
0.1691
0.4543
0.2846
0.1371
0.0727
0.07680000000000001
0.0693
0.0664
0.06839999999999999
0.1548
0.3184
0.2721
0.3434
0.4216
0.33590000000000003
0.3396
0.8933
0.1588
0.1095
0.1179
0.1744
0.2599
0.33530000000000004
0.4393
0.2293
0.1136
0.06739999999999999
0.062
0.1316
0.11410000000000001
0.1056
0.0975
0.0951
0.09179999999999999
0.088
0.0602
0.4383
0.6624
0.3578
0.1584
0.0749
0.0718
0.0785
0.11649999999999999
0.1462
0.1268
0.1404
0.1195
0.1503
0.1856
0.35550000000000004
0.248
0.0309
0.0274
0.0254
0.0263
0.0286
0.030600000000000002
0.1579
0.1447
0.013000000000000001
0.0096
0.0024
0.0
0.0
0.0
0.0
0.018099999999999998
0.1146
0.1899
0.256
0.165
0.1281
0.0886
0.0547
0.0364
0.1041
0.08030000000000001
0.07899999999999999
0.0785
0.0737
0.0812
0.0834
0.1099
0.1241
0.18180000000000002
0.2364
1.3043
0.3113
0.6617999999999999
0.1945
0.19119999999999998
0.40499999999999997
0.6580999999999999
0.8893
0.2847
0.2366
0.242
0.223
0.166
0.1158
0.1136
0.1114
0.1169
0.1253
0.1693
0.1894
0.13040000000000002
0.0985
0.0964
0.088
0.087
0.0901
0.0907
0.09309999999999999
0.1001
0.124
0.2039
0.1982
0.2123
0.1323
0.0965
0.08579999999999999
0.0833
0.0029
0.0
0.0012
0.0
0.0
0.0
0.0029
0.931
0.1496
0.0
0.0
0.0
0.0
0.0
0.0
0.2384
0.3181
0.3064
0.2531
0.21509999999999999
0.1469
0.1252
0.0857
0.0328
0.4383
0.3824
0.35209999999999997
0.3568
0.3611
0.3459
0.3625
0.4061
0.39380000000000004
0.2482
0.1824
0.31220000000000003
0.8063
2.2508
0.38070000000000004
0.2133
1.5815000000000001
0.2521
0.2787
0.47640000000000005
0.4936
0.4267
0.47030000000000005
0.4557
0.337
0.38239999999999996
0.4088
0.31279999999999997
0.2547
0.2233
0.1954
0.16820000000000002
0.1292
0.1129
0.0974
0.1032
0.125
0.1949
0.892
0.3196
0.307
0.7165
0.3772
0.6487
0.5083
0.5705
0.7953
0.631
0.0
0.0
0.0
0.0
0.0
0.0
0.0
0.0
0.0
0.7769
1.0922
2.2258
0.3061
0.0
0.0
1.1424
1.2498
1.087
0.5504
0.1045
0.0327
0.0
0.0
0.0
0.3654
0.3269
0.3382
0.3245
0.30920000000000003
0.2856
1.2017
0.9243
0.2263
0.2049
0.194
0.1762
0.202
0.196
0.197
0.5093
0.6399
0.2958
0.9686999999999999
0.5425
0.41659999999999997
0.3947
0.4086
0.427
0.4941
0.46799999999999997
0.4554
0.4616
0.4647
0.5213
0.6033999999999999
0.5482
0.45030000000000003
0.5093
1.3167
1.1477
1.1735
0.5448999999999999
0.6062000000000001
0.6894
0.7479
0.9386000000000001
0.7445
0.5792
0.548
0.5066999999999999
0.48160000000000003
0.4587
0.313
0.2727
0.2545
0.23770000000000002
0.22160000000000002
0.2138
0.2157
0.22499999999999998
0.246
0.2901
0.3247
0.3866
0.3765
0.3654
0.47619999999999996
0.5071
0.4193
0.3543
0.4056
0.9071
0.6435
0.47250000000000003
0.4492
0.4039
0.2596
0.2565
0.2557
0.2722
0.3064
0.3385
0.2787
0.24
0.2322
0.2425
0.2459
0.2195
0.23809999999999998
0.2571
0.262
0.27749999999999997
0.2789
0.2532
0.2877
0.3545
0.31479999999999997
0.3294
0.316
0.2786
0.0
0.0
0.0
0.0
0.0
0.0
0.0
0.0
0.1217
0.0
0.0
0.0085
0.0
0.0
0.0
0.0
1.1513
0.7716000000000001
0.20929999999999999
0.015099999999999999
0.0414
0.042
0.0475
0.0229
0.0329
0.0264
0.023
0.0233
0.024599999999999997
0.022600000000000002
0.033100000000000004
0.032600000000000004
0.031200000000000002
0.0455
0.045899999999999996
0.041800000000000004
0.0699
0.1247
0.07719999999999999
0.0766
0.1603
0.1471
0.2551
0.2113
0.1628
0.1053
0.0526
0.0349
0.1406
0.1416
0.1374
0.1367
0.1401
0.1559
0.1946
0.2581
0.3008
0.26
0.4451
0.592
0.46399999999999997
0.29069999999999996
0.3601
0.3216
0.2973
0.3483
0.4701
0.33340000000000003
0.2415
0.176
0.1333
0.12329999999999999
0.1038
0.0965
0.07469999999999999
0.0811
0.0829
0.0852
0.1464
0.26270000000000004
0.2139
0.2246
0.4081
0.2465
0.21689999999999998
0.1753
0.1498
0.1296
0.184
0.4702
1.0207000000000002
0.4841
0.6923999999999999
1.6084
0.5309
0.148
0.0
0.0
0.0
0.0
0.0
0.0
0.0
0.0
0.0
0.0123
0.0
0.1157
0.0
0.0
0.0
0.0
0.0
0.0
0.0292
0.035
0.011
0.0
0.0
0.0
0.119
0.1074
0.0995
0.0925
0.09140000000000001
0.0452
0.725
0.45780000000000004
0.1548
0.15410000000000001
0.1698
0.1832
0.1905
0.1807
0.15910000000000002
0.1642
0.39080000000000004
0.9641
0.9096
1.1842
0.5836
0.4668
0.4536
0.2599
0.1272
0.1217
0.1138
0.1184
0.1422
0.522
0.3659
0.3023
0.29269999999999996
0.2793
0.26770000000000005
0.26139999999999997
0.4362
0.35129999999999995
0.3207
0.3227
0.7262000000000001
1.4329
1.2646000000000002
0.8412
0.4566
0.2754
0.15389999999999998
0.1414
0.3262
0.3171
0.3477
0.3893
0.4438
0.9332
1.0918
0.2796
0.0269
0.0033
0.0
0.0
0.0
0.0
0.0
0.0116
0.0465
0.0129
0.679
0.7175
1.3803999999999998
1.3833
1.0551
0.9319999999999999
0.0387
0.013999999999999999
0.019700000000000002
0.0257
0.008
0.0035
0.0
0.0
0.0
0.0
0.22870000000000001
0.6141
0.0471
0.1537
0.20479999999999998
0.2597
1.1179000000000001
2.752
0.8492999999999999
0.209
0.2184
0.20190000000000002
0.1696
0.10919999999999999
0.0493
0.043
0.0394
0.038
0.0388
0.0493
0.1313
0.1406
0.08449999999999999
0.0939
0.0867
0.0983
0.0861
0.0952
0.0975
0.11499999999999999
0.21039999999999998
0.2263
0.09889999999999999
0.0803
0.1047
0.1051
0.08130000000000001
0.0567
0.0
0.0
0.0
0.0
0.0
0.0
0.0
0.0001
0.0121
0.037
0.0754
0.6159
0.4083
0.5146
0.2064
0.077
0.352
0.4557
0.1538
0.30000000000000004
0.5025999999999999
0.0696
0.0
0.0
0.1019
0.10300000000000001
0.1053
0.1043
0.1074
0.131
0.20290000000000002
0.5373
0.7395
0.5092
0.3512
0.7271000000000001
0.3598
0.2783
0.237
0.2385
0.32589999999999997
0.2978
0.2504
0.2015
0.16899999999999998
0.12079999999999999
0.1075
0.1001
0.6591
0.49449999999999994
0.4827
0.4505
0.5629
0.7122999999999999
0.4113
0.4669
0.6841999999999999
0.7479
0.5793
0.6117
0.3186
0.3815
0.2235
0.14
0.3254
0.7333000000000001
0.12229999999999999
0.1149
0.1991
0.1946
0.1681
0.1798
0.6988000000000001
0.37739999999999996
0.2701
0.2317
0.2225
0.2303
0.24459999999999998
0.3402
0.2583
0.1696
0.14550000000000002
0.1274
0.1276
0.1227
0.11649999999999999
0.1444
0.2212
0.8243
1.827
1.6478000000000002
0.7001
0.4754
0.4345
0.4127
0.8627
0.2639
0.2254
0.2368
0.24009999999999998
0.2478
0.7114
0.9355
0.1819
0.3206
0.5441
0.2003
0.08310000000000001
0.04
0.0377
0.0098
0.0421
0.1699
1.3108
0.45289999999999997
0.6391
0.5805
1.2802
1.0835
0.0881
0.0906
0.1041
0.11410000000000001
0.1295
0.2274
0.44589999999999996
0.1635
0.042899999999999994
0.0316
0.024
0.0182
0.030600000000000002
0.0248
0.0327
0.0468
0.061
0.14300000000000002
0.2582
0.1506
0.1337
0.0864
0.0653
0.0615
0.1693
0.14529999999999998
0.1368
0.129
0.1308
0.1243
0.1395
0.16720000000000002
0.15139999999999998
0.2
0.15439999999999998
0.1343
0.4366
0.8851
0.1915
0.2087
0.49760000000000004
0.9543
0.7354
0.26580000000000004
0.2192
0.2313
0.2583
0.23020000000000002
0.091
0.0615
0.062200000000000005
0.0533
0.0529
0.0599
0.1231
0.1617
0.039099999999999996
0.0073
0.28
0.0819
0.0886
0.06509999999999999
0.057
0.062200000000000005
0.0945
0.0
0.0
0.0546
0.1046
0.12519999999999998
0.2082
0.20840000000000003
0.10200000000000001
0.0324
0.016399999999999998
0.0104
0.0115
0.0
0.21610000000000001
0.2226
0.0191
0.024300000000000002
0.2067
0.0746
0.10569999999999999
0.0393
0.0246
0.0191
0.0373
0.0993
0.4289
0.2513
0.4687
0.24659999999999999
0.2259
0.1256
0.1454
0.135
0.13090000000000002
0.13190000000000002
0.1306
0.127
0.1988
1.4948000000000001
0.0372
0.389
0.0791
0.12990000000000002
0.0932
0.0789
0.039400000000000004
0.07719999999999999
0.2409
0.1306
0.2469
0.2465
0.2825
0.23809999999999998
0.26049999999999995
0.23
0.4014
0.91
0.9154
0.6214999999999999
0.4999
0.5097
0.6767
0.9892
1.4479000000000002
0.7692
0.7393000000000001
0.6511
0.5746
0.8492999999999999
1.1865
0.8811
0.9389
1.7911
0.5232
0.41769999999999996
0.3421
0.22610000000000002
0.1419
0.15039999999999998
0.2057
0.1844
0.17809999999999998
0.1815
0.1706
0.1635
0.16210000000000002
0.1683
0.1684
0.14250000000000002
0.11699999999999999
0.1275
0.1603
0.18380000000000002
0.2931
0.3053
0.2997
0.2582
0.1815
0.3251
0.26539999999999997
0.2687
0.3059
0.251
0.2269
0.1739
0.1679
0.1482
0.1358
0.132
0.1339
0.2084
0.8487
1.0076
0.6832
0.5773999999999999
0.33499999999999996
0.2592
1.5961
0.4628
0.2913
1.1949
0.3297
0.3183
0.3509
0.3758
0.5741
0.40249999999999997
0.06369999999999999
0.053
0.0508
0.0338
0.0695
0.2774
0.1844
0.0938
0.0607
0.08049999999999999
0.0819
0.045899999999999996
0.0499
0.054
0.08310000000000001
0.10239999999999999
0.5337
0.5646
2.2423
1.8888000000000003
1.7612999999999999
0.4507
0.0618
0.0733
0.0978
0.09770000000000001
0.0937
0.0896
0.09190000000000001
0.10350000000000001
0.13219999999999998
0.1472
0.1578
0.436
0.2362
0.11699999999999999
0.1481
0.248
0.28400000000000003
0.8039000000000001
1.3184
0.5392
0.5677
0.4294
0.3875
0.4223
0.2011
0.11679999999999999
0.0234
0.042499999999999996
0.0594
0.0528
0.07
0.1281
0.1456
0.1668
0.259
0.6073
0.0271
0.0
0.0
0.0251
0.1029
0.5151
2.6889
1.0846
0.2967
0.6772
0.4098
0.7497
0.0046
0.0305
0.1177
0.1125
0.1091
0.1084
0.1076
0.11399999999999999
0.13
0.2407
0.1696
0.13390000000000002
0.1059
0.13090000000000002
0.1023
0.10300000000000001
0.1005
0.1291
0.1684
0.1727
0.1293
0.0927
0.0865
0.0832
0.0889
0.0928
0.14629999999999999
0.13290000000000002
0.12969999999999998
0.12179999999999999
0.1532
0.3507
0.13040000000000002
0.1189
0.1108
0.2253
0.2148
0.16670000000000001
0.2306
0.1951
0.1419
0.47350000000000003
0.36760000000000004
0.5791
0.1743
0.1136
0.1331
0.1297
0.1734
0.1678
0.1007
0.08449999999999999
0.069
0.0681
0.0633
0.0701
0.0859
0.1784
1.2962
0.2046
0.381
0.7621
0.24470000000000003
0.42510000000000003
0.8964000000000001
0.2449
0.1896
0.5677
0.1746
0.0912
0.276
0.6718999999999999
0.3143
0.1567
0.1894
0.1632
0.1606
0.1626
0.1411
0.3573
0.737
0.1815
0.1985
0.5834
0.8371999999999999
0.2435
0.1768
0.1328
0.1049
0.1268
0.1598
0.2047
0.2015
0.162
0.3811
0.8724000000000001
0.1637
0.1994
0.14679999999999999
0.1532
0.7899
0.5478
0.4528
0.4504
0.5068999999999999
0.5931
0.7311000000000001
0.6044
0.4847
0.1768
0.6108
3.2608
4.2975
0.4648
0.3738
0.6376999999999999
2.1211
1.0146
0.6192
0.2971
0.055400000000000005
0.1612
0.23299999999999998
0.192
0.192
0.1811
0.1626
0.15789999999999998
0.17120000000000002
0.1767
0.14200000000000002
0.1358
0.1181
0.15949999999999998
0.4118
1.0821
0.6424000000000001
0.4354
0.9403
0.8233
0.7223999999999999
1.13
0.384
0.28859999999999997
0.2554
0.23920000000000002
0.25339999999999996
0.2429
0.2299
0.24120000000000003
0.2525
0.256
0.3467
0.35409999999999997
0.4103
0.3859
0.5623
0.4508
1.18
0.6473
0.9011
0.5247999999999999
0.5019
0.667
1.3129000000000002
1.3841999999999999
1.7033999999999998
0.3776
0.28859999999999997
0.24989999999999998
0.6776
0.5803
0.5518000000000001
0.5181
0.4918
0.45330000000000004
0.48260000000000003
0.5026
0.7449
0.9230999999999999
0.9923
1.3162
1.6255
0.3712
0.2665
0.2764
0.3015
0.4076
2.031
3.0513
1.0899999999999999
0.8283
0.6717
0.5815999999999999
0.06470000000000001
0.0542
0.0446
0.0443
0.0414
0.0258
0.031
0.0995
0.556
1.7513999999999998
2.8584
1.3442
0.2444
0.1839
0.3831
0.35150000000000003
0.2112
0.2731
0.23209999999999997
0.25880000000000003
0.2848
0.31179999999999997
0.2911
0.1857
0.062
0.044
0.0372
0.0303
0.0221
0.016900000000000002
0.0162
0.0161
0.0028
0.0070999999999999995
0.0117
0.017099999999999997
0.08310000000000001
0.3503
0.0974
0.0891
0.0482
0.0166
0.062
0.11399999999999999
0.0721
0.0695
0.0872
0.081
0.1591
0.14300000000000002
0.1679
0.20550000000000002
0.2632
0.25329999999999997
0.1064
0.0776
0.076
0.0816
0.09720000000000001
0.095
0.2418
0.2036
0.1683
0.1772
0.15189999999999998
0.3925
0.8464
0.7898000000000001
0.7091000000000001
0.142
0.1343
0.1323
0.0706
0.0711
0.07100000000000001
0.0732
0.1182
0.2168
0.1647
0.1923
0.20429999999999998
0.1834
0.22920000000000001
0.1464
0.1734
0.2619
0.1933
0.17959999999999998
0.5341
1.1318000000000001
0.5159
0.2656
0.19940000000000002
0.10200000000000001
0.0525
0.0633
