1.081
5.5497
5.4401
3.6048999999999998
0.1261
0.0987
0.1105
0.1754
0.19990000000000002
0.1623
0.1379
0.1037
0.1084
0.1137
0.1583
0.2379
0.2387
0.2815
0.2972
0.4215
0.4042
0.33530000000000004
0.3768
0.4001
2.9022
3.4149000000000003
3.4955
2.3847
0.40449999999999997
0.4139
0.5931
1.5084
0.5883
0.3284
0.2301
0.1943
0.19840000000000002
0.1915
0.2011
0.21189999999999998
0.2631
0.36260000000000003
0.6299
1.3497
0.7532000000000001
0.7457
0.7363
0.6592
5.8482
5.9559
6.330500000000001
2.016
0.224
0.3451
0.41069999999999995
0.22949999999999998
0.0933
0.0599
0.044
0.0619
0.045700000000000005
0.039099999999999996
0.035
0.0336
0.06709999999999999
0.0873
0.1095
0.12240000000000001
0.3102
1.626
1.9782
0.9817
0.046
0.0406
0.0499
0.0419
0.0476
0.0653
0.1258
0.5345
0.6325000000000001
0.5492
0.4203
0.3907
0.33509999999999995
2.676
0.8905
0.2721
0.3176
0.5016
0.3866
0.3311
0.3893
1.6612
0.41109999999999997
0.0727
0.9339
0.6737
0.6021000000000001
0.3151
0.14450000000000002
0.1481
0.1775
0.13319999999999999
0.7255
0.6258
0.3151
0.0105
0.0145
0.0075
0.0478
0.1589
0.2054
0.2304
0.2485
0.4436
0.27559999999999996
0.11019999999999999
0.099
3.1220999999999997
0.7067
0.692
0.7888999999999999
0.7167
0.7228
0.7139
0.3156
0.1519
0.059300000000000005
0.0464
0.0552
0.0177
0.0728
1.2732999999999999
0.0948
0.0
0.0036
0.3453
0.7507
0.26370000000000005
0.4878
0.6583
0.7032
1.0455
1.4566999999999999
4.8171
4.5276
0.6073000000000001
0.1026
0.0777
0.1112
0.2946
0.5495000000000001
0.2711
0.0284
0.0014
0.001
0.009000000000000001
0.027800000000000002
0.0698
0.11929999999999999
0.224
0.3821
0.8891
0.3585
0.3428
0.4249
0.4341
1.081
5.5497
5.4401
3.6048999999999998
0.1261
0.0987
0.1105
0.1754
0.19990000000000002
0.1623
0.1379
0.1037
0.1084
0.1137
0.1583
0.2379
0.2387
0.2815
0.2972
0.4215
0.4042
0.33530000000000004
0.3768
0.4001
2.9022
3.4149000000000003
3.4955
2.3847
0.40449999999999997
0.4139
0.5931
1.5084
0.5883
0.3284
0.2301
0.1943
0.19840000000000002
0.1915
0.2011
0.21189999999999998
0.2631
0.36260000000000003
0.6299
1.3497
0.7532000000000001
0.7457
0.7363
0.6592
5.8482
5.9559
6.330500000000001
2.016
0.224
0.3451
0.41069999999999995
0.22949999999999998
0.0933
0.0599
0.044
0.0619
0.045700000000000005
0.039099999999999996
0.035
0.0336
0.06709999999999999
0.0873
0.1095
0.12240000000000001
0.3102
1.626
1.9782
0.9817
0.046
0.0406
0.0499
0.0419
0.0476
0.0653
0.1258
0.5345
0.6325000000000001
0.5492
0.4203
0.3907
0.33509999999999995
2.676
0.8905
0.2721
0.3176
0.5016
0.3866
0.3311
0.3893
1.6612
0.41109999999999997
0.0727
0.9339
0.6737
0.6021000000000001
0.3151
0.14450000000000002
0.1481
0.1775
0.13319999999999999
0.7255
0.6258
0.3151
0.0105
0.0145
0.0075
0.0478
0.1589
0.2054
0.2304
0.2485
0.4436
0.27559999999999996
0.11019999999999999
0.099
3.1220999999999997
0.7067
0.692
0.7888999999999999
0.7167
0.7228
0.7139
0.3156
0.1519
0.059300000000000005
0.0464
0.0552
0.0177
0.0728
1.2732999999999999
0.0948
0.0
0.0036
0.3453
0.7507
0.26370000000000005
0.4878
0.6583
0.7032
1.0455
1.4566999999999999
4.8171
4.5276
0.6073000000000001
0.1026
0.0777
0.1112
0.2946
0.5495000000000001
0.2711
0.0284
0.0014
0.001
0.009000000000000001
0.027800000000000002
0.0698
0.11929999999999999
0.224
0.3821
0.8891
0.3585
0.3428
0.4249
0.4341
1.081
5.5497
5.4401
3.6048999999999998
0.1261
0.0987
0.1105
0.1754
0.19990000000000002
0.1623
0.1379
0.1037
0.1084
0.1137
0.1583
0.2379
0.2387
0.2815
0.2972
0.4215
0.4042
0.33530000000000004
0.3768
0.4001
2.9022
3.4149000000000003
3.4955
2.3847
0.40449999999999997
0.4139
0.5931
1.5084
0.5883
0.3284
0.2301
0.1943
0.19840000000000002
0.1915
0.2011
0.21189999999999998
0.2631
0.36260000000000003
0.6299
1.3497
0.7532000000000001
0.7457
0.7363
0.6592
5.8482
5.9559
6.330500000000001
2.016
0.224
0.3451
0.41069999999999995
0.22949999999999998
0.0933
0.0599
0.044
0.0619
0.045700000000000005
0.039099999999999996
0.035
0.0336
0.06709999999999999
0.0873
0.1095
0.12240000000000001
0.3102
1.626
1.9782
0.9817
0.046
0.0406
0.0499
0.0419
0.0476
0.0653
0.1258
0.5345
0.6325000000000001
0.5492
0.4203
0.3907
0.33509999999999995
2.676
0.8905
0.2721
0.3176
0.5016
0.3866
0.3311
0.3893
1.6612
0.41109999999999997
0.0727
0.9339
0.6737
0.6021000000000001
0.3151
0.14450000000000002
0.1481
0.1775
0.13319999999999999
0.7255
0.6258
0.3151
0.0105
0.0145
0.0075
0.0478
0.1589
0.2054
0.2304
0.2485
0.4436
0.27559999999999996
0.11019999999999999
0.099
3.1220999999999997
0.7067
0.692
0.7888999999999999
0.7167
0.7228
0.7139
0.3156
0.1519
0.059300000000000005
0.0464
0.0552
0.0177
0.0728
1.2732999999999999
0.0948
0.0
0.0036
0.3453
0.7507
0.26370000000000005
0.4878
0.6583
0.7032
1.0455
1.4566999999999999
4.8171
4.5276
0.6073000000000001
0.1026
0.0777
0.1112
0.2946
0.5495000000000001
0.2711
0.0284
0.0014
0.001
0.009000000000000001
0.027800000000000002
0.0698
0.11929999999999999
0.224
0.3821
0.8891
0.3585
0.3428
0.4249
0.4341
1.081
5.5497
5.4401
3.6048999999999998
0.1261
0.0987
0.1105
0.1754
0.19990000000000002
0.1623
0.1379
0.1037
0.1084
0.1137
0.1583
0.2379
0.2387
0.2815
0.2972
0.4215
0.4042
0.33530000000000004
0.3768
0.4001
2.9022
3.4149000000000003
3.4955
2.3847
0.40449999999999997
0.4139
0.5931
1.5084
0.5883
0.3284
0.2301
0.1943
0.19840000000000002
0.1915
0.2011
0.21189999999999998
0.2631
0.36260000000000003
0.6299
1.3497
0.7532000000000001
0.7457
0.7363
0.6592
5.8482
5.9559
6.330500000000001
2.016
0.224
0.3451
0.41069999999999995
0.22949999999999998
0.0933
0.0599
0.044
0.0619
0.045700000000000005
0.039099999999999996
0.035
0.0336
0.06709999999999999
0.0873
0.1095
0.12240000000000001
0.3102
1.626
1.9782
0.9817
0.046
0.0406
0.0499
0.0419
0.0476
0.0653
0.1258
0.5345
0.6325000000000001
0.5492
0.4203
0.3907
0.33509999999999995
2.676
0.8905
0.2721
0.3176
0.5016
0.3866
0.3311
0.3893
1.6612
0.41109999999999997
0.0727
0.9339
0.6737
0.6021000000000001
0.3151
0.14450000000000002
0.1481
0.1775
0.13319999999999999
0.7255
0.6258
0.3151
0.0105
0.0145
0.0075
0.0478
0.1589
0.2054
0.2304
0.2485
0.4436
0.27559999999999996
0.11019999999999999
0.099
3.1220999999999997
0.7067
0.692
0.7888999999999999
0.7167
0.7228
0.7139
0.3156
0.1519
0.059300000000000005
0.0464
0.0552
0.0177
0.0728
1.2732999999999999
0.0948
0.0
0.0036
0.3453
0.7507
0.26370000000000005
0.4878
0.6583
0.7032
1.0455
1.4566999999999999
4.8171
4.5276
0.6073000000000001
0.1026
0.0777
0.1112
0.2946
0.5495000000000001
0.2711
0.0284
0.0014
0.001
0.009000000000000001
0.027800000000000002
0.0698
0.11929999999999999
0.224
0.3821
0.8891
0.3585
0.3428
0.4249
0.4341
1.081
5.5497
5.4401
3.6048999999999998
0.1261
0.0987
0.1105
0.1754
0.19990000000000002
0.1623
0.1379
0.1037
0.1084
0.1137
0.1583
0.2379
0.2387
0.2815
0.2972
0.4215
0.4042
0.33530000000000004
0.3768
0.4001
2.9022
3.4149000000000003
3.4955
2.3847
0.40449999999999997
0.4139
0.5931
1.5084
0.5883
0.3284
0.2301
0.1943
0.19840000000000002
0.1915
0.2011
0.21189999999999998
0.2631
0.36260000000000003
0.6299
1.3497
0.7532000000000001
0.7457
0.7363
0.6592
5.8482
5.9559
6.330500000000001
2.016
0.224
0.3451
0.41069999999999995
0.22949999999999998
0.0933
0.0599
0.044
0.0619
0.045700000000000005
0.039099999999999996
0.035
0.0336
0.06709999999999999
0.0873
0.1095
0.12240000000000001
0.3102
1.626
1.9782
0.9817
4.0061
4.3108
4.3199000000000005
2.3276
0.6925
0.4384
0.1232
0.0642
0.055400000000000005
0.0532
0.048299999999999996
0.0388
0.04
0.0297
0.0231
0.0119
0.0087
0.0028
0.1665
0.5934999999999999
0.23120000000000002
0.35419999999999996
0.3772
0.29500000000000004
1.2248
2.34
1.6133000000000002
0.1012
0.09659999999999999
0.08
0.08149999999999999
0.08349999999999999
0.1078
0.139
0.1768
0.3318
0.21950000000000003
0.1326
0.1412
0.1236
0.1448
0.15589999999999998
1.1421000000000001
0.2633
0.3494
1.0211000000000001
0.9859
0.31689999999999996
1.3769
3.4846
2.9766
1.8165
1.1103
0.4578
0.2898
0.30079999999999996
0.1973
0.1244
0.1139
0.0937
0.075
0.0494
0.0572
0.2515
0.20520000000000002
0.0784
0.0633
0.0504
0.08829999999999999
0.0492
0.819
1.3434
0.3674
0.0547
0.0708
0.0351
0.0645
0.0582
0.0999
0.08180000000000001
0.1038
0.1479
0.1216
0.0669
0.0524
0.096
0.2521
0.0429
0.013000000000000001
0.019999999999999997
0.0
0.0193
0.37529999999999997
0.49820000000000003
0.0
2.4356
0.3722
0.35450000000000004
0.3338
0.3356
0.32889999999999997
0.3251
0.4345
0.7679
0.6246
0.6425000000000001
0.6939
1.0566
0.8446
0.5115000000000001
0.4824
0.4229
0.7646
0.954
2.8830999999999998
0.8007
1.5606
1.5609000000000002
0.8647
0.4712
3.6397000000000004
3.0175
1.8667
0.1859
0.0137
0.0176
0.0065
0.0115
0.0052
0.004
0.0246
0.1201
0.2445
0.0193
0.0028
0.0157
0.036500000000000005
0.0539
0.0584
0.6723
1.075
0.2463
0.3477
1.1726
2.0023
3.2377000000000002
3.089
1.3141
0.6655
0.1527
0.0224
0.054400000000000004
0.0639
0.08940000000000001
0.11960000000000001
0.14839999999999998
0.0935
0.0702
0.0567
0.0
0.0
0.0
0.5923
1.0067
0.9465000000000001
1.159
0.5622
0.37539999999999996
4.0061
4.3108
4.3199000000000005
2.3276
0.6925
0.4384
0.1232
0.0642
0.055400000000000005
0.0532
0.048299999999999996
0.0388
0.04
0.0297
0.0231
0.0119
0.0087
0.0028
0.1665
0.5934999999999999
0.23120000000000002
0.35419999999999996
0.3772
0.29500000000000004
1.2248
2.34
1.6133000000000002
0.1012
0.09659999999999999
0.08
0.08149999999999999
0.08349999999999999
0.1078
0.139
0.1768
0.3318
0.21950000000000003
0.1326
0.1412
0.1236
0.1448
0.15589999999999998
1.1421000000000001
0.2633
0.3494
1.0211000000000001
0.9859
0.31689999999999996
1.3769
3.4846
2.9766
1.8165
1.1103
0.4578
0.2898
0.30079999999999996
0.1973
0.1244
0.1139
0.0937
0.075
0.0494
0.0572
0.2515
0.20520000000000002
0.0784
0.0633
0.0504
0.08829999999999999
0.0492
0.819
1.3434
0.3674
0.0547
0.0708
0.0351
0.0645
0.0582
0.0999
0.08180000000000001
0.1038
0.1479
0.1216
0.0669
0.0524
0.096
0.2521
0.0429
0.013000000000000001
0.019999999999999997
0.0
0.0193
0.37529999999999997
0.49820000000000003
0.0
2.4356
0.3722
0.35450000000000004
0.3338
0.3356
0.32889999999999997
0.3251
0.4345
0.7679
0.6246
0.6425000000000001
0.6939
1.0566
0.8446
0.5115000000000001
0.4824
0.4229
0.7646
0.954
2.8830999999999998
0.8007
1.5606
1.5609000000000002
0.8647
0.4712
3.6397000000000004
3.0175
1.8667
0.1859
0.0137
0.0176
0.0065
0.0115
0.0052
0.004
0.0246
0.1201
0.2445
0.0193
0.0028
0.0157
0.036500000000000005
0.0539
0.0584
0.6723
1.075
0.2463
0.3477
1.1726
2.0023
3.2377000000000002
3.089
1.3141
0.6655
0.1527
0.0224
0.054400000000000004
0.0639
0.08940000000000001
0.11960000000000001
0.14839999999999998
0.0935
0.0702
0.0567
0.0
0.0
0.0
0.5923
1.0067
0.9465000000000001
1.159
0.5622
0.37539999999999996
4.0061
4.3108
4.3199000000000005
2.3276
0.6925
0.4384
0.1232
0.0642
0.055400000000000005
0.0532
0.048299999999999996
0.0388
0.04
0.0297
0.0231
0.0119
0.0087
0.0028
0.1665
0.5934999999999999
0.23120000000000002
0.35419999999999996
0.3772
0.29500000000000004
1.2248
2.34
1.6133000000000002
0.1012
0.09659999999999999
0.08
0.08149999999999999
0.08349999999999999
0.1078
0.139
0.1768
0.3318
0.21950000000000003
0.1326
0.1412
0.1236
0.1448
0.15589999999999998
1.1421000000000001
0.2633
0.3494
1.0211000000000001
0.9859
0.31689999999999996
1.3769
3.4846
2.9766
1.8165
1.1103
0.4578
0.2898
0.30079999999999996
0.1973
0.1244
0.1139
0.0937
0.075
0.0494
0.0572
0.2515
0.20520000000000002
0.0784
0.0633
0.0504
0.08829999999999999
0.0492
0.819
1.3434
0.3674
0.0547
0.0708
0.0351
0.0645
0.0582
0.0999
0.08180000000000001
0.1038
0.1479
0.1216
0.0669
0.0524
0.096
0.2521
0.0429
0.013000000000000001
0.019999999999999997
0.0
0.0193
0.37529999999999997
0.49820000000000003
0.0
2.4356
0.3722
0.35450000000000004
0.3338
0.3356
0.32889999999999997
0.3251
0.4345
0.7679
0.6246
0.6425000000000001
0.6939
1.0566
0.8446
0.5115000000000001
0.4824
0.4229
0.7646
0.954
2.8830999999999998
0.8007
1.5606
1.5609000000000002
0.8647
0.4712
3.6397000000000004
3.0175
1.8667
0.1859
0.0137
0.0176
0.0065
0.0115
0.0052
0.004
0.0246
0.1201
0.2445
0.0193
0.0028
0.0157
0.036500000000000005
0.0539
0.0584
0.6723
1.075
0.2463
0.3477
1.1726
2.0023
3.2377000000000002
3.089
1.3141
0.6655
0.1527
0.0224
0.054400000000000004
0.0639
0.08940000000000001
0.11960000000000001
0.14839999999999998
0.0935
0.0702
0.0567
0.0
0.0
0.0
0.5923
1.0067
0.9465000000000001
1.159
0.5622
0.37539999999999996
4.0061
4.3108
4.3199000000000005
2.3276
0.6925
0.4384
0.1232
0.0642
0.055400000000000005
0.0532
0.048299999999999996
0.0388
0.04
0.0297
0.0231
0.0119
0.0087
0.0028
0.1665
0.5934999999999999
0.23120000000000002
0.35419999999999996
0.3772
0.29500000000000004
1.2248
2.34
1.6133000000000002
0.1012
0.09659999999999999
0.08
0.08149999999999999
0.08349999999999999
0.1078
0.139
0.1768
0.3318
0.21950000000000003
0.1326
0.1412
0.1236
0.1448
0.15589999999999998
1.1421000000000001
0.2633
0.3494
1.0211000000000001
0.9859
0.31689999999999996
1.3769
3.4846
2.9766
1.8165
1.1103
0.4578
0.2898
0.30079999999999996
0.1973
0.1244
0.1139
0.0937
0.075
0.0494
0.0572
0.2515
0.20520000000000002
0.0784
0.0633
0.0504
0.08829999999999999
0.0492
0.819
1.3434
0.3674
0.0547
0.0708
0.0351
0.0645
0.0582
0.0999
0.08180000000000001
0.1038
0.1479
0.1216
0.0669
0.0524
0.096
0.2521
0.0429
0.013000000000000001
0.019999999999999997
0.0
0.0193
0.37529999999999997
0.49820000000000003
0.0
2.4356
0.3722
0.35450000000000004
0.3338
0.3356
0.32889999999999997
0.3251
0.4345
0.7679
0.6246
0.6425000000000001
0.6939
1.0566
0.8446
0.5115000000000001
0.4824
0.4229
0.7646
0.954
2.8830999999999998
0.8007
1.5606
1.5609000000000002
0.8647
0.4712
3.6397000000000004
3.0175
1.8667
0.1859
0.0137
0.0176
0.0065
0.0115
0.0052
0.004
0.0246
0.1201
0.2445
0.0193
0.0028
0.0157
0.036500000000000005
0.0539
0.0584
0.6723
1.075
0.2463
0.3477
1.1726
2.0023
3.2377000000000002
3.089
1.3141
0.6655
0.1527
0.0224
0.054400000000000004
0.0639
0.08940000000000001
0.11960000000000001
0.14839999999999998
0.0935
0.0702
0.0567
0.0
0.0
0.0
0.5923
1.0067
0.9465000000000001
1.159
0.5622
0.37539999999999996
1.4626000000000001
0.8415
0.8799
0.6920999999999999
0.5263
0.4598
0.43620000000000003
0.7725
1.0289
0.5629
0.11499999999999999
0.0382
0.033299999999999996
0.036000000000000004
0.035199999999999995
0.09839999999999999
0.1564
0.2658
0.356
0.6343
0.5863
0.4678
0.5152
2.2878
0.4798
0.8250000000000001
1.4739
0.5556
0.2815
0.1032
0.06670000000000001
0.0728
0.0752
0.0883
0.08729999999999999
0.0814
0.0834
0.0725
0.1077
0.1455
0.1085
1.1552
0.12490000000000001
0.106
0.1116
0.148
0.1926
0.2653
0.1164
0.1081
0.10139999999999999
0.0875
0.0495
0.0034
0.0001
0.025
0.0
0.0078
0.0171
0.0159
0.0139
0.0197
0.08779999999999999
0.1472
0.0373
0.0383
0.0283
0.0353
0.0476
0.047700000000000006
0.088
0.1432
1.8681999999999999
1.9269
2.0184
2.0982
0.9961
0.3236
0.3776
0.49239999999999995
0.7492000000000001
0.7926
0.7122999999999999
0.6659999999999999
0.6525
0.6396
0.6667000000000001
2.1603
1.0399
1.0308
1.2775
1.6677
1.3716
1.0193
0.9561999999999999
3.3518
0.8107
3.6133999999999995
6.7057
6.3963
0.4067
0.0
0.0547
0.0
0.015200000000000002
0.0
0.0347
0.1038
0.13929999999999998
0.1781
0.21910000000000002
0.0
0.0
0.0
0.0
0.065
0.0041
0.0
0.0
0.0
0.9915
0.2027
0.0238
0.0091
0.0034
0.0631
0.0777
0.017
0.0166
0.0028
0.0113
0.0
0.0179
0.0491
0.2071
0.06889999999999999
0.0134
0.0288
0.0055
0.0
0.0128
0.0105
0.0572
0.6205
3.5439
3.8674999999999997
3.9774000000000003
3.9507000000000003
3.8721
1.8276999999999999
0.0605
0.0
1.5514999999999999
1.7053
0.9778
0.0
0.0
0.0
0.0
0.0
0.0
0.0785
0.5735
3.3629
4.452400000000001
3.2586
2.2733
5.1549
1.4626000000000001
0.8415
0.8799
0.6920999999999999
0.5263
0.4598
0.43620000000000003
0.7725
1.0289
0.5629
0.11499999999999999
0.0382
0.033299999999999996
0.036000000000000004
0.035199999999999995
0.09839999999999999
0.1564
0.2658
0.356
0.6343
0.5863
0.4678
0.5152
2.2878
0.4798
0.8250000000000001
1.4739
0.5556
0.2815
0.1032
0.06670000000000001
0.0728
0.0752
0.0883
0.08729999999999999
0.0814
0.0834
0.0725
0.1077
0.1455
0.1085
1.1552
0.12490000000000001
0.106
0.1116
0.148
0.1926
0.2653
0.1164
0.1081
0.10139999999999999
0.0875
0.0495
0.0034
0.0001
0.025
0.0
0.0078
0.0171
0.0159
0.0139
0.0197
0.08779999999999999
0.1472
0.0373
0.0383
0.0283
0.0353
0.0476
0.047700000000000006
0.088
0.1432
1.8681999999999999
1.9269
2.0184
2.0982
0.9961
0.3236
0.3776
0.49239999999999995
0.7492000000000001
0.7926
0.7122999999999999
0.6659999999999999
0.6525
0.6396
0.6667000000000001
2.1603
1.0399
1.0308
1.2775
1.6677
1.3716
1.0193
0.9561999999999999
3.3518
0.8107
3.6133999999999995
6.7057
6.3963
0.4067
0.0
0.0547
0.0
0.015200000000000002
0.0
0.0347
0.1038
0.13929999999999998
0.1781
0.21910000000000002
0.0
0.0
0.0
0.0
0.065
0.0041
0.0
0.0
0.0
0.9915
0.2027
0.0238
0.0091
0.0034
0.0631
0.0777
0.017
0.0166
0.0028
0.0113
0.0
0.0179
0.0491
0.2071
0.06889999999999999
0.0134
0.0288
0.0055
0.0
0.0128
0.0105
0.0572
0.6205
3.5439
3.8674999999999997
3.9774000000000003
3.9507000000000003
3.8721
1.8276999999999999
0.0605
0.0
1.5514999999999999
1.7053
0.9778
0.0
0.0
0.0
0.0
0.0
0.0
0.0785
0.5735
3.3629
4.452400000000001
3.2586
2.2733
5.1549
1.4626000000000001
0.8415
0.8799
0.6920999999999999
0.5263
0.4598
0.43620000000000003
0.7725
1.0289
0.5629
0.11499999999999999
0.0382
0.033299999999999996
0.036000000000000004
0.035199999999999995
0.09839999999999999
0.1564
0.2658
0.356
0.6343
0.5863
0.4678
0.5152
2.2878
0.4798
0.8250000000000001
1.4739
0.5556
0.2815
0.1032
0.06670000000000001
0.0728
0.0752
0.0883
0.08729999999999999
0.0814
0.0834
0.0725
0.1077
0.1455
0.1085
1.1552
0.12490000000000001
0.106
0.1116
0.148
0.1926
0.2653
0.1164
0.1081
0.10139999999999999
0.0875
0.0495
0.0034
0.0001
0.025
0.0
0.0078
0.0171
0.0159
0.0139
0.0197
0.08779999999999999
0.1472
0.0373
0.0383
0.0283
0.0353
0.0476
0.047700000000000006
0.088
0.1432
1.8681999999999999
1.9269
2.0184
2.0982
0.9961
0.3236
0.3776
0.49239999999999995
0.7492000000000001
0.7926
0.7122999999999999
0.6659999999999999
0.6525
0.6396
0.6667000000000001
2.1603
1.0399
1.0308
1.2775
1.6677
1.3716
1.0193
0.9561999999999999
3.3518
0.8107
3.6133999999999995
6.7057
6.3963
0.4067
0.0
0.0547
0.0
0.015200000000000002
0.0
0.0347
0.1038
0.13929999999999998
0.1781
0.21910000000000002
0.0
0.0
0.0
0.0
0.065
0.0041
0.0
0.0
0.0
0.9915
0.2027
0.0238
0.0091
0.0034
0.0631
0.0777
0.017
0.0166
0.0028
0.0113
0.0
0.0179
0.0491
0.2071
0.06889999999999999
0.0134
0.0288
0.0055
0.0
0.0128
0.0105
0.0572
0.6205
3.5439
3.8674999999999997
3.9774000000000003
3.9507000000000003
3.8721
1.8276999999999999
0.0605
0.0
1.5514999999999999
1.7053
0.9778
0.0
0.0
0.0
0.0
0.0
0.0
0.0785
0.5735
3.3629
4.452400000000001
3.2586
2.2733
5.1549
1.4626000000000001
0.8415
0.8799
0.6920999999999999
0.5263
0.4598
0.43620000000000003
0.7725
1.0289
0.5629
0.11499999999999999
0.0382
0.033299999999999996
0.036000000000000004
0.035199999999999995
0.09839999999999999
0.1564
0.2658
0.356
0.6343
0.5863
0.4678
0.5152
2.2878
0.4798
0.8250000000000001
1.4739
0.5556
0.2815
0.1032
0.06670000000000001
0.0728
0.0752
0.0883
0.08729999999999999
0.0814
0.0834
0.0725
0.1077
0.1455
0.1085
1.1552
0.12490000000000001
0.106
0.1116
0.148
0.1926
0.2653
0.1164
0.1081
0.10139999999999999
0.0875
0.0495
0.0034
0.0001
0.025
0.0
0.0078
0.0171
0.0159
0.0139
0.0197
0.08779999999999999
0.1472
0.0373
0.0383
0.0283
0.0353
0.0476
0.047700000000000006
0.088
0.1432
1.8681999999999999
1.9269
2.0184
2.0982
0.9961
0.3236
0.3776
0.49239999999999995
0.7492000000000001
0.7926
0.7122999999999999
0.6659999999999999
0.6525
0.6396
0.6667000000000001
2.1603
1.0399
1.0308
1.2775
1.6677
1.3716
1.0193
0.9561999999999999
3.3518
0.8107
3.6133999999999995
6.7057
6.3963
0.4067
0.0
0.0547
0.0
0.015200000000000002
0.0
0.0347
0.1038
0.13929999999999998
0.1781
0.21910000000000002
0.0
0.0
0.0
0.0
0.065
0.0041
0.0
0.0
0.0
0.9915
0.2027
0.0238
0.0091
0.0034
0.0631
0.0777
0.017
0.0166
0.0028
0.0113
0.0
0.0179
0.0491
0.2071
0.06889999999999999
0.0134
0.0288
0.0055
0.0
0.0128
0.0105
0.0572
0.6205
3.5439
3.8674999999999997
3.9774000000000003
3.9507000000000003
3.8721
1.8276999999999999
0.0605
0.0
1.5514999999999999
1.7053
0.9778
0.0
0.0
0.0
0.0
0.0
0.0
0.0785
0.5735
3.3629
4.452400000000001
3.2586
2.2733
5.1549
1.4626000000000001
0.8415
0.8799
0.6920999999999999
0.5263
0.4598
0.43620000000000003
0.7725
1.0289
0.5629
0.11499999999999999
0.0382
0.033299999999999996
0.036000000000000004
0.035199999999999995
0.09839999999999999
0.1564
0.2658
0.356
0.6343
0.5863
0.4678
0.5152
2.2878
0.4798
0.8250000000000001
1.4739
0.5556
0.2815
0.1032
0.06670000000000001
0.0728
0.0752
0.0883
0.08729999999999999
0.0814
0.0834
0.0725
0.1077
0.1455
0.1085
1.1552
0.12490000000000001
0.106
0.1116
0.148
0.1926
0.2653
0.1164
0.1081
0.10139999999999999
0.0875
0.0495
0.0034
0.0001
0.025
0.0
0.0078
0.0171
0.0159
0.0139
0.0197
0.08779999999999999
0.1472
0.0373
0.0383
0.0283
0.0353
0.0476
0.047700000000000006
0.088
0.1432
0.1166
0.1002
0.0857
0.0904
0.1139
0.7409
0.4885
0.0341
0.0767
0.0085
0.0708
0.0387
0.0369
0.033699999999999994
0.039400000000000004
0.0283
0.0147
1.3096999999999999
0.1472
0.1563
0.1792
0.0849
0.9476
1.3912
3.0297
2.7122
3.8845
1.0694
0.5302
0.31579999999999997
0.2933
0.4104
0.3305
0.3552
0.3361
0.4169
0.402
0.4309
0.4985
1.8460999999999999
0.49779999999999996
0.49420000000000003
0.37939999999999996
0.3356
0.35750000000000004
0.3654
0.456
0.5493
0.5639000000000001
0.0
0.0168
0.012
0.044
0.0
0.0
0.0
0.0383
0.020900000000000002
0.030199999999999998
0.0434
0.0156
0.0458
1.6728
0.6182
0.5374
0.3386
0.4137
0.4849
0.8402000000000001
0.6704
0.18519999999999998
0.1734
1.9031
0.7228
0.7987
0.4287
0.1426
0.14379999999999998
0.12490000000000001
0.0912
0.3392
0.2838
0.12140000000000001
0.0746
0.0482
0.0334
0.0275
0.2966
1.8226
0.4138
0.2954
0.3077
0.264
0.35750000000000004
1.3303
2.2687999999999997
0.5828
0.5005000000000001
0.4652
0.43410000000000004
0.4369
0.4659
0.4705
0.528
0.5635
0.5693999999999999
0.742
1.8393000000000002
1.222
1.4906
1.4443000000000001
0.5708
0.575
0.985
1.1218
0.5741
2.5265
2.1242
1.1399
0.5988
0.8049
0.3291
0.4606
0.5179
0.1253
0.131
0.5756
0.0045
0.019700000000000002
0.0665
0.0798
0.031299999999999994
0.0213
0.038599999999999995
0.0461
0.0434
0.0064
0.0
0.020999999999999998
0.2206
0.5966
0.192
0.1111
2.1212999999999997
0.6199
0.6054999999999999
0.589
0.5888
0.5784
0.5599000000000001
0.5686
0.8282
0.5326
0.5271999999999999
0.5688
0.6687
0.6268
0.5313
0.516
0.4455
0.6863999999999999
1.393
1.8733
1.014
1.4967
1.5974
1.0324
0.7125
0.1166
0.1002
0.0857
0.0904
0.1139
0.7409
0.4885
0.0341
0.0767
0.0085
0.0708
0.0387
0.0369
0.033699999999999994
0.039400000000000004
0.0283
0.0147
1.3096999999999999
0.1472
0.1563
0.1792
0.0849
0.9476
1.3912
3.0297
2.7122
3.8845
1.0694
0.5302
0.31579999999999997
0.2933
0.4104
0.3305
0.3552
0.3361
0.4169
0.402
0.4309
0.4985
1.8460999999999999
0.49779999999999996
0.49420000000000003
0.37939999999999996
0.3356
0.35750000000000004
0.3654
0.456
0.5493
0.5639000000000001
0.0
0.0168
0.012
0.044
0.0
0.0
0.0
0.0383
0.020900000000000002
0.030199999999999998
0.0434
0.0156
0.0458
1.6728
0.6182
0.5374
0.3386
0.4137
0.4849
0.8402000000000001
0.6704
0.18519999999999998
0.1734
1.9031
0.7228
0.7987
0.4287
0.1426
0.14379999999999998
0.12490000000000001
0.0912
0.3392
0.2838
0.12140000000000001
0.0746
0.0482
0.0334
0.0275
0.2966
1.8226
0.4138
0.2954
0.3077
0.264
0.35750000000000004
1.3303
2.2687999999999997
0.5828
0.5005000000000001
0.4652
0.43410000000000004
0.4369
0.4659
0.4705
0.528
0.5635
0.5693999999999999
0.742
1.8393000000000002
1.222
1.4906
1.4443000000000001
0.5708
0.575
0.985
1.1218
0.5741
2.5265
2.1242
1.1399
0.5988
0.8049
0.3291
0.4606
0.5179
0.1253
0.131
0.5756
0.0045
0.019700000000000002
0.0665
0.0798
0.031299999999999994
0.0213
0.038599999999999995
0.0461
0.0434
0.0064
0.0
0.020999999999999998
0.2206
0.5966
0.192
0.1111
2.1212999999999997
0.6199
0.6054999999999999
0.589
0.5888
0.5784
0.5599000000000001
0.5686
0.8282
0.5326
0.5271999999999999
0.5688
0.6687
0.6268
0.5313
0.516
0.4455
0.6863999999999999
1.393
1.8733
1.014
1.4967
1.5974
1.0324
0.7125
0.1166
0.1002
0.0857
0.0904
0.1139
0.7409
0.4885
0.0341
0.0767
0.0085
0.0708
0.0387
0.0369
0.033699999999999994
0.039400000000000004
0.0283
0.0147
1.3096999999999999
0.1472
0.1563
0.1792
0.0849
0.9476
1.3912
3.0297
2.7122
3.8845
1.0694
0.5302
0.31579999999999997
0.2933
0.4104
0.3305
0.3552
0.3361
0.4169
0.402
0.4309
0.4985
1.8460999999999999
0.49779999999999996
0.49420000000000003
0.37939999999999996
0.3356
0.35750000000000004
0.3654
0.456
0.5493
0.5639000000000001
0.0
0.0168
0.012
0.044
0.0
0.0
0.0
0.0383
0.020900000000000002
0.030199999999999998
0.0434
0.0156
0.0458
1.6728
0.6182
0.5374
0.3386
0.4137
0.4849
0.8402000000000001
0.6704
0.18519999999999998
0.1734
1.9031
0.7228
0.7987
0.4287
0.1426
0.14379999999999998
0.12490000000000001
0.0912
0.3392
0.2838
0.12140000000000001
0.0746
0.0482
0.0334
0.0275
0.2966
1.8226
0.4138
0.2954
0.3077
0.264
0.35750000000000004
1.3303
2.2687999999999997
0.5828
0.5005000000000001
0.4652
0.43410000000000004
0.4369
0.4659
0.4705
0.528
0.5635
0.5693999999999999
0.742
1.8393000000000002
1.222
1.4906
1.4443000000000001
0.5708
0.575
0.985
1.1218
0.5741
2.5265
2.1242
1.1399
0.5988
0.8049
0.3291
0.4606
0.5179
0.1253
0.131
0.5756
0.0045
0.019700000000000002
0.0665
0.0798
0.031299999999999994
0.0213
0.038599999999999995
0.0461
0.0434
0.0064
0.0
0.020999999999999998
0.2206
0.5966
0.192
0.1111
2.1212999999999997
0.6199
0.6054999999999999
0.589
0.5888
0.5784
0.5599000000000001
0.5686
0.8282
0.5326
0.5271999999999999
0.5688
0.6687
0.6268
0.5313
0.516
0.4455
0.6863999999999999
1.393
1.8733
1.014
1.4967
1.5974
1.0324
0.7125
0.1166
0.1002
0.0857
0.0904
0.1139
0.7409
0.4885
0.0341
0.0767
0.0085
0.0708
0.0387
0.0369
0.033699999999999994
0.039400000000000004
0.0283
0.0147
1.3096999999999999
0.1472
0.1563
0.1792
0.0849
0.9476
1.3912
3.0297
2.7122
3.8845
1.0694
0.5302
0.31579999999999997
0.2933
0.4104
0.3305
0.3552
0.3361
0.4169
0.402
0.4309
0.4985
1.8460999999999999
0.49779999999999996
0.49420000000000003
0.37939999999999996
0.3356
0.35750000000000004
0.3654
0.456
0.5493
0.5639000000000001
0.0
0.0168
0.012
0.044
0.0
0.0
0.0
0.0383
0.020900000000000002
0.030199999999999998
0.0434
0.0156
0.0458
1.6728
0.6182
0.5374
0.3386
0.4137
0.4849
0.8402000000000001
0.6704
0.18519999999999998
0.1734
1.9031
0.7228
0.7987
0.4287
0.1426
0.14379999999999998
0.12490000000000001
0.0912
0.3392
0.2838
0.12140000000000001
0.0746
0.0482
0.0334
0.0275
0.2966
1.8226
0.4138
0.2954
0.3077
0.264
0.35750000000000004
1.3303
2.2687999999999997
0.5828
0.5005000000000001
0.4652
0.43410000000000004
0.4369
0.4659
0.4705
0.528
0.5635
0.5693999999999999
0.742
1.8393000000000002
1.222
1.4906
1.4443000000000001
0.5708
0.575
0.985
1.1218
0.5741
2.5265
2.1242
1.1399
0.5988
0.8049
0.3291
0.4606
0.5179
0.1253
0.131
0.5756
0.0045
0.019700000000000002
0.0665
0.0798
0.031299999999999994
0.0213
0.038599999999999995
0.0461
0.0434
0.0064
0.0
0.020999999999999998
0.2206
0.5966
0.192
0.1111
2.1212999999999997
0.6199
0.6054999999999999
0.589
0.5888
0.5784
0.5599000000000001
0.5686
0.8282
0.5326
0.5271999999999999
0.5688
0.6687
0.6268
0.5313
0.516
0.4455
0.6863999999999999
1.393
1.8733
1.014
1.4967
1.5974
1.0324
0.7125
0.1166
0.1002
0.0857
0.0904
0.1139
0.7409
0.4885
0.0341
0.0767
0.0085
0.0708
0.0387
0.0369
0.033699999999999994
0.039400000000000004
0.0283
0.0147
1.3096999999999999
0.1472
0.1563
0.1792
0.0849
0.9476
1.3912
3.0297
2.7122
3.8845
1.0694
0.5302
0.31579999999999997
0.2933
0.4104
0.3305
0.3552
0.3361
0.4169
0.402
0.4309
0.4985
1.8460999999999999
0.49779999999999996
0.49420000000000003
0.37939999999999996
0.3356
0.35750000000000004
0.3654
0.456
0.5493
0.14329999999999998
0.1449
0.1411
0.1195
0.08549999999999999
0.0129
0.0
0.1825
0.0
0.0199
0.0332
0.0427
0.0359
0.0216
0.0257
0.022699999999999998
0.0189
0.0159
0.014100000000000001
0.041499999999999995
0.0622
0.06520000000000001
0.2565
0.2728
0.482
0.6315999999999999
0.5877
0.8160000000000001
1.7269999999999999
2.6341
2.6316
0.1933
0.28400000000000003
0.299
0.34940000000000004
0.4024
0.4393
0.49849999999999994
1.6171
1.2757
0.6017
0.9409000000000001
1.2016
0.2159
0.0624
0.0158
0.0
0.0
2.7729
2.7887
2.9013
1.6274
0.0499
0.0508
0.0667
0.13240000000000002
0.0965
0.07880000000000001
0.09989999999999999
0.214
0.47519999999999996
0.3827
0.49470000000000003
0.8623000000000001
0.0112
0.027200000000000002
0.017
0.0283
0.0197
0.0254
0.045399999999999996
2.0491
0.06570000000000001
0.08130000000000001
0.08049999999999999
0.0345
0.0096
0.26
1.0645
0.4174
1.2493
0.0337
0.0087
0.057499999999999996
0.0316
0.0223
0.0979
0.19219999999999998
0.16599999999999998
0.2147
0.9569000000000001
0.6253
0.9252
0.1043
0.0
0.0
4.6179
8.7277
9.0247
5.8626000000000005
2.7180999999999997
1.6841
1.7516
3.0645
1.6227
2.0839
2.5244
2.3418
1.8157999999999999
1.4487
1.4491
2.0486
1.099
1.0035
0.8924
0.7148
0.6945
0.7535000000000001
1.2018
1.9565000000000001
1.3899
0.2256
0.0368
0.1152
1.2489999999999999
0.0
0.4209
1.3746
0.8146
0.4432
2.3108
0.2862
0.0195
0.09459999999999999
0.15889999999999999
1.4264000000000001
1.3988
0.0039
0.0053
0.0698
0.1673
0.24830000000000002
0.7153
1.7883999999999998
1.1172
2.2952
3.2590000000000003
0.2566
0.26739999999999997
0.1966
0.0516
0.0758
0.06130000000000001
0.0537
0.0359
0.0402
0.041999999999999996
0.023
0.0325
0.032100000000000004
0.0133
0.5971
0.2323
0.0049
0.0445
0.1461
0.3911
0.473
0.14329999999999998
0.1449
0.1411
0.1195
0.08549999999999999
0.0129
0.0
0.1825
0.0
0.0199
0.0332
0.0427
0.0359
0.0216
0.0257
0.022699999999999998
0.0189
0.0159
0.014100000000000001
0.041499999999999995
0.0622
0.06520000000000001
0.2565
0.2728
0.482
0.6315999999999999
0.5877
0.8160000000000001
1.7269999999999999
2.6341
2.6316
0.1933
0.28400000000000003
0.299
0.34940000000000004
0.4024
0.4393
0.49849999999999994
1.6171
1.2757
0.6017
0.9409000000000001
1.2016
0.2159
0.0624
0.0158
0.0
0.0
2.7729
2.7887
2.9013
1.6274
0.0499
0.0508
0.0667
0.13240000000000002
0.0965
0.07880000000000001
0.09989999999999999
0.214
0.47519999999999996
0.3827
0.49470000000000003
0.8623000000000001
0.0112
0.027200000000000002
0.017
0.0283
0.0197
0.0254
0.045399999999999996
2.0491
0.06570000000000001
0.08130000000000001
0.08049999999999999
0.0345
0.0096
0.26
1.0645
0.4174
1.2493
0.0337
0.0087
0.057499999999999996
0.0316
0.0223
0.0979
0.19219999999999998
0.16599999999999998
0.2147
0.9569000000000001
0.6253
0.9252
0.1043
0.0
0.0
4.6179
8.7277
9.0247
5.8626000000000005
2.7180999999999997
1.6841
1.7516
3.0645
1.6227
2.0839
2.5244
2.3418
1.8157999999999999
1.4487
1.4491
2.0486
1.099
1.0035
0.8924
0.7148
0.6945
0.7535000000000001
1.2018
1.9565000000000001
1.3899
0.2256
0.0368
0.1152
1.2489999999999999
0.0
0.4209
1.3746
0.8146
0.4432
2.3108
0.2862
0.0195
0.09459999999999999
0.15889999999999999
1.4264000000000001
1.3988
0.0039
0.0053
0.0698
0.1673
0.24830000000000002
0.7153
1.7883999999999998
1.1172
2.2952
3.2590000000000003
0.2566
0.26739999999999997
0.1966
0.0516
0.0758
0.06130000000000001
0.0537
0.0359
0.0402
0.041999999999999996
0.023
0.0325
0.032100000000000004
0.0133
0.5971
0.2323
0.0049
0.0445
0.1461
0.3911
0.473
0.14329999999999998
0.1449
0.1411
0.1195
0.08549999999999999
0.0129
0.0
0.1825
0.0
0.0199
0.0332
0.0427
0.0359
0.0216
0.0257
0.022699999999999998
0.0189
0.0159
0.014100000000000001
0.041499999999999995
0.0622
0.06520000000000001
0.2565
0.2728
0.482
0.6315999999999999
0.5877
0.8160000000000001
1.7269999999999999
2.6341
2.6316
0.1933
0.28400000000000003
0.299
0.34940000000000004
0.4024
0.4393
0.49849999999999994
1.6171
1.2757
0.6017
0.9409000000000001
1.2016
0.2159
0.0624
0.0158
0.0
0.0
2.7729
2.7887
2.9013
1.6274
0.0499
0.0508
0.0667
0.13240000000000002
0.0965
0.07880000000000001
0.09989999999999999
0.214
0.47519999999999996
0.3827
0.49470000000000003
0.8623000000000001
0.0112
0.027200000000000002
0.017
0.0283
0.0197
0.0254
0.045399999999999996
2.0491
0.06570000000000001
0.08130000000000001
0.08049999999999999
0.0345
0.0096
0.26
1.0645
0.4174
1.2493
0.0337
0.0087
0.057499999999999996
0.0316
0.0223
0.0979
0.19219999999999998
0.16599999999999998
0.2147
0.9569000000000001
0.6253
0.9252
0.1043
0.0
0.0
4.6179
8.7277
9.0247
5.8626000000000005
2.7180999999999997
1.6841
1.7516
3.0645
1.6227
2.0839
2.5244
2.3418
1.8157999999999999
1.4487
1.4491
2.0486
1.099
1.0035
0.8924
0.7148
0.6945
0.7535000000000001
1.2018
1.9565000000000001
1.3899
0.2256
0.0368
0.1152
1.2489999999999999
0.0
0.4209
1.3746
0.8146
0.4432
2.3108
0.2862
0.0195
0.09459999999999999
0.15889999999999999
1.4264000000000001
1.3988
0.0039
0.0053
0.0698
0.1673
0.24830000000000002
0.7153
1.7883999999999998
1.1172
2.2952
3.2590000000000003
0.2566
0.26739999999999997
0.1966
0.0516
0.0758
0.06130000000000001
0.0537
0.0359
0.0402
0.041999999999999996
0.023
0.0325
0.032100000000000004
0.0133
0.5971
0.2323
0.0049
0.0445
0.1461
0.3911
0.473
0.14329999999999998
0.1449
0.1411
0.1195
0.08549999999999999
0.0129
0.0
0.1825
0.0
0.0199
0.0332
0.0427
0.0359
0.0216
0.0257
0.022699999999999998
0.0189
0.0159
0.014100000000000001
0.041499999999999995
0.0622
0.06520000000000001
0.2565
0.2728
0.482
0.6315999999999999
0.5877
0.8160000000000001
1.7269999999999999
2.6341
2.6316
0.1933
0.28400000000000003
0.299
0.34940000000000004
0.4024
0.4393
0.49849999999999994
1.6171
1.2757
0.6017
0.9409000000000001
1.2016
0.2159
0.0624
0.0158
0.0
0.0
2.7729
2.7887
2.9013
1.6274
0.0499
0.0508
0.0667
0.13240000000000002
0.0965
0.07880000000000001
0.09989999999999999
0.214
0.47519999999999996
0.3827
0.49470000000000003
0.8623000000000001
0.0112
0.027200000000000002
0.017
0.0283
0.0197
0.0254
0.045399999999999996
2.0491
0.06570000000000001
0.08130000000000001
0.08049999999999999
0.0345
0.0096
0.26
1.0645
0.4174
1.2493
0.0337
0.0087
0.057499999999999996
0.0316
0.0223
0.0979
0.19219999999999998
0.16599999999999998
0.2147
0.9569000000000001
0.6253
0.9252
0.1043
0.0
0.0
4.6179
8.7277
9.0247
5.8626000000000005
2.7180999999999997
1.6841
1.7516
3.0645
1.6227
2.0839
2.5244
2.3418
1.8157999999999999
1.4487
1.4491
2.0486
1.099
1.0035
0.8924
0.7148
0.6945
0.7535000000000001
1.2018
1.9565000000000001
1.3899
0.2256
0.0368
0.1152
1.2489999999999999
0.0
0.4209
1.3746
0.8146
0.4432
2.3108
0.2862
0.0195
0.09459999999999999
0.15889999999999999
1.4264000000000001
1.3988
0.0039
0.0053
0.0698
0.1673
0.24830000000000002
0.7153
1.7883999999999998
1.1172
2.2952
3.2590000000000003
0.2566
0.26739999999999997
0.1966
0.0516
0.0758
0.06130000000000001
0.0537
0.0359
0.0402
0.041999999999999996
0.023
0.0325
0.032100000000000004
0.0133
0.5971
0.2323
0.0049
0.0445
0.1461
0.3911
0.473
0.14329999999999998
0.1449
0.1411
0.1195
0.08549999999999999
0.0129
0.0
0.1825
0.0
0.0199
0.0332
0.0427
0.0359
0.0216
0.0257
0.022699999999999998
0.0189
0.0159
0.014100000000000001
0.041499999999999995
0.0622
0.06520000000000001
0.2565
0.2728
0.482
0.6315999999999999
0.5877
0.8160000000000001
1.7269999999999999
2.6341
2.6316
0.1933
0.28400000000000003
0.299
0.34940000000000004
0.4024
0.4393
0.49849999999999994
1.6171
1.2757
0.6017
0.9409000000000001
1.2016
0.2159
0.0624
0.0158
0.0
0.0
2.7729
2.7887
2.9013
1.6274
0.0499
0.0508
0.0667
0.13240000000000002
0.0965
0.07880000000000001
0.09989999999999999
0.214
0.47519999999999996
0.3827
0.49470000000000003
0.8623000000000001
0.0112
0.027200000000000002
0.017
0.0283
0.0197
0.0254
0.045399999999999996
2.0491
0.4899
2.1444
2.2982
0.5763
0.0113
0.0485
0.0215
0.0335
0.0364
0.0407
0.0402
0.0286
0.0325
0.029
0.0387
0.031100000000000003
0.0103
0.0164
0.07
0.347
0.2591
0.5203
0.9104
0.5078
0.028900000000000002
0.0318
0.0299
0.0345
0.0342
0.0445
0.0518
0.28680000000000005
0.1616
0.0586
0.0666
0.073
0.0818
0.1011
0.1266
0.0885
0.0648
0.0593
0.0342
0.0324
0.0201
0.0057
0.0155
0.025300000000000003
0.7666999999999999
0.3049
0.7976000000000001
0.9959
0.9686
1.9203000000000001
2.9549000000000003
0.0
0.0729
0.078
0.0379
0.0269
0.0148
0.016399999999999998
0.011600000000000001
0.0497
0.0141
0.0279
0.1459
0.045200000000000004
0.0058
0.016
0.0653
0.3291
1.1144
0.22760000000000002
0.028
0.139
0.23679999999999998
0.2355
0.4013
0.37760000000000005
0.19140000000000001
0.0441
0.0
1.785
0.0673
0.399
0.2435
0.16720000000000002
0.1162
0.0853
0.0759
0.0985
0.06080000000000001
0.0925
0.3732
0.7968999999999999
2.4907999999999997
6.3186
3.6297
0.1121
0.067
0.0538
0.0698
0.0658
0.0586
0.06989999999999999
0.0716
0.0616
0.049
0.0456
0.058800000000000005
0.6264000000000001
0.7274
0.1711
0.2115
0.22820000000000001
0.3647
0.8312999999999999
1.0993
0.7869999999999999
0.0591
0.0216
0.0363
0.0122
0.014499999999999999
0.0041
0.009
0.06989999999999999
0.0983
0.10300000000000001
0.1056
0.10039999999999999
0.0359
0.6921
1.8409
0.0
0.0
0.0709
0.2456
0.0
0.0013
0.0
0.0
0.9470000000000001
0.3121
0.2128
0.22870000000000001
0.1649
0.5541
0.3384
0.8981
0.0872
0.0736
0.1237
0.255
0.1274
0.0941
0.0
0.8701000000000001
0.2759
0.0708
1.5348
0.175
0.1108
0.0
0.0
0.0
0.0
0.4899
2.1444
2.2982
0.5763
0.0113
0.0485
0.0215
0.0335
0.0364
0.0407
0.0402
0.0286
0.0325
0.029
0.0387
0.031100000000000003
0.0103
0.0164
0.07
0.347
0.2591
0.5203
0.9104
0.5078
0.028900000000000002
0.0318
0.0299
0.0345
0.0342
0.0445
0.0518
0.28680000000000005
0.1616
0.0586
0.0666
0.073
0.0818
0.1011
0.1266
0.0885
0.0648
0.0593
0.0342
0.0324
0.0201
0.0057
0.0155
0.025300000000000003
0.7666999999999999
0.3049
0.7976000000000001
0.9959
0.9686
1.9203000000000001
2.9549000000000003
0.0
0.0729
0.078
0.0379
0.0269
0.0148
0.016399999999999998
0.011600000000000001
0.0497
0.0141
0.0279
0.1459
0.045200000000000004
0.0058
0.016
0.0653
0.3291
1.1144
0.22760000000000002
0.028
0.139
0.23679999999999998
0.2355
0.4013
0.37760000000000005
0.19140000000000001
0.0441
0.0
1.785
0.0673
0.399
0.2435
0.16720000000000002
0.1162
0.0853
0.0759
0.0985
0.06080000000000001
0.0925
0.3732
0.7968999999999999
2.4907999999999997
6.3186
3.6297
0.1121
0.067
0.0538
0.0698
0.0658
0.0586
0.06989999999999999
0.0716
0.0616
0.049
0.0456
0.058800000000000005
0.6264000000000001
0.7274
0.1711
0.2115
0.22820000000000001
0.3647
0.8312999999999999
1.0993
0.7869999999999999
0.0591
0.0216
0.0363
0.0122
0.014499999999999999
0.0041
0.009
0.06989999999999999
0.0983
0.10300000000000001
0.1056
0.10039999999999999
0.0359
0.6921
1.8409
0.0
0.0
0.0709
0.2456
0.0
0.0013
0.0
0.0
0.9470000000000001
0.3121
0.2128
0.22870000000000001
0.1649
0.5541
0.3384
0.8981
0.0872
0.0736
0.1237
0.255
0.1274
0.0941
0.0
0.8701000000000001
0.2759
0.0708
1.5348
0.175
0.1108
0.0
0.0
0.0
0.0
0.4899
2.1444
2.2982
0.5763
0.0113
0.0485
0.0215
0.0335
0.0364
0.0407
0.0402
0.0286
0.0325
0.029
0.0387
0.031100000000000003
0.0103
0.0164
0.07
0.347
0.2591
0.5203
0.9104
0.5078
0.028900000000000002
0.0318
0.0299
0.0345
0.0342
0.0445
0.0518
0.28680000000000005
0.1616
0.0586
0.0666
0.073
0.0818
0.1011
0.1266
0.0885
0.0648
0.0593
0.0342
0.0324
0.0201
0.0057
0.0155
0.025300000000000003
0.7666999999999999
0.3049
0.7976000000000001
0.9959
0.9686
1.9203000000000001
2.9549000000000003
0.0
0.0729
0.078
0.0379
0.0269
0.0148
0.016399999999999998
0.011600000000000001
0.0497
0.0141
0.0279
0.1459
0.045200000000000004
0.0058
0.016
0.0653
0.3291
1.1144
0.22760000000000002
0.028
0.139
0.23679999999999998
0.2355
0.4013
0.37760000000000005
0.19140000000000001
0.0441
0.0
1.785
0.0673
0.399
0.2435
0.16720000000000002
0.1162
0.0853
0.0759
0.0985
0.06080000000000001
0.0925
0.3732
0.7968999999999999
2.4907999999999997
6.3186
3.6297
0.1121
0.067
0.0538
0.0698
0.0658
0.0586
0.06989999999999999
0.0716
0.0616
0.049
0.0456
0.058800000000000005
0.6264000000000001
0.7274
0.1711
0.2115
0.22820000000000001
0.3647
0.8312999999999999
1.0993
0.7869999999999999
0.0591
0.0216
0.0363
0.0122
0.014499999999999999
0.0041
0.009
0.06989999999999999
0.0983
0.10300000000000001
0.1056
0.10039999999999999
0.0359
0.6921
1.8409
0.0
0.0
0.0709
0.2456
0.0
0.0013
0.0
0.0
0.9470000000000001
0.3121
0.2128
0.22870000000000001
0.1649
0.5541
0.3384
0.8981
0.0872
0.0736
0.1237
0.255
0.1274
0.0941
0.0
0.8701000000000001
0.2759
0.0708
1.5348
0.175
0.1108
0.0
0.0
0.0
0.0
0.4899
2.1444
2.2982
0.5763
0.0113
0.0485
0.0215
0.0335
0.0364
0.0407
0.0402
0.0286
0.0325
0.029
0.0387
0.031100000000000003
0.0103
0.0164
0.07
0.347
0.2591
0.5203
0.9104
0.5078
0.028900000000000002
0.0318
0.0299
0.0345
0.0342
0.0445
0.0518
0.28680000000000005
0.1616
0.0586
0.0666
0.073
0.0818
0.1011
0.1266
0.0885
0.0648
0.0593
0.0342
0.0324
0.0201
0.0057
0.0155
0.025300000000000003
0.7666999999999999
0.3049
0.7976000000000001
0.9959
0.9686
1.9203000000000001
2.9549000000000003
0.0
0.0729
0.078
0.0379
0.0269
0.0148
0.016399999999999998
0.011600000000000001
0.0497
0.0141
0.0279
0.1459
0.045200000000000004
0.0058
0.016
0.0653
0.3291
1.1144
0.22760000000000002
0.028
0.139
0.23679999999999998
0.2355
0.4013
0.37760000000000005
0.19140000000000001
0.0441
0.0
1.785
0.0673
0.399
0.2435
0.16720000000000002
0.1162
0.0853
0.0759
0.0985
0.06080000000000001
0.0925
0.3732
0.7968999999999999
2.4907999999999997
6.3186
3.6297
0.1121
0.067
0.0538
0.0698
0.0658
0.0586
0.06989999999999999
0.0716
0.0616
0.049
0.0456
0.058800000000000005
0.6264000000000001
0.7274
0.1711
0.2115
0.22820000000000001
0.3647
0.8312999999999999
1.0993
0.7869999999999999
0.0591
0.0216
0.0363
0.0122
0.014499999999999999
0.0041
0.009
0.06989999999999999
0.0983
0.10300000000000001
0.1056
0.10039999999999999
0.0359
0.6921
1.8409
0.0
0.0
0.0709
0.2456
0.0
0.0013
0.0
0.0
0.9470000000000001
0.3121
0.2128
0.22870000000000001
0.1649
0.5541
0.3384
0.8981
0.0872
0.0736
0.1237
0.255
0.1274
0.0941
0.0
0.8701000000000001
0.2759
0.0708
1.5348
0.175
0.1108
0.0
0.0
0.0
0.0
0.4899
2.1444
2.2982
0.5763
0.0113
0.0485
0.0215
0.0335
0.0364
0.0407
0.0402
0.0286
0.0325
0.029
0.0387
0.031100000000000003
0.0103
0.0164
0.07
0.347
0.2591
0.5203
0.9104
0.5078
0.028900000000000002
0.0318
0.0299
0.0345
0.0342
0.0445
0.0518
0.28680000000000005
0.1616
0.0586
0.0666
0.073
0.0818
0.1011
0.1266
0.0885
0.0648
0.0593
0.0342
0.0324
0.0201
0.0057
0.0155
0.025300000000000003
0.0189
0.018099999999999998
0.0167
0.0175
0.0259
0.020499999999999997
0.024999999999999998
0.018099999999999998
0.0007
0.0345
0.0356
0.034
0.0356
0.0293
0.0348
0.0245
0.0254
0.028999999999999998
0.0527
0.039
0.040499999999999994
0.028900000000000002
0.0329
0.0305
9.1339
9.0968
3.4381
0.052599999999999994
0.0102
0.0024
0.0043
0.004
0.0
0.0009
0.059
0.1725
0.1285
0.0107
0.012
0.018
0.0
0.0087
0.048799999999999996
0.1404
0.1975
0.2449
0.3912
1.1383
0.0388
0.0372
0.0379
0.039599999999999996
0.0403
0.0407
0.0434
0.0383
0.027200000000000002
0.0658
0.0762
0.1154
0.13040000000000002
0.075
0.0586
0.072
0.2809
0.1084
0.0853
0.020900000000000002
0.050600000000000006
0.0442
0.0383
0.0371
0.1549
0.1724
0.1615
0.15460000000000002
0.13019999999999998
0.0851
0.041
0.0221
0.033
0.0322
0.0242
0.0376
0.0242
0.0317
0.041499999999999995
0.0595
0.054900000000000004
0.061799999999999994
0.0567
0.0673
0.06609999999999999
0.060399999999999995
0.0721
0.1063
0.2069
0.2016
0.1963
0.1954
0.1956
0.1989
0.1792
0.1745
0.2722
0.2103
0.1785
0.15860000000000002
0.1649
0.1605
0.1699
0.1739
0.17149999999999999
0.1713
0.1733
0.2101
0.2369
0.2404
0.2472
0.2323
0.422
0.5969
0.5995999999999999
0.5691999999999999
0.5594
0.9534
2.4835000000000003
0.0
0.1096
0.045
0.0271
0.0165
0.029400000000000003
0.049600000000000005
0.059
0.0715
1.4811999999999999
0.9686
0.6402
0.5482
0.3018
0.2331
0.1874
0.1691
0.1308
0.1238
0.1192
0.1197
0.1174
0.1119
0.0933
0.3185
0.1557
0.056
0.0424
0.0406
0.036199999999999996
0.0337
0.046799999999999994
0.0512
0.0658
0.22840000000000002
0.2015
0.2262
0.2646
0.2769
0.251
0.1884
0.0189
0.018099999999999998
0.0167
0.0175
0.0259
0.020499999999999997
0.024999999999999998
0.018099999999999998
0.0007
0.0345
0.0356
0.034
0.0356
0.0293
0.0348
0.0245
0.0254
0.028999999999999998
0.0527
0.039
0.040499999999999994
0.028900000000000002
0.0329
0.0305
9.1339
9.0968
3.4381
0.052599999999999994
0.0102
0.0024
0.0043
0.004
0.0
0.0009
0.059
0.1725
0.1285
0.0107
0.012
0.018
0.0
0.0087
0.048799999999999996
0.1404
0.1975
0.2449
0.3912
1.1383
0.0388
0.0372
0.0379
0.039599999999999996
0.0403
0.0407
0.0434
0.0383
0.027200000000000002
0.0658
0.0762
0.1154
0.13040000000000002
0.075
0.0586
0.072
0.2809
0.1084
0.0853
0.020900000000000002
0.050600000000000006
0.0442
0.0383
0.0371
0.1549
0.1724
0.1615
0.15460000000000002
0.13019999999999998
0.0851
0.041
0.0221
0.033
0.0322
0.0242
0.0376
0.0242
0.0317
0.041499999999999995
0.0595
0.054900000000000004
0.061799999999999994
0.0567
0.0673
0.06609999999999999
0.060399999999999995
0.0721
0.1063
0.2069
0.2016
0.1963
0.1954
0.1956
0.1989
0.1792
0.1745
0.2722
0.2103
0.1785
0.15860000000000002
0.1649
0.1605
0.1699
0.1739
0.17149999999999999
0.1713
0.1733
0.2101
0.2369
0.2404
0.2472
0.2323
0.422
0.5969
0.5995999999999999
0.5691999999999999
0.5594
0.9534
2.4835000000000003
0.0
0.1096
0.045
0.0271
0.0165
0.029400000000000003
0.049600000000000005
0.059
0.0715
1.4811999999999999
0.9686
0.6402
0.5482
0.3018
0.2331
0.1874
0.1691
0.1308
0.1238
0.1192
0.1197
0.1174
0.1119
0.0933
0.3185
0.1557
0.056
0.0424
0.0406
0.036199999999999996
0.0337
0.046799999999999994
0.0512
0.0658
0.22840000000000002
0.2015
0.2262
0.2646
0.2769
0.251
0.1884
0.0189
0.018099999999999998
0.0167
0.0175
0.0259
0.020499999999999997
0.024999999999999998
0.018099999999999998
0.0007
0.0345
0.0356
0.034
0.0356
0.0293
0.0348
0.0245
0.0254
0.028999999999999998
0.0527
0.039
0.040499999999999994
0.028900000000000002
0.0329
0.0305
9.1339
9.0968
3.4381
0.052599999999999994
0.0102
0.0024
0.0043
0.004
0.0
0.0009
0.059
0.1725
0.1285
0.0107
0.012
0.018
0.0
0.0087
0.048799999999999996
0.1404
0.1975
0.2449
0.3912
1.1383
0.0388
0.0372
0.0379
0.039599999999999996
0.0403
0.0407
0.0434
0.0383
0.027200000000000002
0.0658
0.0762
0.1154
0.13040000000000002
0.075
0.0586
0.072
0.2809
0.1084
0.0853
0.020900000000000002
0.050600000000000006
0.0442
0.0383
0.0371
0.1549
0.1724
0.1615
0.15460000000000002
0.13019999999999998
0.0851
0.041
0.0221
0.033
0.0322
0.0242
0.0376
0.0242
0.0317
0.041499999999999995
0.0595
0.054900000000000004
0.061799999999999994
0.0567
0.0673
0.06609999999999999
0.060399999999999995
0.0721
0.1063
0.2069
0.2016
0.1963
0.1954
0.1956
0.1989
0.1792
0.1745
0.2722
0.2103
0.1785
0.15860000000000002
0.1649
0.1605
0.1699
0.1739
0.17149999999999999
0.1713
0.1733
0.2101
0.2369
0.2404
0.2472
0.2323
0.422
0.5969
0.5995999999999999
0.5691999999999999
0.5594
0.9534
2.4835000000000003
0.0
0.1096
0.045
0.0271
0.0165
0.029400000000000003
0.049600000000000005
0.059
0.0715
1.4811999999999999
0.9686
0.6402
0.5482
0.3018
0.2331
0.1874
0.1691
0.1308
0.1238
0.1192
0.1197
0.1174
0.1119
0.0933
0.3185
0.1557
0.056
0.0424
0.0406
0.036199999999999996
0.0337
0.046799999999999994
0.0512
0.0658
0.22840000000000002
0.2015
0.2262
0.2646
0.2769
0.251
0.1884
0.0189
0.018099999999999998
0.0167
0.0175
0.0259
0.020499999999999997
0.024999999999999998
0.018099999999999998
0.0007
0.0345
0.0356
0.034
0.0356
0.0293
0.0348
0.0245
0.0254
0.028999999999999998
0.0527
0.039
0.040499999999999994
0.028900000000000002
0.0329
0.0305
9.1339
9.0968
3.4381
0.052599999999999994
0.0102
0.0024
0.0043
0.004
0.0
0.0009
0.059
0.1725
0.1285
0.0107
0.012
0.018
0.0
0.0087
0.048799999999999996
0.1404
0.1975
0.2449
0.3912
1.1383
0.0388
0.0372
0.0379
0.039599999999999996
0.0403
0.0407
0.0434
0.0383
0.027200000000000002
0.0658
0.0762
0.1154
0.13040000000000002
0.075
0.0586
0.072
0.2809
0.1084
0.0853
0.020900000000000002
0.050600000000000006
0.0442
0.0383
0.0371
0.1549
0.1724
0.1615
0.15460000000000002
0.13019999999999998
0.0851
0.041
0.0221
0.033
0.0322
0.0242
0.0376
0.0242
0.0317
0.041499999999999995
0.0595
0.054900000000000004
0.061799999999999994
0.0567
0.0673
0.06609999999999999
0.060399999999999995
0.0721
0.1063
0.2069
0.2016
0.1963
0.1954
0.1956
0.1989
0.1792
0.1745
0.2722
0.2103
0.1785
0.15860000000000002
0.1649
0.1605
0.1699
0.1739
0.17149999999999999
0.1713
0.1733
0.2101
0.2369
0.2404
0.2472
0.2323
0.422
0.5969
0.5995999999999999
0.5691999999999999
0.5594
0.9534
2.4835000000000003
0.0
0.1096
0.045
0.0271
0.0165
0.029400000000000003
0.049600000000000005
0.059
0.0715
1.4811999999999999
0.9686
0.6402
0.5482
0.3018
0.2331
0.1874
0.1691
0.1308
0.1238
0.1192
0.1197
0.1174
0.1119
0.0933
0.3185
0.1557
0.056
0.0424
0.0406
0.036199999999999996
0.0337
0.046799999999999994
0.0512
0.0658
0.22840000000000002
0.2015
0.2262
0.2646
0.2769
0.251
0.1884
0.0189
0.018099999999999998
0.0167
0.0175
0.0259
0.020499999999999997
0.024999999999999998
0.018099999999999998
0.0007
0.0345
0.0356
0.034
0.0356
0.0293
0.0348
0.0245
0.0254
0.028999999999999998
0.0527
0.039
0.040499999999999994
0.028900000000000002
0.0329
0.0305
9.1339
9.0968
3.4381
0.052599999999999994
0.0102
0.0024
0.0043
0.004
0.0
0.0009
0.059
0.1725
0.1285
0.0107
0.012
0.018
0.0
0.0087
0.048799999999999996
0.1404
0.1975
0.2449
0.3912
1.1383
0.0388
0.0372
0.0379
0.039599999999999996
0.0403
0.0407
0.0434
0.0383
0.027200000000000002
0.0658
0.0762
0.1154
0.13040000000000002
0.075
0.0586
0.072
0.2809
0.1084
0.0853
0.020900000000000002
0.050600000000000006
0.0442
0.0383
0.0371
4.2508
4.2044
0.3073
0.0
0.0
0.0068
0.0069
0.0037
0.0052
0.0236
0.0419
0.023899999999999998
0.0147
0.0303
0.039099999999999996
0.30569999999999997
0.0355
0.0315
0.0113
0.0086
0.0307
0.0442
0.0703
0.0708
0.21860000000000002
0.1996
0.1799
0.1764
0.1652
0.4809
0.1373
0.46140000000000003
0.20600000000000002
0.9408
0.0722
0.1366
0.1482
0.182
0.1782
0.0615
0.1288
1.1789999999999998
0.36
0.5492
0.7817000000000001
0.7509
0.6594
0.4481
3.1085
1.2803
0.8911
0.1955
0.0858
0.049100000000000005
0.0479
0.0385
0.039900000000000005
0.0402
0.045700000000000005
0.0351
0.0348
0.033299999999999996
0.025
0.0093
0.003
0.0045
0.3969
0.056999999999999995
0.0482
0.048799999999999996
0.20129999999999998
2.3906
0.043300000000000005
0.0426
0.0427
0.0456
0.049
0.045399999999999996
0.0437
0.0394
0.0238
0.043800000000000006
0.0387
0.042300000000000004
0.0398
0.0433
0.0471
0.0402
0.0313
0.0339
0.0339
0.0422
0.0365
0.0276
0.0368
0.0448
5.9811
6.8182
5.4277
3.253
0.1945
0.0373
0.039
0.0374
0.0372
0.0345
0.0407
0.0761
0.058800000000000005
0.0705
0.0553
0.0555
0.07980000000000001
0.0698
0.0591
0.0105
0.0013
0.7217
1.4144999999999999
0.7505
0.1652
0.16970000000000002
0.1659
0.1669
0.1648
0.12179999999999999
0.08779999999999999
0.0811
0.0663
0.1326
0.0941
0.0266
0.0259
0.0235
0.0264
0.014
0.008199999999999999
0.0037999999999999996
0.0047
0.1104
0.1882
0.16620000000000001
0.1456
0.1617
1.2255
6.6183
6.5031
2.4015
0.4324
0.4244
0.475
0.5111
0.5391
0.5837
0.6382
0.8676999999999999
1.9180000000000001
0.8896999999999999
0.7576
0.7342
1.1639
0.9622999999999999
0.8331999999999999
0.7437
0.7531
0.9188000000000001
1.3738000000000001
1.3227000000000002
4.2508
4.2044
0.3073
0.0
0.0
0.0068
0.0069
0.0037
0.0052
0.0236
0.0419
0.023899999999999998
0.0147
0.0303
0.039099999999999996
0.30569999999999997
0.0355
0.0315
0.0113
0.0086
0.0307
0.0442
0.0703
0.0708
0.21860000000000002
0.1996
0.1799
0.1764
0.1652
0.4809
0.1373
0.46140000000000003
0.20600000000000002
0.9408
0.0722
0.1366
0.1482
0.182
0.1782
0.0615
0.1288
1.1789999999999998
0.36
0.5492
0.7817000000000001
0.7509
0.6594
0.4481
3.1085
1.2803
0.8911
0.1955
0.0858
0.049100000000000005
0.0479
0.0385
0.039900000000000005
0.0402
0.045700000000000005
0.0351
0.0348
0.033299999999999996
0.025
0.0093
0.003
0.0045
0.3969
0.056999999999999995
0.0482
0.048799999999999996
0.20129999999999998
2.3906
0.043300000000000005
0.0426
0.0427
0.0456
0.049
0.045399999999999996
0.0437
0.0394
0.0238
0.043800000000000006
0.0387
0.042300000000000004
0.0398
0.0433
0.0471
0.0402
0.0313
0.0339
0.0339
0.0422
0.0365
0.0276
0.0368
0.0448
5.9811
6.8182
5.4277
3.253
0.1945
0.0373
0.039
0.0374
0.0372
0.0345
0.0407
0.0761
0.058800000000000005
0.0705
0.0553
0.0555
0.07980000000000001
0.0698
0.0591
0.0105
0.0013
0.7217
1.4144999999999999
0.7505
0.1652
0.16970000000000002
0.1659
0.1669
0.1648
0.12179999999999999
0.08779999999999999
0.0811
0.0663
0.1326
0.0941
0.0266
0.0259
0.0235
0.0264
0.014
0.008199999999999999
0.0037999999999999996
0.0047
0.1104
0.1882
0.16620000000000001
0.1456
0.1617
1.2255
6.6183
6.5031
2.4015
0.4324
0.4244
0.475
0.5111
0.5391
0.5837
0.6382
0.8676999999999999
1.9180000000000001
0.8896999999999999
0.7576
0.7342
1.1639
0.9622999999999999
0.8331999999999999
0.7437
0.7531
0.9188000000000001
1.3738000000000001
1.3227000000000002
4.2508
4.2044
0.3073
0.0
0.0
0.0068
0.0069
0.0037
0.0052
0.0236
0.0419
0.023899999999999998
0.0147
0.0303
0.039099999999999996
0.30569999999999997
0.0355
0.0315
0.0113
0.0086
0.0307
0.0442
0.0703
0.0708
0.21860000000000002
0.1996
0.1799
0.1764
0.1652
0.4809
0.1373
0.46140000000000003
0.20600000000000002
0.9408
0.0722
0.1366
0.1482
0.182
0.1782
0.0615
0.1288
1.1789999999999998
0.36
0.5492
0.7817000000000001
0.7509
0.6594
0.4481
3.1085
1.2803
0.8911
0.1955
0.0858
0.049100000000000005
0.0479
0.0385
0.039900000000000005
0.0402
0.045700000000000005
0.0351
0.0348
0.033299999999999996
0.025
0.0093
0.003
0.0045
0.3969
0.056999999999999995
0.0482
0.048799999999999996
0.20129999999999998
2.3906
0.043300000000000005
0.0426
0.0427
0.0456
0.049
0.045399999999999996
0.0437
0.0394
0.0238
0.043800000000000006
0.0387
0.042300000000000004
0.0398
0.0433
0.0471
0.0402
0.0313
0.0339
0.0339
0.0422
0.0365
0.0276
0.0368
0.0448
5.9811
6.8182
5.4277
3.253
0.1945
0.0373
0.039
0.0374
0.0372
0.0345
0.0407
0.0761
0.058800000000000005
0.0705
0.0553
0.0555
0.07980000000000001
0.0698
0.0591
0.0105
0.0013
0.7217
1.4144999999999999
0.7505
0.1652
0.16970000000000002
0.1659
0.1669
0.1648
0.12179999999999999
0.08779999999999999
0.0811
0.0663
0.1326
0.0941
0.0266
0.0259
0.0235
0.0264
0.014
0.008199999999999999
0.0037999999999999996
0.0047
0.1104
0.1882
0.16620000000000001
0.1456
0.1617
1.2255
6.6183
6.5031
2.4015
0.4324
0.4244
0.475
0.5111
0.5391
0.5837
0.6382
0.8676999999999999
1.9180000000000001
0.8896999999999999
0.7576
0.7342
1.1639
0.9622999999999999
0.8331999999999999
0.7437
0.7531
0.9188000000000001
1.3738000000000001
1.3227000000000002
4.2508
4.2044
0.3073
0.0
0.0
0.0068
0.0069
0.0037
0.0052
0.0236
0.0419
0.023899999999999998
0.0147
0.0303
0.039099999999999996
0.30569999999999997
0.0355
0.0315
0.0113
0.0086
0.0307
0.0442
0.0703
0.0708
0.21860000000000002
0.1996
0.1799
0.1764
0.1652
0.4809
0.1373
0.46140000000000003
0.20600000000000002
0.9408
0.0722
0.1366
0.1482
0.182
0.1782
0.0615
0.1288
1.1789999999999998
0.36
0.5492
0.7817000000000001
0.7509
0.6594
0.4481
3.1085
1.2803
0.8911
0.1955
0.0858
0.049100000000000005
0.0479
0.0385
0.039900000000000005
0.0402
0.045700000000000005
0.0351
0.0348
0.033299999999999996
0.025
0.0093
0.003
0.0045
0.3969
0.056999999999999995
0.0482
0.048799999999999996
0.20129999999999998
2.3906
0.043300000000000005
0.0426
0.0427
0.0456
0.049
0.045399999999999996
0.0437
0.0394
0.0238
0.043800000000000006
0.0387
0.042300000000000004
0.0398
0.0433
0.0471
0.0402
0.0313
0.0339
0.0339
0.0422
0.0365
0.0276
0.0368
0.0448
5.9811
6.8182
5.4277
3.253
0.1945
0.0373
0.039
0.0374
0.0372
0.0345
0.0407
0.0761
0.058800000000000005
0.0705
0.0553
0.0555
0.07980000000000001
0.0698
0.0591
0.0105
0.0013
0.7217
1.4144999999999999
0.7505
0.1652
0.16970000000000002
0.1659
0.1669
0.1648
0.12179999999999999
0.08779999999999999
0.0811
0.0663
0.1326
0.0941
0.0266
0.0259
0.0235
0.0264
0.014
0.008199999999999999
0.0037999999999999996
0.0047
0.1104
0.1882
0.16620000000000001
0.1456
0.1617
1.2255
6.6183
6.5031
2.4015
0.4324
0.4244
0.475
0.5111
0.5391
0.5837
0.6382
0.8676999999999999
1.9180000000000001
0.8896999999999999
0.7576
0.7342
1.1639
0.9622999999999999
0.8331999999999999
0.7437
0.7531
0.9188000000000001
1.3738000000000001
1.3227000000000002
4.2508
4.2044
0.3073
0.0
0.0
0.0068
0.0069
0.0037
0.0052
0.0236
0.0419
0.023899999999999998
0.0147
0.0303
0.039099999999999996
0.30569999999999997
0.0355
0.0315
0.0113
0.0086
0.0307
0.0442
0.0703
0.0708
0.21860000000000002
0.1996
0.1799
0.1764
0.1652
0.4809
0.1373
0.46140000000000003
0.20600000000000002
0.9408
0.0722
0.1366
0.1482
0.182
0.1782
0.0615
0.1288
1.1789999999999998
0.36
0.5492
0.7817000000000001
0.7509
0.6594
0.4481
3.1085
1.2803
0.8911
0.1955
0.0858
0.049100000000000005
0.0479
0.0385
0.039900000000000005
0.0402
0.045700000000000005
0.0351
0.0348
0.033299999999999996
0.025
0.0093
0.003
0.0045
0.3969
0.056999999999999995
0.0482
0.048799999999999996
0.20129999999999998
2.3906
5.0367
4.6436
4.1263000000000005
1.3763
0.0395
0.0973
0.4411
0.0
0.0047
0.0305
0.0399
0.023899999999999998
0.0245
0.0345
0.0159
0.006
0.0
0.0
0.0
0.022899999999999997
0.0195
0.0
0.0037
1.0565
0.048600000000000004
0.0219
0.032600000000000004
0.0236
0.0411
0.028999999999999998
0.0478
0.1037
0.13340000000000002
0.1201
0.1013
0.1738
0.0628
0.0414
2.534
0.0331
0.3319
0.5173
0.15940000000000001
0.23020000000000002
0.7478
0.4325
0.0056
0.0374
6.1146
6.0176
5.949
4.881
0.401
0.2776
0.3066
1.0976
0.909
0.3813
0.1273
0.0982
0.0983
0.0912
0.10350000000000001
0.5573
0.6003
0.5686
0.7044999999999999
0.73
0.6784
0.6680999999999999
0.6281
0.4849
0.5111
0.45230000000000004
0.4288
0.38870000000000005
0.3134
0.1437
0.0344
0.0
0.0
0.0
0.0677
0.1814
0.1039
0.12
0.2256
0.3666
0.4143
1.0103
0.5223
0.42910000000000004
0.399
0.4465
1.4285999999999999
1.5362
0.2993
0.31279999999999997
0.31720000000000004
0.3155
0.30700000000000005
0.2188
0.1048
0.3845
0.0154
0.028700000000000003
0.0259
0.024300000000000002
0.033299999999999996
0.0266
0.029699999999999997
0.027299999999999998
0.018099999999999998
0.033600000000000005
0.18369999999999997
0.20829999999999999
0.10930000000000001
0.1166
0.1343
0.1554
0.06920000000000001
0.0674
0.07
0.0701
0.0761
0.0858
0.08349999999999999
0.0689
0.07650000000000001
0.08460000000000001
0.0722
0.0621
0.0582
0.0539
0.0502
0.1135
0.1618
0.09179999999999999
0.19569999999999999
0.1496
0.1565
0.14839999999999998
0.0955
0.0799
0.19590000000000002
0.1703
1.4673
0.0377
0.1051
0.0673
0.089
0.17959999999999998
0.1668
0.1515
0.14100000000000001
0.1255
0.1162
0.4356
1.7237999999999998
0.271
0.0318
0.0183
0.011099999999999999
0.0016
0.0
0.0
0.0013
0.0076
5.0367
4.6436
4.1263000000000005
1.3763
0.0395
0.0973
0.4411
0.0
0.0047
0.0305
0.0399
0.023899999999999998
0.0245
0.0345
0.0159
0.006
0.0
0.0
0.0
0.022899999999999997
0.0195
0.0
0.0037
1.0565
0.048600000000000004
0.0219
0.032600000000000004
0.0236
0.0411
0.028999999999999998
0.0478
0.1037
0.13340000000000002
0.1201
0.1013
0.1738
0.0628
0.0414
2.534
0.0331
0.3319
0.5173
0.15940000000000001
0.23020000000000002
0.7478
0.4325
0.0056
0.0374
6.1146
6.0176
5.949
4.881
0.401
0.2776
0.3066
1.0976
0.909
0.3813
0.1273
0.0982
0.0983
0.0912
0.10350000000000001
0.5573
0.6003
0.5686
0.7044999999999999
0.73
0.6784
0.6680999999999999
0.6281
0.4849
0.5111
0.45230000000000004
0.4288
0.38870000000000005
0.3134
0.1437
0.0344
0.0
0.0
0.0
0.0677
0.1814
0.1039
0.12
0.2256
0.3666
0.4143
1.0103
0.5223
0.42910000000000004
0.399
0.4465
1.4285999999999999
1.5362
0.2993
0.31279999999999997
0.31720000000000004
0.3155
0.30700000000000005
0.2188
0.1048
0.3845
0.0154
0.028700000000000003
0.0259
0.024300000000000002
0.033299999999999996
0.0266
0.029699999999999997
0.027299999999999998
0.018099999999999998
0.033600000000000005
0.18369999999999997
0.20829999999999999
0.10930000000000001
0.1166
0.1343
0.1554
0.06920000000000001
0.0674
0.07
0.0701
0.0761
0.0858
0.08349999999999999
0.0689
0.07650000000000001
0.08460000000000001
0.0722
0.0621
0.0582
0.0539
0.0502
0.1135
0.1618
0.09179999999999999
0.19569999999999999
0.1496
0.1565
0.14839999999999998
0.0955
0.0799
0.19590000000000002
0.1703
1.4673
0.0377
0.1051
0.0673
0.089
0.17959999999999998
0.1668
0.1515
0.14100000000000001
0.1255
0.1162
0.4356
1.7237999999999998
0.271
0.0318
0.0183
0.011099999999999999
0.0016
0.0
0.0
0.0013
0.0076
5.0367
4.6436
4.1263000000000005
1.3763
0.0395
0.0973
0.4411
0.0
0.0047
0.0305
0.0399
0.023899999999999998
0.0245
0.0345
0.0159
0.006
0.0
0.0
0.0
0.022899999999999997
0.0195
0.0
0.0037
1.0565
0.048600000000000004
0.0219
0.032600000000000004
0.0236
0.0411
0.028999999999999998
0.0478
0.1037
0.13340000000000002
0.1201
0.1013
0.1738
0.0628
0.0414
2.534
0.0331
0.3319
0.5173
0.15940000000000001
0.23020000000000002
0.7478
0.4325
0.0056
0.0374
6.1146
6.0176
5.949
4.881
0.401
0.2776
0.3066
1.0976
0.909
0.3813
0.1273
0.0982
0.0983
0.0912
0.10350000000000001
0.5573
0.6003
0.5686
0.7044999999999999
0.73
0.6784
0.6680999999999999
0.6281
0.4849
0.5111
0.45230000000000004
0.4288
0.38870000000000005
0.3134
0.1437
0.0344
0.0
0.0
0.0
0.0677
0.1814
0.1039
0.12
0.2256
0.3666
0.4143
1.0103
0.5223
0.42910000000000004
0.399
0.4465
1.4285999999999999
1.5362
0.2993
0.31279999999999997
0.31720000000000004
0.3155
0.30700000000000005
0.2188
0.1048
0.3845
0.0154
0.028700000000000003
0.0259
0.024300000000000002
0.033299999999999996
0.0266
0.029699999999999997
0.027299999999999998
0.018099999999999998
0.033600000000000005
0.18369999999999997
0.20829999999999999
0.10930000000000001
0.1166
0.1343
0.1554
0.06920000000000001
0.0674
0.07
0.0701
0.0761
0.0858
0.08349999999999999
0.0689
0.07650000000000001
0.08460000000000001
0.0722
0.0621
0.0582
0.0539
0.0502
0.1135
0.1618
0.09179999999999999
0.19569999999999999
0.1496
0.1565
0.14839999999999998
0.0955
0.0799
0.19590000000000002
0.1703
1.4673
0.0377
0.1051
0.0673
0.089
0.17959999999999998
0.1668
0.1515
0.14100000000000001
0.1255
0.1162
0.4356
1.7237999999999998
0.271
0.0318
0.0183
0.011099999999999999
0.0016
0.0
0.0
0.0013
0.0076
5.0367
4.6436
4.1263000000000005
1.3763
0.0395
0.0973
0.4411
0.0
0.0047
0.0305
0.0399
0.023899999999999998
0.0245
0.0345
0.0159
0.006
0.0
0.0
0.0
0.022899999999999997
0.0195
0.0
0.0037
1.0565
0.048600000000000004
0.0219
0.032600000000000004
0.0236
0.0411
0.028999999999999998
0.0478
0.1037
0.13340000000000002
0.1201
0.1013
0.1738
0.0628
0.0414
2.534
0.0331
0.3319
0.5173
0.15940000000000001
0.23020000000000002
0.7478
0.4325
0.0056
0.0374
6.1146
6.0176
5.949
4.881
0.401
0.2776
0.3066
1.0976
0.909
0.3813
0.1273
0.0982
0.0983
0.0912
0.10350000000000001
0.5573
0.6003
0.5686
0.7044999999999999
0.73
0.6784
0.6680999999999999
0.6281
0.4849
0.5111
0.45230000000000004
0.4288
0.38870000000000005
0.3134
0.1437
0.0344
0.0
0.0
0.0
0.0677
0.1814
0.1039
0.12
0.2256
0.3666
0.4143
1.0103
0.5223
0.42910000000000004
0.399
0.4465
1.4285999999999999
1.5362
0.2993
0.31279999999999997
0.31720000000000004
0.3155
0.30700000000000005
0.2188
0.1048
0.3845
0.0154
0.028700000000000003
0.0259
0.024300000000000002
0.033299999999999996
0.0266
0.029699999999999997
0.027299999999999998
0.018099999999999998
0.033600000000000005
0.18369999999999997
0.20829999999999999
0.10930000000000001
0.1166
0.1343
0.1554
0.06920000000000001
0.0674
0.07
0.0701
0.0761
0.0858
0.08349999999999999
0.0689
0.07650000000000001
0.08460000000000001
0.0722
0.0621
0.0582
0.0539
0.0502
0.1135
0.1618
0.09179999999999999
0.19569999999999999
0.1496
0.1565
0.14839999999999998
0.0955
0.0799
0.19590000000000002
0.1703
1.4673
0.0377
0.1051
0.0673
0.089
0.17959999999999998
0.1668
0.1515
0.14100000000000001
0.1255
0.1162
0.4356
1.7237999999999998
0.271
0.0318
0.0183
0.011099999999999999
0.0016
0.0
0.0
0.0013
0.0076
5.0367
4.6436
4.1263000000000005
1.3763
0.0395
0.0973
0.4411
0.0
0.0047
0.0305
0.0399
0.023899999999999998
0.0245
0.0345
0.0159
0.006
0.0
0.0
0.0
0.022899999999999997
0.0195
0.0
0.0037
1.0565
0.048600000000000004
0.0219
0.032600000000000004
0.0236
0.0411
0.028999999999999998
0.0478
0.1037
0.13340000000000002
0.1201
0.1013
0.1738
0.0628
0.0414
2.534
0.0331
0.3319
0.5173
0.15940000000000001
0.23020000000000002
0.7478
0.4325
0.0056
0.0374
0.394
0.3327
0.3358
0.3291
0.3325
0.345
0.3023
0.31679999999999997
0.472
0.7378
0.7851
0.7095
0.4353
0.34109999999999996
0.4906
0.9628
0.5598
1.0035
1.2692
1.4906000000000001
1.8096
2.6168
1.9827
0.5478000000000001
0.8082
5.6302
5.3364
3.2378
0.5151
0.191
0.3582
0.447
0.42
0.3694
0.37960000000000005
0.38939999999999997
0.4569
2.0197
0.9525
0.3779
0.5991
1.125
0.36450000000000005
0.3371
0.2668
0.2102
0.16620000000000001
0.1206
3.6879999999999997
3.4421
3.4478
3.5787
0.4584
0.0376
0.030199999999999998
0.2269
0.41500000000000004
0.2195
0.0868
0.0498
0.0617
0.07350000000000001
0.057499999999999996
0.0151
0.0
0.0569
0.0423
0.1938
0.5531
0.6485000000000001
0.3795
0.3372
2.743
1.0922
2.3992
0.2825
0.17930000000000001
0.10969999999999999
0.0795
0.08460000000000001
0.0941
0.10830000000000001
0.10189999999999999
0.11019999999999999
0.1022
0.0785
0.0806
0.092
0.098
0.1147
0.21
0.19190000000000002
0.1533
0.1346
0.2071
1.2704
5.9153
5.2026
0.8157
0.2353
0.1112
0.0765
0.0429
0.0153
0.4326
0.49129999999999996
0.45130000000000003
0.0635
0.0
0.0
0.0
0.0072
0.8492
0.46119999999999994
0.39749999999999996
0.4379
0.444
0.4803
0.5847
0.5201
4.036
5.896800000000001
6.4161
2.3729999999999998
0.3405
0.0325
0.0377
0.0433
0.033299999999999996
0.045899999999999996
0.0351
0.0196
0.0308
0.0496
0.0508
0.0442
0.048799999999999996
0.023899999999999998
0.0157
0.0295
0.0416
0.059
0.1271
0.13269999999999998
3.2686
6.181
5.0011
2.6825
0.7124
0.0948
0.044899999999999995
0.028000000000000004
0.0543
0.0579
0.0485
0.0511
0.053599999999999995
0.0601
0.0549
0.033100000000000004
0.0194
0.0
0.0
0.0173
0.29159999999999997
0.8156
0.6911
0.47640000000000005
0.394
0.3327
0.3358
0.3291
0.3325
0.345
0.3023
0.31679999999999997
0.472
0.7378
0.7851
0.7095
0.4353
0.34109999999999996
0.4906
0.9628
0.5598
1.0035
1.2692
1.4906000000000001
1.8096
2.6168
1.9827
0.5478000000000001
0.8082
5.6302
5.3364
3.2378
0.5151
0.191
0.3582
0.447
0.42
0.3694
0.37960000000000005
0.38939999999999997
0.4569
2.0197
0.9525
0.3779
0.5991
1.125
0.36450000000000005
0.3371
0.2668
0.2102
0.16620000000000001
0.1206
3.6879999999999997
3.4421
3.4478
3.5787
0.4584
0.0376
0.030199999999999998
0.2269
0.41500000000000004
0.2195
0.0868
0.0498
0.0617
0.07350000000000001
0.057499999999999996
0.0151
0.0
0.0569
0.0423
0.1938
0.5531
0.6485000000000001
0.3795
0.3372
2.743
1.0922
2.3992
0.2825
0.17930000000000001
0.10969999999999999
0.0795
0.08460000000000001
0.0941
0.10830000000000001
0.10189999999999999
0.11019999999999999
0.1022
0.0785
0.0806
0.092
0.098
0.1147
0.21
0.19190000000000002
0.1533
0.1346
0.2071
1.2704
5.9153
5.2026
0.8157
0.2353
0.1112
0.0765
0.0429
0.0153
0.4326
0.49129999999999996
0.45130000000000003
0.0635
0.0
0.0
0.0
0.0072
0.8492
0.46119999999999994
0.39749999999999996
0.4379
0.444
0.4803
0.5847
0.5201
4.036
5.896800000000001
6.4161
2.3729999999999998
0.3405
0.0325
0.0377
0.0433
0.033299999999999996
0.045899999999999996
0.0351
0.0196
0.0308
0.0496
0.0508
0.0442
0.048799999999999996
0.023899999999999998
0.0157
0.0295
0.0416
0.059
0.1271
0.13269999999999998
3.2686
6.181
5.0011
2.6825
0.7124
0.0948
0.044899999999999995
0.028000000000000004
0.0543
0.0579
0.0485
0.0511
0.053599999999999995
0.0601
0.0549
0.033100000000000004
0.0194
0.0
0.0
0.0173
0.29159999999999997
0.8156
0.6911
0.47640000000000005
0.394
0.3327
0.3358
0.3291
0.3325
0.345
0.3023
0.31679999999999997
0.472
0.7378
0.7851
0.7095
0.4353
0.34109999999999996
0.4906
0.9628
0.5598
1.0035
1.2692
1.4906000000000001
1.8096
2.6168
1.9827
0.5478000000000001
0.8082
5.6302
5.3364
3.2378
0.5151
0.191
0.3582
0.447
0.42
0.3694
0.37960000000000005
0.38939999999999997
0.4569
2.0197
0.9525
0.3779
0.5991
1.125
0.36450000000000005
0.3371
0.2668
0.2102
0.16620000000000001
0.1206
3.6879999999999997
3.4421
3.4478
3.5787
0.4584
0.0376
0.030199999999999998
0.2269
0.41500000000000004
0.2195
0.0868
0.0498
0.0617
0.07350000000000001
0.057499999999999996
0.0151
0.0
0.0569
0.0423
0.1938
0.5531
0.6485000000000001
0.3795
0.3372
2.743
1.0922
2.3992
0.2825
0.17930000000000001
0.10969999999999999
0.0795
0.08460000000000001
0.0941
0.10830000000000001
0.10189999999999999
0.11019999999999999
0.1022
0.0785
0.0806
0.092
0.098
0.1147
0.21
0.19190000000000002
0.1533
0.1346
0.2071
1.2704
5.9153
5.2026
0.8157
0.2353
0.1112
0.0765
0.0429
0.0153
0.4326
0.49129999999999996
0.45130000000000003
0.0635
0.0
0.0
0.0
0.0072
0.8492
0.46119999999999994
0.39749999999999996
0.4379
0.444
0.4803
0.5847
0.5201
4.036
5.896800000000001
6.4161
2.3729999999999998
0.3405
0.0325
0.0377
0.0433
0.033299999999999996
0.045899999999999996
0.0351
0.0196
0.0308
0.0496
0.0508
0.0442
0.048799999999999996
0.023899999999999998
0.0157
0.0295
0.0416
0.059
0.1271
0.13269999999999998
3.2686
6.181
5.0011
2.6825
0.7124
0.0948
0.044899999999999995
0.028000000000000004
0.0543
0.0579
0.0485
0.0511
0.053599999999999995
0.0601
0.0549
0.033100000000000004
0.0194
0.0
0.0
0.0173
0.29159999999999997
0.8156
0.6911
0.47640000000000005
0.394
0.3327
0.3358
0.3291
0.3325
0.345
0.3023
0.31679999999999997
0.472
0.7378
0.7851
0.7095
0.4353
0.34109999999999996
0.4906
0.9628
0.5598
1.0035
1.2692
1.4906000000000001
1.8096
2.6168
1.9827
0.5478000000000001
0.8082
5.6302
5.3364
3.2378
0.5151
0.191
0.3582
0.447
0.42
0.3694
0.37960000000000005
0.38939999999999997
0.4569
2.0197
0.9525
0.3779
0.5991
1.125
0.36450000000000005
0.3371
0.2668
0.2102
0.16620000000000001
0.1206
3.6879999999999997
3.4421
3.4478
3.5787
0.4584
0.0376
0.030199999999999998
0.2269
0.41500000000000004
0.2195
0.0868
0.0498
0.0617
0.07350000000000001
0.057499999999999996
0.0151
0.0
0.0569
0.0423
0.1938
0.5531
0.6485000000000001
0.3795
0.3372
2.743
1.0922
2.3992
0.2825
0.17930000000000001
0.10969999999999999
0.0795
0.08460000000000001
0.0941
0.10830000000000001
0.10189999999999999
0.11019999999999999
0.1022
0.0785
0.0806
0.092
0.098
0.1147
0.21
0.19190000000000002
0.1533
0.1346
0.2071
1.2704
5.9153
5.2026
0.8157
0.2353
0.1112
0.0765
0.0429
0.0153
0.4326
0.49129999999999996
0.45130000000000003
0.0635
0.0
0.0
0.0
0.0072
0.8492
0.46119999999999994
0.39749999999999996
0.4379
0.444
0.4803
0.5847
0.5201
4.036
5.896800000000001
6.4161
2.3729999999999998
0.3405
0.0325
0.0377
0.0433
0.033299999999999996
0.045899999999999996
0.0351
0.0196
0.0308
0.0496
0.0508
0.0442
0.048799999999999996
0.023899999999999998
0.0157
0.0295
0.0416
0.059
0.1271
0.13269999999999998
3.2686
6.181
5.0011
2.6825
0.7124
0.0948
0.044899999999999995
0.028000000000000004
0.0543
0.0579
0.0485
0.0511
0.053599999999999995
0.0601
0.0549
0.033100000000000004
0.0194
0.0
0.0
0.0173
0.29159999999999997
0.8156
0.6911
0.47640000000000005
0.394
0.3327
0.3358
0.3291
0.3325
0.345
0.3023
0.31679999999999997
0.472
0.7378
0.7851
0.7095
0.4353
0.34109999999999996
0.4906
0.9628
0.5598
1.0035
1.2692
1.4906000000000001
1.8096
2.6168
1.9827
0.5478000000000001
0.8082
5.6302
5.3364
3.2378
0.5151
0.191
0.3582
0.447
0.42
0.3694
0.37960000000000005
0.38939999999999997
0.4569
2.0197
0.9525
0.3779
0.5991
1.125
0.36450000000000005
0.3371
0.2668
0.2102
0.16620000000000001
0.1206
3.6879999999999997
3.4421
3.4478
3.5787
0.4584
0.0376
0.030199999999999998
0.2269
0.41500000000000004
0.2195
0.0868
0.0498
0.0617
0.07350000000000001
0.057499999999999996
0.0151
0.0
0.0569
0.0423
0.1938
0.5531
0.6485000000000001
0.3795
0.3372
0.7418
1.9061
5.1378
3.8271
0.8402999999999999
0.09129999999999999
2.1069999999999998
0.1283
0.3699
0.3137
0.2977
0.26849999999999996
0.2762
0.2613
0.43410000000000004
0.438
0.32330000000000003
0.3155
0.2993
0.8458000000000001
0.1938
0.1893
0.1851
0.1426
0.34230000000000005
0.3809
2.2726
0.8003
0.3422
0.34509999999999996
0.4421
0.4992
0.4745
0.4493
0.5101
0.6555
2.1772
1.2118
0.49360000000000004
0.3929
0.3913
0.4193
0.4991
0.6706000000000001
0.4379
0.306
0.2389
0.227
0.9553
4.4163
3.6696999999999997
2.0780000000000003
0.7437
0.1654
0.25
0.3974
0.5912999999999999
0.3486
0.1568
0.1038
0.1066
0.08449999999999999
0.0921
0.3131
0.8845000000000001
0.7511000000000001
0.7127
0.6117
0.5248999999999999
0.449
0.3647
0.2825
0.1395
0.1318
0.1256
0.129
0.12719999999999998
0.12390000000000001
0.1229
0.0995
0.7227
0.175
0.0484
0.033
0.0327
0.035699999999999996
0.0577
0.1071
0.1711
0.2921
0.2236
0.212
0.2056
0.2051
0.1997
0.1728
0.8735999999999999
4.4436
6.4471
2.3789
0.4415
0.06939999999999999
0.1052
0.1079
0.1331
0.1588
0.1734
0.1617
0.193
0.1845
0.2025
0.1827
0.1899
0.217
0.1997
0.0814
0.19519999999999998
0.1497
0.2508
0.301
0.7618
0.7756
0.8188
0.8681
0.7338
0.622
0.438
0.2955
0.2873
0.2959
0.3221
0.3729
0.368
0.3533
0.3589
1.1098
2.6173
2.0219
1.2976
1.026
0.7841
0.6492
0.6161
2.5162
0.351
0.2977
0.7338
1.4585
1.2168
0.47609999999999997
0.5692999999999999
0.7545
0.8518
0.7926
0.7153
0.7283
1.3605
1.2658
0.5589
0.5748
0.6253
1.896
0.6426000000000001
0.9221999999999999
1.9276
1.5766
0.4338
0.3249
0.7418
1.9061
5.1378
3.8271
0.8402999999999999
0.09129999999999999
2.1069999999999998
0.1283
0.3699
0.3137
0.2977
0.26849999999999996
0.2762
0.2613
0.43410000000000004
0.438
0.32330000000000003
0.3155
0.2993
0.8458000000000001
0.1938
0.1893
0.1851
0.1426
0.34230000000000005
0.3809
2.2726
0.8003
0.3422
0.34509999999999996
0.4421
0.4992
0.4745
0.4493
0.5101
0.6555
2.1772
1.2118
0.49360000000000004
0.3929
0.3913
0.4193
0.4991
0.6706000000000001
0.4379
0.306
0.2389
0.227
0.9553
4.4163
3.6696999999999997
2.0780000000000003
0.7437
0.1654
0.25
0.3974
0.5912999999999999
0.3486
0.1568
0.1038
0.1066
0.08449999999999999
0.0921
0.3131
0.8845000000000001
0.7511000000000001
0.7127
0.6117
0.5248999999999999
0.449
0.3647
0.2825
0.1395
0.1318
0.1256
0.129
0.12719999999999998
0.12390000000000001
0.1229
0.0995
0.7227
0.175
0.0484
0.033
0.0327
0.035699999999999996
0.0577
0.1071
0.1711
0.2921
0.2236
0.212
0.2056
0.2051
0.1997
0.1728
0.8735999999999999
4.4436
6.4471
2.3789
0.4415
0.06939999999999999
0.1052
0.1079
0.1331
0.1588
0.1734
0.1617
0.193
0.1845
0.2025
0.1827
0.1899
0.217
0.1997
0.0814
0.19519999999999998
0.1497
0.2508
0.301
0.7618
0.7756
0.8188
0.8681
0.7338
0.622
0.438
0.2955
0.2873
0.2959
0.3221
0.3729
0.368
0.3533
0.3589
1.1098
2.6173
2.0219
1.2976
1.026
0.7841
0.6492
0.6161
2.5162
0.351
0.2977
0.7338
1.4585
1.2168
0.47609999999999997
0.5692999999999999
0.7545
0.8518
0.7926
0.7153
0.7283
1.3605
1.2658
0.5589
0.5748
0.6253
1.896
0.6426000000000001
0.9221999999999999
1.9276
1.5766
0.4338
0.3249
0.7418
1.9061
5.1378
3.8271
0.8402999999999999
0.09129999999999999
2.1069999999999998
0.1283
0.3699
0.3137
0.2977
0.26849999999999996
0.2762
0.2613
0.43410000000000004
0.438
0.32330000000000003
0.3155
0.2993
0.8458000000000001
0.1938
0.1893
0.1851
0.1426
0.34230000000000005
0.3809
2.2726
0.8003
0.3422
0.34509999999999996
0.4421
0.4992
0.4745
0.4493
0.5101
0.6555
2.1772
1.2118
0.49360000000000004
0.3929
0.3913
0.4193
0.4991
0.6706000000000001
0.4379
0.306
0.2389
0.227
0.9553
4.4163
3.6696999999999997
2.0780000000000003
0.7437
0.1654
0.25
0.3974
0.5912999999999999
0.3486
0.1568
0.1038
0.1066
0.08449999999999999
0.0921
0.3131
0.8845000000000001
0.7511000000000001
0.7127
0.6117
0.5248999999999999
0.449
0.3647
0.2825
0.1395
0.1318
0.1256
0.129
0.12719999999999998
0.12390000000000001
0.1229
0.0995
0.7227
0.175
0.0484
0.033
0.0327
0.035699999999999996
0.0577
0.1071
0.1711
0.2921
0.2236
0.212
0.2056
0.2051
0.1997
0.1728
0.8735999999999999
4.4436
6.4471
2.3789
0.4415
0.06939999999999999
0.1052
0.1079
0.1331
0.1588
0.1734
0.1617
0.193
0.1845
0.2025
0.1827
0.1899
0.217
0.1997
0.0814
0.19519999999999998
0.1497
0.2508
0.301
0.7618
0.7756
0.8188
0.8681
0.7338
0.622
0.438
0.2955
0.2873
0.2959
0.3221
0.3729
0.368
0.3533
0.3589
1.1098
2.6173
2.0219
1.2976
1.026
0.7841
0.6492
0.6161
2.5162
0.351
0.2977
0.7338
1.4585
1.2168
0.47609999999999997
0.5692999999999999
0.7545
0.8518
0.7926
0.7153
0.7283
1.3605
1.2658
0.5589
0.5748
0.6253
1.896
0.6426000000000001
0.9221999999999999
1.9276
1.5766
0.4338
0.3249
0.7418
1.9061
5.1378
3.8271
0.8402999999999999
0.09129999999999999
2.1069999999999998
0.1283
0.3699
0.3137
0.2977
0.26849999999999996
0.2762
0.2613
0.43410000000000004
0.438
0.32330000000000003
0.3155
0.2993
0.8458000000000001
0.1938
0.1893
0.1851
0.1426
0.34230000000000005
0.3809
2.2726
0.8003
0.3422
0.34509999999999996
0.4421
0.4992
0.4745
0.4493
0.5101
0.6555
2.1772
1.2118
0.49360000000000004
0.3929
0.3913
0.4193
0.4991
0.6706000000000001
0.4379
0.306
0.2389
0.227
0.9553
4.4163
3.6696999999999997
2.0780000000000003
0.7437
0.1654
0.25
0.3974
0.5912999999999999
0.3486
0.1568
0.1038
0.1066
0.08449999999999999
0.0921
0.3131
0.8845000000000001
0.7511000000000001
0.7127
0.6117
0.5248999999999999
0.449
0.3647
0.2825
0.1395
0.1318
0.1256
0.129
0.12719999999999998
0.12390000000000001
0.1229
0.0995
0.7227
0.175
0.0484
0.033
0.0327
0.035699999999999996
0.0577
0.1071
0.1711
0.2921
0.2236
0.212
0.2056
0.2051
0.1997
0.1728
0.8735999999999999
4.4436
6.4471
2.3789
0.4415
0.06939999999999999
0.1052
0.1079
0.1331
0.1588
0.1734
0.1617
0.193
0.1845
0.2025
0.1827
0.1899
0.217
0.1997
0.0814
0.19519999999999998
0.1497
0.2508
0.301
0.7618
0.7756
0.8188
0.8681
0.7338
0.622
0.438
0.2955
0.2873
0.2959
0.3221
0.3729
0.368
0.3533
0.3589
1.1098
2.6173
2.0219
1.2976
1.026
0.7841
0.6492
0.6161
2.5162
0.351
0.2977
0.7338
1.4585
1.2168
0.47609999999999997
0.5692999999999999
0.7545
0.8518
0.7926
0.7153
0.7283
1.3605
1.2658
0.5589
0.5748
0.6253
1.896
0.6426000000000001
0.9221999999999999
1.9276
1.5766
0.4338
0.3249
0.7418
1.9061
5.1378
3.8271
0.8402999999999999
0.09129999999999999
2.1069999999999998
0.1283
0.3699
0.3137
0.2977
0.26849999999999996
0.2762
0.2613
0.43410000000000004
0.438
0.32330000000000003
0.3155
0.2993
0.8458000000000001
0.1938
0.1893
0.1851
0.1426
0.34230000000000005
0.3809
2.2726
0.8003
0.3422
0.34509999999999996
0.4421
0.4992
0.4745
0.4493
0.5101
0.6555
2.1772
1.2118
0.49360000000000004
0.3929
0.3913
0.4193
0.4991
0.6706000000000001
0.4379
0.306
0.2389
0.227
4.047
4.1647
4.2044999999999995
3.6904
0.2693
0.2178
0.2237
0.116
0.0575
0.0313
0.0243
0.023600000000000003
0.0252
0.014599999999999998
0.0711
1.1206
0.3504
0.43590000000000007
0.6736
0.9109
0.8107
0.5378000000000001
0.34040000000000004
1.3252000000000002
0.6164
4.6467
7.997300000000001
2.7983000000000002
0.3639
0.1119
0.4249
0.1887
0.1848
0.1824
0.2061
0.25880000000000003
0.3115
0.4041
0.7167
0.6487
0.2168
0.17859999999999998
0.2789
0.3378
0.139
0.027
0.0121
0.0
1.9041000000000001
0.0
0.0
0.0102
0.0047
0.07880000000000001
0.2601
0.434
0.4269
0.4612
0.5533
0.322
1.2554
2.2203999999999997
0.0727
0.0
0.0
0.0054
0.030699999999999998
0.1908
0.0639
0.0
0.0
0.0
0.015
0.0028
0.0069
0.009
0.0173
0.0195
0.0285
0.0923
0.11049999999999999
0.1599
0.11649999999999999
0.0627
0.0393
0.0247
0.030699999999999998
0.026099999999999998
0.0189
0.0216
0.0116
0.0337
0.0451
0.0577
0.0542
0.0465
3.0256
1.4965
0.2299
0.0664
0.0
0.0
0.0
0.0
0.0055
0.004
0.044899999999999995
0.0558
0.0779
0.05
0.0538
0.0862
0.0766
0.2043
0.5962
1.5381
1.0626
0.7813
0.7925
1.1164
0.15460000000000002
0.1347
0.1278
0.1341
0.1301
0.1168
0.2163
0.1794
2.7022
0.0524
0.0254
0.0514
0.0664
0.0131
0.0664
1.3063
0.6223
0.44699999999999995
0.7086
0.6409
0.8983
0.6124999999999999
0.20779999999999998
0.1355
2.9263000000000003
2.8472
2.9132
1.593
0.2223
0.2526
0.2909
0.36350000000000005
0.6342
1.1416
1.4235
1.5145
0.6291
0.39
0.3478
0.33409999999999995
0.3291
0.313
0.3317
0.4194
0.4719
1.7998
1.996
1.0161
4.047
4.1647
4.2044999999999995
3.6904
0.2693
0.2178
0.2237
0.116
0.0575
0.0313
0.0243
0.023600000000000003
0.0252
0.014599999999999998
0.0711
1.1206
0.3504
0.43590000000000007
0.6736
0.9109
0.8107
0.5378000000000001
0.34040000000000004
1.3252000000000002
0.6164
4.6467
7.997300000000001
2.7983000000000002
0.3639
0.1119
0.4249
0.1887
0.1848
0.1824
0.2061
0.25880000000000003
0.3115
0.4041
0.7167
0.6487
0.2168
0.17859999999999998
0.2789
0.3378
0.139
0.027
0.0121
0.0
1.9041000000000001
0.0
0.0
0.0102
0.0047
0.07880000000000001
0.2601
0.434
0.4269
0.4612
0.5533
0.322
1.2554
2.2203999999999997
0.0727
0.0
0.0
0.0054
0.030699999999999998
0.1908
0.0639
0.0
0.0
0.0
0.015
0.0028
0.0069
0.009
0.0173
0.0195
0.0285
0.0923
0.11049999999999999
0.1599
0.11649999999999999
0.0627
0.0393
0.0247
0.030699999999999998
0.026099999999999998
0.0189
0.0216
0.0116
0.0337
0.0451
0.0577
0.0542
0.0465
3.0256
1.4965
0.2299
0.0664
0.0
0.0
0.0
0.0
0.0055
0.004
0.044899999999999995
0.0558
0.0779
0.05
0.0538
0.0862
0.0766
0.2043
0.5962
1.5381
1.0626
0.7813
0.7925
1.1164
0.15460000000000002
0.1347
0.1278
0.1341
0.1301
0.1168
0.2163
0.1794
2.7022
0.0524
0.0254
0.0514
0.0664
0.0131
0.0664
1.3063
0.6223
0.44699999999999995
0.7086
0.6409
0.8983
0.6124999999999999
0.20779999999999998
0.1355
2.9263000000000003
2.8472
2.9132
1.593
0.2223
0.2526
0.2909
0.36350000000000005
0.6342
1.1416
1.4235
1.5145
0.6291
0.39
0.3478
0.33409999999999995
0.3291
0.313
0.3317
0.4194
0.4719
1.7998
1.996
1.0161
4.047
4.1647
4.2044999999999995
3.6904
0.2693
0.2178
0.2237
0.116
0.0575
0.0313
0.0243
0.023600000000000003
0.0252
0.014599999999999998
0.0711
1.1206
0.3504
0.43590000000000007
0.6736
0.9109
0.8107
0.5378000000000001
0.34040000000000004
1.3252000000000002
0.6164
4.6467
7.997300000000001
2.7983000000000002
0.3639
0.1119
0.4249
0.1887
0.1848
0.1824
0.2061
0.25880000000000003
0.3115
0.4041
0.7167
0.6487
0.2168
0.17859999999999998
0.2789
0.3378
0.139
0.027
0.0121
0.0
1.9041000000000001
0.0
0.0
0.0102
0.0047
0.07880000000000001
0.2601
0.434
0.4269
0.4612
0.5533
0.322
1.2554
2.2203999999999997
0.0727
0.0
0.0
0.0054
0.030699999999999998
0.1908
0.0639
0.0
0.0
0.0
0.015
0.0028
0.0069
0.009
0.0173
0.0195
0.0285
0.0923
0.11049999999999999
0.1599
0.11649999999999999
0.0627
0.0393
0.0247
0.030699999999999998
0.026099999999999998
0.0189
0.0216
0.0116
0.0337
0.0451
0.0577
0.0542
0.0465
3.0256
1.4965
0.2299
0.0664
0.0
0.0
0.0
0.0
0.0055
0.004
0.044899999999999995
0.0558
0.0779
0.05
0.0538
0.0862
0.0766
0.2043
0.5962
1.5381
1.0626
0.7813
0.7925
1.1164
0.15460000000000002
0.1347
0.1278
0.1341
0.1301
0.1168
0.2163
0.1794
2.7022
0.0524
0.0254
0.0514
0.0664
0.0131
0.0664
1.3063
0.6223
0.44699999999999995
0.7086
0.6409
0.8983
0.6124999999999999
0.20779999999999998
0.1355
2.9263000000000003
2.8472
2.9132
1.593
0.2223
0.2526
0.2909
0.36350000000000005
0.6342
1.1416
1.4235
1.5145
0.6291
0.39
0.3478
0.33409999999999995
0.3291
0.313
0.3317
0.4194
0.4719
1.7998
1.996
1.0161
4.047
4.1647
4.2044999999999995
3.6904
0.2693
0.2178
0.2237
0.116
0.0575
0.0313
0.0243
0.023600000000000003
0.0252
0.014599999999999998
0.0711
1.1206
0.3504
0.43590000000000007
0.6736
0.9109
0.8107
0.5378000000000001
0.34040000000000004
1.3252000000000002
0.6164
4.6467
7.997300000000001
2.7983000000000002
0.3639
0.1119
0.4249
0.1887
0.1848
0.1824
0.2061
0.25880000000000003
0.3115
0.4041
0.7167
0.6487
0.2168
0.17859999999999998
0.2789
0.3378
0.139
0.027
0.0121
0.0
1.9041000000000001
0.0
0.0
0.0102
0.0047
0.07880000000000001
0.2601
0.434
0.4269
0.4612
0.5533
0.322
1.2554
2.2203999999999997
0.0727
0.0
0.0
0.0054
0.030699999999999998
0.1908
0.0639
0.0
0.0
0.0
0.015
0.0028
0.0069
0.009
0.0173
0.0195
0.0285
0.0923
0.11049999999999999
0.1599
0.11649999999999999
0.0627
0.0393
0.0247
0.030699999999999998
0.026099999999999998
0.0189
0.0216
0.0116
0.0337
0.0451
0.0577
0.0542
0.0465
3.0256
1.4965
0.2299
0.0664
0.0
0.0
0.0
0.0
0.0055
0.004
0.044899999999999995
0.0558
0.0779
0.05
0.0538
0.0862
0.0766
0.2043
0.5962
1.5381
1.0626
0.7813
0.7925
1.1164
0.15460000000000002
0.1347
0.1278
0.1341
0.1301
0.1168
0.2163
0.1794
2.7022
0.0524
0.0254
0.0514
0.0664
0.0131
0.0664
1.3063
0.6223
0.44699999999999995
0.7086
0.6409
0.8983
0.6124999999999999
0.20779999999999998
0.1355
2.9263000000000003
2.8472
2.9132
1.593
0.2223
0.2526
0.2909
0.36350000000000005
0.6342
1.1416
1.4235
1.5145
0.6291
0.39
0.3478
0.33409999999999995
0.3291
0.313
0.3317
0.4194
0.4719
1.7998
1.996
1.0161
4.047
4.1647
4.2044999999999995
3.6904
0.2693
0.2178
0.2237
0.116
0.0575
0.0313
0.0243
0.023600000000000003
0.0252
0.014599999999999998
0.0711
1.1206
0.3504
0.43590000000000007
0.6736
0.9109
0.8107
0.5378000000000001
0.34040000000000004
1.3252000000000002
0.6164
4.6467
7.997300000000001
2.7983000000000002
0.3639
0.1119
0.4249
0.1887
0.1848
0.1824
0.2061
0.25880000000000003
0.3115
0.4041
0.7167
0.6487
0.2168
0.17859999999999998
0.2789
0.3378
0.139
0.027
0.0121
0.0
1.9041000000000001
0.0
0.0
0.0102
0.0047
0.07880000000000001
0.2601
0.434
0.4269
0.4612
0.5533
0.322
1.2554
2.2203999999999997
0.0727
0.0
0.0
0.0054
0.030699999999999998
0.1908
0.0639
0.0
0.0
0.0
