2.6178999999999997
0.0812
0.8646
0.0
0.0
0.0041
0.0049
0.0047
0.013600000000000001
0.024
0.0286
0.0397
0.028399999999999998
0.0132
0.0031999999999999997
0.0
0.0
0.0739
0.491
0.0283
0.0
0.0
0.0
0.2507
0.1255
0.0806
0.09040000000000001
0.1077
0.11230000000000001
0.2069
0.6442
0.6519999999999999
0.49760000000000004
0.3438
0.30279999999999996
0.5306
0.4196
0.3883
0.5296
0.4698
0.4613
0.6
1.0906
0.2965
0.2652
0.16629999999999998
1.4634
1.3953
2.9478999999999997
2.1313
1.9988000000000001
1.5128
0.5289
0.2996
0.19829999999999998
0.2029
0.1895
0.1496
0.1296
0.1154
0.1104
0.077
0.07819999999999999
0.3404
2.4355
2.2889999999999997
2.1106
1.8441
1.6852999999999998
1.549
1.4278
3.0582000000000003
1.9788999999999999
1.4961
1.4013
0.7183
0.18030000000000002
0.14079999999999998
0.16949999999999998
0.19180000000000003
0.1777
0.1594
0.1599
0.1588
0.1688
0.1633
0.14200000000000002
1.0901
0.21089999999999998
0.2119
0.21710000000000002
0.228
0.2102
0.1699
0.1278
3.1441
0.7098
0.308
0.2147
0.0
0.0
0.018000000000000002
0.0198
0.0
0.0184
0.0422
0.3404
0.0121
0.0471
0.1228
0.0853
0.0174
0.0
0.0
0.0119
0.033100000000000004
0.0
0.0203
0.022600000000000002
0.2771
2.3595
1.9411999999999998
1.8035
1.9042
1.3180999999999998
0.0355
0.0015
0.0228
0.0489
0.08399999999999999
0.1237
0.14529999999999998
0.0427
0.0011
0.0054
0.7307
0.0864
0.2067
0.4222
0.9461999999999999
1.1799
0.6234
0.6299
1.4843
0.002
0.0085
0.0095
0.006699999999999999
0.0179
0.7687999999999999
0.35760000000000003
0.24830000000000002
0.2034
0.1716
0.1875
0.19940000000000002
0.19669999999999999
1.0164
0.24939999999999998
0.0617
0.042800000000000005
0.4113
0.029
0.053
0.0
0.0
0.0
0.0
2.6178999999999997
0.0812
0.8646
0.0
0.0
0.0041
0.0049
0.0047
0.013600000000000001
0.024
0.0286
0.0397
0.028399999999999998
0.0132
0.0031999999999999997
0.0
0.0
0.0739
0.491
0.0283
0.0
0.0
0.0
0.2507
0.1255
0.0806
0.09040000000000001
0.1077
0.11230000000000001
0.2069
0.6442
0.6519999999999999
0.49760000000000004
0.3438
0.30279999999999996
0.5306
0.4196
0.3883
0.5296
0.4698
0.4613
0.6
1.0906
0.2965
0.2652
0.16629999999999998
1.4634
1.3953
2.9478999999999997
2.1313
1.9988000000000001
1.5128
0.5289
0.2996
0.19829999999999998
0.2029
0.1895
0.1496
0.1296
0.1154
0.1104
0.077
0.07819999999999999
0.3404
2.4355
2.2889999999999997
2.1106
1.8441
1.6852999999999998
1.549
1.4278
3.0582000000000003
1.9788999999999999
1.4961
1.4013
0.7183
0.18030000000000002
0.14079999999999998
0.16949999999999998
0.19180000000000003
0.1777
0.1594
0.1599
0.1588
0.1688
0.1633
0.14200000000000002
1.0901
0.21089999999999998
0.2119
0.21710000000000002
0.228
0.2102
0.1699
0.1278
3.1441
0.7098
0.308
0.2147
0.0
0.0
0.018000000000000002
0.0198
0.0
0.0184
0.0422
0.3404
0.0121
0.0471
0.1228
0.0853
0.0174
0.0
0.0
0.0119
0.033100000000000004
0.0
0.0203
0.022600000000000002
0.2771
2.3595
1.9411999999999998
1.8035
1.9042
1.3180999999999998
0.0355
0.0015
0.0228
0.0489
0.08399999999999999
0.1237
0.14529999999999998
0.0427
0.0011
0.0054
0.7307
0.0864
0.2067
0.4222
0.9461999999999999
1.1799
0.6234
0.6299
1.4843
0.002
0.0085
0.0095
0.006699999999999999
0.0179
0.7687999999999999
0.35760000000000003
0.24830000000000002
0.2034
0.1716
0.1875
0.19940000000000002
0.19669999999999999
1.0164
0.24939999999999998
0.0617
0.042800000000000005
0.4113
0.029
0.053
0.0
0.0
0.0
0.0
2.6178999999999997
0.0812
0.8646
0.0
0.0
0.0041
0.0049
0.0047
0.013600000000000001
0.024
0.0286
0.0397
0.028399999999999998
0.0132
0.0031999999999999997
0.0
0.0
0.0739
0.491
0.0283
0.0
0.0
0.0
0.2507
0.1255
0.0806
0.09040000000000001
0.1077
0.11230000000000001
0.2069
0.6442
0.6519999999999999
0.49760000000000004
0.3438
0.30279999999999996
0.5306
0.4196
0.3883
0.5296
0.4698
0.4613
0.6
1.0906
0.2965
0.2652
0.16629999999999998
1.4634
1.3953
2.9478999999999997
2.1313
1.9988000000000001
1.5128
0.5289
0.2996
0.19829999999999998
0.2029
0.1895
0.1496
0.1296
0.1154
0.1104
0.077
0.07819999999999999
0.3404
2.4355
2.2889999999999997
2.1106
1.8441
1.6852999999999998
1.549
1.4278
3.0582000000000003
1.9788999999999999
1.4961
1.4013
0.7183
0.18030000000000002
0.14079999999999998
0.16949999999999998
0.19180000000000003
0.1777
0.1594
0.1599
0.1588
0.1688
0.1633
0.14200000000000002
1.0901
0.21089999999999998
0.2119
0.21710000000000002
0.228
0.2102
0.1699
0.1278
3.1441
0.7098
0.308
0.2147
0.0
0.0
0.018000000000000002
0.0198
0.0
0.0184
0.0422
0.3404
0.0121
0.0471
0.1228
0.0853
0.0174
0.0
0.0
0.0119
0.033100000000000004
0.0
0.0203
0.022600000000000002
0.2771
2.3595
1.9411999999999998
1.8035
1.9042
1.3180999999999998
0.0355
0.0015
0.0228
0.0489
0.08399999999999999
0.1237
0.14529999999999998
0.0427
0.0011
0.0054
0.7307
0.0864
0.2067
0.4222
0.9461999999999999
1.1799
0.6234
0.6299
1.4843
0.002
0.0085
0.0095
0.006699999999999999
0.0179
0.7687999999999999
0.35760000000000003
0.24830000000000002
0.2034
0.1716
0.1875
0.19940000000000002
0.19669999999999999
1.0164
0.24939999999999998
0.0617
0.042800000000000005
0.4113
0.029
0.053
0.0
0.0
0.0
0.0
2.6178999999999997
0.0812
0.8646
0.0
0.0
0.0041
0.0049
0.0047
0.013600000000000001
0.024
0.0286
0.0397
0.028399999999999998
0.0132
0.0031999999999999997
0.0
0.0
0.0739
0.491
0.0283
0.0
0.0
0.0
0.2507
0.1255
0.0806
0.09040000000000001
0.1077
0.11230000000000001
0.2069
0.6442
0.6519999999999999
0.49760000000000004
0.3438
0.30279999999999996
0.5306
0.4196
0.3883
0.5296
0.4698
0.4613
0.6
1.0906
0.2965
0.2652
0.16629999999999998
1.4634
1.3953
2.9478999999999997
2.1313
1.9988000000000001
1.5128
0.5289
0.2996
0.19829999999999998
0.2029
0.1895
0.1496
0.1296
0.1154
0.1104
0.077
0.07819999999999999
0.3404
2.4355
2.2889999999999997
2.1106
1.8441
1.6852999999999998
1.549
1.4278
3.0582000000000003
1.9788999999999999
1.4961
1.4013
0.7183
0.18030000000000002
0.14079999999999998
0.16949999999999998
0.19180000000000003
0.1777
0.1594
0.1599
0.1588
0.1688
0.1633
0.14200000000000002
1.0901
0.21089999999999998
0.2119
0.21710000000000002
0.228
0.2102
0.1699
0.1278
3.1441
0.7098
0.308
0.2147
0.0
0.0
0.018000000000000002
0.0198
0.0
0.0184
0.0422
0.3404
0.0121
0.0471
0.1228
0.0853
0.0174
0.0
0.0
0.0119
0.033100000000000004
0.0
0.0203
0.022600000000000002
0.2771
2.3595
1.9411999999999998
1.8035
1.9042
1.3180999999999998
0.0355
0.0015
0.0228
0.0489
0.08399999999999999
0.1237
0.14529999999999998
0.0427
0.0011
0.0054
0.7307
0.0864
0.2067
0.4222
0.9461999999999999
1.1799
0.6234
0.6299
1.4843
0.002
0.0085
0.0095
0.006699999999999999
0.0179
0.7687999999999999
0.35760000000000003
0.24830000000000002
0.2034
0.1716
0.1875
0.19940000000000002
0.19669999999999999
1.0164
0.24939999999999998
0.0617
0.042800000000000005
0.4113
0.029
0.053
0.0
0.0
0.0
0.0
2.6178999999999997
0.0812
0.8646
0.0
0.0
0.0041
0.0049
0.0047
0.013600000000000001
0.024
0.0286
0.0397
0.028399999999999998
0.0132
0.0031999999999999997
0.0
0.0
0.0739
0.491
0.0283
0.0
0.0
0.0
0.2507
0.1255
0.0806
0.09040000000000001
0.1077
0.11230000000000001
0.2069
0.6442
0.6519999999999999
0.49760000000000004
0.3438
0.30279999999999996
0.5306
0.4196
0.3883
0.5296
0.4698
0.4613
0.6
1.0906
0.2965
0.2652
0.16629999999999998
1.4634
1.3953
2.9478999999999997
2.1313
1.9988000000000001
1.5128
0.5289
0.2996
0.19829999999999998
0.2029
0.1895
0.1496
0.1296
0.1154
0.1104
0.077
0.07819999999999999
0.3404
2.4355
2.2889999999999997
2.1106
1.8441
1.6852999999999998
1.549
1.4278
3.0582000000000003
0.3154
1.4495
1.6305
2.1075
2.0195
2.2336
2.8605
0.0
0.147
0.188
0.2368
0.2524
0.2992
0.3645
1.0659
1.4613
0.5248
0.5917
0.7908
1.0596
1.1124999999999998
1.0905
0.9601000000000001
0.8161
3.5762
3.1017
2.8529999999999998
2.6509
2.6585
0.4031
0.2134
0.20800000000000002
0.5123
0.43
0.2833
0.1764
0.13740000000000002
0.0958
0.0931
0.13069999999999998
0.38589999999999997
1.3706
1.4308
1.486
1.2667000000000002
1.0428
0.8625
1.0018
4.496700000000001
3.7445
3.4829
2.0026
0.47350000000000003
0.3432
0.2931
0.4317
0.1653
0.1056
0.0963
0.0737
0.064
0.0469
0.052500000000000005
0.07780000000000001
0.3492
0.4495
0.1809
0.19469999999999998
0.1881
0.176
0.2464
0.9447000000000001
2.1825
3.0017
3.0454999999999997
3.0786
3.1037999999999997
2.909
0.2128
0.1683
0.1154
0.0802
0.08
0.0811
0.08549999999999999
0.053
0.098
0.8863
0.7379
0.6372
1.1812
2.0821
1.9123
1.7387000000000001
1.8467
2.3665
3.3142
3.2131
2.4101
0.29000000000000004
0.06970000000000001
0.0744
0.0582
0.0723
0.0645
0.09839999999999999
0.124
0.1835
0.17870000000000003
0.12310000000000001
0.1374
0.1362
0.13690000000000002
0.1815
0.157
0.0893
1.108
0.6865
0.9107000000000001
2.7543
0.1506
0.1017
0.0907
1.0764
2.0737
0.3371
0.2771
0.3419
0.3994
0.3946
0.3595
0.3381
0.5778
0.9567
0.3272
0.3039
0.3069
0.29710000000000003
0.8104
0.3503
0.40549999999999997
0.5290999999999999
0.4148
0.2272
0.0049
0.0212
0.0355
0.0046
0.035699999999999996
0.0124
0.0739
0.20129999999999998
0.23509999999999998
0.2097
0.1772
0.267
0.1593
0.0817
2.6879
0.0256
0.0613
0.0431
0.4853
0.7051
2.3776
0.2737
0.0
0.0016
0.3154
1.4495
1.6305
2.1075
2.0195
2.2336
2.8605
0.0
0.147
0.188
0.2368
0.2524
0.2992
0.3645
1.0659
1.4613
0.5248
0.5917
0.7908
1.0596
1.1124999999999998
1.0905
0.9601000000000001
0.8161
3.5762
3.1017
2.8529999999999998
2.6509
2.6585
0.4031
0.2134
0.20800000000000002
0.5123
0.43
0.2833
0.1764
0.13740000000000002
0.0958
0.0931
0.13069999999999998
0.38589999999999997
1.3706
1.4308
1.486
1.2667000000000002
1.0428
0.8625
1.0018
4.496700000000001
3.7445
3.4829
2.0026
0.47350000000000003
0.3432
0.2931
0.4317
0.1653
0.1056
0.0963
0.0737
0.064
0.0469
0.052500000000000005
0.07780000000000001
0.3492
0.4495
0.1809
0.19469999999999998
0.1881
0.176
0.2464
0.9447000000000001
2.1825
3.0017
3.0454999999999997
3.0786
3.1037999999999997
2.909
0.2128
0.1683
0.1154
0.0802
0.08
0.0811
0.08549999999999999
0.053
0.098
0.8863
0.7379
0.6372
1.1812
2.0821
1.9123
1.7387000000000001
1.8467
2.3665
3.3142
3.2131
2.4101
0.29000000000000004
0.06970000000000001
0.0744
0.0582
0.0723
0.0645
0.09839999999999999
0.124
0.1835
0.17870000000000003
0.12310000000000001
0.1374
0.1362
0.13690000000000002
0.1815
0.157
0.0893
1.108
0.6865
0.9107000000000001
2.7543
0.1506
0.1017
0.0907
1.0764
2.0737
0.3371
0.2771
0.3419
0.3994
0.3946
0.3595
0.3381
0.5778
0.9567
0.3272
0.3039
0.3069
0.29710000000000003
0.8104
0.3503
0.40549999999999997
0.5290999999999999
0.4148
0.2272
0.0049
0.0212
0.0355
0.0046
0.035699999999999996
0.0124
0.0739
0.20129999999999998
0.23509999999999998
0.2097
0.1772
0.267
0.1593
0.0817
2.6879
0.0256
0.0613
0.0431
0.4853
0.7051
2.3776
0.2737
0.0
0.0016
0.3154
1.4495
1.6305
2.1075
2.0195
2.2336
2.8605
0.0
0.147
0.188
0.2368
0.2524
0.2992
0.3645
1.0659
1.4613
0.5248
0.5917
0.7908
1.0596
1.1124999999999998
1.0905
0.9601000000000001
0.8161
3.5762
3.1017
2.8529999999999998
2.6509
2.6585
0.4031
0.2134
0.20800000000000002
0.5123
0.43
0.2833
0.1764
0.13740000000000002
0.0958
0.0931
0.13069999999999998
0.38589999999999997
1.3706
1.4308
1.486
1.2667000000000002
1.0428
0.8625
1.0018
4.496700000000001
3.7445
3.4829
2.0026
0.47350000000000003
0.3432
0.2931
0.4317
0.1653
0.1056
0.0963
0.0737
0.064
0.0469
0.052500000000000005
0.07780000000000001
0.3492
0.4495
0.1809
0.19469999999999998
0.1881
0.176
0.2464
0.9447000000000001
2.1825
3.0017
3.0454999999999997
3.0786
3.1037999999999997
2.909
0.2128
0.1683
0.1154
0.0802
0.08
0.0811
0.08549999999999999
0.053
0.098
0.8863
0.7379
0.6372
1.1812
2.0821
1.9123
1.7387000000000001
1.8467
2.3665
3.3142
3.2131
2.4101
0.29000000000000004
0.06970000000000001
0.0744
0.0582
0.0723
0.0645
0.09839999999999999
0.124
0.1835
0.17870000000000003
0.12310000000000001
0.1374
0.1362
0.13690000000000002
0.1815
0.157
0.0893
1.108
0.6865
0.9107000000000001
2.7543
0.1506
0.1017
0.0907
1.0764
2.0737
0.3371
0.2771
0.3419
0.3994
0.3946
0.3595
0.3381
0.5778
0.9567
0.3272
0.3039
0.3069
0.29710000000000003
0.8104
0.3503
0.40549999999999997
0.5290999999999999
0.4148
0.2272
0.0049
0.0212
0.0355
0.0046
0.035699999999999996
0.0124
0.0739
0.20129999999999998
0.23509999999999998
0.2097
0.1772
0.267
0.1593
0.0817
2.6879
0.0256
0.0613
0.0431
0.4853
0.7051
2.3776
0.2737
0.0
0.0016
0.3154
1.4495
1.6305
2.1075
2.0195
2.2336
2.8605
0.0
0.147
0.188
0.2368
0.2524
0.2992
0.3645
1.0659
1.4613
0.5248
0.5917
0.7908
1.0596
1.1124999999999998
1.0905
0.9601000000000001
0.8161
3.5762
3.1017
2.8529999999999998
2.6509
2.6585
0.4031
0.2134
0.20800000000000002
0.5123
0.43
0.2833
0.1764
0.13740000000000002
0.0958
0.0931
0.13069999999999998
0.38589999999999997
1.3706
1.4308
1.486
1.2667000000000002
1.0428
0.8625
1.0018
4.496700000000001
3.7445
3.4829
2.0026
0.47350000000000003
0.3432
0.2931
0.4317
0.1653
0.1056
0.0963
0.0737
0.064
0.0469
0.052500000000000005
0.07780000000000001
0.3492
0.4495
0.1809
0.19469999999999998
0.1881
0.176
0.2464
0.9447000000000001
2.1825
3.0017
3.0454999999999997
3.0786
3.1037999999999997
2.909
0.2128
0.1683
0.1154
0.0802
0.08
0.0811
0.08549999999999999
0.053
0.098
0.8863
0.7379
0.6372
1.1812
2.0821
1.9123
1.7387000000000001
1.8467
2.3665
3.3142
3.2131
2.4101
0.29000000000000004
0.06970000000000001
0.0744
0.0582
0.0723
0.0645
0.09839999999999999
0.124
0.1835
0.17870000000000003
0.12310000000000001
0.1374
0.1362
0.13690000000000002
0.1815
0.157
0.0893
1.108
0.6865
0.9107000000000001
2.7543
0.1506
0.1017
0.0907
1.0764
2.0737
0.3371
0.2771
0.3419
0.3994
0.3946
0.3595
0.3381
0.5778
0.9567
0.3272
0.3039
0.3069
0.29710000000000003
0.8104
0.3503
0.40549999999999997
0.5290999999999999
0.4148
0.2272
0.0049
0.0212
0.0355
0.0046
0.035699999999999996
0.0124
0.0739
0.20129999999999998
0.23509999999999998
0.2097
0.1772
0.267
0.1593
0.0817
2.6879
0.0256
0.0613
0.0431
0.4853
0.7051
2.3776
0.2737
0.0
0.0016
0.027
0.4989
2.4551
2.0122
0.051699999999999996
0.0086
0.7027
0.0145
0.1208
0.1675
0.17170000000000002
0.18830000000000002
0.1802
0.1799
0.1864
0.1599
0.0895
0.0781
0.4524
0.09720000000000001
0.0156
0.0
0.0
0.0077
5.0202
5.0697
5.044499999999999
5.1347000000000005
3.718
0.1046
0.0956
0.156
0.155
0.1049
0.094
0.0741
0.07600000000000001
0.0733
0.0814
0.0783
0.1264
0.33699999999999997
0.8195999999999999
1.4181
0.5429999999999999
0.2645
0.208
2.2706
3.4086
4.3498
1.1186
0.24380000000000002
0.0434
0.0195
0.0339
0.0429
0.0761
0.086
0.0805
0.0682
0.0421
0.0458
0.0217
0.0108
0.0
1.1761
0.1184
0.0817
0.0847
0.4061
2.6704999999999997
1.7675
5.2771
3.8842999999999996
1.7875
0.1481
0.0132
0.0174
0.0057
0.026
0.036000000000000004
0.0507
0.0487
0.0238
0.0246
0.0388
0.0376
0.0347
0.031299999999999994
0.0377
0.0628
0.0788
0.9247000000000001
0.1007
0.0
0.8841
0.5681
4.5197
4.6661
4.6705
4.8887
5.2713
0.6468
0.1531
0.0011
0.4959
1.6521
1.6226
0.47629999999999995
0.3892
0.5125
1.8179999999999998
2.5578000000000003
2.343
2.7596999999999996
2.7415000000000003
2.4873
2.2606
2.4737999999999998
6.1668
0.0317
0.0312
0.0327
0.0344
0.0343
0.0287
0.041800000000000004
0.18130000000000002
0.1592
0.0581
0.0621
0.0568
0.067
0.0661
0.07239999999999999
0.0848
0.0744
0.0682
0.0743
0.1571
0.2122
0.1718
0.091
0.0499
5.2175
4.1032
0.7812
0.1651
0.0944
0.09
0.08660000000000001
0.08130000000000001
0.073
0.0576
0.07020000000000001
0.10089999999999999
0.19
0.3033
0.1595
0.1598
0.3034
1.0623
0.47229999999999994
0.4348
0.3701
0.34240000000000004
0.299
0.7886
0.027
0.4989
2.4551
2.0122
0.051699999999999996
0.0086
0.7027
0.0145
0.1208
0.1675
0.17170000000000002
0.18830000000000002
0.1802
0.1799
0.1864
0.1599
0.0895
0.0781
0.4524
0.09720000000000001
0.0156
0.0
0.0
0.0077
5.0202
5.0697
5.044499999999999
5.1347000000000005
3.718
0.1046
0.0956
0.156
0.155
0.1049
0.094
0.0741
0.07600000000000001
0.0733
0.0814
0.0783
0.1264
0.33699999999999997
0.8195999999999999
1.4181
0.5429999999999999
0.2645
0.208
2.2706
3.4086
4.3498
1.1186
0.24380000000000002
0.0434
0.0195
0.0339
0.0429
0.0761
0.086
0.0805
0.0682
0.0421
0.0458
0.0217
0.0108
0.0
1.1761
0.1184
0.0817
0.0847
0.4061
2.6704999999999997
1.7675
5.2771
3.8842999999999996
1.7875
0.1481
0.0132
0.0174
0.0057
0.026
0.036000000000000004
0.0507
0.0487
0.0238
0.0246
0.0388
0.0376
0.0347
0.031299999999999994
0.0377
0.0628
0.0788
0.9247000000000001
0.1007
0.0
0.8841
0.5681
4.5197
4.6661
4.6705
4.8887
5.2713
0.6468
0.1531
0.0011
0.4959
1.6521
1.6226
0.47629999999999995
0.3892
0.5125
1.8179999999999998
2.5578000000000003
2.343
2.7596999999999996
2.7415000000000003
2.4873
2.2606
2.4737999999999998
6.1668
0.0317
0.0312
0.0327
0.0344
0.0343
0.0287
0.041800000000000004
0.18130000000000002
0.1592
0.0581
0.0621
0.0568
0.067
0.0661
0.07239999999999999
0.0848
0.0744
0.0682
0.0743
0.1571
0.2122
0.1718
0.091
0.0499
5.2175
4.1032
0.7812
0.1651
0.0944
0.09
0.08660000000000001
0.08130000000000001
0.073
0.0576
0.07020000000000001
0.10089999999999999
0.19
0.3033
0.1595
0.1598
0.3034
1.0623
0.47229999999999994
0.4348
0.3701
0.34240000000000004
0.299
0.7886
0.027
0.4989
2.4551
2.0122
0.051699999999999996
0.0086
0.7027
0.0145
0.1208
0.1675
0.17170000000000002
0.18830000000000002
0.1802
0.1799
0.1864
0.1599
0.0895
0.0781
0.4524
0.09720000000000001
0.0156
0.0
0.0
0.0077
5.0202
5.0697
5.044499999999999
5.1347000000000005
3.718
0.1046
0.0956
0.156
0.155
0.1049
0.094
0.0741
0.07600000000000001
0.0733
0.0814
0.0783
0.1264
0.33699999999999997
0.8195999999999999
1.4181
0.5429999999999999
0.2645
0.208
2.2706
3.4086
4.3498
1.1186
0.24380000000000002
0.0434
0.0195
0.0339
0.0429
0.0761
0.086
0.0805
0.0682
0.0421
0.0458
0.0217
0.0108
0.0
1.1761
0.1184
0.0817
0.0847
0.4061
2.6704999999999997
1.7675
5.2771
3.8842999999999996
1.7875
0.1481
0.0132
0.0174
0.0057
0.026
0.036000000000000004
0.0507
0.0487
0.0238
0.0246
0.0388
0.0376
0.0347
0.031299999999999994
0.0377
0.0628
0.0788
0.9247000000000001
0.1007
0.0
0.8841
0.5681
4.5197
4.6661
4.6705
4.8887
5.2713
0.6468
0.1531
0.0011
0.4959
1.6521
1.6226
0.47629999999999995
0.3892
0.5125
1.8179999999999998
2.5578000000000003
2.343
2.7596999999999996
2.7415000000000003
2.4873
2.2606
2.4737999999999998
6.1668
0.0317
0.0312
0.0327
0.0344
0.0343
0.0287
0.041800000000000004
0.18130000000000002
0.1592
0.0581
0.0621
0.0568
0.067
0.0661
0.07239999999999999
0.0848
0.0744
0.0682
0.0743
0.1571
0.2122
0.1718
0.091
0.0499
5.2175
4.1032
0.7812
0.1651
0.0944
0.09
0.08660000000000001
0.08130000000000001
0.073
0.0576
0.07020000000000001
0.10089999999999999
0.19
0.3033
0.1595
0.1598
0.3034
1.0623
0.47229999999999994
0.4348
0.3701
0.34240000000000004
0.299
0.7886
0.027
0.4989
2.4551
2.0122
0.051699999999999996
0.0086
0.7027
0.0145
0.1208
0.1675
0.17170000000000002
0.18830000000000002
0.1802
0.1799
0.1864
0.1599
0.0895
0.0781
0.4524
0.09720000000000001
0.0156
0.0
0.0
0.0077
5.0202
5.0697
5.044499999999999
5.1347000000000005
3.718
0.1046
0.0956
0.156
0.155
0.1049
0.094
0.0741
0.07600000000000001
0.0733
0.0814
0.0783
0.1264
0.33699999999999997
0.8195999999999999
1.4181
0.5429999999999999
0.2645
0.208
2.2706
3.4086
4.3498
1.1186
0.24380000000000002
0.0434
0.0195
0.0339
0.0429
0.0761
0.086
0.0805
0.0682
0.0421
0.0458
0.0217
0.0108
0.0
1.1761
0.1184
0.0817
0.0847
0.4061
2.6704999999999997
1.7675
5.2771
3.8842999999999996
1.7875
0.1481
0.0132
0.0174
0.0057
0.026
0.036000000000000004
0.0507
0.0487
0.0238
0.0246
0.0388
0.0376
0.0347
0.031299999999999994
0.0377
0.0628
0.0788
0.9247000000000001
0.1007
0.0
0.8841
0.5681
4.5197
4.6661
4.6705
4.8887
5.2713
0.6468
0.1531
0.0011
0.4959
1.6521
1.6226
0.47629999999999995
0.3892
0.5125
1.8179999999999998
2.5578000000000003
2.343
2.7596999999999996
2.7415000000000003
2.4873
2.2606
2.4737999999999998
6.1668
0.0317
0.0312
0.0327
0.0344
0.0343
0.0287
0.041800000000000004
0.18130000000000002
0.1592
0.0581
0.0621
0.0568
0.067
0.0661
0.07239999999999999
0.0848
0.0744
0.0682
0.0743
0.1571
0.2122
0.1718
0.091
0.0499
5.2175
4.1032
0.7812
0.1651
0.0944
0.09
0.08660000000000001
0.08130000000000001
0.073
0.0576
0.07020000000000001
0.10089999999999999
0.19
0.3033
0.1595
0.1598
0.3034
1.0623
0.47229999999999994
0.4348
0.3701
0.34240000000000004
0.299
0.7886
0.027
0.4989
2.4551
2.0122
0.051699999999999996
0.0086
0.7027
0.0145
0.1208
0.1675
0.17170000000000002
0.18830000000000002
0.1802
0.1799
0.1864
0.1599
0.0895
0.0781
0.4524
0.09720000000000001
0.0156
0.0
0.0
0.0077
5.0202
5.0697
5.044499999999999
5.1347000000000005
3.718
0.1046
0.0956
0.156
0.155
0.1049
0.094
0.0741
0.07600000000000001
0.0733
0.0814
0.0783
0.1264
0.33699999999999997
0.8195999999999999
1.4181
0.5429999999999999
0.2645
0.208
2.2706
3.4086
4.3498
1.1186
0.24380000000000002
0.0434
0.0195
0.0339
0.0429
0.0761
0.086
0.0805
0.0682
0.0421
0.0458
0.0217
0.0108
0.0
1.1761
0.1184
0.0817
0.0847
0.4061
2.6704999999999997
1.7675
0.1132
0.0994
0.08879999999999999
0.1001
0.1017
0.0875
0.11359999999999999
3.5667
1.314
0.0
0.1705
0.39690000000000003
0.5119
0.5551
0.5660999999999999
0.1416
0.13240000000000002
1.0582
0.19840000000000002
0.2121
0.032
0.0
0.0
0.0
3.0884
5.015
4.8721
4.6782
2.0258000000000003
0.2295
0.0981
2.1151
0.587
0.2717
0.1294
0.09409999999999999
0.10500000000000001
0.07830000000000001
0.10999999999999999
0.29410000000000003
0.2131
0.3138
0.4111
0.5779
0.7684
0.5857
0.427
0.2952
0.9207
4.0688
5.0369
2.3891999999999998
1.2488000000000001
0.7384
0.483
0.3439
0.24520000000000003
0.1794
0.15810000000000002
0.1522
0.1411
0.12980000000000003
0.14750000000000002
0.22970000000000002
1.4227
0.24059999999999998
0.1674
0.1275
0.126
0.1558
0.6921999999999999
1.3315
1.0398
0.2353
0.1859
0.1885
0.1865
0.2959
0.8118
0.3685
0.28059999999999996
0.25880000000000003
0.2586
0.2495
0.2299
0.19440000000000002
0.19290000000000002
0.16820000000000002
0.9705
0.5383
0.10010000000000001
0.1276
0.1051
0.048
0.047299999999999995
0.4872
0.17609999999999998
0.19
0.2022
0.2245
0.2203
0.2294
0.2146
0.17170000000000002
0.1756
0.1288
0.0653
0.024399999999999998
0.021
0.015200000000000002
0.0205
0.014199999999999999
0.060700000000000004
0.2306
0.0817
0.1149
0.1404
0.1384
0.1518
0.1727
0.0321
0.032
0.0322
0.0316
0.034
0.035500000000000004
0.028499999999999998
0.0248
0.0207
0.0241
0.020700000000000003
0.024300000000000002
0.026500000000000003
0.0266
0.0279
0.030600000000000002
0.0293
0.0324
0.027800000000000002
0.0279
0.0258
0.0247
0.033
0.042800000000000005
2.9130000000000003
2.1082
1.4506999999999999
0.6251
0.442
0.3685
0.32010000000000005
0.4494
0.4667
0.2168
0.1086
0.07020000000000001
0.0636
0.05979999999999999
0.0681
0.1661
0.2893
0.36970000000000003
0.4818
0.6677
0.8001
0.714
0.6225
1.1574
0.1132
0.0994
0.08879999999999999
0.1001
0.1017
0.0875
0.11359999999999999
3.5667
1.314
0.0
0.1705
0.39690000000000003
0.5119
0.5551
0.5660999999999999
0.1416
0.13240000000000002
1.0582
0.19840000000000002
0.2121
0.032
0.0
0.0
0.0
3.0884
5.015
4.8721
4.6782
2.0258000000000003
0.2295
0.0981
2.1151
0.587
0.2717
0.1294
0.09409999999999999
0.10500000000000001
0.07830000000000001
0.10999999999999999
0.29410000000000003
0.2131
0.3138
0.4111
0.5779
0.7684
0.5857
0.427
0.2952
0.9207
4.0688
5.0369
2.3891999999999998
1.2488000000000001
0.7384
0.483
0.3439
0.24520000000000003
0.1794
0.15810000000000002
0.1522
0.1411
0.12980000000000003
0.14750000000000002
0.22970000000000002
1.4227
0.24059999999999998
0.1674
0.1275
0.126
0.1558
0.6921999999999999
1.3315
1.0398
0.2353
0.1859
0.1885
0.1865
0.2959
0.8118
0.3685
0.28059999999999996
0.25880000000000003
0.2586
0.2495
0.2299
0.19440000000000002
0.19290000000000002
0.16820000000000002
0.9705
0.5383
0.10010000000000001
0.1276
0.1051
0.048
0.047299999999999995
0.4872
0.17609999999999998
0.19
0.2022
0.2245
0.2203
0.2294
0.2146
0.17170000000000002
0.1756
0.1288
0.0653
0.024399999999999998
0.021
0.015200000000000002
0.0205
0.014199999999999999
0.060700000000000004
0.2306
0.0817
0.1149
0.1404
0.1384
0.1518
0.1727
0.0321
0.032
0.0322
0.0316
0.034
0.035500000000000004
0.028499999999999998
0.0248
0.0207
0.0241
0.020700000000000003
0.024300000000000002
0.026500000000000003
0.0266
0.0279
0.030600000000000002
0.0293
0.0324
0.027800000000000002
0.0279
0.0258
0.0247
0.033
0.042800000000000005
2.9130000000000003
2.1082
1.4506999999999999
0.6251
0.442
0.3685
0.32010000000000005
0.4494
0.4667
0.2168
0.1086
0.07020000000000001
0.0636
0.05979999999999999
0.0681
0.1661
0.2893
0.36970000000000003
0.4818
0.6677
0.8001
0.714
0.6225
1.1574
0.1132
0.0994
0.08879999999999999
0.1001
0.1017
0.0875
0.11359999999999999
3.5667
1.314
0.0
0.1705
0.39690000000000003
0.5119
0.5551
0.5660999999999999
0.1416
0.13240000000000002
1.0582
0.19840000000000002
0.2121
0.032
0.0
0.0
0.0
3.0884
5.015
4.8721
4.6782
2.0258000000000003
0.2295
0.0981
2.1151
0.587
0.2717
0.1294
0.09409999999999999
0.10500000000000001
0.07830000000000001
0.10999999999999999
0.29410000000000003
0.2131
0.3138
0.4111
0.5779
0.7684
0.5857
0.427
0.2952
0.9207
4.0688
5.0369
2.3891999999999998
1.2488000000000001
0.7384
0.483
0.3439
0.24520000000000003
0.1794
0.15810000000000002
0.1522
0.1411
0.12980000000000003
0.14750000000000002
0.22970000000000002
1.4227
0.24059999999999998
0.1674
0.1275
0.126
0.1558
0.6921999999999999
1.3315
1.0398
0.2353
0.1859
0.1885
0.1865
0.2959
0.8118
0.3685
0.28059999999999996
0.25880000000000003
0.2586
0.2495
0.2299
0.19440000000000002
0.19290000000000002
0.16820000000000002
0.9705
0.5383
0.10010000000000001
0.1276
0.1051
0.048
0.047299999999999995
0.4872
0.17609999999999998
0.19
0.2022
0.2245
0.2203
0.2294
0.2146
0.17170000000000002
0.1756
0.1288
0.0653
0.024399999999999998
0.021
0.015200000000000002
0.0205
0.014199999999999999
0.060700000000000004
0.2306
0.0817
0.1149
0.1404
0.1384
0.1518
0.1727
0.0321
0.032
0.0322
0.0316
0.034
0.035500000000000004
0.028499999999999998
0.0248
0.0207
0.0241
0.020700000000000003
0.024300000000000002
0.026500000000000003
0.0266
0.0279
0.030600000000000002
0.0293
0.0324
0.027800000000000002
0.0279
0.0258
0.0247
0.033
0.042800000000000005
2.9130000000000003
2.1082
1.4506999999999999
0.6251
0.442
0.3685
0.32010000000000005
0.4494
0.4667
0.2168
0.1086
0.07020000000000001
0.0636
0.05979999999999999
0.0681
0.1661
0.2893
0.36970000000000003
0.4818
0.6677
0.8001
0.714
0.6225
1.1574
0.1132
0.0994
0.08879999999999999
0.1001
0.1017
0.0875
0.11359999999999999
3.5667
1.314
0.0
0.1705
0.39690000000000003
0.5119
0.5551
0.5660999999999999
0.1416
0.13240000000000002
1.0582
0.19840000000000002
0.2121
0.032
0.0
0.0
0.0
3.0884
5.015
4.8721
4.6782
2.0258000000000003
0.2295
0.0981
2.1151
0.587
0.2717
0.1294
0.09409999999999999
0.10500000000000001
0.07830000000000001
0.10999999999999999
0.29410000000000003
0.2131
0.3138
0.4111
0.5779
0.7684
0.5857
0.427
0.2952
0.9207
4.0688
5.0369
2.3891999999999998
1.2488000000000001
0.7384
0.483
0.3439
0.24520000000000003
0.1794
0.15810000000000002
0.1522
0.1411
0.12980000000000003
0.14750000000000002
0.22970000000000002
1.4227
0.24059999999999998
0.1674
0.1275
0.126
0.1558
0.6921999999999999
1.3315
1.0398
0.2353
0.1859
0.1885
0.1865
0.2959
0.8118
0.3685
0.28059999999999996
0.25880000000000003
0.2586
0.2495
0.2299
0.19440000000000002
0.19290000000000002
0.16820000000000002
0.9705
0.5383
0.10010000000000001
0.1276
0.1051
0.048
0.047299999999999995
0.4872
0.17609999999999998
0.19
0.2022
0.2245
0.2203
0.2294
0.2146
0.17170000000000002
0.1756
0.1288
0.0653
0.024399999999999998
0.021
0.015200000000000002
0.0205
0.014199999999999999
0.060700000000000004
0.2306
0.0817
0.1149
0.1404
0.1384
0.1518
0.1727
0.0321
0.032
0.0322
0.0316
0.034
0.035500000000000004
0.028499999999999998
0.0248
0.0207
0.0241
0.020700000000000003
0.024300000000000002
0.026500000000000003
0.0266
0.0279
0.030600000000000002
0.0293
0.0324
0.027800000000000002
0.0279
0.0258
0.0247
0.033
0.042800000000000005
2.9130000000000003
2.1082
1.4506999999999999
0.6251
0.442
0.3685
0.32010000000000005
0.4494
0.4667
0.2168
0.1086
0.07020000000000001
0.0636
0.05979999999999999
0.0681
0.1661
0.2893
0.36970000000000003
0.4818
0.6677
0.8001
0.714
0.6225
1.1574
0.1132
0.0994
0.08879999999999999
0.1001
0.1017
0.0875
0.11359999999999999
3.5667
1.314
0.0
0.1705
0.39690000000000003
0.5119
0.5551
0.5660999999999999
0.1416
0.13240000000000002
1.0582
0.19840000000000002
0.2121
0.032
0.0
0.0
0.0
3.0884
5.015
4.8721
4.6782
2.0258000000000003
0.2295
0.0981
2.1151
0.587
0.2717
0.1294
0.09409999999999999
0.10500000000000001
0.07830000000000001
0.10999999999999999
0.29410000000000003
0.2131
0.3138
0.4111
0.5779
0.7684
0.5857
0.427
0.2952
0.0219
0.0305
0.0196
0.0128
0.0129
0.22199999999999998
0.9665999999999999
0.036
0.052899999999999996
0.494
0.012799999999999999
0.0378
0.0334
0.0258
0.0416
0.043399999999999994
0.0374
0.0463
0.0171
0.0121
0.0458
0.0169
0.0772
0.11560000000000001
0.0143
0.0162
0.0154
0.0175
0.0231
0.027
0.0238
0.0127
0.0015
0.033299999999999996
0.0294
0.0338
0.028999999999999998
0.0252
0.0279
0.0166
0.0232
0.028499999999999998
0.0582
0.030199999999999998
0.0309
0.017
0.0224
0.0233
3.9627
1.8698
0.0
0.0
0.0
0.0
0.0
0.0
0.0
3.5136
0.1982
0.307
1.9494000000000002
0.09459999999999999
0.0
0.0
0.0
0.0
0.0
0.0
0.0
0.2248
6.8420000000000005
6.8776
2.8127
1.2837
0.36329999999999996
0.1707
0.034
0.0227
0.0364
0.0536
0.09559999999999999
0.07089999999999999
0.0601
0.052500000000000005
0.0351
0.0435
0.0288
0.0172
0.0083
0.5142
0.5707
0.2686
0.4034
0.9486
1.7125
1.6313
0.1079
0.089
0.0568
0.0371
0.0107
0.2526
1.5037
0.6847000000000001
0.44
0.252
1.3594000000000002
0.5362
0.0452
0.1335
1.0076
1.1674
0.24430000000000002
0.2482
0.7101
1.2001
0.7809
1.1197
0.4821
0.11599999999999999
1.1827
0.0
0.0885
0.4027
1.5657
0.5868
0.8977999999999999
0.1602
0.2321
0.3026
0.2468
0.24509999999999998
0.1466
0.2356
0.20429999999999998
0.20400000000000001
0.20090000000000002
0.2007
0.0513
2.9619
6.5899
6.241300000000001
2.3004
0.0
2.5403000000000002
2.4844999999999997
2.3525
0.7702
0.1281
0.1109
0.0839
0.1218
0.2112
0.23120000000000002
0.2238
0.1432
0.1153
0.0892
0.0901
0.1444
0.26130000000000003
0.6475
1.6564999999999999
0.9784999999999999
0.6917
0.7091000000000001
0.9319000000000001
2.158
0.0219
0.0305
0.0196
0.0128
0.0129
0.22199999999999998
0.9665999999999999
0.036
0.052899999999999996
0.494
0.012799999999999999
0.0378
0.0334
0.0258
0.0416
0.043399999999999994
0.0374
0.0463
0.0171
0.0121
0.0458
0.0169
0.0772
0.11560000000000001
0.0143
0.0162
0.0154
0.0175
0.0231
0.027
0.0238
0.0127
0.0015
0.033299999999999996
0.0294
0.0338
0.028999999999999998
0.0252
0.0279
0.0166
0.0232
0.028499999999999998
0.0582
0.030199999999999998
0.0309
0.017
0.0224
0.0233
3.9627
1.8698
0.0
0.0
0.0
0.0
0.0
0.0
0.0
3.5136
0.1982
0.307
1.9494000000000002
0.09459999999999999
0.0
0.0
0.0
0.0
0.0
0.0
0.0
0.2248
6.8420000000000005
6.8776
2.8127
1.2837
0.36329999999999996
0.1707
0.034
0.0227
0.0364
0.0536
0.09559999999999999
0.07089999999999999
0.0601
0.052500000000000005
0.0351
0.0435
0.0288
0.0172
0.0083
0.5142
0.5707
0.2686
0.4034
0.9486
1.7125
1.6313
0.1079
0.089
0.0568
0.0371
0.0107
0.2526
1.5037
0.6847000000000001
0.44
0.252
1.3594000000000002
0.5362
0.0452
0.1335
1.0076
1.1674
0.24430000000000002
0.2482
0.7101
1.2001
0.7809
1.1197
0.4821
0.11599999999999999
1.1827
0.0
0.0885
0.4027
1.5657
0.5868
0.8977999999999999
0.1602
0.2321
0.3026
0.2468
0.24509999999999998
0.1466
0.2356
0.20429999999999998
0.20400000000000001
0.20090000000000002
0.2007
0.0513
2.9619
6.5899
6.241300000000001
2.3004
0.0
2.5403000000000002
2.4844999999999997
2.3525
0.7702
0.1281
0.1109
0.0839
0.1218
0.2112
0.23120000000000002
0.2238
0.1432
0.1153
0.0892
0.0901
0.1444
0.26130000000000003
0.6475
1.6564999999999999
0.9784999999999999
0.6917
0.7091000000000001
0.9319000000000001
2.158
0.0219
0.0305
0.0196
0.0128
0.0129
0.22199999999999998
0.9665999999999999
0.036
0.052899999999999996
0.494
0.012799999999999999
0.0378
0.0334
0.0258
0.0416
0.043399999999999994
0.0374
0.0463
0.0171
0.0121
0.0458
0.0169
0.0772
0.11560000000000001
0.0143
0.0162
0.0154
0.0175
0.0231
0.027
0.0238
0.0127
0.0015
0.033299999999999996
0.0294
0.0338
0.028999999999999998
0.0252
0.0279
0.0166
0.0232
0.028499999999999998
0.0582
0.030199999999999998
0.0309
0.017
0.0224
0.0233
3.9627
1.8698
0.0
0.0
0.0
0.0
0.0
0.0
0.0
3.5136
0.1982
0.307
1.9494000000000002
0.09459999999999999
0.0
0.0
0.0
0.0
0.0
0.0
0.0
0.2248
6.8420000000000005
6.8776
2.8127
1.2837
0.36329999999999996
0.1707
0.034
0.0227
0.0364
0.0536
0.09559999999999999
0.07089999999999999
0.0601
0.052500000000000005
0.0351
0.0435
0.0288
0.0172
0.0083
0.5142
0.5707
0.2686
0.4034
0.9486
1.7125
1.6313
0.1079
0.089
0.0568
0.0371
0.0107
0.2526
1.5037
0.6847000000000001
0.44
0.252
1.3594000000000002
0.5362
0.0452
0.1335
1.0076
1.1674
0.24430000000000002
0.2482
0.7101
1.2001
0.7809
1.1197
0.4821
0.11599999999999999
1.1827
0.0
0.0885
0.4027
1.5657
0.5868
0.8977999999999999
0.1602
0.2321
0.3026
0.2468
0.24509999999999998
0.1466
0.2356
0.20429999999999998
0.20400000000000001
0.20090000000000002
0.2007
0.0513
2.9619
6.5899
6.241300000000001
2.3004
0.0
2.5403000000000002
2.4844999999999997
2.3525
0.7702
0.1281
0.1109
0.0839
0.1218
0.2112
0.23120000000000002
0.2238
0.1432
0.1153
0.0892
0.0901
0.1444
0.26130000000000003
0.6475
1.6564999999999999
0.9784999999999999
0.6917
0.7091000000000001
0.9319000000000001
2.158
0.0219
0.0305
0.0196
0.0128
0.0129
0.22199999999999998
0.9665999999999999
0.036
0.052899999999999996
0.494
0.012799999999999999
0.0378
0.0334
0.0258
0.0416
0.043399999999999994
0.0374
0.0463
0.0171
0.0121
0.0458
0.0169
0.0772
0.11560000000000001
0.0143
0.0162
0.0154
0.0175
0.0231
0.027
0.0238
0.0127
0.0015
0.033299999999999996
0.0294
0.0338
0.028999999999999998
0.0252
0.0279
0.0166
0.0232
0.028499999999999998
0.0582
0.030199999999999998
0.0309
0.017
0.0224
0.0233
3.9627
1.8698
0.0
0.0
0.0
0.0
0.0
0.0
0.0
3.5136
0.1982
0.307
1.9494000000000002
0.09459999999999999
0.0
0.0
0.0
0.0
0.0
0.0
0.0
0.2248
6.8420000000000005
6.8776
2.8127
1.2837
0.36329999999999996
0.1707
0.034
0.0227
0.0364
0.0536
0.09559999999999999
0.07089999999999999
0.0601
0.052500000000000005
0.0351
0.0435
0.0288
0.0172
0.0083
0.5142
0.5707
0.2686
0.4034
0.9486
1.7125
1.6313
0.1079
0.089
0.0568
0.0371
0.0107
0.2526
1.5037
0.6847000000000001
0.44
0.252
1.3594000000000002
0.5362
0.0452
0.1335
1.0076
1.1674
0.24430000000000002
0.2482
0.7101
1.2001
0.7809
1.1197
0.4821
0.11599999999999999
1.1827
0.0
0.0885
0.4027
1.5657
0.5868
0.8977999999999999
0.1602
0.2321
0.3026
0.2468
0.24509999999999998
0.1466
0.2356
0.20429999999999998
0.20400000000000001
0.20090000000000002
0.2007
0.0513
2.9619
6.5899
6.241300000000001
2.3004
0.0
2.5403000000000002
2.4844999999999997
2.3525
0.7702
0.1281
0.1109
0.0839
0.1218
0.2112
0.23120000000000002
0.2238
0.1432
0.1153
0.0892
0.0901
0.1444
0.26130000000000003
0.6475
1.6564999999999999
0.9784999999999999
0.6917
0.7091000000000001
0.9319000000000001
2.158
0.0219
0.0305
0.0196
0.0128
0.0129
0.22199999999999998
0.9665999999999999
0.036
0.052899999999999996
0.494
0.012799999999999999
0.0378
0.0334
0.0258
0.0416
0.043399999999999994
0.0374
0.0463
0.0171
0.0121
0.0458
0.0169
0.0772
0.11560000000000001
0.0143
0.0162
0.0154
0.0175
0.0231
0.027
0.0238
0.0127
0.0015
0.033299999999999996
0.0294
0.0338
0.028999999999999998
0.0252
0.0279
0.0166
0.0232
0.028499999999999998
0.0582
0.030199999999999998
0.0309
0.017
0.0224
0.0233
3.9627
1.8698
0.0
0.0
0.0
0.0
0.0
0.0
0.0
3.5136
0.1982
0.307
1.9494000000000002
0.09459999999999999
0.0
0.0
0.0
0.0
0.0
0.0
0.0
0.2248
6.8420000000000005
6.8776
1.2993999999999999
1.9777
2.0042
2.0770999999999997
2.1332
2.0385
0.08560000000000001
0.1644
0.15589999999999998
0.1048
0.09079999999999999
0.0509
0.0456
0.0338
0.0312
0.0829
0.2972
0.3492
0.47309999999999997
0.6196999999999999
0.6935
0.6554
0.5788
0.5213000000000001
0.6924
2.5225
2.7469
3.3423
2.1976
0.0014
0.9298
0.0
0.0748
0.0889
0.0879
0.0853
0.069
0.0637
0.0802
0.08299999999999999
0.058800000000000005
0.0714
0.1592
0.0742
0.1453
0.07819999999999999
0.033
0.0491
0.0866
0.0949
0.1006
0.09390000000000001
0.0794
0.0654
0.0469
0.051300000000000005
0.0103
0.042300000000000004
0.0453
0.051000000000000004
0.0453
0.049
0.0516
0.0448
0.050600000000000006
0.0412
0.0257
0.0112
0.0097
0.0061
0.016399999999999998
0.026500000000000003
3.9307
3.7935
4.0585
2.2439
0.33340000000000003
0.7898000000000001
0.11120000000000001
0.0115
0.0142
0.024399999999999998
0.0271
0.0172
0.014499999999999999
0.0168
0.0059
0.0
0.32280000000000003
0.0132
0.019
0.0199
0.0042
0.0014
0.0
2.1749
2.9167
5.526
4.6333
0.5126999999999999
0.2232
0.1748
0.375
0.5831
0.0533
0.024300000000000002
0.037099999999999994
0.0337
0.0223
0.0339
0.0332
0.0131
0.003
0.0176
0.2469
1.0617
1.0697
1.272
0.9133
0.7
0.0772
0.0858
0.0858
0.0752
0.08180000000000001
0.0776
0.0452
0.1781
0.0007
0.018099999999999998
0.0154
0.0169
0.0269
0.024300000000000002
0.0234
0.009699999999999999
0.0259
0.0271
0.001
0.0294
0.0344
0.0317
0.0341
0.0401
0.1187
0.1265
0.10880000000000001
0.0954
0.124
1.8197
0.2297
0.1849
0.37139999999999995
0.7241000000000001
0.15949999999999998
0.1324
0.1239
0.1802
0.273
0.7246
0.1658
0.7103
0.43400000000000005
0.0
0.0
0.0231
0.2623
0.5826
1.2993999999999999
1.9777
2.0042
2.0770999999999997
2.1332
2.0385
0.08560000000000001
0.1644
0.15589999999999998
0.1048
0.09079999999999999
0.0509
0.0456
0.0338
0.0312
0.0829
0.2972
0.3492
0.47309999999999997
0.6196999999999999
0.6935
0.6554
0.5788
0.5213000000000001
0.6924
2.5225
2.7469
3.3423
2.1976
0.0014
0.9298
0.0
0.0748
0.0889
0.0879
0.0853
0.069
0.0637
0.0802
0.08299999999999999
0.058800000000000005
0.0714
0.1592
0.0742
0.1453
0.07819999999999999
0.033
0.0491
0.0866
0.0949
0.1006
0.09390000000000001
0.0794
0.0654
0.0469
0.051300000000000005
0.0103
0.042300000000000004
0.0453
0.051000000000000004
0.0453
0.049
0.0516
0.0448
0.050600000000000006
0.0412
0.0257
0.0112
0.0097
0.0061
0.016399999999999998
0.026500000000000003
3.9307
3.7935
4.0585
2.2439
0.33340000000000003
0.7898000000000001
0.11120000000000001
0.0115
0.0142
0.024399999999999998
0.0271
0.0172
0.014499999999999999
0.0168
0.0059
0.0
0.32280000000000003
0.0132
0.019
0.0199
0.0042
0.0014
0.0
2.1749
2.9167
5.526
4.6333
0.5126999999999999
0.2232
0.1748
0.375
0.5831
0.0533
0.024300000000000002
0.037099999999999994
0.0337
0.0223
0.0339
0.0332
0.0131
0.003
0.0176
0.2469
1.0617
1.0697
1.272
0.9133
0.7
0.0772
0.0858
0.0858
0.0752
0.08180000000000001
0.0776
0.0452
0.1781
0.0007
0.018099999999999998
0.0154
0.0169
0.0269
0.024300000000000002
0.0234
0.009699999999999999
0.0259
0.0271
0.001
0.0294
0.0344
0.0317
0.0341
0.0401
0.1187
0.1265
0.10880000000000001
0.0954
0.124
1.8197
0.2297
0.1849
0.37139999999999995
0.7241000000000001
0.15949999999999998
0.1324
0.1239
0.1802
0.273
0.7246
0.1658
0.7103
0.43400000000000005
0.0
0.0
0.0231
0.2623
0.5826
1.2993999999999999
1.9777
2.0042
2.0770999999999997
2.1332
2.0385
0.08560000000000001
0.1644
0.15589999999999998
0.1048
0.09079999999999999
0.0509
0.0456
0.0338
0.0312
0.0829
0.2972
0.3492
0.47309999999999997
0.6196999999999999
0.6935
0.6554
0.5788
0.5213000000000001
0.6924
2.5225
2.7469
3.3423
2.1976
0.0014
0.9298
0.0
0.0748
0.0889
0.0879
0.0853
0.069
0.0637
0.0802
0.08299999999999999
0.058800000000000005
0.0714
0.1592
0.0742
0.1453
0.07819999999999999
0.033
0.0491
0.0866
0.0949
0.1006
0.09390000000000001
0.0794
0.0654
0.0469
0.051300000000000005
0.0103
0.042300000000000004
0.0453
0.051000000000000004
0.0453
0.049
0.0516
0.0448
0.050600000000000006
0.0412
0.0257
0.0112
0.0097
0.0061
0.016399999999999998
0.026500000000000003
3.9307
3.7935
4.0585
2.2439
0.33340000000000003
0.7898000000000001
0.11120000000000001
0.0115
0.0142
0.024399999999999998
0.0271
0.0172
0.014499999999999999
0.0168
0.0059
0.0
0.32280000000000003
0.0132
0.019
0.0199
0.0042
0.0014
0.0
2.1749
2.9167
5.526
4.6333
0.5126999999999999
0.2232
0.1748
0.375
0.5831
0.0533
0.024300000000000002
0.037099999999999994
0.0337
0.0223
0.0339
0.0332
0.0131
0.003
0.0176
0.2469
1.0617
1.0697
1.272
0.9133
0.7
0.0772
0.0858
0.0858
0.0752
0.08180000000000001
0.0776
0.0452
0.1781
0.0007
0.018099999999999998
0.0154
0.0169
0.0269
0.024300000000000002
0.0234
0.009699999999999999
0.0259
0.0271
0.001
0.0294
0.0344
0.0317
0.0341
0.0401
0.1187
0.1265
0.10880000000000001
0.0954
0.124
1.8197
0.2297
0.1849
0.37139999999999995
0.7241000000000001
0.15949999999999998
0.1324
0.1239
0.1802
0.273
0.7246
0.1658
0.7103
0.43400000000000005
0.0
0.0
0.0231
0.2623
0.5826
1.2993999999999999
1.9777
2.0042
2.0770999999999997
2.1332
2.0385
0.08560000000000001
0.1644
0.15589999999999998
0.1048
0.09079999999999999
0.0509
0.0456
0.0338
0.0312
0.0829
0.2972
0.3492
0.47309999999999997
0.6196999999999999
0.6935
0.6554
0.5788
0.5213000000000001
0.6924
2.5225
2.7469
3.3423
2.1976
0.0014
0.9298
0.0
0.0748
0.0889
0.0879
0.0853
0.069
0.0637
0.0802
0.08299999999999999
0.058800000000000005
0.0714
0.1592
0.0742
0.1453
0.07819999999999999
0.033
0.0491
0.0866
0.0949
0.1006
0.09390000000000001
0.0794
0.0654
0.0469
0.051300000000000005
0.0103
0.042300000000000004
0.0453
0.051000000000000004
0.0453
0.049
0.0516
0.0448
0.050600000000000006
0.0412
0.0257
0.0112
0.0097
0.0061
0.016399999999999998
0.026500000000000003
3.9307
3.7935
4.0585
2.2439
0.33340000000000003
0.7898000000000001
0.11120000000000001
0.0115
0.0142
0.024399999999999998
0.0271
0.0172
0.014499999999999999
0.0168
0.0059
0.0
0.32280000000000003
0.0132
0.019
0.0199
0.0042
0.0014
0.0
2.1749
2.9167
5.526
4.6333
0.5126999999999999
0.2232
0.1748
0.375
0.5831
0.0533
0.024300000000000002
0.037099999999999994
0.0337
0.0223
0.0339
0.0332
0.0131
0.003
0.0176
0.2469
1.0617
1.0697
1.272
0.9133
0.7
0.0772
0.0858
0.0858
0.0752
0.08180000000000001
0.0776
0.0452
0.1781
0.0007
0.018099999999999998
0.0154
0.0169
0.0269
0.024300000000000002
0.0234
0.009699999999999999
0.0259
0.0271
0.001
0.0294
0.0344
0.0317
0.0341
0.0401
0.1187
0.1265
0.10880000000000001
0.0954
0.124
1.8197
0.2297
0.1849
0.37139999999999995
0.7241000000000001
0.15949999999999998
0.1324
0.1239
0.1802
0.273
0.7246
0.1658
0.7103
0.43400000000000005
0.0
0.0
0.0231
0.2623
0.5826
1.2993999999999999
1.9777
2.0042
2.0770999999999997
2.1332
2.0385
0.08560000000000001
0.1644
0.15589999999999998
0.1048
0.09079999999999999
0.0509
0.0456
0.0338
0.0312
0.0829
0.2972
0.3492
0.47309999999999997
0.6196999999999999
0.6935
0.6554
0.5788
0.5213000000000001
0.6924
2.5225
2.7469
3.3423
2.1976
0.0014
0.9298
0.0
0.0748
0.0889
0.0879
0.0853
0.069
0.0637
0.0802
0.08299999999999999
0.058800000000000005
0.0714
0.1592
0.0742
0.1453
0.07819999999999999
0.033
0.0491
0.077
0.0
0.0
0.0
0.0
0.0
0.0
0.0
0.0
0.0
0.0
0.0
0.0041
1.0974
2.2436
0.0
0.0
0.0
0.7117
0.0656
0.2336
0.0248
0.0
0.2797
2.8673
1.625
0.6496999999999999
0.3923
0.30610000000000004
0.2288
0.2077
0.3387
0.4477
0.217
0.0762
0.0434
0.030199999999999998
0.0298
0.0409
0.0789
0.1381
0.4499
0.9187
0.42300000000000004
0.3902
0.3882
0.5035
0.5567
3.666
4.9472000000000005
4.4551
1.1942
0.6866000000000001
1.1041
0.4425
0.1335
0.0882
0.0806
0.0739
0.0603
0.0626
0.0741
0.1116
0.136
0.24369999999999997
0.6376999999999999
0.8653
1.1074
1.2292
1.1219000000000001
0.8538
0.7243999999999999
2.5263
2.1163
2.0402
1.3896000000000002
0.2741
0.1775
0.094
0.0909
0.068
0.0574
0.050699999999999995
0.0451
0.047
0.038400000000000004
0.0436
0.047799999999999995
0.0727
0.3359
0.4658
0.4896
0.54
0.5183
0.4619
2.0963000000000003
0.8541
0.8433999999999999
0.8477
0.7695000000000001
0.3149
0.19779999999999998
0.0465
0.0441
0.0349
0.028200000000000003
0.0205
0.0097
0.0007
0.08249999999999999
1.0029
0.6547000000000001
0.6948
0.45330000000000004
0.37929999999999997
0.3863
0.4052
0.395
0.4416
1.9623
6.473000000000001
6.852
5.6147
0.1041
0.0181
0.0
0.0163
0.035500000000000004
0.044899999999999995
0.0424
0.042800000000000005
0.039900000000000005
0.0187
0.016300000000000002
0.0117
0.068
0.2005
0.4338
0.1573
0.1623
0.2697
0.9977
1.4156
0.6743
0.15439999999999998
0.1523
0.1482
0.1441
0.1325
0.0978
0.06459999999999999
0.2189
0.1031
0.08180000000000001
0.0595
0.0502
0.0464
0.0421
0.0444
0.0591
0.0659
0.060700000000000004
0.09140000000000001
0.18369999999999997
0.2375
0.2482
0.2069
0.1758
0.077
0.0
0.0
0.0
0.0
0.0
0.0
0.0
0.0
0.0
0.0
0.0
0.0041
1.0974
2.2436
0.0
0.0
0.0
0.7117
0.0656
0.2336
0.0248
0.0
0.2797
2.8673
1.625
0.6496999999999999
0.3923
0.30610000000000004
0.2288
0.2077
0.3387
0.4477
0.217
0.0762
0.0434
0.030199999999999998
0.0298
0.0409
0.0789
0.1381
0.4499
0.9187
0.42300000000000004
0.3902
0.3882
0.5035
0.5567
3.666
4.9472000000000005
4.4551
1.1942
0.6866000000000001
1.1041
0.4425
0.1335
0.0882
0.0806
0.0739
0.0603
0.0626
0.0741
0.1116
0.136
0.24369999999999997
0.6376999999999999
0.8653
1.1074
1.2292
1.1219000000000001
0.8538
0.7243999999999999
2.5263
2.1163
2.0402
1.3896000000000002
0.2741
0.1775
0.094
0.0909
0.068
0.0574
0.050699999999999995
0.0451
0.047
0.038400000000000004
0.0436
0.047799999999999995
0.0727
0.3359
0.4658
0.4896
0.54
0.5183
0.4619
2.0963000000000003
0.8541
0.8433999999999999
0.8477
0.7695000000000001
0.3149
0.19779999999999998
0.0465
0.0441
0.0349
0.028200000000000003
0.0205
0.0097
0.0007
0.08249999999999999
1.0029
0.6547000000000001
0.6948
0.45330000000000004
0.37929999999999997
0.3863
0.4052
0.395
0.4416
1.9623
6.473000000000001
6.852
5.6147
0.1041
0.0181
0.0
0.0163
0.035500000000000004
0.044899999999999995
0.0424
0.042800000000000005
0.039900000000000005
0.0187
0.016300000000000002
0.0117
0.068
0.2005
0.4338
0.1573
0.1623
0.2697
0.9977
1.4156
0.6743
0.15439999999999998
0.1523
0.1482
0.1441
0.1325
0.0978
0.06459999999999999
0.2189
0.1031
0.08180000000000001
0.0595
0.0502
0.0464
0.0421
0.0444
0.0591
0.0659
0.060700000000000004
0.09140000000000001
0.18369999999999997
0.2375
0.2482
0.2069
0.1758
0.077
0.0
0.0
0.0
0.0
0.0
0.0
0.0
0.0
0.0
0.0
0.0
0.0041
1.0974
2.2436
0.0
0.0
0.0
0.7117
0.0656
0.2336
0.0248
0.0
0.2797
2.8673
1.625
0.6496999999999999
0.3923
0.30610000000000004
0.2288
0.2077
0.3387
0.4477
0.217
0.0762
0.0434
0.030199999999999998
0.0298
0.0409
0.0789
0.1381
0.4499
0.9187
0.42300000000000004
0.3902
0.3882
0.5035
0.5567
3.666
4.9472000000000005
4.4551
1.1942
0.6866000000000001
1.1041
0.4425
0.1335
0.0882
0.0806
0.0739
0.0603
0.0626
0.0741
0.1116
0.136
0.24369999999999997
0.6376999999999999
0.8653
1.1074
1.2292
1.1219000000000001
0.8538
0.7243999999999999
2.5263
2.1163
2.0402
1.3896000000000002
0.2741
0.1775
0.094
0.0909
0.068
0.0574
0.050699999999999995
0.0451
0.047
0.038400000000000004
0.0436
0.047799999999999995
0.0727
0.3359
0.4658
0.4896
0.54
0.5183
0.4619
2.0963000000000003
0.8541
0.8433999999999999
0.8477
0.7695000000000001
0.3149
0.19779999999999998
0.0465
0.0441
0.0349
0.028200000000000003
0.0205
0.0097
0.0007
0.08249999999999999
1.0029
0.6547000000000001
0.6948
0.45330000000000004
0.37929999999999997
0.3863
0.4052
0.395
0.4416
1.9623
6.473000000000001
6.852
5.6147
0.1041
0.0181
0.0
0.0163
0.035500000000000004
0.044899999999999995
0.0424
0.042800000000000005
0.039900000000000005
0.0187
0.016300000000000002
0.0117
0.068
0.2005
0.4338
0.1573
0.1623
0.2697
0.9977
1.4156
0.6743
0.15439999999999998
0.1523
0.1482
0.1441
0.1325
0.0978
0.06459999999999999
0.2189
0.1031
0.08180000000000001
0.0595
0.0502
0.0464
0.0421
0.0444
0.0591
0.0659
0.060700000000000004
0.09140000000000001
0.18369999999999997
0.2375
0.2482
0.2069
0.1758
0.077
0.0
0.0
0.0
0.0
0.0
0.0
0.0
0.0
0.0
0.0
0.0
0.0041
1.0974
2.2436
0.0
0.0
0.0
0.7117
0.0656
0.2336
0.0248
0.0
0.2797
2.8673
1.625
0.6496999999999999
0.3923
0.30610000000000004
0.2288
0.2077
0.3387
0.4477
0.217
0.0762
0.0434
0.030199999999999998
0.0298
0.0409
0.0789
0.1381
0.4499
0.9187
0.42300000000000004
0.3902
0.3882
0.5035
0.5567
3.666
4.9472000000000005
4.4551
1.1942
0.6866000000000001
1.1041
0.4425
0.1335
0.0882
0.0806
0.0739
0.0603
0.0626
0.0741
0.1116
0.136
0.24369999999999997
0.6376999999999999
0.8653
1.1074
1.2292
1.1219000000000001
0.8538
0.7243999999999999
2.5263
2.1163
2.0402
1.3896000000000002
0.2741
0.1775
0.094
0.0909
0.068
0.0574
0.050699999999999995
0.0451
0.047
0.038400000000000004
0.0436
0.047799999999999995
0.0727
0.3359
0.4658
0.4896
0.54
0.5183
0.4619
2.0963000000000003
0.8541
0.8433999999999999
0.8477
0.7695000000000001
0.3149
0.19779999999999998
0.0465
0.0441
0.0349
0.028200000000000003
0.0205
0.0097
0.0007
0.08249999999999999
1.0029
0.6547000000000001
0.6948
0.45330000000000004
0.37929999999999997
0.3863
0.4052
0.395
0.4416
1.9623
6.473000000000001
6.852
5.6147
0.1041
0.0181
0.0
0.0163
0.035500000000000004
0.044899999999999995
0.0424
0.042800000000000005
0.039900000000000005
0.0187
0.016300000000000002
0.0117
0.068
0.2005
0.4338
0.1573
0.1623
0.2697
0.9977
1.4156
0.6743
0.15439999999999998
0.1523
0.1482
0.1441
0.1325
0.0978
0.06459999999999999
0.2189
0.1031
0.08180000000000001
0.0595
0.0502
0.0464
0.0421
0.0444
0.0591
0.0659
0.060700000000000004
0.09140000000000001
0.18369999999999997
0.2375
0.2482
0.2069
0.1758
0.077
0.0
0.0
0.0
0.0
0.0
0.0
0.0
0.0
0.0
0.0
0.0
0.0041
1.0974
2.2436
0.0
0.0
0.0
0.7117
0.0656
0.2336
0.0248
0.0
0.2797
2.8673
1.625
0.6496999999999999
0.3923
0.30610000000000004
0.2288
0.2077
0.3387
0.4477
0.217
0.0762
0.0434
0.030199999999999998
0.0298
0.0409
0.0789
0.1381
0.4499
0.9187
0.42300000000000004
0.3902
0.3882
0.5035
0.5567
3.666
4.9472000000000005
4.4551
1.1942
0.6866000000000001
1.1041
0.4425
0.1335
0.0882
0.0806
0.0739
0.0603
0.0626
0.0741
0.1116
0.136
0.24369999999999997
0.6376999999999999
0.8653
1.1074
1.2292
1.1219000000000001
0.8538
0.7243999999999999
0.012199999999999999
0.025599999999999998
0.0259
0.024399999999999998
0.0299
0.0456
0.0476
0.0318
0.010499999999999999
0.0187
0.0271
0.0371
0.0392
0.0319
0.0408
0.019
0.0304
0.0422
0.0132
0.0199
0.028200000000000003
0.0009
0.0025
0.0003
0.0
0.0
0.0
0.0
0.0
0.0
0.0
0.0
0.0
0.0
0.0
0.0
0.0144
2.602
1.517
0.0
0.0
0.0
1.3049
0.0806
0.2309
1.5839
0.34019999999999995
0.0344
2.7424
0.0
0.0
0.0
0.0
0.0
0.0076
0.0748
0.0259
0.0257
0.0294
0.0183
0.0145
0.027499999999999997
0.0174
0.0003
0.0002
0.0006
0.42
0.1341
0.28190000000000004
0.2159
0.0221
2.2500999999999998
1.6644999999999999
4.3947
4.2318
3.7889999999999997
1.5673
1.0132
0.8090999999999999
0.5286
0.434
0.3702
0.36150000000000004
0.3479
0.3957
0.4579
0.5442
0.6827
0.7495
0.9299
1.9748999999999999
1.4255
1.0794000000000001
1.0903
1.2092
1.2403
0.1325
0.136
0.135
0.13490000000000002
0.1212
0.0755
0.0568
0.0699
0.0192
0.0806
0.0759
0.06770000000000001
0.0631
0.038
0.0337
0.0422
0.0325
0.030699999999999998
0.0507
0.1036
0.0973
0.0859
0.0865
0.0864
0.2793
1.7494
0.612
0.2945
0.1018
0.39030000000000004
0.3181
0.0852
0.0843
0.0789
0.0801
0.0733
0.0942
0.1066
0.23759999999999998
0.2678
0.0592
0.07089999999999999
0.0463
0.0644
0.0075
0.001
0.0162
0.0093
11.447299999999998
8.1675
7.7983
0.0
0.0
0.0
0.0
0.0
0.0
0.0
0.0
0.09069999999999999
0.21760000000000002
0.0852
0.20879999999999999
0.041299999999999996
0.0
0.0
0.0
0.0
0.0
0.0
0.0
0.0
0.012199999999999999
0.025599999999999998
0.0259
0.024399999999999998
0.0299
0.0456
0.0476
0.0318
0.010499999999999999
0.0187
0.0271
0.0371
0.0392
0.0319
0.0408
0.019
0.0304
0.0422
0.0132
0.0199
0.028200000000000003
0.0009
0.0025
0.0003
0.0
0.0
0.0
0.0
0.0
0.0
0.0
0.0
0.0
0.0
0.0
0.0
0.0144
2.602
1.517
0.0
0.0
0.0
1.3049
0.0806
0.2309
1.5839
0.34019999999999995
0.0344
2.7424
0.0
0.0
0.0
0.0
0.0
0.0076
0.0748
0.0259
0.0257
0.0294
0.0183
0.0145
0.027499999999999997
0.0174
0.0003
0.0002
0.0006
0.42
0.1341
0.28190000000000004
0.2159
0.0221
2.2500999999999998
1.6644999999999999
4.3947
4.2318
3.7889999999999997
1.5673
1.0132
0.8090999999999999
0.5286
0.434
0.3702
0.36150000000000004
0.3479
0.3957
0.4579
0.5442
0.6827
0.7495
0.9299
1.9748999999999999
1.4255
1.0794000000000001
1.0903
1.2092
1.2403
0.1325
0.136
0.135
0.13490000000000002
0.1212
0.0755
0.0568
0.0699
0.0192
0.0806
0.0759
0.06770000000000001
0.0631
0.038
0.0337
0.0422
0.0325
0.030699999999999998
0.0507
0.1036
0.0973
0.0859
0.0865
0.0864
0.2793
1.7494
0.612
0.2945
0.1018
0.39030000000000004
0.3181
0.0852
0.0843
0.0789
0.0801
0.0733
0.0942
0.1066
0.23759999999999998
0.2678
0.0592
0.07089999999999999
0.0463
0.0644
0.0075
0.001
0.0162
0.0093
11.447299999999998
8.1675
7.7983
0.0
0.0
0.0
0.0
0.0
0.0
0.0
0.0
0.09069999999999999
0.21760000000000002
0.0852
0.20879999999999999
0.041299999999999996
0.0
0.0
0.0
0.0
0.0
0.0
0.0
0.0
0.012199999999999999
0.025599999999999998
0.0259
0.024399999999999998
0.0299
0.0456
0.0476
0.0318
0.010499999999999999
0.0187
0.0271
0.0371
0.0392
0.0319
0.0408
0.019
0.0304
0.0422
0.0132
0.0199
0.028200000000000003
0.0009
0.0025
0.0003
0.0
0.0
0.0
0.0
0.0
0.0
0.0
0.0
0.0
0.0
0.0
0.0
0.0144
2.602
1.517
0.0
0.0
0.0
1.3049
0.0806
0.2309
1.5839
0.34019999999999995
0.0344
2.7424
0.0
0.0
0.0
0.0
0.0
0.0076
0.0748
0.0259
0.0257
0.0294
0.0183
0.0145
0.027499999999999997
0.0174
0.0003
0.0002
0.0006
0.42
0.1341
0.28190000000000004
0.2159
0.0221
2.2500999999999998
1.6644999999999999
4.3947
4.2318
3.7889999999999997
1.5673
1.0132
0.8090999999999999
0.5286
0.434
0.3702
0.36150000000000004
0.3479
0.3957
0.4579
0.5442
0.6827
0.7495
0.9299
1.9748999999999999
1.4255
1.0794000000000001
1.0903
1.2092
1.2403
0.1325
0.136
0.135
0.13490000000000002
0.1212
0.0755
0.0568
0.0699
0.0192
0.0806
0.0759
0.06770000000000001
0.0631
0.038
0.0337
0.0422
0.0325
0.030699999999999998
0.0507
0.1036
0.0973
0.0859
0.0865
0.0864
0.2793
1.7494
0.612
0.2945
0.1018
0.39030000000000004
0.3181
0.0852
0.0843
0.0789
0.0801
0.0733
0.0942
0.1066
0.23759999999999998
0.2678
0.0592
0.07089999999999999
0.0463
0.0644
0.0075
0.001
0.0162
0.0093
11.447299999999998
8.1675
7.7983
0.0
0.0
0.0
0.0
0.0
0.0
0.0
0.0
0.09069999999999999
0.21760000000000002
0.0852
0.20879999999999999
0.041299999999999996
0.0
0.0
0.0
0.0
0.0
0.0
0.0
0.0
0.012199999999999999
0.025599999999999998
0.0259
0.024399999999999998
0.0299
0.0456
0.0476
0.0318
0.010499999999999999
0.0187
0.0271
0.0371
0.0392
0.0319
0.0408
0.019
0.0304
0.0422
0.0132
0.0199
0.028200000000000003
0.0009
0.0025
0.0003
0.0
0.0
0.0
0.0
0.0
0.0
0.0
0.0
0.0
0.0
0.0
0.0
0.0144
2.602
1.517
0.0
0.0
0.0
1.3049
0.0806
0.2309
1.5839
0.34019999999999995
0.0344
2.7424
0.0
0.0
0.0
0.0
0.0
0.0076
0.0748
0.0259
0.0257
0.0294
0.0183
0.0145
0.027499999999999997
0.0174
0.0003
0.0002
0.0006
0.42
0.1341
0.28190000000000004
0.2159
0.0221
2.2500999999999998
1.6644999999999999
4.3947
4.2318
3.7889999999999997
1.5673
1.0132
0.8090999999999999
0.5286
0.434
0.3702
0.36150000000000004
0.3479
0.3957
0.4579
0.5442
0.6827
0.7495
0.9299
1.9748999999999999
1.4255
1.0794000000000001
1.0903
1.2092
1.2403
0.1325
0.136
0.135
0.13490000000000002
0.1212
0.0755
0.0568
0.0699
0.0192
0.0806
0.0759
0.06770000000000001
0.0631
0.038
0.0337
0.0422
0.0325
0.030699999999999998
0.0507
0.1036
0.0973
0.0859
0.0865
0.0864
0.2793
1.7494
0.612
0.2945
0.1018
0.39030000000000004
0.3181
0.0852
0.0843
0.0789
0.0801
0.0733
0.0942
0.1066
0.23759999999999998
0.2678
0.0592
0.07089999999999999
0.0463
0.0644
0.0075
0.001
0.0162
0.0093
11.447299999999998
8.1675
7.7983
0.0
0.0
0.0
0.0
0.0
0.0
0.0
0.0
0.09069999999999999
0.21760000000000002
0.0852
0.20879999999999999
0.041299999999999996
0.0
0.0
0.0
0.0
0.0
0.0
0.0
0.0
0.012199999999999999
0.025599999999999998
0.0259
0.024399999999999998
0.0299
0.0456
0.0476
0.0318
0.010499999999999999
0.0187
0.0271
0.0371
0.0392
0.0319
0.0408
0.019
0.0304
0.0422
0.0132
0.0199
0.028200000000000003
0.0009
0.0025
0.0003
0.0
0.0
0.0
0.0
0.0
0.0
0.0
0.0
0.0
0.0
0.0
0.0
0.0144
2.602
1.517
0.0
0.0
0.0
1.3049
0.0806
0.2309
1.5839
0.34019999999999995
0.0344
2.7424
0.0
0.0
0.0
0.0
0.0
0.0076
0.0748
0.0259
0.0257
0.0294
0.0183
0.0145
0.027499999999999997
0.0174
0.0003
0.0002
0.0006
0.42
0.1341
0.28190000000000004
0.2159
0.0221
2.2500999999999998
0.12739999999999999
0.047799999999999995
0.055099999999999996
0.0356
0.0109
0.0213
0.0485
2.2252
1.2774
3.036
3.9568000000000003
5.6086
0.9462999999999999
0.0556
0.0117
0.0
0.0023
0.11630000000000001
0.2318
0.1174
2.089
6.116199999999999
6.8201
1.7550000000000001
2.4995000000000003
10.9328
3.9359
0.133
0.0
0.0
0.0
0.0
0.0
1.5093
0.01
0.0859
0.09620000000000001
0.1684
0.2032
0.1313
0.040600000000000004
0.0
0.0
0.0
0.0146
0.0137
0.0
0.0
0.6943999999999999
0.3107
0.2839
0.2415
0.1963
0.109
0.0596
0.0235
0.012799999999999999
0.0078
0.027800000000000002
0.0242
0.0581
0.1847
0.0287
0.0134
0.0167
0.0291
0.041400000000000006
0.0211
0.0
0.3958
1.179
1.9331
0.0829
0.0825
0.08199999999999999
0.084
0.0819
0.07719999999999999
0.06989999999999999
0.0817
0.13290000000000002
0.1035
0.0922
0.0945
0.0886
0.0799
0.08510000000000001
0.0852
0.0714
0.0648
0.0627
0.0744
0.0706
0.0625
0.07050000000000001
0.0799
0.0
0.0
0.0
0.0
0.0
0.0027
0.097
0.2716
1.0081
1.3279
0.1779
0.0163
0.024399999999999998
0.030400000000000003
0.033100000000000004
0.7067
0.1548
0.0611
0.2066
0.5498000000000001
0.2468
0.0
0.0
0.0
0.6037
0.5015000000000001
0.45740000000000003
0.4355
0.442
0.4508
0.6121000000000001
1.4237000000000002
0.4646
0.0814
0.0485
0.0434
0.0492
0.0466
0.045200000000000004
0.1054
0.5303
0.8587
1.3243999999999998
2.1401000000000003
2.0308
1.3014999999999999
0.7854
1.2668
2.2949
2.2428
0.8614999999999999
0.223
0.238
0.2672
0.3176
0.44300000000000006
1.1859000000000002
2.2038
3.0883
2.1315
0.5658
0.4002
0.3791
0.442
0.4784
0.5650999999999999
1.245
3.0045
1.565
1.258
1.4494
3.2468000000000004
0.12739999999999999
0.047799999999999995
0.055099999999999996
0.0356
0.0109
0.0213
0.0485
2.2252
1.2774
3.036
3.9568000000000003
5.6086
0.9462999999999999
0.0556
0.0117
0.0
0.0023
0.11630000000000001
0.2318
0.1174
2.089
6.116199999999999
6.8201
1.7550000000000001
2.4995000000000003
10.9328
3.9359
0.133
0.0
0.0
0.0
0.0
0.0
1.5093
0.01
0.0859
0.09620000000000001
0.1684
0.2032
0.1313
0.040600000000000004
0.0
0.0
0.0
0.0146
0.0137
0.0
0.0
0.6943999999999999
0.3107
0.2839
0.2415
0.1963
0.109
0.0596
0.0235
0.012799999999999999
0.0078
0.027800000000000002
0.0242
0.0581
0.1847
0.0287
0.0134
0.0167
0.0291
0.041400000000000006
0.0211
0.0
0.3958
1.179
1.9331
0.0829
0.0825
0.08199999999999999
0.084
0.0819
0.07719999999999999
0.06989999999999999
0.0817
0.13290000000000002
0.1035
0.0922
0.0945
0.0886
0.0799
0.08510000000000001
0.0852
0.0714
0.0648
0.0627
0.0744
0.0706
0.0625
0.07050000000000001
0.0799
0.0
0.0
0.0
0.0
0.0
0.0027
0.097
0.2716
1.0081
1.3279
0.1779
0.0163
0.024399999999999998
0.030400000000000003
0.033100000000000004
0.7067
0.1548
0.0611
0.2066
0.5498000000000001
0.2468
0.0
0.0
0.0
0.6037
0.5015000000000001
0.45740000000000003
0.4355
0.442
0.4508
0.6121000000000001
1.4237000000000002
0.4646
0.0814
0.0485
0.0434
0.0492
0.0466
0.045200000000000004
0.1054
0.5303
0.8587
1.3243999999999998
2.1401000000000003
2.0308
1.3014999999999999
0.7854
1.2668
2.2949
2.2428
0.8614999999999999
0.223
0.238
0.2672
0.3176
0.44300000000000006
1.1859000000000002
2.2038
3.0883
2.1315
0.5658
0.4002
0.3791
0.442
0.4784
0.5650999999999999
1.245
3.0045
1.565
1.258
1.4494
3.2468000000000004
0.12739999999999999
0.047799999999999995
0.055099999999999996
0.0356
0.0109
0.0213
0.0485
2.2252
1.2774
3.036
3.9568000000000003
5.6086
0.9462999999999999
0.0556
0.0117
0.0
0.0023
0.11630000000000001
0.2318
0.1174
2.089
6.116199999999999
6.8201
1.7550000000000001
2.4995000000000003
10.9328
3.9359
0.133
0.0
0.0
0.0
0.0
0.0
1.5093
0.01
0.0859
0.09620000000000001
0.1684
0.2032
0.1313
0.040600000000000004
0.0
0.0
0.0
0.0146
0.0137
0.0
0.0
0.6943999999999999
0.3107
0.2839
0.2415
0.1963
0.109
0.0596
0.0235
0.012799999999999999
0.0078
0.027800000000000002
0.0242
0.0581
0.1847
0.0287
0.0134
0.0167
0.0291
0.041400000000000006
0.0211
0.0
0.3958
1.179
1.9331
0.0829
0.0825
0.08199999999999999
0.084
0.0819
0.07719999999999999
0.06989999999999999
0.0817
0.13290000000000002
0.1035
0.0922
0.0945
0.0886
0.0799
0.08510000000000001
0.0852
0.0714
0.0648
0.0627
0.0744
0.0706
0.0625
0.07050000000000001
0.0799
0.0
0.0
0.0
0.0
0.0
0.0027
0.097
0.2716
1.0081
1.3279
0.1779
0.0163
0.024399999999999998
0.030400000000000003
0.033100000000000004
0.7067
0.1548
0.0611
0.2066
0.5498000000000001
0.2468
0.0
0.0
0.0
0.6037
0.5015000000000001
0.45740000000000003
0.4355
0.442
0.4508
0.6121000000000001
1.4237000000000002
0.4646
0.0814
0.0485
0.0434
0.0492
0.0466
0.045200000000000004
0.1054
0.5303
0.8587
1.3243999999999998
2.1401000000000003
2.0308
1.3014999999999999
0.7854
1.2668
2.2949
2.2428
0.8614999999999999
0.223
0.238
0.2672
0.3176
0.44300000000000006
1.1859000000000002
2.2038
3.0883
2.1315
0.5658
0.4002
0.3791
0.442
0.4784
0.5650999999999999
1.245
3.0045
1.565
1.258
1.4494
3.2468000000000004
0.12739999999999999
0.047799999999999995
0.055099999999999996
0.0356
0.0109
0.0213
0.0485
2.2252
1.2774
3.036
3.9568000000000003
5.6086
0.9462999999999999
0.0556
0.0117
0.0
0.0023
0.11630000000000001
0.2318
0.1174
2.089
6.116199999999999
6.8201
1.7550000000000001
2.4995000000000003
10.9328
3.9359
0.133
0.0
0.0
0.0
0.0
0.0
1.5093
0.01
0.0859
0.09620000000000001
0.1684
0.2032
0.1313
0.040600000000000004
0.0
0.0
0.0
0.0146
0.0137
0.0
0.0
0.6943999999999999
0.3107
0.2839
0.2415
0.1963
0.109
0.0596
0.0235
0.012799999999999999
0.0078
0.027800000000000002
0.0242
0.0581
0.1847
0.0287
0.0134
0.0167
0.0291
0.041400000000000006
0.0211
0.0
0.3958
1.179
1.9331
0.0829
0.0825
0.08199999999999999
0.084
0.0819
0.07719999999999999
0.06989999999999999
0.0817
0.13290000000000002
0.1035
0.0922
0.0945
0.0886
0.0799
0.08510000000000001
0.0852
0.0714
0.0648
0.0627
0.0744
0.0706
0.0625
0.07050000000000001
0.0799
0.0
0.0
0.0
0.0
0.0
0.0027
0.097
0.2716
1.0081
1.3279
0.1779
0.0163
0.024399999999999998
0.030400000000000003
0.033100000000000004
0.7067
0.1548
0.0611
0.2066
0.5498000000000001
0.2468
0.0
0.0
0.0
0.6037
0.5015000000000001
0.45740000000000003
0.4355
0.442
0.4508
0.6121000000000001
1.4237000000000002
0.4646
0.0814
0.0485
0.0434
0.0492
0.0466
0.045200000000000004
0.1054
0.5303
0.8587
1.3243999999999998
2.1401000000000003
2.0308
1.3014999999999999
0.7854
1.2668
2.2949
2.2428
0.8614999999999999
0.223
0.238
0.2672
0.3176
0.44300000000000006
1.1859000000000002
2.2038
3.0883
2.1315
0.5658
0.4002
0.3791
0.442
0.4784
0.5650999999999999
1.245
3.0045
1.565
1.258
1.4494
3.2468000000000004
0.12739999999999999
0.047799999999999995
0.055099999999999996
0.0356
0.0109
0.0213
0.0485
2.2252
1.2774
3.036
3.9568000000000003
5.6086
0.9462999999999999
0.0556
0.0117
0.0
0.0023
0.11630000000000001
0.2318
0.1174
2.089
6.116199999999999
6.8201
1.7550000000000001
2.4995000000000003
10.9328
3.9359
0.133
0.0
0.0
0.0
0.0
0.0
1.5093
0.01
0.0859
0.09620000000000001
0.1684
0.2032
0.1313
0.040600000000000004
0.0
0.0
0.0
0.0146
0.0137
0.0
0.0
0.1669
0.1871
0.1846
0.18669999999999998
1.5654000000000001
0.3338
0.37470000000000003
0.050699999999999995
0.0587
0.073
0.1487
0.0733
0.0407
0.0
1.8987
0.5489
0.0577
1.0966
1.0108000000000001
0.6069
0.3202
0.2535
0.2346
0.24609999999999999
1.5985
2.51
2.818
0.5123
0.0943
0.0925
0.21509999999999999
0.3247
0.0681
0.0149
0.034
0.0349
0.023
0.032
0.025
0.0242
0.0144
0.0864
0.7215
1.1233
1.4546999999999999
1.7658
1.9364
1.6436
1.3745
0.0437
3.3902
1.1152
0.743
2.2324
2.7546999999999997
1.9631
3.3297
0.6922999999999999
1.6454
0.9343
0.8513999999999999
0.5153
0.4259
0.136
0.0302
0.0
0.1691
0.3045
0.2862
0.17880000000000001
0.1277
0.1285
3.2285
3.2496
3.2721
2.3451
0.0381
0.005
0.0088
0.045799999999999993
0.0398
0.0356
0.036699999999999997
0.023
0.038400000000000004
0.024
0.015
0.0051
0.9229
0.44289999999999996
0.20700000000000002
0.2474
0.2939
0.6207
1.4356
1.161
1.3458999999999999
1.3780999999999999
1.3666
0.9244
0.12329999999999999
0.1319
0.0779
0.136
0.8553
0.5952999999999999
0.1147
0.0037
0.0014
0.0056
0.0144
0.051500000000000004
0.9103
0.5225
0.7937000000000001
1.0719
1.1937
0.8545
0.5884
1.9791999999999998
4.0825000000000005
0.0
0.18059999999999998
0.2044
0.1676
0.0736
0.9851000000000001
0.2812
0.0
0.0
0.028699999999999996
0.041499999999999995
0.039599999999999996
0.0514
0.0434
0.0329
0.0354
0.1027
0.2819
0.8728
1.3362
0.714
0.36
0.34240000000000004
2.3425
5.575699999999999
6.0344999999999995
1.9384
0.0717
0.0862
0.0727
0.0769
0.8201
0.7562
0.2763
0.0553
0.0758
0.0701
0.109
0.2852
0.3942
0.5575
0.6931
1.1865
0.9372
0.675
0.7859
0.7186
0.1669
0.1871
0.1846
0.18669999999999998
1.5654000000000001
0.3338
0.37470000000000003
0.050699999999999995
0.0587
0.073
0.1487
0.0733
0.0407
0.0
1.8987
0.5489
0.0577
1.0966
1.0108000000000001
0.6069
0.3202
0.2535
0.2346
0.24609999999999999
1.5985
2.51
2.818
0.5123
0.0943
0.0925
0.21509999999999999
0.3247
0.0681
0.0149
0.034
0.0349
0.023
0.032
0.025
0.0242
0.0144
0.0864
0.7215
1.1233
1.4546999999999999
1.7658
1.9364
1.6436
1.3745
0.0437
3.3902
1.1152
0.743
2.2324
2.7546999999999997
1.9631
3.3297
0.6922999999999999
1.6454
0.9343
0.8513999999999999
0.5153
0.4259
0.136
0.0302
0.0
0.1691
0.3045
0.2862
0.17880000000000001
0.1277
0.1285
3.2285
3.2496
3.2721
2.3451
0.0381
0.005
0.0088
0.045799999999999993
0.0398
0.0356
0.036699999999999997
0.023
0.038400000000000004
0.024
0.015
0.0051
0.9229
0.44289999999999996
0.20700000000000002
0.2474
0.2939
0.6207
1.4356
1.161
1.3458999999999999
1.3780999999999999
1.3666
0.9244
0.12329999999999999
0.1319
0.0779
0.136
0.8553
0.5952999999999999
0.1147
0.0037
0.0014
0.0056
0.0144
0.051500000000000004
0.9103
0.5225
0.7937000000000001
1.0719
1.1937
0.8545
0.5884
1.9791999999999998
4.0825000000000005
0.0
0.18059999999999998
0.2044
0.1676
0.0736
0.9851000000000001
0.2812
0.0
0.0
0.028699999999999996
0.041499999999999995
0.039599999999999996
0.0514
0.0434
0.0329
0.0354
0.1027
0.2819
0.8728
1.3362
0.714
0.36
0.34240000000000004
2.3425
5.575699999999999
6.0344999999999995
1.9384
0.0717
0.0862
0.0727
0.0769
0.8201
0.7562
0.2763
0.0553
0.0758
0.0701
0.109
0.2852
0.3942
0.5575
0.6931
1.1865
0.9372
0.675
0.7859
0.7186
0.1669
0.1871
0.1846
0.18669999999999998
1.5654000000000001
0.3338
0.37470000000000003
0.050699999999999995
0.0587
0.073
0.1487
0.0733
0.0407
0.0
1.8987
0.5489
0.0577
1.0966
1.0108000000000001
0.6069
0.3202
0.2535
0.2346
0.24609999999999999
1.5985
2.51
2.818
0.5123
0.0943
0.0925
0.21509999999999999
0.3247
0.0681
0.0149
0.034
0.0349
0.023
0.032
0.025
0.0242
0.0144
0.0864
0.7215
1.1233
1.4546999999999999
1.7658
1.9364
1.6436
1.3745
0.0437
3.3902
1.1152
0.743
2.2324
2.7546999999999997
1.9631
3.3297
0.6922999999999999
1.6454
0.9343
0.8513999999999999
0.5153
0.4259
0.136
0.0302
0.0
0.1691
0.3045
0.2862
0.17880000000000001
0.1277
0.1285
3.2285
3.2496
3.2721
2.3451
0.0381
0.005
0.0088
0.045799999999999993
0.0398
0.0356
0.036699999999999997
0.023
0.038400000000000004
0.024
0.015
0.0051
0.9229
0.44289999999999996
0.20700000000000002
0.2474
0.2939
0.6207
1.4356
1.161
1.3458999999999999
1.3780999999999999
1.3666
0.9244
0.12329999999999999
0.1319
0.0779
0.136
0.8553
0.5952999999999999
0.1147
0.0037
0.0014
0.0056
0.0144
0.051500000000000004
0.9103
0.5225
0.7937000000000001
1.0719
1.1937
0.8545
0.5884
1.9791999999999998
4.0825000000000005
0.0
0.18059999999999998
0.2044
0.1676
0.0736
0.9851000000000001
0.2812
0.0
0.0
0.028699999999999996
0.041499999999999995
0.039599999999999996
0.0514
0.0434
0.0329
0.0354
0.1027
0.2819
0.8728
1.3362
0.714
0.36
0.34240000000000004
2.3425
5.575699999999999
6.0344999999999995
1.9384
0.0717
0.0862
0.0727
0.0769
0.8201
0.7562
0.2763
0.0553
0.0758
0.0701
0.109
0.2852
0.3942
0.5575
0.6931
1.1865
0.9372
0.675
0.7859
0.7186
0.1669
0.1871
0.1846
0.18669999999999998
1.5654000000000001
0.3338
0.37470000000000003
0.050699999999999995
0.0587
0.073
0.1487
0.0733
0.0407
0.0
1.8987
0.5489
0.0577
1.0966
1.0108000000000001
0.6069
0.3202
0.2535
0.2346
0.24609999999999999
1.5985
2.51
2.818
0.5123
0.0943
0.0925
0.21509999999999999
0.3247
0.0681
0.0149
0.034
0.0349
0.023
0.032
0.025
0.0242
0.0144
0.0864
0.7215
1.1233
1.4546999999999999
1.7658
1.9364
1.6436
1.3745
0.0437
3.3902
1.1152
0.743
2.2324
2.7546999999999997
1.9631
3.3297
0.6922999999999999
1.6454
0.9343
0.8513999999999999
0.5153
0.4259
0.136
0.0302
0.0
0.1691
0.3045
0.2862
0.17880000000000001
0.1277
0.1285
3.2285
3.2496
3.2721
2.3451
0.0381
0.005
0.0088
0.045799999999999993
0.0398
0.0356
0.036699999999999997
0.023
0.038400000000000004
0.024
0.015
0.0051
0.9229
0.44289999999999996
0.20700000000000002
0.2474
0.2939
0.6207
1.4356
1.161
1.3458999999999999
1.3780999999999999
1.3666
0.9244
0.12329999999999999
0.1319
0.0779
0.136
0.8553
0.5952999999999999
0.1147
0.0037
0.0014
0.0056
0.0144
0.051500000000000004
0.9103
0.5225
0.7937000000000001
1.0719
1.1937
0.8545
0.5884
1.9791999999999998
4.0825000000000005
0.0
0.18059999999999998
0.2044
0.1676
0.0736
0.9851000000000001
0.2812
0.0
0.0
0.028699999999999996
0.041499999999999995
0.039599999999999996
0.0514
0.0434
0.0329
0.0354
0.1027
0.2819
0.8728
1.3362
0.714
0.36
0.34240000000000004
2.3425
5.575699999999999
6.0344999999999995
1.9384
0.0717
0.0862
0.0727
0.0769
0.8201
0.7562
0.2763
0.0553
0.0758
0.0701
0.109
0.2852
0.3942
0.5575
0.6931
1.1865
0.9372
0.675
0.7859
0.7186
0.1669
0.1871
0.1846
0.18669999999999998
1.5654000000000001
0.3338
0.37470000000000003
0.050699999999999995
0.0587
0.073
0.1487
0.0733
0.0407
0.0
1.8987
0.5489
0.0577
1.0966
1.0108000000000001
0.6069
0.3202
0.2535
0.2346
0.24609999999999999
1.5985
2.51
2.818
0.5123
0.0943
0.0925
0.21509999999999999
0.3247
0.0681
0.0149
0.034
0.0349
0.023
0.032
0.025
0.0242
0.0144
0.0864
0.7215
1.1233
1.4546999999999999
1.7658
1.9364
1.6436
1.3745
0.0437
3.3902
1.1152
0.743
2.2324
2.7546999999999997
1.9631
3.3297
0.6922999999999999
1.6454
0.9343
0.8513999999999999
0.5153
0.4259
0.136
0.0302
0.0
0.1691
0.3045
0.2862
0.17880000000000001
0.1277
0.1285
0.7477
0.7571
0.5668
0.43779999999999997
0.34440000000000004
0.3115
0.5201
2.3886000000000003
0.8941
0.7832
0.7598
0.8029
2.2268
3.2008
2.8848000000000003
1.7846
0.878
0.8413999999999999
0.8727
3.2142
2.791
1.1687
1.054
1.6958
2.2116
2.0431999999999997
1.5539
0.6664
0.6046
0.9237
2.6254
2.053
0.5917
0.277
0.2743
0.2394
0.2364
0.22089999999999999
0.2338
0.24619999999999997
0.2763
0.2931
0.35009999999999997
0.8956
0.5878
0.5748
0.632
0.958
1.6579
3.3862
3.1159999999999997
2.2231
0.5247999999999999
0.2272
0.209
0.2519
0.2993
0.3446
0.40249999999999997
0.47209999999999996
0.5201
0.5836
0.6486000000000001
0.7317
0.7269
1.4245
1.5091
0.9831
0.8116
0.8196
0.9784999999999999
1.0297
0.6764
0.7313000000000001
0.7432000000000001
0.6706
0.6201
0.5115
0.4013
0.6255
0.16749999999999998
0.0599
0.0349
0.0327
0.0338
0.032799999999999996
0.0365
0.0
0.3259
1.2365
0.6813
1.0398
1.3913
1.3794
1.2968
2.4541
2.4382
2.5247
2.1883999999999997
1.1992
0.6078
0.6479
0.6904
1.6261999999999999
3.1127000000000002
3.6481
3.0665
1.1526
0.7326
0.6707000000000001
0.7232000000000001
1.1179999999999999
1.2957
1.8775
2.9400000000000004
3.1578
1.3043
0.7942
0.84
7.5732
2.9035
3.1717
3.024
3.1436
3.0299
1.4906
0.515
0.016300000000000002
0.0246
0.0376
0.0382
0.0407
0.0303
0.028900000000000002
0.0328
0.027
0.1696
0.1678
0.2639
0.3526
0.48760000000000003
1.0968
0.8056
2.4404000000000003
0.0024
0.0
0.0
0.0
0.0
0.0022
0.0539
0.0183
0.0103
0.0039
0.0073999999999999995
0.015
0.058399999999999994
0.2067
1.1762000000000001
0.4588
0.3652
0.1192
0.6467
0.6081
0.052000000000000005
0.0187
0.015
0.0059
0.7477
0.7571
0.5668
0.43779999999999997
0.34440000000000004
0.3115
0.5201
2.3886000000000003
0.8941
0.7832
0.7598
0.8029
2.2268
3.2008
2.8848000000000003
1.7846
0.878
0.8413999999999999
0.8727
3.2142
2.791
1.1687
1.054
1.6958
2.2116
2.0431999999999997
1.5539
0.6664
0.6046
0.9237
2.6254
2.053
0.5917
0.277
0.2743
0.2394
0.2364
0.22089999999999999
0.2338
0.24619999999999997
0.2763
0.2931
0.35009999999999997
0.8956
0.5878
0.5748
0.632
0.958
1.6579
3.3862
3.1159999999999997
2.2231
0.5247999999999999
0.2272
0.209
0.2519
0.2993
0.3446
0.40249999999999997
0.47209999999999996
0.5201
0.5836
0.6486000000000001
0.7317
0.7269
1.4245
1.5091
0.9831
0.8116
0.8196
0.9784999999999999
1.0297
0.6764
0.7313000000000001
0.7432000000000001
0.6706
0.6201
0.5115
0.4013
0.6255
0.16749999999999998
0.0599
0.0349
0.0327
0.0338
0.032799999999999996
0.0365
0.0
0.3259
1.2365
0.6813
1.0398
1.3913
1.3794
1.2968
2.4541
2.4382
2.5247
2.1883999999999997
1.1992
0.6078
0.6479
0.6904
1.6261999999999999
3.1127000000000002
3.6481
3.0665
1.1526
0.7326
0.6707000000000001
0.7232000000000001
1.1179999999999999
1.2957
1.8775
2.9400000000000004
3.1578
1.3043
0.7942
0.84
7.5732
2.9035
3.1717
3.024
3.1436
3.0299
1.4906
0.515
0.016300000000000002
0.0246
0.0376
0.0382
0.0407
0.0303
0.028900000000000002
0.0328
0.027
0.1696
0.1678
0.2639
0.3526
0.48760000000000003
1.0968
0.8056
2.4404000000000003
0.0024
0.0
0.0
0.0
0.0
0.0022
0.0539
0.0183
0.0103
0.0039
0.0073999999999999995
0.015
0.058399999999999994
0.2067
1.1762000000000001
0.4588
0.3652
0.1192
0.6467
0.6081
0.052000000000000005
0.0187
0.015
0.0059
0.7477
0.7571
0.5668
0.43779999999999997
0.34440000000000004
0.3115
0.5201
2.3886000000000003
0.8941
0.7832
0.7598
0.8029
2.2268
3.2008
2.8848000000000003
1.7846
0.878
0.8413999999999999
0.8727
3.2142
2.791
1.1687
1.054
1.6958
2.2116
2.0431999999999997
1.5539
0.6664
0.6046
0.9237
2.6254
2.053
0.5917
0.277
0.2743
0.2394
0.2364
0.22089999999999999
0.2338
0.24619999999999997
0.2763
0.2931
0.35009999999999997
0.8956
0.5878
0.5748
0.632
0.958
1.6579
3.3862
3.1159999999999997
2.2231
0.5247999999999999
0.2272
0.209
0.2519
0.2993
0.3446
0.40249999999999997
0.47209999999999996
0.5201
0.5836
0.6486000000000001
0.7317
0.7269
1.4245
1.5091
0.9831
0.8116
0.8196
0.9784999999999999
1.0297
0.6764
0.7313000000000001
0.7432000000000001
0.6706
0.6201
0.5115
0.4013
0.6255
0.16749999999999998
0.0599
0.0349
0.0327
0.0338
0.032799999999999996
0.0365
0.0
0.3259
1.2365
0.6813
1.0398
1.3913
1.3794
1.2968
2.4541
2.4382
2.5247
2.1883999999999997
1.1992
0.6078
0.6479
0.6904
1.6261999999999999
3.1127000000000002
3.6481
3.0665
1.1526
0.7326
0.6707000000000001
0.7232000000000001
1.1179999999999999
1.2957
1.8775
2.9400000000000004
3.1578
1.3043
0.7942
0.84
7.5732
2.9035
3.1717
3.024
3.1436
3.0299
1.4906
0.515
0.016300000000000002
0.0246
0.0376
0.0382
0.0407
0.0303
0.028900000000000002
0.0328
0.027
0.1696
0.1678
0.2639
0.3526
0.48760000000000003
1.0968
0.8056
2.4404000000000003
0.0024
0.0
0.0
0.0
0.0
0.0022
0.0539
0.0183
0.0103
0.0039
0.0073999999999999995
0.015
0.058399999999999994
0.2067
1.1762000000000001
0.4588
0.3652
0.1192
0.6467
0.6081
0.052000000000000005
0.0187
0.015
0.0059
0.7477
0.7571
0.5668
0.43779999999999997
0.34440000000000004
0.3115
0.5201
2.3886000000000003
0.8941
0.7832
0.7598
0.8029
2.2268
3.2008
2.8848000000000003
1.7846
0.878
0.8413999999999999
0.8727
3.2142
2.791
1.1687
1.054
1.6958
2.2116
2.0431999999999997
1.5539
0.6664
0.6046
0.9237
2.6254
2.053
0.5917
0.277
0.2743
0.2394
0.2364
0.22089999999999999
0.2338
0.24619999999999997
0.2763
0.2931
0.35009999999999997
0.8956
0.5878
0.5748
0.632
0.958
1.6579
3.3862
3.1159999999999997
2.2231
0.5247999999999999
0.2272
0.209
0.2519
0.2993
0.3446
0.40249999999999997
0.47209999999999996
0.5201
0.5836
0.6486000000000001
0.7317
0.7269
1.4245
1.5091
0.9831
0.8116
0.8196
0.9784999999999999
1.0297
0.6764
0.7313000000000001
0.7432000000000001
0.6706
0.6201
0.5115
0.4013
0.6255
0.16749999999999998
0.0599
0.0349
0.0327
0.0338
0.032799999999999996
0.0365
0.0
0.3259
1.2365
0.6813
1.0398
1.3913
1.3794
1.2968
2.4541
2.4382
2.5247
2.1883999999999997
1.1992
0.6078
0.6479
0.6904
1.6261999999999999
3.1127000000000002
3.6481
3.0665
1.1526
0.7326
0.6707000000000001
0.7232000000000001
1.1179999999999999
1.2957
1.8775
2.9400000000000004
3.1578
1.3043
0.7942
0.84
7.5732
2.9035
3.1717
3.024
3.1436
3.0299
1.4906
0.515
0.016300000000000002
0.0246
0.0376
0.0382
0.0407
0.0303
0.028900000000000002
0.0328
0.027
0.1696
0.1678
0.2639
0.3526
0.48760000000000003
1.0968
0.8056
2.4404000000000003
0.0024
0.0
0.0
0.0
0.0
0.0022
0.0539
0.0183
0.0103
0.0039
0.0073999999999999995
0.015
0.058399999999999994
0.2067
1.1762000000000001
0.4588
0.3652
0.1192
0.6467
0.6081
0.052000000000000005
0.0187
0.015
0.0059
0.7477
0.7571
0.5668
0.43779999999999997
0.34440000000000004
0.3115
0.5201
2.3886000000000003
0.8941
0.7832
0.7598
0.8029
2.2268
3.2008
2.8848000000000003
1.7846
0.878
0.8413999999999999
0.8727
3.2142
2.791
1.1687
1.054
1.6958
2.2116
2.0431999999999997
1.5539
0.6664
0.6046
0.9237
2.6254
2.053
0.5917
0.277
0.2743
0.2394
0.2364
0.22089999999999999
0.2338
0.24619999999999997
0.2763
0.2931
0.35009999999999997
0.8956
0.5878
0.5748
0.632
0.958
2.7859
2.1292
1.7685
0.0
0.0
0.0065
0.055999999999999994
0.1068
0.10069999999999998
0.1261
0.2482
0.3684
0.23729999999999998
0.20350000000000001
0.6564
0.2787
0.0
0.0052
0.0409
0.1681
0.1327
0.0
0.0
0.5779
2.2802
1.5097
0.10830000000000001
0.0687
0.0405
0.0426
0.0408
0.0624
0.0426
0.0361
0.0354
0.030600000000000002
0.0305
0.0292
0.0103
2.0526
0.2738
0.136
0.3898
1.0734
1.8723
0.6196
0.139
1.6500000000000001
0.6414
0.6526000000000001
0.6341
0.5965
0.5333
0.3662
0.2612
0.2223
0.2496
0.153
0.315
1.1391
0.6735
0.4037
1.4661
1.1343
1.7751
1.6785
0.8884000000000001
0.8719
0.8219
0.8344
1.1915
2.3951
0.0405
0.0393
0.040400000000000005
0.04
0.044
0.047
0.0424
0.037
0.0322
0.035199999999999995
0.0298
0.0304
0.0311
0.0338
0.035699999999999996
0.0439
0.051100000000000007
0.0548
0.0402
0.0327
0.027200000000000002
0.0301
0.0402
0.053500000000000006
2.1868000000000003
6.4203
5.9622
4.8918
0.37670000000000003
0.2346
0.1861
0.1248
0.0591
0.0334
0.0329
0.0225
0.0223
0.035
0.0475
0.037500000000000006
0.056999999999999995
0.1278
0.20600000000000002
0.5498000000000001
1.2649
0.9436
0.5833
0.4676
0.8868
0.8586
0.2996
0.1903
0.22039999999999998
0.3149
0.8775
0.5838
0.3067
0.2786
0.2848
0.2825
0.2921
0.3161
0.3871
0.7488
0.6138
0.614
0.6711
1.3698000000000001
2.0009
1.6991
1.0316
0.7856
3.4152
3.1915
1.0372
0.015
0.0053
0.0013
0.0104
0.0182
0.004
0.0295
0.0528
0.0606
0.0269
0.028900000000000002
0.0267
0.014
0.0117
0.0058
0.2036
0.026099999999999998
0.0131
0.0246
0.0597
1.2513
2.7859
2.1292
1.7685
0.0
0.0
0.0065
0.055999999999999994
0.1068
0.10069999999999998
0.1261
0.2482
0.3684
0.23729999999999998
0.20350000000000001
0.6564
0.2787
0.0
0.0052
0.0409
0.1681
0.1327
0.0
0.0
0.5779
2.2802
1.5097
0.10830000000000001
0.0687
0.0405
0.0426
0.0408
0.0624
0.0426
0.0361
0.0354
0.030600000000000002
0.0305
0.0292
0.0103
2.0526
0.2738
0.136
0.3898
1.0734
1.8723
0.6196
0.139
1.6500000000000001
0.6414
0.6526000000000001
0.6341
0.5965
0.5333
0.3662
0.2612
0.2223
0.2496
0.153
0.315
1.1391
0.6735
0.4037
1.4661
1.1343
1.7751
1.6785
0.8884000000000001
0.8719
0.8219
0.8344
1.1915
2.3951
0.0405
0.0393
0.040400000000000005
0.04
0.044
0.047
0.0424
0.037
0.0322
0.035199999999999995
0.0298
0.0304
0.0311
0.0338
0.035699999999999996
0.0439
0.051100000000000007
0.0548
0.0402
0.0327
0.027200000000000002
0.0301
0.0402
0.053500000000000006
2.1868000000000003
6.4203
5.9622
4.8918
0.37670000000000003
0.2346
0.1861
0.1248
0.0591
0.0334
0.0329
0.0225
0.0223
0.035
0.0475
0.037500000000000006
0.056999999999999995
0.1278
0.20600000000000002
0.5498000000000001
1.2649
0.9436
0.5833
0.4676
0.8868
0.8586
0.2996
0.1903
0.22039999999999998
0.3149
0.8775
0.5838
0.3067
0.2786
0.2848
0.2825
0.2921
0.3161
0.3871
0.7488
0.6138
0.614
0.6711
1.3698000000000001
2.0009
1.6991
1.0316
0.7856
3.4152
3.1915
1.0372
0.015
0.0053
0.0013
0.0104
0.0182
0.004
0.0295
0.0528
0.0606
0.0269
0.028900000000000002
0.0267
0.014
0.0117
0.0058
0.2036
0.026099999999999998
0.0131
0.0246
0.0597
1.2513
2.7859
2.1292
1.7685
0.0
0.0
0.0065
0.055999999999999994
0.1068
0.10069999999999998
0.1261
0.2482
0.3684
0.23729999999999998
0.20350000000000001
0.6564
0.2787
0.0
0.0052
0.0409
0.1681
0.1327
0.0
0.0
0.5779
2.2802
1.5097
0.10830000000000001
0.0687
0.0405
0.0426
0.0408
0.0624
0.0426
0.0361
0.0354
0.030600000000000002
0.0305
0.0292
0.0103
2.0526
0.2738
0.136
0.3898
1.0734
1.8723
0.6196
0.139
1.6500000000000001
0.6414
0.6526000000000001
0.6341
0.5965
0.5333
0.3662
0.2612
0.2223
0.2496
0.153
0.315
1.1391
0.6735
0.4037
1.4661
1.1343
1.7751
1.6785
0.8884000000000001
0.8719
0.8219
0.8344
1.1915
2.3951
0.0405
0.0393
0.040400000000000005
0.04
0.044
0.047
0.0424
0.037
0.0322
0.035199999999999995
0.0298
0.0304
0.0311
0.0338
0.035699999999999996
0.0439
0.051100000000000007
0.0548
0.0402
0.0327
0.027200000000000002
0.0301
0.0402
0.053500000000000006
2.1868000000000003
6.4203
5.9622
4.8918
0.37670000000000003
0.2346
0.1861
0.1248
0.0591
0.0334
0.0329
0.0225
0.0223
0.035
0.0475
0.037500000000000006
0.056999999999999995
0.1278
0.20600000000000002
0.5498000000000001
1.2649
0.9436
0.5833
0.4676
0.8868
0.8586
0.2996
0.1903
0.22039999999999998
0.3149
0.8775
0.5838
0.3067
0.2786
0.2848
0.2825
0.2921
0.3161
0.3871
0.7488
0.6138
0.614
0.6711
1.3698000000000001
2.0009
1.6991
1.0316
0.7856
3.4152
3.1915
1.0372
0.015
0.0053
0.0013
0.0104
0.0182
0.004
0.0295
0.0528
0.0606
0.0269
0.028900000000000002
0.0267
0.014
0.0117
0.0058
0.2036
0.026099999999999998
0.0131
0.0246
0.0597
1.2513
2.7859
2.1292
1.7685
0.0
0.0
0.0065
0.055999999999999994
0.1068
0.10069999999999998
0.1261
0.2482
0.3684
0.23729999999999998
0.20350000000000001
0.6564
0.2787
0.0
0.0052
0.0409
0.1681
0.1327
0.0
0.0
0.5779
2.2802
1.5097
0.10830000000000001
0.0687
0.0405
0.0426
0.0408
0.0624
0.0426
0.0361
0.0354
0.030600000000000002
0.0305
0.0292
0.0103
2.0526
0.2738
0.136
0.3898
1.0734
1.8723
0.6196
0.139
1.6500000000000001
0.6414
0.6526000000000001
0.6341
0.5965
0.5333
0.3662
0.2612
0.2223
0.2496
0.153
0.315
1.1391
0.6735
0.4037
1.4661
1.1343
1.7751
1.6785
0.8884000000000001
0.8719
0.8219
0.8344
1.1915
2.3951
0.0405
0.0393
0.040400000000000005
0.04
0.044
0.047
0.0424
0.037
0.0322
0.035199999999999995
0.0298
0.0304
0.0311
0.0338
0.035699999999999996
0.0439
0.051100000000000007
0.0548
0.0402
0.0327
0.027200000000000002
0.0301
0.0402
0.053500000000000006
2.1868000000000003
6.4203
5.9622
4.8918
0.37670000000000003
0.2346
0.1861
0.1248
0.0591
0.0334
0.0329
0.0225
0.0223
0.035
0.0475
0.037500000000000006
0.056999999999999995
0.1278
0.20600000000000002
0.5498000000000001
1.2649
0.9436
0.5833
0.4676
0.8868
0.8586
0.2996
0.1903
0.22039999999999998
0.3149
0.8775
0.5838
0.3067
0.2786
0.2848
0.2825
0.2921
0.3161
0.3871
0.7488
0.6138
0.614
0.6711
1.3698000000000001
2.0009
1.6991
1.0316
0.7856
3.4152
3.1915
1.0372
0.015
0.0053
0.0013
0.0104
0.0182
0.004
0.0295
0.0528
0.0606
0.0269
0.028900000000000002
0.0267
0.014
0.0117
0.0058
0.2036
0.026099999999999998
0.0131
0.0246
0.0597
1.2513
2.7859
2.1292
1.7685
0.0
0.0
0.0065
0.055999999999999994
0.1068
0.10069999999999998
0.1261
0.2482
0.3684
0.23729999999999998
0.20350000000000001
0.6564
0.2787
0.0
0.0052
0.0409
0.1681
0.1327
0.0
0.0
0.5779
2.2802
1.5097
0.10830000000000001
0.0687
0.0405
0.0426
0.0408
0.0624
0.0426
0.0361
0.0354
0.030600000000000002
0.0305
0.0292
0.0103
2.0526
0.2738
0.136
0.3898
1.0734
1.8723
0.6196
0.139
1.6500000000000001
0.6414
0.6526000000000001
0.6341
0.5965
0.5333
0.3662
0.2612
0.2223
0.2496
0.153
0.315
1.1391
0.6735
0.4037
1.4661
1.1343
1.7751
1.6785
0.8884000000000001
0.8719
0.8219
0.8344
1.1915
2.3951
