0.5214000000000001
0.7671
0.6638999999999999
0.3734
0.25
0.1995
0.1661
0.14429999999999998
0.1497
0.16699999999999998
0.1875
0.20500000000000002
0.2278
0.2347
0.22499999999999998
0.2512
0.2607
0.3862
0.6845
1.1676000000000002
1.2646000000000002
1.0714000000000001
0.9247000000000001
3.8823
0.4015
0.39380000000000004
0.3546
0.36060000000000003
0.35650000000000004
0.3064
0.3482
0.9450999999999999
0.09659999999999999
0.0434
0.037000000000000005
0.0284
0.0384
0.0513
0.0467
0.202
0.2938
0.419
0.5045999999999999
0.9073
2.0016
0.9315
0.7391
2.0604999999999998
1.2056
1.3002
2.5483000000000002
1.0272000000000001
0.9402999999999999
0.7901
0.5491
0.2177
0.091
0.0343
0.0301
0.0245
0.0118
0.031100000000000003
0.0635
0.1262
0.9835999999999999
1.6192000000000002
1.6766
1.4506999999999999
1.4108
1.446
1.8957000000000002
2.1482
0.2459
0.2341
0.2286
0.2382
0.2348
0.2763
0.6859999999999999
0.22610000000000002
0.1321
0.0639
0.045899999999999996
0.033299999999999996
0.032
0.0291
0.0323
0.0456
0.0693
0.1085
0.1413
0.31279999999999997
0.38870000000000005
0.31710000000000005
0.281
0.2862
4.4548
6.914899999999999
6.7553
3.7166
0.47350000000000003
0.167
0.1765
0.24259999999999998
0.31930000000000003
0.3911
0.4248
0.3185
0.2724
0.2501
0.2584
0.349
1.1331
1.0753
0.7664
0.5981
0.5807
0.6807
0.9221999999999999
0.9608
1.1558000000000002
1.2502
1.2105
1.1851
0.6643
0.31520000000000004
0.3429
0.4185
0.4503
0.42969999999999997
0.4256
0.40959999999999996
1.6305
1.0258
0.45489999999999997
0.4553
0.5239
1.8651
0.8005
0.7301
0.6127
0.8865000000000001
1.2344
1.3413
0.2829
0.2794
0.263
0.255
0.2475
0.21389999999999998
0.134
0.0676
0.0506
0.0543
0.061
0.0466
0.042300000000000004
0.0347
0.0478
0.0494
0.0701
0.189
0.6378999999999999
0.6017
0.6249
0.5853999999999999
0.5151
0.4262
0.5214000000000001
0.7671
0.6638999999999999
0.3734
0.25
0.1995
0.1661
0.14429999999999998
0.1497
0.16699999999999998
0.1875
0.20500000000000002
0.2278
0.2347
0.22499999999999998
0.2512
0.2607
0.3862
0.6845
1.1676000000000002
1.2646000000000002
1.0714000000000001
0.9247000000000001
3.8823
0.4015
0.39380000000000004
0.3546
0.36060000000000003
0.35650000000000004
0.3064
0.3482
0.9450999999999999
0.09659999999999999
0.0434
0.037000000000000005
0.0284
0.0384
0.0513
0.0467
0.202
0.2938
0.419
0.5045999999999999
0.9073
2.0016
0.9315
0.7391
2.0604999999999998
1.2056
1.3002
2.5483000000000002
1.0272000000000001
0.9402999999999999
0.7901
0.5491
0.2177
0.091
0.0343
0.0301
0.0245
0.0118
0.031100000000000003
0.0635
0.1262
0.9835999999999999
1.6192000000000002
1.6766
1.4506999999999999
1.4108
1.446
1.8957000000000002
2.1482
0.2459
0.2341
0.2286
0.2382
0.2348
0.2763
0.6859999999999999
0.22610000000000002
0.1321
0.0639
0.045899999999999996
0.033299999999999996
0.032
0.0291
0.0323
0.0456
0.0693
0.1085
0.1413
0.31279999999999997
0.38870000000000005
0.31710000000000005
0.281
0.2862
4.4548
6.914899999999999
6.7553
3.7166
0.47350000000000003
0.167
0.1765
0.24259999999999998
0.31930000000000003
0.3911
0.4248
0.3185
0.2724
0.2501
0.2584
0.349
1.1331
1.0753
0.7664
0.5981
0.5807
0.6807
0.9221999999999999
0.9608
1.1558000000000002
1.2502
1.2105
1.1851
0.6643
0.31520000000000004
0.3429
0.4185
0.4503
0.42969999999999997
0.4256
0.40959999999999996
1.6305
1.0258
0.45489999999999997
0.4553
0.5239
1.8651
0.8005
0.7301
0.6127
0.8865000000000001
1.2344
1.3413
0.2829
0.2794
0.263
0.255
0.2475
0.21389999999999998
0.134
0.0676
0.0506
0.0543
0.061
0.0466
0.042300000000000004
0.0347
0.0478
0.0494
0.0701
0.189
0.6378999999999999
0.6017
0.6249
0.5853999999999999
0.5151
0.4262
0.5214000000000001
0.7671
0.6638999999999999
0.3734
0.25
0.1995
0.1661
0.14429999999999998
0.1497
0.16699999999999998
0.1875
0.20500000000000002
0.2278
0.2347
0.22499999999999998
0.2512
0.2607
0.3862
0.6845
1.1676000000000002
1.2646000000000002
1.0714000000000001
0.9247000000000001
3.8823
0.4015
0.39380000000000004
0.3546
0.36060000000000003
0.35650000000000004
0.3064
0.3482
0.9450999999999999
0.09659999999999999
0.0434
0.037000000000000005
0.0284
0.0384
0.0513
0.0467
0.202
0.2938
0.419
0.5045999999999999
0.9073
2.0016
0.9315
0.7391
2.0604999999999998
1.2056
1.3002
2.5483000000000002
1.0272000000000001
0.9402999999999999
0.7901
0.5491
0.2177
0.091
0.0343
0.0301
0.0245
0.0118
0.031100000000000003
0.0635
0.1262
0.9835999999999999
1.6192000000000002
1.6766
1.4506999999999999
1.4108
1.446
1.8957000000000002
2.1482
0.2459
0.2341
0.2286
0.2382
0.2348
0.2763
0.6859999999999999
0.22610000000000002
0.1321
0.0639
0.045899999999999996
0.033299999999999996
0.032
0.0291
0.0323
0.0456
0.0693
0.1085
0.1413
0.31279999999999997
0.38870000000000005
0.31710000000000005
0.281
0.2862
4.4548
6.914899999999999
6.7553
3.7166
0.47350000000000003
0.167
0.1765
0.24259999999999998
0.31930000000000003
0.3911
0.4248
0.3185
0.2724
0.2501
0.2584
0.349
1.1331
1.0753
0.7664
0.5981
0.5807
0.6807
0.9221999999999999
0.9608
1.1558000000000002
1.2502
1.2105
1.1851
0.6643
0.31520000000000004
0.3429
0.4185
0.4503
0.42969999999999997
0.4256
0.40959999999999996
1.6305
1.0258
0.45489999999999997
0.4553
0.5239
1.8651
0.8005
0.7301
0.6127
0.8865000000000001
1.2344
1.3413
0.2829
0.2794
0.263
0.255
0.2475
0.21389999999999998
0.134
0.0676
0.0506
0.0543
0.061
0.0466
0.042300000000000004
0.0347
0.0478
0.0494
0.0701
0.189
0.6378999999999999
0.6017
0.6249
0.5853999999999999
0.5151
0.4262
0.5214000000000001
0.7671
0.6638999999999999
0.3734
0.25
0.1995
0.1661
0.14429999999999998
0.1497
0.16699999999999998
0.1875
0.20500000000000002
0.2278
0.2347
0.22499999999999998
0.2512
0.2607
0.3862
0.6845
1.1676000000000002
1.2646000000000002
1.0714000000000001
0.9247000000000001
3.8823
0.4015
0.39380000000000004
0.3546
0.36060000000000003
0.35650000000000004
0.3064
0.3482
0.9450999999999999
0.09659999999999999
0.0434
0.037000000000000005
0.0284
0.0384
0.0513
0.0467
0.202
0.2938
0.419
0.5045999999999999
0.9073
2.0016
0.9315
0.7391
2.0604999999999998
1.2056
1.3002
2.5483000000000002
1.0272000000000001
0.9402999999999999
0.7901
0.5491
0.2177
0.091
0.0343
0.0301
0.0245
0.0118
0.031100000000000003
0.0635
0.1262
0.9835999999999999
1.6192000000000002
1.6766
1.4506999999999999
1.4108
1.446
1.8957000000000002
2.1482
0.2459
0.2341
0.2286
0.2382
0.2348
0.2763
0.6859999999999999
0.22610000000000002
0.1321
0.0639
0.045899999999999996
0.033299999999999996
0.032
0.0291
0.0323
0.0456
0.0693
0.1085
0.1413
0.31279999999999997
0.38870000000000005
0.31710000000000005
0.281
0.2862
4.4548
6.914899999999999
6.7553
3.7166
0.47350000000000003
0.167
0.1765
0.24259999999999998
0.31930000000000003
0.3911
0.4248
0.3185
0.2724
0.2501
0.2584
0.349
1.1331
1.0753
0.7664
0.5981
0.5807
0.6807
0.9221999999999999
0.9608
1.1558000000000002
1.2502
1.2105
1.1851
0.6643
0.31520000000000004
0.3429
0.4185
0.4503
0.42969999999999997
0.4256
0.40959999999999996
1.6305
1.0258
0.45489999999999997
0.4553
0.5239
1.8651
0.8005
0.7301
0.6127
0.8865000000000001
1.2344
1.3413
0.2829
0.2794
0.263
0.255
0.2475
0.21389999999999998
0.134
0.0676
0.0506
0.0543
0.061
0.0466
0.042300000000000004
0.0347
0.0478
0.0494
0.0701
0.189
0.6378999999999999
0.6017
0.6249
0.5853999999999999
0.5151
0.4262
0.5214000000000001
0.7671
0.6638999999999999
0.3734
0.25
0.1995
0.1661
0.14429999999999998
0.1497
0.16699999999999998
0.1875
0.20500000000000002
0.2278
0.2347
0.22499999999999998
0.2512
0.2607
0.3862
0.6845
1.1676000000000002
1.2646000000000002
1.0714000000000001
0.9247000000000001
3.8823
0.4015
0.39380000000000004
0.3546
0.36060000000000003
0.35650000000000004
0.3064
0.3482
0.9450999999999999
0.09659999999999999
0.0434
0.037000000000000005
0.0284
0.0384
0.0513
0.0467
0.202
0.2938
0.419
0.5045999999999999
0.9073
2.0016
0.9315
0.7391
2.0604999999999998
1.2056
1.3002
2.5483000000000002
1.0272000000000001
0.9402999999999999
0.7901
0.5491
0.2177
0.091
0.0343
0.0301
0.0245
0.0118
0.031100000000000003
0.0635
0.1262
0.9835999999999999
1.6192000000000002
1.6766
1.4506999999999999
1.4108
1.446
1.8957000000000002
2.1482
1.7769
4.307
6.5065
1.6137000000000001
0.057100000000000005
0.0346
0.0839
0.0846
0.1078
0.0542
0.10450000000000001
0.1681
0.15889999999999999
0.2024
0.2
0.1286
0.0942
0.0945
0.1081
0.1255
0.0995
0.0793
0.0646
0.0393
3.2325
3.0392
2.8357
2.6524
1.8028
0.5591999999999999
0.6557
1.4186
0.8452
0.1456
0.0049
0.0004
0.0
0.0061
0.008
0.31829999999999997
0.8535
0.9504000000000001
1.7050999999999998
2.4519
1.7469000000000001
1.3508
1.2238
1.7255
1.8839000000000001
1.9652
1.9821
1.9663
1.1348
0.2521
0.3533
0.4518
0.2703
0.1437
0.1491
0.1312
0.1323
0.13679999999999998
0.15739999999999998
0.3124
0.5773
0.7875
1.3729
2.2049000000000003
1.2666
0.5402
0.46499999999999997
1.978
1.831
3.2258
3.2652
1.3954
0.3502
0.4518
0.6557
0.2313
0.0489
0.0205
0.0258
0.023
0.0245
0.029500000000000002
0.039
0.0431
0.057300000000000004
0.17020000000000002
0.2983
0.7326999999999999
0.8946000000000001
0.876
0.8302
0.7636000000000001
0.3335
0.7869999999999999
2.6821
3.1806
0.3373
0.0
1.595
0.008
0.0713
0.0614
0.0757
0.0897
0.0794
0.0742
0.054
0.06709999999999999
0.1987
0.2256
0.3275
0.3795
0.14450000000000002
0.0576
0.0358
0.0498
0.4393
0.39080000000000004
0.3527
0.3305
0.3173
0.2893
0.2944
0.3264
0.3024
0.25980000000000003
0.3248
1.0791
1.3049
1.1108
1.0701
1.5234999999999999
2.7143
1.5379999999999998
0.9115
1.0774
1.5308
1.1345999999999998
2.3692
1.2619
6.5285
4.142
0.8633
0.4118
0.3244
0.2968
0.3135
0.41459999999999997
0.2728
0.11779999999999999
0.08080000000000001
0.056999999999999995
0.0656
0.060399999999999995
0.071
0.938
0.8388
0.7434000000000001
1.3
1.8564
1.2083
0.7871
0.5248
3.0821
1.7769
4.307
6.5065
1.6137000000000001
0.057100000000000005
0.0346
0.0839
0.0846
0.1078
0.0542
0.10450000000000001
0.1681
0.15889999999999999
0.2024
0.2
0.1286
0.0942
0.0945
0.1081
0.1255
0.0995
0.0793
0.0646
0.0393
3.2325
3.0392
2.8357
2.6524
1.8028
0.5591999999999999
0.6557
1.4186
0.8452
0.1456
0.0049
0.0004
0.0
0.0061
0.008
0.31829999999999997
0.8535
0.9504000000000001
1.7050999999999998
2.4519
1.7469000000000001
1.3508
1.2238
1.7255
1.8839000000000001
1.9652
1.9821
1.9663
1.1348
0.2521
0.3533
0.4518
0.2703
0.1437
0.1491
0.1312
0.1323
0.13679999999999998
0.15739999999999998
0.3124
0.5773
0.7875
1.3729
2.2049000000000003
1.2666
0.5402
0.46499999999999997
1.978
1.831
3.2258
3.2652
1.3954
0.3502
0.4518
0.6557
0.2313
0.0489
0.0205
0.0258
0.023
0.0245
0.029500000000000002
0.039
0.0431
0.057300000000000004
0.17020000000000002
0.2983
0.7326999999999999
0.8946000000000001
0.876
0.8302
0.7636000000000001
0.3335
0.7869999999999999
2.6821
3.1806
0.3373
0.0
1.595
0.008
0.0713
0.0614
0.0757
0.0897
0.0794
0.0742
0.054
0.06709999999999999
0.1987
0.2256
0.3275
0.3795
0.14450000000000002
0.0576
0.0358
0.0498
0.4393
0.39080000000000004
0.3527
0.3305
0.3173
0.2893
0.2944
0.3264
0.3024
0.25980000000000003
0.3248
1.0791
1.3049
1.1108
1.0701
1.5234999999999999
2.7143
1.5379999999999998
0.9115
1.0774
1.5308
1.1345999999999998
2.3692
1.2619
6.5285
4.142
0.8633
0.4118
0.3244
0.2968
0.3135
0.41459999999999997
0.2728
0.11779999999999999
0.08080000000000001
0.056999999999999995
0.0656
0.060399999999999995
0.071
0.938
0.8388
0.7434000000000001
1.3
1.8564
1.2083
0.7871
0.5248
3.0821
1.7769
4.307
6.5065
1.6137000000000001
0.057100000000000005
0.0346
0.0839
0.0846
0.1078
0.0542
0.10450000000000001
0.1681
0.15889999999999999
0.2024
0.2
0.1286
0.0942
0.0945
0.1081
0.1255
0.0995
0.0793
0.0646
0.0393
3.2325
3.0392
2.8357
2.6524
1.8028
0.5591999999999999
0.6557
1.4186
0.8452
0.1456
0.0049
0.0004
0.0
0.0061
0.008
0.31829999999999997
0.8535
0.9504000000000001
1.7050999999999998
2.4519
1.7469000000000001
1.3508
1.2238
1.7255
1.8839000000000001
1.9652
1.9821
1.9663
1.1348
0.2521
0.3533
0.4518
0.2703
0.1437
0.1491
0.1312
0.1323
0.13679999999999998
0.15739999999999998
0.3124
0.5773
0.7875
1.3729
2.2049000000000003
1.2666
0.5402
0.46499999999999997
1.978
1.831
3.2258
3.2652
1.3954
0.3502
0.4518
0.6557
0.2313
0.0489
0.0205
0.0258
0.023
0.0245
0.029500000000000002
0.039
0.0431
0.057300000000000004
0.17020000000000002
0.2983
0.7326999999999999
0.8946000000000001
0.876
0.8302
0.7636000000000001
0.3335
0.7869999999999999
2.6821
3.1806
0.3373
0.0
1.595
0.008
0.0713
0.0614
0.0757
0.0897
0.0794
0.0742
0.054
0.06709999999999999
0.1987
0.2256
0.3275
0.3795
0.14450000000000002
0.0576
0.0358
0.0498
0.4393
0.39080000000000004
0.3527
0.3305
0.3173
0.2893
0.2944
0.3264
0.3024
0.25980000000000003
0.3248
1.0791
1.3049
1.1108
1.0701
1.5234999999999999
2.7143
1.5379999999999998
0.9115
1.0774
1.5308
1.1345999999999998
2.3692
1.2619
6.5285
4.142
0.8633
0.4118
0.3244
0.2968
0.3135
0.41459999999999997
0.2728
0.11779999999999999
0.08080000000000001
0.056999999999999995
0.0656
0.060399999999999995
0.071
0.938
0.8388
0.7434000000000001
1.3
1.8564
1.2083
0.7871
0.5248
3.0821
1.7769
4.307
6.5065
1.6137000000000001
0.057100000000000005
0.0346
0.0839
0.0846
0.1078
0.0542
0.10450000000000001
0.1681
0.15889999999999999
0.2024
0.2
0.1286
0.0942
0.0945
0.1081
0.1255
0.0995
0.0793
0.0646
0.0393
3.2325
3.0392
2.8357
2.6524
1.8028
0.5591999999999999
0.6557
1.4186
0.8452
0.1456
0.0049
0.0004
0.0
0.0061
0.008
0.31829999999999997
0.8535
0.9504000000000001
1.7050999999999998
2.4519
1.7469000000000001
1.3508
1.2238
1.7255
1.8839000000000001
1.9652
1.9821
1.9663
1.1348
0.2521
0.3533
0.4518
0.2703
0.1437
0.1491
0.1312
0.1323
0.13679999999999998
0.15739999999999998
0.3124
0.5773
0.7875
1.3729
2.2049000000000003
1.2666
0.5402
0.46499999999999997
1.978
1.831
3.2258
3.2652
1.3954
0.3502
0.4518
0.6557
0.2313
0.0489
0.0205
0.0258
0.023
0.0245
0.029500000000000002
0.039
0.0431
0.057300000000000004
0.17020000000000002
0.2983
0.7326999999999999
0.8946000000000001
0.876
0.8302
0.7636000000000001
0.3335
0.7869999999999999
2.6821
3.1806
0.3373
0.0
1.595
0.008
0.0713
0.0614
0.0757
0.0897
0.0794
0.0742
0.054
0.06709999999999999
0.1987
0.2256
0.3275
0.3795
0.14450000000000002
0.0576
0.0358
0.0498
0.4393
0.39080000000000004
0.3527
0.3305
0.3173
0.2893
0.2944
0.3264
0.3024
0.25980000000000003
0.3248
1.0791
1.3049
1.1108
1.0701
1.5234999999999999
2.7143
1.5379999999999998
0.9115
1.0774
1.5308
1.1345999999999998
2.3692
1.2619
6.5285
4.142
0.8633
0.4118
0.3244
0.2968
0.3135
0.41459999999999997
0.2728
0.11779999999999999
0.08080000000000001
0.056999999999999995
0.0656
0.060399999999999995
0.071
0.938
0.8388
0.7434000000000001
1.3
1.8564
1.2083
0.7871
0.5248
3.0821
1.0472000000000001
0.9861
0.9514
0.8909
0.8224
0.487
0.18109999999999998
0.1918
0.12140000000000001
0.08829999999999999
0.09659999999999999
0.131
0.0688
0.0322
0.0288
0.0447
0.4553
1.1739
1.5836999999999999
1.5394999999999999
1.5134
1.5901999999999998
2.5141
2.6897
0.0374
0.0428
0.0305
0.0435
0.0611
0.1065
0.2208
0.0681
0.0616
0.1247
0.0668
0.0553
0.045700000000000005
0.0295
0.0263
0.0118
0.018099999999999998
0.0284
0.0063
0.0112
0.0576
0.038
0.0466
0.0659
0.7331
0.9338
4.9151
0.7182999999999999
0.6319
0.5291
0.542
0.5885
0.6514
0.7123999999999999
0.7523
0.8568
0.8792
0.8952
1.0058
0.8492
0.912
1.0508
1.0389
0.792
0.6504
0.5753999999999999
0.5247999999999999
0.5025
0.8016
1.6915
4.3154
2.3402000000000003
0.7462
0.5598000000000001
0.7269
0.4057
0.39
0.3621
0.3257
0.3258
0.34230000000000005
0.31930000000000003
0.3059
0.2884
0.6939
0.6037
0.39180000000000004
0.36019999999999996
0.2606
0.1975
0.1424
0.11480000000000001
0.7588999999999999
1.2915
0.0
0.2463
0.3355
1.7884
0.2679
0.1254
0.0501
0.0791
0.0807
0.4074
0.21610000000000001
0.056400000000000006
0.0572
0.1178
0.3174
0.1012
0.1734
0.1906
0.19779999999999998
0.2685
0.4615
0.4435
0.7185
1.6353
2.1086
0.9224
0.0509
0.0493
0.056400000000000006
0.15510000000000002
0.20879999999999999
0.7496
0.7863
0.5363
1.041
0.5634
0.1581
0.1065
0.0891
0.0826
0.0527
0.021400000000000002
0.0275
0.0652
0.1243
0.1767
0.40869999999999995
0.2586
0.2377
0.1885
0.2404
1.6529
0.1089
0.0192
0.1436
0.12410000000000002
0.7729
0.2005
0.1283
0.23570000000000002
0.24109999999999998
0.5963
0.3624
0.32430000000000003
0.28859999999999997
0.2952
0.2841
0.2894
0.33909999999999996
0.3467
1.0472000000000001
0.9861
0.9514
0.8909
0.8224
0.487
0.18109999999999998
0.1918
0.12140000000000001
0.08829999999999999
0.09659999999999999
0.131
0.0688
0.0322
0.0288
0.0447
0.4553
1.1739
1.5836999999999999
1.5394999999999999
1.5134
1.5901999999999998
2.5141
2.6897
0.0374
0.0428
0.0305
0.0435
0.0611
0.1065
0.2208
0.0681
0.0616
0.1247
0.0668
0.0553
0.045700000000000005
0.0295
0.0263
0.0118
0.018099999999999998
0.0284
0.0063
0.0112
0.0576
0.038
0.0466
0.0659
0.7331
0.9338
4.9151
0.7182999999999999
0.6319
0.5291
0.542
0.5885
0.6514
0.7123999999999999
0.7523
0.8568
0.8792
0.8952
1.0058
0.8492
0.912
1.0508
1.0389
0.792
0.6504
0.5753999999999999
0.5247999999999999
0.5025
0.8016
1.6915
4.3154
2.3402000000000003
0.7462
0.5598000000000001
0.7269
0.4057
0.39
0.3621
0.3257
0.3258
0.34230000000000005
0.31930000000000003
0.3059
0.2884
0.6939
0.6037
0.39180000000000004
0.36019999999999996
0.2606
0.1975
0.1424
0.11480000000000001
0.7588999999999999
1.2915
0.0
0.2463
0.3355
1.7884
0.2679
0.1254
0.0501
0.0791
0.0807
0.4074
0.21610000000000001
0.056400000000000006
0.0572
0.1178
0.3174
0.1012
0.1734
0.1906
0.19779999999999998
0.2685
0.4615
0.4435
0.7185
1.6353
2.1086
0.9224
0.0509
0.0493
0.056400000000000006
0.15510000000000002
0.20879999999999999
0.7496
0.7863
0.5363
1.041
0.5634
0.1581
0.1065
0.0891
0.0826
0.0527
0.021400000000000002
0.0275
0.0652
0.1243
0.1767
0.40869999999999995
0.2586
0.2377
0.1885
0.2404
1.6529
0.1089
0.0192
0.1436
0.12410000000000002
0.7729
0.2005
0.1283
0.23570000000000002
0.24109999999999998
0.5963
0.3624
0.32430000000000003
0.28859999999999997
0.2952
0.2841
0.2894
0.33909999999999996
0.3467
1.0472000000000001
0.9861
0.9514
0.8909
0.8224
0.487
0.18109999999999998
0.1918
0.12140000000000001
0.08829999999999999
0.09659999999999999
0.131
0.0688
0.0322
0.0288
0.0447
0.4553
1.1739
1.5836999999999999
1.5394999999999999
1.5134
1.5901999999999998
2.5141
2.6897
0.0374
0.0428
0.0305
0.0435
0.0611
0.1065
0.2208
0.0681
0.0616
0.1247
0.0668
0.0553
0.045700000000000005
0.0295
0.0263
0.0118
0.018099999999999998
0.0284
0.0063
0.0112
0.0576
0.038
0.0466
0.0659
0.7331
0.9338
4.9151
0.7182999999999999
0.6319
0.5291
0.542
0.5885
0.6514
0.7123999999999999
0.7523
0.8568
0.8792
0.8952
1.0058
0.8492
0.912
1.0508
1.0389
0.792
0.6504
0.5753999999999999
0.5247999999999999
0.5025
0.8016
1.6915
4.3154
2.3402000000000003
0.7462
0.5598000000000001
0.7269
0.4057
0.39
0.3621
0.3257
0.3258
0.34230000000000005
0.31930000000000003
0.3059
0.2884
0.6939
0.6037
0.39180000000000004
0.36019999999999996
0.2606
0.1975
0.1424
0.11480000000000001
0.7588999999999999
1.2915
0.0
0.2463
0.3355
1.7884
0.2679
0.1254
0.0501
0.0791
0.0807
0.4074
0.21610000000000001
0.056400000000000006
0.0572
0.1178
0.3174
0.1012
0.1734
0.1906
0.19779999999999998
0.2685
0.4615
0.4435
0.7185
1.6353
2.1086
0.9224
0.0509
0.0493
0.056400000000000006
0.15510000000000002
0.20879999999999999
0.7496
0.7863
0.5363
1.041
0.5634
0.1581
0.1065
0.0891
0.0826
0.0527
0.021400000000000002
0.0275
0.0652
0.1243
0.1767
0.40869999999999995
0.2586
0.2377
0.1885
0.2404
1.6529
0.1089
0.0192
0.1436
0.12410000000000002
0.7729
0.2005
0.1283
0.23570000000000002
0.24109999999999998
0.5963
0.3624
0.32430000000000003
0.28859999999999997
0.2952
0.2841
0.2894
0.33909999999999996
0.3467
1.0472000000000001
0.9861
0.9514
0.8909
0.8224
0.487
0.18109999999999998
0.1918
0.12140000000000001
0.08829999999999999
0.09659999999999999
0.131
0.0688
0.0322
0.0288
0.0447
0.4553
1.1739
1.5836999999999999
1.5394999999999999
1.5134
1.5901999999999998
2.5141
2.6897
0.0374
0.0428
0.0305
0.0435
0.0611
0.1065
0.2208
0.0681
0.0616
0.1247
0.0668
0.0553
0.045700000000000005
0.0295
0.0263
0.0118
0.018099999999999998
0.0284
0.0063
0.0112
0.0576
0.038
0.0466
0.0659
0.7331
0.9338
4.9151
0.7182999999999999
0.6319
0.5291
0.542
0.5885
0.6514
0.7123999999999999
0.7523
0.8568
0.8792
0.8952
1.0058
0.8492
0.912
1.0508
1.0389
0.792
0.6504
0.5753999999999999
0.5247999999999999
0.5025
0.8016
1.6915
4.3154
2.3402000000000003
0.7462
0.5598000000000001
0.7269
0.4057
0.39
0.3621
0.3257
0.3258
0.34230000000000005
0.31930000000000003
0.3059
0.2884
0.6939
0.6037
0.39180000000000004
0.36019999999999996
0.2606
0.1975
0.1424
0.11480000000000001
0.7588999999999999
1.2915
0.0
0.2463
0.3355
1.7884
0.2679
0.1254
0.0501
0.0791
0.0807
0.4074
0.21610000000000001
0.056400000000000006
0.0572
0.1178
0.3174
0.1012
0.1734
0.1906
0.19779999999999998
0.2685
0.4615
0.4435
0.7185
1.6353
2.1086
0.9224
0.0509
0.0493
0.056400000000000006
0.15510000000000002
0.20879999999999999
0.7496
0.7863
0.5363
1.041
0.5634
0.1581
0.1065
0.0891
0.0826
0.0527
0.021400000000000002
0.0275
0.0652
0.1243
0.1767
0.40869999999999995
0.2586
0.2377
0.1885
0.2404
1.6529
0.1089
0.0192
0.1436
0.12410000000000002
0.7729
0.2005
0.1283
0.23570000000000002
0.24109999999999998
0.5963
0.3624
0.32430000000000003
0.28859999999999997
0.2952
0.2841
0.2894
0.33909999999999996
0.3467
1.0472000000000001
0.9861
0.9514
0.8909
0.8224
0.487
0.18109999999999998
0.1918
0.12140000000000001
0.08829999999999999
0.09659999999999999
0.131
0.0688
0.0322
0.0288
0.0447
0.4553
1.1739
1.5836999999999999
1.5394999999999999
1.5134
1.5901999999999998
2.5141
2.6897
0.0374
0.0428
0.0305
0.0435
0.0611
0.1065
0.2208
0.0681
0.0616
0.1247
0.0668
0.0553
0.045700000000000005
0.0295
0.0263
0.0118
0.018099999999999998
0.0284
0.0063
0.0112
0.0576
0.038
0.0466
0.0659
0.7331
0.9338
4.9151
0.7182999999999999
0.6319
0.5291
0.542
0.5885
0.6514
0.7123999999999999
0.7523
0.8568
0.8792
0.8952
1.0058
0.8492
0.912
1.0508
1.0389
0.792
0.6504
0.5753999999999999
0.5247999999999999
0.5025
0.5163
0.0934
3.3392
2.3
3.2115
1.3946
0.0023
0.0
0.0023
0.0175
0.0746
0.1376
0.0764
0.0587
0.0472
0.0
0.0
0.0
0.4807
0.0
0.0
0.1741
0.6255999999999999
1.6764000000000001
3.8533999999999997
6.0143
6.120699999999999
4.4502
0.329
0.119
0.1055
0.0902
0.066
0.06080000000000001
0.0754
0.0702
0.0628
0.0636
0.061900000000000004
0.07100000000000001
0.0889
0.11560000000000001
1.0039
0.368
0.2974
0.6022000000000001
1.423
0.9686
0.0923
0.09309999999999999
0.0933
0.098
0.0994
0.0879
0.0665
0.0523
0.0296
0.0621
0.0563
0.0542
0.0547
0.0433
0.046
0.0335
0.0283
0.0222
0.0257
0.06570000000000001
0.0873
0.07980000000000001
0.0827
0.08660000000000001
2.6132999999999997
3.4462
0.3942
0.2477
0.2489
0.5897
0.093
0.0182
0.0233
0.0263
0.044800000000000006
0.0312
0.0288
0.0385
0.0526
0.0203
0.0058
0.0
1.2437
0.1971
0.19140000000000001
0.4296
0.3432
2.4681
1.0377999999999998
1.1499000000000001
1.2618
0.5556
0.1526
0.1877
0.1845
0.205
0.228
0.2457
0.2891
0.40549999999999997
0.2723
0.1856
0.1981
0.1809
0.17980000000000002
0.1679
0.9904000000000001
1.1276
0.4989
0.8697
0.9506
1.5270000000000001
3.3398
4.8841
4.532500000000001
2.4684
1.0333999999999999
0.4286
0.3811
0.5085999999999999
0.3627
0.2177
0.16770000000000002
0.1386
0.1297
0.1092
0.12190000000000001
0.147
0.1595
0.1997
0.2828
0.7685
0.301
0.312
0.5559999999999999
0.7997000000000001
0.9233
0.23299999999999998
0.0369
0.0513
0.0545
0.06570000000000001
0.1585
0.2241
0.194
0.23370000000000002
0.3063
0.5627
0.6851
0.3744
0.2488
0.6128
0.3038
0.0852
0.0664
0.06509999999999999
0.024100000000000003
0.0006
0.0202
1.9811999999999999
0.5163
0.0934
3.3392
2.3
3.2115
1.3946
0.0023
0.0
0.0023
0.0175
0.0746
0.1376
0.0764
0.0587
0.0472
0.0
0.0
0.0
0.4807
0.0
0.0
0.1741
0.6255999999999999
1.6764000000000001
3.8533999999999997
6.0143
6.120699999999999
4.4502
0.329
0.119
0.1055
0.0902
0.066
0.06080000000000001
0.0754
0.0702
0.0628
0.0636
0.061900000000000004
0.07100000000000001
0.0889
0.11560000000000001
1.0039
0.368
0.2974
0.6022000000000001
1.423
0.9686
0.0923
0.09309999999999999
0.0933
0.098
0.0994
0.0879
0.0665
0.0523
0.0296
0.0621
0.0563
0.0542
0.0547
0.0433
0.046
0.0335
0.0283
0.0222
0.0257
0.06570000000000001
0.0873
0.07980000000000001
0.0827
0.08660000000000001
2.6132999999999997
3.4462
0.3942
0.2477
0.2489
0.5897
0.093
0.0182
0.0233
0.0263
0.044800000000000006
0.0312
0.0288
0.0385
0.0526
0.0203
0.0058
0.0
1.2437
0.1971
0.19140000000000001
0.4296
0.3432
2.4681
1.0377999999999998
1.1499000000000001
1.2618
0.5556
0.1526
0.1877
0.1845
0.205
0.228
0.2457
0.2891
0.40549999999999997
0.2723
0.1856
0.1981
0.1809
0.17980000000000002
0.1679
0.9904000000000001
1.1276
0.4989
0.8697
0.9506
1.5270000000000001
3.3398
4.8841
4.532500000000001
2.4684
1.0333999999999999
0.4286
0.3811
0.5085999999999999
0.3627
0.2177
0.16770000000000002
0.1386
0.1297
0.1092
0.12190000000000001
0.147
0.1595
0.1997
0.2828
0.7685
0.301
0.312
0.5559999999999999
0.7997000000000001
0.9233
0.23299999999999998
0.0369
0.0513
0.0545
0.06570000000000001
0.1585
0.2241
0.194
0.23370000000000002
0.3063
0.5627
0.6851
0.3744
0.2488
0.6128
0.3038
0.0852
0.0664
0.06509999999999999
0.024100000000000003
0.0006
0.0202
1.9811999999999999
0.5163
0.0934
3.3392
2.3
3.2115
1.3946
0.0023
0.0
0.0023
0.0175
0.0746
0.1376
0.0764
0.0587
0.0472
0.0
0.0
0.0
0.4807
0.0
0.0
0.1741
0.6255999999999999
1.6764000000000001
3.8533999999999997
6.0143
6.120699999999999
4.4502
0.329
0.119
0.1055
0.0902
0.066
0.06080000000000001
0.0754
0.0702
0.0628
0.0636
0.061900000000000004
0.07100000000000001
0.0889
0.11560000000000001
1.0039
0.368
0.2974
0.6022000000000001
1.423
0.9686
0.0923
0.09309999999999999
0.0933
0.098
0.0994
0.0879
0.0665
0.0523
0.0296
0.0621
0.0563
0.0542
0.0547
0.0433
0.046
0.0335
0.0283
0.0222
0.0257
0.06570000000000001
0.0873
0.07980000000000001
0.0827
0.08660000000000001
2.6132999999999997
3.4462
0.3942
0.2477
0.2489
0.5897
0.093
0.0182
0.0233
0.0263
0.044800000000000006
0.0312
0.0288
0.0385
0.0526
0.0203
0.0058
0.0
1.2437
0.1971
0.19140000000000001
0.4296
0.3432
2.4681
1.0377999999999998
1.1499000000000001
1.2618
0.5556
0.1526
0.1877
0.1845
0.205
0.228
0.2457
0.2891
0.40549999999999997
0.2723
0.1856
0.1981
0.1809
0.17980000000000002
0.1679
0.9904000000000001
1.1276
0.4989
0.8697
0.9506
1.5270000000000001
3.3398
4.8841
4.532500000000001
2.4684
1.0333999999999999
0.4286
0.3811
0.5085999999999999
0.3627
0.2177
0.16770000000000002
0.1386
0.1297
0.1092
0.12190000000000001
0.147
0.1595
0.1997
0.2828
0.7685
0.301
0.312
0.5559999999999999
0.7997000000000001
0.9233
0.23299999999999998
0.0369
0.0513
0.0545
0.06570000000000001
0.1585
0.2241
0.194
0.23370000000000002
0.3063
0.5627
0.6851
0.3744
0.2488
0.6128
0.3038
0.0852
0.0664
0.06509999999999999
0.024100000000000003
0.0006
0.0202
1.9811999999999999
0.5163
0.0934
3.3392
2.3
3.2115
1.3946
0.0023
0.0
0.0023
0.0175
0.0746
0.1376
0.0764
0.0587
0.0472
0.0
0.0
0.0
0.4807
0.0
0.0
0.1741
0.6255999999999999
1.6764000000000001
3.8533999999999997
6.0143
6.120699999999999
4.4502
0.329
0.119
0.1055
0.0902
0.066
0.06080000000000001
0.0754
0.0702
0.0628
0.0636
0.061900000000000004
0.07100000000000001
0.0889
0.11560000000000001
1.0039
0.368
0.2974
0.6022000000000001
1.423
0.9686
0.0923
0.09309999999999999
0.0933
0.098
0.0994
0.0879
0.0665
0.0523
0.0296
0.0621
0.0563
0.0542
0.0547
0.0433
0.046
0.0335
0.0283
0.0222
0.0257
0.06570000000000001
0.0873
0.07980000000000001
0.0827
0.08660000000000001
2.6132999999999997
3.4462
0.3942
0.2477
0.2489
0.5897
0.093
0.0182
0.0233
0.0263
0.044800000000000006
0.0312
0.0288
0.0385
0.0526
0.0203
0.0058
0.0
1.2437
0.1971
0.19140000000000001
0.4296
0.3432
2.4681
1.0377999999999998
1.1499000000000001
1.2618
0.5556
0.1526
0.1877
0.1845
0.205
0.228
0.2457
0.2891
0.40549999999999997
0.2723
0.1856
0.1981
0.1809
0.17980000000000002
0.1679
0.9904000000000001
1.1276
0.4989
0.8697
0.9506
1.5270000000000001
3.3398
4.8841
4.532500000000001
2.4684
1.0333999999999999
0.4286
0.3811
0.5085999999999999
0.3627
0.2177
0.16770000000000002
0.1386
0.1297
0.1092
0.12190000000000001
0.147
0.1595
0.1997
0.2828
0.7685
0.301
0.312
0.5559999999999999
0.7997000000000001
0.9233
0.23299999999999998
0.0369
0.0513
0.0545
0.06570000000000001
0.1585
0.2241
0.194
0.23370000000000002
0.3063
0.5627
0.6851
0.3744
0.2488
0.6128
0.3038
0.0852
0.0664
0.06509999999999999
0.024100000000000003
0.0006
0.0202
1.9811999999999999
0.5163
0.0934
3.3392
2.3
3.2115
1.3946
0.0023
0.0
0.0023
0.0175
0.0746
0.1376
0.0764
0.0587
0.0472
0.0
0.0
0.0
0.4807
0.0
0.0
0.1741
0.6255999999999999
1.6764000000000001
3.8533999999999997
6.0143
6.120699999999999
4.4502
0.329
0.119
0.1055
0.0902
0.066
0.06080000000000001
0.0754
0.0702
0.0628
0.0636
0.061900000000000004
0.07100000000000001
0.0889
0.11560000000000001
1.0039
0.368
0.2974
0.6022000000000001
1.423
0.9686
0.8679
0.729
0.7223999999999999
0.6641
0.6431
0.599
0.5551999999999999
0.7895000000000001
0.7869
0.44370000000000004
0.2133
0.1477
0.1331
0.1195
0.12
0.5787
0.6197
0.4051
0.5246
0.7616
1.1484999999999999
1.2535
1.1091
1.3642
1.8429000000000002
1.9327999999999999
2.0617
1.3374
0.243
0.4082
0.4252
0.1022
0.08499999999999999
0.0764
0.0715
0.07669999999999999
0.08990000000000001
0.0947
0.1258
0.1995
1.1423
0.34550000000000003
0.31579999999999997
0.3248
0.30879999999999996
0.1977
0.3408
2.9536
0.0746
0.0736
0.07289999999999999
0.0753
0.0799
0.0905
0.0928
0.0797
0.0956
0.0868
0.0691
0.0581
0.061799999999999994
0.0639
0.06570000000000001
0.0701
0.056900000000000006
0.0696
0.0721
0.06509999999999999
0.0587
0.058399999999999994
0.0694
0.07980000000000001
4.1129
4.1457
4.3019
4.4345
4.4742
4.4821
0.6246999999999999
0.3598
0.3014
0.24409999999999998
0.2254
0.21100000000000002
0.20129999999999998
0.1902
0.1886
0.17859999999999998
0.20650000000000002
0.3238
2.3925
2.2683999999999997
1.2658
0.6869000000000001
0.4213
1.3318
0.6835
0.35519999999999996
0.2467
0.1159
0.0337
0.0248
0.027299999999999998
0.0361
0.0291
0.0374
0.028
0.0298
0.0265
0.0232
0.0258
0.0335
0.0406
0.0324
0.031799999999999995
0.0364
0.0341
0.0373
0.033100000000000004
0.3291
0.0497
0.2491
0.1422
0.1494
0.0821
0.08380000000000001
0.0473
0.0354
0.0322
0.0398
0.0191
0.0334
0.0161
0.0283
0.0315
0.0417
0.0411
0.049100000000000005
0.032100000000000004
0.0347
0.0221
0.011800000000000001
0.0056
0.025599999999999998
0.11510000000000001
0.12209999999999999
0.1299
0.0956
0.0377
0.0
0.0
0.45940000000000003
0.073
0.2016
0.39149999999999996
0.40290000000000004
0.046
0.0278
0.0
0.0
0.7116
0.6761
0.807
4.8672
4.6165
3.3131
1.2405
0.1876
0.8679
0.729
0.7223999999999999
0.6641
0.6431
0.599
0.5551999999999999
0.7895000000000001
0.7869
0.44370000000000004
0.2133
0.1477
0.1331
0.1195
0.12
0.5787
0.6197
0.4051
0.5246
0.7616
1.1484999999999999
1.2535
1.1091
1.3642
1.8429000000000002
1.9327999999999999
2.0617
1.3374
0.243
0.4082
0.4252
0.1022
0.08499999999999999
0.0764
0.0715
0.07669999999999999
0.08990000000000001
0.0947
0.1258
0.1995
1.1423
0.34550000000000003
0.31579999999999997
0.3248
0.30879999999999996
0.1977
0.3408
2.9536
0.0746
0.0736
0.07289999999999999
0.0753
0.0799
0.0905
0.0928
0.0797
0.0956
0.0868
0.0691
0.0581
0.061799999999999994
0.0639
0.06570000000000001
0.0701
0.056900000000000006
0.0696
0.0721
0.06509999999999999
0.0587
0.058399999999999994
0.0694
0.07980000000000001
4.1129
4.1457
4.3019
4.4345
4.4742
4.4821
0.6246999999999999
0.3598
0.3014
0.24409999999999998
0.2254
0.21100000000000002
0.20129999999999998
0.1902
0.1886
0.17859999999999998
0.20650000000000002
0.3238
2.3925
2.2683999999999997
1.2658
0.6869000000000001
0.4213
1.3318
0.6835
0.35519999999999996
0.2467
0.1159
0.0337
0.0248
0.027299999999999998
0.0361
0.0291
0.0374
0.028
0.0298
0.0265
0.0232
0.0258
0.0335
0.0406
0.0324
0.031799999999999995
0.0364
0.0341
0.0373
0.033100000000000004
0.3291
0.0497
0.2491
0.1422
0.1494
0.0821
0.08380000000000001
0.0473
0.0354
0.0322
0.0398
0.0191
0.0334
0.0161
0.0283
0.0315
0.0417
0.0411
0.049100000000000005
0.032100000000000004
0.0347
0.0221
0.011800000000000001
0.0056
0.025599999999999998
0.11510000000000001
0.12209999999999999
0.1299
0.0956
0.0377
0.0
0.0
0.45940000000000003
0.073
0.2016
0.39149999999999996
0.40290000000000004
0.046
0.0278
0.0
0.0
0.7116
0.6761
0.807
4.8672
4.6165
3.3131
1.2405
0.1876
0.8679
0.729
0.7223999999999999
0.6641
0.6431
0.599
0.5551999999999999
0.7895000000000001
0.7869
0.44370000000000004
0.2133
0.1477
0.1331
0.1195
0.12
0.5787
0.6197
0.4051
0.5246
0.7616
1.1484999999999999
1.2535
1.1091
1.3642
1.8429000000000002
1.9327999999999999
2.0617
1.3374
0.243
0.4082
0.4252
0.1022
0.08499999999999999
0.0764
0.0715
0.07669999999999999
0.08990000000000001
0.0947
0.1258
0.1995
1.1423
0.34550000000000003
0.31579999999999997
0.3248
0.30879999999999996
0.1977
0.3408
2.9536
0.0746
0.0736
0.07289999999999999
0.0753
0.0799
0.0905
0.0928
0.0797
0.0956
0.0868
0.0691
0.0581
0.061799999999999994
0.0639
0.06570000000000001
0.0701
0.056900000000000006
0.0696
0.0721
0.06509999999999999
0.0587
0.058399999999999994
0.0694
0.07980000000000001
4.1129
4.1457
4.3019
4.4345
4.4742
4.4821
0.6246999999999999
0.3598
0.3014
0.24409999999999998
0.2254
0.21100000000000002
0.20129999999999998
0.1902
0.1886
0.17859999999999998
0.20650000000000002
0.3238
2.3925
2.2683999999999997
1.2658
0.6869000000000001
0.4213
1.3318
0.6835
0.35519999999999996
0.2467
0.1159
0.0337
0.0248
0.027299999999999998
0.0361
0.0291
0.0374
0.028
0.0298
0.0265
0.0232
0.0258
0.0335
0.0406
0.0324
0.031799999999999995
0.0364
0.0341
0.0373
0.033100000000000004
0.3291
0.0497
0.2491
0.1422
0.1494
0.0821
0.08380000000000001
0.0473
0.0354
0.0322
0.0398
0.0191
0.0334
0.0161
0.0283
0.0315
0.0417
0.0411
0.049100000000000005
0.032100000000000004
0.0347
0.0221
0.011800000000000001
0.0056
0.025599999999999998
0.11510000000000001
0.12209999999999999
0.1299
0.0956
0.0377
0.0
0.0
0.45940000000000003
0.073
0.2016
0.39149999999999996
0.40290000000000004
0.046
0.0278
0.0
0.0
0.7116
0.6761
0.807
4.8672
4.6165
3.3131
1.2405
0.1876
0.8679
0.729
0.7223999999999999
0.6641
0.6431
0.599
0.5551999999999999
0.7895000000000001
0.7869
0.44370000000000004
0.2133
0.1477
0.1331
0.1195
0.12
0.5787
0.6197
0.4051
0.5246
0.7616
1.1484999999999999
1.2535
1.1091
1.3642
1.8429000000000002
1.9327999999999999
2.0617
1.3374
0.243
0.4082
0.4252
0.1022
0.08499999999999999
0.0764
0.0715
0.07669999999999999
0.08990000000000001
0.0947
0.1258
0.1995
1.1423
0.34550000000000003
0.31579999999999997
0.3248
0.30879999999999996
0.1977
0.3408
2.9536
0.0746
0.0736
0.07289999999999999
0.0753
0.0799
0.0905
0.0928
0.0797
0.0956
0.0868
0.0691
0.0581
0.061799999999999994
0.0639
0.06570000000000001
0.0701
0.056900000000000006
0.0696
0.0721
0.06509999999999999
0.0587
0.058399999999999994
0.0694
0.07980000000000001
4.1129
4.1457
4.3019
4.4345
4.4742
4.4821
0.6246999999999999
0.3598
0.3014
0.24409999999999998
0.2254
0.21100000000000002
0.20129999999999998
0.1902
0.1886
0.17859999999999998
0.20650000000000002
0.3238
2.3925
2.2683999999999997
1.2658
0.6869000000000001
0.4213
1.3318
0.6835
0.35519999999999996
0.2467
0.1159
0.0337
0.0248
0.027299999999999998
0.0361
0.0291
0.0374
0.028
0.0298
0.0265
0.0232
0.0258
0.0335
0.0406
0.0324
0.031799999999999995
0.0364
0.0341
0.0373
0.033100000000000004
0.3291
0.0497
0.2491
0.1422
0.1494
0.0821
0.08380000000000001
0.0473
0.0354
0.0322
0.0398
0.0191
0.0334
0.0161
0.0283
0.0315
0.0417
0.0411
0.049100000000000005
0.032100000000000004
0.0347
0.0221
0.011800000000000001
0.0056
0.025599999999999998
0.11510000000000001
0.12209999999999999
0.1299
0.0956
0.0377
0.0
0.0
0.45940000000000003
0.073
0.2016
0.39149999999999996
0.40290000000000004
0.046
0.0278
0.0
0.0
0.7116
0.6761
0.807
4.8672
4.6165
3.3131
1.2405
0.1876
0.8679
0.729
0.7223999999999999
0.6641
0.6431
0.599
0.5551999999999999
0.7895000000000001
0.7869
0.44370000000000004
0.2133
0.1477
0.1331
0.1195
0.12
0.5787
0.6197
0.4051
0.5246
0.7616
1.1484999999999999
1.2535
1.1091
1.3642
1.8429000000000002
1.9327999999999999
2.0617
1.3374
0.243
0.4082
0.4252
0.1022
0.08499999999999999
0.0764
0.0715
0.07669999999999999
0.08990000000000001
0.0947
0.1258
0.1995
1.1423
0.34550000000000003
0.31579999999999997
0.3248
0.30879999999999996
0.1977
0.3408
2.9536
0.0746
0.0736
0.07289999999999999
0.0753
0.0799
0.0905
0.0928
0.0797
0.0956
0.0868
0.0691
0.0581
0.061799999999999994
0.0639
0.06570000000000001
0.0701
0.056900000000000006
0.0696
0.0721
0.06509999999999999
0.0587
0.058399999999999994
0.0694
0.07980000000000001
0.388
3.1657
3.4911000000000003
3.8737
1.6199999999999999
1.5278
0.42110000000000003
0.038599999999999995
0.3512
0.0861
0.0444
0.0346
0.0305
0.0512
0.0513
0.036
0.0218
0.0201
0.0114
0.035699999999999996
0.0315
0.016900000000000002
0.056400000000000006
0.0638
0.0
0.0
0.0
0.0
0.0
0.0
0.0041
0.11989999999999999
0.1311
0.1315
0.1764
0.1434
0.175
2.4727
0.4358
0.435
0.5143
0.0063
1.0468
0.0
0.0
0.0
0.0
0.0
4.2171
6.0869
1.9496
0.0368
0.0696
0.12190000000000001
0.14150000000000001
0.1622
0.13840000000000002
0.14229999999999998
0.14650000000000002
0.17259999999999998
0.1778
0.1651
0.1379
0.1643
0.1361
0.13940000000000002
0.1478
0.1787
0.1299
0.0935
0.0716
0.046
0.8681
0.34909999999999997
0.2727
0.19190000000000002
0.1668
0.1632
0.126
0.11810000000000001
0.10039999999999999
0.1086
0.1436
0.152
0.0677
0.9926
1.3152
0.0335
0.019
0.0152
0.0
1.8062
0.7448999999999999
0.4926
0.18319999999999997
0.25470000000000004
0.0828
0.0422
0.057
0.0262
0.0001
0.0034
0.013900000000000001
0.0591
0.1708
0.21539999999999998
0.2787
0.3339
0.2173
1.195
3.8652
0.0487
0.0172
0.0075
0.1159
0.1829
0.26230000000000003
0.2373
0.1481
0.992
0.1023
0.7219
1.8984
0.2471
0.2309
0.4994
0.0283
0.0167
0.0195
0.0271
0.0315
0.029500000000000002
0.0296
0.0217
0.0119
0.0021999999999999997
0.0
0.6723
0.029
0.1196
0.19369999999999998
0.19879999999999998
0.0969
0.0983
0.531
0.34040000000000004
0.2484
0.136
0.0552
0.045899999999999996
0.044
0.050100000000000006
0.0462
0.0529
0.0467
0.0437
0.0414
0.0408
0.0461
0.0684
0.0607
0.052500000000000005
0.055400000000000005
0.0525
0.049
0.051699999999999996
0.0474
1.2585
0.388
3.1657
3.4911000000000003
3.8737
1.6199999999999999
1.5278
0.42110000000000003
0.038599999999999995
0.3512
0.0861
0.0444
0.0346
0.0305
0.0512
0.0513
0.036
0.0218
0.0201
0.0114
0.035699999999999996
0.0315
0.016900000000000002
0.056400000000000006
0.0638
0.0
0.0
0.0
0.0
0.0
0.0
0.0041
0.11989999999999999
0.1311
0.1315
0.1764
0.1434
0.175
2.4727
0.4358
0.435
0.5143
0.0063
1.0468
0.0
0.0
0.0
0.0
0.0
4.2171
6.0869
1.9496
0.0368
0.0696
0.12190000000000001
0.14150000000000001
0.1622
0.13840000000000002
0.14229999999999998
0.14650000000000002
0.17259999999999998
0.1778
0.1651
0.1379
0.1643
0.1361
0.13940000000000002
0.1478
0.1787
0.1299
0.0935
0.0716
0.046
0.8681
0.34909999999999997
0.2727
0.19190000000000002
0.1668
0.1632
0.126
0.11810000000000001
0.10039999999999999
0.1086
0.1436
0.152
0.0677
0.9926
1.3152
0.0335
0.019
0.0152
0.0
1.8062
0.7448999999999999
0.4926
0.18319999999999997
0.25470000000000004
0.0828
0.0422
0.057
0.0262
0.0001
0.0034
0.013900000000000001
0.0591
0.1708
0.21539999999999998
0.2787
0.3339
0.2173
1.195
3.8652
0.0487
0.0172
0.0075
0.1159
0.1829
0.26230000000000003
0.2373
0.1481
0.992
0.1023
0.7219
1.8984
0.2471
0.2309
0.4994
0.0283
0.0167
0.0195
0.0271
0.0315
0.029500000000000002
0.0296
0.0217
0.0119
0.0021999999999999997
0.0
0.6723
0.029
0.1196
0.19369999999999998
0.19879999999999998
0.0969
0.0983
0.531
0.34040000000000004
0.2484
0.136
0.0552
0.045899999999999996
0.044
0.050100000000000006
0.0462
0.0529
0.0467
0.0437
0.0414
0.0408
0.0461
0.0684
0.0607
0.052500000000000005
0.055400000000000005
0.0525
0.049
0.051699999999999996
0.0474
1.2585
0.388
3.1657
3.4911000000000003
3.8737
1.6199999999999999
1.5278
0.42110000000000003
0.038599999999999995
0.3512
0.0861
0.0444
0.0346
0.0305
0.0512
0.0513
0.036
0.0218
0.0201
0.0114
0.035699999999999996
0.0315
0.016900000000000002
0.056400000000000006
0.0638
0.0
0.0
0.0
0.0
0.0
0.0
0.0041
0.11989999999999999
0.1311
0.1315
0.1764
0.1434
0.175
2.4727
0.4358
0.435
0.5143
0.0063
1.0468
0.0
0.0
0.0
0.0
0.0
4.2171
6.0869
1.9496
0.0368
0.0696
0.12190000000000001
0.14150000000000001
0.1622
0.13840000000000002
0.14229999999999998
0.14650000000000002
0.17259999999999998
0.1778
0.1651
0.1379
0.1643
0.1361
0.13940000000000002
0.1478
0.1787
0.1299
0.0935
0.0716
0.046
0.8681
0.34909999999999997
0.2727
0.19190000000000002
0.1668
0.1632
0.126
0.11810000000000001
0.10039999999999999
0.1086
0.1436
0.152
0.0677
0.9926
1.3152
0.0335
0.019
0.0152
0.0
1.8062
0.7448999999999999
0.4926
0.18319999999999997
0.25470000000000004
0.0828
0.0422
0.057
0.0262
0.0001
0.0034
0.013900000000000001
0.0591
0.1708
0.21539999999999998
0.2787
0.3339
0.2173
1.195
3.8652
0.0487
0.0172
0.0075
0.1159
0.1829
0.26230000000000003
0.2373
0.1481
0.992
0.1023
0.7219
1.8984
0.2471
0.2309
0.4994
0.0283
0.0167
0.0195
0.0271
0.0315
0.029500000000000002
0.0296
0.0217
0.0119
0.0021999999999999997
0.0
0.6723
0.029
0.1196
0.19369999999999998
0.19879999999999998
0.0969
0.0983
0.531
0.34040000000000004
0.2484
0.136
0.0552
0.045899999999999996
0.044
0.050100000000000006
0.0462
0.0529
0.0467
0.0437
0.0414
0.0408
0.0461
0.0684
0.0607
0.052500000000000005
0.055400000000000005
0.0525
0.049
0.051699999999999996
0.0474
1.2585
0.388
3.1657
3.4911000000000003
3.8737
1.6199999999999999
1.5278
0.42110000000000003
0.038599999999999995
0.3512
0.0861
0.0444
0.0346
0.0305
0.0512
0.0513
0.036
0.0218
0.0201
0.0114
0.035699999999999996
0.0315
0.016900000000000002
0.056400000000000006
0.0638
0.0
0.0
0.0
0.0
0.0
0.0
0.0041
0.11989999999999999
0.1311
0.1315
0.1764
0.1434
0.175
2.4727
0.4358
0.435
0.5143
0.0063
1.0468
0.0
0.0
0.0
0.0
0.0
4.2171
6.0869
1.9496
0.0368
0.0696
0.12190000000000001
0.14150000000000001
0.1622
0.13840000000000002
0.14229999999999998
0.14650000000000002
0.17259999999999998
0.1778
0.1651
0.1379
0.1643
0.1361
0.13940000000000002
0.1478
0.1787
0.1299
0.0935
0.0716
0.046
0.8681
0.34909999999999997
0.2727
0.19190000000000002
0.1668
0.1632
0.126
0.11810000000000001
0.10039999999999999
0.1086
0.1436
0.152
0.0677
0.9926
1.3152
0.0335
0.019
0.0152
0.0
1.8062
0.7448999999999999
0.4926
0.18319999999999997
0.25470000000000004
0.0828
0.0422
0.057
0.0262
0.0001
0.0034
0.013900000000000001
0.0591
0.1708
0.21539999999999998
0.2787
0.3339
0.2173
1.195
3.8652
0.0487
0.0172
0.0075
0.1159
0.1829
0.26230000000000003
0.2373
0.1481
0.992
0.1023
0.7219
1.8984
0.2471
0.2309
0.4994
0.0283
0.0167
0.0195
0.0271
0.0315
0.029500000000000002
0.0296
0.0217
0.0119
0.0021999999999999997
0.0
0.6723
0.029
0.1196
0.19369999999999998
0.19879999999999998
0.0969
0.0983
0.531
0.34040000000000004
0.2484
0.136
0.0552
0.045899999999999996
0.044
0.050100000000000006
0.0462
0.0529
0.0467
0.0437
0.0414
0.0408
0.0461
0.0684
0.0607
0.052500000000000005
0.055400000000000005
0.0525
0.049
0.051699999999999996
0.0474
1.2585
0.388
3.1657
3.4911000000000003
3.8737
1.6199999999999999
1.5278
0.42110000000000003
0.038599999999999995
0.3512
0.0861
0.0444
0.0346
0.0305
0.0512
0.0513
0.036
0.0218
0.0201
0.0114
0.035699999999999996
0.0315
0.016900000000000002
0.056400000000000006
0.0638
0.0
0.0
0.0
0.0
0.0
0.0
0.0041
0.11989999999999999
0.1311
0.1315
0.1764
0.1434
0.175
2.4727
0.4358
0.435
0.5143
0.0063
1.0468
0.0
0.0
0.0
0.0
0.0
0.1028
0.0737
0.0907
0.0628
0.06130000000000001
0.0905
0.157
0.121
0.0469
0.0335
0.0377
0.0419
0.0431
0.0282
3.666
0.455
0.489
0.365
0.256
0.3728
0.3952
0.0121
0.0029
0.08199999999999999
2.0987999999999998
1.0546
0.8457
0.0
0.0076
0.0
0.1346
0.034199999999999994
0.035199999999999995
0.018000000000000002
0.0178
0.0473
0.0398
0.0408
0.024399999999999998
0.0035
0.0114
0.0479
0.0241
0.0188
0.0063
0.0412
0.0577
4.8835
3.4171
0.0
0.0
0.0
0.0068
0.0781
0.6355999999999999
0.2402
0.021099999999999997
0.048
0.0738
0.0846
0.059899999999999995
0.0686
0.28800000000000003
0.2278
0.0581
0.089
0.056499999999999995
0.0049
0.3213
0.7821
0.0669
2.7247
0.041999999999999996
0.0476
0.0591
0.058
0.061700000000000005
0.0654
0.0441
0.0211
0.0119
0.0225
0.022699999999999998
0.0235
0.024399999999999998
0.024399999999999998
0.0319
0.027
0.0287
0.0269
0.0221
0.0405
0.045200000000000004
0.0631
0.12290000000000001
1.4721
0.20379999999999998
0.2067
0.2
0.1583
0.1202
0.0744
0.023600000000000003
0.0257
0.0238
0.026799999999999997
0.021900000000000003
0.0184
0.023
0.0256
0.027700000000000002
0.0533
0.0456
0.0346
0.0368
0.038
0.038
0.0375
0.0388
0.0718
0.2212
5.4342
6.5182
3.4809
0.8778
0.8342
0.3766
0.0344
0.0901
0.0941
0.1202
0.1163
0.1354
0.11349999999999999
0.09870000000000001
0.08399999999999999
0.0538
0.0739
0.09540000000000001
1.2579
0.12890000000000001
0.0518
0.0403
0.0644
2.5048
2.4261
2.4036
2.3247999999999998
2.2788
0.7237
0.0821
0.179
0.2786
0.1245
0.1779
0.2094
0.2229
0.1412
0.1103
0.09709999999999999
0.08449999999999999
0.06789999999999999
0.0723
0.0975
0.1085
0.078
0.2464
2.1707
0.1028
0.0737
0.0907
0.0628
0.06130000000000001
0.0905
0.157
0.121
0.0469
0.0335
0.0377
0.0419
0.0431
0.0282
3.666
0.455
0.489
0.365
0.256
0.3728
0.3952
0.0121
0.0029
0.08199999999999999
2.0987999999999998
1.0546
0.8457
0.0
0.0076
0.0
0.1346
0.034199999999999994
0.035199999999999995
0.018000000000000002
0.0178
0.0473
0.0398
0.0408
0.024399999999999998
0.0035
0.0114
0.0479
0.0241
0.0188
0.0063
0.0412
0.0577
4.8835
3.4171
0.0
0.0
0.0
0.0068
0.0781
0.6355999999999999
0.2402
0.021099999999999997
0.048
0.0738
0.0846
0.059899999999999995
0.0686
0.28800000000000003
0.2278
0.0581
0.089
0.056499999999999995
0.0049
0.3213
0.7821
0.0669
2.7247
0.041999999999999996
0.0476
0.0591
0.058
0.061700000000000005
0.0654
0.0441
0.0211
0.0119
0.0225
0.022699999999999998
0.0235
0.024399999999999998
0.024399999999999998
0.0319
0.027
0.0287
0.0269
0.0221
0.0405
0.045200000000000004
0.0631
0.12290000000000001
1.4721
0.20379999999999998
0.2067
0.2
0.1583
0.1202
0.0744
0.023600000000000003
0.0257
0.0238
0.026799999999999997
0.021900000000000003
0.0184
0.023
0.0256
0.027700000000000002
0.0533
0.0456
0.0346
0.0368
0.038
0.038
0.0375
0.0388
0.0718
0.2212
5.4342
6.5182
3.4809
0.8778
0.8342
0.3766
0.0344
0.0901
0.0941
0.1202
0.1163
0.1354
0.11349999999999999
0.09870000000000001
0.08399999999999999
0.0538
0.0739
0.09540000000000001
1.2579
0.12890000000000001
0.0518
0.0403
0.0644
2.5048
2.4261
2.4036
2.3247999999999998
2.2788
0.7237
0.0821
0.179
0.2786
0.1245
0.1779
0.2094
0.2229
0.1412
0.1103
0.09709999999999999
0.08449999999999999
0.06789999999999999
0.0723
0.0975
0.1085
0.078
0.2464
2.1707
0.1028
0.0737
0.0907
0.0628
0.06130000000000001
0.0905
0.157
0.121
0.0469
0.0335
0.0377
0.0419
0.0431
0.0282
3.666
0.455
0.489
0.365
0.256
0.3728
0.3952
0.0121
0.0029
0.08199999999999999
2.0987999999999998
1.0546
0.8457
0.0
0.0076
0.0
0.1346
0.034199999999999994
0.035199999999999995
0.018000000000000002
0.0178
0.0473
0.0398
0.0408
0.024399999999999998
0.0035
0.0114
0.0479
0.0241
0.0188
0.0063
0.0412
0.0577
4.8835
3.4171
0.0
0.0
0.0
0.0068
0.0781
0.6355999999999999
0.2402
0.021099999999999997
0.048
0.0738
0.0846
0.059899999999999995
0.0686
0.28800000000000003
0.2278
0.0581
0.089
0.056499999999999995
0.0049
0.3213
0.7821
0.0669
2.7247
0.041999999999999996
0.0476
0.0591
0.058
0.061700000000000005
0.0654
0.0441
0.0211
0.0119
0.0225
0.022699999999999998
0.0235
0.024399999999999998
0.024399999999999998
0.0319
0.027
0.0287
0.0269
0.0221
0.0405
0.045200000000000004
0.0631
0.12290000000000001
1.4721
0.20379999999999998
0.2067
0.2
0.1583
0.1202
0.0744
0.023600000000000003
0.0257
0.0238
0.026799999999999997
0.021900000000000003
0.0184
0.023
0.0256
0.027700000000000002
0.0533
0.0456
0.0346
0.0368
0.038
0.038
0.0375
0.0388
0.0718
0.2212
5.4342
6.5182
3.4809
0.8778
0.8342
0.3766
0.0344
0.0901
0.0941
0.1202
0.1163
0.1354
0.11349999999999999
0.09870000000000001
0.08399999999999999
0.0538
0.0739
0.09540000000000001
1.2579
0.12890000000000001
0.0518
0.0403
0.0644
2.5048
2.4261
2.4036
2.3247999999999998
2.2788
0.7237
0.0821
0.179
0.2786
0.1245
0.1779
0.2094
0.2229
0.1412
0.1103
0.09709999999999999
0.08449999999999999
0.06789999999999999
0.0723
0.0975
0.1085
0.078
0.2464
2.1707
0.1028
0.0737
0.0907
0.0628
0.06130000000000001
0.0905
0.157
0.121
0.0469
0.0335
0.0377
0.0419
0.0431
0.0282
3.666
0.455
0.489
0.365
0.256
0.3728
0.3952
0.0121
0.0029
0.08199999999999999
2.0987999999999998
1.0546
0.8457
0.0
0.0076
0.0
0.1346
0.034199999999999994
0.035199999999999995
0.018000000000000002
0.0178
0.0473
0.0398
0.0408
0.024399999999999998
0.0035
0.0114
0.0479
0.0241
0.0188
0.0063
0.0412
0.0577
4.8835
3.4171
0.0
0.0
0.0
0.0068
0.0781
0.6355999999999999
0.2402
0.021099999999999997
0.048
0.0738
0.0846
0.059899999999999995
0.0686
0.28800000000000003
0.2278
0.0581
0.089
0.056499999999999995
0.0049
0.3213
0.7821
0.0669
2.7247
0.041999999999999996
0.0476
0.0591
0.058
0.061700000000000005
0.0654
0.0441
0.0211
0.0119
0.0225
0.022699999999999998
0.0235
0.024399999999999998
0.024399999999999998
0.0319
0.027
0.0287
0.0269
0.0221
0.0405
0.045200000000000004
0.0631
0.12290000000000001
1.4721
0.20379999999999998
0.2067
0.2
0.1583
0.1202
0.0744
0.023600000000000003
0.0257
0.0238
0.026799999999999997
0.021900000000000003
0.0184
0.023
0.0256
0.027700000000000002
0.0533
0.0456
0.0346
0.0368
0.038
0.038
0.0375
0.0388
0.0718
0.2212
5.4342
6.5182
3.4809
0.8778
0.8342
0.3766
0.0344
0.0901
0.0941
0.1202
0.1163
0.1354
0.11349999999999999
0.09870000000000001
0.08399999999999999
0.0538
0.0739
0.09540000000000001
1.2579
0.12890000000000001
0.0518
0.0403
0.0644
2.5048
2.4261
2.4036
2.3247999999999998
2.2788
0.7237
0.0821
0.179
0.2786
0.1245
0.1779
0.2094
0.2229
0.1412
0.1103
0.09709999999999999
0.08449999999999999
0.06789999999999999
0.0723
0.0975
0.1085
0.078
0.2464
2.1707
0.1028
0.0737
0.0907
0.0628
0.06130000000000001
0.0905
0.157
0.121
0.0469
0.0335
0.0377
0.0419
0.0431
0.0282
3.666
0.455
0.489
0.365
0.256
0.3728
0.3952
0.0121
0.0029
0.08199999999999999
2.0987999999999998
1.0546
0.8457
0.0
0.0076
0.0
0.1346
0.034199999999999994
0.035199999999999995
0.018000000000000002
0.0178
0.0473
0.0398
0.0408
0.024399999999999998
0.0035
0.0114
0.0479
0.0241
0.0188
0.0063
0.0412
0.0577
4.8835
3.4171
0.0
0.0
0.0
0.0068
0.0781
0.6355999999999999
0.2402
0.021099999999999997
0.048
0.0738
0.0846
0.059899999999999995
0.0686
0.28800000000000003
0.2278
0.0581
0.089
0.056499999999999995
0.0049
0.3213
0.7821
0.0669
2.7247
0.0347
0.0364
0.036000000000000004
0.0381
0.0407
0.0402
0.0276
0.0241
0.0398
0.051500000000000004
0.0393
0.0381
0.0344
0.0377
0.0378
0.036199999999999996
0.035
0.0441
0.0382
0.035699999999999996
0.028
0.015
0.0246
0.0344
0.9466
0.1602
0.1076
0.0756
0.1104
0.11499999999999999
0.1127
0.1256
0.1302
0.1399
0.3679
0.8993
0.3009
0.1592
0.3911
0.2885
0.15139999999999998
0.1005
0.4896
0.753
0.294
0.5784
1.6756000000000002
3.1182
1.4735
1.2383
1.3054000000000001
1.3959000000000001
0.9474
0.0917
0.026
0.0393
0.0611
0.0686
0.0677
0.06129999999999999
0.0755
0.1066
0.7434000000000001
0.24719999999999998
1.4851
0.2515
0.2697
0.4978
0.45409999999999995
0.2294
0.1557
1.1520000000000001
6.8341
3.3446
5.811999999999999
2.6416
1.5258
2.0024
1.2236
0.5226
0.022
0.16449999999999998
2.6322
0.7232
3.6068
0.1083
0.0
0.0
0.0
0.07730000000000001
0.19290000000000002
0.2123
0.2067
0.27549999999999997
0.3103
5.682099999999999
3.3025
3.2779
2.1389
0.0661
0.053000000000000005
0.0633
0.0508
0.0562
0.0383
0.036699999999999997
0.0345
0.0109
0.0233
0.0
0.2859
0.4748
0.0933
0.17909999999999998
0.5256000000000001
2.3822
1.8132
0.1817
0.0262
2.3692
0.2836
0.2737
0.2681
0.2524
0.2727
0.9641
1.8256000000000001
0.3005
0.3558
0.3751
0.3822
0.7301
0.7836
0.3114
0.2933
0.3058
1.0822
0.5121
0.4464
0.5138
0.9897
1.3014999999999999
0.7322
0.4174
0.2741
0.9638
0.0
0.0
0.0
0.0
0.0406
0.0219
0.0233
0.0038
0.0026
0.0
0.023
0.49060000000000004
0.0
0.0
0.0
0.0
0.0233
0.0357
0.0689
0.011
0.0057
0.1549
0.0347
0.0364
0.036000000000000004
0.0381
0.0407
0.0402
0.0276
0.0241
0.0398
0.051500000000000004
0.0393
0.0381
0.0344
0.0377
0.0378
0.036199999999999996
0.035
0.0441
0.0382
0.035699999999999996
0.028
0.015
0.0246
0.0344
0.9466
0.1602
0.1076
0.0756
0.1104
0.11499999999999999
0.1127
0.1256
0.1302
0.1399
0.3679
0.8993
0.3009
0.1592
0.3911
0.2885
0.15139999999999998
0.1005
0.4896
0.753
0.294
0.5784
1.6756000000000002
3.1182
1.4735
1.2383
1.3054000000000001
1.3959000000000001
0.9474
0.0917
0.026
0.0393
0.0611
0.0686
0.0677
0.06129999999999999
0.0755
0.1066
0.7434000000000001
0.24719999999999998
1.4851
0.2515
0.2697
0.4978
0.45409999999999995
0.2294
0.1557
1.1520000000000001
6.8341
3.3446
5.811999999999999
2.6416
1.5258
2.0024
1.2236
0.5226
0.022
0.16449999999999998
2.6322
0.7232
3.6068
0.1083
0.0
0.0
0.0
0.07730000000000001
0.19290000000000002
0.2123
0.2067
0.27549999999999997
0.3103
5.682099999999999
3.3025
3.2779
2.1389
0.0661
0.053000000000000005
0.0633
0.0508
0.0562
0.0383
0.036699999999999997
0.0345
0.0109
0.0233
0.0
0.2859
0.4748
0.0933
0.17909999999999998
0.5256000000000001
2.3822
1.8132
0.1817
0.0262
2.3692
0.2836
0.2737
0.2681
0.2524
0.2727
0.9641
1.8256000000000001
0.3005
0.3558
0.3751
0.3822
0.7301
0.7836
0.3114
0.2933
0.3058
1.0822
0.5121
0.4464
0.5138
0.9897
1.3014999999999999
0.7322
0.4174
0.2741
0.9638
0.0
0.0
0.0
0.0
0.0406
0.0219
0.0233
0.0038
0.0026
0.0
0.023
0.49060000000000004
0.0
0.0
0.0
0.0
0.0233
0.0357
0.0689
0.011
0.0057
0.1549
0.0347
0.0364
0.036000000000000004
0.0381
0.0407
0.0402
0.0276
0.0241
0.0398
0.051500000000000004
0.0393
0.0381
0.0344
0.0377
0.0378
0.036199999999999996
0.035
0.0441
0.0382
0.035699999999999996
0.028
0.015
0.0246
0.0344
0.9466
0.1602
0.1076
0.0756
0.1104
0.11499999999999999
0.1127
0.1256
0.1302
0.1399
0.3679
0.8993
0.3009
0.1592
0.3911
0.2885
0.15139999999999998
0.1005
0.4896
0.753
0.294
0.5784
1.6756000000000002
3.1182
1.4735
1.2383
1.3054000000000001
1.3959000000000001
0.9474
0.0917
0.026
0.0393
0.0611
0.0686
0.0677
0.06129999999999999
0.0755
0.1066
0.7434000000000001
0.24719999999999998
1.4851
0.2515
0.2697
0.4978
0.45409999999999995
0.2294
0.1557
1.1520000000000001
6.8341
3.3446
5.811999999999999
2.6416
1.5258
2.0024
1.2236
0.5226
0.022
0.16449999999999998
2.6322
0.7232
3.6068
0.1083
0.0
0.0
0.0
0.07730000000000001
0.19290000000000002
0.2123
0.2067
0.27549999999999997
0.3103
5.682099999999999
3.3025
3.2779
2.1389
0.0661
0.053000000000000005
0.0633
0.0508
0.0562
0.0383
0.036699999999999997
0.0345
0.0109
0.0233
0.0
0.2859
0.4748
0.0933
0.17909999999999998
0.5256000000000001
2.3822
1.8132
0.1817
0.0262
2.3692
0.2836
0.2737
0.2681
0.2524
0.2727
0.9641
1.8256000000000001
0.3005
0.3558
0.3751
0.3822
0.7301
0.7836
0.3114
0.2933
0.3058
1.0822
0.5121
0.4464
0.5138
0.9897
1.3014999999999999
0.7322
0.4174
0.2741
0.9638
0.0
0.0
0.0
0.0
0.0406
0.0219
0.0233
0.0038
0.0026
0.0
0.023
0.49060000000000004
0.0
0.0
0.0
0.0
0.0233
0.0357
0.0689
0.011
0.0057
0.1549
0.0347
0.0364
0.036000000000000004
0.0381
0.0407
0.0402
0.0276
0.0241
0.0398
0.051500000000000004
0.0393
0.0381
0.0344
0.0377
0.0378
0.036199999999999996
0.035
0.0441
0.0382
0.035699999999999996
0.028
0.015
0.0246
0.0344
0.9466
0.1602
0.1076
0.0756
0.1104
0.11499999999999999
0.1127
0.1256
0.1302
0.1399
0.3679
0.8993
0.3009
0.1592
0.3911
0.2885
0.15139999999999998
0.1005
0.4896
0.753
0.294
0.5784
1.6756000000000002
3.1182
1.4735
1.2383
1.3054000000000001
1.3959000000000001
0.9474
0.0917
0.026
0.0393
0.0611
0.0686
0.0677
0.06129999999999999
0.0755
0.1066
0.7434000000000001
0.24719999999999998
1.4851
0.2515
0.2697
0.4978
0.45409999999999995
0.2294
0.1557
1.1520000000000001
6.8341
3.3446
5.811999999999999
2.6416
1.5258
2.0024
1.2236
0.5226
0.022
0.16449999999999998
2.6322
0.7232
3.6068
0.1083
0.0
0.0
0.0
0.07730000000000001
0.19290000000000002
0.2123
0.2067
0.27549999999999997
0.3103
5.682099999999999
3.3025
3.2779
2.1389
0.0661
0.053000000000000005
0.0633
0.0508
0.0562
0.0383
0.036699999999999997
0.0345
0.0109
0.0233
0.0
0.2859
0.4748
0.0933
0.17909999999999998
0.5256000000000001
2.3822
1.8132
0.1817
0.0262
2.3692
0.2836
0.2737
0.2681
0.2524
0.2727
0.9641
1.8256000000000001
0.3005
0.3558
0.3751
0.3822
0.7301
0.7836
0.3114
0.2933
0.3058
1.0822
0.5121
0.4464
0.5138
0.9897
1.3014999999999999
0.7322
0.4174
0.2741
0.9638
0.0
0.0
0.0
0.0
0.0406
0.0219
0.0233
0.0038
0.0026
0.0
0.023
0.49060000000000004
0.0
0.0
0.0
0.0
0.0233
0.0357
0.0689
0.011
0.0057
0.1549
0.0347
0.0364
0.036000000000000004
0.0381
0.0407
0.0402
0.0276
0.0241
0.0398
0.051500000000000004
0.0393
0.0381
0.0344
0.0377
0.0378
0.036199999999999996
0.035
0.0441
0.0382
0.035699999999999996
0.028
0.015
0.0246
0.0344
0.9466
0.1602
0.1076
0.0756
0.1104
0.11499999999999999
0.1127
0.1256
0.1302
0.1399
0.3679
0.8993
0.3009
0.1592
0.3911
0.2885
0.15139999999999998
0.1005
0.4896
0.753
0.294
0.5784
1.6756000000000002
3.1182
1.4735
1.2383
1.3054000000000001
1.3959000000000001
0.9474
0.0917
0.026
0.0393
0.0611
0.0686
0.0677
0.06129999999999999
0.0755
0.1066
0.7434000000000001
0.24719999999999998
1.4851
0.2515
0.2697
0.4978
0.45409999999999995
0.2294
0.1557
1.1520000000000001
0.0086
0.0104
0.0097
0.0107
0.022400000000000003
0.0182
0.026000000000000002
0.0198
0.0
0.023
0.0308
0.0285
0.0305
0.026099999999999998
0.0279
0.0248
0.0292
0.0254
0.0191
0.0293
0.027000000000000003
0.0093
0.0131
0.012
0.1996
0.1985
0.2047
0.2034
0.18730000000000002
0.1262
0.056999999999999995
0.0493
0.0075
0.0337
0.0259
0.0251
0.028999999999999998
0.024100000000000003
0.0345
0.0343
0.0091
0.0
0.2052
0.1355
0.1956
0.2425
0.2175
0.2011
0.0393
0.032600000000000004
0.0344
0.039999999999999994
0.0401
0.0502
0.0576
0.0534
0.0418
0.0994
0.0953
0.1084
0.1665
0.1889
0.1321
0.1163
0.11959999999999998
0.3017
0.1187
0.0674
0.0884
0.0541
0.0432
0.0421
5.0698
5.1164000000000005
0.5753
0.0
0.0043
0.0815
0.046
0.0038
0.0068
0.0349
0.038
0.1242
0.2803
0.1206
0.0991
0.005
0.0495
0.1021
0.18109999999999998
0.1992
0.0804
0.3294
1.0386000000000002
1.0731
3.4654
3.5438
2.0836
0.0
0.0
0.0094
0.024
0.0208
0.0269
0.030100000000000002
0.0441
0.030400000000000003
0.015
0.023
0.024399999999999998
0.0121
0.0131
0.0179
0.12040000000000001
0.0075
0.0189
0.0601
0.0283
0.1061
0.1719
0.17980000000000002
0.1774
0.181
0.2168
0.3677
0.1137
0.0644
0.0595
0.108
0.0809
0.0506
0.044700000000000004
0.0249
0.025599999999999998
0.0085
0.0004
0.0
0.04
0.2692
0.1785
0.1323
0.1179
0.1247
0.2177
0.2106
0.2274
0.24930000000000002
0.28859999999999997
0.5725
0.43510000000000004
0.2798
0.0859
0.0155
0.0356
0.025500000000000002
0.0299
0.0314
0.0361
0.037000000000000005
0.0443
0.07980000000000001
0.1178
0.2195
0.27
0.2485
0.24830000000000002
0.25329999999999997
0.0086
0.0104
0.0097
0.0107
0.022400000000000003
0.0182
0.026000000000000002
0.0198
0.0
0.023
0.0308
0.0285
0.0305
0.026099999999999998
0.0279
0.0248
0.0292
0.0254
0.0191
0.0293
0.027000000000000003
0.0093
0.0131
0.012
0.1996
0.1985
0.2047
0.2034
0.18730000000000002
0.1262
0.056999999999999995
0.0493
0.0075
0.0337
0.0259
0.0251
0.028999999999999998
0.024100000000000003
0.0345
0.0343
0.0091
0.0
0.2052
0.1355
0.1956
0.2425
0.2175
0.2011
0.0393
0.032600000000000004
0.0344
0.039999999999999994
0.0401
0.0502
0.0576
0.0534
0.0418
0.0994
0.0953
0.1084
0.1665
0.1889
0.1321
0.1163
0.11959999999999998
0.3017
0.1187
0.0674
0.0884
0.0541
0.0432
0.0421
5.0698
5.1164000000000005
0.5753
0.0
0.0043
0.0815
0.046
0.0038
0.0068
0.0349
0.038
0.1242
0.2803
0.1206
0.0991
0.005
0.0495
0.1021
0.18109999999999998
0.1992
0.0804
0.3294
1.0386000000000002
1.0731
3.4654
3.5438
2.0836
0.0
0.0
0.0094
0.024
0.0208
0.0269
0.030100000000000002
0.0441
0.030400000000000003
0.015
0.023
0.024399999999999998
0.0121
0.0131
0.0179
0.12040000000000001
0.0075
0.0189
0.0601
0.0283
0.1061
0.1719
0.17980000000000002
0.1774
0.181
0.2168
0.3677
0.1137
0.0644
0.0595
0.108
0.0809
0.0506
0.044700000000000004
0.0249
0.025599999999999998
0.0085
0.0004
0.0
0.04
0.2692
0.1785
0.1323
0.1179
0.1247
0.2177
0.2106
0.2274
0.24930000000000002
0.28859999999999997
0.5725
0.43510000000000004
0.2798
0.0859
0.0155
0.0356
0.025500000000000002
0.0299
0.0314
0.0361
0.037000000000000005
0.0443
0.07980000000000001
0.1178
0.2195
0.27
0.2485
0.24830000000000002
0.25329999999999997
0.0086
0.0104
0.0097
0.0107
0.022400000000000003
0.0182
0.026000000000000002
0.0198
0.0
0.023
0.0308
0.0285
0.0305
0.026099999999999998
0.0279
0.0248
0.0292
0.0254
0.0191
0.0293
0.027000000000000003
0.0093
0.0131
0.012
0.1996
0.1985
0.2047
0.2034
0.18730000000000002
0.1262
0.056999999999999995
0.0493
0.0075
0.0337
0.0259
0.0251
0.028999999999999998
0.024100000000000003
0.0345
0.0343
0.0091
0.0
0.2052
0.1355
0.1956
0.2425
0.2175
0.2011
0.0393
0.032600000000000004
0.0344
0.039999999999999994
0.0401
0.0502
0.0576
0.0534
0.0418
0.0994
0.0953
0.1084
0.1665
0.1889
0.1321
0.1163
0.11959999999999998
0.3017
0.1187
0.0674
0.0884
0.0541
0.0432
0.0421
5.0698
5.1164000000000005
0.5753
0.0
0.0043
0.0815
0.046
0.0038
0.0068
0.0349
0.038
0.1242
0.2803
0.1206
0.0991
0.005
0.0495
0.1021
0.18109999999999998
0.1992
0.0804
0.3294
1.0386000000000002
1.0731
3.4654
3.5438
2.0836
0.0
0.0
0.0094
0.024
0.0208
0.0269
0.030100000000000002
0.0441
0.030400000000000003
0.015
0.023
0.024399999999999998
0.0121
0.0131
0.0179
0.12040000000000001
0.0075
0.0189
0.0601
0.0283
0.1061
0.1719
0.17980000000000002
0.1774
0.181
0.2168
0.3677
0.1137
0.0644
0.0595
0.108
0.0809
0.0506
0.044700000000000004
0.0249
0.025599999999999998
0.0085
0.0004
0.0
0.04
0.2692
0.1785
0.1323
0.1179
0.1247
0.2177
0.2106
0.2274
0.24930000000000002
0.28859999999999997
0.5725
0.43510000000000004
0.2798
0.0859
0.0155
0.0356
0.025500000000000002
0.0299
0.0314
0.0361
0.037000000000000005
0.0443
0.07980000000000001
0.1178
0.2195
0.27
0.2485
0.24830000000000002
0.25329999999999997
0.0086
0.0104
0.0097
0.0107
0.022400000000000003
0.0182
0.026000000000000002
0.0198
0.0
0.023
0.0308
0.0285
0.0305
0.026099999999999998
0.0279
0.0248
0.0292
0.0254
0.0191
0.0293
0.027000000000000003
0.0093
0.0131
0.012
0.1996
0.1985
0.2047
0.2034
0.18730000000000002
0.1262
0.056999999999999995
0.0493
0.0075
0.0337
0.0259
0.0251
0.028999999999999998
0.024100000000000003
0.0345
0.0343
0.0091
0.0
0.2052
0.1355
0.1956
0.2425
0.2175
0.2011
0.0393
0.032600000000000004
0.0344
0.039999999999999994
0.0401
0.0502
0.0576
0.0534
0.0418
0.0994
0.0953
0.1084
0.1665
0.1889
0.1321
0.1163
0.11959999999999998
0.3017
0.1187
0.0674
0.0884
0.0541
0.0432
0.0421
5.0698
5.1164000000000005
0.5753
0.0
0.0043
0.0815
0.046
0.0038
0.0068
0.0349
0.038
0.1242
0.2803
0.1206
0.0991
0.005
0.0495
0.1021
0.18109999999999998
0.1992
0.0804
0.3294
1.0386000000000002
1.0731
3.4654
3.5438
2.0836
0.0
0.0
0.0094
0.024
0.0208
0.0269
0.030100000000000002
0.0441
0.030400000000000003
0.015
0.023
0.024399999999999998
0.0121
0.0131
0.0179
0.12040000000000001
0.0075
0.0189
0.0601
0.0283
0.1061
0.1719
0.17980000000000002
0.1774
0.181
0.2168
0.3677
0.1137
0.0644
0.0595
0.108
0.0809
0.0506
0.044700000000000004
0.0249
0.025599999999999998
0.0085
0.0004
0.0
0.04
0.2692
0.1785
0.1323
0.1179
0.1247
0.2177
0.2106
0.2274
0.24930000000000002
0.28859999999999997
0.5725
0.43510000000000004
0.2798
0.0859
0.0155
0.0356
0.025500000000000002
0.0299
0.0314
0.0361
0.037000000000000005
0.0443
0.07980000000000001
0.1178
0.2195
0.27
0.2485
0.24830000000000002
0.25329999999999997
0.0086
0.0104
0.0097
0.0107
0.022400000000000003
0.0182
0.026000000000000002
0.0198
0.0
0.023
0.0308
0.0285
0.0305
0.026099999999999998
0.0279
0.0248
0.0292
0.0254
0.0191
0.0293
0.027000000000000003
0.0093
0.0131
0.012
0.1996
0.1985
0.2047
0.2034
0.18730000000000002
0.1262
0.056999999999999995
0.0493
0.0075
0.0337
0.0259
0.0251
0.028999999999999998
0.024100000000000003
0.0345
0.0343
0.0091
0.0
0.2052
0.1355
0.1956
0.2425
0.2175
0.2011
0.9973000000000001
1.1999
1.2304
1.1616
1.1388
1.5631
3.9545
0.1148
0.2768
0.2395
0.249
0.2476
0.2969
0.32889999999999997
0.5083
1.1608999999999998
0.7961
0.8045
0.9072
0.5984
0.37029999999999996
0.3018
0.2603
0.2286
0.5931
1.1318
0.8674999999999999
0.8266
0.5127999999999999
0.4786
0.6026
1.2306
1.3394
0.7539
0.155
0.0
0.0
0.0
0.0
0.0101
0.0464
0.46719999999999995
1.1176
0.6974
0.6546000000000001
0.5595
0.4576
0.3927
1.7538
4.3556
3.8722000000000003
2.3488
0.425
0.16959999999999997
0.2099
0.057
0.0455
0.0485
0.0545
0.0542
0.0548
0.0505
0.0482
0.0422
0.0281
0.0318
0.30560000000000004
0.3223
0.10350000000000001
0.07239999999999999
0.053000000000000005
0.0352
3.6359
4.114599999999999
1.7927
1.7976999999999999
0.2451
0.0042
0.0224
0.036000000000000004
0.0426
0.0412
0.0531
0.0568
0.0432
0.0404
0.0356
0.0155
0.0021
0.016
0.0279
0.0726
0.23249999999999998
0.6128
1.2244000000000002
0.9917
0.6729
0.6854
0.6507000000000001
0.5768
0.536
0.514
4.4684
1.5024
0.3605
0.2108
0.4002
0.6154
0.665
1.0918999999999999
1.3603
0.5355
0.5454
1.1538
1.4931999999999999
0.8104
0.4324
0.4486
0.34950000000000003
0.28049999999999997
0.1522
0.14500000000000002
0.1442
0.1482
0.14529999999999998
0.1386
0.13030000000000003
0.1587
0.13
0.135
0.1069
0.09090000000000001
0.0947
0.08810000000000001
0.09759999999999999
0.1046
0.10930000000000001
0.10969999999999999
0.10519999999999999
0.1061
0.1048
0.1157
0.14529999999999998
0.16160000000000002
3.3457999999999997
3.2
2.0229
0.3255
0.2097
0.1958
0.2388
0.7608
1.0472
0.3536
0.0161
0.0
0.0108
0.0055
0.0053
1.0552
1.5289000000000001
1.3869
1.3231
0.7767
0.5610999999999999
0.48940000000000006
0.41300000000000003
0.9603999999999999
0.9973000000000001
1.1999
1.2304
1.1616
1.1388
1.5631
3.9545
0.1148
0.2768
0.2395
0.249
0.2476
0.2969
0.32889999999999997
0.5083
1.1608999999999998
0.7961
0.8045
0.9072
0.5984
0.37029999999999996
0.3018
0.2603
0.2286
0.5931
1.1318
0.8674999999999999
0.8266
0.5127999999999999
0.4786
0.6026
1.2306
1.3394
0.7539
0.155
0.0
0.0
0.0
0.0
0.0101
0.0464
0.46719999999999995
1.1176
0.6974
0.6546000000000001
0.5595
0.4576
0.3927
1.7538
4.3556
3.8722000000000003
2.3488
0.425
0.16959999999999997
0.2099
0.057
0.0455
0.0485
0.0545
0.0542
0.0548
0.0505
0.0482
0.0422
0.0281
0.0318
0.30560000000000004
0.3223
0.10350000000000001
0.07239999999999999
0.053000000000000005
0.0352
3.6359
4.114599999999999
1.7927
1.7976999999999999
0.2451
0.0042
0.0224
0.036000000000000004
0.0426
0.0412
0.0531
0.0568
0.0432
0.0404
0.0356
0.0155
0.0021
0.016
0.0279
0.0726
0.23249999999999998
0.6128
1.2244000000000002
0.9917
0.6729
0.6854
0.6507000000000001
0.5768
0.536
0.514
4.4684
1.5024
0.3605
0.2108
0.4002
0.6154
0.665
1.0918999999999999
1.3603
0.5355
0.5454
1.1538
1.4931999999999999
0.8104
0.4324
0.4486
0.34950000000000003
0.28049999999999997
0.1522
0.14500000000000002
0.1442
0.1482
0.14529999999999998
0.1386
0.13030000000000003
0.1587
0.13
0.135
0.1069
0.09090000000000001
0.0947
0.08810000000000001
0.09759999999999999
0.1046
0.10930000000000001
0.10969999999999999
0.10519999999999999
0.1061
0.1048
0.1157
0.14529999999999998
0.16160000000000002
3.3457999999999997
3.2
2.0229
0.3255
0.2097
0.1958
0.2388
0.7608
1.0472
0.3536
0.0161
0.0
0.0108
0.0055
0.0053
1.0552
1.5289000000000001
1.3869
1.3231
0.7767
0.5610999999999999
0.48940000000000006
0.41300000000000003
0.9603999999999999
0.9973000000000001
1.1999
1.2304
1.1616
1.1388
1.5631
3.9545
0.1148
0.2768
0.2395
0.249
0.2476
0.2969
0.32889999999999997
0.5083
1.1608999999999998
0.7961
0.8045
0.9072
0.5984
0.37029999999999996
0.3018
0.2603
0.2286
0.5931
1.1318
0.8674999999999999
0.8266
0.5127999999999999
0.4786
0.6026
1.2306
1.3394
0.7539
0.155
0.0
0.0
0.0
0.0
0.0101
0.0464
0.46719999999999995
1.1176
0.6974
0.6546000000000001
0.5595
0.4576
0.3927
1.7538
4.3556
3.8722000000000003
2.3488
0.425
0.16959999999999997
0.2099
0.057
0.0455
0.0485
0.0545
0.0542
0.0548
0.0505
0.0482
0.0422
0.0281
0.0318
0.30560000000000004
0.3223
0.10350000000000001
0.07239999999999999
0.053000000000000005
0.0352
3.6359
4.114599999999999
1.7927
1.7976999999999999
0.2451
0.0042
0.0224
0.036000000000000004
0.0426
0.0412
0.0531
0.0568
0.0432
0.0404
0.0356
0.0155
0.0021
0.016
0.0279
0.0726
0.23249999999999998
0.6128
1.2244000000000002
0.9917
0.6729
0.6854
0.6507000000000001
0.5768
0.536
0.514
4.4684
1.5024
0.3605
0.2108
0.4002
0.6154
0.665
1.0918999999999999
1.3603
0.5355
0.5454
1.1538
1.4931999999999999
0.8104
0.4324
0.4486
0.34950000000000003
0.28049999999999997
0.1522
0.14500000000000002
0.1442
0.1482
0.14529999999999998
0.1386
0.13030000000000003
0.1587
0.13
0.135
0.1069
0.09090000000000001
0.0947
0.08810000000000001
0.09759999999999999
0.1046
0.10930000000000001
0.10969999999999999
0.10519999999999999
0.1061
0.1048
0.1157
0.14529999999999998
0.16160000000000002
3.3457999999999997
3.2
2.0229
0.3255
0.2097
0.1958
0.2388
0.7608
1.0472
0.3536
0.0161
0.0
0.0108
0.0055
0.0053
1.0552
1.5289000000000001
1.3869
1.3231
0.7767
0.5610999999999999
0.48940000000000006
0.41300000000000003
0.9603999999999999
0.9973000000000001
1.1999
1.2304
1.1616
1.1388
1.5631
3.9545
0.1148
0.2768
0.2395
0.249
0.2476
0.2969
0.32889999999999997
0.5083
1.1608999999999998
0.7961
0.8045
0.9072
0.5984
0.37029999999999996
0.3018
0.2603
0.2286
0.5931
1.1318
0.8674999999999999
0.8266
0.5127999999999999
0.4786
0.6026
1.2306
1.3394
0.7539
0.155
0.0
0.0
0.0
0.0
0.0101
0.0464
0.46719999999999995
1.1176
0.6974
0.6546000000000001
0.5595
0.4576
0.3927
1.7538
4.3556
3.8722000000000003
2.3488
0.425
0.16959999999999997
0.2099
0.057
0.0455
0.0485
0.0545
0.0542
0.0548
0.0505
0.0482
0.0422
0.0281
0.0318
0.30560000000000004
0.3223
0.10350000000000001
0.07239999999999999
0.053000000000000005
0.0352
3.6359
4.114599999999999
1.7927
1.7976999999999999
0.2451
0.0042
0.0224
0.036000000000000004
0.0426
0.0412
0.0531
0.0568
0.0432
0.0404
0.0356
0.0155
0.0021
0.016
0.0279
0.0726
0.23249999999999998
0.6128
1.2244000000000002
0.9917
0.6729
0.6854
0.6507000000000001
0.5768
0.536
0.514
4.4684
1.5024
0.3605
0.2108
0.4002
0.6154
0.665
1.0918999999999999
1.3603
0.5355
0.5454
1.1538
1.4931999999999999
0.8104
0.4324
0.4486
0.34950000000000003
0.28049999999999997
0.1522
0.14500000000000002
0.1442
0.1482
0.14529999999999998
0.1386
0.13030000000000003
0.1587
0.13
0.135
0.1069
0.09090000000000001
0.0947
0.08810000000000001
0.09759999999999999
0.1046
0.10930000000000001
0.10969999999999999
0.10519999999999999
0.1061
0.1048
0.1157
0.14529999999999998
0.16160000000000002
3.3457999999999997
3.2
2.0229
0.3255
0.2097
0.1958
0.2388
0.7608
1.0472
0.3536
0.0161
0.0
0.0108
0.0055
0.0053
1.0552
1.5289000000000001
1.3869
1.3231
0.7767
0.5610999999999999
0.48940000000000006
0.41300000000000003
0.9603999999999999
0.9973000000000001
1.1999
1.2304
1.1616
1.1388
1.5631
3.9545
0.1148
0.2768
0.2395
0.249
0.2476
0.2969
0.32889999999999997
0.5083
1.1608999999999998
0.7961
0.8045
0.9072
0.5984
0.37029999999999996
0.3018
0.2603
0.2286
0.5931
1.1318
0.8674999999999999
0.8266
0.5127999999999999
0.4786
0.6026
1.2306
1.3394
0.7539
0.155
0.0
0.0
0.0
0.0
0.0101
0.0464
0.46719999999999995
1.1176
0.6974
0.6546000000000001
0.5595
0.4576
0.3927
1.7538
4.3556
3.8722000000000003
2.3488
0.425
0.16959999999999997
0.2099
0.057
0.0455
0.0485
0.0545
0.0542
0.0548
0.0505
0.0482
0.0422
0.0281
0.0318
0.30560000000000004
0.3223
0.10350000000000001
0.07239999999999999
0.053000000000000005
0.0352
0.025500000000000002
0.023899999999999998
0.0283
0.0303
0.0329
0.1243
0.3052
0.0141
0.019
0.0
0.015
0.014799999999999999
0.0295
0.463
0.0983
0.008
0.0008
0.0222
0.0
0.0
0.0
0.0
0.0
0.0
0.0217
0.0207
0.0211
0.0187
0.0175
0.025099999999999997
0.0251
0.0243
0.0211
0.0237
0.0215
0.0254
0.028
0.025099999999999997
0.0258
0.0266
0.0298
0.0315
0.0194
0.024399999999999998
0.022
0.018299999999999997
0.020200000000000003
0.0225
5.1981
5.018700000000001
3.7760999999999996
3.9265
0.6047
0.24930000000000002
0.315
0.3163
0.12090000000000001
0.0759
0.06
0.0271
0.0342
0.048
0.0477
0.0883
0.1041
0.1273
0.2114
0.5135
2.6256
1.3136999999999999
0.5808
2.0907999999999998
1.2648000000000001
0.0325
0.0461
0.013999999999999999
0.0464
0.14679999999999999
0.2379
0.37729999999999997
0.2521
0.268
0.2617
0.2746
0.29159999999999997
0.3076
0.1192
0.1031
0.1593
0.0043
0.015600000000000001
0.0407
0.1063
0.20700000000000002
0.1306
0.1486
1.567
2.0517000000000003
2.0408999999999997
1.4331
0.15760000000000002
0.1277
0.1361
0.273
0.4216
0.2406
0.12340000000000001
0.0709
0.0712
0.07519999999999999
0.0735
0.0882
0.12190000000000001
0.2245
0.4454
0.7382
0.5458000000000001
0.4415
0.4478
1.7193
0.3271
0.9392
4.3007
3.8283
4.0222
2.605
0.2996
0.1777
0.1644
0.1777
0.1888
0.1922
0.2151
0.21660000000000001
0.6175
1.6457
0.3946
0.6958
0.7002999999999999
0.2319
0.15889999999999999
0.0907
0.0804
0.0781
0.1461
1.4557
3.2906
0.8303
0.1365
0.0902
0.12940000000000002
0.3399
0.47750000000000004
0.3775
0.1673
0.1401
0.12090000000000001
0.1222
0.1532
0.1768
0.17909999999999998
0.19440000000000002
0.3346
0.1372
0.086
0.0815
0.1189
0.1555
0.025500000000000002
0.023899999999999998
0.0283
0.0303
0.0329
0.1243
0.3052
0.0141
0.019
0.0
0.015
0.014799999999999999
0.0295
0.463
0.0983
0.008
0.0008
0.0222
0.0
0.0
0.0
0.0
0.0
0.0
0.0217
0.0207
0.0211
0.0187
0.0175
0.025099999999999997
0.0251
0.0243
0.0211
0.0237
0.0215
0.0254
0.028
0.025099999999999997
0.0258
0.0266
0.0298
0.0315
0.0194
0.024399999999999998
0.022
0.018299999999999997
0.020200000000000003
0.0225
5.1981
5.018700000000001
3.7760999999999996
3.9265
0.6047
0.24930000000000002
0.315
0.3163
0.12090000000000001
0.0759
0.06
0.0271
0.0342
0.048
0.0477
0.0883
0.1041
0.1273
0.2114
0.5135
2.6256
1.3136999999999999
0.5808
2.0907999999999998
1.2648000000000001
0.0325
0.0461
0.013999999999999999
0.0464
0.14679999999999999
0.2379
0.37729999999999997
0.2521
0.268
0.2617
0.2746
0.29159999999999997
0.3076
0.1192
0.1031
0.1593
0.0043
0.015600000000000001
0.0407
0.1063
0.20700000000000002
0.1306
0.1486
1.567
2.0517000000000003
2.0408999999999997
1.4331
0.15760000000000002
0.1277
0.1361
0.273
0.4216
0.2406
0.12340000000000001
0.0709
0.0712
0.07519999999999999
0.0735
0.0882
0.12190000000000001
0.2245
0.4454
0.7382
0.5458000000000001
0.4415
0.4478
1.7193
0.3271
0.9392
4.3007
3.8283
4.0222
2.605
0.2996
0.1777
0.1644
0.1777
0.1888
0.1922
0.2151
0.21660000000000001
0.6175
1.6457
0.3946
0.6958
0.7002999999999999
0.2319
0.15889999999999999
0.0907
0.0804
0.0781
0.1461
1.4557
3.2906
0.8303
0.1365
0.0902
0.12940000000000002
0.3399
0.47750000000000004
0.3775
0.1673
0.1401
0.12090000000000001
0.1222
0.1532
0.1768
0.17909999999999998
0.19440000000000002
0.3346
0.1372
0.086
0.0815
0.1189
0.1555
0.025500000000000002
0.023899999999999998
0.0283
0.0303
0.0329
0.1243
0.3052
0.0141
0.019
0.0
0.015
0.014799999999999999
0.0295
0.463
0.0983
0.008
0.0008
0.0222
0.0
0.0
0.0
0.0
0.0
0.0
0.0217
0.0207
0.0211
0.0187
0.0175
0.025099999999999997
0.0251
0.0243
0.0211
0.0237
0.0215
0.0254
0.028
0.025099999999999997
0.0258
0.0266
0.0298
0.0315
0.0194
0.024399999999999998
0.022
0.018299999999999997
0.020200000000000003
0.0225
5.1981
5.018700000000001
3.7760999999999996
3.9265
0.6047
0.24930000000000002
0.315
0.3163
0.12090000000000001
0.0759
0.06
0.0271
0.0342
0.048
0.0477
0.0883
0.1041
0.1273
0.2114
0.5135
2.6256
1.3136999999999999
0.5808
2.0907999999999998
1.2648000000000001
0.0325
0.0461
0.013999999999999999
0.0464
0.14679999999999999
0.2379
0.37729999999999997
0.2521
0.268
0.2617
0.2746
0.29159999999999997
0.3076
0.1192
0.1031
0.1593
0.0043
0.015600000000000001
0.0407
0.1063
0.20700000000000002
0.1306
0.1486
1.567
2.0517000000000003
2.0408999999999997
1.4331
0.15760000000000002
0.1277
0.1361
0.273
0.4216
0.2406
0.12340000000000001
0.0709
0.0712
0.07519999999999999
0.0735
0.0882
0.12190000000000001
0.2245
0.4454
0.7382
0.5458000000000001
0.4415
0.4478
1.7193
0.3271
0.9392
4.3007
3.8283
4.0222
2.605
0.2996
0.1777
0.1644
0.1777
0.1888
0.1922
0.2151
0.21660000000000001
0.6175
1.6457
0.3946
0.6958
0.7002999999999999
0.2319
0.15889999999999999
0.0907
0.0804
0.0781
0.1461
1.4557
3.2906
0.8303
0.1365
0.0902
0.12940000000000002
0.3399
0.47750000000000004
0.3775
0.1673
0.1401
0.12090000000000001
0.1222
0.1532
0.1768
0.17909999999999998
0.19440000000000002
0.3346
0.1372
0.086
0.0815
0.1189
0.1555
0.025500000000000002
0.023899999999999998
0.0283
0.0303
0.0329
0.1243
0.3052
0.0141
0.019
0.0
0.015
0.014799999999999999
0.0295
0.463
0.0983
0.008
0.0008
0.0222
0.0
0.0
0.0
0.0
0.0
0.0
0.0217
0.0207
0.0211
0.0187
0.0175
0.025099999999999997
0.0251
0.0243
0.0211
0.0237
0.0215
0.0254
0.028
0.025099999999999997
0.0258
0.0266
0.0298
0.0315
0.0194
0.024399999999999998
0.022
0.018299999999999997
0.020200000000000003
0.0225
5.1981
5.018700000000001
3.7760999999999996
3.9265
0.6047
0.24930000000000002
0.315
0.3163
0.12090000000000001
0.0759
0.06
0.0271
0.0342
0.048
0.0477
0.0883
0.1041
0.1273
0.2114
0.5135
2.6256
1.3136999999999999
0.5808
2.0907999999999998
1.2648000000000001
0.0325
0.0461
0.013999999999999999
0.0464
0.14679999999999999
0.2379
0.37729999999999997
0.2521
0.268
0.2617
0.2746
0.29159999999999997
0.3076
0.1192
0.1031
0.1593
0.0043
0.015600000000000001
0.0407
0.1063
0.20700000000000002
0.1306
0.1486
1.567
2.0517000000000003
2.0408999999999997
1.4331
0.15760000000000002
0.1277
0.1361
0.273
0.4216
0.2406
0.12340000000000001
0.0709
0.0712
0.07519999999999999
0.0735
0.0882
0.12190000000000001
0.2245
0.4454
0.7382
0.5458000000000001
0.4415
0.4478
1.7193
0.3271
0.9392
4.3007
3.8283
4.0222
2.605
0.2996
0.1777
0.1644
0.1777
0.1888
0.1922
0.2151
0.21660000000000001
0.6175
1.6457
0.3946
0.6958
0.7002999999999999
0.2319
0.15889999999999999
0.0907
0.0804
0.0781
0.1461
1.4557
3.2906
0.8303
0.1365
0.0902
0.12940000000000002
0.3399
0.47750000000000004
0.3775
0.1673
0.1401
0.12090000000000001
0.1222
0.1532
0.1768
0.17909999999999998
0.19440000000000002
0.3346
0.1372
0.086
0.0815
0.1189
0.1555
0.025500000000000002
0.023899999999999998
0.0283
0.0303
0.0329
0.1243
0.3052
0.0141
0.019
0.0
0.015
0.014799999999999999
0.0295
0.463
0.0983
0.008
0.0008
0.0222
0.0
0.0
0.0
0.0
0.0
0.0
0.0217
0.0207
0.0211
0.0187
0.0175
0.025099999999999997
0.0251
0.0243
0.0211
0.0237
0.0215
0.0254
0.028
0.025099999999999997
0.0258
0.0266
0.0298
0.0315
0.0194
0.024399999999999998
0.022
0.018299999999999997
0.020200000000000003
0.0225
1.1911
3.5463
2.9657
2.0517000000000003
1.7643
0.3684
0.2985
0.29269999999999996
0.2682
0.24680000000000002
0.3125
0.8243
0.3407
0.2679
0.2253
0.1988
0.222
0.22799999999999998
0.2279
0.2843
0.325
0.3316
0.6992
1.0145
0.1926
0.186
0.1776
0.1945
0.1885
0.2376
0.4606
0.15209999999999999
0.0954
0.09920000000000001
0.0872
0.0777
0.0774
0.0691
0.08679999999999999
0.0991
0.1076
0.2144
0.1627
0.1735
0.1943
0.2167
0.24369999999999997
0.2395
0.9155
0.8567
0.8426
0.7967
0.8281
0.7469
1.0381
1.4665
1.7772000000000001
2.1939
2.7156000000000002
5.0936
4.8022
6.3833
7.349399999999999
6.48
1.6587
0.5586
1.3976
7.3218
7.7256
8.5966
2.1171
0.3911
1.2232
3.5934
7.4528
4.7595
0.1452
0.0
0.0769
0.20479999999999998
0.0675
0.6403
1.9445000000000001
0.8493999999999999
0.8743
2.2929
3.7123
0.7661
0.0199
0.0435
0.09240000000000001
0.1185
0.0
0.0007
0.0
0.0
0.5391
0.8525
2.5113000000000003
2.3376
2.124
0.9086000000000001
1.1488999999999998
1.7536
1.1321
0.6113999999999999
0.46540000000000004
0.4417
0.4749
0.4747
0.5109999999999999
0.7129000000000001
1.2929
1.4778
2.1269
1.8564
1.0056
0.8141
0.6519999999999999
0.5704
1.9568999999999999
1.6648999999999998
1.609
1.4424000000000001
0.8908
0.301
0.37729999999999997
0.9999
0.9171
0.259
0.042
0.0381
0.0388
0.0434
0.0477
0.0545
0.1112
0.9724
1.7744
2.4138
1.5292
0.6954
0.5312
1.5499
0.5615
0.8328
1.7676
1.876
0.886
0.2582
0.2041
0.0194
0.0383
0.0381
0.0409
0.0257
0.0319
0.048100000000000004
0.08149999999999999
0.0581
0.0183
0.0476
0.0801
0.2607
0.0529
0.0059
0.0
0.5877
1.1911
3.5463
2.9657
2.0517000000000003
1.7643
0.3684
0.2985
0.29269999999999996
0.2682
0.24680000000000002
0.3125
0.8243
0.3407
0.2679
0.2253
0.1988
0.222
0.22799999999999998
0.2279
0.2843
0.325
0.3316
0.6992
1.0145
0.1926
0.186
0.1776
0.1945
0.1885
0.2376
0.4606
0.15209999999999999
0.0954
0.09920000000000001
0.0872
0.0777
0.0774
0.0691
0.08679999999999999
0.0991
0.1076
0.2144
0.1627
0.1735
0.1943
0.2167
0.24369999999999997
0.2395
0.9155
0.8567
0.8426
0.7967
0.8281
0.7469
1.0381
1.4665
1.7772000000000001
2.1939
2.7156000000000002
5.0936
4.8022
6.3833
7.349399999999999
6.48
1.6587
0.5586
1.3976
7.3218
7.7256
8.5966
2.1171
0.3911
1.2232
3.5934
7.4528
4.7595
0.1452
0.0
0.0769
0.20479999999999998
0.0675
0.6403
1.9445000000000001
0.8493999999999999
0.8743
2.2929
3.7123
0.7661
0.0199
0.0435
0.09240000000000001
0.1185
0.0
0.0007
0.0
0.0
0.5391
0.8525
2.5113000000000003
2.3376
2.124
0.9086000000000001
1.1488999999999998
1.7536
1.1321
0.6113999999999999
0.46540000000000004
0.4417
0.4749
0.4747
0.5109999999999999
0.7129000000000001
1.2929
1.4778
2.1269
1.8564
1.0056
0.8141
0.6519999999999999
0.5704
1.9568999999999999
1.6648999999999998
1.609
1.4424000000000001
0.8908
0.301
0.37729999999999997
0.9999
0.9171
0.259
0.042
0.0381
0.0388
0.0434
0.0477
0.0545
0.1112
0.9724
1.7744
2.4138
1.5292
0.6954
0.5312
1.5499
0.5615
0.8328
1.7676
1.876
0.886
0.2582
0.2041
0.0194
0.0383
0.0381
0.0409
0.0257
0.0319
0.048100000000000004
0.08149999999999999
0.0581
0.0183
0.0476
0.0801
0.2607
0.0529
0.0059
0.0
0.5877
1.1911
3.5463
2.9657
2.0517000000000003
1.7643
0.3684
0.2985
0.29269999999999996
0.2682
0.24680000000000002
0.3125
0.8243
0.3407
0.2679
0.2253
0.1988
0.222
0.22799999999999998
0.2279
0.2843
0.325
0.3316
0.6992
1.0145
0.1926
0.186
0.1776
0.1945
0.1885
0.2376
0.4606
0.15209999999999999
0.0954
0.09920000000000001
0.0872
0.0777
0.0774
0.0691
0.08679999999999999
0.0991
0.1076
0.2144
0.1627
0.1735
0.1943
0.2167
0.24369999999999997
0.2395
0.9155
0.8567
0.8426
0.7967
0.8281
0.7469
1.0381
1.4665
1.7772000000000001
2.1939
2.7156000000000002
5.0936
4.8022
6.3833
7.349399999999999
6.48
1.6587
0.5586
1.3976
7.3218
7.7256
8.5966
2.1171
0.3911
1.2232
3.5934
7.4528
4.7595
0.1452
0.0
0.0769
0.20479999999999998
0.0675
0.6403
1.9445000000000001
0.8493999999999999
0.8743
2.2929
3.7123
0.7661
0.0199
0.0435
0.09240000000000001
0.1185
0.0
0.0007
0.0
0.0
0.5391
0.8525
2.5113000000000003
2.3376
2.124
0.9086000000000001
1.1488999999999998
1.7536
1.1321
0.6113999999999999
0.46540000000000004
0.4417
0.4749
0.4747
0.5109999999999999
0.7129000000000001
1.2929
1.4778
2.1269
1.8564
1.0056
0.8141
0.6519999999999999
0.5704
1.9568999999999999
1.6648999999999998
1.609
1.4424000000000001
0.8908
0.301
0.37729999999999997
0.9999
0.9171
0.259
0.042
0.0381
0.0388
0.0434
0.0477
0.0545
0.1112
0.9724
1.7744
2.4138
1.5292
0.6954
0.5312
1.5499
0.5615
0.8328
1.7676
1.876
0.886
0.2582
0.2041
0.0194
0.0383
0.0381
0.0409
0.0257
0.0319
0.048100000000000004
0.08149999999999999
0.0581
0.0183
0.0476
0.0801
0.2607
0.0529
0.0059
0.0
0.5877
1.1911
3.5463
2.9657
2.0517000000000003
1.7643
0.3684
0.2985
0.29269999999999996
0.2682
0.24680000000000002
0.3125
0.8243
0.3407
0.2679
0.2253
0.1988
0.222
0.22799999999999998
0.2279
0.2843
0.325
0.3316
0.6992
1.0145
0.1926
0.186
0.1776
0.1945
0.1885
0.2376
0.4606
0.15209999999999999
0.0954
0.09920000000000001
0.0872
0.0777
0.0774
0.0691
0.08679999999999999
0.0991
0.1076
0.2144
0.1627
0.1735
0.1943
0.2167
0.24369999999999997
0.2395
0.9155
0.8567
0.8426
0.7967
0.8281
0.7469
1.0381
1.4665
1.7772000000000001
2.1939
2.7156000000000002
5.0936
4.8022
6.3833
7.349399999999999
6.48
1.6587
0.5586
1.3976
7.3218
7.7256
8.5966
2.1171
0.3911
1.2232
3.5934
7.4528
4.7595
0.1452
0.0
0.0769
0.20479999999999998
0.0675
0.6403
1.9445000000000001
0.8493999999999999
0.8743
2.2929
3.7123
0.7661
0.0199
0.0435
0.09240000000000001
0.1185
0.0
0.0007
0.0
0.0
0.5391
0.8525
2.5113000000000003
2.3376
2.124
0.9086000000000001
1.1488999999999998
1.7536
1.1321
0.6113999999999999
0.46540000000000004
0.4417
0.4749
0.4747
0.5109999999999999
0.7129000000000001
1.2929
1.4778
2.1269
1.8564
1.0056
0.8141
0.6519999999999999
0.5704
1.9568999999999999
1.6648999999999998
1.609
1.4424000000000001
0.8908
0.301
0.37729999999999997
0.9999
0.9171
0.259
0.042
0.0381
0.0388
0.0434
0.0477
0.0545
0.1112
0.9724
1.7744
2.4138
1.5292
0.6954
0.5312
1.5499
0.5615
0.8328
1.7676
1.876
0.886
0.2582
0.2041
0.0194
0.0383
0.0381
0.0409
0.0257
0.0319
0.048100000000000004
0.08149999999999999
0.0581
0.0183
0.0476
0.0801
0.2607
0.0529
0.0059
0.0
0.5877
1.1911
3.5463
2.9657
2.0517000000000003
1.7643
0.3684
0.2985
0.29269999999999996
0.2682
0.24680000000000002
0.3125
0.8243
0.3407
0.2679
0.2253
0.1988
0.222
0.22799999999999998
0.2279
0.2843
0.325
0.3316
0.6992
1.0145
0.1926
0.186
0.1776
0.1945
0.1885
0.2376
0.4606
0.15209999999999999
0.0954
0.09920000000000001
0.0872
0.0777
0.0774
0.0691
0.08679999999999999
0.0991
0.1076
0.2144
0.1627
0.1735
0.1943
0.2167
0.24369999999999997
0.2395
0.9155
0.8567
0.8426
0.7967
0.8281
0.7469
1.0381
1.4665
1.7772000000000001
2.1939
2.7156000000000002
5.0936
4.8022
6.3833
7.349399999999999
6.48
1.6587
0.5586
1.3976
7.3218
7.7256
8.5966
2.1171
0.3911
