0.0763
0.0605
0.060200000000000004
0.092
0.16060000000000002
0.1696
0.1612
0.19
0.16799999999999998
0.1426
0.1124
0.065
0.0492
0.0338
0.048
0.0453
0.044899999999999995
0.0703
0.1643
0.0911
0.08449999999999999
0.0794
0.0713
0.0799
1.895
2.8184
2.4793000000000003
1.6111
0.1373
0.0673
0.07339999999999999
0.09
0.1009
0.0983
0.1064
0.1052
0.1077
0.0986
0.10830000000000001
0.4041
1.1684999999999999
0.5959
0.3785
0.3641
0.40149999999999997
0.45740000000000003
0.4767
0.4309
0.9752000000000001
1.0688
1.0106
0.9692999999999999
0.8814
1.177
2.0177
1.9206
1.1042
0.8884
0.5246999999999999
0.7346
0.5966
0.5295
0.3003
0.1479
0.1305
0.1018
0.6690999999999999
1.2879
3.4402
0.6542
0.0
0.0
0.1766
0.1494
0.1749
0.16699999999999998
0.17099999999999999
0.1271
0.1056
0.1422
0.1598
0.18009999999999998
0.1815
0.1693
0.0969
0.0515
2.3341999999999996
0.0498
0.7365
0.0773
0.0
0.0
0.0
0.0
0.0155
0.038599999999999995
4.7026
4.962
1.0101
0.0681
0.0354
0.0417
0.7626
0.0
0.0404
0.038599999999999995
0.0521
0.0545
0.0305
0.0262
0.034600000000000006
0.024399999999999998
0.0326
0.22910000000000003
0.3222
0.1819
0.0668
0.0529
0.0562
3.2605000000000004
0.6694
0.7317
0.7536
0.8302
0.7977000000000001
1.009
3.4501
0.24919999999999998
0.347
0.4047
0.525
0.8861
0.6599999999999999
0.491
0.3499
0.1938
0.1772
0.4295
0.154
0.201
0.3207
0.3242
0.22210000000000002
0.2049
0.4867
0.356
0.3321
0.3396
0.3484
0.6483
1.2510999999999999
0.3449
0.19340000000000002
0.14100000000000001
0.13119999999999998
0.123
0.1145
0.1091
0.21889999999999998
0.7312000000000001
0.5594
2.3715
1.7842
2.012
2.267
2.1079
1.9895
2.2294
0.0763
0.0605
0.060200000000000004
0.092
0.16060000000000002
0.1696
0.1612
0.19
0.16799999999999998
0.1426
0.1124
0.065
0.0492
0.0338
0.048
0.0453
0.044899999999999995
0.0703
0.1643
0.0911
0.08449999999999999
0.0794
0.0713
0.0799
1.895
2.8184
2.4793000000000003
1.6111
0.1373
0.0673
0.07339999999999999
0.09
0.1009
0.0983
0.1064
0.1052
0.1077
0.0986
0.10830000000000001
0.4041
1.1684999999999999
0.5959
0.3785
0.3641
0.40149999999999997
0.45740000000000003
0.4767
0.4309
0.9752000000000001
1.0688
1.0106
0.9692999999999999
0.8814
1.177
2.0177
1.9206
1.1042
0.8884
0.5246999999999999
0.7346
0.5966
0.5295
0.3003
0.1479
0.1305
0.1018
0.6690999999999999
1.2879
3.4402
0.6542
0.0
0.0
0.1766
0.1494
0.1749
0.16699999999999998
0.17099999999999999
0.1271
0.1056
0.1422
0.1598
0.18009999999999998
0.1815
0.1693
0.0969
0.0515
2.3341999999999996
0.0498
0.7365
0.0773
0.0
0.0
0.0
0.0
0.0155
0.038599999999999995
4.7026
4.962
1.0101
0.0681
0.0354
0.0417
0.7626
0.0
0.0404
0.038599999999999995
0.0521
0.0545
0.0305
0.0262
0.034600000000000006
0.024399999999999998
0.0326
0.22910000000000003
0.3222
0.1819
0.0668
0.0529
0.0562
3.2605000000000004
0.6694
0.7317
0.7536
0.8302
0.7977000000000001
1.009
3.4501
0.24919999999999998
0.347
0.4047
0.525
0.8861
0.6599999999999999
0.491
0.3499
0.1938
0.1772
0.4295
0.154
0.201
0.3207
0.3242
0.22210000000000002
0.2049
0.4867
0.356
0.3321
0.3396
0.3484
0.6483
1.2510999999999999
0.3449
0.19340000000000002
0.14100000000000001
0.13119999999999998
0.123
0.1145
0.1091
0.21889999999999998
0.7312000000000001
0.5594
2.3715
1.7842
2.012
2.267
2.1079
1.9895
2.2294
0.0763
0.0605
0.060200000000000004
0.092
0.16060000000000002
0.1696
0.1612
0.19
0.16799999999999998
0.1426
0.1124
0.065
0.0492
0.0338
0.048
0.0453
0.044899999999999995
0.0703
0.1643
0.0911
0.08449999999999999
0.0794
0.0713
0.0799
1.895
2.8184
2.4793000000000003
1.6111
0.1373
0.0673
0.07339999999999999
0.09
0.1009
0.0983
0.1064
0.1052
0.1077
0.0986
0.10830000000000001
0.4041
1.1684999999999999
0.5959
0.3785
0.3641
0.40149999999999997
0.45740000000000003
0.4767
0.4309
0.9752000000000001
1.0688
1.0106
0.9692999999999999
0.8814
1.177
2.0177
1.9206
1.1042
0.8884
0.5246999999999999
0.7346
0.5966
0.5295
0.3003
0.1479
0.1305
0.1018
0.6690999999999999
1.2879
3.4402
0.6542
0.0
0.0
0.1766
0.1494
0.1749
0.16699999999999998
0.17099999999999999
0.1271
0.1056
0.1422
0.1598
0.18009999999999998
0.1815
0.1693
0.0969
0.0515
2.3341999999999996
0.0498
0.7365
0.0773
0.0
0.0
0.0
0.0
0.0155
0.038599999999999995
4.7026
4.962
1.0101
0.0681
0.0354
0.0417
0.7626
0.0
0.0404
0.038599999999999995
0.0521
0.0545
0.0305
0.0262
0.034600000000000006
0.024399999999999998
0.0326
0.22910000000000003
0.3222
0.1819
0.0668
0.0529
0.0562
3.2605000000000004
0.6694
0.7317
0.7536
0.8302
0.7977000000000001
1.009
3.4501
0.24919999999999998
0.347
0.4047
0.525
0.8861
0.6599999999999999
0.491
0.3499
0.1938
0.1772
0.4295
0.154
0.201
0.3207
0.3242
0.22210000000000002
0.2049
0.4867
0.356
0.3321
0.3396
0.3484
0.6483
1.2510999999999999
0.3449
0.19340000000000002
0.14100000000000001
0.13119999999999998
0.123
0.1145
0.1091
0.21889999999999998
0.7312000000000001
0.5594
2.3715
1.7842
2.012
2.267
2.1079
1.9895
2.2294
0.0763
0.0605
0.060200000000000004
0.092
0.16060000000000002
0.1696
0.1612
0.19
0.16799999999999998
0.1426
0.1124
0.065
0.0492
0.0338
0.048
0.0453
0.044899999999999995
0.0703
0.1643
0.0911
0.08449999999999999
0.0794
0.0713
0.0799
1.895
2.8184
2.4793000000000003
1.6111
0.1373
0.0673
0.07339999999999999
0.09
0.1009
0.0983
0.1064
0.1052
0.1077
0.0986
0.10830000000000001
0.4041
1.1684999999999999
0.5959
0.3785
0.3641
0.40149999999999997
0.45740000000000003
0.4767
0.4309
0.9752000000000001
1.0688
1.0106
0.9692999999999999
0.8814
1.177
2.0177
1.9206
1.1042
0.8884
0.5246999999999999
0.7346
0.5966
0.5295
0.3003
0.1479
0.1305
0.1018
0.6690999999999999
1.2879
3.4402
0.6542
0.0
0.0
0.1766
0.1494
0.1749
0.16699999999999998
0.17099999999999999
0.1271
0.1056
0.1422
0.1598
0.18009999999999998
0.1815
0.1693
0.0969
0.0515
2.3341999999999996
0.0498
0.7365
0.0773
0.0
0.0
0.0
0.0
0.0155
0.038599999999999995
4.7026
4.962
1.0101
0.0681
0.0354
0.0417
0.7626
0.0
0.0404
0.038599999999999995
0.0521
0.0545
0.0305
0.0262
0.034600000000000006
0.024399999999999998
0.0326
0.22910000000000003
0.3222
0.1819
0.0668
0.0529
0.0562
3.2605000000000004
0.6694
0.7317
0.7536
0.8302
0.7977000000000001
1.009
3.4501
0.24919999999999998
0.347
0.4047
0.525
0.8861
0.6599999999999999
0.491
0.3499
0.1938
0.1772
0.4295
0.154
0.201
0.3207
0.3242
0.22210000000000002
0.2049
0.4867
0.356
0.3321
0.3396
0.3484
0.6483
1.2510999999999999
0.3449
0.19340000000000002
0.14100000000000001
0.13119999999999998
0.123
0.1145
0.1091
0.21889999999999998
0.7312000000000001
0.5594
2.3715
1.7842
2.012
2.267
2.1079
1.9895
2.2294
0.0763
0.0605
0.060200000000000004
0.092
0.16060000000000002
0.1696
0.1612
0.19
0.16799999999999998
0.1426
0.1124
0.065
0.0492
0.0338
0.048
0.0453
0.044899999999999995
0.0703
0.1643
0.0911
0.08449999999999999
0.0794
0.0713
0.0799
1.895
2.8184
2.4793000000000003
1.6111
0.1373
0.0673
0.07339999999999999
0.09
0.1009
0.0983
0.1064
0.1052
0.1077
0.0986
0.10830000000000001
0.4041
1.1684999999999999
0.5959
0.3785
0.3641
0.40149999999999997
0.45740000000000003
0.4767
0.4309
0.9752000000000001
1.0688
1.0106
0.9692999999999999
0.8814
1.177
2.0177
1.9206
1.1042
0.8884
0.5246999999999999
0.7346
0.5966
0.5295
0.3003
0.1479
0.1305
0.1018
0.6690999999999999
1.2879
3.4402
0.6542
0.0
0.0
1.6289
4.5372
4.5301
4.4757
4.4398
2.0221
0.2981
0.2655
0.8583
1.4184
1.7631000000000001
1.5611
1.1862
0.9914000000000001
1.116
2.6957
1.5192
1.3502
1.6166
4.8139
6.5807
3.2845
3.6479999999999997
6.4707
0.12869999999999998
0.1248
0.1499
0.1512
0.1486
0.19140000000000001
0.5482
0.39380000000000004
0.1958
0.1091
0.045
1.9267
0.1485
0.7505999999999999
2.1153
0.1862
0.6878
0.4615
0.1163
0.1152
0.0358
0.0779
0.1343
0.143
5.43
4.6091999999999995
3.5208
1.0019
0.1064
0.091
0.0664
0.0591
0.050699999999999995
0.055900000000000005
0.0589
0.058499999999999996
0.0485
0.045899999999999996
0.0461
0.050199999999999995
0.09040000000000001
1.1065
0.3593
0.4314
0.5175
0.5713
0.3811
1.7565
1.6443
6.1498
5.6822
0.8714000000000001
0.2259
0.047299999999999995
0.0287
0.0341
0.0061
0.26589999999999997
0.4505
0.0545
0.0385
0.046700000000000005
0.0336
0.0257
0.0015
0.0
0.0
0.0362
0.192
0.5133
0.6456
0.5309
2.7151
5.5778
5.5259
3.4155999999999995
0.6893
0.16620000000000001
0.1252
0.14629999999999999
0.12940000000000002
0.1189
0.1201
0.1157
0.13
0.1193
0.131
0.1978
0.3173
2.0976
0.8801999999999999
0.8592
1.0131999999999999
0.9984
0.7651
0.5535
5.8225
6.0122
5.6416
0.041
0.044700000000000004
0.0605
0.0606
0.028399999999999998
0.0249
0.0445
0.032600000000000004
0.0451
0.0098
0.0429
0.045899999999999996
0.0212
0.0323
0.0363
0.0608
0.1599
0.2343
0.8302
1.0386000000000002
1.869
2.6718
3.0362999999999998
0.2982
0.1352
0.1201
0.13690000000000002
0.1454
0.15739999999999998
0.1495
0.1169
0.1032
0.109
0.1283
0.1303
0.0683
1.6634
0.1898
0.20190000000000002
0.21989999999999998
0.2213
0.2224
0.189
0.15710000000000002
2.4183
1.6289
4.5372
4.5301
4.4757
4.4398
2.0221
0.2981
0.2655
0.8583
1.4184
1.7631000000000001
1.5611
1.1862
0.9914000000000001
1.116
2.6957
1.5192
1.3502
1.6166
4.8139
6.5807
3.2845
3.6479999999999997
6.4707
0.12869999999999998
0.1248
0.1499
0.1512
0.1486
0.19140000000000001
0.5482
0.39380000000000004
0.1958
0.1091
0.045
1.9267
0.1485
0.7505999999999999
2.1153
0.1862
0.6878
0.4615
0.1163
0.1152
0.0358
0.0779
0.1343
0.143
5.43
4.6091999999999995
3.5208
1.0019
0.1064
0.091
0.0664
0.0591
0.050699999999999995
0.055900000000000005
0.0589
0.058499999999999996
0.0485
0.045899999999999996
0.0461
0.050199999999999995
0.09040000000000001
1.1065
0.3593
0.4314
0.5175
0.5713
0.3811
1.7565
1.6443
6.1498
5.6822
0.8714000000000001
0.2259
0.047299999999999995
0.0287
0.0341
0.0061
0.26589999999999997
0.4505
0.0545
0.0385
0.046700000000000005
0.0336
0.0257
0.0015
0.0
0.0
0.0362
0.192
0.5133
0.6456
0.5309
2.7151
5.5778
5.5259
3.4155999999999995
0.6893
0.16620000000000001
0.1252
0.14629999999999999
0.12940000000000002
0.1189
0.1201
0.1157
0.13
0.1193
0.131
0.1978
0.3173
2.0976
0.8801999999999999
0.8592
1.0131999999999999
0.9984
0.7651
0.5535
5.8225
6.0122
5.6416
0.041
0.044700000000000004
0.0605
0.0606
0.028399999999999998
0.0249
0.0445
0.032600000000000004
0.0451
0.0098
0.0429
0.045899999999999996
0.0212
0.0323
0.0363
0.0608
0.1599
0.2343
0.8302
1.0386000000000002
1.869
2.6718
3.0362999999999998
0.2982
0.1352
0.1201
0.13690000000000002
0.1454
0.15739999999999998
0.1495
0.1169
0.1032
0.109
0.1283
0.1303
0.0683
1.6634
0.1898
0.20190000000000002
0.21989999999999998
0.2213
0.2224
0.189
0.15710000000000002
2.4183
1.6289
4.5372
4.5301
4.4757
4.4398
2.0221
0.2981
0.2655
0.8583
1.4184
1.7631000000000001
1.5611
1.1862
0.9914000000000001
1.116
2.6957
1.5192
1.3502
1.6166
4.8139
6.5807
3.2845
3.6479999999999997
6.4707
0.12869999999999998
0.1248
0.1499
0.1512
0.1486
0.19140000000000001
0.5482
0.39380000000000004
0.1958
0.1091
0.045
1.9267
0.1485
0.7505999999999999
2.1153
0.1862
0.6878
0.4615
0.1163
0.1152
0.0358
0.0779
0.1343
0.143
5.43
4.6091999999999995
3.5208
1.0019
0.1064
0.091
0.0664
0.0591
0.050699999999999995
0.055900000000000005
0.0589
0.058499999999999996
0.0485
0.045899999999999996
0.0461
0.050199999999999995
0.09040000000000001
1.1065
0.3593
0.4314
0.5175
0.5713
0.3811
1.7565
1.6443
6.1498
5.6822
0.8714000000000001
0.2259
0.047299999999999995
0.0287
0.0341
0.0061
0.26589999999999997
0.4505
0.0545
0.0385
0.046700000000000005
0.0336
0.0257
0.0015
0.0
0.0
0.0362
0.192
0.5133
0.6456
0.5309
2.7151
5.5778
5.5259
3.4155999999999995
0.6893
0.16620000000000001
0.1252
0.14629999999999999
0.12940000000000002
0.1189
0.1201
0.1157
0.13
0.1193
0.131
0.1978
0.3173
2.0976
0.8801999999999999
0.8592
1.0131999999999999
0.9984
0.7651
0.5535
5.8225
6.0122
5.6416
0.041
0.044700000000000004
0.0605
0.0606
0.028399999999999998
0.0249
0.0445
0.032600000000000004
0.0451
0.0098
0.0429
0.045899999999999996
0.0212
0.0323
0.0363
0.0608
0.1599
0.2343
0.8302
1.0386000000000002
1.869
2.6718
3.0362999999999998
0.2982
0.1352
0.1201
0.13690000000000002
0.1454
0.15739999999999998
0.1495
0.1169
0.1032
0.109
0.1283
0.1303
0.0683
1.6634
0.1898
0.20190000000000002
0.21989999999999998
0.2213
0.2224
0.189
0.15710000000000002
2.4183
1.6289
4.5372
4.5301
4.4757
4.4398
2.0221
0.2981
0.2655
0.8583
1.4184
1.7631000000000001
1.5611
1.1862
0.9914000000000001
1.116
2.6957
1.5192
1.3502
1.6166
4.8139
6.5807
3.2845
3.6479999999999997
6.4707
0.12869999999999998
0.1248
0.1499
0.1512
0.1486
0.19140000000000001
0.5482
0.39380000000000004
0.1958
0.1091
0.045
1.9267
0.1485
0.7505999999999999
2.1153
0.1862
0.6878
0.4615
0.1163
0.1152
0.0358
0.0779
0.1343
0.143
5.43
4.6091999999999995
3.5208
1.0019
0.1064
0.091
0.0664
0.0591
0.050699999999999995
0.055900000000000005
0.0589
0.058499999999999996
0.0485
0.045899999999999996
0.0461
0.050199999999999995
0.09040000000000001
1.1065
0.3593
0.4314
0.5175
0.5713
0.3811
1.7565
1.6443
6.1498
5.6822
0.8714000000000001
0.2259
0.047299999999999995
0.0287
0.0341
0.0061
0.26589999999999997
0.4505
0.0545
0.0385
0.046700000000000005
0.0336
0.0257
0.0015
0.0
0.0
0.0362
0.192
0.5133
0.6456
0.5309
2.7151
5.5778
5.5259
3.4155999999999995
0.6893
0.16620000000000001
0.1252
0.14629999999999999
0.12940000000000002
0.1189
0.1201
0.1157
0.13
0.1193
0.131
0.1978
0.3173
2.0976
0.8801999999999999
0.8592
1.0131999999999999
0.9984
0.7651
0.5535
5.8225
6.0122
5.6416
0.041
0.044700000000000004
0.0605
0.0606
0.028399999999999998
0.0249
0.0445
0.032600000000000004
0.0451
0.0098
0.0429
0.045899999999999996
0.0212
0.0323
0.0363
0.0608
0.1599
0.2343
0.8302
1.0386000000000002
1.869
2.6718
3.0362999999999998
0.2982
0.1352
0.1201
0.13690000000000002
0.1454
0.15739999999999998
0.1495
0.1169
0.1032
0.109
0.1283
0.1303
0.0683
1.6634
0.1898
0.20190000000000002
0.21989999999999998
0.2213
0.2224
0.189
0.15710000000000002
2.4183
2.3068
3.4432
0.2599
0.0346
0.0369
0.0158
0.0359
0.0256
0.0
0.0
0.015099999999999999
0.013
0.3794
0.0155
0.0342
0.056400000000000006
0.3103
0.0521
0.031
0.0232
0.0353
0.0506
0.0293
0.0538
0.13219999999999998
0.1208
0.1174
0.1129
0.10239999999999999
0.0808
0.0529
0.0437
0.0388
0.0529
0.047
0.048100000000000004
0.0439
0.048100000000000004
0.0535
0.0867
0.1079
0.1386
0.1634
0.0803
0.1281
0.14129999999999998
0.1889
0.1748
2.9664
2.4532
2.2709
2.0514
0.5388000000000001
0.0819
0.0343
0.0165
0.0159
0.0436
0.026799999999999997
0.052899999999999996
0.0527
0.0784
0.0791
0.0493
0.1027
0.0829
0.08080000000000001
0.047099999999999996
0.0441
0.1511
0.425
0.6493
1.2384
0.0
0.0761
0.0827
0.08990000000000001
0.1701
0.189
0.17909999999999998
0.13219999999999998
0.1718
0.1894
0.1877
0.0213
1.3891
0.0811
0.0
0.0
0.0079
0.0
0.2483
0.056799999999999996
0.012700000000000001
0.0201
0.049
1.9653
1.8969999999999998
0.9435
0.22820000000000001
0.08929999999999999
0.056999999999999995
0.024
0.0216
0.045899999999999996
0.0526
0.055400000000000005
0.038
0.038599999999999995
0.059300000000000005
0.059399999999999994
0.0378
0.0364
0.020900000000000002
0.0379
0.0756
0.0615
0.11030000000000001
0.2724
2.5259
4.399699999999999
4.7407
3.6481
0.0497
0.0011
0.0009
0.0
0.0091
0.019200000000000002
0.0245
0.0412
0.046
0.0351
0.0274
0.0224
0.0295
0.027999999999999997
0.7807999999999999
0.5796
0.36819999999999997
0.312
0.2649
0.2361
1.4766
0.4253
0.394
0.3647
0.3507
0.3422
0.3584
0.4445
0.5604
1.1124999999999998
0.9232
1.0428
1.3552
1.4272
1.4102000000000001
1.3039999999999998
0.969
1.8176999999999999
1.0795
0.776
0.801
0.8077
0.6769000000000001
0.5091
0.4068
2.3068
3.4432
0.2599
0.0346
0.0369
0.0158
0.0359
0.0256
0.0
0.0
0.015099999999999999
0.013
0.3794
0.0155
0.0342
0.056400000000000006
0.3103
0.0521
0.031
0.0232
0.0353
0.0506
0.0293
0.0538
0.13219999999999998
0.1208
0.1174
0.1129
0.10239999999999999
0.0808
0.0529
0.0437
0.0388
0.0529
0.047
0.048100000000000004
0.0439
0.048100000000000004
0.0535
0.0867
0.1079
0.1386
0.1634
0.0803
0.1281
0.14129999999999998
0.1889
0.1748
2.9664
2.4532
2.2709
2.0514
0.5388000000000001
0.0819
0.0343
0.0165
0.0159
0.0436
0.026799999999999997
0.052899999999999996
0.0527
0.0784
0.0791
0.0493
0.1027
0.0829
0.08080000000000001
0.047099999999999996
0.0441
0.1511
0.425
0.6493
1.2384
0.0
0.0761
0.0827
0.08990000000000001
0.1701
0.189
0.17909999999999998
0.13219999999999998
0.1718
0.1894
0.1877
0.0213
1.3891
0.0811
0.0
0.0
0.0079
0.0
0.2483
0.056799999999999996
0.012700000000000001
0.0201
0.049
1.9653
1.8969999999999998
0.9435
0.22820000000000001
0.08929999999999999
0.056999999999999995
0.024
0.0216
0.045899999999999996
0.0526
0.055400000000000005
0.038
0.038599999999999995
0.059300000000000005
0.059399999999999994
0.0378
0.0364
0.020900000000000002
0.0379
0.0756
0.0615
0.11030000000000001
0.2724
2.5259
4.399699999999999
4.7407
3.6481
0.0497
0.0011
0.0009
0.0
0.0091
0.019200000000000002
0.0245
0.0412
0.046
0.0351
0.0274
0.0224
0.0295
0.027999999999999997
0.7807999999999999
0.5796
0.36819999999999997
0.312
0.2649
0.2361
1.4766
0.4253
0.394
0.3647
0.3507
0.3422
0.3584
0.4445
0.5604
1.1124999999999998
0.9232
1.0428
1.3552
1.4272
1.4102000000000001
1.3039999999999998
0.969
1.8176999999999999
1.0795
0.776
0.801
0.8077
0.6769000000000001
0.5091
0.4068
2.3068
3.4432
0.2599
0.0346
0.0369
0.0158
0.0359
0.0256
0.0
0.0
0.015099999999999999
0.013
0.3794
0.0155
0.0342
0.056400000000000006
0.3103
0.0521
0.031
0.0232
0.0353
0.0506
0.0293
0.0538
0.13219999999999998
0.1208
0.1174
0.1129
0.10239999999999999
0.0808
0.0529
0.0437
0.0388
0.0529
0.047
0.048100000000000004
0.0439
0.048100000000000004
0.0535
0.0867
0.1079
0.1386
0.1634
0.0803
0.1281
0.14129999999999998
0.1889
0.1748
2.9664
2.4532
2.2709
2.0514
0.5388000000000001
0.0819
0.0343
0.0165
0.0159
0.0436
0.026799999999999997
0.052899999999999996
0.0527
0.0784
0.0791
0.0493
0.1027
0.0829
0.08080000000000001
0.047099999999999996
0.0441
0.1511
0.425
0.6493
1.2384
0.0
0.0761
0.0827
0.08990000000000001
0.1701
0.189
0.17909999999999998
0.13219999999999998
0.1718
0.1894
0.1877
0.0213
1.3891
0.0811
0.0
0.0
0.0079
0.0
0.2483
0.056799999999999996
0.012700000000000001
0.0201
0.049
1.9653
1.8969999999999998
0.9435
0.22820000000000001
0.08929999999999999
0.056999999999999995
0.024
0.0216
0.045899999999999996
0.0526
0.055400000000000005
0.038
0.038599999999999995
0.059300000000000005
0.059399999999999994
0.0378
0.0364
0.020900000000000002
0.0379
0.0756
0.0615
0.11030000000000001
0.2724
2.5259
4.399699999999999
4.7407
3.6481
0.0497
0.0011
0.0009
0.0
0.0091
0.019200000000000002
0.0245
0.0412
0.046
0.0351
0.0274
0.0224
0.0295
0.027999999999999997
0.7807999999999999
0.5796
0.36819999999999997
0.312
0.2649
0.2361
1.4766
0.4253
0.394
0.3647
0.3507
0.3422
0.3584
0.4445
0.5604
1.1124999999999998
0.9232
1.0428
1.3552
1.4272
1.4102000000000001
1.3039999999999998
0.969
1.8176999999999999
1.0795
0.776
0.801
0.8077
0.6769000000000001
0.5091
0.4068
2.3068
3.4432
0.2599
0.0346
0.0369
0.0158
0.0359
0.0256
0.0
0.0
0.015099999999999999
0.013
0.3794
0.0155
0.0342
0.056400000000000006
0.3103
0.0521
0.031
0.0232
0.0353
0.0506
0.0293
0.0538
0.13219999999999998
0.1208
0.1174
0.1129
0.10239999999999999
0.0808
0.0529
0.0437
0.0388
0.0529
0.047
0.048100000000000004
0.0439
0.048100000000000004
0.0535
0.0867
0.1079
0.1386
0.1634
0.0803
0.1281
0.14129999999999998
0.1889
0.1748
2.9664
2.4532
2.2709
2.0514
0.5388000000000001
0.0819
0.0343
0.0165
0.0159
0.0436
0.026799999999999997
0.052899999999999996
0.0527
0.0784
0.0791
0.0493
0.1027
0.0829
0.08080000000000001
0.047099999999999996
0.0441
0.1511
0.425
0.6493
1.2384
0.0
0.0761
0.0827
0.08990000000000001
0.1701
0.189
0.17909999999999998
0.13219999999999998
0.1718
0.1894
0.1877
0.0213
1.3891
0.0811
0.0
0.0
0.0079
0.0
0.2483
0.056799999999999996
0.012700000000000001
0.0201
0.049
1.9653
1.8969999999999998
0.9435
0.22820000000000001
0.08929999999999999
0.056999999999999995
0.024
0.0216
0.045899999999999996
0.0526
0.055400000000000005
0.038
0.038599999999999995
0.059300000000000005
0.059399999999999994
0.0378
0.0364
0.020900000000000002
0.0379
0.0756
0.0615
0.11030000000000001
0.2724
2.5259
4.399699999999999
4.7407
3.6481
0.0497
0.0011
0.0009
0.0
0.0091
0.019200000000000002
0.0245
0.0412
0.046
0.0351
0.0274
0.0224
0.0295
0.027999999999999997
0.7807999999999999
0.5796
0.36819999999999997
0.312
0.2649
0.2361
1.4766
0.4253
0.394
0.3647
0.3507
0.3422
0.3584
0.4445
0.5604
1.1124999999999998
0.9232
1.0428
1.3552
1.4272
1.4102000000000001
1.3039999999999998
0.969
1.8176999999999999
1.0795
0.776
0.801
0.8077
0.6769000000000001
0.5091
0.4068
2.3068
3.4432
0.2599
0.0346
0.0369
0.0158
0.0359
0.0256
0.0
0.0
0.015099999999999999
0.013
0.3794
0.0155
0.0342
0.056400000000000006
0.3103
0.0521
0.031
0.0232
0.0353
0.0506
0.0293
0.0538
0.13219999999999998
0.1208
0.1174
0.1129
0.10239999999999999
0.0808
0.0529
0.0437
0.0388
0.0529
0.047
0.048100000000000004
0.0439
0.048100000000000004
0.0535
0.0867
0.1079
0.1386
0.1634
0.0803
0.1281
0.14129999999999998
0.1889
0.1748
2.9664
2.4532
2.2709
2.0514
0.5388000000000001
0.0819
0.0343
0.0165
0.0159
0.0436
0.026799999999999997
0.052899999999999996
0.0527
0.0784
0.0791
0.0493
0.1027
0.0829
0.08080000000000001
0.047099999999999996
0.0441
0.1511
0.425
0.6493
2.0003
1.6339000000000001
1.6279
1.1082
0.1056
0.0842
0.1278
0.6617999999999999
0.3836
0.1505
0.09079999999999999
0.09490000000000001
0.07400000000000001
0.0789
0.0889
0.1348
0.37629999999999997
0.7478
0.2309
0.0598
0.0511
0.0511
0.04
0.9315
3.3722000000000003
3.5219
1.5151
0.1068
0.054099999999999995
0.049100000000000005
0.06470000000000001
0.08549999999999999
0.0741
0.22210000000000002
0.249
0.2681
0.2409
0.1775
0.1745
0.1159
0.0825
0.07200000000000001
0.1969
0.495
0.1028
0.056
0.06459999999999999
1.3283
0.0
1.6143
3.9977
2.3160000000000003
0.14250000000000002
0.1228
0.0568
1.0341
1.0743999999999998
1.1196000000000002
0.98
0.3255
0.0
0.0
0.0
0.0
0.0
0.0
0.0
0.0
0.0
0.4202
1.2638
0.3179
3.0498000000000003
0.38380000000000003
0.42110000000000003
0.4496
0.4089
0.4611
0.6413
0.6194
0.5609999999999999
0.5064
0.5186
0.4887
1.6693
1.9106
0.9101999999999999
0.5388
1.2131
1.8936000000000002
2.3455
2.7138
1.3382
0.402
0.3774
0.3378
4.0616
4.253
4.5735
5.2989999999999995
0.7992
0.0
0.0
0.0
0.0138
0.0193
0.045
0.0247
0.0327
0.036199999999999996
0.0328
0.0165
0.0297
0.0
0.5744
0.1412
0.1681
0.6964
1.4069
0.7533000000000001
0.5517000000000001
0.5385
0.6316999999999999
0.6389
0.5837
0.4661
0.1358
0.6657
0.0232
0.0518
0.0819
0.0634
0.0721
0.0749
0.0727
0.0534
0.0247
0.0
1.7963
0.6353
0.7297
0.9470000000000001
0.6199
1.0062
0.8182
2.0836
4.2125
2.2565999999999997
0.5798
0.4416
0.12490000000000001
0.0928
0.088
0.089
0.0627
0.0587
0.0682
0.08510000000000001
0.0738
0.0938
0.0798
0.06420000000000001
0.058499999999999996
0.059899999999999995
0.0606
0.091
0.2227
0.4871
2.0003
1.6339000000000001
1.6279
1.1082
0.1056
0.0842
0.1278
0.6617999999999999
0.3836
0.1505
0.09079999999999999
0.09490000000000001
0.07400000000000001
0.0789
0.0889
0.1348
0.37629999999999997
0.7478
0.2309
0.0598
0.0511
0.0511
0.04
0.9315
3.3722000000000003
3.5219
1.5151
0.1068
0.054099999999999995
0.049100000000000005
0.06470000000000001
0.08549999999999999
0.0741
0.22210000000000002
0.249
0.2681
0.2409
0.1775
0.1745
0.1159
0.0825
0.07200000000000001
0.1969
0.495
0.1028
0.056
0.06459999999999999
1.3283
0.0
1.6143
3.9977
2.3160000000000003
0.14250000000000002
0.1228
0.0568
1.0341
1.0743999999999998
1.1196000000000002
0.98
0.3255
0.0
0.0
0.0
0.0
0.0
0.0
0.0
0.0
0.0
0.4202
1.2638
0.3179
3.0498000000000003
0.38380000000000003
0.42110000000000003
0.4496
0.4089
0.4611
0.6413
0.6194
0.5609999999999999
0.5064
0.5186
0.4887
1.6693
1.9106
0.9101999999999999
0.5388
1.2131
1.8936000000000002
2.3455
2.7138
1.3382
0.402
0.3774
0.3378
4.0616
4.253
4.5735
5.2989999999999995
0.7992
0.0
0.0
0.0
0.0138
0.0193
0.045
0.0247
0.0327
0.036199999999999996
0.0328
0.0165
0.0297
0.0
0.5744
0.1412
0.1681
0.6964
1.4069
0.7533000000000001
0.5517000000000001
0.5385
0.6316999999999999
0.6389
0.5837
0.4661
0.1358
0.6657
0.0232
0.0518
0.0819
0.0634
0.0721
0.0749
0.0727
0.0534
0.0247
0.0
1.7963
0.6353
0.7297
0.9470000000000001
0.6199
1.0062
0.8182
2.0836
4.2125
2.2565999999999997
0.5798
0.4416
0.12490000000000001
0.0928
0.088
0.089
0.0627
0.0587
0.0682
0.08510000000000001
0.0738
0.0938
0.0798
0.06420000000000001
0.058499999999999996
0.059899999999999995
0.0606
0.091
0.2227
0.4871
2.0003
1.6339000000000001
1.6279
1.1082
0.1056
0.0842
0.1278
0.6617999999999999
0.3836
0.1505
0.09079999999999999
0.09490000000000001
0.07400000000000001
0.0789
0.0889
0.1348
0.37629999999999997
0.7478
0.2309
0.0598
0.0511
0.0511
0.04
0.9315
3.3722000000000003
3.5219
1.5151
0.1068
0.054099999999999995
0.049100000000000005
0.06470000000000001
0.08549999999999999
0.0741
0.22210000000000002
0.249
0.2681
0.2409
0.1775
0.1745
0.1159
0.0825
0.07200000000000001
0.1969
0.495
0.1028
0.056
0.06459999999999999
1.3283
0.0
1.6143
3.9977
2.3160000000000003
0.14250000000000002
0.1228
0.0568
1.0341
1.0743999999999998
1.1196000000000002
0.98
0.3255
0.0
0.0
0.0
0.0
0.0
0.0
0.0
0.0
0.0
0.4202
1.2638
0.3179
3.0498000000000003
0.38380000000000003
0.42110000000000003
0.4496
0.4089
0.4611
0.6413
0.6194
0.5609999999999999
0.5064
0.5186
0.4887
1.6693
1.9106
0.9101999999999999
0.5388
1.2131
1.8936000000000002
2.3455
2.7138
1.3382
0.402
0.3774
0.3378
4.0616
4.253
4.5735
5.2989999999999995
0.7992
0.0
0.0
0.0
0.0138
0.0193
0.045
0.0247
0.0327
0.036199999999999996
0.0328
0.0165
0.0297
0.0
0.5744
0.1412
0.1681
0.6964
1.4069
0.7533000000000001
0.5517000000000001
0.5385
0.6316999999999999
0.6389
0.5837
0.4661
0.1358
0.6657
0.0232
0.0518
0.0819
0.0634
0.0721
0.0749
0.0727
0.0534
0.0247
0.0
1.7963
0.6353
0.7297
0.9470000000000001
0.6199
1.0062
0.8182
2.0836
4.2125
2.2565999999999997
0.5798
0.4416
0.12490000000000001
0.0928
0.088
0.089
0.0627
0.0587
0.0682
0.08510000000000001
0.0738
0.0938
0.0798
0.06420000000000001
0.058499999999999996
0.059899999999999995
0.0606
0.091
0.2227
0.4871
2.0003
1.6339000000000001
1.6279
1.1082
0.1056
0.0842
0.1278
0.6617999999999999
0.3836
0.1505
0.09079999999999999
0.09490000000000001
0.07400000000000001
0.0789
0.0889
0.1348
0.37629999999999997
0.7478
0.2309
0.0598
0.0511
0.0511
0.04
0.9315
3.3722000000000003
3.5219
1.5151
0.1068
0.054099999999999995
0.049100000000000005
0.06470000000000001
0.08549999999999999
0.0741
0.22210000000000002
0.249
0.2681
0.2409
0.1775
0.1745
0.1159
0.0825
0.07200000000000001
0.1969
0.495
0.1028
0.056
0.06459999999999999
1.3283
0.0
1.6143
3.9977
2.3160000000000003
0.14250000000000002
0.1228
0.0568
1.0341
1.0743999999999998
1.1196000000000002
0.98
0.3255
0.0
0.0
0.0
0.0
0.0
0.0
0.0
0.0
0.0
0.4202
1.2638
0.3179
3.0498000000000003
0.38380000000000003
0.42110000000000003
0.4496
0.4089
0.4611
0.6413
0.6194
0.5609999999999999
0.5064
0.5186
0.4887
1.6693
1.9106
0.9101999999999999
0.5388
1.2131
1.8936000000000002
2.3455
2.7138
1.3382
0.402
0.3774
0.3378
4.0616
4.253
4.5735
5.2989999999999995
0.7992
0.0
0.0
0.0
0.0138
0.0193
0.045
0.0247
0.0327
0.036199999999999996
0.0328
0.0165
0.0297
0.0
0.5744
0.1412
0.1681
0.6964
1.4069
0.7533000000000001
0.5517000000000001
0.5385
0.6316999999999999
0.6389
0.5837
0.4661
0.1358
0.6657
0.0232
0.0518
0.0819
0.0634
0.0721
0.0749
0.0727
0.0534
0.0247
0.0
1.7963
0.6353
0.7297
0.9470000000000001
0.6199
1.0062
0.8182
2.0836
4.2125
2.2565999999999997
0.5798
0.4416
0.12490000000000001
0.0928
0.088
0.089
0.0627
0.0587
0.0682
0.08510000000000001
0.0738
0.0938
0.0798
0.06420000000000001
0.058499999999999996
0.059899999999999995
0.0606
0.091
0.2227
0.4871
2.0003
1.6339000000000001
1.6279
1.1082
0.1056
0.0842
0.1278
0.6617999999999999
0.3836
0.1505
0.09079999999999999
0.09490000000000001
0.07400000000000001
0.0789
0.0889
0.1348
0.37629999999999997
0.7478
0.2309
0.0598
0.0511
0.0511
0.04
0.9315
3.3722000000000003
3.5219
1.5151
0.1068
0.054099999999999995
0.049100000000000005
0.06470000000000001
0.08549999999999999
0.0741
0.22210000000000002
0.249
0.2681
0.2409
0.1775
0.1745
0.1159
0.0825
0.07200000000000001
0.1969
0.495
0.1028
0.056
0.06459999999999999
1.3283
0.0143
0.0134
0.013600000000000001
0.015
0.0204
0.011600000000000001
0.0131
0.0052
0.0
0.0158
0.0252
0.0246
0.0245
0.026000000000000002
0.0284
0.025099999999999997
0.0238
0.0305
0.0303
0.0379
0.0309
0.0174
0.0237
0.025599999999999998
0.9265
1.2789000000000001
0.6037
0.7767999999999999
0.4991
0.2575
0.1457
0.1638
0.1553
0.1619
0.1875
0.3117
0.3311
0.3704
0.4587
0.5124
0.5167
1.0697
1.1344
0.36060000000000003
0.381
0.4442
0.5851999999999999
0.6822999999999999
0.7953000000000001
0.2344
0.7325
1.6432
0.45630000000000004
0.2922
0.2172
1.9275
0.2741
0.2415
0.18030000000000002
0.1616
0.13390000000000002
0.1303
0.1381
0.1562
0.1698
0.2194
0.3286
0.751
2.649
6.4242
5.6583
3.9709000000000003
4.169700000000001
3.7356
3.1978
3.9301000000000004
2.373
0.048799999999999996
0.0034
0.027299999999999998
0.0172
0.0252
0.0466
0.0247
0.032600000000000004
0.0293
0.0484
0.0153
0.0
0.0028
0.625
0.7903
0.8058000000000001
0.3634
0.2316
1.7277999999999998
5.6571
5.127800000000001
3.5073
2.4988
1.0131
0.1934
0.06509999999999999
0.0527
0.0409
0.038599999999999995
0.051500000000000004
0.042499999999999996
0.0428
0.046799999999999994
0.054400000000000004
0.0334
0.0461
0.0403
0.0345
0.0319
0.0274
0.0019
0.7645
1.1597
3.265
5.5535
3.263
1.4008
0.7771
0.0397
0.0617
0.10669999999999999
0.1105
0.1184
0.1179
0.1306
0.1493
0.16899999999999998
0.1913
0.1366
0.1321
0.1275
0.12010000000000001
0.11399999999999999
0.1323
0.1522
0.3065
0.3958
4.7382
4.6332
4.393000000000001
2.8403
1.0807
0.6041
0.24480000000000002
0.1918
1.3814
0.7228
0.0928
0.07899999999999999
0.0823
0.059
0.019600000000000003
0.0016
0.0
0.0
0.0072
0.1434
0.1507
0.07150000000000001
0.0343
0.001
0.0143
0.0134
0.013600000000000001
0.015
0.0204
0.011600000000000001
0.0131
0.0052
0.0
0.0158
0.0252
0.0246
0.0245
0.026000000000000002
0.0284
0.025099999999999997
0.0238
0.0305
0.0303
0.0379
0.0309
0.0174
0.0237
0.025599999999999998
0.9265
1.2789000000000001
0.6037
0.7767999999999999
0.4991
0.2575
0.1457
0.1638
0.1553
0.1619
0.1875
0.3117
0.3311
0.3704
0.4587
0.5124
0.5167
1.0697
1.1344
0.36060000000000003
0.381
0.4442
0.5851999999999999
0.6822999999999999
0.7953000000000001
0.2344
0.7325
1.6432
0.45630000000000004
0.2922
0.2172
1.9275
0.2741
0.2415
0.18030000000000002
0.1616
0.13390000000000002
0.1303
0.1381
0.1562
0.1698
0.2194
0.3286
0.751
2.649
6.4242
5.6583
3.9709000000000003
4.169700000000001
3.7356
3.1978
3.9301000000000004
2.373
0.048799999999999996
0.0034
0.027299999999999998
0.0172
0.0252
0.0466
0.0247
0.032600000000000004
0.0293
0.0484
0.0153
0.0
0.0028
0.625
0.7903
0.8058000000000001
0.3634
0.2316
1.7277999999999998
5.6571
5.127800000000001
3.5073
2.4988
1.0131
0.1934
0.06509999999999999
0.0527
0.0409
0.038599999999999995
0.051500000000000004
0.042499999999999996
0.0428
0.046799999999999994
0.054400000000000004
0.0334
0.0461
0.0403
0.0345
0.0319
0.0274
0.0019
0.7645
1.1597
3.265
5.5535
3.263
1.4008
0.7771
0.0397
0.0617
0.10669999999999999
0.1105
0.1184
0.1179
0.1306
0.1493
0.16899999999999998
0.1913
0.1366
0.1321
0.1275
0.12010000000000001
0.11399999999999999
0.1323
0.1522
0.3065
0.3958
4.7382
4.6332
4.393000000000001
2.8403
1.0807
0.6041
0.24480000000000002
0.1918
1.3814
0.7228
0.0928
0.07899999999999999
0.0823
0.059
0.019600000000000003
0.0016
0.0
0.0
0.0072
0.1434
0.1507
0.07150000000000001
0.0343
0.001
0.0143
0.0134
0.013600000000000001
0.015
0.0204
0.011600000000000001
0.0131
0.0052
0.0
0.0158
0.0252
0.0246
0.0245
0.026000000000000002
0.0284
0.025099999999999997
0.0238
0.0305
0.0303
0.0379
0.0309
0.0174
0.0237
0.025599999999999998
0.9265
1.2789000000000001
0.6037
0.7767999999999999
0.4991
0.2575
0.1457
0.1638
0.1553
0.1619
0.1875
0.3117
0.3311
0.3704
0.4587
0.5124
0.5167
1.0697
1.1344
0.36060000000000003
0.381
0.4442
0.5851999999999999
0.6822999999999999
0.7953000000000001
0.2344
0.7325
1.6432
0.45630000000000004
0.2922
0.2172
1.9275
0.2741
0.2415
0.18030000000000002
0.1616
0.13390000000000002
0.1303
0.1381
0.1562
0.1698
0.2194
0.3286
0.751
2.649
6.4242
5.6583
3.9709000000000003
4.169700000000001
3.7356
3.1978
3.9301000000000004
2.373
0.048799999999999996
0.0034
0.027299999999999998
0.0172
0.0252
0.0466
0.0247
0.032600000000000004
0.0293
0.0484
0.0153
0.0
0.0028
0.625
0.7903
0.8058000000000001
0.3634
0.2316
1.7277999999999998
5.6571
5.127800000000001
3.5073
2.4988
1.0131
0.1934
0.06509999999999999
0.0527
0.0409
0.038599999999999995
0.051500000000000004
0.042499999999999996
0.0428
0.046799999999999994
0.054400000000000004
0.0334
0.0461
0.0403
0.0345
0.0319
0.0274
0.0019
0.7645
1.1597
3.265
5.5535
3.263
1.4008
0.7771
0.0397
0.0617
0.10669999999999999
0.1105
0.1184
0.1179
0.1306
0.1493
0.16899999999999998
0.1913
0.1366
0.1321
0.1275
0.12010000000000001
0.11399999999999999
0.1323
0.1522
0.3065
0.3958
4.7382
4.6332
4.393000000000001
2.8403
1.0807
0.6041
0.24480000000000002
0.1918
1.3814
0.7228
0.0928
0.07899999999999999
0.0823
0.059
0.019600000000000003
0.0016
0.0
0.0
0.0072
0.1434
0.1507
0.07150000000000001
0.0343
0.001
0.0143
0.0134
0.013600000000000001
0.015
0.0204
0.011600000000000001
0.0131
0.0052
0.0
0.0158
0.0252
0.0246
0.0245
0.026000000000000002
0.0284
0.025099999999999997
0.0238
0.0305
0.0303
0.0379
0.0309
0.0174
0.0237
0.025599999999999998
0.9265
1.2789000000000001
0.6037
0.7767999999999999
0.4991
0.2575
0.1457
0.1638
0.1553
0.1619
0.1875
0.3117
0.3311
0.3704
0.4587
0.5124
0.5167
1.0697
1.1344
0.36060000000000003
0.381
0.4442
0.5851999999999999
0.6822999999999999
0.7953000000000001
0.2344
0.7325
1.6432
0.45630000000000004
0.2922
0.2172
1.9275
0.2741
0.2415
0.18030000000000002
0.1616
0.13390000000000002
0.1303
0.1381
0.1562
0.1698
0.2194
0.3286
0.751
2.649
6.4242
5.6583
3.9709000000000003
4.169700000000001
3.7356
3.1978
3.9301000000000004
2.373
0.048799999999999996
0.0034
0.027299999999999998
0.0172
0.0252
0.0466
0.0247
0.032600000000000004
0.0293
0.0484
0.0153
0.0
0.0028
0.625
0.7903
0.8058000000000001
0.3634
0.2316
1.7277999999999998
5.6571
5.127800000000001
3.5073
2.4988
1.0131
0.1934
0.06509999999999999
0.0527
0.0409
0.038599999999999995
0.051500000000000004
0.042499999999999996
0.0428
0.046799999999999994
0.054400000000000004
0.0334
0.0461
0.0403
0.0345
0.0319
0.0274
0.0019
0.7645
1.1597
3.265
5.5535
3.263
1.4008
0.7771
0.0397
0.0617
0.10669999999999999
0.1105
0.1184
0.1179
0.1306
0.1493
0.16899999999999998
0.1913
0.1366
0.1321
0.1275
0.12010000000000001
0.11399999999999999
0.1323
0.1522
0.3065
0.3958
4.7382
4.6332
4.393000000000001
2.8403
1.0807
0.6041
0.24480000000000002
0.1918
1.3814
0.7228
0.0928
0.07899999999999999
0.0823
0.059
0.019600000000000003
0.0016
0.0
0.0
0.0072
0.1434
0.1507
0.07150000000000001
0.0343
0.001
0.0143
0.0134
0.013600000000000001
0.015
0.0204
0.011600000000000001
0.0131
0.0052
0.0
0.0158
0.0252
0.0246
0.0245
0.026000000000000002
0.0284
0.025099999999999997
0.0238
0.0305
0.0303
0.0379
0.0309
0.0174
0.0237
0.025599999999999998
0.9265
1.2789000000000001
0.6037
0.7767999999999999
0.4991
0.2575
0.1457
0.1638
0.1553
0.1619
0.1875
0.3117
0.3311
0.3704
0.4587
0.5124
0.5167
1.0697
1.1344
0.36060000000000003
0.381
0.4442
0.5851999999999999
0.6822999999999999
0.7953000000000001
0.2344
0.7325
1.6432
0.45630000000000004
0.2922
0.2172
1.9275
0.2741
0.2415
0.18030000000000002
0.1616
0.13390000000000002
0.1303
0.1381
0.1562
0.1698
0.2194
0.3286
0.751
2.649
6.4242
5.6583
3.9709000000000003
0.9965
1.6446
7.6172
1.12
0.0473
0.1033
0.06259999999999999
0.0232
0.048799999999999996
0.0558
0.0589
0.0341
0.08230000000000001
0.09620000000000001
0.1089
0.0688
0.0219
0.0044
0.0157
0.0746
0.1027
0.0858
0.012400000000000001
0.0628
0.026099999999999998
0.0212
0.0249
0.026799999999999997
0.0229
0.0225
0.0406
0.0428
0.0219
0.0347
0.0393
0.0633
0.0387
0.020700000000000003
0.024900000000000002
0.0135
0.1159
0.0315
0.0131
0.0201
0.0282
0.025
0.0365
0.0358
4.918699999999999
1.4636
0.373
0.7896
0.038400000000000004
0.0753
0.061
0.10750000000000001
0.10339999999999999
0.1032
0.094
0.0998
0.1139
0.07719999999999999
0.3707
1.2257
0.12229999999999999
0.10830000000000001
0.1631
0.26789999999999997
0.14079999999999998
0.0552
0.0135
0.2889
0.3183
0.2768
0.2694
0.24359999999999998
0.17320000000000002
0.0131
0.0
0.0
0.0
0.0
0.0
0.1585
0.16670000000000001
0.0569
0.5305
0.0
1.0744
0.0
0.6243
1.2268
0.9238999999999999
0.7854
0.4082
0.2377
0.119
0.1131
0.1106
0.11460000000000001
0.1173
0.1716
0.3236
0.4503
0.22110000000000002
0.1431
0.0446
0.0383
0.040999999999999995
0.0464
0.0579
0.0535
0.0644
0.0583
0.0563
0.07089999999999999
0.0844
0.1122
0.1731
0.19529999999999997
4.9803
1.3018
0.731
0.7182000000000001
0.274
0.322
0.4391
0.1681
0.0024
0.010499999999999999
0.046299999999999994
0.031100000000000003
0.0349
0.0315
0.0294
0.0004
0.0
0.0
1.2812999999999999
0.2875
0.4336
0.6486
0.8481
3.1323999999999996
0.0996
0.1367
0.1368
0.1036
0.0959
0.37679999999999997
0.7289000000000001
0.43379999999999996
0.1879
0.1716
0.14229999999999998
0.6067
0.2982
0.275
0.33240000000000003
0.1654
0.1244
0.0408
0.6005
0.7596
0.7829999999999999
0.1182
0.024
0.0839
0.9965
1.6446
7.6172
1.12
0.0473
0.1033
0.06259999999999999
0.0232
0.048799999999999996
0.0558
0.0589
0.0341
0.08230000000000001
0.09620000000000001
0.1089
0.0688
0.0219
0.0044
0.0157
0.0746
0.1027
0.0858
0.012400000000000001
0.0628
0.026099999999999998
0.0212
0.0249
0.026799999999999997
0.0229
0.0225
0.0406
0.0428
0.0219
0.0347
0.0393
0.0633
0.0387
0.020700000000000003
0.024900000000000002
0.0135
0.1159
0.0315
0.0131
0.0201
0.0282
0.025
0.0365
0.0358
4.918699999999999
1.4636
0.373
0.7896
0.038400000000000004
0.0753
0.061
0.10750000000000001
0.10339999999999999
0.1032
0.094
0.0998
0.1139
0.07719999999999999
0.3707
1.2257
0.12229999999999999
0.10830000000000001
0.1631
0.26789999999999997
0.14079999999999998
0.0552
0.0135
0.2889
0.3183
0.2768
0.2694
0.24359999999999998
0.17320000000000002
0.0131
0.0
0.0
0.0
0.0
0.0
0.1585
0.16670000000000001
0.0569
0.5305
0.0
1.0744
0.0
0.6243
1.2268
0.9238999999999999
0.7854
0.4082
0.2377
0.119
0.1131
0.1106
0.11460000000000001
0.1173
0.1716
0.3236
0.4503
0.22110000000000002
0.1431
0.0446
0.0383
0.040999999999999995
0.0464
0.0579
0.0535
0.0644
0.0583
0.0563
0.07089999999999999
0.0844
0.1122
0.1731
0.19529999999999997
4.9803
1.3018
0.731
0.7182000000000001
0.274
0.322
0.4391
0.1681
0.0024
0.010499999999999999
0.046299999999999994
0.031100000000000003
0.0349
0.0315
0.0294
0.0004
0.0
0.0
1.2812999999999999
0.2875
0.4336
0.6486
0.8481
3.1323999999999996
0.0996
0.1367
0.1368
0.1036
0.0959
0.37679999999999997
0.7289000000000001
0.43379999999999996
0.1879
0.1716
0.14229999999999998
0.6067
0.2982
0.275
0.33240000000000003
0.1654
0.1244
0.0408
0.6005
0.7596
0.7829999999999999
0.1182
0.024
0.0839
0.9965
1.6446
7.6172
1.12
0.0473
0.1033
0.06259999999999999
0.0232
0.048799999999999996
0.0558
0.0589
0.0341
0.08230000000000001
0.09620000000000001
0.1089
0.0688
0.0219
0.0044
0.0157
0.0746
0.1027
0.0858
0.012400000000000001
0.0628
0.026099999999999998
0.0212
0.0249
0.026799999999999997
0.0229
0.0225
0.0406
0.0428
0.0219
0.0347
0.0393
0.0633
0.0387
0.020700000000000003
0.024900000000000002
0.0135
0.1159
0.0315
0.0131
0.0201
0.0282
0.025
0.0365
0.0358
4.918699999999999
1.4636
0.373
0.7896
0.038400000000000004
0.0753
0.061
0.10750000000000001
0.10339999999999999
0.1032
0.094
0.0998
0.1139
0.07719999999999999
0.3707
1.2257
0.12229999999999999
0.10830000000000001
0.1631
0.26789999999999997
0.14079999999999998
0.0552
0.0135
0.2889
0.3183
0.2768
0.2694
0.24359999999999998
0.17320000000000002
0.0131
0.0
0.0
0.0
0.0
0.0
0.1585
0.16670000000000001
0.0569
0.5305
0.0
1.0744
0.0
0.6243
1.2268
0.9238999999999999
0.7854
0.4082
0.2377
0.119
0.1131
0.1106
0.11460000000000001
0.1173
0.1716
0.3236
0.4503
0.22110000000000002
0.1431
0.0446
0.0383
0.040999999999999995
0.0464
0.0579
0.0535
0.0644
0.0583
0.0563
0.07089999999999999
0.0844
0.1122
0.1731
0.19529999999999997
4.9803
1.3018
0.731
0.7182000000000001
0.274
0.322
0.4391
0.1681
0.0024
0.010499999999999999
0.046299999999999994
0.031100000000000003
0.0349
0.0315
0.0294
0.0004
0.0
0.0
1.2812999999999999
0.2875
0.4336
0.6486
0.8481
3.1323999999999996
0.0996
0.1367
0.1368
0.1036
0.0959
0.37679999999999997
0.7289000000000001
0.43379999999999996
0.1879
0.1716
0.14229999999999998
0.6067
0.2982
0.275
0.33240000000000003
0.1654
0.1244
0.0408
0.6005
0.7596
0.7829999999999999
0.1182
0.024
0.0839
0.9965
1.6446
7.6172
1.12
0.0473
0.1033
0.06259999999999999
0.0232
0.048799999999999996
0.0558
0.0589
0.0341
0.08230000000000001
0.09620000000000001
0.1089
0.0688
0.0219
0.0044
0.0157
0.0746
0.1027
0.0858
0.012400000000000001
0.0628
0.026099999999999998
0.0212
0.0249
0.026799999999999997
0.0229
0.0225
0.0406
0.0428
0.0219
0.0347
0.0393
0.0633
0.0387
0.020700000000000003
0.024900000000000002
0.0135
0.1159
0.0315
0.0131
0.0201
0.0282
0.025
0.0365
0.0358
4.918699999999999
1.4636
0.373
0.7896
0.038400000000000004
0.0753
0.061
0.10750000000000001
0.10339999999999999
0.1032
0.094
0.0998
0.1139
0.07719999999999999
0.3707
1.2257
0.12229999999999999
0.10830000000000001
0.1631
0.26789999999999997
0.14079999999999998
0.0552
0.0135
0.2889
0.3183
0.2768
0.2694
0.24359999999999998
0.17320000000000002
0.0131
0.0
0.0
0.0
0.0
0.0
0.1585
0.16670000000000001
0.0569
0.5305
0.0
1.0744
0.0
0.6243
1.2268
0.9238999999999999
0.7854
0.4082
0.2377
0.119
0.1131
0.1106
0.11460000000000001
0.1173
0.1716
0.3236
0.4503
0.22110000000000002
0.1431
0.0446
0.0383
0.040999999999999995
0.0464
0.0579
0.0535
0.0644
0.0583
0.0563
0.07089999999999999
0.0844
0.1122
0.1731
0.19529999999999997
4.9803
1.3018
0.731
0.7182000000000001
0.274
0.322
0.4391
0.1681
0.0024
0.010499999999999999
0.046299999999999994
0.031100000000000003
0.0349
0.0315
0.0294
0.0004
0.0
0.0
1.2812999999999999
0.2875
0.4336
0.6486
0.8481
3.1323999999999996
0.0996
0.1367
0.1368
0.1036
0.0959
0.37679999999999997
0.7289000000000001
0.43379999999999996
0.1879
0.1716
0.14229999999999998
0.6067
0.2982
0.275
0.33240000000000003
0.1654
0.1244
0.0408
0.6005
0.7596
0.7829999999999999
0.1182
0.024
0.0839
0.9965
1.6446
7.6172
1.12
0.0473
0.1033
0.06259999999999999
0.0232
0.048799999999999996
0.0558
0.0589
0.0341
0.08230000000000001
0.09620000000000001
0.1089
0.0688
0.0219
0.0044
0.0157
0.0746
0.1027
0.0858
0.012400000000000001
0.0628
0.026099999999999998
0.0212
0.0249
0.026799999999999997
0.0229
0.0225
0.0406
0.0428
0.0219
0.0347
0.0393
0.0633
0.0387
0.020700000000000003
0.024900000000000002
0.0135
0.1159
0.0315
0.0131
0.0201
0.0282
0.025
0.0365
0.0358
0.1622
0.1452
0.14300000000000002
0.1356
0.122
0.1116
0.1036
0.1349
0.122
0.11510000000000001
0.0974
0.0843
0.0839
0.08579999999999999
0.08990000000000001
0.0948
0.0891
0.0995
0.21710000000000002
0.1256
0.0944
0.095
0.1444
0.2094
1.204
0.1817
0.3798
0.3096
0.2006
0.1206
0.0
0.0157
0.0179
0.0348
0.0417
0.041800000000000004
0.0965
0.1311
0.0436
0.7708
0.0063
0.0377
0.0999
2.0668
1.3142
1.1200999999999999
0.7989999999999999
2.7431
0.5351
0.4587
0.1547
0.0015
0.0535
0.16720000000000002
0.10250000000000001
0.0357
0.0422
0.044899999999999995
0.032600000000000004
0.027000000000000003
0.0257
0.049
0.0382
0.007299999999999999
0.0677
0.1316
0.0529
0.0701
0.08460000000000001
0.0969
0.0506
1.5437999999999998
0.758
0.8633
0.9228000000000001
0.8409
0.5899
0.7716
0.3435
0.0182
0.012299999999999998
0.0179
0.021400000000000002
0.0259
0.021900000000000003
0.019200000000000002
0.0371
0.0334
0.0611
0.4118
0.9654
0.4693
0.4993
0.4661
0.46540000000000004
2.2927
0.0
1.6346
0.0496
0.2157
0.0239
0.4155
0.7648
0.0
0.0368
0.0494
0.056
0.0303
0.0291
0.0398
0.0435
0.039700000000000006
0.0
0.0026
0.0
0.0032
0.0
0.0
0.0166
0.0158
5.3151
3.7062999999999997
0.8528
0.1612
0.1081
0.0158
0.0164
0.0039
0.0125
0.0171
0.0371
0.036699999999999997
0.0344
0.034499999999999996
0.0402
0.0196
0.034699999999999995
0.0484
0.0255
0.045
0.012799999999999999
0.0146
0.0
0.0086
0.6439
0.4426
0.5305
0.5044
0.4109
0.3553
0.1787
0.0466
0.0325
0.028499999999999998
0.0246
0.0212
0.028499999999999998
0.0321
0.0497
0.0984
0.07719999999999999
0.0948
0.098
0.1246
0.3103
0.32620000000000005
0.24580000000000002
0.2319
0.1622
0.1452
0.14300000000000002
0.1356
0.122
0.1116
0.1036
0.1349
0.122
0.11510000000000001
0.0974
0.0843
0.0839
0.08579999999999999
0.08990000000000001
0.0948
0.0891
0.0995
0.21710000000000002
0.1256
0.0944
0.095
0.1444
0.2094
1.204
0.1817
0.3798
0.3096
0.2006
0.1206
0.0
0.0157
0.0179
0.0348
0.0417
0.041800000000000004
0.0965
0.1311
0.0436
0.7708
0.0063
0.0377
0.0999
2.0668
1.3142
1.1200999999999999
0.7989999999999999
2.7431
0.5351
0.4587
0.1547
0.0015
0.0535
0.16720000000000002
0.10250000000000001
0.0357
0.0422
0.044899999999999995
0.032600000000000004
0.027000000000000003
0.0257
0.049
0.0382
0.007299999999999999
0.0677
0.1316
0.0529
0.0701
0.08460000000000001
0.0969
0.0506
1.5437999999999998
0.758
0.8633
0.9228000000000001
0.8409
0.5899
0.7716
0.3435
0.0182
0.012299999999999998
0.0179
0.021400000000000002
0.0259
0.021900000000000003
0.019200000000000002
0.0371
0.0334
0.0611
0.4118
0.9654
0.4693
0.4993
0.4661
0.46540000000000004
2.2927
0.0
1.6346
0.0496
0.2157
0.0239
0.4155
0.7648
0.0
0.0368
0.0494
0.056
0.0303
0.0291
0.0398
0.0435
0.039700000000000006
0.0
0.0026
0.0
0.0032
0.0
0.0
0.0166
0.0158
5.3151
3.7062999999999997
0.8528
0.1612
0.1081
0.0158
0.0164
0.0039
0.0125
0.0171
0.0371
0.036699999999999997
0.0344
0.034499999999999996
0.0402
0.0196
0.034699999999999995
0.0484
0.0255
0.045
0.012799999999999999
0.0146
0.0
0.0086
0.6439
0.4426
0.5305
0.5044
0.4109
0.3553
0.1787
0.0466
0.0325
0.028499999999999998
0.0246
0.0212
0.028499999999999998
0.0321
0.0497
0.0984
0.07719999999999999
0.0948
0.098
0.1246
0.3103
0.32620000000000005
0.24580000000000002
0.2319
0.1622
0.1452
0.14300000000000002
0.1356
0.122
0.1116
0.1036
0.1349
0.122
0.11510000000000001
0.0974
0.0843
0.0839
0.08579999999999999
0.08990000000000001
0.0948
0.0891
0.0995
0.21710000000000002
0.1256
0.0944
0.095
0.1444
0.2094
1.204
0.1817
0.3798
0.3096
0.2006
0.1206
0.0
0.0157
0.0179
0.0348
0.0417
0.041800000000000004
0.0965
0.1311
0.0436
0.7708
0.0063
0.0377
0.0999
2.0668
1.3142
1.1200999999999999
0.7989999999999999
2.7431
0.5351
0.4587
0.1547
0.0015
0.0535
0.16720000000000002
0.10250000000000001
0.0357
0.0422
0.044899999999999995
0.032600000000000004
0.027000000000000003
0.0257
0.049
0.0382
0.007299999999999999
0.0677
0.1316
0.0529
0.0701
0.08460000000000001
0.0969
0.0506
1.5437999999999998
0.758
0.8633
0.9228000000000001
0.8409
0.5899
0.7716
0.3435
0.0182
0.012299999999999998
0.0179
0.021400000000000002
0.0259
0.021900000000000003
0.019200000000000002
0.0371
0.0334
0.0611
0.4118
0.9654
0.4693
0.4993
0.4661
0.46540000000000004
2.2927
0.0
1.6346
0.0496
0.2157
0.0239
0.4155
0.7648
0.0
0.0368
0.0494
0.056
0.0303
0.0291
0.0398
0.0435
0.039700000000000006
0.0
0.0026
0.0
0.0032
0.0
0.0
0.0166
0.0158
5.3151
3.7062999999999997
0.8528
0.1612
0.1081
0.0158
0.0164
0.0039
0.0125
0.0171
0.0371
0.036699999999999997
0.0344
0.034499999999999996
0.0402
0.0196
0.034699999999999995
0.0484
0.0255
0.045
0.012799999999999999
0.0146
0.0
0.0086
0.6439
0.4426
0.5305
0.5044
0.4109
0.3553
0.1787
0.0466
0.0325
0.028499999999999998
0.0246
0.0212
0.028499999999999998
0.0321
0.0497
0.0984
0.07719999999999999
0.0948
0.098
0.1246
0.3103
0.32620000000000005
0.24580000000000002
0.2319
0.1622
0.1452
0.14300000000000002
0.1356
0.122
0.1116
0.1036
0.1349
0.122
0.11510000000000001
0.0974
0.0843
0.0839
0.08579999999999999
0.08990000000000001
0.0948
0.0891
0.0995
0.21710000000000002
0.1256
0.0944
0.095
0.1444
0.2094
1.204
0.1817
0.3798
0.3096
0.2006
0.1206
0.0
0.0157
0.0179
0.0348
0.0417
0.041800000000000004
0.0965
0.1311
0.0436
0.7708
0.0063
0.0377
0.0999
2.0668
1.3142
1.1200999999999999
0.7989999999999999
2.7431
0.5351
0.4587
0.1547
0.0015
0.0535
0.16720000000000002
0.10250000000000001
0.0357
0.0422
0.044899999999999995
0.032600000000000004
0.027000000000000003
0.0257
0.049
0.0382
0.007299999999999999
0.0677
0.1316
0.0529
0.0701
0.08460000000000001
0.0969
0.0506
1.5437999999999998
0.758
0.8633
0.9228000000000001
0.8409
0.5899
0.7716
0.3435
0.0182
0.012299999999999998
0.0179
0.021400000000000002
0.0259
0.021900000000000003
0.019200000000000002
0.0371
0.0334
0.0611
0.4118
0.9654
0.4693
0.4993
0.4661
0.46540000000000004
2.2927
0.0
1.6346
0.0496
0.2157
0.0239
0.4155
0.7648
0.0
0.0368
0.0494
0.056
0.0303
0.0291
0.0398
0.0435
0.039700000000000006
0.0
0.0026
0.0
0.0032
0.0
0.0
0.0166
0.0158
5.3151
3.7062999999999997
0.8528
0.1612
0.1081
0.0158
0.0164
0.0039
0.0125
0.0171
0.0371
0.036699999999999997
0.0344
0.034499999999999996
0.0402
0.0196
0.034699999999999995
0.0484
0.0255
0.045
0.012799999999999999
0.0146
0.0
0.0086
0.6439
0.4426
0.5305
0.5044
0.4109
0.3553
0.1787
0.0466
0.0325
0.028499999999999998
0.0246
0.0212
0.028499999999999998
0.0321
0.0497
0.0984
0.07719999999999999
0.0948
0.098
0.1246
0.3103
0.32620000000000005
0.24580000000000002
0.2319
0.1622
0.1452
0.14300000000000002
0.1356
0.122
0.1116
0.1036
0.1349
0.122
0.11510000000000001
0.0974
0.0843
0.0839
0.08579999999999999
0.08990000000000001
0.0948
0.0891
0.0995
0.21710000000000002
0.1256
0.0944
0.095
0.1444
0.2094
1.204
0.1817
0.3798
0.3096
0.2006
0.1206
0.0
0.0157
0.0179
0.0348
0.0417
0.041800000000000004
0.0965
0.1311
0.0436
0.7708
0.0063
0.0377
0.0999
2.0668
1.3142
1.1200999999999999
0.7989999999999999
2.7431
0.5351
0.4587
0.1547
0.0015
0.0535
0.16720000000000002
0.10250000000000001
0.0357
0.0422
0.044899999999999995
0.032600000000000004
0.027000000000000003
0.0257
0.049
0.0382
0.007299999999999999
0.0677
0.1316
0.0529
0.0701
0.08460000000000001
0.0969
0.0506
1.5437999999999998
0.2993
0.24530000000000002
0.4778
0.3408
0.14100000000000001
0.0898
0.0475
0.0351
0.0351
0.0408
0.0302
0.0256
0.0268
0.019200000000000002
0.0238
0.0205
0.0267
0.035199999999999995
0.0287
0.0429
0.047
0.0464
0.0656
2.0428
0.9128000000000001
0.2274
0.2228
0.10189999999999999
0.0323
0.0229
0.0253
0.0379
0.0347
0.0456
0.0393
0.037
0.033
0.0269
0.025
0.026799999999999997
0.0394
0.0292
0.0338
0.047
0.0678
0.06520000000000001
0.1031
0.7659
0.7496
0.7455
0.7442
0.7296
0.7448
0.6016
0.7927000000000001
1.7267
0.20350000000000001
0.2369
0.39890000000000003
1.2177
0.28859999999999997
0.17459999999999998
0.18580000000000002
0.2949
1.3328
0.8481
0.6198
0.8691
0.6277999999999999
0.5413
0.6431
0.7375
0.08030000000000001
0.07830000000000001
0.0698
0.07569999999999999
0.0767
0.3442
0.1348
0.1152
0.1392
0.158
0.1286
0.11699999999999999
0.12079999999999999
0.1255
0.127
0.12969999999999998
0.1525
0.3657
0.1027
0.0946
0.0929
0.0906
0.0838
0.0887
0.0812
0.0881
0.09179999999999999
0.0834
0.0826
0.06889999999999999
0.0166
0.1472
0.0
0.0197
0.0257
0.0347
0.0363
0.032299999999999995
0.0363
0.0277
0.0598
0.0571
0.0369
0.0318
0.045899999999999996
0.0415
0.047299999999999995
0.058499999999999996
0.063
0.0623
0.065
0.06609999999999999
0.0698
0.08460000000000001
0.11810000000000001
0.2114
0.2716
0.3116
0.3559
0.3846
0.3899
1.7125
0.33509999999999995
0.23550000000000001
0.1692
0.8916
0.6989
0.2458
0.08510000000000001
0.0663
0.0668
0.0817
0.3306
0.3055
0.29669999999999996
0.2942
0.3074
0.345
0.4353
0.4813
0.7148
0.6906
0.4548
0.3937
0.4111
0.4276
0.4598
0.6284000000000001
1.2566000000000002
0.7392
0.6675
1.3226999999999998
2.2207
2.4814
2.0458
0.4165
0.2993
0.24530000000000002
0.4778
0.3408
0.14100000000000001
0.0898
0.0475
0.0351
0.0351
0.0408
0.0302
0.0256
0.0268
0.019200000000000002
0.0238
0.0205
0.0267
0.035199999999999995
0.0287
0.0429
0.047
0.0464
0.0656
2.0428
0.9128000000000001
0.2274
0.2228
0.10189999999999999
0.0323
0.0229
0.0253
0.0379
0.0347
0.0456
0.0393
0.037
0.033
0.0269
0.025
0.026799999999999997
0.0394
0.0292
0.0338
0.047
0.0678
0.06520000000000001
0.1031
0.7659
0.7496
0.7455
0.7442
0.7296
0.7448
0.6016
0.7927000000000001
1.7267
0.20350000000000001
0.2369
0.39890000000000003
1.2177
0.28859999999999997
0.17459999999999998
0.18580000000000002
0.2949
1.3328
0.8481
0.6198
0.8691
0.6277999999999999
0.5413
0.6431
0.7375
0.08030000000000001
0.07830000000000001
0.0698
0.07569999999999999
0.0767
0.3442
0.1348
0.1152
0.1392
0.158
0.1286
0.11699999999999999
0.12079999999999999
0.1255
0.127
0.12969999999999998
0.1525
0.3657
0.1027
0.0946
0.0929
0.0906
0.0838
0.0887
0.0812
0.0881
0.09179999999999999
0.0834
0.0826
0.06889999999999999
0.0166
0.1472
0.0
0.0197
0.0257
0.0347
0.0363
0.032299999999999995
0.0363
0.0277
0.0598
0.0571
0.0369
0.0318
0.045899999999999996
0.0415
0.047299999999999995
0.058499999999999996
0.063
0.0623
0.065
0.06609999999999999
0.0698
0.08460000000000001
0.11810000000000001
0.2114
0.2716
0.3116
0.3559
0.3846
0.3899
1.7125
0.33509999999999995
0.23550000000000001
0.1692
0.8916
0.6989
0.2458
0.08510000000000001
0.0663
0.0668
0.0817
0.3306
0.3055
0.29669999999999996
0.2942
0.3074
0.345
0.4353
0.4813
0.7148
0.6906
0.4548
0.3937
0.4111
0.4276
0.4598
0.6284000000000001
1.2566000000000002
0.7392
0.6675
1.3226999999999998
2.2207
2.4814
2.0458
0.4165
0.2993
0.24530000000000002
0.4778
0.3408
0.14100000000000001
0.0898
0.0475
0.0351
0.0351
0.0408
0.0302
0.0256
0.0268
0.019200000000000002
0.0238
0.0205
0.0267
0.035199999999999995
0.0287
0.0429
0.047
0.0464
0.0656
2.0428
0.9128000000000001
0.2274
0.2228
0.10189999999999999
0.0323
0.0229
0.0253
0.0379
0.0347
0.0456
0.0393
0.037
0.033
0.0269
0.025
0.026799999999999997
0.0394
0.0292
0.0338
0.047
0.0678
0.06520000000000001
0.1031
0.7659
0.7496
0.7455
0.7442
0.7296
0.7448
0.6016
0.7927000000000001
1.7267
0.20350000000000001
0.2369
0.39890000000000003
1.2177
0.28859999999999997
0.17459999999999998
0.18580000000000002
0.2949
1.3328
0.8481
0.6198
0.8691
0.6277999999999999
0.5413
0.6431
0.7375
0.08030000000000001
0.07830000000000001
0.0698
0.07569999999999999
0.0767
0.3442
0.1348
0.1152
0.1392
0.158
0.1286
0.11699999999999999
0.12079999999999999
0.1255
0.127
0.12969999999999998
0.1525
0.3657
0.1027
0.0946
0.0929
0.0906
0.0838
0.0887
0.0812
0.0881
0.09179999999999999
0.0834
0.0826
0.06889999999999999
0.0166
0.1472
0.0
0.0197
0.0257
0.0347
0.0363
0.032299999999999995
0.0363
0.0277
0.0598
0.0571
0.0369
0.0318
0.045899999999999996
0.0415
0.047299999999999995
0.058499999999999996
0.063
0.0623
0.065
0.06609999999999999
0.0698
0.08460000000000001
0.11810000000000001
0.2114
0.2716
0.3116
0.3559
0.3846
0.3899
1.7125
0.33509999999999995
0.23550000000000001
0.1692
0.8916
0.6989
0.2458
0.08510000000000001
0.0663
0.0668
0.0817
0.3306
0.3055
0.29669999999999996
0.2942
0.3074
0.345
0.4353
0.4813
0.7148
0.6906
0.4548
0.3937
0.4111
0.4276
0.4598
0.6284000000000001
1.2566000000000002
0.7392
0.6675
1.3226999999999998
2.2207
2.4814
2.0458
0.4165
0.2993
0.24530000000000002
0.4778
0.3408
0.14100000000000001
0.0898
0.0475
0.0351
0.0351
0.0408
0.0302
0.0256
0.0268
0.019200000000000002
0.0238
0.0205
0.0267
0.035199999999999995
0.0287
0.0429
0.047
0.0464
0.0656
2.0428
0.9128000000000001
0.2274
0.2228
0.10189999999999999
0.0323
0.0229
0.0253
0.0379
0.0347
0.0456
0.0393
0.037
0.033
0.0269
0.025
0.026799999999999997
0.0394
0.0292
0.0338
0.047
0.0678
0.06520000000000001
0.1031
0.7659
0.7496
0.7455
0.7442
0.7296
0.7448
0.6016
0.7927000000000001
1.7267
0.20350000000000001
0.2369
0.39890000000000003
1.2177
0.28859999999999997
0.17459999999999998
0.18580000000000002
0.2949
1.3328
0.8481
0.6198
0.8691
0.6277999999999999
0.5413
0.6431
0.7375
0.08030000000000001
0.07830000000000001
0.0698
0.07569999999999999
0.0767
0.3442
0.1348
0.1152
0.1392
0.158
0.1286
0.11699999999999999
0.12079999999999999
0.1255
0.127
0.12969999999999998
0.1525
0.3657
0.1027
0.0946
0.0929
0.0906
0.0838
0.0887
0.0812
0.0881
0.09179999999999999
0.0834
0.0826
0.06889999999999999
0.0166
0.1472
0.0
0.0197
0.0257
0.0347
0.0363
0.032299999999999995
0.0363
0.0277
0.0598
0.0571
0.0369
0.0318
0.045899999999999996
0.0415
0.047299999999999995
0.058499999999999996
0.063
0.0623
0.065
0.06609999999999999
0.0698
0.08460000000000001
0.11810000000000001
0.2114
0.2716
0.3116
0.3559
0.3846
0.3899
1.7125
0.33509999999999995
0.23550000000000001
0.1692
0.8916
0.6989
0.2458
0.08510000000000001
0.0663
0.0668
0.0817
0.3306
0.3055
0.29669999999999996
0.2942
0.3074
0.345
0.4353
0.4813
0.7148
0.6906
0.4548
0.3937
0.4111
0.4276
0.4598
0.6284000000000001
1.2566000000000002
0.7392
0.6675
1.3226999999999998
2.2207
2.4814
2.0458
0.4165
0.2993
0.24530000000000002
0.4778
0.3408
0.14100000000000001
0.0898
0.0475
0.0351
0.0351
0.0408
0.0302
0.0256
0.0268
0.019200000000000002
0.0238
0.0205
0.0267
0.035199999999999995
0.0287
0.0429
0.047
0.0464
0.0656
2.0428
0.9128000000000001
0.2274
0.2228
0.10189999999999999
0.0323
0.0229
0.0253
0.0379
0.0347
0.0456
0.0393
0.037
0.033
0.0269
0.025
0.026799999999999997
0.0394
0.0292
0.0338
0.047
0.0678
0.06520000000000001
0.1031
0.7659
0.7496
0.7455
0.7442
0.7296
0.7448
0.6016
0.7927000000000001
1.7267
0.20350000000000001
0.2369
0.39890000000000003
1.2177
0.28859999999999997
0.17459999999999998
0.18580000000000002
0.2949
1.3328
0.8481
0.6198
0.8691
0.6277999999999999
0.5413
0.6431
0.7375
2.5976
0.0
0.0214
0.0004
0.030600000000000002
0.1238
0.0921
0.13369999999999999
0.0222
0.0372
0.0716
0.0664
0.059899999999999995
0.0887
0.11510000000000001
0.0751
0.036899999999999995
0.0
0.0
1.3042
0.0
0.0818
0.0023
2.1812
0.1168
0.12079999999999999
0.1171
0.10830000000000001
0.0931
0.06570000000000001
0.0432
0.0348
0.0137
0.0305
0.0267
0.030899999999999997
0.0334
0.0413
0.045
0.0432
0.0481
0.0424
0.030100000000000002
0.0311
0.0324
0.027200000000000002
0.042800000000000005
0.0639
2.7885
5.3421
5.0367
3.3281
2.4379
1.7823
0.72
0.2933
0.09190000000000001
0.0885
0.105
0.1389
0.1653
0.1743
0.14379999999999998
0.1094
0.101
0.0626
0.0819
0.2707
0.23709999999999998
0.3624
0.3482
0.2727
0.7127
0.7055
0.6882999999999999
0.5095999999999999
0.0503
0.0801
0.041999999999999996
0.0463
0.044899999999999995
0.061200000000000004
0.1152
0.5386
0.7085
0.237
0.2661
0.4778
0.249
0.3097
0.3268
0.30010000000000003
0.29359999999999997
0.3853
0.6638999999999999
0.8739
4.346
0.921
0.0
0.0
0.0057
0.10289999999999999
0.0696
0.0008
0.0
0.0132
0.0299
0.1313
0.1665
0.0797
0.0751
0.0003
0.0498
0.0566
0.064
0.0351
0.07
0.0941
0.2349
1.4362
0.2385
0.2404
0.238
0.2439
0.23220000000000002
0.15610000000000002
0.0853
0.16749999999999998
0.091
0.0683
0.0446
0.035500000000000004
0.030000000000000002
0.0245
0.0294
0.0238
0.018099999999999998
0.012199999999999999
0.0144
0.1554
0.244
0.22970000000000002
0.2331
0.2435
0.1329
0.1246
0.12440000000000001
0.12240000000000001
0.11399999999999999
0.0921
0.0138
0.351
0.0004
0.0304
0.035699999999999996
0.0461
0.046700000000000005
0.0471
0.052500000000000005
0.0479
0.09409999999999999
0.0901
0.1897
0.12000000000000001
0.1938
0.2279
0.256
0.1918
2.5976
0.0
0.0214
0.0004
0.030600000000000002
0.1238
0.0921
0.13369999999999999
0.0222
0.0372
0.0716
0.0664
0.059899999999999995
0.0887
0.11510000000000001
0.0751
0.036899999999999995
0.0
0.0
1.3042
0.0
0.0818
0.0023
2.1812
0.1168
0.12079999999999999
0.1171
0.10830000000000001
0.0931
0.06570000000000001
0.0432
0.0348
0.0137
0.0305
0.0267
0.030899999999999997
0.0334
0.0413
0.045
0.0432
0.0481
0.0424
0.030100000000000002
0.0311
0.0324
0.027200000000000002
0.042800000000000005
0.0639
2.7885
5.3421
5.0367
3.3281
2.4379
1.7823
0.72
0.2933
0.09190000000000001
0.0885
0.105
0.1389
0.1653
0.1743
0.14379999999999998
0.1094
0.101
0.0626
0.0819
0.2707
0.23709999999999998
0.3624
0.3482
0.2727
0.7127
0.7055
0.6882999999999999
0.5095999999999999
0.0503
0.0801
0.041999999999999996
0.0463
0.044899999999999995
0.061200000000000004
0.1152
0.5386
0.7085
0.237
0.2661
0.4778
0.249
0.3097
0.3268
0.30010000000000003
0.29359999999999997
0.3853
0.6638999999999999
0.8739
4.346
0.921
0.0
0.0
0.0057
0.10289999999999999
0.0696
0.0008
0.0
0.0132
0.0299
0.1313
0.1665
0.0797
0.0751
0.0003
0.0498
0.0566
0.064
0.0351
0.07
0.0941
0.2349
1.4362
0.2385
0.2404
0.238
0.2439
0.23220000000000002
0.15610000000000002
0.0853
0.16749999999999998
0.091
0.0683
0.0446
0.035500000000000004
0.030000000000000002
0.0245
0.0294
0.0238
0.018099999999999998
0.012199999999999999
0.0144
0.1554
0.244
0.22970000000000002
0.2331
0.2435
0.1329
0.1246
0.12440000000000001
0.12240000000000001
0.11399999999999999
0.0921
0.0138
0.351
0.0004
0.0304
0.035699999999999996
0.0461
0.046700000000000005
0.0471
0.052500000000000005
0.0479
0.09409999999999999
0.0901
0.1897
0.12000000000000001
0.1938
0.2279
0.256
0.1918
2.5976
0.0
0.0214
0.0004
0.030600000000000002
0.1238
0.0921
0.13369999999999999
0.0222
0.0372
0.0716
0.0664
0.059899999999999995
0.0887
0.11510000000000001
0.0751
0.036899999999999995
0.0
0.0
1.3042
0.0
0.0818
0.0023
2.1812
0.1168
0.12079999999999999
0.1171
0.10830000000000001
0.0931
0.06570000000000001
0.0432
0.0348
0.0137
0.0305
0.0267
0.030899999999999997
0.0334
0.0413
0.045
0.0432
0.0481
0.0424
0.030100000000000002
0.0311
0.0324
0.027200000000000002
0.042800000000000005
0.0639
2.7885
5.3421
5.0367
3.3281
2.4379
1.7823
0.72
0.2933
0.09190000000000001
0.0885
0.105
0.1389
0.1653
0.1743
0.14379999999999998
0.1094
0.101
0.0626
0.0819
0.2707
0.23709999999999998
0.3624
0.3482
0.2727
0.7127
0.7055
0.6882999999999999
0.5095999999999999
0.0503
0.0801
0.041999999999999996
0.0463
0.044899999999999995
0.061200000000000004
0.1152
0.5386
0.7085
0.237
0.2661
0.4778
0.249
0.3097
0.3268
0.30010000000000003
0.29359999999999997
0.3853
0.6638999999999999
0.8739
4.346
0.921
0.0
0.0
0.0057
0.10289999999999999
0.0696
0.0008
0.0
0.0132
0.0299
0.1313
0.1665
0.0797
0.0751
0.0003
0.0498
0.0566
0.064
0.0351
0.07
0.0941
0.2349
1.4362
0.2385
0.2404
0.238
0.2439
0.23220000000000002
0.15610000000000002
0.0853
0.16749999999999998
0.091
0.0683
0.0446
0.035500000000000004
0.030000000000000002
0.0245
0.0294
0.0238
0.018099999999999998
0.012199999999999999
0.0144
0.1554
0.244
0.22970000000000002
0.2331
0.2435
0.1329
0.1246
0.12440000000000001
0.12240000000000001
0.11399999999999999
0.0921
0.0138
0.351
0.0004
0.0304
0.035699999999999996
0.0461
0.046700000000000005
0.0471
0.052500000000000005
0.0479
0.09409999999999999
0.0901
0.1897
0.12000000000000001
0.1938
0.2279
0.256
0.1918
2.5976
0.0
0.0214
0.0004
0.030600000000000002
0.1238
0.0921
0.13369999999999999
0.0222
0.0372
0.0716
0.0664
0.059899999999999995
0.0887
0.11510000000000001
0.0751
0.036899999999999995
0.0
0.0
1.3042
0.0
0.0818
0.0023
2.1812
0.1168
0.12079999999999999
0.1171
0.10830000000000001
0.0931
0.06570000000000001
0.0432
0.0348
0.0137
0.0305
0.0267
0.030899999999999997
0.0334
0.0413
0.045
0.0432
0.0481
0.0424
0.030100000000000002
0.0311
0.0324
0.027200000000000002
0.042800000000000005
0.0639
2.7885
5.3421
5.0367
3.3281
2.4379
1.7823
0.72
0.2933
0.09190000000000001
0.0885
0.105
0.1389
0.1653
0.1743
0.14379999999999998
0.1094
0.101
0.0626
0.0819
0.2707
0.23709999999999998
0.3624
0.3482
0.2727
0.7127
0.7055
0.6882999999999999
0.5095999999999999
0.0503
0.0801
0.041999999999999996
0.0463
0.044899999999999995
0.061200000000000004
0.1152
0.5386
0.7085
0.237
0.2661
0.4778
0.249
0.3097
0.3268
0.30010000000000003
0.29359999999999997
0.3853
0.6638999999999999
0.8739
4.346
0.921
0.0
0.0
0.0057
0.10289999999999999
0.0696
0.0008
0.0
0.0132
0.0299
0.1313
0.1665
0.0797
0.0751
0.0003
0.0498
0.0566
0.064
0.0351
0.07
0.0941
0.2349
1.4362
0.2385
0.2404
0.238
0.2439
0.23220000000000002
0.15610000000000002
0.0853
0.16749999999999998
0.091
0.0683
0.0446
0.035500000000000004
0.030000000000000002
0.0245
0.0294
0.0238
0.018099999999999998
0.012199999999999999
0.0144
0.1554
0.244
0.22970000000000002
0.2331
0.2435
0.1329
0.1246
0.12440000000000001
0.12240000000000001
0.11399999999999999
0.0921
0.0138
0.351
0.0004
0.0304
0.035699999999999996
0.0461
0.046700000000000005
0.0471
0.052500000000000005
0.0479
0.09409999999999999
0.0901
0.1897
0.12000000000000001
0.1938
0.2279
0.256
0.1918
2.5976
0.0
0.0214
0.0004
0.030600000000000002
0.1238
0.0921
0.13369999999999999
0.0222
0.0372
0.0716
0.0664
0.059899999999999995
0.0887
0.11510000000000001
0.0751
0.036899999999999995
0.0
0.0
1.3042
0.0
0.0818
0.0023
2.1812
0.1168
0.12079999999999999
0.1171
0.10830000000000001
0.0931
0.06570000000000001
0.0432
0.0348
0.0137
0.0305
0.0267
0.030899999999999997
0.0334
0.0413
0.045
0.0432
0.0481
0.0424
0.030100000000000002
0.0311
0.0324
0.027200000000000002
0.042800000000000005
0.0639
0.0
0.0
0.0
0.0
0.0005
0.0027
0.027
0.0355
0.1743
0.2037
0.3347
0.6974
0.514
0.9721
3.0452
0.2202
0.26880000000000004
0.2215
0.7386
0.1452
0.7354
0.7821
0.13140000000000002
0.0663
0.371
0.0113
0.0314
0.0132
0.020200000000000003
0.0129
0.12589999999999998
0.1852
0.0567
0.0195
0.0213
0.0188
0.0155
0.016800000000000002
0.0476
0.0896
0.0603
0.09040000000000001
0.0756
0.1647
0.0801
0.0121
0.0042
1.6034
0.1329
0.1389
0.13540000000000002
0.1264
0.11599999999999999
0.3096
1.2195
0.8875
0.5044
0.3888
1.3793
0.3469
0.3393
0.3578
0.45749999999999996
0.8708
0.5296
0.25529999999999997
0.2338
0.6328
0.7962
0.0851
0.0116
0.0793
0.1288
0.12190000000000001
0.1202
0.1157
0.11929999999999999
0.1424
0.0637
0.8404
0.0
0.0
0.0040999999999999995
0.0
0.1444
0.5231
0.0
0.0
0.0101
0.0666
0.5932999999999999
0.3224
0.5101
0.6839999999999999
0.429
0.2216
5.8408
4.5655
4.2255
3.8612
2.3647
0.19829999999999998
0.1795
0.34919999999999995
0.5631
0.2298
0.0879
0.025500000000000002
0.016300000000000002
0.0118
0.0023
0.0
0.0
0.0315
0.946
0.8245
0.8282
0.6725
0.4914
3.6471
0.6389
0.7897
0.7225999999999999
0.4933
0.0057
0.0514
0.0129
0.0134
0.0684
0.0826
0.1428
0.1794
0.0765
0.0108
0.0405
0.0993
0.3054
0.1656
0.2281
0.4123
1.2908
2.0013
1.9613
2.2287
2.3242000000000003
1.502
1.0383
0.4213
0.045
0.0537
0.068
0.11510000000000001
0.1839
0.10239999999999999
0.0801
0.0424
0.022
0.0153
0.0165
0.0437
1.0303
1.2828000000000002
0.0969
0.11259999999999999
0.1321
0.144
0.1321
2.6387
0.0
0.0
0.0
0.0
0.0005
0.0027
0.027
0.0355
0.1743
0.2037
0.3347
0.6974
0.514
0.9721
3.0452
0.2202
0.26880000000000004
0.2215
0.7386
0.1452
0.7354
0.7821
0.13140000000000002
0.0663
0.371
0.0113
0.0314
0.0132
0.020200000000000003
0.0129
0.12589999999999998
0.1852
0.0567
0.0195
0.0213
0.0188
0.0155
0.016800000000000002
0.0476
0.0896
0.0603
0.09040000000000001
0.0756
0.1647
0.0801
0.0121
0.0042
1.6034
0.1329
0.1389
0.13540000000000002
0.1264
0.11599999999999999
0.3096
1.2195
0.8875
0.5044
0.3888
1.3793
0.3469
0.3393
0.3578
0.45749999999999996
0.8708
0.5296
0.25529999999999997
0.2338
0.6328
0.7962
0.0851
0.0116
0.0793
0.1288
0.12190000000000001
0.1202
0.1157
0.11929999999999999
0.1424
0.0637
0.8404
0.0
0.0
0.0040999999999999995
0.0
0.1444
0.5231
0.0
0.0
0.0101
0.0666
0.5932999999999999
0.3224
0.5101
0.6839999999999999
0.429
0.2216
5.8408
4.5655
4.2255
3.8612
2.3647
0.19829999999999998
0.1795
0.34919999999999995
0.5631
0.2298
0.0879
0.025500000000000002
0.016300000000000002
0.0118
0.0023
0.0
0.0
0.0315
0.946
0.8245
0.8282
0.6725
0.4914
3.6471
0.6389
0.7897
0.7225999999999999
0.4933
0.0057
0.0514
0.0129
0.0134
0.0684
0.0826
0.1428
0.1794
0.0765
0.0108
0.0405
0.0993
0.3054
0.1656
0.2281
0.4123
1.2908
2.0013
1.9613
2.2287
2.3242000000000003
1.502
1.0383
0.4213
0.045
0.0537
0.068
0.11510000000000001
0.1839
0.10239999999999999
0.0801
0.0424
0.022
0.0153
0.0165
0.0437
1.0303
1.2828000000000002
0.0969
0.11259999999999999
0.1321
0.144
0.1321
2.6387
0.0
0.0
0.0
0.0
0.0005
0.0027
0.027
0.0355
0.1743
0.2037
0.3347
0.6974
0.514
0.9721
3.0452
0.2202
0.26880000000000004
0.2215
0.7386
0.1452
0.7354
0.7821
0.13140000000000002
0.0663
0.371
0.0113
0.0314
0.0132
0.020200000000000003
0.0129
0.12589999999999998
0.1852
0.0567
0.0195
0.0213
0.0188
0.0155
0.016800000000000002
0.0476
0.0896
0.0603
0.09040000000000001
0.0756
0.1647
0.0801
0.0121
0.0042
1.6034
0.1329
0.1389
0.13540000000000002
0.1264
0.11599999999999999
0.3096
1.2195
0.8875
0.5044
0.3888
1.3793
0.3469
0.3393
0.3578
0.45749999999999996
0.8708
0.5296
0.25529999999999997
0.2338
0.6328
0.7962
0.0851
0.0116
0.0793
0.1288
0.12190000000000001
0.1202
0.1157
0.11929999999999999
0.1424
0.0637
0.8404
0.0
0.0
0.0040999999999999995
0.0
0.1444
0.5231
0.0
0.0
0.0101
0.0666
0.5932999999999999
0.3224
0.5101
0.6839999999999999
0.429
0.2216
5.8408
4.5655
4.2255
3.8612
2.3647
0.19829999999999998
0.1795
0.34919999999999995
0.5631
0.2298
0.0879
0.025500000000000002
0.016300000000000002
0.0118
0.0023
0.0
0.0
0.0315
0.946
0.8245
0.8282
0.6725
0.4914
3.6471
0.6389
0.7897
0.7225999999999999
0.4933
0.0057
0.0514
0.0129
0.0134
0.0684
0.0826
0.1428
0.1794
0.0765
0.0108
0.0405
0.0993
0.3054
0.1656
0.2281
0.4123
1.2908
2.0013
1.9613
2.2287
2.3242000000000003
1.502
1.0383
0.4213
0.045
0.0537
0.068
0.11510000000000001
0.1839
0.10239999999999999
0.0801
0.0424
0.022
0.0153
0.0165
0.0437
1.0303
1.2828000000000002
0.0969
0.11259999999999999
0.1321
0.144
0.1321
2.6387
0.0
0.0
0.0
0.0
0.0005
0.0027
0.027
0.0355
0.1743
0.2037
0.3347
0.6974
0.514
0.9721
3.0452
0.2202
0.26880000000000004
0.2215
0.7386
0.1452
0.7354
0.7821
0.13140000000000002
0.0663
0.371
0.0113
0.0314
0.0132
0.020200000000000003
0.0129
0.12589999999999998
0.1852
0.0567
0.0195
0.0213
0.0188
0.0155
0.016800000000000002
0.0476
0.0896
0.0603
0.09040000000000001
0.0756
0.1647
0.0801
0.0121
0.0042
1.6034
0.1329
0.1389
0.13540000000000002
0.1264
0.11599999999999999
0.3096
1.2195
0.8875
0.5044
0.3888
1.3793
0.3469
0.3393
0.3578
0.45749999999999996
0.8708
0.5296
0.25529999999999997
0.2338
0.6328
0.7962
0.0851
0.0116
0.0793
0.1288
0.12190000000000001
0.1202
0.1157
0.11929999999999999
0.1424
0.0637
0.8404
0.0
0.0
0.0040999999999999995
0.0
0.1444
0.5231
0.0
0.0
0.0101
0.0666
0.5932999999999999
0.3224
0.5101
0.6839999999999999
0.429
0.2216
5.8408
4.5655
4.2255
3.8612
2.3647
0.19829999999999998
0.1795
0.34919999999999995
0.5631
0.2298
0.0879
0.025500000000000002
0.016300000000000002
0.0118
0.0023
0.0
0.0
0.0315
0.946
0.8245
0.8282
0.6725
0.4914
3.6471
0.6389
0.7897
0.7225999999999999
0.4933
0.0057
0.0514
0.0129
0.0134
0.0684
0.0826
0.1428
0.1794
0.0765
0.0108
0.0405
0.0993
0.3054
0.1656
0.2281
0.4123
1.2908
2.0013
1.9613
2.2287
2.3242000000000003
1.502
1.0383
0.4213
0.045
0.0537
0.068
0.11510000000000001
0.1839
0.10239999999999999
0.0801
0.0424
0.022
0.0153
0.0165
0.0437
1.0303
1.2828000000000002
0.0969
0.11259999999999999
0.1321
0.144
0.1321
2.6387
0.0
0.0
0.0
0.0
0.0005
0.0027
0.027
0.0355
0.1743
0.2037
0.3347
0.6974
0.514
0.9721
3.0452
0.2202
0.26880000000000004
0.2215
0.7386
0.1452
0.7354
0.7821
0.13140000000000002
0.0663
0.371
0.0113
0.0314
0.0132
0.020200000000000003
0.0129
0.12589999999999998
0.1852
0.0567
0.0195
0.0213
0.0188
0.0155
0.016800000000000002
0.0476
0.0896
0.0603
0.09040000000000001
0.0756
0.1647
0.0801
0.0121
0.0042
1.6034
0.1329
0.1389
0.13540000000000002
0.1264
0.11599999999999999
0.3096
1.2195
0.8875
0.5044
0.3888
1.3793
0.3469
0.3393
0.3578
0.45749999999999996
0.8708
0.5296
0.25529999999999997
0.2338
0.6328
0.7962
0.0851
0.0116
0.0793
3.9508
4.025600000000001
4.0431
3.7938
2.2314
0.3197
0.20129999999999998
0.0927
0.0632
0.060300000000000006
0.059
0.07419999999999999
0.0711
0.0763
0.0627
0.09620000000000001
0.0935
0.1081
0.13940000000000002
0.20950000000000002
0.3832
0.6904
1.3319
2.873
0.5249
0.5307999999999999
0.5226999999999999
0.5264
0.5071
0.4841
0.5029
2.1247000000000003
0.3918
0.3687
0.45509999999999995
0.8728
1.7113
0.4935
0.364
0.4412
0.5365
1.8037
1.3293
1.7715
1.3813
1.3201
1.3109000000000002
0.8533
0.049
1.135
1.7101
0.4635
0.1361
0.029199999999999997
0.033600000000000005
0.0269
0.0191
0.0294
0.0505
0.044
0.0404
0.04869999999999999
0.0896
0.09820000000000001
0.030899999999999997
0.051500000000000004
0.07200000000000001
0.2325
0.1179
0.0489
0.036000000000000004
0.0566
4.1076999999999995
6.945
6.8514
1.6403999999999999
0.39039999999999997
0.3629
0.3459
0.33799999999999997
0.3286
0.3164
0.309
0.33340000000000003
0.3611
0.37939999999999996
0.4215
0.4065
1.3849
0.4588
0.48750000000000004
0.5443
0.5663
0.5263
0.4226
0.3569
0.3536
0.7174999999999999
0.34640000000000004
0.3244
0.29190000000000005
0.3523
0.4229
0.415
0.3261
0.2757
0.2219
0.321
0.7826000000000001
0.2212
0.2356
0.1724
0.1703
0.1357
1.0412
0.5005
0.3019
0.12569999999999998
0.1036
0.0916
0.1692
0.1983
0.18330000000000002
0.1725
0.15710000000000002
0.16570000000000001
0.1643
0.10200000000000001
0.0997
0.552
0.028
0.0228
0.0315
0.024900000000000002
0.48739999999999994
0.428
0.1876
0.7111000000000001
0.1385
0.0
0.0
0.0
0.0
0.0
3.2531999999999996
2.9936
2.024
0.0385
0.0995
0.094
0.1386
0.1784
0.2116
0.17880000000000001
0.2173
0.9615
0.28200000000000003
0.156
0.1538
0.606
0.1689
0.0985
0.13290000000000002
0.201
0.1899
0.11960000000000001
0.07819999999999999
0.08610000000000001
3.9508
4.025600000000001
4.0431
3.7938
2.2314
0.3197
0.20129999999999998
0.0927
0.0632
0.060300000000000006
0.059
0.07419999999999999
0.0711
0.0763
0.0627
0.09620000000000001
0.0935
0.1081
0.13940000000000002
0.20950000000000002
0.3832
0.6904
1.3319
2.873
0.5249
0.5307999999999999
0.5226999999999999
0.5264
0.5071
0.4841
0.5029
2.1247000000000003
0.3918
0.3687
0.45509999999999995
0.8728
1.7113
0.4935
0.364
0.4412
0.5365
1.8037
1.3293
1.7715
1.3813
1.3201
1.3109000000000002
0.8533
0.049
1.135
1.7101
0.4635
0.1361
0.029199999999999997
0.033600000000000005
0.0269
0.0191
0.0294
0.0505
0.044
0.0404
0.04869999999999999
0.0896
0.09820000000000001
0.030899999999999997
0.051500000000000004
0.07200000000000001
0.2325
0.1179
0.0489
0.036000000000000004
0.0566
4.1076999999999995
6.945
6.8514
1.6403999999999999
0.39039999999999997
0.3629
0.3459
0.33799999999999997
0.3286
0.3164
0.309
0.33340000000000003
0.3611
0.37939999999999996
0.4215
0.4065
1.3849
0.4588
0.48750000000000004
0.5443
0.5663
0.5263
0.4226
0.3569
0.3536
0.7174999999999999
0.34640000000000004
0.3244
0.29190000000000005
0.3523
0.4229
0.415
0.3261
0.2757
0.2219
0.321
0.7826000000000001
0.2212
0.2356
0.1724
0.1703
0.1357
1.0412
0.5005
0.3019
0.12569999999999998
0.1036
0.0916
0.1692
0.1983
0.18330000000000002
0.1725
0.15710000000000002
0.16570000000000001
0.1643
0.10200000000000001
0.0997
0.552
0.028
0.0228
0.0315
0.024900000000000002
0.48739999999999994
0.428
0.1876
0.7111000000000001
0.1385
0.0
0.0
0.0
0.0
0.0
3.2531999999999996
2.9936
2.024
0.0385
0.0995
0.094
0.1386
0.1784
0.2116
0.17880000000000001
0.2173
0.9615
0.28200000000000003
0.156
0.1538
0.606
0.1689
0.0985
0.13290000000000002
0.201
0.1899
0.11960000000000001
0.07819999999999999
0.08610000000000001
3.9508
4.025600000000001
4.0431
3.7938
2.2314
0.3197
0.20129999999999998
0.0927
0.0632
0.060300000000000006
0.059
0.07419999999999999
0.0711
0.0763
0.0627
0.09620000000000001
0.0935
0.1081
0.13940000000000002
0.20950000000000002
0.3832
0.6904
1.3319
2.873
0.5249
0.5307999999999999
0.5226999999999999
0.5264
0.5071
0.4841
0.5029
2.1247000000000003
0.3918
0.3687
0.45509999999999995
0.8728
1.7113
0.4935
0.364
0.4412
0.5365
1.8037
1.3293
1.7715
1.3813
1.3201
1.3109000000000002
0.8533
0.049
1.135
1.7101
0.4635
0.1361
0.029199999999999997
0.033600000000000005
0.0269
0.0191
0.0294
0.0505
0.044
0.0404
0.04869999999999999
0.0896
0.09820000000000001
0.030899999999999997
0.051500000000000004
0.07200000000000001
0.2325
0.1179
0.0489
0.036000000000000004
0.0566
4.1076999999999995
6.945
6.8514
1.6403999999999999
0.39039999999999997
0.3629
0.3459
0.33799999999999997
0.3286
0.3164
0.309
0.33340000000000003
0.3611
0.37939999999999996
0.4215
0.4065
1.3849
0.4588
0.48750000000000004
0.5443
0.5663
0.5263
0.4226
0.3569
0.3536
0.7174999999999999
0.34640000000000004
0.3244
0.29190000000000005
0.3523
0.4229
0.415
0.3261
0.2757
0.2219
0.321
0.7826000000000001
0.2212
0.2356
0.1724
0.1703
0.1357
1.0412
0.5005
0.3019
0.12569999999999998
0.1036
0.0916
0.1692
0.1983
0.18330000000000002
0.1725
0.15710000000000002
0.16570000000000001
0.1643
0.10200000000000001
0.0997
0.552
0.028
0.0228
0.0315
0.024900000000000002
0.48739999999999994
0.428
0.1876
0.7111000000000001
0.1385
0.0
0.0
0.0
0.0
0.0
3.2531999999999996
2.9936
2.024
0.0385
0.0995
0.094
0.1386
0.1784
0.2116
0.17880000000000001
0.2173
0.9615
0.28200000000000003
0.156
0.1538
0.606
0.1689
0.0985
0.13290000000000002
0.201
0.1899
0.11960000000000001
0.07819999999999999
0.08610000000000001
3.9508
4.025600000000001
4.0431
3.7938
2.2314
0.3197
0.20129999999999998
0.0927
0.0632
0.060300000000000006
0.059
0.07419999999999999
0.0711
0.0763
0.0627
0.09620000000000001
0.0935
0.1081
0.13940000000000002
0.20950000000000002
0.3832
0.6904
1.3319
2.873
0.5249
0.5307999999999999
0.5226999999999999
0.5264
0.5071
0.4841
0.5029
2.1247000000000003
0.3918
0.3687
0.45509999999999995
0.8728
1.7113
0.4935
0.364
0.4412
0.5365
1.8037
1.3293
1.7715
1.3813
1.3201
1.3109000000000002
0.8533
0.049
1.135
1.7101
0.4635
0.1361
0.029199999999999997
0.033600000000000005
0.0269
0.0191
0.0294
0.0505
0.044
0.0404
0.04869999999999999
0.0896
0.09820000000000001
0.030899999999999997
0.051500000000000004
0.07200000000000001
0.2325
0.1179
0.0489
0.036000000000000004
0.0566
4.1076999999999995
6.945
6.8514
1.6403999999999999
0.39039999999999997
0.3629
0.3459
0.33799999999999997
0.3286
0.3164
0.309
0.33340000000000003
0.3611
0.37939999999999996
0.4215
0.4065
1.3849
0.4588
0.48750000000000004
0.5443
0.5663
0.5263
0.4226
0.3569
0.3536
0.7174999999999999
0.34640000000000004
0.3244
0.29190000000000005
0.3523
0.4229
0.415
0.3261
0.2757
0.2219
0.321
0.7826000000000001
0.2212
0.2356
0.1724
0.1703
0.1357
1.0412
0.5005
0.3019
0.12569999999999998
0.1036
0.0916
0.1692
0.1983
0.18330000000000002
0.1725
0.15710000000000002
0.16570000000000001
0.1643
0.10200000000000001
0.0997
0.552
0.028
0.0228
0.0315
0.024900000000000002
0.48739999999999994
0.428
0.1876
0.7111000000000001
0.1385
0.0
0.0
0.0
0.0
0.0
3.2531999999999996
2.9936
2.024
0.0385
0.0995
0.094
0.1386
0.1784
0.2116
0.17880000000000001
0.2173
0.9615
0.28200000000000003
0.156
0.1538
0.606
0.1689
0.0985
0.13290000000000002
0.201
0.1899
0.11960000000000001
0.07819999999999999
0.08610000000000001
3.9508
4.025600000000001
4.0431
3.7938
2.2314
0.3197
0.20129999999999998
0.0927
0.0632
0.060300000000000006
0.059
0.07419999999999999
0.0711
0.0763
0.0627
0.09620000000000001
0.0935
0.1081
0.13940000000000002
0.20950000000000002
0.3832
0.6904
1.3319
2.873
0.5249
0.5307999999999999
0.5226999999999999
0.5264
0.5071
0.4841
0.5029
2.1247000000000003
0.3918
0.3687
0.45509999999999995
0.8728
1.7113
0.4935
0.364
0.4412
0.5365
1.8037
1.3293
1.7715
1.3813
1.3201
1.3109000000000002
0.8533
0.0368
0.03
0.0293
0.0303
0.0303
0.0312
0.0191
0.041999999999999996
0.015099999999999999
0.0315
0.027700000000000002
0.045200000000000004
0.0432
0.0387
0.0416
0.0385
0.0349
0.0748
0.14600000000000002
0.0572
0.1021
0.0973
0.0869
0.0681
4.210100000000001
1.6396000000000002
2.5362999999999998
0.1925
0.137
0.1278
0.1415
0.1764
0.1641
0.18209999999999998
0.1515
0.1693
0.17759999999999998
0.138
0.13490000000000002
0.1486
0.1635
0.1866
0.1951
0.2116
0.18309999999999998
0.1809
0.1595
2.8259
2.9236
2.257
1.435
1.1792
0.0912
0.0955
0.0766
0.0273
0.0348
0.036699999999999997
0.0303
0.029599999999999998
0.0113
0.0182
0.028699999999999996
0.0268
0.0554
0.0639
0.08990000000000001
0.2556
0.3517
0.27880000000000005
0.156
2.6672
3.1849
0.6937
1.2221000000000002
0.7581
0.46630000000000005
0.1529
0.0901
0.047
0.0373
0.0468
0.0519
0.058499999999999996
0.044899999999999995
0.0341
0.0155
0.0015
0.0135
0.0931
0.2743
0.0043
0.0047
0.0109
0.4215
1.6396
1.8466
1.9364
1.8132000000000001
1.5253
1.5278
2.1977
3.9924999999999997
0.0
0.21660000000000001
0.0311
0.08910000000000001
0.1115
0.1
0.1538
0.1822
0.1447
0.0344
1.587
2.1983
2.8436
2.2236000000000002
1.1547
0.8553999999999999
0.8965
0.0302
3.5531
3.8752000000000004
4.0608
4.1276
4.1691
0.9358
0.2707
0.2329
0.20650000000000002
0.1782
0.17020000000000002
0.1516
0.14839999999999998
0.1789
0.3901
1.0568
0.8667
1.5216
2.3899
0.7816
0.098
0.158
0.10500000000000001
7.952500000000001
7.2488
7.229699999999999
3.9659
0.8122
0.2158
0.26149999999999995
0.25370000000000004
0.2342
0.23370000000000002
0.3142
0.22010000000000002
0.15250000000000002
0.089
0.06870000000000001
0.1289
0.548
0.1986
0.1558
0.0789
0.0648
0.1206
2.6617
1.9069
0.0368
0.03
0.0293
0.0303
0.0303
0.0312
0.0191
0.041999999999999996
0.015099999999999999
0.0315
0.027700000000000002
0.045200000000000004
0.0432
0.0387
0.0416
0.0385
0.0349
0.0748
0.14600000000000002
0.0572
0.1021
0.0973
0.0869
0.0681
4.210100000000001
1.6396000000000002
2.5362999999999998
0.1925
0.137
0.1278
0.1415
0.1764
0.1641
0.18209999999999998
0.1515
0.1693
0.17759999999999998
0.138
0.13490000000000002
0.1486
0.1635
0.1866
0.1951
0.2116
0.18309999999999998
0.1809
0.1595
2.8259
2.9236
2.257
1.435
1.1792
0.0912
0.0955
0.0766
0.0273
0.0348
0.036699999999999997
0.0303
0.029599999999999998
0.0113
0.0182
0.028699999999999996
0.0268
0.0554
0.0639
0.08990000000000001
0.2556
0.3517
0.27880000000000005
0.156
2.6672
3.1849
0.6937
1.2221000000000002
0.7581
0.46630000000000005
0.1529
0.0901
0.047
0.0373
0.0468
0.0519
0.058499999999999996
0.044899999999999995
0.0341
0.0155
0.0015
0.0135
0.0931
0.2743
0.0043
0.0047
0.0109
0.4215
1.6396
1.8466
1.9364
1.8132000000000001
1.5253
1.5278
2.1977
3.9924999999999997
0.0
0.21660000000000001
0.0311
0.08910000000000001
0.1115
0.1
0.1538
0.1822
0.1447
0.0344
1.587
2.1983
2.8436
2.2236000000000002
1.1547
0.8553999999999999
0.8965
0.0302
3.5531
3.8752000000000004
4.0608
4.1276
4.1691
0.9358
0.2707
0.2329
0.20650000000000002
0.1782
0.17020000000000002
0.1516
0.14839999999999998
0.1789
0.3901
1.0568
0.8667
1.5216
2.3899
0.7816
0.098
0.158
0.10500000000000001
7.952500000000001
7.2488
7.229699999999999
3.9659
0.8122
0.2158
0.26149999999999995
0.25370000000000004
0.2342
0.23370000000000002
0.3142
0.22010000000000002
0.15250000000000002
0.089
0.06870000000000001
0.1289
0.548
0.1986
0.1558
0.0789
0.0648
0.1206
2.6617
1.9069
0.0368
0.03
0.0293
0.0303
0.0303
0.0312
0.0191
0.041999999999999996
0.015099999999999999
0.0315
0.027700000000000002
0.045200000000000004
0.0432
0.0387
0.0416
0.0385
0.0349
0.0748
0.14600000000000002
0.0572
0.1021
0.0973
0.0869
0.0681
4.210100000000001
1.6396000000000002
2.5362999999999998
0.1925
0.137
0.1278
0.1415
0.1764
0.1641
0.18209999999999998
0.1515
0.1693
0.17759999999999998
0.138
0.13490000000000002
0.1486
0.1635
0.1866
0.1951
0.2116
0.18309999999999998
0.1809
0.1595
2.8259
2.9236
2.257
1.435
1.1792
0.0912
0.0955
0.0766
0.0273
0.0348
0.036699999999999997
0.0303
0.029599999999999998
0.0113
0.0182
0.028699999999999996
0.0268
0.0554
0.0639
0.08990000000000001
0.2556
0.3517
0.27880000000000005
0.156
2.6672
3.1849
0.6937
1.2221000000000002
0.7581
0.46630000000000005
0.1529
0.0901
0.047
0.0373
0.0468
0.0519
0.058499999999999996
0.044899999999999995
0.0341
0.0155
0.0015
0.0135
0.0931
0.2743
0.0043
0.0047
0.0109
0.4215
1.6396
1.8466
1.9364
1.8132000000000001
1.5253
1.5278
2.1977
3.9924999999999997
0.0
0.21660000000000001
0.0311
0.08910000000000001
0.1115
0.1
0.1538
0.1822
0.1447
0.0344
1.587
2.1983
2.8436
2.2236000000000002
1.1547
0.8553999999999999
0.8965
0.0302
3.5531
3.8752000000000004
4.0608
4.1276
4.1691
0.9358
0.2707
0.2329
0.20650000000000002
0.1782
0.17020000000000002
0.1516
0.14839999999999998
0.1789
0.3901
1.0568
0.8667
1.5216
2.3899
0.7816
0.098
0.158
0.10500000000000001
7.952500000000001
7.2488
7.229699999999999
3.9659
0.8122
0.2158
0.26149999999999995
0.25370000000000004
0.2342
0.23370000000000002
0.3142
0.22010000000000002
0.15250000000000002
0.089
0.06870000000000001
0.1289
0.548
0.1986
0.1558
0.0789
0.0648
0.1206
2.6617
1.9069
0.0368
0.03
0.0293
0.0303
0.0303
0.0312
0.0191
0.041999999999999996
0.015099999999999999
0.0315
0.027700000000000002
0.045200000000000004
0.0432
0.0387
0.0416
0.0385
0.0349
0.0748
0.14600000000000002
0.0572
0.1021
0.0973
0.0869
0.0681
4.210100000000001
1.6396000000000002
2.5362999999999998
0.1925
0.137
0.1278
0.1415
0.1764
0.1641
0.18209999999999998
0.1515
0.1693
0.17759999999999998
0.138
0.13490000000000002
0.1486
0.1635
0.1866
0.1951
0.2116
0.18309999999999998
0.1809
0.1595
2.8259
2.9236
2.257
1.435
1.1792
0.0912
0.0955
0.0766
0.0273
0.0348
0.036699999999999997
0.0303
0.029599999999999998
0.0113
0.0182
0.028699999999999996
0.0268
0.0554
0.0639
0.08990000000000001
0.2556
0.3517
0.27880000000000005
0.156
2.6672
3.1849
0.6937
1.2221000000000002
0.7581
0.46630000000000005
0.1529
0.0901
0.047
0.0373
0.0468
0.0519
0.058499999999999996
0.044899999999999995
0.0341
0.0155
0.0015
0.0135
0.0931
0.2743
0.0043
0.0047
0.0109
0.4215
1.6396
1.8466
1.9364
1.8132000000000001
1.5253
1.5278
2.1977
3.9924999999999997
0.0
0.21660000000000001
0.0311
0.08910000000000001
0.1115
0.1
0.1538
0.1822
0.1447
0.0344
1.587
2.1983
2.8436
2.2236000000000002
1.1547
0.8553999999999999
0.8965
0.0302
3.5531
3.8752000000000004
4.0608
4.1276
4.1691
0.9358
0.2707
0.2329
0.20650000000000002
0.1782
0.17020000000000002
0.1516
0.14839999999999998
0.1789
0.3901
1.0568
0.8667
1.5216
2.3899
0.7816
0.098
0.158
0.10500000000000001
7.952500000000001
7.2488
7.229699999999999
3.9659
0.8122
0.2158
0.26149999999999995
0.25370000000000004
0.2342
0.23370000000000002
0.3142
0.22010000000000002
0.15250000000000002
0.089
0.06870000000000001
0.1289
0.548
0.1986
0.1558
0.0789
0.0648
0.1206
2.6617
1.9069
0.0368
0.03
0.0293
0.0303
0.0303
0.0312
0.0191
0.041999999999999996
0.015099999999999999
0.0315
0.027700000000000002
0.045200000000000004
0.0432
0.0387
0.0416
0.0385
0.0349
0.0748
0.14600000000000002
0.0572
0.1021
0.0973
0.0869
0.0681
4.210100000000001
1.6396000000000002
2.5362999999999998
0.1925
0.137
0.1278
0.1415
0.1764
0.1641
0.18209999999999998
0.1515
0.1693
0.17759999999999998
0.138
0.13490000000000002
0.1486
0.1635
0.1866
0.1951
0.2116
0.18309999999999998
0.1809
0.1595
2.8259
2.9236
2.257
1.435
1.1792
0.0912
0.0955
0.0766
0.0273
0.0348
0.036699999999999997
0.0303
0.029599999999999998
0.0113
0.0182
0.028699999999999996
0.0268
0.0554
0.0639
0.08990000000000001
0.2556
0.3517
0.27880000000000005
0.156
2.6672
