0.8617
3.8884
2.3148
0.4971
0.7342
0.5104
0.0915
0.009399999999999999
0.0297
0.0271
0.0287
0.0354
0.0307
0.0406
0.0461
0.030100000000000002
0.022
0.0156
0.0092
0.0084
0.0285
0.0224
0.2503
0.5075
7.4907
3.4291
3.295
2.7045
2.8731
3.2449000000000003
3.1541
1.033
0.848
0.8649
0.8856999999999999
0.9533
1.0568
1.1096
1.2362
1.1843
1.2518
2.3056
3.9114000000000004
1.5548
0.5677
0.5621
0.3514
2.3106
0.3633
0.3779
0.3692
0.3997
0.40859999999999996
0.4548
0.4525
0.3383
0.1784
0.0766
0.055299999999999995
0.0319
0.0342
0.029900000000000003
0.0526
0.11810000000000001
0.34750000000000003
0.4488
0.4835
0.4393
0.3868
0.36660000000000004
0.3624
0.3829
0.29769999999999996
0.4667
0.4814
0.4024
2.7192999999999996
0.7173
0.1925
0.24159999999999998
0.3732
0.36060000000000003
0.5484
0.4435
0.4175
1.6381
3.5928999999999998
0.9905999999999999
0.2576
5.9257
4.4965
0.648
0.0334
0.0361
0.025500000000000002
0.0721
0.9194
0.6994
0.5393
2.0203
0.0
0.12390000000000001
0.1128
0.017
0.005299999999999999
0.0167
0.0159
0.0392
0.0568
0.0495
0.0194
0.0195
0.0117
0.0098
0.0137
0.0663
0.0095
0.0143
0.0006
0.0
2.6276
5.1419
8.1032
5.9993
4.5164
2.2849
3.1962
6.5941
3.4737
0.2403
0.04
0.030400000000000003
0.0182
0.0
0.0069
0.0187
0.1921
0.5925
1.0787
1.2494
1.2309
1.1073
1.0274999999999999
1.5645
8.1989
7.4914000000000005
5.6846
0.8337
0.15839999999999999
0.16970000000000002
0.2086
0.42910000000000004
0.4738
0.42279999999999995
0.3698
0.3368
0.33209999999999995
0.2972
0.2993
0.3133
0.31010000000000004
0.2821
0.2712
0.25939999999999996
0.2545
0.26739999999999997
0.17930000000000001
2.6004
0.8617
3.8884
2.3148
0.4971
0.7342
0.5104
0.0915
0.009399999999999999
0.0297
0.0271
0.0287
0.0354
0.0307
0.0406
0.0461
0.030100000000000002
0.022
0.0156
0.0092
0.0084
0.0285
0.0224
0.2503
0.5075
7.4907
3.4291
3.295
2.7045
2.8731
3.2449000000000003
3.1541
1.033
0.848
0.8649
0.8856999999999999
0.9533
1.0568
1.1096
1.2362
1.1843
1.2518
2.3056
3.9114000000000004
1.5548
0.5677
0.5621
0.3514
2.3106
0.3633
0.3779
0.3692
0.3997
0.40859999999999996
0.4548
0.4525
0.3383
0.1784
0.0766
0.055299999999999995
0.0319
0.0342
0.029900000000000003
0.0526
0.11810000000000001
0.34750000000000003
0.4488
0.4835
0.4393
0.3868
0.36660000000000004
0.3624
0.3829
0.29769999999999996
0.4667
0.4814
0.4024
2.7192999999999996
0.7173
0.1925
0.24159999999999998
0.3732
0.36060000000000003
0.5484
0.4435
0.4175
1.6381
3.5928999999999998
0.9905999999999999
0.2576
5.9257
4.4965
0.648
0.0334
0.0361
0.025500000000000002
0.0721
0.9194
0.6994
0.5393
2.0203
0.0
0.12390000000000001
0.1128
0.017
0.005299999999999999
0.0167
0.0159
0.0392
0.0568
0.0495
0.0194
0.0195
0.0117
0.0098
0.0137
0.0663
0.0095
0.0143
0.0006
0.0
2.6276
5.1419
8.1032
5.9993
4.5164
2.2849
3.1962
6.5941
3.4737
0.2403
0.04
0.030400000000000003
0.0182
0.0
0.0069
0.0187
0.1921
0.5925
1.0787
1.2494
1.2309
1.1073
1.0274999999999999
1.5645
8.1989
7.4914000000000005
5.6846
0.8337
0.15839999999999999
0.16970000000000002
0.2086
0.42910000000000004
0.4738
0.42279999999999995
0.3698
0.3368
0.33209999999999995
0.2972
0.2993
0.3133
0.31010000000000004
0.2821
0.2712
0.25939999999999996
0.2545
0.26739999999999997
0.17930000000000001
2.6004
0.8617
3.8884
2.3148
0.4971
0.7342
0.5104
0.0915
0.009399999999999999
0.0297
0.0271
0.0287
0.0354
0.0307
0.0406
0.0461
0.030100000000000002
0.022
0.0156
0.0092
0.0084
0.0285
0.0224
0.2503
0.5075
7.4907
3.4291
3.295
2.7045
2.8731
3.2449000000000003
3.1541
1.033
0.848
0.8649
0.8856999999999999
0.9533
1.0568
1.1096
1.2362
1.1843
1.2518
2.3056
3.9114000000000004
1.5548
0.5677
0.5621
0.3514
2.3106
0.3633
0.3779
0.3692
0.3997
0.40859999999999996
0.4548
0.4525
0.3383
0.1784
0.0766
0.055299999999999995
0.0319
0.0342
0.029900000000000003
0.0526
0.11810000000000001
0.34750000000000003
0.4488
0.4835
0.4393
0.3868
0.36660000000000004
0.3624
0.3829
0.29769999999999996
0.4667
0.4814
0.4024
2.7192999999999996
0.7173
0.1925
0.24159999999999998
0.3732
0.36060000000000003
0.5484
0.4435
0.4175
1.6381
3.5928999999999998
0.9905999999999999
0.2576
5.9257
4.4965
0.648
0.0334
0.0361
0.025500000000000002
0.0721
0.9194
0.6994
0.5393
2.0203
0.0
0.12390000000000001
0.1128
0.017
0.005299999999999999
0.0167
0.0159
0.0392
0.0568
0.0495
0.0194
0.0195
0.0117
0.0098
0.0137
0.0663
0.0095
0.0143
0.0006
0.0
2.6276
5.1419
8.1032
5.9993
4.5164
2.2849
3.1962
6.5941
3.4737
0.2403
0.04
0.030400000000000003
0.0182
0.0
0.0069
0.0187
0.1921
0.5925
1.0787
1.2494
1.2309
1.1073
1.0274999999999999
1.5645
8.1989
7.4914000000000005
5.6846
0.8337
0.15839999999999999
0.16970000000000002
0.2086
0.42910000000000004
0.4738
0.42279999999999995
0.3698
0.3368
0.33209999999999995
0.2972
0.2993
0.3133
0.31010000000000004
0.2821
0.2712
0.25939999999999996
0.2545
0.26739999999999997
0.17930000000000001
2.6004
0.8617
3.8884
2.3148
0.4971
0.7342
0.5104
0.0915
0.009399999999999999
0.0297
0.0271
0.0287
0.0354
0.0307
0.0406
0.0461
0.030100000000000002
0.022
0.0156
0.0092
0.0084
0.0285
0.0224
0.2503
0.5075
7.4907
3.4291
3.295
2.7045
2.8731
3.2449000000000003
3.1541
1.033
0.848
0.8649
0.8856999999999999
0.9533
1.0568
1.1096
1.2362
1.1843
1.2518
2.3056
3.9114000000000004
1.5548
0.5677
0.5621
0.3514
2.3106
0.3633
0.3779
0.3692
0.3997
0.40859999999999996
0.4548
0.4525
0.3383
0.1784
0.0766
0.055299999999999995
0.0319
0.0342
0.029900000000000003
0.0526
0.11810000000000001
0.34750000000000003
0.4488
0.4835
0.4393
0.3868
0.36660000000000004
0.3624
0.3829
0.29769999999999996
0.4667
0.4814
0.4024
2.7192999999999996
0.7173
0.1925
0.24159999999999998
0.3732
0.36060000000000003
0.5484
0.4435
0.4175
1.6381
3.5928999999999998
0.9905999999999999
0.2576
5.9257
4.4965
0.648
0.0334
0.0361
0.025500000000000002
0.0721
0.9194
0.6994
0.5393
2.0203
0.0
0.12390000000000001
0.1128
0.017
0.005299999999999999
0.0167
0.0159
0.0392
0.0568
0.0495
0.0194
0.0195
0.0117
0.0098
0.0137
0.0663
0.0095
0.0143
0.0006
0.0
2.6276
5.1419
8.1032
5.9993
4.5164
2.2849
3.1962
6.5941
3.4737
0.2403
0.04
0.030400000000000003
0.0182
0.0
0.0069
0.0187
0.1921
0.5925
1.0787
1.2494
1.2309
1.1073
1.0274999999999999
1.5645
8.1989
7.4914000000000005
5.6846
0.8337
0.15839999999999999
0.16970000000000002
0.2086
0.42910000000000004
0.4738
0.42279999999999995
0.3698
0.3368
0.33209999999999995
0.2972
0.2993
0.3133
0.31010000000000004
0.2821
0.2712
0.25939999999999996
0.2545
0.26739999999999997
0.17930000000000001
2.6004
0.8617
3.8884
2.3148
0.4971
0.7342
0.5104
0.0915
0.009399999999999999
0.0297
0.0271
0.0287
0.0354
0.0307
0.0406
0.0461
0.030100000000000002
0.022
0.0156
0.0092
0.0084
0.0285
0.0224
0.2503
0.5075
7.4907
3.4291
3.295
2.7045
2.8731
3.2449000000000003
3.1541
1.033
0.848
0.8649
0.8856999999999999
0.9533
1.0568
1.1096
1.2362
1.1843
1.2518
2.3056
3.9114000000000004
1.5548
0.5677
0.5621
0.3514
2.3106
0.3633
0.3779
0.3692
0.3997
0.40859999999999996
0.4548
0.4525
0.3383
0.1784
0.0766
0.055299999999999995
0.0319
0.0342
0.029900000000000003
0.0526
0.11810000000000001
0.34750000000000003
0.4488
0.4835
0.4393
0.3868
0.36660000000000004
0.3624
0.3829
1.626
4.4732
10.0166
7.6568000000000005
4.8222000000000005
1.1155
0.7051000000000001
0.0154
0.0
0.0421
0.0285
0.07680000000000001
0.0815
0.0879
0.0509
0.0
0.0
0.0646
0.2349
0.5589999999999999
0.5185
0.2041
0.0564
0.0
1.0756
4.0198
3.7415
3.4461
2.3696
0.2352
0.2011
0.2649
0.4899
0.5682
0.374
0.18880000000000002
0.1178
0.0818
0.0528
0.0711
0.10669999999999999
0.104
0.1265
0.2119
0.7605000000000001
1.377
0.8973
0.6049
1.4717
5.547700000000001
4.8953
2.7498
0.1893
0.0049
0.0118
0.0605
0.052000000000000005
0.0376
0.0466
0.048100000000000004
0.0555
0.0722
1.4887000000000001
0.2912
0.0595
0.08560000000000001
0.3285
0.7812
0.1353
0.0699
0.056400000000000006
0.06760000000000001
4.2184
3.8763
2.8853999999999997
0.6048
0.3745
0.4253
0.46940000000000004
0.22060000000000002
0.0791
0.0674
0.062200000000000005
0.045
0.0611
0.0596
0.0665
0.0993
0.2173
0.4148
0.5959
2.4477
2.7577
0.5811999999999999
0.3716
3.8294
0.48250000000000004
2.0863
2.3148
2.7984999999999998
1.9731
0.1522
0.1793
0.2316
0.46920000000000006
0.6996
0.7648
0.6934
0.7436
0.742
1.1093
2.2929000000000004
1.809
1.6096
1.5329
1.361
1.1876000000000002
1.0088
0.6760999999999999
0.44189999999999996
2.386
2.4393000000000002
2.5238
2.6547
2.6827
2.488
1.4455
1.4451
2.3128
2.7174
2.3895
1.1718
0.3875
0.3096
0.37170000000000003
0.8523
1.861
1.6951
2.2631
3.844
5.3736999999999995
5.1244
5.7381
6.9365000000000006
0.5324
1.3203999999999998
4.3038
1.4114
0.3638
0.2774
0.40459999999999996
0.6315
0.4132
0.2712
0.23370000000000002
0.2254
0.1895
0.19740000000000002
0.1973
0.1997
0.9356
1.2802
0.7505999999999999
0.5401
0.4268
0.2955
0.2266
0.1996
1.626
4.4732
10.0166
7.6568000000000005
4.8222000000000005
1.1155
0.7051000000000001
0.0154
0.0
0.0421
0.0285
0.07680000000000001
0.0815
0.0879
0.0509
0.0
0.0
0.0646
0.2349
0.5589999999999999
0.5185
0.2041
0.0564
0.0
1.0756
4.0198
3.7415
3.4461
2.3696
0.2352
0.2011
0.2649
0.4899
0.5682
0.374
0.18880000000000002
0.1178
0.0818
0.0528
0.0711
0.10669999999999999
0.104
0.1265
0.2119
0.7605000000000001
1.377
0.8973
0.6049
1.4717
5.547700000000001
4.8953
2.7498
0.1893
0.0049
0.0118
0.0605
0.052000000000000005
0.0376
0.0466
0.048100000000000004
0.0555
0.0722
1.4887000000000001
0.2912
0.0595
0.08560000000000001
0.3285
0.7812
0.1353
0.0699
0.056400000000000006
0.06760000000000001
4.2184
3.8763
2.8853999999999997
0.6048
0.3745
0.4253
0.46940000000000004
0.22060000000000002
0.0791
0.0674
0.062200000000000005
0.045
0.0611
0.0596
0.0665
0.0993
0.2173
0.4148
0.5959
2.4477
2.7577
0.5811999999999999
0.3716
3.8294
0.48250000000000004
2.0863
2.3148
2.7984999999999998
1.9731
0.1522
0.1793
0.2316
0.46920000000000006
0.6996
0.7648
0.6934
0.7436
0.742
1.1093
2.2929000000000004
1.809
1.6096
1.5329
1.361
1.1876000000000002
1.0088
0.6760999999999999
0.44189999999999996
2.386
2.4393000000000002
2.5238
2.6547
2.6827
2.488
1.4455
1.4451
2.3128
2.7174
2.3895
1.1718
0.3875
0.3096
0.37170000000000003
0.8523
1.861
1.6951
2.2631
3.844
5.3736999999999995
5.1244
5.7381
6.9365000000000006
0.5324
1.3203999999999998
4.3038
1.4114
0.3638
0.2774
0.40459999999999996
0.6315
0.4132
0.2712
0.23370000000000002
0.2254
0.1895
0.19740000000000002
0.1973
0.1997
0.9356
1.2802
0.7505999999999999
0.5401
0.4268
0.2955
0.2266
0.1996
1.626
4.4732
10.0166
7.6568000000000005
4.8222000000000005
1.1155
0.7051000000000001
0.0154
0.0
0.0421
0.0285
0.07680000000000001
0.0815
0.0879
0.0509
0.0
0.0
0.0646
0.2349
0.5589999999999999
0.5185
0.2041
0.0564
0.0
1.0756
4.0198
3.7415
3.4461
2.3696
0.2352
0.2011
0.2649
0.4899
0.5682
0.374
0.18880000000000002
0.1178
0.0818
0.0528
0.0711
0.10669999999999999
0.104
0.1265
0.2119
0.7605000000000001
1.377
0.8973
0.6049
1.4717
5.547700000000001
4.8953
2.7498
0.1893
0.0049
0.0118
0.0605
0.052000000000000005
0.0376
0.0466
0.048100000000000004
0.0555
0.0722
1.4887000000000001
0.2912
0.0595
0.08560000000000001
0.3285
0.7812
0.1353
0.0699
0.056400000000000006
0.06760000000000001
4.2184
3.8763
2.8853999999999997
0.6048
0.3745
0.4253
0.46940000000000004
0.22060000000000002
0.0791
0.0674
0.062200000000000005
0.045
0.0611
0.0596
0.0665
0.0993
0.2173
0.4148
0.5959
2.4477
2.7577
0.5811999999999999
0.3716
3.8294
0.48250000000000004
2.0863
2.3148
2.7984999999999998
1.9731
0.1522
0.1793
0.2316
0.46920000000000006
0.6996
0.7648
0.6934
0.7436
0.742
1.1093
2.2929000000000004
1.809
1.6096
1.5329
1.361
1.1876000000000002
1.0088
0.6760999999999999
0.44189999999999996
2.386
2.4393000000000002
2.5238
2.6547
2.6827
2.488
1.4455
1.4451
2.3128
2.7174
2.3895
1.1718
0.3875
0.3096
0.37170000000000003
0.8523
1.861
1.6951
2.2631
3.844
5.3736999999999995
5.1244
5.7381
6.9365000000000006
0.5324
1.3203999999999998
4.3038
1.4114
0.3638
0.2774
0.40459999999999996
0.6315
0.4132
0.2712
0.23370000000000002
0.2254
0.1895
0.19740000000000002
0.1973
0.1997
0.9356
1.2802
0.7505999999999999
0.5401
0.4268
0.2955
0.2266
0.1996
1.626
4.4732
10.0166
7.6568000000000005
4.8222000000000005
1.1155
0.7051000000000001
0.0154
0.0
0.0421
0.0285
0.07680000000000001
0.0815
0.0879
0.0509
0.0
0.0
0.0646
0.2349
0.5589999999999999
0.5185
0.2041
0.0564
0.0
1.0756
4.0198
3.7415
3.4461
2.3696
0.2352
0.2011
0.2649
0.4899
0.5682
0.374
0.18880000000000002
0.1178
0.0818
0.0528
0.0711
0.10669999999999999
0.104
0.1265
0.2119
0.7605000000000001
1.377
0.8973
0.6049
1.4717
5.547700000000001
4.8953
2.7498
0.1893
0.0049
0.0118
0.0605
0.052000000000000005
0.0376
0.0466
0.048100000000000004
0.0555
0.0722
1.4887000000000001
0.2912
0.0595
0.08560000000000001
0.3285
0.7812
0.1353
0.0699
0.056400000000000006
0.06760000000000001
4.2184
3.8763
2.8853999999999997
0.6048
0.3745
0.4253
0.46940000000000004
0.22060000000000002
0.0791
0.0674
0.062200000000000005
0.045
0.0611
0.0596
0.0665
0.0993
0.2173
0.4148
0.5959
2.4477
2.7577
0.5811999999999999
0.3716
3.8294
0.48250000000000004
2.0863
2.3148
2.7984999999999998
1.9731
0.1522
0.1793
0.2316
0.46920000000000006
0.6996
0.7648
0.6934
0.7436
0.742
1.1093
2.2929000000000004
1.809
1.6096
1.5329
1.361
1.1876000000000002
1.0088
0.6760999999999999
0.44189999999999996
2.386
2.4393000000000002
2.5238
2.6547
2.6827
2.488
1.4455
1.4451
2.3128
2.7174
2.3895
1.1718
0.3875
0.3096
0.37170000000000003
0.8523
1.861
1.6951
2.2631
3.844
5.3736999999999995
5.1244
5.7381
6.9365000000000006
0.5324
1.3203999999999998
4.3038
1.4114
0.3638
0.2774
0.40459999999999996
0.6315
0.4132
0.2712
0.23370000000000002
0.2254
0.1895
0.19740000000000002
0.1973
0.1997
0.9356
1.2802
0.7505999999999999
0.5401
0.4268
0.2955
0.2266
0.1996
0.1668
0.1576
0.15710000000000002
0.1531
0.1439
0.1139
0.07150000000000001
0.0669
0.0746
0.2135
0.1068
0.0751
0.069
0.0531
0.0516
0.0566
0.07020000000000001
0.4053
0.1905
0.177
0.18409999999999999
0.1844
0.2101
0.2151
2.6172
3.8639
3.6156
3.0086
1.341
0.33799999999999997
0.28469999999999995
0.2943
0.1982
0.09390000000000001
0.0688
0.0559
0.0529
0.0435
0.0496
0.0682
0.10300000000000001
0.2006
0.3056
0.6274
0.6939
0.6945
0.8492999999999999
0.966
0.2237
0.217
0.2127
0.20900000000000002
0.19590000000000002
0.1595
0.1212
0.1847
0.07150000000000001
0.1028
0.0843
0.08529999999999999
0.07500000000000001
0.0691
0.0727
0.0816
0.2333
0.2128
0.20550000000000002
0.13219999999999998
0.1808
0.1878
0.21939999999999998
0.2192
2.4233000000000002
2.5057
2.5026
2.4562999999999997
2.3009
0.268
0.28290000000000004
0.4248
0.9415
0.7331000000000001
0.3938
0.3415
0.3164
0.2869
0.2942
1.1743999999999999
0.9616
0.9487
1.4538
1.819
1.2311999999999999
0.8855
0.6647000000000001
1.2922
1.0555
1.3301
3.8059
1.4363
0.0
0.0242
0.048299999999999996
0.0471
0.0524
0.0539
0.042300000000000004
0.0383
0.038900000000000004
0.053500000000000006
0.0164
0.0264
0.023899999999999998
0.025
0.0188
0.0476
0.0382
0.0194
0.009
0.1142
4.2676
3.9942
0.9234
0.2543
0.0
0.0538
0.2979
0.0201
0.0
0.0032
0.0094
0.0075
0.0196
0.0133
1.2479
0.6524
0.0146
0.0
0.0
0.0003
0.0
0.0
0.0
2.902
0.5202
0.48119999999999996
0.4507
0.4317
0.4179
0.43179999999999996
0.4317
0.4496
1.4358
0.2659
0.2309
0.23149999999999998
0.2613
0.2884
0.3321
0.5836
1.6825
0.9476
0.8857999999999999
0.9887999999999999
1.5321
1.3798
0.7607
0.5537
0.1668
0.1576
0.15710000000000002
0.1531
0.1439
0.1139
0.07150000000000001
0.0669
0.0746
0.2135
0.1068
0.0751
0.069
0.0531
0.0516
0.0566
0.07020000000000001
0.4053
0.1905
0.177
0.18409999999999999
0.1844
0.2101
0.2151
2.6172
3.8639
3.6156
3.0086
1.341
0.33799999999999997
0.28469999999999995
0.2943
0.1982
0.09390000000000001
0.0688
0.0559
0.0529
0.0435
0.0496
0.0682
0.10300000000000001
0.2006
0.3056
0.6274
0.6939
0.6945
0.8492999999999999
0.966
0.2237
0.217
0.2127
0.20900000000000002
0.19590000000000002
0.1595
0.1212
0.1847
0.07150000000000001
0.1028
0.0843
0.08529999999999999
0.07500000000000001
0.0691
0.0727
0.0816
0.2333
0.2128
0.20550000000000002
0.13219999999999998
0.1808
0.1878
0.21939999999999998
0.2192
2.4233000000000002
2.5057
2.5026
2.4562999999999997
2.3009
0.268
0.28290000000000004
0.4248
0.9415
0.7331000000000001
0.3938
0.3415
0.3164
0.2869
0.2942
1.1743999999999999
0.9616
0.9487
1.4538
1.819
1.2311999999999999
0.8855
0.6647000000000001
1.2922
1.0555
1.3301
3.8059
1.4363
0.0
0.0242
0.048299999999999996
0.0471
0.0524
0.0539
0.042300000000000004
0.0383
0.038900000000000004
0.053500000000000006
0.0164
0.0264
0.023899999999999998
0.025
0.0188
0.0476
0.0382
0.0194
0.009
0.1142
4.2676
3.9942
0.9234
0.2543
0.0
0.0538
0.2979
0.0201
0.0
0.0032
0.0094
0.0075
0.0196
0.0133
1.2479
0.6524
0.0146
0.0
0.0
0.0003
0.0
0.0
0.0
2.902
0.5202
0.48119999999999996
0.4507
0.4317
0.4179
0.43179999999999996
0.4317
0.4496
1.4358
0.2659
0.2309
0.23149999999999998
0.2613
0.2884
0.3321
0.5836
1.6825
0.9476
0.8857999999999999
0.9887999999999999
1.5321
1.3798
0.7607
0.5537
0.1668
0.1576
0.15710000000000002
0.1531
0.1439
0.1139
0.07150000000000001
0.0669
0.0746
0.2135
0.1068
0.0751
0.069
0.0531
0.0516
0.0566
0.07020000000000001
0.4053
0.1905
0.177
0.18409999999999999
0.1844
0.2101
0.2151
2.6172
3.8639
3.6156
3.0086
1.341
0.33799999999999997
0.28469999999999995
0.2943
0.1982
0.09390000000000001
0.0688
0.0559
0.0529
0.0435
0.0496
0.0682
0.10300000000000001
0.2006
0.3056
0.6274
0.6939
0.6945
0.8492999999999999
0.966
0.2237
0.217
0.2127
0.20900000000000002
0.19590000000000002
0.1595
0.1212
0.1847
0.07150000000000001
0.1028
0.0843
0.08529999999999999
0.07500000000000001
0.0691
0.0727
0.0816
0.2333
0.2128
0.20550000000000002
0.13219999999999998
0.1808
0.1878
0.21939999999999998
0.2192
2.4233000000000002
2.5057
2.5026
2.4562999999999997
2.3009
0.268
0.28290000000000004
0.4248
0.9415
0.7331000000000001
0.3938
0.3415
0.3164
0.2869
0.2942
1.1743999999999999
0.9616
0.9487
1.4538
1.819
1.2311999999999999
0.8855
0.6647000000000001
1.2922
1.0555
1.3301
3.8059
1.4363
0.0
0.0242
0.048299999999999996
0.0471
0.0524
0.0539
0.042300000000000004
0.0383
0.038900000000000004
0.053500000000000006
0.0164
0.0264
0.023899999999999998
0.025
0.0188
0.0476
0.0382
0.0194
0.009
0.1142
4.2676
3.9942
0.9234
0.2543
0.0
0.0538
0.2979
0.0201
0.0
0.0032
0.0094
0.0075
0.0196
0.0133
1.2479
0.6524
0.0146
0.0
0.0
0.0003
0.0
0.0
0.0
2.902
0.5202
0.48119999999999996
0.4507
0.4317
0.4179
0.43179999999999996
0.4317
0.4496
1.4358
0.2659
0.2309
0.23149999999999998
0.2613
0.2884
0.3321
0.5836
1.6825
0.9476
0.8857999999999999
0.9887999999999999
1.5321
1.3798
0.7607
0.5537
0.1668
0.1576
0.15710000000000002
0.1531
0.1439
0.1139
0.07150000000000001
0.0669
0.0746
0.2135
0.1068
0.0751
0.069
0.0531
0.0516
0.0566
0.07020000000000001
0.4053
0.1905
0.177
0.18409999999999999
0.1844
0.2101
0.2151
2.6172
3.8639
3.6156
3.0086
1.341
0.33799999999999997
0.28469999999999995
0.2943
0.1982
0.09390000000000001
0.0688
0.0559
0.0529
0.0435
0.0496
0.0682
0.10300000000000001
0.2006
0.3056
0.6274
0.6939
0.6945
0.8492999999999999
0.966
0.2237
0.217
0.2127
0.20900000000000002
0.19590000000000002
0.1595
0.1212
0.1847
0.07150000000000001
0.1028
0.0843
0.08529999999999999
0.07500000000000001
0.0691
0.0727
0.0816
0.2333
0.2128
0.20550000000000002
0.13219999999999998
0.1808
0.1878
0.21939999999999998
0.2192
2.4233000000000002
2.5057
2.5026
2.4562999999999997
2.3009
0.268
0.28290000000000004
0.4248
0.9415
0.7331000000000001
0.3938
0.3415
0.3164
0.2869
0.2942
1.1743999999999999
0.9616
0.9487
1.4538
1.819
1.2311999999999999
0.8855
0.6647000000000001
1.2922
1.0555
1.3301
3.8059
1.4363
0.0
0.0242
0.048299999999999996
0.0471
0.0524
0.0539
0.042300000000000004
0.0383
0.038900000000000004
0.053500000000000006
0.0164
0.0264
0.023899999999999998
0.025
0.0188
0.0476
0.0382
0.0194
0.009
0.1142
4.2676
3.9942
0.9234
0.2543
0.0
0.0538
0.2979
0.0201
0.0
0.0032
0.0094
0.0075
0.0196
0.0133
1.2479
0.6524
0.0146
0.0
0.0
0.0003
0.0
0.0
0.0
2.902
0.5202
0.48119999999999996
0.4507
0.4317
0.4179
0.43179999999999996
0.4317
0.4496
1.4358
0.2659
0.2309
0.23149999999999998
0.2613
0.2884
0.3321
0.5836
1.6825
0.9476
0.8857999999999999
0.9887999999999999
1.5321
1.3798
0.7607
0.5537
0.1668
0.1576
0.15710000000000002
0.1531
0.1439
0.1139
0.07150000000000001
0.0669
0.0746
0.2135
0.1068
0.0751
0.069
0.0531
0.0516
0.0566
0.07020000000000001
0.4053
0.1905
0.177
0.18409999999999999
0.1844
0.2101
0.2151
2.6172
3.8639
3.6156
3.0086
1.341
0.33799999999999997
0.28469999999999995
0.2943
0.1982
0.09390000000000001
0.0688
0.0559
0.0529
0.0435
0.0496
0.0682
0.10300000000000001
0.2006
0.3056
0.6274
0.6939
0.6945
0.8492999999999999
0.966
0.2237
0.217
0.2127
0.20900000000000002
0.19590000000000002
0.1595
0.1212
0.1847
0.07150000000000001
0.1028
0.0843
0.08529999999999999
0.07500000000000001
0.0691
0.0727
0.0816
0.2333
0.2128
0.20550000000000002
0.13219999999999998
0.1808
0.1878
0.21939999999999998
0.2192
0.9266
0.8169
0.5871999999999999
0.2052
0.1689
0.2069
0.3755
1.6573
0.7363
0.39280000000000004
0.2613
0.25639999999999996
0.2722
0.2787
0.3095
0.48550000000000004
1.4637
1.3997
1.3443
0.9228000000000001
0.6765
0.5345
0.34019999999999995
0.2439
0.1967
0.2155
0.221
0.2136
0.2136
0.259
0.4161
0.6207
0.4551
0.3728
0.28859999999999997
2.2177000000000002
0.9553
0.7819
0.48360000000000003
0.4706
0.4616
1.6013000000000002
0.5543
0.4491
0.2103
0.1269
0.15839999999999999
0.15410000000000001
1.9152
4.8311
4.9293
3.8884
0.2162
0.1208
0.1755
0.1772
0.1245
0.13879999999999998
0.18919999999999998
0.2787
0.3323
0.32030000000000003
0.8474
1.684
0.2764
0.265
0.372
0.5856
1.8353
2.2706
1.5416
6.741200000000001
2.818
3.2577
0.2477
0.0598
0.0336
0.0183
0.0171
0.0069
0.0177
0.0132
0.0335
0.0281
0.0257
0.0378
0.06709999999999999
0.011899999999999999
0.0171
0.0135
0.45089999999999997
0.040499999999999994
0.0106
0.051000000000000004
0.0252
0.0204
0.2848
0.2742
0.2775
0.2659
0.2863
0.5122
0.16799999999999998
0.1274
0.09820000000000001
0.0776
0.0635
0.0412
0.038599999999999995
0.0269
0.0414
0.052000000000000005
0.0718
0.1908
0.3214
0.4504
0.532
0.4678
0.437
0.3947
3.191
2.6271
1.1141
0.5994
0.0016
0.0399
0.0276
0.0049
0.0214
0.0254
0.0238
0.0266
0.0225
0.053700000000000005
0.0997
0.0254
0.0216
0.045700000000000005
0.045899999999999996
0.1191
0.2525
0.2253
0.1037
1.6229
0.0
0.0
0.0
0.0
0.0
0.0
0.0503
0.22649999999999998
0.20429999999999998
0.1503
0.1456
0.1854
0.1728
3.2199
0.9555
0.1758
0.1358
0.0719
0.5378000000000001
0.49949999999999994
0.3367
0.0
0.0
0.0003
0.9266
0.8169
0.5871999999999999
0.2052
0.1689
0.2069
0.3755
1.6573
0.7363
0.39280000000000004
0.2613
0.25639999999999996
0.2722
0.2787
0.3095
0.48550000000000004
1.4637
1.3997
1.3443
0.9228000000000001
0.6765
0.5345
0.34019999999999995
0.2439
0.1967
0.2155
0.221
0.2136
0.2136
0.259
0.4161
0.6207
0.4551
0.3728
0.28859999999999997
2.2177000000000002
0.9553
0.7819
0.48360000000000003
0.4706
0.4616
1.6013000000000002
0.5543
0.4491
0.2103
0.1269
0.15839999999999999
0.15410000000000001
1.9152
4.8311
4.9293
3.8884
0.2162
0.1208
0.1755
0.1772
0.1245
0.13879999999999998
0.18919999999999998
0.2787
0.3323
0.32030000000000003
0.8474
1.684
0.2764
0.265
0.372
0.5856
1.8353
2.2706
1.5416
6.741200000000001
2.818
3.2577
0.2477
0.0598
0.0336
0.0183
0.0171
0.0069
0.0177
0.0132
0.0335
0.0281
0.0257
0.0378
0.06709999999999999
0.011899999999999999
0.0171
0.0135
0.45089999999999997
0.040499999999999994
0.0106
0.051000000000000004
0.0252
0.0204
0.2848
0.2742
0.2775
0.2659
0.2863
0.5122
0.16799999999999998
0.1274
0.09820000000000001
0.0776
0.0635
0.0412
0.038599999999999995
0.0269
0.0414
0.052000000000000005
0.0718
0.1908
0.3214
0.4504
0.532
0.4678
0.437
0.3947
3.191
2.6271
1.1141
0.5994
0.0016
0.0399
0.0276
0.0049
0.0214
0.0254
0.0238
0.0266
0.0225
0.053700000000000005
0.0997
0.0254
0.0216
0.045700000000000005
0.045899999999999996
0.1191
0.2525
0.2253
0.1037
1.6229
0.0
0.0
0.0
0.0
0.0
0.0
0.0503
0.22649999999999998
0.20429999999999998
0.1503
0.1456
0.1854
0.1728
3.2199
0.9555
0.1758
0.1358
0.0719
0.5378000000000001
0.49949999999999994
0.3367
0.0
0.0
0.0003
0.9266
0.8169
0.5871999999999999
0.2052
0.1689
0.2069
0.3755
1.6573
0.7363
0.39280000000000004
0.2613
0.25639999999999996
0.2722
0.2787
0.3095
0.48550000000000004
1.4637
1.3997
1.3443
0.9228000000000001
0.6765
0.5345
0.34019999999999995
0.2439
0.1967
0.2155
0.221
0.2136
0.2136
0.259
0.4161
0.6207
0.4551
0.3728
0.28859999999999997
2.2177000000000002
0.9553
0.7819
0.48360000000000003
0.4706
0.4616
1.6013000000000002
0.5543
0.4491
0.2103
0.1269
0.15839999999999999
0.15410000000000001
1.9152
4.8311
4.9293
3.8884
0.2162
0.1208
0.1755
0.1772
0.1245
0.13879999999999998
0.18919999999999998
0.2787
0.3323
0.32030000000000003
0.8474
1.684
0.2764
0.265
0.372
0.5856
1.8353
2.2706
1.5416
6.741200000000001
2.818
3.2577
0.2477
0.0598
0.0336
0.0183
0.0171
0.0069
0.0177
0.0132
0.0335
0.0281
0.0257
0.0378
0.06709999999999999
0.011899999999999999
0.0171
0.0135
0.45089999999999997
0.040499999999999994
0.0106
0.051000000000000004
0.0252
0.0204
0.2848
0.2742
0.2775
0.2659
0.2863
0.5122
0.16799999999999998
0.1274
0.09820000000000001
0.0776
0.0635
0.0412
0.038599999999999995
0.0269
0.0414
0.052000000000000005
0.0718
0.1908
0.3214
0.4504
0.532
0.4678
0.437
0.3947
3.191
2.6271
1.1141
0.5994
0.0016
0.0399
0.0276
0.0049
0.0214
0.0254
0.0238
0.0266
0.0225
0.053700000000000005
0.0997
0.0254
0.0216
0.045700000000000005
0.045899999999999996
0.1191
0.2525
0.2253
0.1037
1.6229
0.0
0.0
0.0
0.0
0.0
0.0
0.0503
0.22649999999999998
0.20429999999999998
0.1503
0.1456
0.1854
0.1728
3.2199
0.9555
0.1758
0.1358
0.0719
0.5378000000000001
0.49949999999999994
0.3367
0.0
0.0
0.0003
0.9266
0.8169
0.5871999999999999
0.2052
0.1689
0.2069
0.3755
1.6573
0.7363
0.39280000000000004
0.2613
0.25639999999999996
0.2722
0.2787
0.3095
0.48550000000000004
1.4637
1.3997
1.3443
0.9228000000000001
0.6765
0.5345
0.34019999999999995
0.2439
0.1967
0.2155
0.221
0.2136
0.2136
0.259
0.4161
0.6207
0.4551
0.3728
0.28859999999999997
2.2177000000000002
0.9553
0.7819
0.48360000000000003
0.4706
0.4616
1.6013000000000002
0.5543
0.4491
0.2103
0.1269
0.15839999999999999
0.15410000000000001
1.9152
4.8311
4.9293
3.8884
0.2162
0.1208
0.1755
0.1772
0.1245
0.13879999999999998
0.18919999999999998
0.2787
0.3323
0.32030000000000003
0.8474
1.684
0.2764
0.265
0.372
0.5856
1.8353
2.2706
1.5416
6.741200000000001
2.818
3.2577
0.2477
0.0598
0.0336
0.0183
0.0171
0.0069
0.0177
0.0132
0.0335
0.0281
0.0257
0.0378
0.06709999999999999
0.011899999999999999
0.0171
0.0135
0.45089999999999997
0.040499999999999994
0.0106
0.051000000000000004
0.0252
0.0204
0.2848
0.2742
0.2775
0.2659
0.2863
0.5122
0.16799999999999998
0.1274
0.09820000000000001
0.0776
0.0635
0.0412
0.038599999999999995
0.0269
0.0414
0.052000000000000005
0.0718
0.1908
0.3214
0.4504
0.532
0.4678
0.437
0.3947
3.191
2.6271
1.1141
0.5994
0.0016
0.0399
0.0276
0.0049
0.0214
0.0254
0.0238
0.0266
0.0225
0.053700000000000005
0.0997
0.0254
0.0216
0.045700000000000005
0.045899999999999996
0.1191
0.2525
0.2253
0.1037
1.6229
0.0
0.0
0.0
0.0
0.0
0.0
0.0503
0.22649999999999998
0.20429999999999998
0.1503
0.1456
0.1854
0.1728
3.2199
0.9555
0.1758
0.1358
0.0719
0.5378000000000001
0.49949999999999994
0.3367
0.0
0.0
0.0003
0.9266
0.8169
0.5871999999999999
0.2052
0.1689
0.2069
0.3755
1.6573
0.7363
0.39280000000000004
0.2613
0.25639999999999996
0.2722
0.2787
0.3095
0.48550000000000004
1.4637
1.3997
1.3443
0.9228000000000001
0.6765
0.5345
0.34019999999999995
0.2439
0.1967
0.2155
0.221
0.2136
0.2136
0.259
0.4161
0.6207
0.4551
0.3728
0.28859999999999997
2.2177000000000002
0.9553
0.7819
0.48360000000000003
0.4706
0.4616
1.6013000000000002
0.5543
0.4491
0.2103
0.1269
0.15839999999999999
0.15410000000000001
0.1063
0.0965
0.10450000000000001
0.1003
0.0834
0.0764
0.0425
0.0308
0.0084
0.0322
0.0221
0.0232
0.0271
0.0204
0.0248
0.0249
0.018799999999999997
0.1594
0.0588
0.0409
0.0933
0.1118
0.13490000000000002
0.1406
3.6326
0.0
0.0
0.0
0.0
0.0121
0.6888
0.0
0.0257
0.0498
0.0437
0.055099999999999996
0.0435
0.046700000000000005
0.0596
0.2117
0.0658
0.2293
0.8595
0.4951
0.0169
0.0
0.0389
2.2015
5.0763
6.594799999999999
6.7348
6.7608
5.4030000000000005
0.0
0.0119
0.055299999999999995
0.1023
0.0742
0.0755
0.0464
0.0786
0.061200000000000004
0.0534
0.0
0.0
0.0
0.7107
1.7307000000000001
1.7244000000000002
2.5849
3.0572999999999997
3.5641
3.6431
3.1831
0.46809999999999996
0.15150000000000002
0.092
0.0827
0.9232
0.6822999999999999
0.321
0.2099
0.2178
0.2077
0.18259999999999998
0.172
0.2621
0.3855
0.30879999999999996
0.5421
0.9541999999999999
0.6789999999999999
0.1245
0.1389
0.136
4.743600000000001
1.4207
0.0132
0.0755
0.048
0.0271
0.0324
0.0237
0.020900000000000002
0.0254
0.030199999999999998
0.024
0.0287
0.0275
0.0282
0.0224
0.0269
0.0401
0.0327
0.0361
0.0431
0.0601
0.0655
0.0758
1.7791
0.2023
0.1207
0.08
0.1033
0.217
0.6880999999999999
0.4042
0.1834
0.0887
0.19
0.1744
0.1739
0.1449
0.1276
0.1007
0.024300000000000002
0.0383
0.1517
0.0174
0.0457
0.0401
0.0062
0.0187
0.0131
0.4053
3.1317000000000004
0.573
0.3675
0.201
0.4404
0.4397
0.19240000000000002
0.2291
0.2294
0.2387
0.2263
0.226
0.2183
0.21839999999999998
0.2151
0.2412
0.26249999999999996
0.26139999999999997
0.3385
0.3415
0.2858
0.2337
0.2479
0.1063
0.0965
0.10450000000000001
0.1003
0.0834
0.0764
0.0425
0.0308
0.0084
0.0322
0.0221
0.0232
0.0271
0.0204
0.0248
0.0249
0.018799999999999997
0.1594
0.0588
0.0409
0.0933
0.1118
0.13490000000000002
0.1406
3.6326
0.0
0.0
0.0
0.0
0.0121
0.6888
0.0
0.0257
0.0498
0.0437
0.055099999999999996
0.0435
0.046700000000000005
0.0596
0.2117
0.0658
0.2293
0.8595
0.4951
0.0169
0.0
0.0389
2.2015
5.0763
6.594799999999999
6.7348
6.7608
5.4030000000000005
0.0
0.0119
0.055299999999999995
0.1023
0.0742
0.0755
0.0464
0.0786
0.061200000000000004
0.0534
0.0
0.0
0.0
0.7107
1.7307000000000001
1.7244000000000002
2.5849
3.0572999999999997
3.5641
3.6431
3.1831
0.46809999999999996
0.15150000000000002
0.092
0.0827
0.9232
0.6822999999999999
0.321
0.2099
0.2178
0.2077
0.18259999999999998
0.172
0.2621
0.3855
0.30879999999999996
0.5421
0.9541999999999999
0.6789999999999999
0.1245
0.1389
0.136
4.743600000000001
1.4207
0.0132
0.0755
0.048
0.0271
0.0324
0.0237
0.020900000000000002
0.0254
0.030199999999999998
0.024
0.0287
0.0275
0.0282
0.0224
0.0269
0.0401
0.0327
0.0361
0.0431
0.0601
0.0655
0.0758
1.7791
0.2023
0.1207
0.08
0.1033
0.217
0.6880999999999999
0.4042
0.1834
0.0887
0.19
0.1744
0.1739
0.1449
0.1276
0.1007
0.024300000000000002
0.0383
0.1517
0.0174
0.0457
0.0401
0.0062
0.0187
0.0131
0.4053
3.1317000000000004
0.573
0.3675
0.201
0.4404
0.4397
0.19240000000000002
0.2291
0.2294
0.2387
0.2263
0.226
0.2183
0.21839999999999998
0.2151
0.2412
0.26249999999999996
0.26139999999999997
0.3385
0.3415
0.2858
0.2337
0.2479
0.1063
0.0965
0.10450000000000001
0.1003
0.0834
0.0764
0.0425
0.0308
0.0084
0.0322
0.0221
0.0232
0.0271
0.0204
0.0248
0.0249
0.018799999999999997
0.1594
0.0588
0.0409
0.0933
0.1118
0.13490000000000002
0.1406
3.6326
0.0
0.0
0.0
0.0
0.0121
0.6888
0.0
0.0257
0.0498
0.0437
0.055099999999999996
0.0435
0.046700000000000005
0.0596
0.2117
0.0658
0.2293
0.8595
0.4951
0.0169
0.0
0.0389
2.2015
5.0763
6.594799999999999
6.7348
6.7608
5.4030000000000005
0.0
0.0119
0.055299999999999995
0.1023
0.0742
0.0755
0.0464
0.0786
0.061200000000000004
0.0534
0.0
0.0
0.0
0.7107
1.7307000000000001
1.7244000000000002
2.5849
3.0572999999999997
3.5641
3.6431
3.1831
0.46809999999999996
0.15150000000000002
0.092
0.0827
0.9232
0.6822999999999999
0.321
0.2099
0.2178
0.2077
0.18259999999999998
0.172
0.2621
0.3855
0.30879999999999996
0.5421
0.9541999999999999
0.6789999999999999
0.1245
0.1389
0.136
4.743600000000001
1.4207
0.0132
0.0755
0.048
0.0271
0.0324
0.0237
0.020900000000000002
0.0254
0.030199999999999998
0.024
0.0287
0.0275
0.0282
0.0224
0.0269
0.0401
0.0327
0.0361
0.0431
0.0601
0.0655
0.0758
1.7791
0.2023
0.1207
0.08
0.1033
0.217
0.6880999999999999
0.4042
0.1834
0.0887
0.19
0.1744
0.1739
0.1449
0.1276
0.1007
0.024300000000000002
0.0383
0.1517
0.0174
0.0457
0.0401
0.0062
0.0187
0.0131
0.4053
3.1317000000000004
0.573
0.3675
0.201
0.4404
0.4397
0.19240000000000002
0.2291
0.2294
0.2387
0.2263
0.226
0.2183
0.21839999999999998
0.2151
0.2412
0.26249999999999996
0.26139999999999997
0.3385
0.3415
0.2858
0.2337
0.2479
0.1063
0.0965
0.10450000000000001
0.1003
0.0834
0.0764
0.0425
0.0308
0.0084
0.0322
0.0221
0.0232
0.0271
0.0204
0.0248
0.0249
0.018799999999999997
0.1594
0.0588
0.0409
0.0933
0.1118
0.13490000000000002
0.1406
3.6326
0.0
0.0
0.0
0.0
0.0121
0.6888
0.0
0.0257
0.0498
0.0437
0.055099999999999996
0.0435
0.046700000000000005
0.0596
0.2117
0.0658
0.2293
0.8595
0.4951
0.0169
0.0
0.0389
2.2015
5.0763
6.594799999999999
6.7348
6.7608
5.4030000000000005
0.0
0.0119
0.055299999999999995
0.1023
0.0742
0.0755
0.0464
0.0786
0.061200000000000004
0.0534
0.0
0.0
0.0
0.7107
1.7307000000000001
1.7244000000000002
2.5849
3.0572999999999997
3.5641
3.6431
3.1831
0.46809999999999996
0.15150000000000002
0.092
0.0827
0.9232
0.6822999999999999
0.321
0.2099
0.2178
0.2077
0.18259999999999998
0.172
0.2621
0.3855
0.30879999999999996
0.5421
0.9541999999999999
0.6789999999999999
0.1245
0.1389
0.136
4.743600000000001
1.4207
0.0132
0.0755
0.048
0.0271
0.0324
0.0237
0.020900000000000002
0.0254
0.030199999999999998
0.024
0.0287
0.0275
0.0282
0.0224
0.0269
0.0401
0.0327
0.0361
0.0431
0.0601
0.0655
0.0758
1.7791
0.2023
0.1207
0.08
0.1033
0.217
0.6880999999999999
0.4042
0.1834
0.0887
0.19
0.1744
0.1739
0.1449
0.1276
0.1007
0.024300000000000002
0.0383
0.1517
0.0174
0.0457
0.0401
0.0062
0.0187
0.0131
0.4053
3.1317000000000004
0.573
0.3675
0.201
0.4404
0.4397
0.19240000000000002
0.2291
0.2294
0.2387
0.2263
0.226
0.2183
0.21839999999999998
0.2151
0.2412
0.26249999999999996
0.26139999999999997
0.3385
0.3415
0.2858
0.2337
0.2479
0.1063
0.0965
0.10450000000000001
0.1003
0.0834
0.0764
0.0425
0.0308
0.0084
0.0322
0.0221
0.0232
0.0271
0.0204
0.0248
0.0249
0.018799999999999997
0.1594
0.0588
0.0409
0.0933
0.1118
0.13490000000000002
0.1406
3.6326
0.0
0.0
0.0
0.0
0.0121
0.6888
0.0
0.0257
0.0498
0.0437
0.055099999999999996
0.0435
0.046700000000000005
0.0596
0.2117
0.0658
0.2293
0.8595
0.4951
0.0169
0.0
0.0389
2.2015
5.0763
6.594799999999999
6.7348
6.7608
5.4030000000000005
0.0
0.0119
0.055299999999999995
0.1023
0.0742
0.0755
0.0464
0.0786
0.061200000000000004
0.0534
0.0
0.0
0.0
0.7107
1.7307000000000001
1.7244000000000002
2.5849
3.0572999999999997
3.5641
1.4107
0.0414
0.1116
0.1247
0.004
0.0276
0.0496
0.0184
0.0108
0.0035
0.0091
0.0357
0.0279
0.0013
0.2317
0.4618
0.0274
0.057999999999999996
0.0821
0.0287
0.0175
0.0
0.0046
2.6385
0.251
2.8605
4.2344
3.0824
0.9443999999999999
0.3062
1.8308
0.0981
0.21450000000000002
0.1595
0.15200000000000002
0.15139999999999998
0.1503
0.1291
0.13929999999999998
0.1348
0.1658
0.6197
1.0011999999999999
0.6072
0.3443
0.2456
0.1805
0.1768
0.0247
0.0252
0.025
0.0274
0.0293
0.030199999999999998
0.0219
0.015199999999999998
0.0126
0.0427
0.034
0.0416
0.0308
0.0284
0.0277
0.021400000000000002
0.024
0.0317
0.032100000000000004
0.028499999999999998
0.0271
0.013600000000000001
0.0218
0.0287
0.281
0.2719
0.272
0.277
0.267
0.2155
0.17830000000000001
0.2364
0.15000000000000002
0.039099999999999996
0.027499999999999997
0.0269
0.029400000000000003
0.0274
0.0368
0.0468
0.0543
0.0908
0.1139
0.17709999999999998
0.1901
0.2185
0.2956
0.30169999999999997
0.0921
0.08990000000000001
0.0934
0.095
0.0912
0.0847
0.07089999999999999
0.3179
0.022
0.0547
0.0351
0.0356
0.0335
0.0317
0.039400000000000004
0.0373
0.103
0.07569999999999999
0.0884
0.093
0.1357
0.1212
0.1016
0.10450000000000001
0.0109
0.0127
0.0126
0.0135
0.0203
0.0164
0.0191
0.0139
0.0
0.0211
0.0304
0.0284
0.028900000000000002
0.027299999999999998
0.0296
0.026799999999999997
0.0303
0.027200000000000002
0.0205
0.0266
0.020499999999999997
0.0049
0.0108
0.0124
0.0455
0.0477
0.0503
0.0536
0.0498
0.048
0.038000000000000006
0.009399999999999999
0.0227
0.0203
0.036199999999999996
0.0479
0.0344
0.035199999999999995
0.0523
0.0251
0.0286
0.1142
0.0378
0.0076
0.0068000000000000005
0.0001
0.0156
0.0239
1.4107
0.0414
0.1116
0.1247
0.004
0.0276
0.0496
0.0184
0.0108
0.0035
0.0091
0.0357
0.0279
0.0013
0.2317
0.4618
0.0274
0.057999999999999996
0.0821
0.0287
0.0175
0.0
0.0046
2.6385
0.251
2.8605
4.2344
3.0824
0.9443999999999999
0.3062
1.8308
0.0981
0.21450000000000002
0.1595
0.15200000000000002
0.15139999999999998
0.1503
0.1291
0.13929999999999998
0.1348
0.1658
0.6197
1.0011999999999999
0.6072
0.3443
0.2456
0.1805
0.1768
0.0247
0.0252
0.025
0.0274
0.0293
0.030199999999999998
0.0219
0.015199999999999998
0.0126
0.0427
0.034
0.0416
0.0308
0.0284
0.0277
0.021400000000000002
0.024
0.0317
0.032100000000000004
0.028499999999999998
0.0271
0.013600000000000001
0.0218
0.0287
0.281
0.2719
0.272
0.277
0.267
0.2155
0.17830000000000001
0.2364
0.15000000000000002
0.039099999999999996
0.027499999999999997
0.0269
0.029400000000000003
0.0274
0.0368
0.0468
0.0543
0.0908
0.1139
0.17709999999999998
0.1901
0.2185
0.2956
0.30169999999999997
0.0921
0.08990000000000001
0.0934
0.095
0.0912
0.0847
0.07089999999999999
0.3179
0.022
0.0547
0.0351
0.0356
0.0335
0.0317
0.039400000000000004
0.0373
0.103
0.07569999999999999
0.0884
0.093
0.1357
0.1212
0.1016
0.10450000000000001
0.0109
0.0127
0.0126
0.0135
0.0203
0.0164
0.0191
0.0139
0.0
0.0211
0.0304
0.0284
0.028900000000000002
0.027299999999999998
0.0296
0.026799999999999997
0.0303
0.027200000000000002
0.0205
0.0266
0.020499999999999997
0.0049
0.0108
0.0124
0.0455
0.0477
0.0503
0.0536
0.0498
0.048
0.038000000000000006
0.009399999999999999
0.0227
0.0203
0.036199999999999996
0.0479
0.0344
0.035199999999999995
0.0523
0.0251
0.0286
0.1142
0.0378
0.0076
0.0068000000000000005
0.0001
0.0156
0.0239
1.4107
0.0414
0.1116
0.1247
0.004
0.0276
0.0496
0.0184
0.0108
0.0035
0.0091
0.0357
0.0279
0.0013
0.2317
0.4618
0.0274
0.057999999999999996
0.0821
0.0287
0.0175
0.0
0.0046
2.6385
0.251
2.8605
4.2344
3.0824
0.9443999999999999
0.3062
1.8308
0.0981
0.21450000000000002
0.1595
0.15200000000000002
0.15139999999999998
0.1503
0.1291
0.13929999999999998
0.1348
0.1658
0.6197
1.0011999999999999
0.6072
0.3443
0.2456
0.1805
0.1768
0.0247
0.0252
0.025
0.0274
0.0293
0.030199999999999998
0.0219
0.015199999999999998
0.0126
0.0427
0.034
0.0416
0.0308
0.0284
0.0277
0.021400000000000002
0.024
0.0317
0.032100000000000004
0.028499999999999998
0.0271
0.013600000000000001
0.0218
0.0287
0.281
0.2719
0.272
0.277
0.267
0.2155
0.17830000000000001
0.2364
0.15000000000000002
0.039099999999999996
0.027499999999999997
0.0269
0.029400000000000003
0.0274
0.0368
0.0468
0.0543
0.0908
0.1139
0.17709999999999998
0.1901
0.2185
0.2956
0.30169999999999997
0.0921
0.08990000000000001
0.0934
0.095
0.0912
0.0847
0.07089999999999999
0.3179
0.022
0.0547
0.0351
0.0356
0.0335
0.0317
0.039400000000000004
0.0373
0.103
0.07569999999999999
0.0884
0.093
0.1357
0.1212
0.1016
0.10450000000000001
0.0109
0.0127
0.0126
0.0135
0.0203
0.0164
0.0191
0.0139
0.0
0.0211
0.0304
0.0284
0.028900000000000002
0.027299999999999998
0.0296
0.026799999999999997
0.0303
0.027200000000000002
0.0205
0.0266
0.020499999999999997
0.0049
0.0108
0.0124
0.0455
0.0477
0.0503
0.0536
0.0498
0.048
0.038000000000000006
0.009399999999999999
0.0227
0.0203
0.036199999999999996
0.0479
0.0344
0.035199999999999995
0.0523
0.0251
0.0286
0.1142
0.0378
0.0076
0.0068000000000000005
0.0001
0.0156
0.0239
1.4107
0.0414
0.1116
0.1247
0.004
0.0276
0.0496
0.0184
0.0108
0.0035
0.0091
0.0357
0.0279
0.0013
0.2317
0.4618
0.0274
0.057999999999999996
0.0821
0.0287
0.0175
0.0
0.0046
2.6385
0.251
2.8605
4.2344
3.0824
0.9443999999999999
0.3062
1.8308
0.0981
0.21450000000000002
0.1595
0.15200000000000002
0.15139999999999998
0.1503
0.1291
0.13929999999999998
0.1348
0.1658
0.6197
1.0011999999999999
0.6072
0.3443
0.2456
0.1805
0.1768
0.0247
0.0252
0.025
0.0274
0.0293
0.030199999999999998
0.0219
0.015199999999999998
0.0126
0.0427
0.034
0.0416
0.0308
0.0284
0.0277
0.021400000000000002
0.024
0.0317
0.032100000000000004
0.028499999999999998
0.0271
0.013600000000000001
0.0218
0.0287
0.281
0.2719
0.272
0.277
0.267
0.2155
0.17830000000000001
0.2364
0.15000000000000002
0.039099999999999996
0.027499999999999997
0.0269
0.029400000000000003
0.0274
0.0368
0.0468
0.0543
0.0908
0.1139
0.17709999999999998
0.1901
0.2185
0.2956
0.30169999999999997
0.0921
0.08990000000000001
0.0934
0.095
0.0912
0.0847
0.07089999999999999
0.3179
0.022
0.0547
0.0351
0.0356
0.0335
0.0317
0.039400000000000004
0.0373
0.103
0.07569999999999999
0.0884
0.093
0.1357
0.1212
0.1016
0.10450000000000001
0.0109
0.0127
0.0126
0.0135
0.0203
0.0164
0.0191
0.0139
0.0
0.0211
0.0304
0.0284
0.028900000000000002
0.027299999999999998
0.0296
0.026799999999999997
0.0303
0.027200000000000002
0.0205
0.0266
0.020499999999999997
0.0049
0.0108
0.0124
0.0455
0.0477
0.0503
0.0536
0.0498
0.048
0.038000000000000006
0.009399999999999999
0.0227
0.0203
0.036199999999999996
0.0479
0.0344
0.035199999999999995
0.0523
0.0251
0.0286
0.1142
0.0378
0.0076
0.0068000000000000005
0.0001
0.0156
0.0239
1.4107
0.0414
0.1116
0.1247
0.004
0.0276
0.0496
0.0184
0.0108
0.0035
0.0091
0.0357
0.0279
0.0013
0.2317
0.4618
0.0274
0.057999999999999996
0.0821
0.0287
0.0175
0.0
0.0046
2.6385
0.251
2.8605
4.2344
3.0824
0.9443999999999999
0.3062
1.8308
0.0981
0.21450000000000002
0.1595
0.15200000000000002
0.15139999999999998
0.1503
0.1291
0.13929999999999998
0.1348
0.1658
0.6197
1.0011999999999999
0.6072
0.3443
0.2456
0.1805
0.1768
0.3952
0.2387
0.21710000000000002
0.219
0.2069
0.30610000000000004
0.9526
0.5601
0.1636
0.047
0.0871
0.16870000000000002
0.21660000000000001
0.21810000000000002
0.0616
1.5931
1.0257
1.1528
0.9554
0.9763000000000001
1.3778000000000001
0.6698
0.3214
1.1506
0.2024
0.2921
0.4264
0.5461
0.7628
1.1348
0.9645
0.24720000000000003
0.11080000000000001
0.1817
0.4973
0.768
0.2741
0.1402
0.098
0.0014
0.0
0.0167
0.119
1.3344999999999998
0.0
0.0
0.0
0.0
1.3357
0.0
0.0412
0.0
0.0076
0.0
0.1997
0.0395
0.0749
0.0323
0.014
0.0014
0.0
0.4528
4.4719
0.0
0.0
0.0
1.0513
0.9575
0.0
0.0
0.0
1.4598
0.29359999999999997
0.2939
0.2898
0.295
0.3016
0.3253
0.32389999999999997
0.2393
0.13219999999999998
0.0677
0.0436
0.0194
0.025099999999999997
0.0222
0.030100000000000002
0.0283
0.058
0.1784
0.3276
0.31820000000000004
0.3024
0.27290000000000003
0.2665
0.27749999999999997
3.5398
0.1954
0.1677
0.0
0.0112
0.023600000000000003
0.015300000000000001
0.032799999999999996
0.0343
0.0314
0.0295
0.024
0.0215
0.0392
0.037599999999999995
0.023899999999999998
0.0335
0.024399999999999998
0.0
0.018799999999999997
0.0157
0.0
0.0
1.2587
4.7745999999999995
4.965
4.7858
3.8449
0.126
0.0371
0.0191
0.052199999999999996
0.0284
0.0401
0.0345
0.0275
0.0293
0.039
0.0182
0.026099999999999998
0.0182
0.008
0.0089
0.0087
0.0298
0.0461
0.008199999999999999
0.8996
1.0579
0.1148
0.1729
3.1068
1.4095
0.27049999999999996
0.1222
1.5465
1.1189
0.6987
0.2103
0.15460000000000002
0.21550000000000002
0.1832
0.1628
0.075
0.0038
0.02
0.1124
0.092
4.4267
6.2224
6.2557
6.0253
0.3952
0.2387
0.21710000000000002
0.219
0.2069
0.30610000000000004
0.9526
0.5601
0.1636
0.047
0.0871
0.16870000000000002
0.21660000000000001
0.21810000000000002
0.0616
1.5931
1.0257
1.1528
0.9554
0.9763000000000001
1.3778000000000001
0.6698
0.3214
1.1506
0.2024
0.2921
0.4264
0.5461
0.7628
1.1348
0.9645
0.24720000000000003
0.11080000000000001
0.1817
0.4973
0.768
0.2741
0.1402
0.098
0.0014
0.0
0.0167
0.119
1.3344999999999998
0.0
0.0
0.0
0.0
1.3357
0.0
0.0412
0.0
0.0076
0.0
0.1997
0.0395
0.0749
0.0323
0.014
0.0014
0.0
0.4528
4.4719
0.0
0.0
0.0
1.0513
0.9575
0.0
0.0
0.0
1.4598
0.29359999999999997
0.2939
0.2898
0.295
0.3016
0.3253
0.32389999999999997
0.2393
0.13219999999999998
0.0677
0.0436
0.0194
0.025099999999999997
0.0222
0.030100000000000002
0.0283
0.058
0.1784
0.3276
0.31820000000000004
0.3024
0.27290000000000003
0.2665
0.27749999999999997
3.5398
0.1954
0.1677
0.0
0.0112
0.023600000000000003
0.015300000000000001
0.032799999999999996
0.0343
0.0314
0.0295
0.024
0.0215
0.0392
0.037599999999999995
0.023899999999999998
0.0335
0.024399999999999998
0.0
0.018799999999999997
0.0157
0.0
0.0
1.2587
4.7745999999999995
4.965
4.7858
3.8449
0.126
0.0371
0.0191
0.052199999999999996
0.0284
0.0401
0.0345
0.0275
0.0293
0.039
0.0182
0.026099999999999998
0.0182
0.008
0.0089
0.0087
0.0298
0.0461
0.008199999999999999
0.8996
1.0579
0.1148
0.1729
3.1068
1.4095
0.27049999999999996
0.1222
1.5465
1.1189
0.6987
0.2103
0.15460000000000002
0.21550000000000002
0.1832
0.1628
0.075
0.0038
0.02
0.1124
0.092
4.4267
6.2224
6.2557
6.0253
0.3952
0.2387
0.21710000000000002
0.219
0.2069
0.30610000000000004
0.9526
0.5601
0.1636
0.047
0.0871
0.16870000000000002
0.21660000000000001
0.21810000000000002
0.0616
1.5931
1.0257
1.1528
0.9554
0.9763000000000001
1.3778000000000001
0.6698
0.3214
1.1506
0.2024
0.2921
0.4264
0.5461
0.7628
1.1348
0.9645
0.24720000000000003
0.11080000000000001
0.1817
0.4973
0.768
0.2741
0.1402
0.098
0.0014
0.0
0.0167
0.119
1.3344999999999998
0.0
0.0
0.0
0.0
1.3357
0.0
0.0412
0.0
0.0076
0.0
0.1997
0.0395
0.0749
0.0323
0.014
0.0014
0.0
0.4528
4.4719
0.0
0.0
0.0
1.0513
0.9575
0.0
0.0
0.0
1.4598
0.29359999999999997
0.2939
0.2898
0.295
0.3016
0.3253
0.32389999999999997
0.2393
0.13219999999999998
0.0677
0.0436
0.0194
0.025099999999999997
0.0222
0.030100000000000002
0.0283
0.058
0.1784
0.3276
0.31820000000000004
0.3024
0.27290000000000003
0.2665
0.27749999999999997
3.5398
0.1954
0.1677
0.0
0.0112
0.023600000000000003
0.015300000000000001
0.032799999999999996
0.0343
0.0314
0.0295
0.024
0.0215
0.0392
0.037599999999999995
0.023899999999999998
0.0335
0.024399999999999998
0.0
0.018799999999999997
0.0157
0.0
0.0
1.2587
4.7745999999999995
4.965
4.7858
3.8449
0.126
0.0371
0.0191
0.052199999999999996
0.0284
0.0401
0.0345
0.0275
0.0293
0.039
0.0182
0.026099999999999998
0.0182
0.008
0.0089
0.0087
0.0298
0.0461
0.008199999999999999
0.8996
1.0579
0.1148
0.1729
3.1068
1.4095
0.27049999999999996
0.1222
1.5465
1.1189
0.6987
0.2103
0.15460000000000002
0.21550000000000002
0.1832
0.1628
0.075
0.0038
0.02
0.1124
0.092
4.4267
6.2224
6.2557
6.0253
0.3952
0.2387
0.21710000000000002
0.219
0.2069
0.30610000000000004
0.9526
0.5601
0.1636
0.047
0.0871
0.16870000000000002
0.21660000000000001
0.21810000000000002
0.0616
1.5931
1.0257
1.1528
0.9554
0.9763000000000001
1.3778000000000001
0.6698
0.3214
1.1506
0.2024
0.2921
0.4264
0.5461
0.7628
1.1348
0.9645
0.24720000000000003
0.11080000000000001
0.1817
0.4973
0.768
0.2741
0.1402
0.098
0.0014
0.0
0.0167
0.119
1.3344999999999998
0.0
0.0
0.0
0.0
1.3357
0.0
0.0412
0.0
0.0076
0.0
0.1997
0.0395
0.0749
0.0323
0.014
0.0014
0.0
0.4528
4.4719
0.0
0.0
0.0
1.0513
0.9575
0.0
0.0
0.0
1.4598
0.29359999999999997
0.2939
0.2898
0.295
0.3016
0.3253
0.32389999999999997
0.2393
0.13219999999999998
0.0677
0.0436
0.0194
0.025099999999999997
0.0222
0.030100000000000002
0.0283
0.058
0.1784
0.3276
0.31820000000000004
0.3024
0.27290000000000003
0.2665
0.27749999999999997
3.5398
0.1954
0.1677
0.0
0.0112
0.023600000000000003
0.015300000000000001
0.032799999999999996
0.0343
0.0314
0.0295
0.024
0.0215
0.0392
0.037599999999999995
0.023899999999999998
0.0335
0.024399999999999998
0.0
0.018799999999999997
0.0157
0.0
0.0
1.2587
4.7745999999999995
4.965
4.7858
3.8449
0.126
0.0371
0.0191
0.052199999999999996
0.0284
0.0401
0.0345
0.0275
0.0293
0.039
0.0182
0.026099999999999998
0.0182
0.008
0.0089
0.0087
0.0298
0.0461
0.008199999999999999
0.8996
1.0579
0.1148
0.1729
3.1068
1.4095
0.27049999999999996
0.1222
1.5465
1.1189
0.6987
0.2103
0.15460000000000002
0.21550000000000002
0.1832
0.1628
0.075
0.0038
0.02
0.1124
0.092
4.4267
6.2224
6.2557
6.0253
0.3952
0.2387
0.21710000000000002
0.219
0.2069
0.30610000000000004
0.9526
0.5601
0.1636
0.047
0.0871
0.16870000000000002
0.21660000000000001
0.21810000000000002
0.0616
1.5931
1.0257
1.1528
0.9554
0.9763000000000001
1.3778000000000001
0.6698
0.3214
1.1506
0.2024
0.2921
0.4264
0.5461
0.7628
1.1348
0.9645
0.24720000000000003
0.11080000000000001
0.1817
0.4973
0.768
0.2741
0.1402
0.098
0.0014
0.0
0.0167
0.119
1.3344999999999998
0.0
0.0
0.0
0.0
1.3357
0.0
0.0412
0.0
0.0076
0.0
0.1997
0.0395
0.0749
0.0323
0.014
0.0014
0.0
0.4528
4.4719
0.0
0.0
0.0
1.0513
0.9575
0.0
0.0
0.0
1.4598
0.1842
0.2252
0.2122
0.2202
0.2163
0.3133
0.6066
1.8869
1.8725
0.2208
0.2477
0.317
0.30369999999999997
0.3456
0.5348
0.5509
0.1418
0.0647
0.054099999999999995
0.1387
0.1336
0.0342
0.0068
0.0
0.3514
0.3484
0.3
1.5638
1.0165
0.4406
1.4139
0.7071000000000001
0.639
0.5111
0.484
0.4819
0.4706
0.4707
0.4294
0.5287999999999999
0.539
1.4439
1.7275
2.4939999999999998
0.4
0.2217
0.243
0.22310000000000002
0.07669999999999999
0.0842
0.0817
0.0842
0.0934
0.1259
0.038
0.0
0.6711
0.4717
0.0
0.0
0.0
0.0
2.0109
0.26589999999999997
0.7182000000000001
0.4943
0.0062
0.0217
0.0194
0.026799999999999997
0.058300000000000005
0.0657
0.2015
0.1865
0.1864
0.1801
0.15460000000000002
0.09459999999999999
0.07680000000000001
0.1033
0.0331
0.0533
0.037200000000000004
0.0335
0.0285
0.0316
0.0361
0.0509
0.087
0.138
0.18530000000000002
0.2269
0.2369
0.2244
0.23399999999999999
0.2261
0.6890000000000001
0.0179
0.044
0.0337
0.0255
0.0275
0.0239
0.0259
0.0332
0.043
0.0383
0.0433
0.04
0.0379
0.0336
0.0465
0.0438
0.0736
0.06620000000000001
0.0437
0.0353
0.0307
0.025
1.9151
0.0
0.0
0.0
0.0
0.0
0.0
0.0015
0.0
0.0
0.0
0.019200000000000002
0.1111
0.0384
1.5492000000000001
0.0316
0.0327
0.0
0.1428
0.288
0.0
0.0
0.055
1.2261
0.0
3.7149
1.0163
0.9819
0.4329
0.1417
0.1279
0.09739999999999999
0.0826
0.093
0.0744
0.067
0.0606
0.0535
0.0464
0.0443
0.043300000000000005
0.06409999999999999
0.09040000000000001
0.11460000000000001
0.6206
0.3453
0.2841
0.2489
3.1414
0.1842
0.2252
0.2122
0.2202
0.2163
0.3133
0.6066
1.8869
1.8725
0.2208
0.2477
0.317
0.30369999999999997
0.3456
0.5348
0.5509
0.1418
0.0647
0.054099999999999995
0.1387
0.1336
0.0342
0.0068
0.0
0.3514
0.3484
0.3
1.5638
1.0165
0.4406
1.4139
0.7071000000000001
0.639
0.5111
0.484
0.4819
0.4706
0.4707
0.4294
0.5287999999999999
0.539
1.4439
1.7275
2.4939999999999998
0.4
0.2217
0.243
0.22310000000000002
0.07669999999999999
0.0842
0.0817
0.0842
0.0934
0.1259
0.038
0.0
0.6711
0.4717
0.0
0.0
0.0
0.0
2.0109
0.26589999999999997
0.7182000000000001
0.4943
0.0062
0.0217
0.0194
0.026799999999999997
0.058300000000000005
0.0657
0.2015
0.1865
0.1864
0.1801
0.15460000000000002
0.09459999999999999
0.07680000000000001
0.1033
0.0331
0.0533
0.037200000000000004
0.0335
0.0285
0.0316
0.0361
0.0509
0.087
0.138
0.18530000000000002
0.2269
0.2369
0.2244
0.23399999999999999
0.2261
0.6890000000000001
0.0179
0.044
0.0337
0.0255
0.0275
0.0239
0.0259
0.0332
0.043
0.0383
0.0433
0.04
0.0379
0.0336
0.0465
0.0438
0.0736
0.06620000000000001
0.0437
0.0353
0.0307
0.025
1.9151
0.0
0.0
0.0
0.0
0.0
0.0
0.0015
0.0
0.0
0.0
0.019200000000000002
0.1111
0.0384
1.5492000000000001
0.0316
0.0327
0.0
0.1428
0.288
0.0
0.0
0.055
1.2261
0.0
3.7149
1.0163
0.9819
0.4329
0.1417
0.1279
0.09739999999999999
0.0826
0.093
0.0744
0.067
0.0606
0.0535
0.0464
0.0443
0.043300000000000005
0.06409999999999999
0.09040000000000001
0.11460000000000001
0.6206
0.3453
0.2841
0.2489
3.1414
0.1842
0.2252
0.2122
0.2202
0.2163
0.3133
0.6066
1.8869
1.8725
0.2208
0.2477
0.317
0.30369999999999997
0.3456
0.5348
0.5509
0.1418
0.0647
0.054099999999999995
0.1387
0.1336
0.0342
0.0068
0.0
0.3514
0.3484
0.3
1.5638
1.0165
0.4406
1.4139
0.7071000000000001
0.639
0.5111
0.484
0.4819
0.4706
0.4707
0.4294
0.5287999999999999
0.539
1.4439
1.7275
2.4939999999999998
0.4
0.2217
0.243
0.22310000000000002
0.07669999999999999
0.0842
0.0817
0.0842
0.0934
0.1259
0.038
0.0
0.6711
0.4717
0.0
0.0
0.0
0.0
2.0109
0.26589999999999997
0.7182000000000001
0.4943
0.0062
0.0217
0.0194
0.026799999999999997
0.058300000000000005
0.0657
0.2015
0.1865
0.1864
0.1801
0.15460000000000002
0.09459999999999999
0.07680000000000001
0.1033
0.0331
0.0533
0.037200000000000004
0.0335
0.0285
0.0316
0.0361
0.0509
0.087
0.138
0.18530000000000002
0.2269
0.2369
0.2244
0.23399999999999999
0.2261
0.6890000000000001
0.0179
0.044
0.0337
0.0255
0.0275
0.0239
0.0259
0.0332
0.043
0.0383
0.0433
0.04
0.0379
0.0336
0.0465
0.0438
0.0736
0.06620000000000001
0.0437
0.0353
0.0307
0.025
1.9151
0.0
0.0
0.0
0.0
0.0
0.0
0.0015
0.0
0.0
0.0
0.019200000000000002
0.1111
0.0384
1.5492000000000001
0.0316
0.0327
0.0
0.1428
0.288
0.0
0.0
0.055
1.2261
0.0
3.7149
1.0163
0.9819
0.4329
0.1417
0.1279
0.09739999999999999
0.0826
0.093
0.0744
0.067
0.0606
0.0535
0.0464
0.0443
0.043300000000000005
0.06409999999999999
0.09040000000000001
0.11460000000000001
0.6206
0.3453
0.2841
0.2489
3.1414
0.1842
0.2252
0.2122
0.2202
0.2163
0.3133
0.6066
1.8869
1.8725
0.2208
0.2477
0.317
0.30369999999999997
0.3456
0.5348
0.5509
0.1418
0.0647
0.054099999999999995
0.1387
0.1336
0.0342
0.0068
0.0
0.3514
0.3484
0.3
1.5638
1.0165
0.4406
1.4139
0.7071000000000001
0.639
0.5111
0.484
0.4819
0.4706
0.4707
0.4294
0.5287999999999999
0.539
1.4439
1.7275
2.4939999999999998
0.4
0.2217
0.243
0.22310000000000002
0.07669999999999999
0.0842
0.0817
0.0842
0.0934
0.1259
0.038
0.0
0.6711
0.4717
0.0
0.0
0.0
0.0
2.0109
0.26589999999999997
0.7182000000000001
0.4943
0.0062
0.0217
0.0194
0.026799999999999997
0.058300000000000005
0.0657
0.2015
0.1865
0.1864
0.1801
0.15460000000000002
0.09459999999999999
0.07680000000000001
0.1033
0.0331
0.0533
0.037200000000000004
0.0335
0.0285
0.0316
0.0361
0.0509
0.087
0.138
0.18530000000000002
0.2269
0.2369
0.2244
0.23399999999999999
0.2261
0.6890000000000001
0.0179
0.044
0.0337
0.0255
0.0275
0.0239
0.0259
0.0332
0.043
0.0383
0.0433
0.04
0.0379
0.0336
0.0465
0.0438
0.0736
0.06620000000000001
0.0437
0.0353
0.0307
0.025
1.9151
0.0
0.0
0.0
0.0
0.0
0.0
0.0015
0.0
0.0
0.0
0.019200000000000002
0.1111
0.0384
1.5492000000000001
0.0316
0.0327
0.0
0.1428
0.288
0.0
0.0
0.055
1.2261
0.0
3.7149
1.0163
0.9819
0.4329
0.1417
0.1279
0.09739999999999999
0.0826
0.093
0.0744
0.067
0.0606
0.0535
0.0464
0.0443
0.043300000000000005
0.06409999999999999
0.09040000000000001
0.11460000000000001
0.6206
0.3453
0.2841
0.2489
3.1414
0.1842
0.2252
0.2122
0.2202
0.2163
0.3133
0.6066
1.8869
1.8725
0.2208
0.2477
0.317
0.30369999999999997
0.3456
0.5348
0.5509
0.1418
0.0647
0.054099999999999995
0.1387
0.1336
0.0342
0.0068
0.0
0.3514
0.3484
0.3
1.5638
1.0165
0.4406
1.4139
0.7071000000000001
0.639
0.5111
0.484
0.4819
0.4706
0.4707
0.4294
0.5287999999999999
0.539
1.4439
1.7275
2.4939999999999998
0.4
0.2217
0.243
0.22310000000000002
0.07669999999999999
0.0842
0.0817
0.0842
0.0934
0.1259
0.038
0.0
0.6711
0.4717
0.0
0.0
0.0
0.0
2.0109
0.26589999999999997
0.7182000000000001
0.4943
0.0062
0.0217
0.0194
0.026799999999999997
0.058300000000000005
0.0657
0.823
0.5518
0.7622
0.6773
0.7238
1.1128
0.8255999999999999
0.0209
0.0978
0.1062
0.0827
0.0867
0.0897
0.0864
0.0866
0.10650000000000001
0.1361
0.1639
0.2283
0.3207
0.3982
0.35719999999999996
0.27899999999999997
0.4002
3.3186
1.5894
1.2128
0.5282
0.1888
0.2013
0.1106
0.0586
0.0437
0.0293
0.0529
0.0495
0.0475
0.055
0.0711
0.0961
0.2184
2.0648
1.9097
2.5449
2.3726000000000003
0.7122
0.449
2.4285
0.2619
0.1977
0.2024
0.1673
0.1297
0.060399999999999995
0.0
0.0
0.0089
0.0474
0.0884
0.0644
0.05449999999999999
0.0203
0.8734
0.0843
0.0
0.0
0.8744000000000001
0.0696
0.4264
0.5354
0.3201
1.3401999999999998
1.8504
1.876
1.8763
1.5749
0.4863
0.4576
0.5803
0.6857
0.6534
0.6385000000000001
0.6369
0.6456999999999999
0.6516
0.624
0.6521
0.6385000000000001
0.6447
1.3068
0.8818
0.6803
0.6606000000000001
2.0507
2.0324
1.8782
0.0393
0.038599999999999995
0.038900000000000004
0.0388
0.0422
0.0438
0.0379
0.0314
0.0323
0.0383
0.0345
0.0332
0.034699999999999995
0.036199999999999996
0.0364
0.0395
0.032600000000000004
0.0392
0.0349
0.0376
0.0383
0.0346
0.0414
0.049600000000000005
0.067
0.0657
0.065
0.066
0.06259999999999999
0.0473
0.026099999999999998
0.0264
0.0658
0.0613
0.0503
0.0472
0.040900000000000006
0.0377
0.0388
0.0395
0.040499999999999994
0.0518
0.0509
0.059
0.055099999999999996
0.053
0.0683
0.0766
4.8793
6.4931
6.7231000000000005
2.3915
0.2535
0.2741
0.3507
0.3816
0.4579
0.4691
0.51
0.5880000000000001
2.9196999999999997
2.4842
1.1516
0.5767
0.9519
1.8058
0.6945
0.5639
0.42269999999999996
0.3641
1.3616000000000001
5.6684
0.823
0.5518
0.7622
0.6773
0.7238
1.1128
0.8255999999999999
0.0209
0.0978
0.1062
0.0827
0.0867
0.0897
0.0864
0.0866
0.10650000000000001
0.1361
0.1639
0.2283
0.3207
0.3982
0.35719999999999996
0.27899999999999997
0.4002
3.3186
1.5894
1.2128
0.5282
0.1888
0.2013
0.1106
0.0586
0.0437
0.0293
0.0529
0.0495
0.0475
0.055
0.0711
0.0961
0.2184
2.0648
1.9097
2.5449
2.3726000000000003
0.7122
0.449
2.4285
0.2619
0.1977
0.2024
0.1673
0.1297
0.060399999999999995
0.0
0.0
0.0089
0.0474
0.0884
0.0644
0.05449999999999999
0.0203
0.8734
0.0843
0.0
0.0
0.8744000000000001
0.0696
0.4264
0.5354
0.3201
1.3401999999999998
1.8504
1.876
1.8763
1.5749
0.4863
0.4576
0.5803
0.6857
0.6534
0.6385000000000001
0.6369
0.6456999999999999
0.6516
0.624
0.6521
0.6385000000000001
0.6447
1.3068
0.8818
0.6803
0.6606000000000001
2.0507
2.0324
1.8782
0.0393
0.038599999999999995
0.038900000000000004
0.0388
0.0422
0.0438
0.0379
0.0314
0.0323
0.0383
0.0345
0.0332
0.034699999999999995
0.036199999999999996
0.0364
0.0395
0.032600000000000004
0.0392
0.0349
0.0376
0.0383
0.0346
0.0414
0.049600000000000005
0.067
0.0657
0.065
0.066
0.06259999999999999
0.0473
0.026099999999999998
0.0264
0.0658
0.0613
0.0503
0.0472
0.040900000000000006
0.0377
0.0388
0.0395
0.040499999999999994
0.0518
0.0509
0.059
0.055099999999999996
0.053
0.0683
0.0766
4.8793
6.4931
6.7231000000000005
2.3915
0.2535
0.2741
0.3507
0.3816
0.4579
0.4691
0.51
0.5880000000000001
2.9196999999999997
2.4842
1.1516
0.5767
0.9519
1.8058
0.6945
0.5639
0.42269999999999996
0.3641
1.3616000000000001
5.6684
0.823
0.5518
0.7622
0.6773
0.7238
1.1128
0.8255999999999999
0.0209
0.0978
0.1062
0.0827
0.0867
0.0897
0.0864
0.0866
0.10650000000000001
0.1361
0.1639
0.2283
0.3207
0.3982
0.35719999999999996
0.27899999999999997
0.4002
3.3186
1.5894
1.2128
0.5282
0.1888
0.2013
0.1106
0.0586
0.0437
0.0293
0.0529
0.0495
0.0475
0.055
0.0711
0.0961
0.2184
2.0648
1.9097
2.5449
2.3726000000000003
0.7122
0.449
2.4285
0.2619
0.1977
0.2024
0.1673
0.1297
0.060399999999999995
0.0
0.0
0.0089
0.0474
0.0884
0.0644
0.05449999999999999
0.0203
0.8734
0.0843
0.0
0.0
0.8744000000000001
0.0696
0.4264
0.5354
0.3201
1.3401999999999998
1.8504
1.876
1.8763
1.5749
0.4863
0.4576
0.5803
0.6857
0.6534
0.6385000000000001
0.6369
0.6456999999999999
0.6516
0.624
0.6521
0.6385000000000001
0.6447
1.3068
0.8818
0.6803
0.6606000000000001
2.0507
2.0324
1.8782
0.0393
0.038599999999999995
0.038900000000000004
0.0388
0.0422
0.0438
0.0379
0.0314
0.0323
0.0383
0.0345
0.0332
0.034699999999999995
0.036199999999999996
0.0364
0.0395
0.032600000000000004
0.0392
0.0349
0.0376
0.0383
0.0346
0.0414
0.049600000000000005
0.067
0.0657
0.065
0.066
0.06259999999999999
0.0473
0.026099999999999998
0.0264
0.0658
0.0613
0.0503
0.0472
0.040900000000000006
0.0377
0.0388
0.0395
0.040499999999999994
0.0518
0.0509
0.059
0.055099999999999996
0.053
0.0683
0.0766
4.8793
6.4931
6.7231000000000005
2.3915
0.2535
0.2741
0.3507
0.3816
0.4579
0.4691
0.51
0.5880000000000001
2.9196999999999997
2.4842
1.1516
0.5767
0.9519
1.8058
0.6945
0.5639
0.42269999999999996
0.3641
1.3616000000000001
5.6684
0.823
0.5518
0.7622
0.6773
0.7238
1.1128
0.8255999999999999
0.0209
0.0978
0.1062
0.0827
0.0867
0.0897
0.0864
0.0866
0.10650000000000001
0.1361
0.1639
0.2283
0.3207
0.3982
0.35719999999999996
0.27899999999999997
0.4002
3.3186
1.5894
1.2128
0.5282
0.1888
0.2013
0.1106
0.0586
0.0437
0.0293
0.0529
0.0495
0.0475
0.055
0.0711
0.0961
0.2184
2.0648
1.9097
2.5449
2.3726000000000003
0.7122
0.449
2.4285
0.2619
0.1977
0.2024
0.1673
0.1297
0.060399999999999995
0.0
0.0
0.0089
0.0474
0.0884
0.0644
0.05449999999999999
0.0203
0.8734
0.0843
0.0
0.0
0.8744000000000001
0.0696
0.4264
0.5354
0.3201
1.3401999999999998
1.8504
1.876
1.8763
1.5749
0.4863
0.4576
0.5803
0.6857
0.6534
0.6385000000000001
0.6369
0.6456999999999999
0.6516
0.624
0.6521
0.6385000000000001
0.6447
1.3068
0.8818
0.6803
0.6606000000000001
2.0507
2.0324
1.8782
0.0393
0.038599999999999995
0.038900000000000004
0.0388
0.0422
0.0438
0.0379
0.0314
0.0323
0.0383
0.0345
0.0332
0.034699999999999995
0.036199999999999996
0.0364
0.0395
0.032600000000000004
0.0392
0.0349
0.0376
0.0383
0.0346
0.0414
0.049600000000000005
0.067
0.0657
0.065
0.066
0.06259999999999999
0.0473
0.026099999999999998
0.0264
0.0658
0.0613
0.0503
0.0472
0.040900000000000006
0.0377
0.0388
0.0395
0.040499999999999994
0.0518
0.0509
0.059
0.055099999999999996
0.053
0.0683
0.0766
4.8793
6.4931
6.7231000000000005
2.3915
0.2535
0.2741
0.3507
0.3816
0.4579
0.4691
0.51
0.5880000000000001
2.9196999999999997
2.4842
1.1516
0.5767
0.9519
1.8058
0.6945
0.5639
0.42269999999999996
0.3641
1.3616000000000001
5.6684
0.823
0.5518
0.7622
0.6773
0.7238
1.1128
0.8255999999999999
0.0209
0.0978
0.1062
0.0827
0.0867
0.0897
0.0864
0.0866
0.10650000000000001
0.1361
0.1639
0.2283
0.3207
0.3982
0.35719999999999996
0.27899999999999997
0.4002
3.3186
1.5894
1.2128
0.5282
0.1888
0.2013
0.1106
0.0586
0.0437
0.0293
0.0529
0.0495
0.0475
0.055
0.0711
0.0961
0.2184
2.0648
1.9097
2.5449
2.3726000000000003
0.7122
0.449
2.4285
0.3514
0.1587
0.1671
0.2894
0.9328
0.1483
0.23120000000000002
0.16419999999999998
0.0172
0.0275
0.4808
0.1278
0.0462
0.0171
0.0741
0.8279
0.499
0.2432
0.1251
0.12819999999999998
0.10200000000000001
0.0645
0.0274
0.0132
0.6013999999999999
0.5911
0.5976
0.5804
0.54
0.782
3.2828999999999997
1.5695999999999999
0.29309999999999997
0.0875
0.0654
0.0591
0.038099999999999995
0.0494
0.06609999999999999
0.1528
0.3597
1.5542
2.0787
0.4975
0.34709999999999996
0.3879
0.3627
0.39490000000000003
0.13140000000000002
0.1452
0.13940000000000002
0.13269999999999998
0.1176
0.3473
0.5709
0.3226
1.0923
0.11280000000000001
0.14529999999999998
0.1784
0.16670000000000001
0.16599999999999998
0.5107999999999999
0.0707
0.0096
0.0
0.0
0.057800000000000004
0.1174
0.0559
0.030399999999999996
0.0183
0.0055
0.8204
0.9127000000000001
0.8375
1.0124
1.016
0.7966
0.06810000000000001
0.0675
0.05890000000000001
0.03
0.037
0.042300000000000004
0.055999999999999994
0.0776
0.0416
1.6042999999999998
0.4627
0.2491
0.2052
0.08080000000000001
0.0587
0.0568
0.0822
1.7633
1.5148000000000001
1.4759
0.8022
0.1043
0.1111
0.1217
0.1378
0.15150000000000002
0.14179999999999998
0.2471
0.7476
0.123
0.12940000000000002
0.1446
0.1633
0.14150000000000001
0.6419
0.1211
0.1235
0.1267
0.1202
0.1169
0.859
0.34909999999999997
0.40080000000000005
0.3785
0.3238
0.3776
0.3174
1.6203
0.0698
0.039
0.0
0.0
0.1319
0.4708
0.5516
0.39440000000000003
0.2066
0.6191
0.8070999999999999
1.2884
1.9329
2.1376
1.0029
0.4303
0.4937
2.3430999999999997
3.1361
2.4285
0.5730999999999999
0.15810000000000002
0.1383
0.5846
0.3538
0.0207
0.020999999999999998
0.033
0.0284
0.0234
0.0275
0.0503
0.0347
0.449
0.2696
0.3419
0.491
0.45589999999999997
0.2914
0.1668
1.577
0.3514
0.1587
0.1671
0.2894
0.9328
0.1483
0.23120000000000002
0.16419999999999998
0.0172
0.0275
0.4808
0.1278
0.0462
0.0171
0.0741
0.8279
0.499
0.2432
0.1251
0.12819999999999998
0.10200000000000001
0.0645
0.0274
0.0132
0.6013999999999999
0.5911
0.5976
0.5804
0.54
0.782
3.2828999999999997
1.5695999999999999
0.29309999999999997
0.0875
0.0654
0.0591
0.038099999999999995
0.0494
0.06609999999999999
0.1528
0.3597
1.5542
2.0787
0.4975
0.34709999999999996
0.3879
0.3627
0.39490000000000003
0.13140000000000002
0.1452
0.13940000000000002
0.13269999999999998
0.1176
0.3473
0.5709
0.3226
1.0923
0.11280000000000001
0.14529999999999998
0.1784
0.16670000000000001
0.16599999999999998
0.5107999999999999
0.0707
0.0096
0.0
0.0
0.057800000000000004
0.1174
0.0559
0.030399999999999996
0.0183
0.0055
0.8204
0.9127000000000001
0.8375
1.0124
1.016
0.7966
0.06810000000000001
0.0675
0.05890000000000001
0.03
0.037
0.042300000000000004
0.055999999999999994
0.0776
0.0416
1.6042999999999998
0.4627
0.2491
0.2052
0.08080000000000001
0.0587
0.0568
0.0822
1.7633
1.5148000000000001
1.4759
0.8022
0.1043
0.1111
0.1217
0.1378
0.15150000000000002
0.14179999999999998
0.2471
0.7476
0.123
0.12940000000000002
0.1446
0.1633
0.14150000000000001
0.6419
0.1211
0.1235
0.1267
0.1202
0.1169
0.859
0.34909999999999997
0.40080000000000005
0.3785
0.3238
0.3776
0.3174
1.6203
0.0698
0.039
0.0
0.0
0.1319
0.4708
0.5516
0.39440000000000003
0.2066
0.6191
0.8070999999999999
1.2884
1.9329
2.1376
1.0029
0.4303
0.4937
2.3430999999999997
3.1361
2.4285
0.5730999999999999
0.15810000000000002
0.1383
0.5846
0.3538
0.0207
0.020999999999999998
0.033
0.0284
0.0234
0.0275
0.0503
0.0347
0.449
0.2696
0.3419
0.491
0.45589999999999997
0.2914
0.1668
1.577
0.3514
0.1587
0.1671
0.2894
0.9328
0.1483
0.23120000000000002
0.16419999999999998
0.0172
0.0275
0.4808
0.1278
0.0462
0.0171
0.0741
0.8279
0.499
0.2432
0.1251
0.12819999999999998
0.10200000000000001
0.0645
0.0274
0.0132
0.6013999999999999
0.5911
0.5976
0.5804
0.54
0.782
3.2828999999999997
1.5695999999999999
0.29309999999999997
0.0875
0.0654
0.0591
0.038099999999999995
0.0494
0.06609999999999999
0.1528
0.3597
1.5542
2.0787
0.4975
0.34709999999999996
0.3879
0.3627
0.39490000000000003
0.13140000000000002
0.1452
0.13940000000000002
0.13269999999999998
0.1176
0.3473
0.5709
0.3226
1.0923
0.11280000000000001
0.14529999999999998
0.1784
0.16670000000000001
0.16599999999999998
0.5107999999999999
0.0707
0.0096
0.0
0.0
0.057800000000000004
0.1174
0.0559
0.030399999999999996
0.0183
0.0055
0.8204
0.9127000000000001
0.8375
1.0124
1.016
0.7966
0.06810000000000001
0.0675
0.05890000000000001
0.03
0.037
0.042300000000000004
0.055999999999999994
0.0776
0.0416
1.6042999999999998
0.4627
0.2491
0.2052
0.08080000000000001
0.0587
0.0568
0.0822
1.7633
1.5148000000000001
1.4759
0.8022
0.1043
0.1111
0.1217
0.1378
0.15150000000000002
0.14179999999999998
0.2471
0.7476
0.123
0.12940000000000002
0.1446
0.1633
0.14150000000000001
0.6419
0.1211
0.1235
0.1267
0.1202
0.1169
0.859
0.34909999999999997
0.40080000000000005
0.3785
0.3238
0.3776
0.3174
1.6203
0.0698
0.039
0.0
0.0
0.1319
0.4708
0.5516
0.39440000000000003
0.2066
0.6191
0.8070999999999999
1.2884
1.9329
2.1376
1.0029
0.4303
0.4937
2.3430999999999997
3.1361
2.4285
0.5730999999999999
0.15810000000000002
0.1383
0.5846
0.3538
0.0207
0.020999999999999998
0.033
0.0284
0.0234
0.0275
0.0503
0.0347
0.449
0.2696
0.3419
0.491
0.45589999999999997
0.2914
0.1668
1.577
0.3514
0.1587
0.1671
0.2894
0.9328
0.1483
0.23120000000000002
0.16419999999999998
0.0172
0.0275
0.4808
0.1278
0.0462
0.0171
0.0741
0.8279
0.499
0.2432
0.1251
0.12819999999999998
0.10200000000000001
0.0645
0.0274
0.0132
0.6013999999999999
0.5911
0.5976
0.5804
0.54
0.782
3.2828999999999997
1.5695999999999999
0.29309999999999997
0.0875
0.0654
0.0591
0.038099999999999995
0.0494
0.06609999999999999
0.1528
0.3597
1.5542
2.0787
0.4975
0.34709999999999996
0.3879
0.3627
0.39490000000000003
0.13140000000000002
0.1452
0.13940000000000002
0.13269999999999998
0.1176
0.3473
0.5709
0.3226
1.0923
0.11280000000000001
0.14529999999999998
0.1784
0.16670000000000001
0.16599999999999998
0.5107999999999999
0.0707
0.0096
0.0
0.0
0.057800000000000004
0.1174
0.0559
0.030399999999999996
0.0183
0.0055
0.8204
0.9127000000000001
0.8375
1.0124
1.016
0.7966
0.06810000000000001
0.0675
0.05890000000000001
0.03
0.037
0.042300000000000004
0.055999999999999994
0.0776
0.0416
1.6042999999999998
0.4627
0.2491
0.2052
0.08080000000000001
0.0587
0.0568
0.0822
1.7633
1.5148000000000001
1.4759
0.8022
0.1043
0.1111
0.1217
0.1378
0.15150000000000002
0.14179999999999998
0.2471
0.7476
0.123
0.12940000000000002
0.1446
0.1633
0.14150000000000001
0.6419
0.1211
0.1235
0.1267
0.1202
0.1169
0.859
0.34909999999999997
0.40080000000000005
0.3785
0.3238
0.3776
0.3174
1.6203
0.0698
0.039
0.0
0.0
0.1319
0.4708
0.5516
0.39440000000000003
0.2066
0.6191
0.8070999999999999
1.2884
1.9329
2.1376
1.0029
0.4303
0.4937
2.3430999999999997
3.1361
2.4285
0.5730999999999999
0.15810000000000002
0.1383
0.5846
0.3538
0.0207
0.020999999999999998
0.033
0.0284
0.0234
0.0275
0.0503
0.0347
0.449
0.2696
0.3419
0.491
0.45589999999999997
0.2914
0.1668
1.577
0.3514
0.1587
0.1671
0.2894
0.9328
0.1483
0.23120000000000002
0.16419999999999998
0.0172
0.0275
0.4808
0.1278
0.0462
0.0171
0.0741
0.8279
0.499
0.2432
0.1251
0.12819999999999998
0.10200000000000001
0.0645
0.0274
0.0132
0.6013999999999999
0.5911
0.5976
0.5804
0.54
0.782
3.2828999999999997
1.5695999999999999
0.29309999999999997
0.0875
0.0654
0.0591
0.038099999999999995
0.0494
0.06609999999999999
0.1528
0.3597
1.5542
2.0787
0.4975
0.34709999999999996
0.3879
0.3627
0.39490000000000003
0.13140000000000002
0.1452
0.13940000000000002
0.13269999999999998
0.1176
0.3473
0.5709
0.3226
1.0923
0.11280000000000001
0.14529999999999998
0.1784
0.16670000000000001
0.16599999999999998
0.5107999999999999
0.0707
0.0096
0.0
0.0
0.057800000000000004
0.1174
0.0559
0.030399999999999996
0.0183
0.09570000000000001
0.0639
0.0618
0.0153
0.0116
0.0
0.0
0.0295
0.0324
0.0748
0.0993
0.1127
0.11209999999999999
1.1222
0.3973
0.5307
0.6272
0.0
0.0
0.0
0.0619
0.5006
0.6433
1.085
0.0979
0.136
0.128
0.11860000000000001
0.1031
0.1205
0.22299999999999998
0.2246
0.08249999999999999
0.045899999999999996
0.1026
0.0984
0.0618
1.6454
0.0
0.0245
0.024999999999999998
0.0109
0.0
0.0224
0.089
0.0
0.0
0.0
4.3662
4.9437
4.651199999999999
3.6215
0.0178
0.0
0.0066
0.0002
0.0
0.004
0.0455
0.0378
0.050199999999999995
0.0364
0.0371
0.0291
0.024
0.1219
0.9702999999999999
1.6112
0.8327
0.4904
0.4898
1.6926
0.3543
0.44499999999999995
0.7126
0.6638999999999999
0.3493
0.40980000000000005
0.46649999999999997
0.2071
0.1509
0.138
0.1186
0.1162
0.1319
0.1343
0.1479
0.1807
0.5045
0.5617
0.5957
0.8946
1.4441
0.8704
0.40900000000000003
0.3196
2.0130999999999997
1.8780999999999999
1.6759
1.1329
0.5443
0.4949
0.4758
0.4684
0.4727
0.5384
0.9471
1.6772
0.5042
0.3191
0.3409
0.3735
0.7385
0.7616
0.7417
0.8961000000000001
1.9124
2.3184
1.8296999999999999
1.1355
2.0948
6.2268
11.0869
2.8672
0.3273
0.0052
0.0
0.0072
0.0
0.0074
0.0050999999999999995
0.0176
0.0115
0.0499
0.032
0.0009
0.0004
0.0
0.0
0.0
0.0
0.0115
0.0061
0.0
0.6194
0.627
0.6131
0.5898000000000001
0.5879000000000001
0.6349
0.6491
1.1228
0.31279999999999997
0.3265
0.3611
0.4043
0.4314
0.46299999999999997
0.4358
0.44220000000000004
0.7311
0.8371
1.7572
1.1155
0.8716
0.4343
0.31589999999999996
0.346
0.09570000000000001
0.0639
0.0618
0.0153
0.0116
0.0
0.0
0.0295
0.0324
0.0748
0.0993
0.1127
0.11209999999999999
1.1222
0.3973
0.5307
0.6272
0.0
0.0
0.0
0.0619
0.5006
0.6433
1.085
0.0979
0.136
0.128
0.11860000000000001
0.1031
0.1205
0.22299999999999998
0.2246
0.08249999999999999
0.045899999999999996
0.1026
0.0984
0.0618
1.6454
0.0
0.0245
0.024999999999999998
0.0109
0.0
0.0224
0.089
0.0
0.0
0.0
4.3662
4.9437
4.651199999999999
3.6215
0.0178
0.0
0.0066
0.0002
0.0
0.004
0.0455
0.0378
0.050199999999999995
0.0364
0.0371
0.0291
0.024
0.1219
0.9702999999999999
1.6112
0.8327
0.4904
0.4898
1.6926
0.3543
0.44499999999999995
0.7126
0.6638999999999999
0.3493
0.40980000000000005
0.46649999999999997
0.2071
0.1509
0.138
0.1186
0.1162
0.1319
0.1343
0.1479
0.1807
0.5045
0.5617
0.5957
0.8946
1.4441
0.8704
0.40900000000000003
0.3196
2.0130999999999997
1.8780999999999999
1.6759
1.1329
0.5443
0.4949
0.4758
0.4684
0.4727
0.5384
0.9471
1.6772
0.5042
0.3191
0.3409
0.3735
0.7385
0.7616
0.7417
0.8961000000000001
1.9124
2.3184
1.8296999999999999
1.1355
2.0948
6.2268
11.0869
2.8672
0.3273
0.0052
0.0
0.0072
0.0
0.0074
0.0050999999999999995
0.0176
0.0115
0.0499
0.032
0.0009
0.0004
0.0
0.0
0.0
0.0
0.0115
0.0061
0.0
0.6194
0.627
0.6131
0.5898000000000001
0.5879000000000001
0.6349
0.6491
1.1228
0.31279999999999997
0.3265
0.3611
0.4043
0.4314
0.46299999999999997
0.4358
0.44220000000000004
0.7311
0.8371
1.7572
1.1155
0.8716
0.4343
0.31589999999999996
0.346
0.09570000000000001
0.0639
0.0618
0.0153
0.0116
0.0
0.0
0.0295
0.0324
0.0748
0.0993
0.1127
0.11209999999999999
1.1222
0.3973
0.5307
0.6272
0.0
0.0
0.0
0.0619
0.5006
0.6433
1.085
0.0979
0.136
0.128
0.11860000000000001
0.1031
0.1205
0.22299999999999998
0.2246
0.08249999999999999
0.045899999999999996
0.1026
0.0984
0.0618
1.6454
0.0
0.0245
0.024999999999999998
0.0109
0.0
0.0224
0.089
0.0
0.0
0.0
4.3662
4.9437
4.651199999999999
3.6215
0.0178
0.0
0.0066
0.0002
0.0
0.004
0.0455
0.0378
0.050199999999999995
0.0364
0.0371
0.0291
0.024
0.1219
0.9702999999999999
1.6112
0.8327
0.4904
0.4898
1.6926
0.3543
0.44499999999999995
0.7126
0.6638999999999999
0.3493
0.40980000000000005
0.46649999999999997
0.2071
0.1509
0.138
0.1186
0.1162
0.1319
0.1343
0.1479
0.1807
0.5045
0.5617
0.5957
0.8946
1.4441
0.8704
0.40900000000000003
0.3196
2.0130999999999997
1.8780999999999999
1.6759
1.1329
0.5443
0.4949
0.4758
0.4684
0.4727
0.5384
0.9471
1.6772
0.5042
0.3191
0.3409
0.3735
0.7385
0.7616
0.7417
0.8961000000000001
1.9124
2.3184
1.8296999999999999
1.1355
2.0948
6.2268
11.0869
2.8672
0.3273
0.0052
0.0
0.0072
0.0
0.0074
0.0050999999999999995
0.0176
0.0115
0.0499
0.032
0.0009
0.0004
0.0
0.0
0.0
0.0
0.0115
0.0061
0.0
0.6194
0.627
0.6131
0.5898000000000001
0.5879000000000001
0.6349
0.6491
1.1228
0.31279999999999997
0.3265
0.3611
0.4043
0.4314
0.46299999999999997
0.4358
0.44220000000000004
0.7311
0.8371
1.7572
1.1155
0.8716
0.4343
0.31589999999999996
0.346
0.09570000000000001
0.0639
0.0618
0.0153
0.0116
0.0
0.0
0.0295
0.0324
0.0748
0.0993
0.1127
0.11209999999999999
1.1222
0.3973
0.5307
0.6272
0.0
0.0
0.0
0.0619
0.5006
0.6433
1.085
0.0979
0.136
0.128
0.11860000000000001
0.1031
0.1205
0.22299999999999998
0.2246
0.08249999999999999
0.045899999999999996
0.1026
0.0984
0.0618
1.6454
0.0
0.0245
0.024999999999999998
0.0109
0.0
0.0224
0.089
0.0
0.0
0.0
4.3662
4.9437
4.651199999999999
3.6215
0.0178
0.0
0.0066
0.0002
0.0
0.004
0.0455
0.0378
0.050199999999999995
0.0364
0.0371
0.0291
0.024
0.1219
0.9702999999999999
1.6112
0.8327
0.4904
0.4898
1.6926
0.3543
0.44499999999999995
0.7126
0.6638999999999999
0.3493
0.40980000000000005
0.46649999999999997
0.2071
0.1509
0.138
0.1186
0.1162
0.1319
0.1343
0.1479
0.1807
0.5045
0.5617
0.5957
0.8946
1.4441
0.8704
0.40900000000000003
0.3196
2.0130999999999997
1.8780999999999999
1.6759
1.1329
0.5443
0.4949
0.4758
0.4684
0.4727
0.5384
0.9471
1.6772
0.5042
0.3191
0.3409
0.3735
0.7385
0.7616
0.7417
0.8961000000000001
1.9124
2.3184
1.8296999999999999
1.1355
2.0948
6.2268
11.0869
2.8672
0.3273
0.0052
0.0
0.0072
0.0
0.0074
0.0050999999999999995
0.0176
0.0115
0.0499
0.032
0.0009
0.0004
0.0
0.0
0.0
0.0
0.0115
0.0061
0.0
0.6194
0.627
0.6131
0.5898000000000001
0.5879000000000001
0.6349
0.6491
1.1228
0.31279999999999997
0.3265
0.3611
0.4043
0.4314
0.46299999999999997
0.4358
0.44220000000000004
0.7311
0.8371
1.7572
1.1155
0.8716
0.4343
0.31589999999999996
0.346
0.09570000000000001
0.0639
0.0618
0.0153
0.0116
0.0
0.0
0.0295
0.0324
0.0748
0.0993
0.1127
0.11209999999999999
1.1222
0.3973
0.5307
0.6272
0.0
0.0
0.0
0.0619
0.5006
0.6433
1.085
0.0979
0.136
0.128
0.11860000000000001
0.1031
0.1205
0.22299999999999998
0.2246
0.08249999999999999
0.045899999999999996
0.1026
0.0984
0.0618
1.6454
0.0
0.0245
0.024999999999999998
0.0109
0.0
0.0224
0.089
0.0
0.0
0.0
2.1435
4.732
1.6599
0.6652
0.1003
0.0769
0.07300000000000001
0.0849
0.0931
0.097
0.0893
0.1047
0.1045
0.14200000000000002
0.1372
0.15389999999999998
0.1333
0.1708
0.2024
0.212
0.4904
1.2953000000000001
0.9004
0.7246
2.6075
2.5082
2.6035000000000004
2.7872
1.9166
0.09459999999999999
0.132
0.2582
0.8622000000000001
0.8546
0.5096
0.21409999999999998
0.2565
0.2176
0.21810000000000002
0.2686
0.35150000000000003
1.9511
1.7174
1.6493
1.5876000000000001
1.6065
1.5293
1.1284
0.18330000000000002
0.20900000000000002
0.25839999999999996
0.226
0.19219999999999998
0.2424
0.5112
0.6249
0.47309999999999997
0.44620000000000004
0.5088
0.5498000000000001
0.7263
3.3526
0.1759
0.3077
0.6959
0.5123
1.4691
1.5682
0.3985
0.0
0.0
0.0
0.5649
1.2934999999999999
1.3237999999999999
0.9717
0.4173
0.4114
0.458
0.22749999999999998
0.0358
0.014599999999999998
0.023
0.020999999999999998
0.0188
0.021400000000000002
0.0291
0.1147
0.4491
0.4999
0.7444
1.5723
1.9519
1.5928
1.4635
1.9878999999999998
3.1271
3.2282
0.07239999999999999
0.0934
0.0409
0.0457
0.05
0.0521
0.061799999999999994
0.06620000000000001
0.0864
0.1787
0.3325
0.13790000000000002
0.1268
0.0869
0.1178
0.15510000000000002
1.3408000000000002
0.5468
0.5403
0.6046
0.4161
1.4179
2.1051
2.1045
2.0688
2.0238
2.0026
1.5513
0.3508
0.6621
1.0084
0.67
0.37929999999999997
0.30910000000000004
0.2899
0.2515
0.2595
1.1673
0.9454
0.9245000000000001
1.2957999999999998
1.5053
0.9895
0.7231000000000001
0.5849
0.4927
0.3123
2.4797000000000002
3.5875000000000004
3.5351
3.6447
1.3775
0.17570000000000002
0.1042
0.060899999999999996
0.03
0.033
0.0432
0.0318
0.036500000000000005
0.0634
0.0774
0.1969
0.6198
1.6112
0.7862
0.4299
0.4105
0.4215
0.3966
2.1435
4.732
1.6599
0.6652
0.1003
0.0769
0.07300000000000001
0.0849
0.0931
0.097
0.0893
0.1047
0.1045
0.14200000000000002
0.1372
0.15389999999999998
0.1333
0.1708
0.2024
0.212
0.4904
1.2953000000000001
0.9004
0.7246
2.6075
2.5082
2.6035000000000004
2.7872
1.9166
0.09459999999999999
0.132
0.2582
0.8622000000000001
0.8546
0.5096
0.21409999999999998
0.2565
0.2176
0.21810000000000002
0.2686
0.35150000000000003
1.9511
1.7174
1.6493
1.5876000000000001
1.6065
1.5293
1.1284
0.18330000000000002
0.20900000000000002
0.25839999999999996
0.226
0.19219999999999998
0.2424
0.5112
0.6249
0.47309999999999997
0.44620000000000004
0.5088
0.5498000000000001
0.7263
3.3526
0.1759
0.3077
0.6959
0.5123
1.4691
1.5682
0.3985
0.0
0.0
0.0
0.5649
1.2934999999999999
1.3237999999999999
0.9717
0.4173
0.4114
0.458
0.22749999999999998
0.0358
0.014599999999999998
0.023
0.020999999999999998
0.0188
0.021400000000000002
0.0291
0.1147
0.4491
0.4999
0.7444
1.5723
1.9519
1.5928
1.4635
1.9878999999999998
3.1271
3.2282
0.07239999999999999
0.0934
0.0409
0.0457
0.05
0.0521
0.061799999999999994
0.06620000000000001
0.0864
0.1787
0.3325
0.13790000000000002
0.1268
0.0869
0.1178
0.15510000000000002
1.3408000000000002
0.5468
0.5403
0.6046
0.4161
1.4179
2.1051
2.1045
2.0688
2.0238
2.0026
1.5513
0.3508
0.6621
1.0084
0.67
0.37929999999999997
0.30910000000000004
0.2899
0.2515
0.2595
1.1673
0.9454
0.9245000000000001
1.2957999999999998
1.5053
0.9895
0.7231000000000001
0.5849
0.4927
0.3123
2.4797000000000002
3.5875000000000004
3.5351
3.6447
1.3775
0.17570000000000002
0.1042
0.060899999999999996
0.03
0.033
0.0432
0.0318
0.036500000000000005
0.0634
0.0774
0.1969
0.6198
1.6112
0.7862
0.4299
0.4105
0.4215
0.3966
2.1435
4.732
1.6599
0.6652
0.1003
0.0769
0.07300000000000001
0.0849
0.0931
0.097
0.0893
0.1047
0.1045
0.14200000000000002
0.1372
0.15389999999999998
0.1333
0.1708
0.2024
0.212
0.4904
1.2953000000000001
0.9004
0.7246
2.6075
2.5082
2.6035000000000004
2.7872
1.9166
0.09459999999999999
0.132
0.2582
0.8622000000000001
0.8546
0.5096
0.21409999999999998
0.2565
0.2176
0.21810000000000002
0.2686
0.35150000000000003
1.9511
1.7174
1.6493
1.5876000000000001
1.6065
1.5293
1.1284
0.18330000000000002
0.20900000000000002
0.25839999999999996
0.226
0.19219999999999998
0.2424
0.5112
0.6249
0.47309999999999997
0.44620000000000004
0.5088
0.5498000000000001
0.7263
3.3526
0.1759
0.3077
0.6959
0.5123
1.4691
1.5682
0.3985
0.0
0.0
0.0
0.5649
1.2934999999999999
1.3237999999999999
0.9717
0.4173
0.4114
0.458
0.22749999999999998
0.0358
0.014599999999999998
0.023
0.020999999999999998
0.0188
0.021400000000000002
0.0291
0.1147
0.4491
0.4999
0.7444
1.5723
1.9519
1.5928
1.4635
1.9878999999999998
3.1271
3.2282
0.07239999999999999
0.0934
0.0409
0.0457
0.05
0.0521
0.061799999999999994
0.06620000000000001
0.0864
0.1787
0.3325
0.13790000000000002
0.1268
0.0869
0.1178
0.15510000000000002
1.3408000000000002
0.5468
0.5403
0.6046
0.4161
1.4179
2.1051
2.1045
2.0688
2.0238
2.0026
1.5513
0.3508
0.6621
1.0084
0.67
0.37929999999999997
0.30910000000000004
0.2899
0.2515
0.2595
1.1673
0.9454
0.9245000000000001
1.2957999999999998
1.5053
0.9895
0.7231000000000001
0.5849
0.4927
0.3123
2.4797000000000002
3.5875000000000004
3.5351
3.6447
1.3775
0.17570000000000002
0.1042
0.060899999999999996
0.03
0.033
0.0432
0.0318
0.036500000000000005
0.0634
0.0774
0.1969
0.6198
1.6112
0.7862
0.4299
0.4105
0.4215
0.3966
2.1435
4.732
1.6599
0.6652
0.1003
0.0769
0.07300000000000001
0.0849
0.0931
0.097
0.0893
0.1047
0.1045
0.14200000000000002
0.1372
0.15389999999999998
0.1333
0.1708
0.2024
0.212
0.4904
1.2953000000000001
0.9004
0.7246
2.6075
2.5082
2.6035000000000004
2.7872
1.9166
0.09459999999999999
0.132
0.2582
0.8622000000000001
0.8546
0.5096
0.21409999999999998
0.2565
0.2176
0.21810000000000002
0.2686
0.35150000000000003
1.9511
1.7174
1.6493
1.5876000000000001
1.6065
1.5293
1.1284
0.18330000000000002
0.20900000000000002
0.25839999999999996
0.226
0.19219999999999998
0.2424
0.5112
0.6249
0.47309999999999997
0.44620000000000004
0.5088
0.5498000000000001
0.7263
3.3526
0.1759
0.3077
0.6959
0.5123
1.4691
1.5682
0.3985
0.0
0.0
0.0
0.5649
1.2934999999999999
1.3237999999999999
0.9717
0.4173
0.4114
0.458
0.22749999999999998
0.0358
0.014599999999999998
0.023
0.020999999999999998
0.0188
0.021400000000000002
0.0291
0.1147
0.4491
0.4999
0.7444
1.5723
1.9519
1.5928
1.4635
1.9878999999999998
3.1271
3.2282
0.07239999999999999
0.0934
0.0409
0.0457
0.05
0.0521
0.061799999999999994
0.06620000000000001
0.0864
0.1787
0.3325
0.13790000000000002
0.1268
0.0869
0.1178
0.15510000000000002
1.3408000000000002
0.5468
0.5403
0.6046
0.4161
1.4179
2.1051
2.1045
2.0688
2.0238
2.0026
1.5513
0.3508
0.6621
1.0084
0.67
0.37929999999999997
0.30910000000000004
0.2899
0.2515
0.2595
1.1673
0.9454
0.9245000000000001
1.2957999999999998
1.5053
0.9895
0.7231000000000001
0.5849
0.4927
0.3123
2.4797000000000002
3.5875000000000004
3.5351
3.6447
1.3775
0.17570000000000002
0.1042
0.060899999999999996
0.03
0.033
0.0432
0.0318
0.036500000000000005
0.0634
0.0774
0.1969
0.6198
1.6112
0.7862
0.4299
0.4105
0.4215
0.3966
2.1435
4.732
1.6599
0.6652
0.1003
0.0769
0.07300000000000001
0.0849
0.0931
0.097
0.0893
0.1047
0.1045
0.14200000000000002
0.1372
0.15389999999999998
0.1333
0.1708
0.2024
0.212
0.4904
1.2953000000000001
0.9004
0.7246
2.6075
2.5082
2.6035000000000004
2.7872
1.9166
0.09459999999999999
0.132
0.2582
0.8622000000000001
0.8546
0.5096
0.21409999999999998
0.2565
0.2176
0.21810000000000002
0.2686
0.35150000000000003
1.9511
1.7174
1.6493
1.5876000000000001
1.6065
1.5293
1.1284
0.18330000000000002
0.20900000000000002
0.25839999999999996
0.226
0.19219999999999998
0.2424
0.5112
0.6249
0.47309999999999997
0.44620000000000004
0.5088
0.5498000000000001
0.7263
3.3526
0.1759
0.3077
0.6959
0.5123
1.4691
1.5682
0.3985
0.0
0.0
0.0
