0.05
0.07200000000000001
0.08249999999999999
0.0706
0.0638
0.0839
0.1296
0.0806
0.061799999999999994
0.0703
0.0597
0.0433
0.058399999999999994
0.1144
0.2226
0.1397
0.2613
0.8898999999999999
1.3885
0.9224
1.5
0.7172
0.0435
0.2585
0.3829
0.38639999999999997
0.39459999999999995
0.3317
0.26990000000000003
0.17559999999999998
0.0442
1.387
0.3806
0.2646
0.2804
0.2084
0.07450000000000001
0.031
0.0
0.0
1.0889
1.0069
0.7523000000000001
6.1487
6.8072
7.1327
3.8024
0.1119
0.5936
0.2605
0.2874
0.28590000000000004
0.29669999999999996
0.3749
0.5594
0.7988999999999999
1.1139000000000001
1.2245
1.0663999999999998
0.8678
1.1761
1.2858
0.7424
0.4749
0.47919999999999996
0.4411
0.4334
0.3863
1.2535
2.8672000000000004
0.0033
0.2723
1.4283000000000001
5.3554
4.9383
3.4954
1.5732
1.173
0.7199
0.5103
0.4396
0.40659999999999996
0.3985
0.3938
0.42479999999999996
0.4414
0.4655
0.5206
0.619
0.8894
1.1120999999999999
1.3064
1.3134000000000001
0.9622999999999999
0.6963
0.5818
0.1978
0.1491
0.1268
0.1151
0.1744
0.1606
0.258
0.32030000000000003
0.4282
0.4747
0.5912999999999999
0.8857
0.4374
0.1634
2.3903
0.1572
0.5471999999999999
0.3962
0.7113999999999999
0.6456999999999999
1.5545
1.2619
0.18330000000000002
0.08549999999999999
1.7983
1.3754
2.5217
0.9606999999999999
2.3544
0.3587
3.239
0.7932
2.9817
0.39549999999999996
0.5326
0.31120000000000003
0.2844
0.30069999999999997
0.3608
0.41569999999999996
0.2879
0.3078
0.43670000000000003
1.1522000000000001
0.7634000000000001
0.0
0.0
0.1062
0.3928
5.8134999999999994
5.974600000000001
1.2325
0.4014
0.1516
0.0716
0.0993
0.0685
0.0543
0.0597
0.052000000000000005
0.037099999999999994
0.047
0.0513
0.0264
0.49920000000000003
0.4053
0.27790000000000004
0.4404
0.7209000000000001
0.9578
0.674
0.4971
0.05
0.07200000000000001
0.08249999999999999
0.0706
0.0638
0.0839
0.1296
0.0806
0.061799999999999994
0.0703
0.0597
0.0433
0.058399999999999994
0.1144
0.2226
0.1397
0.2613
0.8898999999999999
1.3885
0.9224
1.5
0.7172
0.0435
0.2585
0.3829
0.38639999999999997
0.39459999999999995
0.3317
0.26990000000000003
0.17559999999999998
0.0442
1.387
0.3806
0.2646
0.2804
0.2084
0.07450000000000001
0.031
0.0
0.0
1.0889
1.0069
0.7523000000000001
6.1487
6.8072
7.1327
3.8024
0.1119
0.5936
0.2605
0.2874
0.28590000000000004
0.29669999999999996
0.3749
0.5594
0.7988999999999999
1.1139000000000001
1.2245
1.0663999999999998
0.8678
1.1761
1.2858
0.7424
0.4749
0.47919999999999996
0.4411
0.4334
0.3863
1.2535
2.8672000000000004
0.0033
0.2723
1.4283000000000001
5.3554
4.9383
3.4954
1.5732
1.173
0.7199
0.5103
0.4396
0.40659999999999996
0.3985
0.3938
0.42479999999999996
0.4414
0.4655
0.5206
0.619
0.8894
1.1120999999999999
1.3064
1.3134000000000001
0.9622999999999999
0.6963
0.5818
0.1978
0.1491
0.1268
0.1151
0.1744
0.1606
0.258
0.32030000000000003
0.4282
0.4747
0.5912999999999999
0.8857
0.4374
0.1634
2.3903
0.1572
0.5471999999999999
0.3962
0.7113999999999999
0.6456999999999999
1.5545
1.2619
0.18330000000000002
0.08549999999999999
1.7983
1.3754
2.5217
0.9606999999999999
2.3544
0.3587
3.239
0.7932
2.9817
0.39549999999999996
0.5326
0.31120000000000003
0.2844
0.30069999999999997
0.3608
0.41569999999999996
0.2879
0.3078
0.43670000000000003
1.1522000000000001
0.7634000000000001
0.0
0.0
0.1062
0.3928
5.8134999999999994
5.974600000000001
1.2325
0.4014
0.1516
0.0716
0.0993
0.0685
0.0543
0.0597
0.052000000000000005
0.037099999999999994
0.047
0.0513
0.0264
0.49920000000000003
0.4053
0.27790000000000004
0.4404
0.7209000000000001
0.9578
0.674
0.4971
0.05
0.07200000000000001
0.08249999999999999
0.0706
0.0638
0.0839
0.1296
0.0806
0.061799999999999994
0.0703
0.0597
0.0433
0.058399999999999994
0.1144
0.2226
0.1397
0.2613
0.8898999999999999
1.3885
0.9224
1.5
0.7172
0.0435
0.2585
0.3829
0.38639999999999997
0.39459999999999995
0.3317
0.26990000000000003
0.17559999999999998
0.0442
1.387
0.3806
0.2646
0.2804
0.2084
0.07450000000000001
0.031
0.0
0.0
1.0889
1.0069
0.7523000000000001
6.1487
6.8072
7.1327
3.8024
0.1119
0.5936
0.2605
0.2874
0.28590000000000004
0.29669999999999996
0.3749
0.5594
0.7988999999999999
1.1139000000000001
1.2245
1.0663999999999998
0.8678
1.1761
1.2858
0.7424
0.4749
0.47919999999999996
0.4411
0.4334
0.3863
1.2535
2.8672000000000004
0.0033
0.2723
1.4283000000000001
5.3554
4.9383
3.4954
1.5732
1.173
0.7199
0.5103
0.4396
0.40659999999999996
0.3985
0.3938
0.42479999999999996
0.4414
0.4655
0.5206
0.619
0.8894
1.1120999999999999
1.3064
1.3134000000000001
0.9622999999999999
0.6963
0.5818
0.1978
0.1491
0.1268
0.1151
0.1744
0.1606
0.258
0.32030000000000003
0.4282
0.4747
0.5912999999999999
0.8857
0.4374
0.1634
2.3903
0.1572
0.5471999999999999
0.3962
0.7113999999999999
0.6456999999999999
1.5545
1.2619
0.18330000000000002
0.08549999999999999
1.7983
1.3754
2.5217
0.9606999999999999
2.3544
0.3587
3.239
0.7932
2.9817
0.39549999999999996
0.5326
0.31120000000000003
0.2844
0.30069999999999997
0.3608
0.41569999999999996
0.2879
0.3078
0.43670000000000003
1.1522000000000001
0.7634000000000001
0.0
0.0
0.1062
0.3928
5.8134999999999994
5.974600000000001
1.2325
0.4014
0.1516
0.0716
0.0993
0.0685
0.0543
0.0597
0.052000000000000005
0.037099999999999994
0.047
0.0513
0.0264
0.49920000000000003
0.4053
0.27790000000000004
0.4404
0.7209000000000001
0.9578
0.674
0.4971
0.05
0.07200000000000001
0.08249999999999999
0.0706
0.0638
0.0839
0.1296
0.0806
0.061799999999999994
0.0703
0.0597
0.0433
0.058399999999999994
0.1144
0.2226
0.1397
0.2613
0.8898999999999999
1.3885
0.9224
1.5
0.7172
0.0435
0.2585
0.3829
0.38639999999999997
0.39459999999999995
0.3317
0.26990000000000003
0.17559999999999998
0.0442
1.387
0.3806
0.2646
0.2804
0.2084
0.07450000000000001
0.031
0.0
0.0
1.0889
1.0069
0.7523000000000001
6.1487
6.8072
7.1327
3.8024
0.1119
0.5936
0.2605
0.2874
0.28590000000000004
0.29669999999999996
0.3749
0.5594
0.7988999999999999
1.1139000000000001
1.2245
1.0663999999999998
0.8678
1.1761
1.2858
0.7424
0.4749
0.47919999999999996
0.4411
0.4334
0.3863
1.2535
2.8672000000000004
0.0033
0.2723
1.4283000000000001
5.3554
4.9383
3.4954
1.5732
1.173
0.7199
0.5103
0.4396
0.40659999999999996
0.3985
0.3938
0.42479999999999996
0.4414
0.4655
0.5206
0.619
0.8894
1.1120999999999999
1.3064
1.3134000000000001
0.9622999999999999
0.6963
0.5818
0.1978
0.1491
0.1268
0.1151
0.1744
0.1606
0.258
0.32030000000000003
0.4282
0.4747
0.5912999999999999
0.8857
0.4374
0.1634
2.3903
0.1572
0.5471999999999999
0.3962
0.7113999999999999
0.6456999999999999
1.5545
1.2619
0.18330000000000002
0.08549999999999999
1.7983
1.3754
2.5217
0.9606999999999999
2.3544
0.3587
3.239
0.7932
2.9817
0.39549999999999996
0.5326
0.31120000000000003
0.2844
0.30069999999999997
0.3608
0.41569999999999996
0.2879
0.3078
0.43670000000000003
1.1522000000000001
0.7634000000000001
0.0
0.0
0.1062
0.3928
5.8134999999999994
5.974600000000001
1.2325
0.4014
0.1516
0.0716
0.0993
0.0685
0.0543
0.0597
0.052000000000000005
0.037099999999999994
0.047
0.0513
0.0264
0.49920000000000003
0.4053
0.27790000000000004
0.4404
0.7209000000000001
0.9578
0.674
0.4971
0.05
0.07200000000000001
0.08249999999999999
0.0706
0.0638
0.0839
0.1296
0.0806
0.061799999999999994
0.0703
0.0597
0.0433
0.058399999999999994
0.1144
0.2226
0.1397
0.2613
0.8898999999999999
1.3885
0.9224
1.5
0.7172
0.0435
0.2585
0.3829
0.38639999999999997
0.39459999999999995
0.3317
0.26990000000000003
0.17559999999999998
0.0442
1.387
0.3806
0.2646
0.2804
0.2084
0.07450000000000001
0.031
0.0
0.0
1.0889
1.0069
0.7523000000000001
6.1487
6.8072
7.1327
3.8024
0.1119
0.5936
0.2605
0.2874
0.28590000000000004
0.29669999999999996
0.3749
0.5594
0.7988999999999999
1.1139000000000001
1.2245
1.0663999999999998
0.8678
1.1761
1.2858
0.7424
0.4749
0.47919999999999996
0.4411
0.4334
0.3863
1.2535
2.8672000000000004
0.0033
0.2723
0.7795
3.5050999999999997
4.8094
3.4154999999999998
2.0885
0.1855
0.18469999999999998
0.1896
0.11660000000000001
0.0796
0.0533
0.0421
0.0527
0.0556
0.0675
0.1406
0.1897
0.2931
0.3594
0.34550000000000003
3.0094000000000003
0.6541
0.2704
0.3186
1.1379000000000001
2.3003
1.4747
0.9366000000000001
0.3503
0.30579999999999996
0.3321
0.361
0.2011
0.09939999999999999
0.08610000000000001
0.076
0.068
0.0666
0.0886
0.124
0.24989999999999998
1.1485
0.9299
0.8895
0.8595999999999999
0.8498
0.8674999999999999
0.8371999999999999
0.2641
0.2741
0.251
0.27649999999999997
0.2818
0.7781
0.9249999999999999
0.1522
0.11
0.0983
0.0731
0.0703
0.0613
0.0539
0.0527
0.09539999999999998
0.8523
1.8253
0.9858
0.28049999999999997
0.27790000000000004
0.27049999999999996
0.2539
0.2647
4.5298
7.5095
5.4618
0.7614
0.2256
0.1313
0.14090000000000003
0.1891
0.1846
0.1756
0.1714
0.1718
0.19190000000000002
0.2187
0.24620000000000003
0.3579
0.2962
0.33630000000000004
0.3895
0.4274
0.386
0.46499999999999997
0.5388
0.5567
0.2789
1.5653000000000001
1.7650000000000001
2.5967000000000002
2.5475
2.9538
2.3272000000000004
0.0
0.0355
0.037899999999999996
0.0238
0.0
0.0
0.0
0.7368
0.5323
0.0031
0.0921
0.36119999999999997
1.6519
0.34190000000000004
0.11829999999999999
0.1142
0.1149
0.45919999999999994
0.49250000000000005
0.4851
0.429
0.3411
0.30279999999999996
4.341
1.0425
0.1953
0.09989999999999999
0.13790000000000002
0.1377
0.12
0.1409
0.177
0.17120000000000002
0.1613
0.1395
0.178
0.5443
0.0
0.0689
0.0511
0.1447
0.32
0.3045
0.2626
0.2539
0.25070000000000003
0.29410000000000003
1.5733
1.7156
0.6026
0.5354
0.6301
0.6657
0.5605
0.517
0.4729
0.5702
1.0470000000000002
1.1239
1.5036
2.3005
2.1974
1.5657999999999999
0.8998999999999999
0.5098
0.7795
3.5050999999999997
4.8094
3.4154999999999998
2.0885
0.1855
0.18469999999999998
0.1896
0.11660000000000001
0.0796
0.0533
0.0421
0.0527
0.0556
0.0675
0.1406
0.1897
0.2931
0.3594
0.34550000000000003
3.0094000000000003
0.6541
0.2704
0.3186
1.1379000000000001
2.3003
1.4747
0.9366000000000001
0.3503
0.30579999999999996
0.3321
0.361
0.2011
0.09939999999999999
0.08610000000000001
0.076
0.068
0.0666
0.0886
0.124
0.24989999999999998
1.1485
0.9299
0.8895
0.8595999999999999
0.8498
0.8674999999999999
0.8371999999999999
0.2641
0.2741
0.251
0.27649999999999997
0.2818
0.7781
0.9249999999999999
0.1522
0.11
0.0983
0.0731
0.0703
0.0613
0.0539
0.0527
0.09539999999999998
0.8523
1.8253
0.9858
0.28049999999999997
0.27790000000000004
0.27049999999999996
0.2539
0.2647
4.5298
7.5095
5.4618
0.7614
0.2256
0.1313
0.14090000000000003
0.1891
0.1846
0.1756
0.1714
0.1718
0.19190000000000002
0.2187
0.24620000000000003
0.3579
0.2962
0.33630000000000004
0.3895
0.4274
0.386
0.46499999999999997
0.5388
0.5567
0.2789
1.5653000000000001
1.7650000000000001
2.5967000000000002
2.5475
2.9538
2.3272000000000004
0.0
0.0355
0.037899999999999996
0.0238
0.0
0.0
0.0
0.7368
0.5323
0.0031
0.0921
0.36119999999999997
1.6519
0.34190000000000004
0.11829999999999999
0.1142
0.1149
0.45919999999999994
0.49250000000000005
0.4851
0.429
0.3411
0.30279999999999996
4.341
1.0425
0.1953
0.09989999999999999
0.13790000000000002
0.1377
0.12
0.1409
0.177
0.17120000000000002
0.1613
0.1395
0.178
0.5443
0.0
0.0689
0.0511
0.1447
0.32
0.3045
0.2626
0.2539
0.25070000000000003
0.29410000000000003
1.5733
1.7156
0.6026
0.5354
0.6301
0.6657
0.5605
0.517
0.4729
0.5702
1.0470000000000002
1.1239
1.5036
2.3005
2.1974
1.5657999999999999
0.8998999999999999
0.5098
0.7795
3.5050999999999997
4.8094
3.4154999999999998
2.0885
0.1855
0.18469999999999998
0.1896
0.11660000000000001
0.0796
0.0533
0.0421
0.0527
0.0556
0.0675
0.1406
0.1897
0.2931
0.3594
0.34550000000000003
3.0094000000000003
0.6541
0.2704
0.3186
1.1379000000000001
2.3003
1.4747
0.9366000000000001
0.3503
0.30579999999999996
0.3321
0.361
0.2011
0.09939999999999999
0.08610000000000001
0.076
0.068
0.0666
0.0886
0.124
0.24989999999999998
1.1485
0.9299
0.8895
0.8595999999999999
0.8498
0.8674999999999999
0.8371999999999999
0.2641
0.2741
0.251
0.27649999999999997
0.2818
0.7781
0.9249999999999999
0.1522
0.11
0.0983
0.0731
0.0703
0.0613
0.0539
0.0527
0.09539999999999998
0.8523
1.8253
0.9858
0.28049999999999997
0.27790000000000004
0.27049999999999996
0.2539
0.2647
4.5298
7.5095
5.4618
0.7614
0.2256
0.1313
0.14090000000000003
0.1891
0.1846
0.1756
0.1714
0.1718
0.19190000000000002
0.2187
0.24620000000000003
0.3579
0.2962
0.33630000000000004
0.3895
0.4274
0.386
0.46499999999999997
0.5388
0.5567
0.2789
1.5653000000000001
1.7650000000000001
2.5967000000000002
2.5475
2.9538
2.3272000000000004
0.0
0.0355
0.037899999999999996
0.0238
0.0
0.0
0.0
0.7368
0.5323
0.0031
0.0921
0.36119999999999997
1.6519
0.34190000000000004
0.11829999999999999
0.1142
0.1149
0.45919999999999994
0.49250000000000005
0.4851
0.429
0.3411
0.30279999999999996
4.341
1.0425
0.1953
0.09989999999999999
0.13790000000000002
0.1377
0.12
0.1409
0.177
0.17120000000000002
0.1613
0.1395
0.178
0.5443
0.0
0.0689
0.0511
0.1447
0.32
0.3045
0.2626
0.2539
0.25070000000000003
0.29410000000000003
1.5733
1.7156
0.6026
0.5354
0.6301
0.6657
0.5605
0.517
0.4729
0.5702
1.0470000000000002
1.1239
1.5036
2.3005
2.1974
1.5657999999999999
0.8998999999999999
0.5098
0.7795
3.5050999999999997
4.8094
3.4154999999999998
2.0885
0.1855
0.18469999999999998
0.1896
0.11660000000000001
0.0796
0.0533
0.0421
0.0527
0.0556
0.0675
0.1406
0.1897
0.2931
0.3594
0.34550000000000003
3.0094000000000003
0.6541
0.2704
0.3186
1.1379000000000001
2.3003
1.4747
0.9366000000000001
0.3503
0.30579999999999996
0.3321
0.361
0.2011
0.09939999999999999
0.08610000000000001
0.076
0.068
0.0666
0.0886
0.124
0.24989999999999998
1.1485
0.9299
0.8895
0.8595999999999999
0.8498
0.8674999999999999
0.8371999999999999
0.2641
0.2741
0.251
0.27649999999999997
0.2818
0.7781
0.9249999999999999
0.1522
0.11
0.0983
0.0731
0.0703
0.0613
0.0539
0.0527
0.09539999999999998
0.8523
1.8253
0.9858
0.28049999999999997
0.27790000000000004
0.27049999999999996
0.2539
0.2647
4.5298
7.5095
5.4618
0.7614
0.2256
0.1313
0.14090000000000003
0.1891
0.1846
0.1756
0.1714
0.1718
0.19190000000000002
0.2187
0.24620000000000003
0.3579
0.2962
0.33630000000000004
0.3895
0.4274
0.386
0.46499999999999997
0.5388
0.5567
0.2789
1.5653000000000001
1.7650000000000001
2.5967000000000002
2.5475
2.9538
2.3272000000000004
0.0
0.0355
0.037899999999999996
0.0238
0.0
0.0
0.0
0.7368
0.5323
0.0031
0.0921
0.36119999999999997
1.6519
0.34190000000000004
0.11829999999999999
0.1142
0.1149
0.45919999999999994
0.49250000000000005
0.4851
0.429
0.3411
0.30279999999999996
4.341
1.0425
0.1953
0.09989999999999999
0.13790000000000002
0.1377
0.12
0.1409
0.177
0.17120000000000002
0.1613
0.1395
0.178
0.5443
0.0
0.0689
0.0511
0.1447
0.32
0.3045
0.2626
0.2539
0.25070000000000003
0.29410000000000003
1.5733
1.7156
0.6026
0.5354
0.6301
0.6657
0.5605
0.517
0.4729
0.5702
1.0470000000000002
1.1239
1.5036
2.3005
2.1974
1.5657999999999999
0.8998999999999999
0.5098
1.2803
1.254
1.1708
1.0997
1.0817999999999999
1.093
1.3428
2.2526
1.2970000000000002
1.1284999999999998
1.3603
2.9373
5.8932
1.8523
1.6164
1.6528
2.6138
3.2526
4.212899999999999
5.2125
6.9001
5.6148
3.2750000000000004
1.3878
0.0348
0.0352
0.037000000000000005
0.033100000000000004
0.027200000000000002
0.0347
0.029400000000000003
0.016
0.0021
0.0086
0.010499999999999999
0.0106
0.023399999999999997
0.0312
0.058899999999999994
0.0933
0.0398
0.0202
0.027700000000000002
0.0121
0.016
0.021699999999999997
0.0258
0.029500000000000002
0.11399999999999999
0.2404
0.4116
0.6225
0.3608
0.29869999999999997
0.1498
0.0482
0.0345
0.0588
0.0482
0.0626
0.062
0.0497
0.0013
0.0
0.0
0.0
0.0
0.0804
0.0215
0.0
0.0
0.0
6.9178
7.0563
6.742900000000001
6.258900000000001
6.511900000000001
6.331799999999999
5.8942
1.0056
0.3801
0.25839999999999996
0.2369
0.239
0.2211
0.2211
0.26990000000000003
0.38639999999999997
0.7998000000000001
3.2977
3.9326
1.1446
0.5381
0.6015
0.5952999999999999
0.6943999999999999
0.2812
0.019100000000000002
0.0853
0.0423
0.0838
0.274
0.30820000000000003
0.1405
0.1262
0.0173
0.013500000000000002
0.0
0.0
0.0
1.646
0.0014
0.0277
0.0
0.0
0.0
0.0
0.0
1.2185
0.8065
1.3436
0.4303
0.2873
0.18530000000000002
0.0602
0.4712
0.0434
0.0186
0.0397
0.0407
0.0422
0.0
0.0126
0.034600000000000006
0.044
0.0227
0.0099
0.1792
0.6125
0.0698
0.0215
0.012199999999999999
0.0174
0.0156
0.22449999999999998
0.226
0.22460000000000002
0.2356
0.2343
0.23249999999999998
0.2222
0.1782
0.0873
0.0727
0.0501
0.0342
0.033600000000000005
0.0259
0.036699999999999997
0.0322
0.0279
0.0389
0.153
0.181
0.1817
0.1858
0.2124
0.2278
1.2803
1.254
1.1708
1.0997
1.0817999999999999
1.093
1.3428
2.2526
1.2970000000000002
1.1284999999999998
1.3603
2.9373
5.8932
1.8523
1.6164
1.6528
2.6138
3.2526
4.212899999999999
5.2125
6.9001
5.6148
3.2750000000000004
1.3878
0.0348
0.0352
0.037000000000000005
0.033100000000000004
0.027200000000000002
0.0347
0.029400000000000003
0.016
0.0021
0.0086
0.010499999999999999
0.0106
0.023399999999999997
0.0312
0.058899999999999994
0.0933
0.0398
0.0202
0.027700000000000002
0.0121
0.016
0.021699999999999997
0.0258
0.029500000000000002
0.11399999999999999
0.2404
0.4116
0.6225
0.3608
0.29869999999999997
0.1498
0.0482
0.0345
0.0588
0.0482
0.0626
0.062
0.0497
0.0013
0.0
0.0
0.0
0.0
0.0804
0.0215
0.0
0.0
0.0
6.9178
7.0563
6.742900000000001
6.258900000000001
6.511900000000001
6.331799999999999
5.8942
1.0056
0.3801
0.25839999999999996
0.2369
0.239
0.2211
0.2211
0.26990000000000003
0.38639999999999997
0.7998000000000001
3.2977
3.9326
1.1446
0.5381
0.6015
0.5952999999999999
0.6943999999999999
0.2812
0.019100000000000002
0.0853
0.0423
0.0838
0.274
0.30820000000000003
0.1405
0.1262
0.0173
0.013500000000000002
0.0
0.0
0.0
1.646
0.0014
0.0277
0.0
0.0
0.0
0.0
0.0
1.2185
0.8065
1.3436
0.4303
0.2873
0.18530000000000002
0.0602
0.4712
0.0434
0.0186
0.0397
0.0407
0.0422
0.0
0.0126
0.034600000000000006
0.044
0.0227
0.0099
0.1792
0.6125
0.0698
0.0215
0.012199999999999999
0.0174
0.0156
0.22449999999999998
0.226
0.22460000000000002
0.2356
0.2343
0.23249999999999998
0.2222
0.1782
0.0873
0.0727
0.0501
0.0342
0.033600000000000005
0.0259
0.036699999999999997
0.0322
0.0279
0.0389
0.153
0.181
0.1817
0.1858
0.2124
0.2278
1.2803
1.254
1.1708
1.0997
1.0817999999999999
1.093
1.3428
2.2526
1.2970000000000002
1.1284999999999998
1.3603
2.9373
5.8932
1.8523
1.6164
1.6528
2.6138
3.2526
4.212899999999999
5.2125
6.9001
5.6148
3.2750000000000004
1.3878
0.0348
0.0352
0.037000000000000005
0.033100000000000004
0.027200000000000002
0.0347
0.029400000000000003
0.016
0.0021
0.0086
0.010499999999999999
0.0106
0.023399999999999997
0.0312
0.058899999999999994
0.0933
0.0398
0.0202
0.027700000000000002
0.0121
0.016
0.021699999999999997
0.0258
0.029500000000000002
0.11399999999999999
0.2404
0.4116
0.6225
0.3608
0.29869999999999997
0.1498
0.0482
0.0345
0.0588
0.0482
0.0626
0.062
0.0497
0.0013
0.0
0.0
0.0
0.0
0.0804
0.0215
0.0
0.0
0.0
6.9178
7.0563
6.742900000000001
6.258900000000001
6.511900000000001
6.331799999999999
5.8942
1.0056
0.3801
0.25839999999999996
0.2369
0.239
0.2211
0.2211
0.26990000000000003
0.38639999999999997
0.7998000000000001
3.2977
3.9326
1.1446
0.5381
0.6015
0.5952999999999999
0.6943999999999999
0.2812
0.019100000000000002
0.0853
0.0423
0.0838
0.274
0.30820000000000003
0.1405
0.1262
0.0173
0.013500000000000002
0.0
0.0
0.0
1.646
0.0014
0.0277
0.0
0.0
0.0
0.0
0.0
1.2185
0.8065
1.3436
0.4303
0.2873
0.18530000000000002
0.0602
0.4712
0.0434
0.0186
0.0397
0.0407
0.0422
0.0
0.0126
0.034600000000000006
0.044
0.0227
0.0099
0.1792
0.6125
0.0698
0.0215
0.012199999999999999
0.0174
0.0156
0.22449999999999998
0.226
0.22460000000000002
0.2356
0.2343
0.23249999999999998
0.2222
0.1782
0.0873
0.0727
0.0501
0.0342
0.033600000000000005
0.0259
0.036699999999999997
0.0322
0.0279
0.0389
0.153
0.181
0.1817
0.1858
0.2124
0.2278
1.2803
1.254
1.1708
1.0997
1.0817999999999999
1.093
1.3428
2.2526
1.2970000000000002
1.1284999999999998
1.3603
2.9373
5.8932
1.8523
1.6164
1.6528
2.6138
3.2526
4.212899999999999
5.2125
6.9001
5.6148
3.2750000000000004
1.3878
0.0348
0.0352
0.037000000000000005
0.033100000000000004
0.027200000000000002
0.0347
0.029400000000000003
0.016
0.0021
0.0086
0.010499999999999999
0.0106
0.023399999999999997
0.0312
0.058899999999999994
0.0933
0.0398
0.0202
0.027700000000000002
0.0121
0.016
0.021699999999999997
0.0258
0.029500000000000002
0.11399999999999999
0.2404
0.4116
0.6225
0.3608
0.29869999999999997
0.1498
0.0482
0.0345
0.0588
0.0482
0.0626
0.062
0.0497
0.0013
0.0
0.0
0.0
0.0
0.0804
0.0215
0.0
0.0
0.0
6.9178
7.0563
6.742900000000001
6.258900000000001
6.511900000000001
6.331799999999999
5.8942
1.0056
0.3801
0.25839999999999996
0.2369
0.239
0.2211
0.2211
0.26990000000000003
0.38639999999999997
0.7998000000000001
3.2977
3.9326
1.1446
0.5381
0.6015
0.5952999999999999
0.6943999999999999
0.2812
0.019100000000000002
0.0853
0.0423
0.0838
0.274
0.30820000000000003
0.1405
0.1262
0.0173
0.013500000000000002
0.0
0.0
0.0
1.646
0.0014
0.0277
0.0
0.0
0.0
0.0
0.0
1.2185
0.8065
1.3436
0.4303
0.2873
0.18530000000000002
0.0602
0.4712
0.0434
0.0186
0.0397
0.0407
0.0422
0.0
0.0126
0.034600000000000006
0.044
0.0227
0.0099
0.1792
0.6125
0.0698
0.0215
0.012199999999999999
0.0174
0.0156
0.22449999999999998
0.226
0.22460000000000002
0.2356
0.2343
0.23249999999999998
0.2222
0.1782
0.0873
0.0727
0.0501
0.0342
0.033600000000000005
0.0259
0.036699999999999997
0.0322
0.0279
0.0389
0.153
0.181
0.1817
0.1858
0.2124
0.2278
1.2803
1.254
1.1708
1.0997
1.0817999999999999
1.093
1.3428
2.2526
1.2970000000000002
1.1284999999999998
1.3603
2.9373
5.8932
1.8523
1.6164
1.6528
2.6138
3.2526
4.212899999999999
5.2125
6.9001
5.6148
3.2750000000000004
1.3878
0.0348
0.0352
0.037000000000000005
0.033100000000000004
0.027200000000000002
0.0347
0.029400000000000003
0.016
0.0021
0.0086
0.010499999999999999
0.0106
0.023399999999999997
0.0312
0.058899999999999994
0.0933
0.0398
0.0202
0.027700000000000002
0.0121
0.016
0.021699999999999997
0.0258
0.029500000000000002
0.11399999999999999
0.2404
0.4116
0.6225
0.3608
0.29869999999999997
0.1498
0.0482
0.0345
0.0588
0.0482
0.0626
0.062
0.0497
0.0013
0.0
0.0
0.0
0.0
0.0804
0.0215
0.0
0.0
0.0
4.120699999999999
3.5746
2.9604
1.2664
0.0
0.005299999999999999
0.0192
0.0648
0.0258
0.048100000000000004
0.048100000000000004
0.0348
0.0581
0.0627
0.0675
0.0571
0.0545
0.0556
0.0456
0.0
1.8744
1.4523000000000001
1.1187
0.8489
0.5617
0.1005
0.0703
0.0763
0.047599999999999996
0.1908
1.3908
0.3494
0.187
0.1262
0.1119
0.09939999999999999
0.0899
0.0939
0.1742
0.3045
0.2091
0.22499999999999998
0.7112
0.4365
0.5007
0.4306
0.2108
0.11839999999999999
0.0612
0.0588
0.059
0.0604
0.0594
0.0463
0.036699999999999997
0.0434
0.051699999999999996
0.0616
0.04190000000000001
0.028900000000000002
0.0323
0.028900000000000002
0.0334
0.0316
0.032600000000000004
0.0311
0.0283
0.0388
0.038400000000000004
0.0432
0.0635
0.07869999999999999
0.5701
0.0972
0.1153
0.0833
0.0482
0.039400000000000004
0.0344
0.0385
0.0371
0.0391
0.0297
0.0344
0.0316
0.0283
0.031100000000000003
0.0298
0.032799999999999996
0.0458
0.0411
0.0445
0.046
0.0431
0.08889999999999999
0.9951
4.9547
4.8237
3.3666
0.3377
0.3143
0.2908
0.3222
0.3708
0.45089999999999997
0.45320000000000005
0.4759
0.562
0.5146
0.406
0.3731
0.36960000000000004
0.36319999999999997
0.3265
0.7951999999999999
0.36860000000000004
0.32789999999999997
0.333
3.5393
3.8227
0.9591000000000001
1.7577
1.4078
2.1257
1.1963
0.0476
0.1128
0.7875000000000001
0.12569999999999998
0.0343
0.0785
0.0799
0.07050000000000001
0.08929999999999999
0.0937
0.0737
0.0268
0.030400000000000003
0.056100000000000004
0.16
0.7909999999999999
0.4797
0.6832
0.7337
0.6124
1.2223000000000002
0.6394
0.5059
0.49660000000000004
0.5104
0.531
0.44279999999999997
0.3846
0.3712
0.35050000000000003
0.34109999999999996
0.3527
0.3656
0.3837
0.4256
0.6919
1.2727
0.5777
0.6086
0.7337
1.0777
1.2751000000000001
0.8614999999999999
4.120699999999999
3.5746
2.9604
1.2664
0.0
0.005299999999999999
0.0192
0.0648
0.0258
0.048100000000000004
0.048100000000000004
0.0348
0.0581
0.0627
0.0675
0.0571
0.0545
0.0556
0.0456
0.0
1.8744
1.4523000000000001
1.1187
0.8489
0.5617
0.1005
0.0703
0.0763
0.047599999999999996
0.1908
1.3908
0.3494
0.187
0.1262
0.1119
0.09939999999999999
0.0899
0.0939
0.1742
0.3045
0.2091
0.22499999999999998
0.7112
0.4365
0.5007
0.4306
0.2108
0.11839999999999999
0.0612
0.0588
0.059
0.0604
0.0594
0.0463
0.036699999999999997
0.0434
0.051699999999999996
0.0616
0.04190000000000001
0.028900000000000002
0.0323
0.028900000000000002
0.0334
0.0316
0.032600000000000004
0.0311
0.0283
0.0388
0.038400000000000004
0.0432
0.0635
0.07869999999999999
0.5701
0.0972
0.1153
0.0833
0.0482
0.039400000000000004
0.0344
0.0385
0.0371
0.0391
0.0297
0.0344
0.0316
0.0283
0.031100000000000003
0.0298
0.032799999999999996
0.0458
0.0411
0.0445
0.046
0.0431
0.08889999999999999
0.9951
4.9547
4.8237
3.3666
0.3377
0.3143
0.2908
0.3222
0.3708
0.45089999999999997
0.45320000000000005
0.4759
0.562
0.5146
0.406
0.3731
0.36960000000000004
0.36319999999999997
0.3265
0.7951999999999999
0.36860000000000004
0.32789999999999997
0.333
3.5393
3.8227
0.9591000000000001
1.7577
1.4078
2.1257
1.1963
0.0476
0.1128
0.7875000000000001
0.12569999999999998
0.0343
0.0785
0.0799
0.07050000000000001
0.08929999999999999
0.0937
0.0737
0.0268
0.030400000000000003
0.056100000000000004
0.16
0.7909999999999999
0.4797
0.6832
0.7337
0.6124
1.2223000000000002
0.6394
0.5059
0.49660000000000004
0.5104
0.531
0.44279999999999997
0.3846
0.3712
0.35050000000000003
0.34109999999999996
0.3527
0.3656
0.3837
0.4256
0.6919
1.2727
0.5777
0.6086
0.7337
1.0777
1.2751000000000001
0.8614999999999999
4.120699999999999
3.5746
2.9604
1.2664
0.0
0.005299999999999999
0.0192
0.0648
0.0258
0.048100000000000004
0.048100000000000004
0.0348
0.0581
0.0627
0.0675
0.0571
0.0545
0.0556
0.0456
0.0
1.8744
1.4523000000000001
1.1187
0.8489
0.5617
0.1005
0.0703
0.0763
0.047599999999999996
0.1908
1.3908
0.3494
0.187
0.1262
0.1119
0.09939999999999999
0.0899
0.0939
0.1742
0.3045
0.2091
0.22499999999999998
0.7112
0.4365
0.5007
0.4306
0.2108
0.11839999999999999
0.0612
0.0588
0.059
0.0604
0.0594
0.0463
0.036699999999999997
0.0434
0.051699999999999996
0.0616
0.04190000000000001
0.028900000000000002
0.0323
0.028900000000000002
0.0334
0.0316
0.032600000000000004
0.0311
0.0283
0.0388
0.038400000000000004
0.0432
0.0635
0.07869999999999999
0.5701
0.0972
0.1153
0.0833
0.0482
0.039400000000000004
0.0344
0.0385
0.0371
0.0391
0.0297
0.0344
0.0316
0.0283
0.031100000000000003
0.0298
0.032799999999999996
0.0458
0.0411
0.0445
0.046
0.0431
0.08889999999999999
0.9951
4.9547
4.8237
3.3666
0.3377
0.3143
0.2908
0.3222
0.3708
0.45089999999999997
0.45320000000000005
0.4759
0.562
0.5146
0.406
0.3731
0.36960000000000004
0.36319999999999997
0.3265
0.7951999999999999
0.36860000000000004
0.32789999999999997
0.333
3.5393
3.8227
0.9591000000000001
1.7577
1.4078
2.1257
1.1963
0.0476
0.1128
0.7875000000000001
0.12569999999999998
0.0343
0.0785
0.0799
0.07050000000000001
0.08929999999999999
0.0937
0.0737
0.0268
0.030400000000000003
0.056100000000000004
0.16
0.7909999999999999
0.4797
0.6832
0.7337
0.6124
1.2223000000000002
0.6394
0.5059
0.49660000000000004
0.5104
0.531
0.44279999999999997
0.3846
0.3712
0.35050000000000003
0.34109999999999996
0.3527
0.3656
0.3837
0.4256
0.6919
1.2727
0.5777
0.6086
0.7337
1.0777
1.2751000000000001
0.8614999999999999
4.120699999999999
3.5746
2.9604
1.2664
0.0
0.005299999999999999
0.0192
0.0648
0.0258
0.048100000000000004
0.048100000000000004
0.0348
0.0581
0.0627
0.0675
0.0571
0.0545
0.0556
0.0456
0.0
1.8744
1.4523000000000001
1.1187
0.8489
0.5617
0.1005
0.0703
0.0763
0.047599999999999996
0.1908
1.3908
0.3494
0.187
0.1262
0.1119
0.09939999999999999
0.0899
0.0939
0.1742
0.3045
0.2091
0.22499999999999998
0.7112
0.4365
0.5007
0.4306
0.2108
0.11839999999999999
0.0612
0.0588
0.059
0.0604
0.0594
0.0463
0.036699999999999997
0.0434
0.051699999999999996
0.0616
0.04190000000000001
0.028900000000000002
0.0323
0.028900000000000002
0.0334
0.0316
0.032600000000000004
0.0311
0.0283
0.0388
0.038400000000000004
0.0432
0.0635
0.07869999999999999
0.5701
0.0972
0.1153
0.0833
0.0482
0.039400000000000004
0.0344
0.0385
0.0371
0.0391
0.0297
0.0344
0.0316
0.0283
0.031100000000000003
0.0298
0.032799999999999996
0.0458
0.0411
0.0445
0.046
0.0431
0.08889999999999999
0.9951
4.9547
4.8237
3.3666
0.3377
0.3143
0.2908
0.3222
0.3708
0.45089999999999997
0.45320000000000005
0.4759
0.562
0.5146
0.406
0.3731
0.36960000000000004
0.36319999999999997
0.3265
0.7951999999999999
0.36860000000000004
0.32789999999999997
0.333
3.5393
3.8227
0.9591000000000001
1.7577
1.4078
2.1257
1.1963
0.0476
0.1128
0.7875000000000001
0.12569999999999998
0.0343
0.0785
0.0799
0.07050000000000001
0.08929999999999999
0.0937
0.0737
0.0268
0.030400000000000003
0.056100000000000004
0.16
0.7909999999999999
0.4797
0.6832
0.7337
0.6124
1.2223000000000002
0.6394
0.5059
0.49660000000000004
0.5104
0.531
0.44279999999999997
0.3846
0.3712
0.35050000000000003
0.34109999999999996
0.3527
0.3656
0.3837
0.4256
0.6919
1.2727
0.5777
0.6086
0.7337
1.0777
1.2751000000000001
0.8614999999999999
4.120699999999999
3.5746
2.9604
1.2664
0.0
0.005299999999999999
0.0192
0.0648
0.0258
0.048100000000000004
0.048100000000000004
0.0348
0.0581
0.0627
0.0675
0.0571
0.0545
0.0556
0.0456
0.0
1.8744
1.4523000000000001
1.1187
0.8489
0.5617
0.1005
0.0703
0.0763
0.047599999999999996
0.1908
1.3908
0.3494
0.187
0.1262
0.1119
0.09939999999999999
0.0899
0.0939
0.1742
0.3045
0.2091
0.22499999999999998
0.7112
0.4365
0.5007
0.4306
0.2108
0.11839999999999999
0.0369
0.0136
0.0089
0.022
0.0
0.0
0.0
0.0
0.0
0.0
0.0
0.023799999999999998
0.0
0.0014
4.4748
0.0
0.0019
0.0
1.5671
0.1876
0.4437
0.4234
0.0836
1.6096
0.0086
0.008
0.006500000000000001
0.0081
0.0169
0.010499999999999999
0.0171
0.017
0.0
0.03
0.0315
0.0343
0.031200000000000002
0.0258
0.0298
0.0237
0.026000000000000002
0.032100000000000004
0.027200000000000002
0.032100000000000004
0.0322
0.0167
0.0216
0.021400000000000002
0.0
0.0024
0.052599999999999994
0.0317
0.016
0.0007
0.06259999999999999
0.079
0.0375
0.0
0.0267
0.1332
0.20550000000000002
2.1315
1.0348
0.1087
0.0376
0.5341
0.4863
1.8279
0.5690000000000001
0.0
0.0
0.0
0.6579999999999999
0.0
0.0012
0.0
0.0149
0.0118
0.0134
0.0272
0.037500000000000006
0.0034
0.0
0.0
0.0
0.9962
1.6453
0.7216
0.7273000000000001
0.2232
0.1272
0.2167
0.1615
0.0209
0.0
0.9279
0.0
1.5390000000000001
2.7789
3.1071999999999997
2.9786
2.947
2.5173
0.10520000000000002
0.1961
0.2006
0.2098
0.2029
0.20129999999999998
0.2363
1.0735999999999999
0.7146
0.2223
1.9685
1.5305
1.4296000000000002
0.40290000000000004
0.0143
0.0167
0.0781
0.32230000000000003
6.3269
5.336600000000001
0.9673
0.2509
0.1723
0.1885
0.27459999999999996
0.7077
0.7022999999999999
0.4383
0.1695
0.15760000000000002
0.136
0.1563
0.2311
0.3639
0.5845
0.9591
1.0952
0.6674
0.5134000000000001
0.4174
0.3407
4.7204
3.0983
1.4379
0.1169
0.0953
0.1221
0.1583
0.2752
0.31720000000000004
0.2885
0.28759999999999997
0.28869999999999996
0.29069999999999996
0.2512
0.30169999999999997
0.40080000000000005
1.1103999999999998
0.8543000000000001
0.29159999999999997
0.264
0.226
0.2162
0.1661
0.1526
0.0369
0.0136
0.0089
0.022
0.0
0.0
0.0
0.0
0.0
0.0
0.0
0.023799999999999998
0.0
0.0014
4.4748
0.0
0.0019
0.0
1.5671
0.1876
0.4437
0.4234
0.0836
1.6096
0.0086
0.008
0.006500000000000001
0.0081
0.0169
0.010499999999999999
0.0171
0.017
0.0
0.03
0.0315
0.0343
0.031200000000000002
0.0258
0.0298
0.0237
0.026000000000000002
0.032100000000000004
0.027200000000000002
0.032100000000000004
0.0322
0.0167
0.0216
0.021400000000000002
0.0
0.0024
0.052599999999999994
0.0317
0.016
0.0007
0.06259999999999999
0.079
0.0375
0.0
0.0267
0.1332
0.20550000000000002
2.1315
1.0348
0.1087
0.0376
0.5341
0.4863
1.8279
0.5690000000000001
0.0
0.0
0.0
0.6579999999999999
0.0
0.0012
0.0
0.0149
0.0118
0.0134
0.0272
0.037500000000000006
0.0034
0.0
0.0
0.0
0.9962
1.6453
0.7216
0.7273000000000001
0.2232
0.1272
0.2167
0.1615
0.0209
0.0
0.9279
0.0
1.5390000000000001
2.7789
3.1071999999999997
2.9786
2.947
2.5173
0.10520000000000002
0.1961
0.2006
0.2098
0.2029
0.20129999999999998
0.2363
1.0735999999999999
0.7146
0.2223
1.9685
1.5305
1.4296000000000002
0.40290000000000004
0.0143
0.0167
0.0781
0.32230000000000003
6.3269
5.336600000000001
0.9673
0.2509
0.1723
0.1885
0.27459999999999996
0.7077
0.7022999999999999
0.4383
0.1695
0.15760000000000002
0.136
0.1563
0.2311
0.3639
0.5845
0.9591
1.0952
0.6674
0.5134000000000001
0.4174
0.3407
4.7204
3.0983
1.4379
0.1169
0.0953
0.1221
0.1583
0.2752
0.31720000000000004
0.2885
0.28759999999999997
0.28869999999999996
0.29069999999999996
0.2512
0.30169999999999997
0.40080000000000005
1.1103999999999998
0.8543000000000001
0.29159999999999997
0.264
0.226
0.2162
0.1661
0.1526
0.0369
0.0136
0.0089
0.022
0.0
0.0
0.0
0.0
0.0
0.0
0.0
0.023799999999999998
0.0
0.0014
4.4748
0.0
0.0019
0.0
1.5671
0.1876
0.4437
0.4234
0.0836
1.6096
0.0086
0.008
0.006500000000000001
0.0081
0.0169
0.010499999999999999
0.0171
0.017
0.0
0.03
0.0315
0.0343
0.031200000000000002
0.0258
0.0298
0.0237
0.026000000000000002
0.032100000000000004
0.027200000000000002
0.032100000000000004
0.0322
0.0167
0.0216
0.021400000000000002
0.0
0.0024
0.052599999999999994
0.0317
0.016
0.0007
0.06259999999999999
0.079
0.0375
0.0
0.0267
0.1332
0.20550000000000002
2.1315
1.0348
0.1087
0.0376
0.5341
0.4863
1.8279
0.5690000000000001
0.0
0.0
0.0
0.6579999999999999
0.0
0.0012
0.0
0.0149
0.0118
0.0134
0.0272
0.037500000000000006
0.0034
0.0
0.0
0.0
0.9962
1.6453
0.7216
0.7273000000000001
0.2232
0.1272
0.2167
0.1615
0.0209
0.0
0.9279
0.0
1.5390000000000001
2.7789
3.1071999999999997
2.9786
2.947
2.5173
0.10520000000000002
0.1961
0.2006
0.2098
0.2029
0.20129999999999998
0.2363
1.0735999999999999
0.7146
0.2223
1.9685
1.5305
1.4296000000000002
0.40290000000000004
0.0143
0.0167
0.0781
0.32230000000000003
6.3269
5.336600000000001
0.9673
0.2509
0.1723
0.1885
0.27459999999999996
0.7077
0.7022999999999999
0.4383
0.1695
0.15760000000000002
0.136
0.1563
0.2311
0.3639
0.5845
0.9591
1.0952
0.6674
0.5134000000000001
0.4174
0.3407
4.7204
3.0983
1.4379
0.1169
0.0953
0.1221
0.1583
0.2752
0.31720000000000004
0.2885
0.28759999999999997
0.28869999999999996
0.29069999999999996
0.2512
0.30169999999999997
0.40080000000000005
1.1103999999999998
0.8543000000000001
0.29159999999999997
0.264
0.226
0.2162
0.1661
0.1526
0.0369
0.0136
0.0089
0.022
0.0
0.0
0.0
0.0
0.0
0.0
0.0
0.023799999999999998
0.0
0.0014
4.4748
0.0
0.0019
0.0
1.5671
0.1876
0.4437
0.4234
0.0836
1.6096
0.0086
0.008
0.006500000000000001
0.0081
0.0169
0.010499999999999999
0.0171
0.017
0.0
0.03
0.0315
0.0343
0.031200000000000002
0.0258
0.0298
0.0237
0.026000000000000002
0.032100000000000004
0.027200000000000002
0.032100000000000004
0.0322
0.0167
0.0216
0.021400000000000002
0.0
0.0024
0.052599999999999994
0.0317
0.016
0.0007
0.06259999999999999
0.079
0.0375
0.0
0.0267
0.1332
0.20550000000000002
2.1315
1.0348
0.1087
0.0376
0.5341
0.4863
1.8279
0.5690000000000001
0.0
0.0
0.0
0.6579999999999999
0.0
0.0012
0.0
0.0149
0.0118
0.0134
0.0272
0.037500000000000006
0.0034
0.0
0.0
0.0
0.9962
1.6453
0.7216
0.7273000000000001
0.2232
0.1272
0.2167
0.1615
0.0209
0.0
0.9279
0.0
1.5390000000000001
2.7789
3.1071999999999997
2.9786
2.947
2.5173
0.10520000000000002
0.1961
0.2006
0.2098
0.2029
0.20129999999999998
0.2363
1.0735999999999999
0.7146
0.2223
1.9685
1.5305
1.4296000000000002
0.40290000000000004
0.0143
0.0167
0.0781
0.32230000000000003
6.3269
5.336600000000001
0.9673
0.2509
0.1723
0.1885
0.27459999999999996
0.7077
0.7022999999999999
0.4383
0.1695
0.15760000000000002
0.136
0.1563
0.2311
0.3639
0.5845
0.9591
1.0952
0.6674
0.5134000000000001
0.4174
0.3407
4.7204
3.0983
1.4379
0.1169
0.0953
0.1221
0.1583
0.2752
0.31720000000000004
0.2885
0.28759999999999997
0.28869999999999996
0.29069999999999996
0.2512
0.30169999999999997
0.40080000000000005
1.1103999999999998
0.8543000000000001
0.29159999999999997
0.264
0.226
0.2162
0.1661
0.1526
0.0369
0.0136
0.0089
0.022
0.0
0.0
0.0
0.0
0.0
0.0
0.0
0.023799999999999998
0.0
0.0014
4.4748
0.0
0.0019
0.0
1.5671
0.1876
0.4437
0.4234
0.0836
1.6096
0.0086
0.008
0.006500000000000001
0.0081
0.0169
0.010499999999999999
0.0171
0.017
0.0
0.03
0.0315
0.0343
0.031200000000000002
0.0258
0.0298
0.0237
0.026000000000000002
0.032100000000000004
0.027200000000000002
0.032100000000000004
0.0322
0.0167
0.0216
0.021400000000000002
0.0
0.0024
0.052599999999999994
0.0317
0.016
0.0007
0.06259999999999999
0.079
0.0375
0.0
0.0267
0.1332
0.20550000000000002
2.1315
1.0348
0.1087
0.0376
0.5341
0.4863
1.8279
0.5690000000000001
0.0
0.0
0.0
1.7445
0.7815000000000001
2.7079
0.5365
0.06709999999999999
0.1187
0.048299999999999996
0.2851
0.0125
0.0148
0.0321
0.21130000000000002
0.6308
0.2263
0.20579999999999998
0.4071
0.20579999999999998
0.2111
0.17620000000000002
0.11889999999999999
0.1248
0.1126
0.2028
0.36560000000000004
1.9830999999999999
1.9245
1.9
0.496
0.49640000000000006
0.42810000000000004
0.47819999999999996
0.4796
0.0912
0.0582
0.056999999999999995
0.0537
0.051000000000000004
0.063
0.0528
0.0511
0.0407
0.0346
0.021599999999999998
0.0201
0.0235
0.009899999999999999
0.0171
1.9534999999999998
1.3629
6.1402
5.5571
3.1824
0.5376
0.2105
0.1964
0.13219999999999998
0.09290000000000001
0.0727
0.0789
0.0643
0.0694
0.06459999999999999
0.0781
0.0933
0.11510000000000001
0.1343
0.1592
0.5371
0.9203000000000001
0.328
0.2613
0.24159999999999998
0.4727
0.47719999999999996
0.8701000000000001
1.2532999999999999
1.2675999999999998
1.7346
2.3953
0.0
0.0334
0.0735
0.0482
0.048600000000000004
0.036000000000000004
0.0645
0.07250000000000001
0.0647
0.0279
0.0188
0.0097
0.0
0.002
0.0
0.0355
0.1827
0.1258
0.4475
0.1022
0.07519999999999999
0.0082
0.0
0.019799999999999998
0.0199
0.0277
0.041999999999999996
0.041999999999999996
0.0302
0.0138
0.030699999999999998
0.041
0.038
0.0103
0.0103
0.0061
0.0886
0.2269
0.29900000000000004
0.1583
0.0433
0.023
0.0344
0.0291
0.024
0.0283
0.0407
0.055400000000000005
0.0747
0.0212
0.0355
0.0403
0.0511
0.0558
0.0552
0.0568
0.025300000000000003
0.0298
0.0392
0.0127
0.0253
0.027999999999999997
0.0073
0.0
0.0
4.6761
4.373200000000001
1.0256
0.2573
0.0774
0.0
0.0
0.0426
0.06
0.057999999999999996
0.0606
0.058300000000000005
0.0509
0.065
0.1488
0.6381
0.4023
0.275
0.4541
0.7756000000000001
1.1713
1.2404
0.8742
0.529
1.7445
0.7815000000000001
2.7079
0.5365
0.06709999999999999
0.1187
0.048299999999999996
0.2851
0.0125
0.0148
0.0321
0.21130000000000002
0.6308
0.2263
0.20579999999999998
0.4071
0.20579999999999998
0.2111
0.17620000000000002
0.11889999999999999
0.1248
0.1126
0.2028
0.36560000000000004
1.9830999999999999
1.9245
1.9
0.496
0.49640000000000006
0.42810000000000004
0.47819999999999996
0.4796
0.0912
0.0582
0.056999999999999995
0.0537
0.051000000000000004
0.063
0.0528
0.0511
0.0407
0.0346
0.021599999999999998
0.0201
0.0235
0.009899999999999999
0.0171
1.9534999999999998
1.3629
6.1402
5.5571
3.1824
0.5376
0.2105
0.1964
0.13219999999999998
0.09290000000000001
0.0727
0.0789
0.0643
0.0694
0.06459999999999999
0.0781
0.0933
0.11510000000000001
0.1343
0.1592
0.5371
0.9203000000000001
0.328
0.2613
0.24159999999999998
0.4727
0.47719999999999996
0.8701000000000001
1.2532999999999999
1.2675999999999998
1.7346
2.3953
0.0
0.0334
0.0735
0.0482
0.048600000000000004
0.036000000000000004
0.0645
0.07250000000000001
0.0647
0.0279
0.0188
0.0097
0.0
0.002
0.0
0.0355
0.1827
0.1258
0.4475
0.1022
0.07519999999999999
0.0082
0.0
0.019799999999999998
0.0199
0.0277
0.041999999999999996
0.041999999999999996
0.0302
0.0138
0.030699999999999998
0.041
0.038
0.0103
0.0103
0.0061
0.0886
0.2269
0.29900000000000004
0.1583
0.0433
0.023
0.0344
0.0291
0.024
0.0283
0.0407
0.055400000000000005
0.0747
0.0212
0.0355
0.0403
0.0511
0.0558
0.0552
0.0568
0.025300000000000003
0.0298
0.0392
0.0127
0.0253
0.027999999999999997
0.0073
0.0
0.0
4.6761
4.373200000000001
1.0256
0.2573
0.0774
0.0
0.0
0.0426
0.06
0.057999999999999996
0.0606
0.058300000000000005
0.0509
0.065
0.1488
0.6381
0.4023
0.275
0.4541
0.7756000000000001
1.1713
1.2404
0.8742
0.529
1.7445
0.7815000000000001
2.7079
0.5365
0.06709999999999999
0.1187
0.048299999999999996
0.2851
0.0125
0.0148
0.0321
0.21130000000000002
0.6308
0.2263
0.20579999999999998
0.4071
0.20579999999999998
0.2111
0.17620000000000002
0.11889999999999999
0.1248
0.1126
0.2028
0.36560000000000004
1.9830999999999999
1.9245
1.9
0.496
0.49640000000000006
0.42810000000000004
0.47819999999999996
0.4796
0.0912
0.0582
0.056999999999999995
0.0537
0.051000000000000004
0.063
0.0528
0.0511
0.0407
0.0346
0.021599999999999998
0.0201
0.0235
0.009899999999999999
0.0171
1.9534999999999998
1.3629
6.1402
5.5571
3.1824
0.5376
0.2105
0.1964
0.13219999999999998
0.09290000000000001
0.0727
0.0789
0.0643
0.0694
0.06459999999999999
0.0781
0.0933
0.11510000000000001
0.1343
0.1592
0.5371
0.9203000000000001
0.328
0.2613
0.24159999999999998
0.4727
0.47719999999999996
0.8701000000000001
1.2532999999999999
1.2675999999999998
1.7346
2.3953
0.0
0.0334
0.0735
0.0482
0.048600000000000004
0.036000000000000004
0.0645
0.07250000000000001
0.0647
0.0279
0.0188
0.0097
0.0
0.002
0.0
0.0355
0.1827
0.1258
0.4475
0.1022
0.07519999999999999
0.0082
0.0
0.019799999999999998
0.0199
0.0277
0.041999999999999996
0.041999999999999996
0.0302
0.0138
0.030699999999999998
0.041
0.038
0.0103
0.0103
0.0061
0.0886
0.2269
0.29900000000000004
0.1583
0.0433
0.023
0.0344
0.0291
0.024
0.0283
0.0407
0.055400000000000005
0.0747
0.0212
0.0355
0.0403
0.0511
0.0558
0.0552
0.0568
0.025300000000000003
0.0298
0.0392
0.0127
0.0253
0.027999999999999997
0.0073
0.0
0.0
4.6761
4.373200000000001
1.0256
0.2573
0.0774
0.0
0.0
0.0426
0.06
0.057999999999999996
0.0606
0.058300000000000005
0.0509
0.065
0.1488
0.6381
0.4023
0.275
0.4541
0.7756000000000001
1.1713
1.2404
0.8742
0.529
1.7445
0.7815000000000001
2.7079
0.5365
0.06709999999999999
0.1187
0.048299999999999996
0.2851
0.0125
0.0148
0.0321
0.21130000000000002
0.6308
0.2263
0.20579999999999998
0.4071
0.20579999999999998
0.2111
0.17620000000000002
0.11889999999999999
0.1248
0.1126
0.2028
0.36560000000000004
1.9830999999999999
1.9245
1.9
0.496
0.49640000000000006
0.42810000000000004
0.47819999999999996
0.4796
0.0912
0.0582
0.056999999999999995
0.0537
0.051000000000000004
0.063
0.0528
0.0511
0.0407
0.0346
0.021599999999999998
0.0201
0.0235
0.009899999999999999
0.0171
1.9534999999999998
1.3629
6.1402
5.5571
3.1824
0.5376
0.2105
0.1964
0.13219999999999998
0.09290000000000001
0.0727
0.0789
0.0643
0.0694
0.06459999999999999
0.0781
0.0933
0.11510000000000001
0.1343
0.1592
0.5371
0.9203000000000001
0.328
0.2613
0.24159999999999998
0.4727
0.47719999999999996
0.8701000000000001
1.2532999999999999
1.2675999999999998
1.7346
2.3953
0.0
0.0334
0.0735
0.0482
0.048600000000000004
0.036000000000000004
0.0645
0.07250000000000001
0.0647
0.0279
0.0188
0.0097
0.0
0.002
0.0
0.0355
0.1827
0.1258
0.4475
0.1022
0.07519999999999999
0.0082
0.0
0.019799999999999998
0.0199
0.0277
0.041999999999999996
0.041999999999999996
0.0302
0.0138
0.030699999999999998
0.041
0.038
0.0103
0.0103
0.0061
0.0886
0.2269
0.29900000000000004
0.1583
0.0433
0.023
0.0344
0.0291
0.024
0.0283
0.0407
0.055400000000000005
0.0747
0.0212
0.0355
0.0403
0.0511
0.0558
0.0552
0.0568
0.025300000000000003
0.0298
0.0392
0.0127
0.0253
0.027999999999999997
0.0073
0.0
0.0
4.6761
4.373200000000001
1.0256
0.2573
0.0774
0.0
0.0
0.0426
0.06
0.057999999999999996
0.0606
0.058300000000000005
0.0509
0.065
0.1488
0.6381
0.4023
0.275
0.4541
0.7756000000000001
1.1713
1.2404
0.8742
0.529
1.7445
0.7815000000000001
2.7079
0.5365
0.06709999999999999
0.1187
0.048299999999999996
0.2851
0.0125
0.0148
0.0321
0.21130000000000002
0.6308
0.2263
0.20579999999999998
0.4071
0.20579999999999998
0.2111
0.17620000000000002
0.11889999999999999
0.1248
0.1126
0.2028
0.36560000000000004
1.9830999999999999
1.9245
1.9
0.496
0.49640000000000006
0.42810000000000004
0.47819999999999996
0.4796
0.0912
0.0582
0.056999999999999995
0.0537
0.051000000000000004
0.063
0.0528
0.0511
0.0407
0.0346
0.021599999999999998
0.0201
0.0235
0.009899999999999999
0.0171
1.9534999999999998
0.7722
0.0
0.0
0.0061
0.0116
0.0079
0.0939
0.2507
0.5216
0.5021
0.3262
0.1726
0.1604
0.1099
0.0801
0.059
0.0706
0.0669
0.026999999999999996
0.899
0.1893
0.1972
0.0145
1.5678
0.9103000000000001
0.5700000000000001
1.5082
3.9338999999999995
3.6963
1.3719000000000001
0.8177000000000001
1.1713
3.0897
4.8126
5.6225000000000005
5.6099
4.2572
3.412
3.5183
2.1043
1.5899
1.6063
1.4689
1.2286
1.1034
1.0975000000000001
1.0564
1.044
0.7443
0.5431
0.4658
0.3752
0.3207
0.3231
0.1961
0.0747
0.060700000000000004
0.0514
0.034100000000000005
0.0378
0.0366
0.0287
0.0166
0.6283
0.8101
0.7548
1.3917000000000002
1.9149
0.5331
0.3748
0.3201
0.8683000000000001
1.264
0.3937
0.2735
0.15489999999999998
0.0626
0.048299999999999996
0.0387
0.039599999999999996
0.032
0.0402
0.028999999999999998
0.0322
0.0296
0.0249
0.0252
0.029
0.029599999999999998
0.0674
0.0361
0.0435
0.052000000000000005
0.0492
0.0686
0.8557
1.6533
0.9963
0.4833
1.3147
0.0308
0.0219
0.1542
0.037
0.0416
0.0159
0.011899999999999999
0.0451
0.0212
0.0246
0.0
0.056400000000000006
0.0569
0.065
0.0505
0.0502
0.0352
0.0731
0.1199
4.7381
0.0991
0.0898
0.0879
0.0856
0.0796
0.0769
0.054099999999999995
0.0606
0.0316
0.0466
0.0397
0.0477
0.0478
0.0487
0.0548
0.057999999999999996
0.0572
0.2145
0.1586
0.0865
0.1356
0.135
0.14100000000000001
0.1346
0.0
0.0
0.0
0.0
0.0
0.0
0.0
0.1686
0.42000000000000004
0.5266
0.5077
0.36319999999999997
0.21489999999999998
0.492
2.1641
0.0974
0.0426
0.0662
0.1133
0.1849
1.029
1.5779
0.4879
0.0
0.7722
0.0
0.0
0.0061
0.0116
0.0079
0.0939
0.2507
0.5216
0.5021
0.3262
0.1726
0.1604
0.1099
0.0801
0.059
0.0706
0.0669
0.026999999999999996
0.899
0.1893
0.1972
0.0145
1.5678
0.9103000000000001
0.5700000000000001
1.5082
3.9338999999999995
3.6963
1.3719000000000001
0.8177000000000001
1.1713
3.0897
4.8126
5.6225000000000005
5.6099
4.2572
3.412
3.5183
2.1043
1.5899
1.6063
1.4689
1.2286
1.1034
1.0975000000000001
1.0564
1.044
0.7443
0.5431
0.4658
0.3752
0.3207
0.3231
0.1961
0.0747
0.060700000000000004
0.0514
0.034100000000000005
0.0378
0.0366
0.0287
0.0166
0.6283
0.8101
0.7548
1.3917000000000002
1.9149
0.5331
0.3748
0.3201
0.8683000000000001
1.264
0.3937
0.2735
0.15489999999999998
0.0626
0.048299999999999996
0.0387
0.039599999999999996
0.032
0.0402
0.028999999999999998
0.0322
0.0296
0.0249
0.0252
0.029
0.029599999999999998
0.0674
0.0361
0.0435
0.052000000000000005
0.0492
0.0686
0.8557
1.6533
0.9963
0.4833
1.3147
0.0308
0.0219
0.1542
0.037
0.0416
0.0159
0.011899999999999999
0.0451
0.0212
0.0246
0.0
0.056400000000000006
0.0569
0.065
0.0505
0.0502
0.0352
0.0731
0.1199
4.7381
0.0991
0.0898
0.0879
0.0856
0.0796
0.0769
0.054099999999999995
0.0606
0.0316
0.0466
0.0397
0.0477
0.0478
0.0487
0.0548
0.057999999999999996
0.0572
0.2145
0.1586
0.0865
0.1356
0.135
0.14100000000000001
0.1346
0.0
0.0
0.0
0.0
0.0
0.0
0.0
0.1686
0.42000000000000004
0.5266
0.5077
0.36319999999999997
0.21489999999999998
0.492
2.1641
0.0974
0.0426
0.0662
0.1133
0.1849
1.029
1.5779
0.4879
0.0
0.7722
0.0
0.0
0.0061
0.0116
0.0079
0.0939
0.2507
0.5216
0.5021
0.3262
0.1726
0.1604
0.1099
0.0801
0.059
0.0706
0.0669
0.026999999999999996
0.899
0.1893
0.1972
0.0145
1.5678
0.9103000000000001
0.5700000000000001
1.5082
3.9338999999999995
3.6963
1.3719000000000001
0.8177000000000001
1.1713
3.0897
4.8126
5.6225000000000005
5.6099
4.2572
3.412
3.5183
2.1043
1.5899
1.6063
1.4689
1.2286
1.1034
1.0975000000000001
1.0564
1.044
0.7443
0.5431
0.4658
0.3752
0.3207
0.3231
0.1961
0.0747
0.060700000000000004
0.0514
0.034100000000000005
0.0378
0.0366
0.0287
0.0166
0.6283
0.8101
0.7548
1.3917000000000002
1.9149
0.5331
0.3748
0.3201
0.8683000000000001
1.264
0.3937
0.2735
0.15489999999999998
0.0626
0.048299999999999996
0.0387
0.039599999999999996
0.032
0.0402
0.028999999999999998
0.0322
0.0296
0.0249
0.0252
0.029
0.029599999999999998
0.0674
0.0361
0.0435
0.052000000000000005
0.0492
0.0686
0.8557
1.6533
0.9963
0.4833
1.3147
0.0308
0.0219
0.1542
0.037
0.0416
0.0159
0.011899999999999999
0.0451
0.0212
0.0246
0.0
0.056400000000000006
0.0569
0.065
0.0505
0.0502
0.0352
0.0731
0.1199
4.7381
0.0991
0.0898
0.0879
0.0856
0.0796
0.0769
0.054099999999999995
0.0606
0.0316
0.0466
0.0397
0.0477
0.0478
0.0487
0.0548
0.057999999999999996
0.0572
0.2145
0.1586
0.0865
0.1356
0.135
0.14100000000000001
0.1346
0.0
0.0
0.0
0.0
0.0
0.0
0.0
0.1686
0.42000000000000004
0.5266
0.5077
0.36319999999999997
0.21489999999999998
0.492
2.1641
0.0974
0.0426
0.0662
0.1133
0.1849
1.029
1.5779
0.4879
0.0
0.7722
0.0
0.0
0.0061
0.0116
0.0079
0.0939
0.2507
0.5216
0.5021
0.3262
0.1726
0.1604
0.1099
0.0801
0.059
0.0706
0.0669
0.026999999999999996
0.899
0.1893
0.1972
0.0145
1.5678
0.9103000000000001
0.5700000000000001
1.5082
3.9338999999999995
3.6963
1.3719000000000001
0.8177000000000001
1.1713
3.0897
4.8126
5.6225000000000005
5.6099
4.2572
3.412
3.5183
2.1043
1.5899
1.6063
1.4689
1.2286
1.1034
1.0975000000000001
1.0564
1.044
0.7443
0.5431
0.4658
0.3752
0.3207
0.3231
0.1961
0.0747
0.060700000000000004
0.0514
0.034100000000000005
0.0378
0.0366
0.0287
0.0166
0.6283
0.8101
0.7548
1.3917000000000002
1.9149
0.5331
0.3748
0.3201
0.8683000000000001
1.264
0.3937
0.2735
0.15489999999999998
0.0626
0.048299999999999996
0.0387
0.039599999999999996
0.032
0.0402
0.028999999999999998
0.0322
0.0296
0.0249
0.0252
0.029
0.029599999999999998
0.0674
0.0361
0.0435
0.052000000000000005
0.0492
0.0686
0.8557
1.6533
0.9963
0.4833
1.3147
0.0308
0.0219
0.1542
0.037
0.0416
0.0159
0.011899999999999999
0.0451
0.0212
0.0246
0.0
0.056400000000000006
0.0569
0.065
0.0505
0.0502
0.0352
0.0731
0.1199
4.7381
0.0991
0.0898
0.0879
0.0856
0.0796
0.0769
0.054099999999999995
0.0606
0.0316
0.0466
0.0397
0.0477
0.0478
0.0487
0.0548
0.057999999999999996
0.0572
0.2145
0.1586
0.0865
0.1356
0.135
0.14100000000000001
0.1346
0.0
0.0
0.0
0.0
0.0
0.0
0.0
0.1686
0.42000000000000004
0.5266
0.5077
0.36319999999999997
0.21489999999999998
0.492
2.1641
0.0974
0.0426
0.0662
0.1133
0.1849
1.029
1.5779
0.4879
0.0
0.7722
0.0
0.0
0.0061
0.0116
0.0079
0.0939
0.2507
0.5216
0.5021
0.3262
0.1726
0.1604
0.1099
0.0801
0.059
0.0706
0.0669
0.026999999999999996
0.899
0.1893
0.1972
0.0145
1.5678
0.9103000000000001
0.5700000000000001
1.5082
3.9338999999999995
3.6963
1.3719000000000001
0.8177000000000001
1.1713
3.0897
4.8126
5.6225000000000005
5.6099
4.2572
3.412
3.5183
2.1043
1.5899
1.6063
1.4689
1.2286
1.1034
1.0975000000000001
1.0564
1.044
0.7443
0.5431
0.4658
0.3752
0.3207
0.3231
0.1961
0.0747
0.060700000000000004
0.0514
0.034100000000000005
0.0378
0.0366
0.0287
0.0166
0.6283
0.8101
0.7548
1.3917000000000002
1.9149
0.5331
0.3748
0.3201
0.8683000000000001
3.3225
0.0
0.0
0.0
0.0
0.0
0.0
0.0
0.013
0.0267
0.013
0.026
0.0062
0.0082
0.0
0.0016
0.0118
0.0575
0.2872
0.0
0.0
0.1515
0.6339
1.9681
0.1354
0.1414
0.1429
0.14739999999999998
0.1462
0.13069999999999998
0.10350000000000001
0.1382
0.2115
0.0362
0.0468
0.0474
0.0446
0.0414
0.0385
0.0441
0.0345
0.0346
0.060399999999999995
0.0889
0.0785
0.0661
0.0675
0.0765
0.1057
0.1027
0.1018
0.10339999999999999
0.10450000000000001
0.10239999999999999
0.0947
0.11410000000000001
0.1276
0.1074
0.0925
0.0886
0.0916
0.0925
0.1005
0.1122
0.1122
0.08960000000000001
0.0865
0.0921
0.0927
0.0975
0.1114
0.11649999999999999
2.4646
2.6708999999999996
0.9119
0.44789999999999996
0.1038
0.059500000000000004
0.0139
0.1154
0.3763
0.1379
0.0901
0.0523
0.0685
0.096
1.0316
0.6752
0.1762
0.24580000000000002
0.2291
0.22089999999999999
0.19140000000000001
0.1921
0.17659999999999998
0.17
0.004
0.0163
0.007599999999999999
0.0046
0.0372
0.0347
0.0564
0.0427
0.0
0.027500000000000004
0.0352
0.0393
0.039099999999999996
0.0466
0.0639
0.0251
0.0281
0.020999999999999998
0.0322
0.0381
0.0167
0.0
0.0014
0.0001
0.6638999999999999
3.5061999999999998
3.3085
0.9287
0.2667
0.1361
0.1937
0.20739999999999997
0.19340000000000002
0.19469999999999998
0.18159999999999998
0.1479
0.28900000000000003
1.04
0.1367
0.1609
0.12990000000000002
0.19319999999999998
0.147
0.111
0.0869
0.0826
0.11929999999999999
0.1502
7.486599999999999
6.2568
1.9615
0.1749
0.0383
0.023
0.0114
0.026699999999999998
0.0248
0.0313
0.037
0.0301
0.0218
0.0369
0.033800000000000004
0.0231
0.0408
0.0317
0.0126
0.0173
0.0
0.0386
0.044800000000000006
0.2036
3.3225
0.0
0.0
0.0
0.0
0.0
0.0
0.0
0.013
0.0267
0.013
0.026
0.0062
0.0082
0.0
0.0016
0.0118
0.0575
0.2872
0.0
0.0
0.1515
0.6339
1.9681
0.1354
0.1414
0.1429
0.14739999999999998
0.1462
0.13069999999999998
0.10350000000000001
0.1382
0.2115
0.0362
0.0468
0.0474
0.0446
0.0414
0.0385
0.0441
0.0345
0.0346
0.060399999999999995
0.0889
0.0785
0.0661
0.0675
0.0765
0.1057
0.1027
0.1018
0.10339999999999999
0.10450000000000001
0.10239999999999999
0.0947
0.11410000000000001
0.1276
0.1074
0.0925
0.0886
0.0916
0.0925
0.1005
0.1122
0.1122
0.08960000000000001
0.0865
0.0921
0.0927
0.0975
0.1114
0.11649999999999999
2.4646
2.6708999999999996
0.9119
0.44789999999999996
0.1038
0.059500000000000004
0.0139
0.1154
0.3763
0.1379
0.0901
0.0523
0.0685
0.096
1.0316
0.6752
0.1762
0.24580000000000002
0.2291
0.22089999999999999
0.19140000000000001
0.1921
0.17659999999999998
0.17
0.004
0.0163
0.007599999999999999
0.0046
0.0372
0.0347
0.0564
0.0427
0.0
0.027500000000000004
0.0352
0.0393
0.039099999999999996
0.0466
0.0639
0.0251
0.0281
0.020999999999999998
0.0322
0.0381
0.0167
0.0
0.0014
0.0001
0.6638999999999999
3.5061999999999998
3.3085
0.9287
0.2667
0.1361
0.1937
0.20739999999999997
0.19340000000000002
0.19469999999999998
0.18159999999999998
0.1479
0.28900000000000003
1.04
0.1367
0.1609
0.12990000000000002
0.19319999999999998
0.147
0.111
0.0869
0.0826
0.11929999999999999
0.1502
7.486599999999999
6.2568
1.9615
0.1749
0.0383
0.023
0.0114
0.026699999999999998
0.0248
0.0313
0.037
0.0301
0.0218
0.0369
0.033800000000000004
0.0231
0.0408
0.0317
0.0126
0.0173
0.0
0.0386
0.044800000000000006
0.2036
3.3225
0.0
0.0
0.0
0.0
0.0
0.0
0.0
0.013
0.0267
0.013
0.026
0.0062
0.0082
0.0
0.0016
0.0118
0.0575
0.2872
0.0
0.0
0.1515
0.6339
1.9681
0.1354
0.1414
0.1429
0.14739999999999998
0.1462
0.13069999999999998
0.10350000000000001
0.1382
0.2115
0.0362
0.0468
0.0474
0.0446
0.0414
0.0385
0.0441
0.0345
0.0346
0.060399999999999995
0.0889
0.0785
0.0661
0.0675
0.0765
0.1057
0.1027
0.1018
0.10339999999999999
0.10450000000000001
0.10239999999999999
0.0947
0.11410000000000001
0.1276
0.1074
0.0925
0.0886
0.0916
0.0925
0.1005
0.1122
0.1122
0.08960000000000001
0.0865
0.0921
0.0927
0.0975
0.1114
0.11649999999999999
2.4646
2.6708999999999996
0.9119
0.44789999999999996
0.1038
0.059500000000000004
0.0139
0.1154
0.3763
0.1379
0.0901
0.0523
0.0685
0.096
1.0316
0.6752
0.1762
0.24580000000000002
0.2291
0.22089999999999999
0.19140000000000001
0.1921
0.17659999999999998
0.17
0.004
0.0163
0.007599999999999999
0.0046
0.0372
0.0347
0.0564
0.0427
0.0
0.027500000000000004
0.0352
0.0393
0.039099999999999996
0.0466
0.0639
0.0251
0.0281
0.020999999999999998
0.0322
0.0381
0.0167
0.0
0.0014
0.0001
0.6638999999999999
3.5061999999999998
3.3085
0.9287
0.2667
0.1361
0.1937
0.20739999999999997
0.19340000000000002
0.19469999999999998
0.18159999999999998
0.1479
0.28900000000000003
1.04
0.1367
0.1609
0.12990000000000002
0.19319999999999998
0.147
0.111
0.0869
0.0826
0.11929999999999999
0.1502
7.486599999999999
6.2568
1.9615
0.1749
0.0383
0.023
0.0114
0.026699999999999998
0.0248
0.0313
0.037
0.0301
0.0218
0.0369
0.033800000000000004
0.0231
0.0408
0.0317
0.0126
0.0173
0.0
0.0386
0.044800000000000006
0.2036
3.3225
0.0
0.0
0.0
0.0
0.0
0.0
0.0
0.013
0.0267
0.013
0.026
0.0062
0.0082
0.0
0.0016
0.0118
0.0575
0.2872
0.0
0.0
0.1515
0.6339
1.9681
0.1354
0.1414
0.1429
0.14739999999999998
0.1462
0.13069999999999998
0.10350000000000001
0.1382
0.2115
0.0362
0.0468
0.0474
0.0446
0.0414
0.0385
0.0441
0.0345
0.0346
0.060399999999999995
0.0889
0.0785
0.0661
0.0675
0.0765
0.1057
0.1027
0.1018
0.10339999999999999
0.10450000000000001
0.10239999999999999
0.0947
0.11410000000000001
0.1276
0.1074
0.0925
0.0886
0.0916
0.0925
0.1005
0.1122
0.1122
0.08960000000000001
0.0865
0.0921
0.0927
0.0975
0.1114
0.11649999999999999
2.4646
2.6708999999999996
0.9119
0.44789999999999996
0.1038
0.059500000000000004
0.0139
0.1154
0.3763
0.1379
0.0901
0.0523
0.0685
0.096
1.0316
0.6752
0.1762
0.24580000000000002
0.2291
0.22089999999999999
0.19140000000000001
0.1921
0.17659999999999998
0.17
0.004
0.0163
0.007599999999999999
0.0046
0.0372
0.0347
0.0564
0.0427
0.0
0.027500000000000004
0.0352
0.0393
0.039099999999999996
0.0466
0.0639
0.0251
0.0281
0.020999999999999998
0.0322
0.0381
0.0167
0.0
0.0014
0.0001
0.6638999999999999
3.5061999999999998
3.3085
0.9287
0.2667
0.1361
0.1937
0.20739999999999997
0.19340000000000002
0.19469999999999998
0.18159999999999998
0.1479
0.28900000000000003
1.04
0.1367
0.1609
0.12990000000000002
0.19319999999999998
0.147
0.111
0.0869
0.0826
0.11929999999999999
0.1502
7.486599999999999
6.2568
1.9615
0.1749
0.0383
0.023
0.0114
0.026699999999999998
0.0248
0.0313
0.037
0.0301
0.0218
0.0369
0.033800000000000004
0.0231
0.0408
0.0317
0.0126
0.0173
0.0
0.0386
0.044800000000000006
0.2036
3.3225
0.0
0.0
0.0
0.0
0.0
0.0
0.0
0.013
0.0267
0.013
0.026
0.0062
0.0082
0.0
0.0016
0.0118
0.0575
0.2872
0.0
0.0
0.1515
0.6339
1.9681
0.1354
0.1414
0.1429
0.14739999999999998
0.1462
0.13069999999999998
0.10350000000000001
0.1382
0.2115
0.0362
0.0468
0.0474
0.0446
0.0414
0.0385
0.0441
0.0345
0.0346
0.060399999999999995
0.0889
0.0785
0.0661
0.0675
0.0765
0.1057
0.1027
0.1018
0.10339999999999999
0.10450000000000001
0.10239999999999999
0.0947
0.11410000000000001
0.1276
0.1074
0.0925
0.0886
0.0916
0.0925
0.1005
0.1122
0.1122
0.08960000000000001
0.0865
0.0921
0.0927
0.0975
0.1114
0.11649999999999999
0.5243
0.5375
2.622
3.5294
0.8966000000000001
0.8362
0.0149
0.0071
0.047799999999999995
0.0673
0.0716
0.0728
0.0695
0.08610000000000001
0.1048
0.0611
0.2044
0.0
0.0
0.0086
0.0189
0.1234
0.0
0.0
0.1325
2.3754999999999997
2.0921000000000003
0.0
0.0021
0.011000000000000001
0.0048
0.0171
0.0234
0.0285
0.0505
0.0447
0.037599999999999995
0.0339
0.038900000000000004
0.0255
0.032
0.007
0.0707
0.7253
0.14679999999999999
0.5734
1.0536
0.6796
0.1763
0.188
0.1958
0.1945
0.1978
0.3569
0.1246
0.0278
0.0445
0.033299999999999996
0.0466
0.0356
0.0356
0.0328
0.0349
0.023100000000000002
0.1009
0.12409999999999999
0.14129999999999998
0.1812
0.1767
0.14400000000000002
0.1412
0.1583
0.0
0.0
0.0
0.0
0.0
0.0
0.0
0.0
0.0
0.0
0.0
0.0381
0.0
0.0
2.5806000000000004
0.0194
0.0206
1.273
0.7258
0.3761
0.6059
0.5239
0.0486
0.0
1.1165
0.0278
0.0801
0.021400000000000002
0.0338
0.059
0.1525
0.26239999999999997
0.3036
0.30610000000000004
0.3266
0.17099999999999999
0.1641
1.0412
2.9186
0.0475
0.0242
0.017
0.0007
0.4596
1.4055
0.0074
0.0
2.1332
2.5009
1.9575
1.8895
1.6776
1.228
1.1478000000000002
1.0863
0.3681
0.0633
0.017499999999999998
0.0155
0.026099999999999998
0.024
0.0233
0.025599999999999998
0.1392
0.36019999999999996
0.28380000000000005
0.417
0.5938
0.762
0.7762
0.6575
3.034
0.0529
0.060200000000000004
0.060200000000000004
0.053000000000000005
0.0314
0.0225
0.016300000000000002
0.0184
0.0047
0.0232
0.0329
0.046700000000000005
0.0308
0.0345
0.0361
0.0548
0.0458
0.0468
0.0203
0.0163
0.0107
0.0
0.0035
0.0026
0.5243
0.5375
2.622
3.5294
0.8966000000000001
0.8362
0.0149
0.0071
0.047799999999999995
0.0673
0.0716
0.0728
0.0695
0.08610000000000001
0.1048
0.0611
0.2044
0.0
0.0
0.0086
0.0189
0.1234
0.0
0.0
0.1325
2.3754999999999997
2.0921000000000003
0.0
0.0021
0.011000000000000001
0.0048
0.0171
0.0234
0.0285
0.0505
0.0447
0.037599999999999995
0.0339
0.038900000000000004
0.0255
0.032
0.007
0.0707
0.7253
0.14679999999999999
0.5734
1.0536
0.6796
0.1763
0.188
0.1958
0.1945
0.1978
0.3569
0.1246
0.0278
0.0445
0.033299999999999996
0.0466
0.0356
0.0356
0.0328
0.0349
0.023100000000000002
0.1009
0.12409999999999999
0.14129999999999998
0.1812
0.1767
0.14400000000000002
0.1412
0.1583
0.0
0.0
0.0
0.0
0.0
0.0
0.0
0.0
0.0
0.0
0.0
0.0381
0.0
0.0
2.5806000000000004
0.0194
0.0206
1.273
0.7258
0.3761
0.6059
0.5239
0.0486
0.0
1.1165
0.0278
0.0801
0.021400000000000002
0.0338
0.059
0.1525
0.26239999999999997
0.3036
0.30610000000000004
0.3266
0.17099999999999999
0.1641
1.0412
2.9186
0.0475
0.0242
0.017
0.0007
0.4596
1.4055
0.0074
0.0
2.1332
2.5009
1.9575
1.8895
1.6776
1.228
1.1478000000000002
1.0863
0.3681
0.0633
0.017499999999999998
0.0155
0.026099999999999998
0.024
0.0233
0.025599999999999998
0.1392
0.36019999999999996
0.28380000000000005
0.417
0.5938
0.762
0.7762
0.6575
3.034
0.0529
0.060200000000000004
0.060200000000000004
0.053000000000000005
0.0314
0.0225
0.016300000000000002
0.0184
0.0047
0.0232
0.0329
0.046700000000000005
0.0308
0.0345
0.0361
0.0548
0.0458
0.0468
0.0203
0.0163
0.0107
0.0
0.0035
0.0026
0.5243
0.5375
2.622
3.5294
0.8966000000000001
0.8362
0.0149
0.0071
0.047799999999999995
0.0673
0.0716
0.0728
0.0695
0.08610000000000001
0.1048
0.0611
0.2044
0.0
0.0
0.0086
0.0189
0.1234
0.0
0.0
0.1325
2.3754999999999997
2.0921000000000003
0.0
0.0021
0.011000000000000001
0.0048
0.0171
0.0234
0.0285
0.0505
0.0447
0.037599999999999995
0.0339
0.038900000000000004
0.0255
0.032
0.007
0.0707
0.7253
0.14679999999999999
0.5734
1.0536
0.6796
0.1763
0.188
0.1958
0.1945
0.1978
0.3569
0.1246
0.0278
0.0445
0.033299999999999996
0.0466
0.0356
0.0356
0.0328
0.0349
0.023100000000000002
0.1009
0.12409999999999999
0.14129999999999998
0.1812
0.1767
0.14400000000000002
0.1412
0.1583
0.0
0.0
0.0
0.0
0.0
0.0
0.0
0.0
0.0
0.0
0.0
0.0381
0.0
0.0
2.5806000000000004
0.0194
0.0206
1.273
0.7258
0.3761
0.6059
0.5239
0.0486
0.0
1.1165
0.0278
0.0801
0.021400000000000002
0.0338
0.059
0.1525
0.26239999999999997
0.3036
0.30610000000000004
0.3266
0.17099999999999999
0.1641
1.0412
2.9186
0.0475
0.0242
0.017
0.0007
0.4596
1.4055
0.0074
0.0
2.1332
2.5009
1.9575
1.8895
1.6776
1.228
1.1478000000000002
1.0863
0.3681
0.0633
0.017499999999999998
0.0155
0.026099999999999998
0.024
0.0233
0.025599999999999998
0.1392
0.36019999999999996
0.28380000000000005
0.417
0.5938
0.762
0.7762
0.6575
3.034
0.0529
0.060200000000000004
0.060200000000000004
0.053000000000000005
0.0314
0.0225
0.016300000000000002
0.0184
0.0047
0.0232
0.0329
0.046700000000000005
0.0308
0.0345
0.0361
0.0548
0.0458
0.0468
0.0203
0.0163
0.0107
0.0
0.0035
0.0026
0.5243
0.5375
2.622
3.5294
0.8966000000000001
0.8362
0.0149
0.0071
0.047799999999999995
0.0673
0.0716
0.0728
0.0695
0.08610000000000001
0.1048
0.0611
0.2044
0.0
0.0
0.0086
0.0189
0.1234
0.0
0.0
0.1325
2.3754999999999997
2.0921000000000003
0.0
0.0021
0.011000000000000001
0.0048
0.0171
0.0234
0.0285
0.0505
0.0447
0.037599999999999995
0.0339
0.038900000000000004
0.0255
0.032
0.007
0.0707
0.7253
0.14679999999999999
0.5734
1.0536
0.6796
0.1763
0.188
0.1958
0.1945
0.1978
0.3569
0.1246
0.0278
0.0445
0.033299999999999996
0.0466
0.0356
0.0356
0.0328
0.0349
0.023100000000000002
0.1009
0.12409999999999999
0.14129999999999998
0.1812
0.1767
0.14400000000000002
0.1412
0.1583
0.0
0.0
0.0
0.0
0.0
0.0
0.0
0.0
0.0
0.0
0.0
0.0381
0.0
0.0
2.5806000000000004
0.0194
0.0206
1.273
0.7258
0.3761
0.6059
0.5239
0.0486
0.0
1.1165
0.0278
0.0801
0.021400000000000002
0.0338
0.059
0.1525
0.26239999999999997
0.3036
0.30610000000000004
0.3266
0.17099999999999999
0.1641
1.0412
2.9186
0.0475
0.0242
0.017
0.0007
0.4596
1.4055
0.0074
0.0
2.1332
2.5009
1.9575
1.8895
1.6776
1.228
1.1478000000000002
1.0863
0.3681
0.0633
0.017499999999999998
0.0155
0.026099999999999998
0.024
0.0233
0.025599999999999998
0.1392
0.36019999999999996
0.28380000000000005
0.417
0.5938
0.762
0.7762
0.6575
3.034
0.0529
0.060200000000000004
0.060200000000000004
0.053000000000000005
0.0314
0.0225
0.016300000000000002
0.0184
0.0047
0.0232
0.0329
0.046700000000000005
0.0308
0.0345
0.0361
0.0548
0.0458
0.0468
0.0203
0.0163
0.0107
0.0
0.0035
0.0026
0.5243
0.5375
2.622
3.5294
0.8966000000000001
0.8362
0.0149
0.0071
0.047799999999999995
0.0673
0.0716
0.0728
0.0695
0.08610000000000001
0.1048
0.0611
0.2044
0.0
0.0
0.0086
0.0189
0.1234
0.0
0.0
0.1325
2.3754999999999997
2.0921000000000003
0.0
0.0021
0.011000000000000001
0.0048
0.0171
0.0234
0.0285
0.0505
0.0447
0.037599999999999995
0.0339
0.038900000000000004
0.0255
0.032
0.007
0.0707
0.7253
0.14679999999999999
0.5734
1.0536
0.6796
3.9335
8.0361
16.1132
12.9804
1.8702
2.4623999999999997
2.4616
0.39980000000000004
0.5493
0.4819
0.5034000000000001
0.5864
0.6684
0.9633
1.9351
0.7897
0.7781
1.4394
1.1529
0.8846
0.7271
0.5146999999999999
0.4101
0.2552
3.4649
7.4529
5.1803
0.8179
0.2008
0.0958
0.0654
0.0257
0.0191
0.0386
0.0537
0.0542
0.10049999999999999
0.1488
0.1272
0.0664
0.0878
0.1136
0.0985
0.119
0.1439
0.1086
0.0895
0.0365
2.6399999999999997
3.0248
0.8876000000000001
0.1059
0.048100000000000004
0.0576
0.0858
0.0951
0.0528
0.0489
0.044399999999999995
0.037
0.0293
0.0335
0.0316
0.0376
0.0475
0.0564
0.0421
0.044
0.027
0.0184
0.022199999999999998
0.896
5.651999999999999
5.2791
5.2524
2.7096999999999998
0.0168
0.0
0.5479
0.0
0.0003
0.0236
0.043800000000000006
0.0271
0.023399999999999997
0.0295
0.0098
0.0
0.0
0.0
0.121
1.1386
0.1102
0.038400000000000004
0.0041
1.9602
4.1421
3.0852
2.6502
1.6117
0.2143
0.1436
0.48710000000000003
1.9035
0.1688
0.08979999999999999
0.0928
0.0848
0.058300000000000005
0.062299999999999994
0.0699
0.6497
0.701
0.32330000000000003
0.7226
1.6307
2.199
0.8468
0.4196
2.486
0.12869999999999998
0.0716
0.0648
0.1054
0.0
0.0076
0.056
0.08979999999999999
0.0905
0.1371
0.1778
0.1299
0.1414
0.0862
0.137
0.16920000000000002
0.1491
0.0221
0.0
0.9305000000000001
0.1661
0.7611
0.7112
0.2392
0.966
0.7522
0.3619
0.0611
0.0109
0.019799999999999998
0.032600000000000004
0.1655
0.2299
0.09630000000000001
0.011699999999999999
0.0029
0.0
0.0031
0.0101
0.0017
0.9636
0.08479999999999999
0.0437
0.0622
0.0333
0.0203
0.0062
0.9254
3.9335
8.0361
16.1132
12.9804
1.8702
2.4623999999999997
2.4616
0.39980000000000004
0.5493
0.4819
0.5034000000000001
0.5864
0.6684
0.9633
1.9351
0.7897
0.7781
1.4394
1.1529
0.8846
0.7271
0.5146999999999999
0.4101
0.2552
3.4649
7.4529
5.1803
0.8179
0.2008
0.0958
0.0654
0.0257
0.0191
0.0386
0.0537
0.0542
0.10049999999999999
0.1488
0.1272
0.0664
0.0878
0.1136
0.0985
0.119
0.1439
0.1086
0.0895
0.0365
2.6399999999999997
3.0248
0.8876000000000001
0.1059
0.048100000000000004
0.0576
0.0858
0.0951
0.0528
0.0489
0.044399999999999995
0.037
0.0293
0.0335
0.0316
0.0376
0.0475
0.0564
0.0421
0.044
0.027
0.0184
0.022199999999999998
0.896
5.651999999999999
5.2791
5.2524
2.7096999999999998
0.0168
0.0
0.5479
0.0
0.0003
0.0236
0.043800000000000006
0.0271
0.023399999999999997
0.0295
0.0098
0.0
0.0
0.0
0.121
1.1386
0.1102
0.038400000000000004
0.0041
1.9602
4.1421
3.0852
2.6502
1.6117
0.2143
0.1436
0.48710000000000003
1.9035
0.1688
0.08979999999999999
0.0928
0.0848
0.058300000000000005
0.062299999999999994
0.0699
0.6497
0.701
0.32330000000000003
0.7226
1.6307
2.199
0.8468
0.4196
2.486
0.12869999999999998
0.0716
0.0648
0.1054
0.0
0.0076
0.056
0.08979999999999999
0.0905
0.1371
0.1778
0.1299
0.1414
0.0862
0.137
0.16920000000000002
0.1491
0.0221
0.0
0.9305000000000001
0.1661
0.7611
0.7112
0.2392
0.966
0.7522
0.3619
0.0611
0.0109
0.019799999999999998
0.032600000000000004
0.1655
0.2299
0.09630000000000001
0.011699999999999999
0.0029
0.0
0.0031
0.0101
0.0017
0.9636
0.08479999999999999
0.0437
0.0622
0.0333
0.0203
0.0062
0.9254
3.9335
8.0361
16.1132
12.9804
1.8702
2.4623999999999997
2.4616
0.39980000000000004
0.5493
0.4819
0.5034000000000001
0.5864
0.6684
0.9633
1.9351
0.7897
0.7781
1.4394
1.1529
0.8846
0.7271
0.5146999999999999
0.4101
0.2552
3.4649
7.4529
5.1803
0.8179
0.2008
0.0958
0.0654
0.0257
0.0191
0.0386
0.0537
0.0542
0.10049999999999999
0.1488
0.1272
0.0664
0.0878
0.1136
0.0985
0.119
0.1439
0.1086
0.0895
0.0365
2.6399999999999997
3.0248
0.8876000000000001
0.1059
0.048100000000000004
0.0576
0.0858
0.0951
0.0528
0.0489
0.044399999999999995
0.037
0.0293
0.0335
0.0316
0.0376
0.0475
0.0564
0.0421
0.044
0.027
0.0184
0.022199999999999998
0.896
5.651999999999999
5.2791
5.2524
2.7096999999999998
0.0168
0.0
0.5479
0.0
0.0003
0.0236
0.043800000000000006
0.0271
0.023399999999999997
0.0295
0.0098
0.0
0.0
0.0
0.121
1.1386
0.1102
0.038400000000000004
0.0041
1.9602
4.1421
3.0852
2.6502
1.6117
0.2143
0.1436
0.48710000000000003
1.9035
0.1688
0.08979999999999999
0.0928
0.0848
0.058300000000000005
0.062299999999999994
0.0699
0.6497
0.701
0.32330000000000003
0.7226
1.6307
2.199
0.8468
0.4196
2.486
0.12869999999999998
0.0716
0.0648
0.1054
0.0
0.0076
0.056
0.08979999999999999
0.0905
0.1371
0.1778
0.1299
0.1414
0.0862
0.137
0.16920000000000002
0.1491
0.0221
0.0
0.9305000000000001
0.1661
0.7611
0.7112
0.2392
0.966
0.7522
0.3619
0.0611
0.0109
0.019799999999999998
0.032600000000000004
0.1655
0.2299
0.09630000000000001
0.011699999999999999
0.0029
0.0
0.0031
0.0101
0.0017
0.9636
0.08479999999999999
0.0437
0.0622
0.0333
0.0203
0.0062
0.9254
3.9335
8.0361
16.1132
12.9804
1.8702
2.4623999999999997
2.4616
0.39980000000000004
0.5493
0.4819
0.5034000000000001
0.5864
0.6684
0.9633
1.9351
0.7897
0.7781
1.4394
1.1529
0.8846
0.7271
0.5146999999999999
0.4101
0.2552
3.4649
7.4529
5.1803
0.8179
0.2008
0.0958
0.0654
0.0257
0.0191
0.0386
0.0537
0.0542
0.10049999999999999
0.1488
0.1272
0.0664
0.0878
0.1136
0.0985
0.119
0.1439
0.1086
0.0895
0.0365
2.6399999999999997
3.0248
0.8876000000000001
0.1059
0.048100000000000004
0.0576
0.0858
0.0951
0.0528
0.0489
0.044399999999999995
0.037
0.0293
0.0335
0.0316
0.0376
0.0475
0.0564
0.0421
0.044
0.027
0.0184
0.022199999999999998
0.896
5.651999999999999
5.2791
5.2524
2.7096999999999998
0.0168
0.0
0.5479
0.0
0.0003
0.0236
0.043800000000000006
0.0271
0.023399999999999997
0.0295
0.0098
0.0
0.0
0.0
0.121
1.1386
0.1102
0.038400000000000004
0.0041
1.9602
4.1421
3.0852
2.6502
1.6117
0.2143
0.1436
0.48710000000000003
1.9035
0.1688
0.08979999999999999
0.0928
0.0848
0.058300000000000005
0.062299999999999994
0.0699
0.6497
0.701
0.32330000000000003
0.7226
1.6307
2.199
0.8468
0.4196
2.486
0.12869999999999998
0.0716
0.0648
0.1054
0.0
0.0076
0.056
0.08979999999999999
0.0905
0.1371
0.1778
0.1299
0.1414
0.0862
0.137
0.16920000000000002
0.1491
0.0221
0.0
0.9305000000000001
0.1661
0.7611
0.7112
0.2392
0.966
0.7522
0.3619
0.0611
0.0109
0.019799999999999998
0.032600000000000004
0.1655
0.2299
0.09630000000000001
0.011699999999999999
0.0029
0.0
0.0031
0.0101
0.0017
0.9636
0.08479999999999999
0.0437
0.0622
0.0333
0.0203
0.0062
0.9254
3.9335
8.0361
16.1132
12.9804
1.8702
2.4623999999999997
2.4616
0.39980000000000004
0.5493
0.4819
0.5034000000000001
0.5864
0.6684
0.9633
1.9351
0.7897
0.7781
1.4394
1.1529
0.8846
0.7271
0.5146999999999999
0.4101
0.2552
3.4649
7.4529
5.1803
0.8179
0.2008
0.0958
0.0654
0.0257
0.0191
0.0386
0.0537
0.0542
0.10049999999999999
0.1488
0.1272
0.0664
0.0878
0.1136
0.0985
0.119
0.1439
0.1086
0.0895
0.0365
2.6399999999999997
3.0248
0.8876000000000001
0.1059
0.048100000000000004
0.0576
0.0858
0.0951
0.0528
0.0489
0.044399999999999995
0.037
0.0293
0.0335
0.0316
0.0376
0.0475
0.0564
0.0421
0.044
0.027
0.0184
0.022199999999999998
0.896
5.2638
5.7241
5.664899999999999
3.144
1.0261
0.43019999999999997
0.0327
0.0047
0.014599999999999998
0.0324
0.049
0.0375
0.0411
0.0356
0.0363
0.0315
0.0254
0.0
0.7455
0.3271
0.5329
1.0969000000000002
0.8411
0.4289
0.0
0.0
0.0
0.0
0.0
0.0
0.0047
0.0
0.0076
0.0
0.0
0.0
0.0
1.1261
3.3906
0.0222
0.2913
0.1946
0.521
0.032
0.2464
0.1753
0.0158
0.0
9.916699999999999
3.1532
7.2344
4.3833
5.045
1.3906
9.5693
4.1781
23.8085
6.2600999999999996
8.1692
2.2165
1.2708
1.0049000000000001
0.9903
1.1895
0.7232
1.6518
3.1696999999999997
3.2915
3.4068
1.1383
0.8433999999999999
1.7224000000000002
0.2652
0.2578
0.2071
0.4295
1.321
0.18
1.7494999999999998
0.5725
0.4024
0.37370000000000003
0.6925
0.4033
0.2937
0.2872
0.4318
1.1402
0.6661
0.8069999999999999
1.6164
0.9362
0.1984
0.2032
0.2087
0.2299
1.3497
1.4903
1.4426999999999999
1.5556
1.4818
1.3580999999999999
0.6858
0.1087
0.015099999999999999
0.025
0.027800000000000002
0.038900000000000004
0.0371
0.0305
0.032299999999999995
0.039
0.1076
0.8751
1.0369
1.0303
0.8613
0.7416
0.7293000000000001
2.4176
0.9986
2.1108000000000002
2.8649
4.8902
3.35
0.1758
0.8341000000000001
0.4148
0.6547000000000001
0.6990000000000001
0.8497
0.8688
0.8033
0.7916
1.3021
0.4001
0.1618
0.1116
0.19669999999999999
0.2674
0.1073
0.0
0.0
0.0
3.1094
3.553
3.217
0.36569999999999997
0.0054
0.021
0.021699999999999997
0.0217
0.016399999999999998
0.025
0.0504
0.0427
0.0527
0.0334
0.0416
0.032
0.026099999999999998
0.0269
0.0206
0.0469
0.4585
0.5513
0.5731999999999999
2.4343
5.2638
5.7241
5.664899999999999
3.144
1.0261
0.43019999999999997
0.0327
0.0047
0.014599999999999998
0.0324
0.049
0.0375
0.0411
0.0356
0.0363
0.0315
0.0254
0.0
0.7455
0.3271
0.5329
1.0969000000000002
0.8411
0.4289
0.0
0.0
0.0
0.0
0.0
0.0
0.0047
0.0
0.0076
0.0
0.0
0.0
0.0
1.1261
3.3906
0.0222
0.2913
0.1946
0.521
0.032
0.2464
0.1753
0.0158
0.0
9.916699999999999
3.1532
7.2344
4.3833
5.045
1.3906
9.5693
4.1781
23.8085
6.2600999999999996
8.1692
2.2165
1.2708
1.0049000000000001
0.9903
1.1895
0.7232
1.6518
3.1696999999999997
3.2915
3.4068
1.1383
0.8433999999999999
1.7224000000000002
0.2652
0.2578
0.2071
0.4295
1.321
0.18
1.7494999999999998
0.5725
0.4024
0.37370000000000003
0.6925
0.4033
0.2937
0.2872
0.4318
1.1402
0.6661
0.8069999999999999
1.6164
0.9362
0.1984
0.2032
0.2087
0.2299
1.3497
1.4903
1.4426999999999999
1.5556
1.4818
1.3580999999999999
0.6858
0.1087
0.015099999999999999
0.025
0.027800000000000002
0.038900000000000004
0.0371
0.0305
0.032299999999999995
0.039
0.1076
0.8751
1.0369
1.0303
0.8613
0.7416
0.7293000000000001
2.4176
0.9986
2.1108000000000002
2.8649
4.8902
3.35
0.1758
0.8341000000000001
0.4148
0.6547000000000001
0.6990000000000001
0.8497
0.8688
0.8033
0.7916
1.3021
0.4001
0.1618
0.1116
0.19669999999999999
0.2674
0.1073
0.0
0.0
0.0
3.1094
3.553
3.217
0.36569999999999997
0.0054
0.021
0.021699999999999997
0.0217
0.016399999999999998
0.025
0.0504
0.0427
0.0527
0.0334
0.0416
0.032
0.026099999999999998
0.0269
0.0206
0.0469
0.4585
0.5513
0.5731999999999999
2.4343
5.2638
5.7241
5.664899999999999
3.144
1.0261
0.43019999999999997
0.0327
0.0047
0.014599999999999998
0.0324
0.049
0.0375
0.0411
0.0356
0.0363
0.0315
0.0254
0.0
0.7455
0.3271
0.5329
1.0969000000000002
0.8411
0.4289
0.0
0.0
0.0
0.0
0.0
0.0
0.0047
0.0
0.0076
0.0
0.0
0.0
0.0
1.1261
3.3906
0.0222
0.2913
0.1946
0.521
0.032
0.2464
0.1753
0.0158
0.0
9.916699999999999
3.1532
7.2344
4.3833
5.045
1.3906
9.5693
4.1781
23.8085
6.2600999999999996
8.1692
2.2165
1.2708
1.0049000000000001
0.9903
1.1895
0.7232
1.6518
3.1696999999999997
3.2915
3.4068
1.1383
0.8433999999999999
1.7224000000000002
0.2652
0.2578
0.2071
0.4295
1.321
0.18
1.7494999999999998
0.5725
0.4024
0.37370000000000003
0.6925
0.4033
0.2937
0.2872
0.4318
1.1402
0.6661
0.8069999999999999
1.6164
0.9362
0.1984
0.2032
0.2087
0.2299
1.3497
1.4903
1.4426999999999999
1.5556
1.4818
1.3580999999999999
0.6858
0.1087
0.015099999999999999
0.025
0.027800000000000002
0.038900000000000004
0.0371
0.0305
0.032299999999999995
0.039
0.1076
0.8751
1.0369
1.0303
0.8613
0.7416
0.7293000000000001
2.4176
0.9986
2.1108000000000002
2.8649
4.8902
3.35
0.1758
0.8341000000000001
0.4148
0.6547000000000001
0.6990000000000001
0.8497
0.8688
0.8033
0.7916
1.3021
0.4001
0.1618
0.1116
0.19669999999999999
0.2674
0.1073
0.0
0.0
0.0
3.1094
3.553
3.217
0.36569999999999997
0.0054
0.021
0.021699999999999997
0.0217
0.016399999999999998
0.025
0.0504
0.0427
0.0527
0.0334
0.0416
0.032
0.026099999999999998
0.0269
0.0206
0.0469
0.4585
0.5513
0.5731999999999999
2.4343
5.2638
5.7241
5.664899999999999
3.144
1.0261
0.43019999999999997
0.0327
0.0047
0.014599999999999998
0.0324
0.049
0.0375
0.0411
0.0356
0.0363
0.0315
0.0254
0.0
0.7455
0.3271
0.5329
1.0969000000000002
0.8411
0.4289
0.0
0.0
0.0
0.0
0.0
0.0
0.0047
0.0
0.0076
0.0
0.0
0.0
0.0
1.1261
3.3906
0.0222
0.2913
0.1946
0.521
0.032
0.2464
0.1753
0.0158
0.0
9.916699999999999
3.1532
7.2344
4.3833
5.045
1.3906
9.5693
4.1781
23.8085
6.2600999999999996
8.1692
2.2165
1.2708
1.0049000000000001
0.9903
1.1895
0.7232
1.6518
3.1696999999999997
3.2915
3.4068
1.1383
0.8433999999999999
1.7224000000000002
0.2652
0.2578
0.2071
0.4295
1.321
0.18
1.7494999999999998
0.5725
0.4024
0.37370000000000003
0.6925
0.4033
0.2937
0.2872
0.4318
1.1402
0.6661
0.8069999999999999
1.6164
0.9362
0.1984
0.2032
0.2087
0.2299
1.3497
1.4903
1.4426999999999999
1.5556
1.4818
1.3580999999999999
0.6858
0.1087
0.015099999999999999
0.025
0.027800000000000002
0.038900000000000004
0.0371
0.0305
0.032299999999999995
0.039
0.1076
0.8751
1.0369
1.0303
0.8613
0.7416
0.7293000000000001
2.4176
0.9986
2.1108000000000002
2.8649
4.8902
3.35
0.1758
0.8341000000000001
0.4148
0.6547000000000001
0.6990000000000001
0.8497
0.8688
0.8033
0.7916
1.3021
0.4001
0.1618
0.1116
0.19669999999999999
0.2674
0.1073
0.0
0.0
0.0
3.1094
3.553
3.217
0.36569999999999997
0.0054
0.021
0.021699999999999997
0.0217
0.016399999999999998
0.025
0.0504
0.0427
0.0527
0.0334
0.0416
0.032
0.026099999999999998
0.0269
0.0206
0.0469
0.4585
0.5513
0.5731999999999999
2.4343
5.2638
5.7241
5.664899999999999
3.144
1.0261
0.43019999999999997
0.0327
0.0047
0.014599999999999998
0.0324
0.049
0.0375
0.0411
0.0356
0.0363
0.0315
0.0254
0.0
0.7455
0.3271
0.5329
1.0969000000000002
0.8411
0.4289
0.0
0.0
0.0
0.0
0.0
0.0
0.0047
0.0
0.0076
0.0
0.0
0.0
0.0
1.1261
3.3906
0.0222
0.2913
0.1946
0.521
0.032
0.2464
0.1753
0.0158
0.0
0.1385
0.15810000000000002
0.1601
0.1656
0.1535
0.23070000000000002
0.3791
0.3567
1.2265
0.0413
0.0699
0.0963
0.1305
2.0286
0.3561
0.0047
0.38989999999999997
1.1804000000000001
0.0056
0.0433
0.0
0.0
0.0
0.0
2.8447
4.3025
4.1525
3.8456
2.2367
0.2954
0.2314
0.18059999999999998
0.1403
0.1056
0.09179999999999999
0.0902
0.1017
0.1052
0.134
0.1724
0.3484
0.4873
0.5381
0.5784
0.6006
0.7513
1.1308
1.1857
0.0
0.0
0.0
0.0
0.0
0.0104
0.11180000000000001
0.0783
0.8021
0.0456
0.08249999999999999
0.2005
0.3395
3.4867
1.0672
0.1846
0.0956
0.0065
0.6544
0.0796
0.3735
0.0777
0.0
0.0
0.43979999999999997
2.6505
2.8559
0.3342
0.1264
0.1456
0.2243
0.25780000000000003
0.21339999999999998
0.20340000000000003
0.19319999999999998
0.1731
0.1833
0.1884
0.19019999999999998
0.1921
0.1835
0.1872
0.1587
0.9696
0.7838
0.627
0.3185
0.2018
0.1278
0.1181
0.1609
0.1322
1.6671
1.101
1.0775000000000001
0.1598
0.0208
0.0542
0.0695
0.086
0.0674
0.0736
0.0594
0.0235
0.0037
1.3885
0.4931
0.48150000000000004
0.1739
0.0847
0.09129999999999999
0.15460000000000002
5.9879
6.6831
4.718
0.7944
0.0561
0.0275
0.0426
0.0548
0.0286
0.015799999999999998
0.0167
0.025300000000000003
0.0503
0.0542
0.0566
0.0477
0.048299999999999996
0.058300000000000005
0.0433
0.019
0.0105
0.0
0.44439999999999996
0.7796000000000001
4.1067
2.8085
0.7886
0.2515
0.0654
0.0631
0.0743
0.0854
0.137
0.1476
0.19990000000000002
0.2566
0.1893
0.1376
0.1741
0.502
0.1605
0.13
0.0833
0.09
0.0933
0.1122
0.279
1.4988000000000001
0.1385
0.15810000000000002
0.1601
0.1656
0.1535
0.23070000000000002
0.3791
0.3567
1.2265
0.0413
0.0699
0.0963
0.1305
2.0286
0.3561
0.0047
0.38989999999999997
1.1804000000000001
0.0056
0.0433
0.0
0.0
0.0
0.0
2.8447
4.3025
4.1525
3.8456
2.2367
0.2954
0.2314
0.18059999999999998
0.1403
0.1056
0.09179999999999999
0.0902
0.1017
0.1052
0.134
0.1724
0.3484
0.4873
0.5381
0.5784
0.6006
0.7513
1.1308
1.1857
0.0
0.0
0.0
0.0
0.0
0.0104
0.11180000000000001
0.0783
0.8021
0.0456
0.08249999999999999
0.2005
0.3395
3.4867
1.0672
0.1846
0.0956
0.0065
0.6544
0.0796
0.3735
0.0777
0.0
0.0
0.43979999999999997
2.6505
2.8559
0.3342
0.1264
0.1456
0.2243
0.25780000000000003
0.21339999999999998
0.20340000000000003
0.19319999999999998
0.1731
0.1833
0.1884
0.19019999999999998
0.1921
0.1835
0.1872
0.1587
0.9696
0.7838
0.627
0.3185
0.2018
0.1278
0.1181
0.1609
0.1322
1.6671
1.101
1.0775000000000001
0.1598
0.0208
0.0542
0.0695
0.086
0.0674
0.0736
0.0594
0.0235
0.0037
1.3885
0.4931
0.48150000000000004
0.1739
0.0847
0.09129999999999999
0.15460000000000002
5.9879
6.6831
4.718
0.7944
0.0561
0.0275
0.0426
0.0548
0.0286
0.015799999999999998
0.0167
0.025300000000000003
0.0503
0.0542
0.0566
0.0477
0.048299999999999996
0.058300000000000005
0.0433
0.019
0.0105
0.0
0.44439999999999996
0.7796000000000001
4.1067
2.8085
0.7886
0.2515
0.0654
0.0631
0.0743
0.0854
0.137
0.1476
0.19990000000000002
0.2566
0.1893
0.1376
0.1741
0.502
0.1605
0.13
0.0833
0.09
0.0933
0.1122
0.279
1.4988000000000001
0.1385
0.15810000000000002
0.1601
0.1656
0.1535
0.23070000000000002
0.3791
0.3567
1.2265
0.0413
0.0699
0.0963
0.1305
2.0286
0.3561
0.0047
0.38989999999999997
1.1804000000000001
0.0056
0.0433
0.0
0.0
0.0
0.0
2.8447
4.3025
4.1525
3.8456
2.2367
0.2954
0.2314
0.18059999999999998
0.1403
0.1056
0.09179999999999999
0.0902
0.1017
0.1052
0.134
0.1724
0.3484
0.4873
0.5381
0.5784
0.6006
0.7513
1.1308
1.1857
0.0
0.0
0.0
0.0
0.0
0.0104
0.11180000000000001
0.0783
0.8021
0.0456
0.08249999999999999
0.2005
0.3395
3.4867
1.0672
0.1846
0.0956
0.0065
0.6544
0.0796
0.3735
0.0777
0.0
0.0
0.43979999999999997
2.6505
2.8559
0.3342
0.1264
0.1456
0.2243
0.25780000000000003
0.21339999999999998
0.20340000000000003
0.19319999999999998
0.1731
0.1833
0.1884
0.19019999999999998
0.1921
0.1835
0.1872
0.1587
0.9696
0.7838
0.627
0.3185
0.2018
0.1278
0.1181
0.1609
0.1322
1.6671
1.101
1.0775000000000001
0.1598
0.0208
0.0542
0.0695
0.086
0.0674
0.0736
0.0594
0.0235
0.0037
1.3885
0.4931
0.48150000000000004
0.1739
0.0847
0.09129999999999999
0.15460000000000002
5.9879
6.6831
4.718
0.7944
0.0561
0.0275
0.0426
0.0548
0.0286
0.015799999999999998
0.0167
0.025300000000000003
0.0503
0.0542
0.0566
0.0477
0.048299999999999996
0.058300000000000005
0.0433
0.019
0.0105
0.0
0.44439999999999996
0.7796000000000001
4.1067
2.8085
0.7886
0.2515
0.0654
0.0631
0.0743
0.0854
0.137
0.1476
0.19990000000000002
0.2566
0.1893
0.1376
0.1741
0.502
0.1605
0.13
0.0833
0.09
0.0933
0.1122
0.279
1.4988000000000001
0.1385
0.15810000000000002
0.1601
0.1656
0.1535
0.23070000000000002
0.3791
0.3567
1.2265
0.0413
0.0699
0.0963
0.1305
2.0286
0.3561
0.0047
0.38989999999999997
1.1804000000000001
0.0056
0.0433
0.0
0.0
0.0
0.0
2.8447
4.3025
4.1525
3.8456
2.2367
0.2954
0.2314
0.18059999999999998
0.1403
0.1056
0.09179999999999999
0.0902
0.1017
0.1052
0.134
0.1724
0.3484
0.4873
0.5381
0.5784
0.6006
0.7513
1.1308
1.1857
0.0
0.0
0.0
0.0
0.0
0.0104
0.11180000000000001
0.0783
0.8021
0.0456
0.08249999999999999
0.2005
0.3395
3.4867
1.0672
0.1846
0.0956
0.0065
0.6544
0.0796
0.3735
0.0777
0.0
0.0
0.43979999999999997
2.6505
2.8559
0.3342
0.1264
0.1456
0.2243
0.25780000000000003
0.21339999999999998
0.20340000000000003
0.19319999999999998
0.1731
0.1833
0.1884
0.19019999999999998
0.1921
0.1835
0.1872
0.1587
0.9696
0.7838
0.627
0.3185
0.2018
0.1278
0.1181
0.1609
0.1322
1.6671
1.101
1.0775000000000001
0.1598
0.0208
0.0542
0.0695
0.086
0.0674
0.0736
0.0594
0.0235
0.0037
1.3885
0.4931
0.48150000000000004
0.1739
0.0847
0.09129999999999999
0.15460000000000002
5.9879
6.6831
4.718
0.7944
0.0561
0.0275
0.0426
0.0548
0.0286
0.015799999999999998
0.0167
0.025300000000000003
0.0503
0.0542
0.0566
0.0477
0.048299999999999996
0.058300000000000005
0.0433
0.019
0.0105
0.0
0.44439999999999996
0.7796000000000001
4.1067
2.8085
0.7886
0.2515
0.0654
0.0631
0.0743
0.0854
0.137
0.1476
0.19990000000000002
0.2566
0.1893
0.1376
0.1741
0.502
0.1605
0.13
0.0833
0.09
0.0933
0.1122
0.279
1.4988000000000001
0.1385
0.15810000000000002
0.1601
0.1656
0.1535
0.23070000000000002
0.3791
0.3567
1.2265
0.0413
0.0699
0.0963
0.1305
2.0286
0.3561
0.0047
0.38989999999999997
1.1804000000000001
0.0056
0.0433
0.0
0.0
0.0
0.0
2.8447
4.3025
4.1525
3.8456
2.2367
0.2954
0.2314
0.18059999999999998
0.1403
0.1056
0.09179999999999999
0.0902
0.1017
0.1052
0.134
0.1724
0.3484
0.4873
0.5381
0.5784
0.6006
0.7513
1.1308
1.1857
0.0
0.0
0.0
0.0
0.0
0.0104
0.11180000000000001
0.0783
0.8021
0.0456
0.08249999999999999
0.2005
0.3395
3.4867
1.0672
0.1846
0.0956
0.0065
0.6544
0.0796
0.3735
0.0777
0.0
0.0
