0.0676
0.0636
0.0628
0.0652
0.0673
0.0684
0.06709999999999999
0.0665
0.0695
0.077
0.0586
0.0464
0.0495
0.0543
0.0598
0.0688
0.06129999999999999
0.0691
0.0726
0.0678
0.0542
0.0557
0.07289999999999999
0.08549999999999999
1.5195
2.4754
3.2354000000000003
0.8427
0.0035
0.0284
0.0569
0.0137
0.0267
0.039
0.029699999999999997
0.043899999999999995
0.0407
0.0524
0.0556
0.0422
0.0299
0.0312
0.0464
0.0427
0.0414
0.022699999999999998
0.0
0.0
2.4823000000000004
2.2163
1.2046000000000001
0.8523000000000001
0.3114
0.0135
0.032299999999999995
0.0833
0.10070000000000001
0.1005
0.11480000000000001
0.0832
0.0934
0.061799999999999994
0.0674
0.091
0.09079999999999999
0.057300000000000004
0.0281
0.0026
0.0317
0.0093
0.5908
1.1354
3.186
2.2643
2.2244
1.3149
0.11380000000000001
0.1084
0.087
0.1011
0.0776
0.082
0.077
0.4165
0.3131
0.0797
0.086
0.0901
0.1078
0.7256
0.6794
0.8697999999999999
0.7045
0.3427
0.2379
0.969
0.07669999999999999
0.0655
0.056999999999999995
0.0296
0.0649
0.0594
0.15000000000000002
0.17980000000000002
0.2289
0.2374
0.3211
0.6127
0.40069999999999995
0.1628
3.6486
0.1164
0.2997
0.1169
0.2808
0.6454
1.0505
0.3186
0.0273
0.0557
0.1464
0.1462
0.1408
0.14
0.1482
0.1724
0.2049
0.2299
0.13340000000000002
0.1648
0.06359999999999999
0.051500000000000004
0.0506
0.046
0.0591
0.0685
0.11929999999999999
0.24630000000000002
0.23570000000000002
0.2761
0.27990000000000004
0.22899999999999998
0.182
0.1698
2.5776000000000003
5.5921
4.5574
0.6812
0.15
0.056499999999999995
0.0275
0.0157
0.0077
0.0325
0.026799999999999997
0.0352
0.0278
0.0508
0.0403
0.0346
0.0284
0.0093
0.0117
0.046
0.0283
0.0092
0.0
0.0101
0.0676
0.0636
0.0628
0.0652
0.0673
0.0684
0.06709999999999999
0.0665
0.0695
0.077
0.0586
0.0464
0.0495
0.0543
0.0598
0.0688
0.06129999999999999
0.0691
0.0726
0.0678
0.0542
0.0557
0.07289999999999999
0.08549999999999999
1.5195
2.4754
3.2354000000000003
0.8427
0.0035
0.0284
0.0569
0.0137
0.0267
0.039
0.029699999999999997
0.043899999999999995
0.0407
0.0524
0.0556
0.0422
0.0299
0.0312
0.0464
0.0427
0.0414
0.022699999999999998
0.0
0.0
2.4823000000000004
2.2163
1.2046000000000001
0.8523000000000001
0.3114
0.0135
0.032299999999999995
0.0833
0.10070000000000001
0.1005
0.11480000000000001
0.0832
0.0934
0.061799999999999994
0.0674
0.091
0.09079999999999999
0.057300000000000004
0.0281
0.0026
0.0317
0.0093
0.5908
1.1354
3.186
2.2643
2.2244
1.3149
0.11380000000000001
0.1084
0.087
0.1011
0.0776
0.082
0.077
0.4165
0.3131
0.0797
0.086
0.0901
0.1078
0.7256
0.6794
0.8697999999999999
0.7045
0.3427
0.2379
0.969
0.07669999999999999
0.0655
0.056999999999999995
0.0296
0.0649
0.0594
0.15000000000000002
0.17980000000000002
0.2289
0.2374
0.3211
0.6127
0.40069999999999995
0.1628
3.6486
0.1164
0.2997
0.1169
0.2808
0.6454
1.0505
0.3186
0.0273
0.0557
0.1464
0.1462
0.1408
0.14
0.1482
0.1724
0.2049
0.2299
0.13340000000000002
0.1648
0.06359999999999999
0.051500000000000004
0.0506
0.046
0.0591
0.0685
0.11929999999999999
0.24630000000000002
0.23570000000000002
0.2761
0.27990000000000004
0.22899999999999998
0.182
0.1698
2.5776000000000003
5.5921
4.5574
0.6812
0.15
0.056499999999999995
0.0275
0.0157
0.0077
0.0325
0.026799999999999997
0.0352
0.0278
0.0508
0.0403
0.0346
0.0284
0.0093
0.0117
0.046
0.0283
0.0092
0.0
0.0101
0.0676
0.0636
0.0628
0.0652
0.0673
0.0684
0.06709999999999999
0.0665
0.0695
0.077
0.0586
0.0464
0.0495
0.0543
0.0598
0.0688
0.06129999999999999
0.0691
0.0726
0.0678
0.0542
0.0557
0.07289999999999999
0.08549999999999999
1.5195
2.4754
3.2354000000000003
0.8427
0.0035
0.0284
0.0569
0.0137
0.0267
0.039
0.029699999999999997
0.043899999999999995
0.0407
0.0524
0.0556
0.0422
0.0299
0.0312
0.0464
0.0427
0.0414
0.022699999999999998
0.0
0.0
2.4823000000000004
2.2163
1.2046000000000001
0.8523000000000001
0.3114
0.0135
0.032299999999999995
0.0833
0.10070000000000001
0.1005
0.11480000000000001
0.0832
0.0934
0.061799999999999994
0.0674
0.091
0.09079999999999999
0.057300000000000004
0.0281
0.0026
0.0317
0.0093
0.5908
1.1354
3.186
2.2643
2.2244
1.3149
0.11380000000000001
0.1084
0.087
0.1011
0.0776
0.082
0.077
0.4165
0.3131
0.0797
0.086
0.0901
0.1078
0.7256
0.6794
0.8697999999999999
0.7045
0.3427
0.2379
0.969
0.07669999999999999
0.0655
0.056999999999999995
0.0296
0.0649
0.0594
0.15000000000000002
0.17980000000000002
0.2289
0.2374
0.3211
0.6127
0.40069999999999995
0.1628
3.6486
0.1164
0.2997
0.1169
0.2808
0.6454
1.0505
0.3186
0.0273
0.0557
0.1464
0.1462
0.1408
0.14
0.1482
0.1724
0.2049
0.2299
0.13340000000000002
0.1648
0.06359999999999999
0.051500000000000004
0.0506
0.046
0.0591
0.0685
0.11929999999999999
0.24630000000000002
0.23570000000000002
0.2761
0.27990000000000004
0.22899999999999998
0.182
0.1698
2.5776000000000003
5.5921
4.5574
0.6812
0.15
0.056499999999999995
0.0275
0.0157
0.0077
0.0325
0.026799999999999997
0.0352
0.0278
0.0508
0.0403
0.0346
0.0284
0.0093
0.0117
0.046
0.0283
0.0092
0.0
0.0101
0.0676
0.0636
0.0628
0.0652
0.0673
0.0684
0.06709999999999999
0.0665
0.0695
0.077
0.0586
0.0464
0.0495
0.0543
0.0598
0.0688
0.06129999999999999
0.0691
0.0726
0.0678
0.0542
0.0557
0.07289999999999999
0.08549999999999999
1.5195
2.4754
3.2354000000000003
0.8427
0.0035
0.0284
0.0569
0.0137
0.0267
0.039
0.029699999999999997
0.043899999999999995
0.0407
0.0524
0.0556
0.0422
0.0299
0.0312
0.0464
0.0427
0.0414
0.022699999999999998
0.0
0.0
2.4823000000000004
2.2163
1.2046000000000001
0.8523000000000001
0.3114
0.0135
0.032299999999999995
0.0833
0.10070000000000001
0.1005
0.11480000000000001
0.0832
0.0934
0.061799999999999994
0.0674
0.091
0.09079999999999999
0.057300000000000004
0.0281
0.0026
0.0317
0.0093
0.5908
1.1354
3.186
2.2643
2.2244
1.3149
0.11380000000000001
0.1084
0.087
0.1011
0.0776
0.082
0.077
0.4165
0.3131
0.0797
0.086
0.0901
0.1078
0.7256
0.6794
0.8697999999999999
0.7045
0.3427
0.2379
0.969
0.07669999999999999
0.0655
0.056999999999999995
0.0296
0.0649
0.0594
0.15000000000000002
0.17980000000000002
0.2289
0.2374
0.3211
0.6127
0.40069999999999995
0.1628
3.6486
0.1164
0.2997
0.1169
0.2808
0.6454
1.0505
0.3186
0.0273
0.0557
0.1464
0.1462
0.1408
0.14
0.1482
0.1724
0.2049
0.2299
0.13340000000000002
0.1648
0.06359999999999999
0.051500000000000004
0.0506
0.046
0.0591
0.0685
0.11929999999999999
0.24630000000000002
0.23570000000000002
0.2761
0.27990000000000004
0.22899999999999998
0.182
0.1698
2.5776000000000003
5.5921
4.5574
0.6812
0.15
0.056499999999999995
0.0275
0.0157
0.0077
0.0325
0.026799999999999997
0.0352
0.0278
0.0508
0.0403
0.0346
0.0284
0.0093
0.0117
0.046
0.0283
0.0092
0.0
0.0101
0.0676
0.0636
0.0628
0.0652
0.0673
0.0684
0.06709999999999999
0.0665
0.0695
0.077
0.0586
0.0464
0.0495
0.0543
0.0598
0.0688
0.06129999999999999
0.0691
0.0726
0.0678
0.0542
0.0557
0.07289999999999999
0.08549999999999999
1.5195
2.4754
3.2354000000000003
0.8427
0.0035
0.0284
0.0569
0.0137
0.0267
0.039
0.029699999999999997
0.043899999999999995
0.0407
0.0524
0.0556
0.0422
0.0299
0.0312
0.0464
0.0427
0.0414
0.022699999999999998
0.0
0.0
2.4823000000000004
2.2163
1.2046000000000001
0.8523000000000001
0.3114
0.0135
0.032299999999999995
0.0833
0.10070000000000001
0.1005
0.11480000000000001
0.0832
0.0934
0.061799999999999994
0.0674
0.091
0.09079999999999999
0.057300000000000004
0.0281
0.0026
0.0317
0.0093
0.5908
1.1354
5.5064
5.8347
2.3777
0.0968
0.0999
0.0769
0.0706
0.46499999999999997
0.1532
0.15460000000000002
0.3104
0.5071
0.19519999999999998
0.1036
0.1089
0.12719999999999998
0.1426
0.133
0.1295
0.1146
0.1111
0.13069999999999998
0.13579999999999998
2.0126
1.5274999999999999
3.1079999999999997
2.3409
0.7593000000000001
0.3822
0.268
0.24029999999999999
0.1681
0.12
0.0857
0.0701
0.0619
0.0701
0.0759
0.14679999999999999
0.622
0.5532
0.6711
1.1214
2.3045
1.5845
0.7622
0.702
0.6232
0.1434
0.13490000000000002
0.1424
0.1393
0.1372
0.14839999999999998
0.1829
0.2248
0.23859999999999998
0.3372
0.4384
0.6809000000000001
0.5903
0.8474999999999999
0.6202000000000001
0.243
0.2623
1.4963
0.5664
1.6768999999999998
0.4842
0.3166
0.2193
0.1557
0.2289
0.2676
0.2919
0.49110000000000004
0.0413
0.1187
1.2549000000000001
0.1801
0.2208
0.23270000000000002
0.2459
0.2688
0.2626
0.1515
0.6772999999999999
0.6813
0.1955
0.191
0.1629
0.1812
0.0952
0.0775
0.1043
0.133
3.7988
4.0548
4.163399999999999
1.3171
0.16670000000000001
0.216
0.2218
1.3556
2.0457
2.2135
1.4622
0.6744
0.4713
0.4185
0.4706
1.0289000000000001
0.7209
0.7745
0.9057999999999999
1.0586
2.1299
2.7357
2.6589
3.4158
0.6793
1.0205
0.3852
0.776
0.9115
0.0331
0.0363
0.0119
0.007299999999999999
0.0092
0.0519
0.023899999999999998
0.027999999999999997
0.0203
0.0112
0.0031
0.0113
0.0
0.9048
0.2671
0.3774
0.5711
1.2372
1.3046
0.0352
2.2314
0.0
0.2018
0.128
0.111
0.32320000000000004
0.0494
0.0569
0.0744
0.09559999999999999
0.0753
0.0923
0.0876
0.18259999999999998
0.3427
0.0163
0.0219
0.0092
0.0
0.0208
0.0
0.0029
0.0098
5.5064
5.8347
2.3777
0.0968
0.0999
0.0769
0.0706
0.46499999999999997
0.1532
0.15460000000000002
0.3104
0.5071
0.19519999999999998
0.1036
0.1089
0.12719999999999998
0.1426
0.133
0.1295
0.1146
0.1111
0.13069999999999998
0.13579999999999998
2.0126
1.5274999999999999
3.1079999999999997
2.3409
0.7593000000000001
0.3822
0.268
0.24029999999999999
0.1681
0.12
0.0857
0.0701
0.0619
0.0701
0.0759
0.14679999999999999
0.622
0.5532
0.6711
1.1214
2.3045
1.5845
0.7622
0.702
0.6232
0.1434
0.13490000000000002
0.1424
0.1393
0.1372
0.14839999999999998
0.1829
0.2248
0.23859999999999998
0.3372
0.4384
0.6809000000000001
0.5903
0.8474999999999999
0.6202000000000001
0.243
0.2623
1.4963
0.5664
1.6768999999999998
0.4842
0.3166
0.2193
0.1557
0.2289
0.2676
0.2919
0.49110000000000004
0.0413
0.1187
1.2549000000000001
0.1801
0.2208
0.23270000000000002
0.2459
0.2688
0.2626
0.1515
0.6772999999999999
0.6813
0.1955
0.191
0.1629
0.1812
0.0952
0.0775
0.1043
0.133
3.7988
4.0548
4.163399999999999
1.3171
0.16670000000000001
0.216
0.2218
1.3556
2.0457
2.2135
1.4622
0.6744
0.4713
0.4185
0.4706
1.0289000000000001
0.7209
0.7745
0.9057999999999999
1.0586
2.1299
2.7357
2.6589
3.4158
0.6793
1.0205
0.3852
0.776
0.9115
0.0331
0.0363
0.0119
0.007299999999999999
0.0092
0.0519
0.023899999999999998
0.027999999999999997
0.0203
0.0112
0.0031
0.0113
0.0
0.9048
0.2671
0.3774
0.5711
1.2372
1.3046
0.0352
2.2314
0.0
0.2018
0.128
0.111
0.32320000000000004
0.0494
0.0569
0.0744
0.09559999999999999
0.0753
0.0923
0.0876
0.18259999999999998
0.3427
0.0163
0.0219
0.0092
0.0
0.0208
0.0
0.0029
0.0098
5.5064
5.8347
2.3777
0.0968
0.0999
0.0769
0.0706
0.46499999999999997
0.1532
0.15460000000000002
0.3104
0.5071
0.19519999999999998
0.1036
0.1089
0.12719999999999998
0.1426
0.133
0.1295
0.1146
0.1111
0.13069999999999998
0.13579999999999998
2.0126
1.5274999999999999
3.1079999999999997
2.3409
0.7593000000000001
0.3822
0.268
0.24029999999999999
0.1681
0.12
0.0857
0.0701
0.0619
0.0701
0.0759
0.14679999999999999
0.622
0.5532
0.6711
1.1214
2.3045
1.5845
0.7622
0.702
0.6232
0.1434
0.13490000000000002
0.1424
0.1393
0.1372
0.14839999999999998
0.1829
0.2248
0.23859999999999998
0.3372
0.4384
0.6809000000000001
0.5903
0.8474999999999999
0.6202000000000001
0.243
0.2623
1.4963
0.5664
1.6768999999999998
0.4842
0.3166
0.2193
0.1557
0.2289
0.2676
0.2919
0.49110000000000004
0.0413
0.1187
1.2549000000000001
0.1801
0.2208
0.23270000000000002
0.2459
0.2688
0.2626
0.1515
0.6772999999999999
0.6813
0.1955
0.191
0.1629
0.1812
0.0952
0.0775
0.1043
0.133
3.7988
4.0548
4.163399999999999
1.3171
0.16670000000000001
0.216
0.2218
1.3556
2.0457
2.2135
1.4622
0.6744
0.4713
0.4185
0.4706
1.0289000000000001
0.7209
0.7745
0.9057999999999999
1.0586
2.1299
2.7357
2.6589
3.4158
0.6793
1.0205
0.3852
0.776
0.9115
0.0331
0.0363
0.0119
0.007299999999999999
0.0092
0.0519
0.023899999999999998
0.027999999999999997
0.0203
0.0112
0.0031
0.0113
0.0
0.9048
0.2671
0.3774
0.5711
1.2372
1.3046
0.0352
2.2314
0.0
0.2018
0.128
0.111
0.32320000000000004
0.0494
0.0569
0.0744
0.09559999999999999
0.0753
0.0923
0.0876
0.18259999999999998
0.3427
0.0163
0.0219
0.0092
0.0
0.0208
0.0
0.0029
0.0098
5.5064
5.8347
2.3777
0.0968
0.0999
0.0769
0.0706
0.46499999999999997
0.1532
0.15460000000000002
0.3104
0.5071
0.19519999999999998
0.1036
0.1089
0.12719999999999998
0.1426
0.133
0.1295
0.1146
0.1111
0.13069999999999998
0.13579999999999998
2.0126
1.5274999999999999
3.1079999999999997
2.3409
0.7593000000000001
0.3822
0.268
0.24029999999999999
0.1681
0.12
0.0857
0.0701
0.0619
0.0701
0.0759
0.14679999999999999
0.622
0.5532
0.6711
1.1214
2.3045
1.5845
0.7622
0.702
0.6232
0.1434
0.13490000000000002
0.1424
0.1393
0.1372
0.14839999999999998
0.1829
0.2248
0.23859999999999998
0.3372
0.4384
0.6809000000000001
0.5903
0.8474999999999999
0.6202000000000001
0.243
0.2623
1.4963
0.5664
1.6768999999999998
0.4842
0.3166
0.2193
0.1557
0.2289
0.2676
0.2919
0.49110000000000004
0.0413
0.1187
1.2549000000000001
0.1801
0.2208
0.23270000000000002
0.2459
0.2688
0.2626
0.1515
0.6772999999999999
0.6813
0.1955
0.191
0.1629
0.1812
0.0952
0.0775
0.1043
0.133
3.7988
4.0548
4.163399999999999
1.3171
0.16670000000000001
0.216
0.2218
1.3556
2.0457
2.2135
1.4622
0.6744
0.4713
0.4185
0.4706
1.0289000000000001
0.7209
0.7745
0.9057999999999999
1.0586
2.1299
2.7357
2.6589
3.4158
0.6793
1.0205
0.3852
0.776
0.9115
0.0331
0.0363
0.0119
0.007299999999999999
0.0092
0.0519
0.023899999999999998
0.027999999999999997
0.0203
0.0112
0.0031
0.0113
0.0
0.9048
0.2671
0.3774
0.5711
1.2372
1.3046
0.0352
2.2314
0.0
0.2018
0.128
0.111
0.32320000000000004
0.0494
0.0569
0.0744
0.09559999999999999
0.0753
0.0923
0.0876
0.18259999999999998
0.3427
0.0163
0.0219
0.0092
0.0
0.0208
0.0
0.0029
0.0098
7.5669
7.2176
4.7511
0.4921
0.1106
0.09190000000000001
0.09179999999999999
0.1319
0.18669999999999998
0.24910000000000002
0.3415
0.2435
0.1402
0.10880000000000001
0.1112
0.15200000000000002
0.15289999999999998
0.1723
0.3164
0.20400000000000001
0.1613
0.1609
0.2019
0.23349999999999999
0.0414
0.0327
0.0338
0.0358
0.0278
0.041400000000000006
0.0504
0.0514
0.025
0.0397
0.028900000000000002
0.030699999999999998
0.0291
0.027
0.022699999999999998
0.027299999999999998
0.0267
0.0324
0.0303
0.0221
0.021900000000000003
0.014600000000000002
0.029200000000000004
0.0446
1.2596999999999998
1.94
0.9247
1.7433
0.1776
0.0897
0.0837
0.1207
0.094
0.06570000000000001
0.07490000000000001
0.0539
0.0369
0.0381
0.050199999999999995
0.1013
1.1593
0.348
0.3425
0.4444
0.8406
1.6073
2.0313999999999997
1.5425
0.24769999999999998
0.2439
0.2374
0.2364
0.239
0.5327
0.2402
0.1367
0.0994
0.030900000000000004
0.050699999999999995
0.0267
0.025500000000000002
0.020999999999999998
0.035
0.0434
0.0993
0.3578
0.3454
0.3872
0.3823
0.3422
0.3084
0.30069999999999997
0.0361
0.036500000000000005
0.0363
0.038099999999999995
0.0442
0.0479
0.047200000000000006
0.036500000000000005
0.0202
0.0258
0.0235
0.020900000000000002
0.0229
0.023
0.0257
0.031100000000000003
0.0329
0.0368
0.0335
0.0414
0.034
0.0258
0.0317
0.039
0.063
0.0761
0.1028
0.0847
0.0827
0.1105
0.224
0.1834
0.1301
0.1208
0.1047
0.10300000000000001
0.0958
0.0674
1.1702
0.2281
0.1466
0.3694
0.7072
1.294
0.4006
0.0
0.0
0.0
2.4008000000000003
2.0627000000000004
1.8359
0.615
0.4206
0.37570000000000003
0.37670000000000003
0.4405
0.3973
0.22000000000000003
0.15889999999999999
0.131
0.1384
0.1238
0.1369
0.507
0.6881999999999999
0.6415
0.8725
1.1998
1.3286
1.2103
1.0331000000000001
2.3204000000000002
7.5669
7.2176
4.7511
0.4921
0.1106
0.09190000000000001
0.09179999999999999
0.1319
0.18669999999999998
0.24910000000000002
0.3415
0.2435
0.1402
0.10880000000000001
0.1112
0.15200000000000002
0.15289999999999998
0.1723
0.3164
0.20400000000000001
0.1613
0.1609
0.2019
0.23349999999999999
0.0414
0.0327
0.0338
0.0358
0.0278
0.041400000000000006
0.0504
0.0514
0.025
0.0397
0.028900000000000002
0.030699999999999998
0.0291
0.027
0.022699999999999998
0.027299999999999998
0.0267
0.0324
0.0303
0.0221
0.021900000000000003
0.014600000000000002
0.029200000000000004
0.0446
1.2596999999999998
1.94
0.9247
1.7433
0.1776
0.0897
0.0837
0.1207
0.094
0.06570000000000001
0.07490000000000001
0.0539
0.0369
0.0381
0.050199999999999995
0.1013
1.1593
0.348
0.3425
0.4444
0.8406
1.6073
2.0313999999999997
1.5425
0.24769999999999998
0.2439
0.2374
0.2364
0.239
0.5327
0.2402
0.1367
0.0994
0.030900000000000004
0.050699999999999995
0.0267
0.025500000000000002
0.020999999999999998
0.035
0.0434
0.0993
0.3578
0.3454
0.3872
0.3823
0.3422
0.3084
0.30069999999999997
0.0361
0.036500000000000005
0.0363
0.038099999999999995
0.0442
0.0479
0.047200000000000006
0.036500000000000005
0.0202
0.0258
0.0235
0.020900000000000002
0.0229
0.023
0.0257
0.031100000000000003
0.0329
0.0368
0.0335
0.0414
0.034
0.0258
0.0317
0.039
0.063
0.0761
0.1028
0.0847
0.0827
0.1105
0.224
0.1834
0.1301
0.1208
0.1047
0.10300000000000001
0.0958
0.0674
1.1702
0.2281
0.1466
0.3694
0.7072
1.294
0.4006
0.0
0.0
0.0
2.4008000000000003
2.0627000000000004
1.8359
0.615
0.4206
0.37570000000000003
0.37670000000000003
0.4405
0.3973
0.22000000000000003
0.15889999999999999
0.131
0.1384
0.1238
0.1369
0.507
0.6881999999999999
0.6415
0.8725
1.1998
1.3286
1.2103
1.0331000000000001
2.3204000000000002
7.5669
7.2176
4.7511
0.4921
0.1106
0.09190000000000001
0.09179999999999999
0.1319
0.18669999999999998
0.24910000000000002
0.3415
0.2435
0.1402
0.10880000000000001
0.1112
0.15200000000000002
0.15289999999999998
0.1723
0.3164
0.20400000000000001
0.1613
0.1609
0.2019
0.23349999999999999
0.0414
0.0327
0.0338
0.0358
0.0278
0.041400000000000006
0.0504
0.0514
0.025
0.0397
0.028900000000000002
0.030699999999999998
0.0291
0.027
0.022699999999999998
0.027299999999999998
0.0267
0.0324
0.0303
0.0221
0.021900000000000003
0.014600000000000002
0.029200000000000004
0.0446
1.2596999999999998
1.94
0.9247
1.7433
0.1776
0.0897
0.0837
0.1207
0.094
0.06570000000000001
0.07490000000000001
0.0539
0.0369
0.0381
0.050199999999999995
0.1013
1.1593
0.348
0.3425
0.4444
0.8406
1.6073
2.0313999999999997
1.5425
0.24769999999999998
0.2439
0.2374
0.2364
0.239
0.5327
0.2402
0.1367
0.0994
0.030900000000000004
0.050699999999999995
0.0267
0.025500000000000002
0.020999999999999998
0.035
0.0434
0.0993
0.3578
0.3454
0.3872
0.3823
0.3422
0.3084
0.30069999999999997
0.0361
0.036500000000000005
0.0363
0.038099999999999995
0.0442
0.0479
0.047200000000000006
0.036500000000000005
0.0202
0.0258
0.0235
0.020900000000000002
0.0229
0.023
0.0257
0.031100000000000003
0.0329
0.0368
0.0335
0.0414
0.034
0.0258
0.0317
0.039
0.063
0.0761
0.1028
0.0847
0.0827
0.1105
0.224
0.1834
0.1301
0.1208
0.1047
0.10300000000000001
0.0958
0.0674
1.1702
0.2281
0.1466
0.3694
0.7072
1.294
0.4006
0.0
0.0
0.0
2.4008000000000003
2.0627000000000004
1.8359
0.615
0.4206
0.37570000000000003
0.37670000000000003
0.4405
0.3973
0.22000000000000003
0.15889999999999999
0.131
0.1384
0.1238
0.1369
0.507
0.6881999999999999
0.6415
0.8725
1.1998
1.3286
1.2103
1.0331000000000001
2.3204000000000002
7.5669
7.2176
4.7511
0.4921
0.1106
0.09190000000000001
0.09179999999999999
0.1319
0.18669999999999998
0.24910000000000002
0.3415
0.2435
0.1402
0.10880000000000001
0.1112
0.15200000000000002
0.15289999999999998
0.1723
0.3164
0.20400000000000001
0.1613
0.1609
0.2019
0.23349999999999999
0.0414
0.0327
0.0338
0.0358
0.0278
0.041400000000000006
0.0504
0.0514
0.025
0.0397
0.028900000000000002
0.030699999999999998
0.0291
0.027
0.022699999999999998
0.027299999999999998
0.0267
0.0324
0.0303
0.0221
0.021900000000000003
0.014600000000000002
0.029200000000000004
0.0446
1.2596999999999998
1.94
0.9247
1.7433
0.1776
0.0897
0.0837
0.1207
0.094
0.06570000000000001
0.07490000000000001
0.0539
0.0369
0.0381
0.050199999999999995
0.1013
1.1593
0.348
0.3425
0.4444
0.8406
1.6073
2.0313999999999997
1.5425
0.24769999999999998
0.2439
0.2374
0.2364
0.239
0.5327
0.2402
0.1367
0.0994
0.030900000000000004
0.050699999999999995
0.0267
0.025500000000000002
0.020999999999999998
0.035
0.0434
0.0993
0.3578
0.3454
0.3872
0.3823
0.3422
0.3084
0.30069999999999997
0.0361
0.036500000000000005
0.0363
0.038099999999999995
0.0442
0.0479
0.047200000000000006
0.036500000000000005
0.0202
0.0258
0.0235
0.020900000000000002
0.0229
0.023
0.0257
0.031100000000000003
0.0329
0.0368
0.0335
0.0414
0.034
0.0258
0.0317
0.039
0.063
0.0761
0.1028
0.0847
0.0827
0.1105
0.224
0.1834
0.1301
0.1208
0.1047
0.10300000000000001
0.0958
0.0674
1.1702
0.2281
0.1466
0.3694
0.7072
1.294
0.4006
0.0
0.0
0.0
2.4008000000000003
2.0627000000000004
1.8359
0.615
0.4206
0.37570000000000003
0.37670000000000003
0.4405
0.3973
0.22000000000000003
0.15889999999999999
0.131
0.1384
0.1238
0.1369
0.507
0.6881999999999999
0.6415
0.8725
1.1998
1.3286
1.2103
1.0331000000000001
2.3204000000000002
7.5669
7.2176
4.7511
0.4921
0.1106
0.09190000000000001
0.09179999999999999
0.1319
0.18669999999999998
0.24910000000000002
0.3415
0.2435
0.1402
0.10880000000000001
0.1112
0.15200000000000002
0.15289999999999998
0.1723
0.3164
0.20400000000000001
0.1613
0.1609
0.2019
0.23349999999999999
0.0414
0.0327
0.0338
0.0358
0.0278
0.041400000000000006
0.0504
0.0514
0.025
0.0397
0.028900000000000002
0.030699999999999998
0.0291
0.027
0.022699999999999998
0.027299999999999998
0.0267
0.0324
0.0303
0.0221
0.021900000000000003
0.014600000000000002
0.029200000000000004
0.0446
1.2596999999999998
1.94
0.9247
1.7433
0.1776
0.0897
0.0837
0.1207
0.094
0.06570000000000001
0.07490000000000001
0.0539
0.0369
0.0381
0.050199999999999995
0.1013
1.1593
0.348
0.3425
0.4444
0.8406
1.6073
2.0313999999999997
1.5425
0.0189
0.0111
0.0055
0.0
0.0164
0.0046
0.042800000000000005
0.2728
0.34309999999999996
0.2676
0.1659
0.18680000000000002
0.0606
0.1078
1.9923
0.0072
0.0
0.0
0.2351
0.43119999999999997
0.4129
0.8113
0.0011
0.0645
0.3447
0.35860000000000003
0.3477
0.3489
0.3515
0.3364
0.2861
0.2046
0.0814
0.08629999999999999
0.0844
0.079
0.08130000000000001
0.0745
0.0875
0.09309999999999999
0.0921
0.1347
0.2247
0.2865
0.3095
0.27170000000000005
0.2615
0.27
3.1028000000000002
3.5648
0.1191
0.09570000000000001
0.0749
0.0538
0.0581
0.0695
0.0679
0.0928
0.14150000000000001
0.1982
0.161
0.1164
0.1248
0.1343
0.48729999999999996
0.1389
0.09759999999999999
0.0431
0.03609999999999999
0.0688
0.3568
0.5298
0.4069
0.4104
0.39280000000000004
0.3833
0.3568
0.371
0.7733
1.7715
0.1466
0.18480000000000002
0.24209999999999998
0.4032
0.835
0.5427
0.3029
0.2955
0.3089
0.4375
0.40249999999999997
0.38380000000000003
0.3467
0.33209999999999995
0.32789999999999997
0.3184
0.047
0.048100000000000004
0.0475
0.0484
0.0494
0.036000000000000004
0.023600000000000003
0.0199
0.0147
0.035500000000000004
0.0281
0.0232
0.0247
0.0232
0.0245
0.0177
0.0182
0.0201
0.024499999999999997
0.061
0.0659
0.0561
0.062400000000000004
0.0629
4.0722000000000005
2.6456
1.8353000000000002
0.26180000000000003
0.089
0.0175
0.0131
0.0395
0.0328
0.0393
0.0446
0.0265
0.038599999999999995
0.0428
0.0516
0.018799999999999997
0.0194
0.0
0.0
0.9542
0.2465
0.6456
0.8634999999999999
0.6700999999999999
8.218499999999999
5.6766000000000005
4.4142
4.1772
3.7453
1.9041
1.8504999999999998
1.9294
2.184
2.9172000000000002
3.6913
3.5586
3.0568999999999997
2.9237
4.1579
5.3744
2.9798999999999998
2.7348
3.2828
7.1564
6.1837
1.8489999999999998
1.6555
1.6391
0.0189
0.0111
0.0055
0.0
0.0164
0.0046
0.042800000000000005
0.2728
0.34309999999999996
0.2676
0.1659
0.18680000000000002
0.0606
0.1078
1.9923
0.0072
0.0
0.0
0.2351
0.43119999999999997
0.4129
0.8113
0.0011
0.0645
0.3447
0.35860000000000003
0.3477
0.3489
0.3515
0.3364
0.2861
0.2046
0.0814
0.08629999999999999
0.0844
0.079
0.08130000000000001
0.0745
0.0875
0.09309999999999999
0.0921
0.1347
0.2247
0.2865
0.3095
0.27170000000000005
0.2615
0.27
3.1028000000000002
3.5648
0.1191
0.09570000000000001
0.0749
0.0538
0.0581
0.0695
0.0679
0.0928
0.14150000000000001
0.1982
0.161
0.1164
0.1248
0.1343
0.48729999999999996
0.1389
0.09759999999999999
0.0431
0.03609999999999999
0.0688
0.3568
0.5298
0.4069
0.4104
0.39280000000000004
0.3833
0.3568
0.371
0.7733
1.7715
0.1466
0.18480000000000002
0.24209999999999998
0.4032
0.835
0.5427
0.3029
0.2955
0.3089
0.4375
0.40249999999999997
0.38380000000000003
0.3467
0.33209999999999995
0.32789999999999997
0.3184
0.047
0.048100000000000004
0.0475
0.0484
0.0494
0.036000000000000004
0.023600000000000003
0.0199
0.0147
0.035500000000000004
0.0281
0.0232
0.0247
0.0232
0.0245
0.0177
0.0182
0.0201
0.024499999999999997
0.061
0.0659
0.0561
0.062400000000000004
0.0629
4.0722000000000005
2.6456
1.8353000000000002
0.26180000000000003
0.089
0.0175
0.0131
0.0395
0.0328
0.0393
0.0446
0.0265
0.038599999999999995
0.0428
0.0516
0.018799999999999997
0.0194
0.0
0.0
0.9542
0.2465
0.6456
0.8634999999999999
0.6700999999999999
8.218499999999999
5.6766000000000005
4.4142
4.1772
3.7453
1.9041
1.8504999999999998
1.9294
2.184
2.9172000000000002
3.6913
3.5586
3.0568999999999997
2.9237
4.1579
5.3744
2.9798999999999998
2.7348
3.2828
7.1564
6.1837
1.8489999999999998
1.6555
1.6391
0.0189
0.0111
0.0055
0.0
0.0164
0.0046
0.042800000000000005
0.2728
0.34309999999999996
0.2676
0.1659
0.18680000000000002
0.0606
0.1078
1.9923
0.0072
0.0
0.0
0.2351
0.43119999999999997
0.4129
0.8113
0.0011
0.0645
0.3447
0.35860000000000003
0.3477
0.3489
0.3515
0.3364
0.2861
0.2046
0.0814
0.08629999999999999
0.0844
0.079
0.08130000000000001
0.0745
0.0875
0.09309999999999999
0.0921
0.1347
0.2247
0.2865
0.3095
0.27170000000000005
0.2615
0.27
3.1028000000000002
3.5648
0.1191
0.09570000000000001
0.0749
0.0538
0.0581
0.0695
0.0679
0.0928
0.14150000000000001
0.1982
0.161
0.1164
0.1248
0.1343
0.48729999999999996
0.1389
0.09759999999999999
0.0431
0.03609999999999999
0.0688
0.3568
0.5298
0.4069
0.4104
0.39280000000000004
0.3833
0.3568
0.371
0.7733
1.7715
0.1466
0.18480000000000002
0.24209999999999998
0.4032
0.835
0.5427
0.3029
0.2955
0.3089
0.4375
0.40249999999999997
0.38380000000000003
0.3467
0.33209999999999995
0.32789999999999997
0.3184
0.047
0.048100000000000004
0.0475
0.0484
0.0494
0.036000000000000004
0.023600000000000003
0.0199
0.0147
0.035500000000000004
0.0281
0.0232
0.0247
0.0232
0.0245
0.0177
0.0182
0.0201
0.024499999999999997
0.061
0.0659
0.0561
0.062400000000000004
0.0629
4.0722000000000005
2.6456
1.8353000000000002
0.26180000000000003
0.089
0.0175
0.0131
0.0395
0.0328
0.0393
0.0446
0.0265
0.038599999999999995
0.0428
0.0516
0.018799999999999997
0.0194
0.0
0.0
0.9542
0.2465
0.6456
0.8634999999999999
0.6700999999999999
8.218499999999999
5.6766000000000005
4.4142
4.1772
3.7453
1.9041
1.8504999999999998
1.9294
2.184
2.9172000000000002
3.6913
3.5586
3.0568999999999997
2.9237
4.1579
5.3744
2.9798999999999998
2.7348
3.2828
7.1564
6.1837
1.8489999999999998
1.6555
1.6391
0.0189
0.0111
0.0055
0.0
0.0164
0.0046
0.042800000000000005
0.2728
0.34309999999999996
0.2676
0.1659
0.18680000000000002
0.0606
0.1078
1.9923
0.0072
0.0
0.0
0.2351
0.43119999999999997
0.4129
0.8113
0.0011
0.0645
0.3447
0.35860000000000003
0.3477
0.3489
0.3515
0.3364
0.2861
0.2046
0.0814
0.08629999999999999
0.0844
0.079
0.08130000000000001
0.0745
0.0875
0.09309999999999999
0.0921
0.1347
0.2247
0.2865
0.3095
0.27170000000000005
0.2615
0.27
3.1028000000000002
3.5648
0.1191
0.09570000000000001
0.0749
0.0538
0.0581
0.0695
0.0679
0.0928
0.14150000000000001
0.1982
0.161
0.1164
0.1248
0.1343
0.48729999999999996
0.1389
0.09759999999999999
0.0431
0.03609999999999999
0.0688
0.3568
0.5298
0.4069
0.4104
0.39280000000000004
0.3833
0.3568
0.371
0.7733
1.7715
0.1466
0.18480000000000002
0.24209999999999998
0.4032
0.835
0.5427
0.3029
0.2955
0.3089
0.4375
0.40249999999999997
0.38380000000000003
0.3467
0.33209999999999995
0.32789999999999997
0.3184
0.047
0.048100000000000004
0.0475
0.0484
0.0494
0.036000000000000004
0.023600000000000003
0.0199
0.0147
0.035500000000000004
0.0281
0.0232
0.0247
0.0232
0.0245
0.0177
0.0182
0.0201
0.024499999999999997
0.061
0.0659
0.0561
0.062400000000000004
0.0629
4.0722000000000005
2.6456
1.8353000000000002
0.26180000000000003
0.089
0.0175
0.0131
0.0395
0.0328
0.0393
0.0446
0.0265
0.038599999999999995
0.0428
0.0516
0.018799999999999997
0.0194
0.0
0.0
0.9542
0.2465
0.6456
0.8634999999999999
0.6700999999999999
8.218499999999999
5.6766000000000005
4.4142
4.1772
3.7453
1.9041
1.8504999999999998
1.9294
2.184
2.9172000000000002
3.6913
3.5586
3.0568999999999997
2.9237
4.1579
5.3744
2.9798999999999998
2.7348
3.2828
7.1564
6.1837
1.8489999999999998
1.6555
1.6391
0.0189
0.0111
0.0055
0.0
0.0164
0.0046
0.042800000000000005
0.2728
0.34309999999999996
0.2676
0.1659
0.18680000000000002
0.0606
0.1078
1.9923
0.0072
0.0
0.0
0.2351
0.43119999999999997
0.4129
0.8113
0.0011
0.0645
0.3447
0.35860000000000003
0.3477
0.3489
0.3515
0.3364
0.2861
0.2046
0.0814
0.08629999999999999
0.0844
0.079
0.08130000000000001
0.0745
0.0875
0.09309999999999999
0.0921
0.1347
0.2247
0.2865
0.3095
0.27170000000000005
0.2615
0.27
0.78
0.9586999999999999
0.4367
0.36160000000000003
0.3546
0.2938
0.1396
0.2152
0.1377
0.111
0.1538
0.6377
0.281
0.0435
0.0752
0.035699999999999996
0.0684
0.1883
0.6824
0.7222999999999999
0.546
0.5205
0.5768
0.5367999999999999
2.0977
2.0673000000000004
2.0543
2.0343
0.0116
0.0307
0.0
0.0625
0.0931
0.0564
0.19069999999999998
0.3329
0.0209
0.0364
0.0173
0.0173
0.0082
0.0524
0.0901
0.1726
0.8621000000000001
0.7436
1.4216
1.8495
6.0324
6.1688
6.3887
6.5434
4.047499999999999
0.16749999999999998
0.203
0.3486
0.7219
0.6748
0.4605
0.2828
0.2395
0.2285
0.2245
0.1267
0.126
0.18769999999999998
0.11979999999999999
3.7038
1.6096
4.9237
6.5333000000000006
8.4162
5.7867999999999995
4.968
4.6924
2.7904999999999998
0.8513
0.704
0.6863
0.7810999999999999
0.0516
0.024
0.0433
0.0263
0.0317
0.0294
0.044700000000000004
0.2477
0.1676
0.0557
0.1218
0.2756
0.4292
0.5394
0.48450000000000004
0.7923
0.0083
0.0012
0.0118
0.0282
0.0044
0.0316
0.1357
0.9212
0.2167
0.27249999999999996
1.1535
0.8604
0.33
0.1754
0.1733
0.0937
0.7839
0.04
0.06129999999999999
0.0625
0.06459999999999999
0.13929999999999998
0.5229
0.3432
6.2684
6.2252
6.656
1.6359
0.36629999999999996
0.0571
0.028
0.0469
0.040900000000000006
0.044700000000000004
0.038900000000000004
0.024599999999999997
0.035500000000000004
0.0422
0.0339
0.032
0.047
0.0321
0.0166
0.0077
0.048299999999999996
0.08410000000000001
0.3304
1.8326000000000002
1.8311
2.4135
1.4171
0.2838
0.2734
0.20900000000000002
0.19419999999999998
0.1164
0.0
0.0554
1.319
5.819000000000001
3.2765
1.5407
3.0766999999999998
2.8714
0.5586
0.6425
0.9586
2.0130999999999997
2.8622
1.3145
4.5168
7.1912
0.78
0.9586999999999999
0.4367
0.36160000000000003
0.3546
0.2938
0.1396
0.2152
0.1377
0.111
0.1538
0.6377
0.281
0.0435
0.0752
0.035699999999999996
0.0684
0.1883
0.6824
0.7222999999999999
0.546
0.5205
0.5768
0.5367999999999999
2.0977
2.0673000000000004
2.0543
2.0343
0.0116
0.0307
0.0
0.0625
0.0931
0.0564
0.19069999999999998
0.3329
0.0209
0.0364
0.0173
0.0173
0.0082
0.0524
0.0901
0.1726
0.8621000000000001
0.7436
1.4216
1.8495
6.0324
6.1688
6.3887
6.5434
4.047499999999999
0.16749999999999998
0.203
0.3486
0.7219
0.6748
0.4605
0.2828
0.2395
0.2285
0.2245
0.1267
0.126
0.18769999999999998
0.11979999999999999
3.7038
1.6096
4.9237
6.5333000000000006
8.4162
5.7867999999999995
4.968
4.6924
2.7904999999999998
0.8513
0.704
0.6863
0.7810999999999999
0.0516
0.024
0.0433
0.0263
0.0317
0.0294
0.044700000000000004
0.2477
0.1676
0.0557
0.1218
0.2756
0.4292
0.5394
0.48450000000000004
0.7923
0.0083
0.0012
0.0118
0.0282
0.0044
0.0316
0.1357
0.9212
0.2167
0.27249999999999996
1.1535
0.8604
0.33
0.1754
0.1733
0.0937
0.7839
0.04
0.06129999999999999
0.0625
0.06459999999999999
0.13929999999999998
0.5229
0.3432
6.2684
6.2252
6.656
1.6359
0.36629999999999996
0.0571
0.028
0.0469
0.040900000000000006
0.044700000000000004
0.038900000000000004
0.024599999999999997
0.035500000000000004
0.0422
0.0339
0.032
0.047
0.0321
0.0166
0.0077
0.048299999999999996
0.08410000000000001
0.3304
1.8326000000000002
1.8311
2.4135
1.4171
0.2838
0.2734
0.20900000000000002
0.19419999999999998
0.1164
0.0
0.0554
1.319
5.819000000000001
3.2765
1.5407
3.0766999999999998
2.8714
0.5586
0.6425
0.9586
2.0130999999999997
2.8622
1.3145
4.5168
7.1912
0.78
0.9586999999999999
0.4367
0.36160000000000003
0.3546
0.2938
0.1396
0.2152
0.1377
0.111
0.1538
0.6377
0.281
0.0435
0.0752
0.035699999999999996
0.0684
0.1883
0.6824
0.7222999999999999
0.546
0.5205
0.5768
0.5367999999999999
2.0977
2.0673000000000004
2.0543
2.0343
0.0116
0.0307
0.0
0.0625
0.0931
0.0564
0.19069999999999998
0.3329
0.0209
0.0364
0.0173
0.0173
0.0082
0.0524
0.0901
0.1726
0.8621000000000001
0.7436
1.4216
1.8495
6.0324
6.1688
6.3887
6.5434
4.047499999999999
0.16749999999999998
0.203
0.3486
0.7219
0.6748
0.4605
0.2828
0.2395
0.2285
0.2245
0.1267
0.126
0.18769999999999998
0.11979999999999999
3.7038
1.6096
4.9237
6.5333000000000006
8.4162
5.7867999999999995
4.968
4.6924
2.7904999999999998
0.8513
0.704
0.6863
0.7810999999999999
0.0516
0.024
0.0433
0.0263
0.0317
0.0294
0.044700000000000004
0.2477
0.1676
0.0557
0.1218
0.2756
0.4292
0.5394
0.48450000000000004
0.7923
0.0083
0.0012
0.0118
0.0282
0.0044
0.0316
0.1357
0.9212
0.2167
0.27249999999999996
1.1535
0.8604
0.33
0.1754
0.1733
0.0937
0.7839
0.04
0.06129999999999999
0.0625
0.06459999999999999
0.13929999999999998
0.5229
0.3432
6.2684
6.2252
6.656
1.6359
0.36629999999999996
0.0571
0.028
0.0469
0.040900000000000006
0.044700000000000004
0.038900000000000004
0.024599999999999997
0.035500000000000004
0.0422
0.0339
0.032
0.047
0.0321
0.0166
0.0077
0.048299999999999996
0.08410000000000001
0.3304
1.8326000000000002
1.8311
2.4135
1.4171
0.2838
0.2734
0.20900000000000002
0.19419999999999998
0.1164
0.0
0.0554
1.319
5.819000000000001
3.2765
1.5407
3.0766999999999998
2.8714
0.5586
0.6425
0.9586
2.0130999999999997
2.8622
1.3145
4.5168
7.1912
0.78
0.9586999999999999
0.4367
0.36160000000000003
0.3546
0.2938
0.1396
0.2152
0.1377
0.111
0.1538
0.6377
0.281
0.0435
0.0752
0.035699999999999996
0.0684
0.1883
0.6824
0.7222999999999999
0.546
0.5205
0.5768
0.5367999999999999
2.0977
2.0673000000000004
2.0543
2.0343
0.0116
0.0307
0.0
0.0625
0.0931
0.0564
0.19069999999999998
0.3329
0.0209
0.0364
0.0173
0.0173
0.0082
0.0524
0.0901
0.1726
0.8621000000000001
0.7436
1.4216
1.8495
6.0324
6.1688
6.3887
6.5434
4.047499999999999
0.16749999999999998
0.203
0.3486
0.7219
0.6748
0.4605
0.2828
0.2395
0.2285
0.2245
0.1267
0.126
0.18769999999999998
0.11979999999999999
3.7038
1.6096
4.9237
6.5333000000000006
8.4162
5.7867999999999995
4.968
4.6924
2.7904999999999998
0.8513
0.704
0.6863
0.7810999999999999
0.0516
0.024
0.0433
0.0263
0.0317
0.0294
0.044700000000000004
0.2477
0.1676
0.0557
0.1218
0.2756
0.4292
0.5394
0.48450000000000004
0.7923
0.0083
0.0012
0.0118
0.0282
0.0044
0.0316
0.1357
0.9212
0.2167
0.27249999999999996
1.1535
0.8604
0.33
0.1754
0.1733
0.0937
0.7839
0.04
0.06129999999999999
0.0625
0.06459999999999999
0.13929999999999998
0.5229
0.3432
6.2684
6.2252
6.656
1.6359
0.36629999999999996
0.0571
0.028
0.0469
0.040900000000000006
0.044700000000000004
0.038900000000000004
0.024599999999999997
0.035500000000000004
0.0422
0.0339
0.032
0.047
0.0321
0.0166
0.0077
0.048299999999999996
0.08410000000000001
0.3304
1.8326000000000002
1.8311
2.4135
1.4171
0.2838
0.2734
0.20900000000000002
0.19419999999999998
0.1164
0.0
0.0554
1.319
5.819000000000001
3.2765
1.5407
3.0766999999999998
2.8714
0.5586
0.6425
0.9586
2.0130999999999997
2.8622
1.3145
4.5168
7.1912
0.78
0.9586999999999999
0.4367
0.36160000000000003
0.3546
0.2938
0.1396
0.2152
0.1377
0.111
0.1538
0.6377
0.281
0.0435
0.0752
0.035699999999999996
0.0684
0.1883
0.6824
0.7222999999999999
0.546
0.5205
0.5768
0.5367999999999999
2.0977
2.0673000000000004
2.0543
2.0343
0.0116
0.0307
0.0
0.0625
0.0931
0.0564
0.19069999999999998
0.3329
0.0209
0.0364
0.0173
0.0173
0.0082
0.0524
0.0901
0.1726
0.8621000000000001
0.7436
1.4216
1.8495
6.0324
6.1688
6.3887
6.5434
4.047499999999999
0.16749999999999998
0.203
0.3486
0.7219
0.6748
0.4605
0.2828
0.2395
0.2285
0.2245
0.1267
0.126
0.18769999999999998
0.11979999999999999
3.7038
1.6096
4.9237
6.5333000000000006
8.4162
1.8747
2.1158
2.0407
1.3771
0.4852
0.4783
0.4047
0.19140000000000001
0.14550000000000002
0.10400000000000001
0.0925
0.09179999999999999
0.1056
0.10300000000000001
0.1373
0.2258
1.2005000000000001
1.457
1.5061
0.9964
0.7178
0.6169
0.5225
0.5189
0.016
0.024399999999999998
0.027299999999999998
0.0258
0.022699999999999998
0.032299999999999995
0.04
0.0078000000000000005
0.0
0.0204
0.036000000000000004
0.052199999999999996
0.0289
0.042300000000000004
0.055400000000000005
0.0193
0.035699999999999996
0.0595
0.0312
0.0254
0.0154
0.0
0.0041
0.0005
1.3697000000000001
0.3204
0.0127
0.0867
0.20879999999999999
0.27380000000000004
0.20429999999999998
0.0497
0.1635
0.24080000000000001
0.3524
0.4091
0.4295
0.396
1.5070999999999999
0.9869000000000001
0.0499
0.46440000000000003
0.0059
0.1794
0.5806
0.7376
0.1896
0.0166
1.9727000000000001
2.0603
2.1752
2.035
0.1835
0.1707
0.1594
0.5089
1.4533
1.3062
0.6381
0.2319
0.2613
0.242
0.247
0.3383
1.2887
0.9583
1.0117
1.0482
1.1652
1.1023999999999998
0.8456
0.8694
0.2497
0.1212
0.1169
0.1023
0.0586
0.0659
0.0456
0.030900000000000004
0.027299999999999998
0.0327
0.0264
0.0246
0.028200000000000003
0.0233
0.0264
0.0286
0.0241
0.0465
0.0503
0.0451
0.0437
0.0335
0.0406
2.2698
0.3536
0.3405
0.3425
0.3248
0.3122
0.3399
0.41600000000000004
0.38639999999999997
0.3762
0.3427
0.1119
2.2164
0.1881
0.29710000000000003
0.2848
0.2728
0.186
0.1404
0.1532
0.22460000000000002
0.2744
0.8135
1.3353000000000002
0.738
0.7931
0.7624
0.7626
0.7626
0.7536
0.7706999999999999
0.7058
0.51
0.307
0.1779
0.1446
0.131
0.1411
0.1427
0.1535
0.1656
0.2197
1.1712
0.6423
1.2197
0.8763
0.9863
1.2286
0.9633
1.8747
2.1158
2.0407
1.3771
0.4852
0.4783
0.4047
0.19140000000000001
0.14550000000000002
0.10400000000000001
0.0925
0.09179999999999999
0.1056
0.10300000000000001
0.1373
0.2258
1.2005000000000001
1.457
1.5061
0.9964
0.7178
0.6169
0.5225
0.5189
0.016
0.024399999999999998
0.027299999999999998
0.0258
0.022699999999999998
0.032299999999999995
0.04
0.0078000000000000005
0.0
0.0204
0.036000000000000004
0.052199999999999996
0.0289
0.042300000000000004
0.055400000000000005
0.0193
0.035699999999999996
0.0595
0.0312
0.0254
0.0154
0.0
0.0041
0.0005
1.3697000000000001
0.3204
0.0127
0.0867
0.20879999999999999
0.27380000000000004
0.20429999999999998
0.0497
0.1635
0.24080000000000001
0.3524
0.4091
0.4295
0.396
1.5070999999999999
0.9869000000000001
0.0499
0.46440000000000003
0.0059
0.1794
0.5806
0.7376
0.1896
0.0166
1.9727000000000001
2.0603
2.1752
2.035
0.1835
0.1707
0.1594
0.5089
1.4533
1.3062
0.6381
0.2319
0.2613
0.242
0.247
0.3383
1.2887
0.9583
1.0117
1.0482
1.1652
1.1023999999999998
0.8456
0.8694
0.2497
0.1212
0.1169
0.1023
0.0586
0.0659
0.0456
0.030900000000000004
0.027299999999999998
0.0327
0.0264
0.0246
0.028200000000000003
0.0233
0.0264
0.0286
0.0241
0.0465
0.0503
0.0451
0.0437
0.0335
0.0406
2.2698
0.3536
0.3405
0.3425
0.3248
0.3122
0.3399
0.41600000000000004
0.38639999999999997
0.3762
0.3427
0.1119
2.2164
0.1881
0.29710000000000003
0.2848
0.2728
0.186
0.1404
0.1532
0.22460000000000002
0.2744
0.8135
1.3353000000000002
0.738
0.7931
0.7624
0.7626
0.7626
0.7536
0.7706999999999999
0.7058
0.51
0.307
0.1779
0.1446
0.131
0.1411
0.1427
0.1535
0.1656
0.2197
1.1712
0.6423
1.2197
0.8763
0.9863
1.2286
0.9633
1.8747
2.1158
2.0407
1.3771
0.4852
0.4783
0.4047
0.19140000000000001
0.14550000000000002
0.10400000000000001
0.0925
0.09179999999999999
0.1056
0.10300000000000001
0.1373
0.2258
1.2005000000000001
1.457
1.5061
0.9964
0.7178
0.6169
0.5225
0.5189
0.016
0.024399999999999998
0.027299999999999998
0.0258
0.022699999999999998
0.032299999999999995
0.04
0.0078000000000000005
0.0
0.0204
0.036000000000000004
0.052199999999999996
0.0289
0.042300000000000004
0.055400000000000005
0.0193
0.035699999999999996
0.0595
0.0312
0.0254
0.0154
0.0
0.0041
0.0005
1.3697000000000001
0.3204
0.0127
0.0867
0.20879999999999999
0.27380000000000004
0.20429999999999998
0.0497
0.1635
0.24080000000000001
0.3524
0.4091
0.4295
0.396
1.5070999999999999
0.9869000000000001
0.0499
0.46440000000000003
0.0059
0.1794
0.5806
0.7376
0.1896
0.0166
1.9727000000000001
2.0603
2.1752
2.035
0.1835
0.1707
0.1594
0.5089
1.4533
1.3062
0.6381
0.2319
0.2613
0.242
0.247
0.3383
1.2887
0.9583
1.0117
1.0482
1.1652
1.1023999999999998
0.8456
0.8694
0.2497
0.1212
0.1169
0.1023
0.0586
0.0659
0.0456
0.030900000000000004
0.027299999999999998
0.0327
0.0264
0.0246
0.028200000000000003
0.0233
0.0264
0.0286
0.0241
0.0465
0.0503
0.0451
0.0437
0.0335
0.0406
2.2698
0.3536
0.3405
0.3425
0.3248
0.3122
0.3399
0.41600000000000004
0.38639999999999997
0.3762
0.3427
0.1119
2.2164
0.1881
0.29710000000000003
0.2848
0.2728
0.186
0.1404
0.1532
0.22460000000000002
0.2744
0.8135
1.3353000000000002
0.738
0.7931
0.7624
0.7626
0.7626
0.7536
0.7706999999999999
0.7058
0.51
0.307
0.1779
0.1446
0.131
0.1411
0.1427
0.1535
0.1656
0.2197
1.1712
0.6423
1.2197
0.8763
0.9863
1.2286
0.9633
1.8747
2.1158
2.0407
1.3771
0.4852
0.4783
0.4047
0.19140000000000001
0.14550000000000002
0.10400000000000001
0.0925
0.09179999999999999
0.1056
0.10300000000000001
0.1373
0.2258
1.2005000000000001
1.457
1.5061
0.9964
0.7178
0.6169
0.5225
0.5189
0.016
0.024399999999999998
0.027299999999999998
0.0258
0.022699999999999998
0.032299999999999995
0.04
0.0078000000000000005
0.0
0.0204
0.036000000000000004
0.052199999999999996
0.0289
0.042300000000000004
0.055400000000000005
0.0193
0.035699999999999996
0.0595
0.0312
0.0254
0.0154
0.0
0.0041
0.0005
1.3697000000000001
0.3204
0.0127
0.0867
0.20879999999999999
0.27380000000000004
0.20429999999999998
0.0497
0.1635
0.24080000000000001
0.3524
0.4091
0.4295
0.396
1.5070999999999999
0.9869000000000001
0.0499
0.46440000000000003
0.0059
0.1794
0.5806
0.7376
0.1896
0.0166
1.9727000000000001
2.0603
2.1752
2.035
0.1835
0.1707
0.1594
0.5089
1.4533
1.3062
0.6381
0.2319
0.2613
0.242
0.247
0.3383
1.2887
0.9583
1.0117
1.0482
1.1652
1.1023999999999998
0.8456
0.8694
0.2497
0.1212
0.1169
0.1023
0.0586
0.0659
0.0456
0.030900000000000004
0.027299999999999998
0.0327
0.0264
0.0246
0.028200000000000003
0.0233
0.0264
0.0286
0.0241
0.0465
0.0503
0.0451
0.0437
0.0335
0.0406
2.2698
0.3536
0.3405
0.3425
0.3248
0.3122
0.3399
0.41600000000000004
0.38639999999999997
0.3762
0.3427
0.1119
2.2164
0.1881
0.29710000000000003
0.2848
0.2728
0.186
0.1404
0.1532
0.22460000000000002
0.2744
0.8135
1.3353000000000002
0.738
0.7931
0.7624
0.7626
0.7626
0.7536
0.7706999999999999
0.7058
0.51
0.307
0.1779
0.1446
0.131
0.1411
0.1427
0.1535
0.1656
0.2197
1.1712
0.6423
1.2197
0.8763
0.9863
1.2286
0.9633
1.8747
2.1158
2.0407
1.3771
0.4852
0.4783
0.4047
0.19140000000000001
0.14550000000000002
0.10400000000000001
0.0925
0.09179999999999999
0.1056
0.10300000000000001
0.1373
0.2258
1.2005000000000001
1.457
1.5061
0.9964
0.7178
0.6169
0.5225
0.5189
0.016
0.024399999999999998
0.027299999999999998
0.0258
0.022699999999999998
0.032299999999999995
0.04
0.0078000000000000005
0.0
0.0204
0.036000000000000004
0.052199999999999996
0.0289
0.042300000000000004
0.055400000000000005
0.0193
0.035699999999999996
0.0595
0.0312
0.0254
0.0154
0.0
0.0041
0.0005
0.0
0.0
0.0
0.0
0.0
0.0
0.0
0.0
0.0
0.0
0.0
0.0
0.0
0.2834
2.6756
0.0018
0.0907
0.3371
0.2758
0.1255
0.5705
0.7849999999999999
0.096
0.0105
0.9767
0.1449
0.2317
0.2066
0.1575
0.0839
0.0427
0.032100000000000004
0.0408
0.0521
0.0395
0.038099999999999995
0.0314
0.028999999999999998
0.0234
0.0233
0.0212
0.0329
0.036
0.0579
0.07400000000000001
0.0968
0.1941
0.23959999999999998
0.3347
0.6361
1.9568999999999999
1.487
0.13290000000000002
0.0759
0.0368
0.0343
0.0382
0.0358
0.0324
0.0331
0.030699999999999998
0.0316
0.0279
0.026799999999999997
0.0162
0.0194
0.0136
0.0827
0.3762
0.2708
0.1623
0.1502
1.6006
5.315799999999999
6.2059999999999995
4.6333
1.4295
0.0092
0.049699999999999994
0.0416
0.021
0.015000000000000001
0.0402
0.0697
0.050699999999999995
0.032100000000000004
0.0429
0.1021
0.0837
0.0591
0.0442
0.0064
0.009
0.0077
0.2016
0.38029999999999997
1.8995
3.5235000000000003
3.9118000000000004
1.9747
0.4828
0.021500000000000002
0.036000000000000004
0.0469
0.043
0.052500000000000005
0.0369
0.024399999999999998
0.0303
0.0385
0.0421
0.0296
0.0324
0.0364
0.1091
0.0655
0.0789
0.0596
0.0677
0.0596
0.9438
0.6012
0.7676
0.7235
0.4001
0.8753
0.5152
0.7499
0.2506
0.1491
0.214
0.293
0.2614
0.25539999999999996
0.24
0.0743
0.0
0.0
0.0116
0.1143
0.01
0.0
0.0
0.0
4.5022
3.1336
6.8835999999999995
0.9300999999999999
0.9937
1.6869
3.2088
2.9564
2.2784
1.8252
1.7071999999999998
1.7570999999999999
1.8188
1.7588
1.8943
3.367
4.5548
2.0045
1.4783
1.2821
1.2238
1.3834
2.1628
1.9788
0.0
0.0
0.0
0.0
0.0
0.0
0.0
0.0
0.0
0.0
0.0
0.0
0.0
0.2834
2.6756
0.0018
0.0907
0.3371
0.2758
0.1255
0.5705
0.7849999999999999
0.096
0.0105
0.9767
0.1449
0.2317
0.2066
0.1575
0.0839
0.0427
0.032100000000000004
0.0408
0.0521
0.0395
0.038099999999999995
0.0314
0.028999999999999998
0.0234
0.0233
0.0212
0.0329
0.036
0.0579
0.07400000000000001
0.0968
0.1941
0.23959999999999998
0.3347
0.6361
1.9568999999999999
1.487
0.13290000000000002
0.0759
0.0368
0.0343
0.0382
0.0358
0.0324
0.0331
0.030699999999999998
0.0316
0.0279
0.026799999999999997
0.0162
0.0194
0.0136
0.0827
0.3762
0.2708
0.1623
0.1502
1.6006
5.315799999999999
6.2059999999999995
4.6333
1.4295
0.0092
0.049699999999999994
0.0416
0.021
0.015000000000000001
0.0402
0.0697
0.050699999999999995
0.032100000000000004
0.0429
0.1021
0.0837
0.0591
0.0442
0.0064
0.009
0.0077
0.2016
0.38029999999999997
1.8995
3.5235000000000003
3.9118000000000004
1.9747
0.4828
0.021500000000000002
0.036000000000000004
0.0469
0.043
0.052500000000000005
0.0369
0.024399999999999998
0.0303
0.0385
0.0421
0.0296
0.0324
0.0364
0.1091
0.0655
0.0789
0.0596
0.0677
0.0596
0.9438
0.6012
0.7676
0.7235
0.4001
0.8753
0.5152
0.7499
0.2506
0.1491
0.214
0.293
0.2614
0.25539999999999996
0.24
0.0743
0.0
0.0
0.0116
0.1143
0.01
0.0
0.0
0.0
4.5022
3.1336
6.8835999999999995
0.9300999999999999
0.9937
1.6869
3.2088
2.9564
2.2784
1.8252
1.7071999999999998
1.7570999999999999
1.8188
1.7588
1.8943
3.367
4.5548
2.0045
1.4783
1.2821
1.2238
1.3834
2.1628
1.9788
0.0
0.0
0.0
0.0
0.0
0.0
0.0
0.0
0.0
0.0
0.0
0.0
0.0
0.2834
2.6756
0.0018
0.0907
0.3371
0.2758
0.1255
0.5705
0.7849999999999999
0.096
0.0105
0.9767
0.1449
0.2317
0.2066
0.1575
0.0839
0.0427
0.032100000000000004
0.0408
0.0521
0.0395
0.038099999999999995
0.0314
0.028999999999999998
0.0234
0.0233
0.0212
0.0329
0.036
0.0579
0.07400000000000001
0.0968
0.1941
0.23959999999999998
0.3347
0.6361
1.9568999999999999
1.487
0.13290000000000002
0.0759
0.0368
0.0343
0.0382
0.0358
0.0324
0.0331
0.030699999999999998
0.0316
0.0279
0.026799999999999997
0.0162
0.0194
0.0136
0.0827
0.3762
0.2708
0.1623
0.1502
1.6006
5.315799999999999
6.2059999999999995
4.6333
1.4295
0.0092
0.049699999999999994
0.0416
0.021
0.015000000000000001
0.0402
0.0697
0.050699999999999995
0.032100000000000004
0.0429
0.1021
0.0837
0.0591
0.0442
0.0064
0.009
0.0077
0.2016
0.38029999999999997
1.8995
3.5235000000000003
3.9118000000000004
1.9747
0.4828
0.021500000000000002
0.036000000000000004
0.0469
0.043
0.052500000000000005
0.0369
0.024399999999999998
0.0303
0.0385
0.0421
0.0296
0.0324
0.0364
0.1091
0.0655
0.0789
0.0596
0.0677
0.0596
0.9438
0.6012
0.7676
0.7235
0.4001
0.8753
0.5152
0.7499
0.2506
0.1491
0.214
0.293
0.2614
0.25539999999999996
0.24
0.0743
0.0
0.0
0.0116
0.1143
0.01
0.0
0.0
0.0
4.5022
3.1336
6.8835999999999995
0.9300999999999999
0.9937
1.6869
3.2088
2.9564
2.2784
1.8252
1.7071999999999998
1.7570999999999999
1.8188
1.7588
1.8943
3.367
4.5548
2.0045
1.4783
1.2821
1.2238
1.3834
2.1628
1.9788
0.0
0.0
0.0
0.0
0.0
0.0
0.0
0.0
0.0
0.0
0.0
0.0
0.0
0.2834
2.6756
0.0018
0.0907
0.3371
0.2758
0.1255
0.5705
0.7849999999999999
0.096
0.0105
0.9767
0.1449
0.2317
0.2066
0.1575
0.0839
0.0427
0.032100000000000004
0.0408
0.0521
0.0395
0.038099999999999995
0.0314
0.028999999999999998
0.0234
0.0233
0.0212
0.0329
0.036
0.0579
0.07400000000000001
0.0968
0.1941
0.23959999999999998
0.3347
0.6361
1.9568999999999999
1.487
0.13290000000000002
0.0759
0.0368
0.0343
0.0382
0.0358
0.0324
0.0331
0.030699999999999998
0.0316
0.0279
0.026799999999999997
0.0162
0.0194
0.0136
0.0827
0.3762
0.2708
0.1623
0.1502
1.6006
5.315799999999999
6.2059999999999995
4.6333
1.4295
0.0092
0.049699999999999994
0.0416
0.021
0.015000000000000001
0.0402
0.0697
0.050699999999999995
0.032100000000000004
0.0429
0.1021
0.0837
0.0591
0.0442
0.0064
0.009
0.0077
0.2016
0.38029999999999997
1.8995
3.5235000000000003
3.9118000000000004
1.9747
0.4828
0.021500000000000002
0.036000000000000004
0.0469
0.043
0.052500000000000005
0.0369
0.024399999999999998
0.0303
0.0385
0.0421
0.0296
0.0324
0.0364
0.1091
0.0655
0.0789
0.0596
0.0677
0.0596
0.9438
0.6012
0.7676
0.7235
0.4001
0.8753
0.5152
0.7499
0.2506
0.1491
0.214
0.293
0.2614
0.25539999999999996
0.24
0.0743
0.0
0.0
0.0116
0.1143
0.01
0.0
0.0
0.0
4.5022
3.1336
6.8835999999999995
0.9300999999999999
0.9937
1.6869
3.2088
2.9564
2.2784
1.8252
1.7071999999999998
1.7570999999999999
1.8188
1.7588
1.8943
3.367
4.5548
2.0045
1.4783
1.2821
1.2238
1.3834
2.1628
1.9788
0.0
0.0
0.0
0.0
0.0
0.0
0.0
0.0
0.0
0.0
0.0
0.0
0.0
0.2834
2.6756
0.0018
0.0907
0.3371
0.2758
0.1255
0.5705
0.7849999999999999
0.096
0.0105
0.9767
0.1449
0.2317
0.2066
0.1575
0.0839
0.0427
0.032100000000000004
0.0408
0.0521
0.0395
0.038099999999999995
0.0314
0.028999999999999998
0.0234
0.0233
0.0212
0.0329
0.036
0.0579
0.07400000000000001
0.0968
0.1941
0.23959999999999998
0.3347
0.6361
1.9568999999999999
1.487
0.13290000000000002
0.0759
0.0368
0.0343
0.0382
0.0358
0.0324
0.0331
0.030699999999999998
0.0316
0.0279
0.026799999999999997
0.0162
0.0194
0.0136
0.0827
0.3762
0.2708
0.1623
0.1502
2.34
1.2793999999999999
0.3054
0.2032
0.1498
0.11410000000000001
0.1003
0.2606
0.929
0.1647
0.2044
0.2027
0.1375
0.09459999999999999
0.0928
0.0973
0.0988
0.0956
0.0928
0.1259
0.1255
0.405
1.4257
0.9133
0.2914
0.3447
0.48040000000000005
0.19940000000000002
0.09079999999999999
0.1991
0.0797
0.0322
0.0237
0.0085
0.006699999999999999
0.0063
0.0201
0.0228
0.0529
0.0877
0.0345
0.0366
0.0376
0.0128
0.0048
0.0804
0.109
0.0
0.7312
0.659
0.6448
0.6311
0.5879
0.49650000000000005
0.8787
1.7832000000000001
0.2848
0.2185
0.5224
1.67
0.3412
0.1328
0.1276
0.0597
0.0412
0.0398
0.3392
0.6788
0.5182
0.6807000000000001
1.3676
0.8240000000000001
0.1085
0.1178
0.11410000000000001
0.108
0.1139
0.0658
0.0291
0.012799999999999999
0.0088
0.0334
0.028
0.042800000000000005
0.043399999999999994
0.039099999999999996
0.0177
0.0049
0.0112
0.0316
0.0733
0.07930000000000001
0.0711
0.0435
0.0407
0.0399
0.2346
0.2011
0.18769999999999998
0.1605
0.09989999999999999
0.0514
0.0372
0.0339
0.0354
0.0412
0.0319
0.0317
0.034
0.0278
0.0281
0.030699999999999998
0.0281
0.0538
0.035500000000000004
0.0463
0.0577
0.0608
0.1508
0.5199
0.1471
0.0
0.0133
0.0
0.0
0.014
0.0246
0.0377
0.0019
0.0
0.0
0.0
0.0
3.0596
4.2993
0.0
0.0205
0.0497
0.49
0.7150000000000001
0.189
0.0
0.0
0.3471
1.9433
0.0255
0.0
0.0317
0.0
0.2642
0.4362
0.0135
0.0147
0.005
0.0
0.0
0.0
0.0004
0.0243
0.3183
0.0534
0.0352
0.0051
0.0091
0.0
0.0033
0.0207
2.069
2.34
1.2793999999999999
0.3054
0.2032
0.1498
0.11410000000000001
0.1003
0.2606
0.929
0.1647
0.2044
0.2027
0.1375
0.09459999999999999
0.0928
0.0973
0.0988
0.0956
0.0928
0.1259
0.1255
0.405
1.4257
0.9133
0.2914
0.3447
0.48040000000000005
0.19940000000000002
0.09079999999999999
0.1991
0.0797
0.0322
0.0237
0.0085
0.006699999999999999
0.0063
0.0201
0.0228
0.0529
0.0877
0.0345
0.0366
0.0376
0.0128
0.0048
0.0804
0.109
0.0
0.7312
0.659
0.6448
0.6311
0.5879
0.49650000000000005
0.8787
1.7832000000000001
0.2848
0.2185
0.5224
1.67
0.3412
0.1328
0.1276
0.0597
0.0412
0.0398
0.3392
0.6788
0.5182
0.6807000000000001
1.3676
0.8240000000000001
0.1085
0.1178
0.11410000000000001
0.108
0.1139
0.0658
0.0291
0.012799999999999999
0.0088
0.0334
0.028
0.042800000000000005
0.043399999999999994
0.039099999999999996
0.0177
0.0049
0.0112
0.0316
0.0733
0.07930000000000001
0.0711
0.0435
0.0407
0.0399
0.2346
0.2011
0.18769999999999998
0.1605
0.09989999999999999
0.0514
0.0372
0.0339
0.0354
0.0412
0.0319
0.0317
0.034
0.0278
0.0281
0.030699999999999998
0.0281
0.0538
0.035500000000000004
0.0463
0.0577
0.0608
0.1508
0.5199
0.1471
0.0
0.0133
0.0
0.0
0.014
0.0246
0.0377
0.0019
0.0
0.0
0.0
0.0
3.0596
4.2993
0.0
0.0205
0.0497
0.49
0.7150000000000001
0.189
0.0
0.0
0.3471
1.9433
0.0255
0.0
0.0317
0.0
0.2642
0.4362
0.0135
0.0147
0.005
0.0
0.0
0.0
0.0004
0.0243
0.3183
0.0534
0.0352
0.0051
0.0091
0.0
0.0033
0.0207
2.069
2.34
1.2793999999999999
0.3054
0.2032
0.1498
0.11410000000000001
0.1003
0.2606
0.929
0.1647
0.2044
0.2027
0.1375
0.09459999999999999
0.0928
0.0973
0.0988
0.0956
0.0928
0.1259
0.1255
0.405
1.4257
0.9133
0.2914
0.3447
0.48040000000000005
0.19940000000000002
0.09079999999999999
0.1991
0.0797
0.0322
0.0237
0.0085
0.006699999999999999
0.0063
0.0201
0.0228
0.0529
0.0877
0.0345
0.0366
0.0376
0.0128
0.0048
0.0804
0.109
0.0
0.7312
0.659
0.6448
0.6311
0.5879
0.49650000000000005
0.8787
1.7832000000000001
0.2848
0.2185
0.5224
1.67
0.3412
0.1328
0.1276
0.0597
0.0412
0.0398
0.3392
0.6788
0.5182
0.6807000000000001
1.3676
0.8240000000000001
0.1085
0.1178
0.11410000000000001
0.108
0.1139
0.0658
0.0291
0.012799999999999999
0.0088
0.0334
0.028
0.042800000000000005
0.043399999999999994
0.039099999999999996
0.0177
0.0049
0.0112
0.0316
0.0733
0.07930000000000001
0.0711
0.0435
0.0407
0.0399
0.2346
0.2011
0.18769999999999998
0.1605
0.09989999999999999
0.0514
0.0372
0.0339
0.0354
0.0412
0.0319
0.0317
0.034
0.0278
0.0281
0.030699999999999998
0.0281
0.0538
0.035500000000000004
0.0463
0.0577
0.0608
0.1508
0.5199
0.1471
0.0
0.0133
0.0
0.0
0.014
0.0246
0.0377
0.0019
0.0
0.0
0.0
0.0
3.0596
4.2993
0.0
0.0205
0.0497
0.49
0.7150000000000001
0.189
0.0
0.0
0.3471
1.9433
0.0255
0.0
0.0317
0.0
0.2642
0.4362
0.0135
0.0147
0.005
0.0
0.0
0.0
0.0004
0.0243
0.3183
0.0534
0.0352
0.0051
0.0091
0.0
0.0033
0.0207
2.069
2.34
1.2793999999999999
0.3054
0.2032
0.1498
0.11410000000000001
0.1003
0.2606
0.929
0.1647
0.2044
0.2027
0.1375
0.09459999999999999
0.0928
0.0973
0.0988
0.0956
0.0928
0.1259
0.1255
0.405
1.4257
0.9133
0.2914
0.3447
0.48040000000000005
0.19940000000000002
0.09079999999999999
0.1991
0.0797
0.0322
0.0237
0.0085
0.006699999999999999
0.0063
0.0201
0.0228
0.0529
0.0877
0.0345
0.0366
0.0376
0.0128
0.0048
0.0804
0.109
0.0
0.7312
0.659
0.6448
0.6311
0.5879
0.49650000000000005
0.8787
1.7832000000000001
0.2848
0.2185
0.5224
1.67
0.3412
0.1328
0.1276
0.0597
0.0412
0.0398
0.3392
0.6788
0.5182
0.6807000000000001
1.3676
0.8240000000000001
0.1085
0.1178
0.11410000000000001
0.108
0.1139
0.0658
0.0291
0.012799999999999999
0.0088
0.0334
0.028
0.042800000000000005
0.043399999999999994
0.039099999999999996
0.0177
0.0049
0.0112
0.0316
0.0733
0.07930000000000001
0.0711
0.0435
0.0407
0.0399
0.2346
0.2011
0.18769999999999998
0.1605
0.09989999999999999
0.0514
0.0372
0.0339
0.0354
0.0412
0.0319
0.0317
0.034
0.0278
0.0281
0.030699999999999998
0.0281
0.0538
0.035500000000000004
0.0463
0.0577
0.0608
0.1508
0.5199
0.1471
0.0
0.0133
0.0
0.0
0.014
0.0246
0.0377
0.0019
0.0
0.0
0.0
0.0
3.0596
4.2993
0.0
0.0205
0.0497
0.49
0.7150000000000001
0.189
0.0
0.0
0.3471
1.9433
0.0255
0.0
0.0317
0.0
0.2642
0.4362
0.0135
0.0147
0.005
0.0
0.0
0.0
0.0004
0.0243
0.3183
0.0534
0.0352
0.0051
0.0091
0.0
0.0033
0.0207
2.069
2.34
1.2793999999999999
0.3054
0.2032
0.1498
0.11410000000000001
0.1003
0.2606
0.929
0.1647
0.2044
0.2027
0.1375
0.09459999999999999
0.0928
0.0973
0.0988
0.0956
0.0928
0.1259
0.1255
0.405
1.4257
0.9133
0.2914
0.3447
0.48040000000000005
0.19940000000000002
0.09079999999999999
0.1991
0.0797
0.0322
0.0237
0.0085
0.006699999999999999
0.0063
0.0201
0.0228
0.0529
0.0877
0.0345
0.0366
0.0376
0.0128
0.0048
0.0804
0.109
0.0
0.7312
0.659
0.6448
0.6311
0.5879
0.49650000000000005
0.8787
1.7832000000000001
0.2848
0.2185
0.5224
1.67
0.3412
0.1328
0.1276
0.0597
0.0412
0.0398
0.3392
0.6788
0.5182
0.6807000000000001
1.3676
0.8240000000000001
0.3803
0.7007
0.6718999999999999
0.1921
0.0518
0.0186
0.0068
0.0235
0.0386
0.061399999999999996
0.07780000000000001
0.079
0.0837
0.0964
0.09390000000000001
0.041999999999999996
0.2198
0.2783
0.4635
1.0695999999999999
1.1448
0.2629
0.1823
0.1527
0.2583
0.2663
0.33440000000000003
0.1917
0.0437
0.026
0.0356
0.0295
0.032299999999999995
0.0356
0.0354
0.032600000000000004
0.0317
0.0235
0.0279
0.0264
0.0302
0.0426
0.0364
0.0342
0.0327
0.0443
0.0847
2.8285
3.138
3.2037
0.2382
0.0749
0.0703
0.0644
0.0604
0.09889999999999999
0.08990000000000001
0.0979
0.10039999999999999
0.08729999999999999
0.0947
0.1009
1.6283
0.477
0.1056
0.1658
0.776
0.7584
0.1827
0.1444
0.09609999999999999
2.4407
0.040400000000000005
0.0395
0.039999999999999994
0.0406
0.041999999999999996
0.0403
0.022
0.0067
0.0
0.0073
0.0242
0.0201
0.0234
0.0252
0.0298
0.0225
0.0208
0.0837
0.061
0.0471
0.0446
0.037599999999999995
0.0484
0.05
0.0
0.0
0.0
0.0
0.0
0.0086
0.0346
0.058399999999999994
0.1242
0.0785
0.23349999999999999
0.5065999999999999
0.6325
3.7049
2.0728
0.2622
0.1063
0.8193
1.6819
0.1792
0.0194
0.0
0.0
0.0
6.0495
5.893599999999999
5.683999999999999
4.8894
0.178
0.13570000000000002
0.0932
0.14100000000000001
0.4065
0.4306
0.3873
0.23550000000000001
0.07569999999999999
0.0403
0.0344
0.6302
0.2403
0.21860000000000002
0.31279999999999997
0.461
0.8
1.0107
0.7807999999999999
2.3931000000000004
1.4411
0.7554000000000001
0.4177
0.3729
0.3557
0.36970000000000003
0.3985
0.4235
0.4459
0.46199999999999997
0.4845
0.5677000000000001
0.7119
0.8767
0.9999
1.3815
0.9967999999999999
0.9241
0.95
0.9203
0.7714000000000001
0.6057
0.4625
2.3396999999999997
0.3803
0.7007
0.6718999999999999
0.1921
0.0518
0.0186
0.0068
0.0235
0.0386
0.061399999999999996
0.07780000000000001
0.079
0.0837
0.0964
0.09390000000000001
0.041999999999999996
0.2198
0.2783
0.4635
1.0695999999999999
1.1448
0.2629
0.1823
0.1527
0.2583
0.2663
0.33440000000000003
0.1917
0.0437
0.026
0.0356
0.0295
0.032299999999999995
0.0356
0.0354
0.032600000000000004
0.0317
0.0235
0.0279
0.0264
0.0302
0.0426
0.0364
0.0342
0.0327
0.0443
0.0847
2.8285
3.138
3.2037
0.2382
0.0749
0.0703
0.0644
0.0604
0.09889999999999999
0.08990000000000001
0.0979
0.10039999999999999
0.08729999999999999
0.0947
0.1009
1.6283
0.477
0.1056
0.1658
0.776
0.7584
0.1827
0.1444
0.09609999999999999
2.4407
0.040400000000000005
0.0395
0.039999999999999994
0.0406
0.041999999999999996
0.0403
0.022
0.0067
0.0
0.0073
0.0242
0.0201
0.0234
0.0252
0.0298
0.0225
0.0208
0.0837
0.061
0.0471
0.0446
0.037599999999999995
0.0484
0.05
0.0
0.0
0.0
0.0
0.0
0.0086
0.0346
0.058399999999999994
0.1242
0.0785
0.23349999999999999
0.5065999999999999
0.6325
3.7049
2.0728
0.2622
0.1063
0.8193
1.6819
0.1792
0.0194
0.0
0.0
0.0
6.0495
5.893599999999999
5.683999999999999
4.8894
0.178
0.13570000000000002
0.0932
0.14100000000000001
0.4065
0.4306
0.3873
0.23550000000000001
0.07569999999999999
0.0403
0.0344
0.6302
0.2403
0.21860000000000002
0.31279999999999997
0.461
0.8
1.0107
0.7807999999999999
2.3931000000000004
1.4411
0.7554000000000001
0.4177
0.3729
0.3557
0.36970000000000003
0.3985
0.4235
0.4459
0.46199999999999997
0.4845
0.5677000000000001
0.7119
0.8767
0.9999
1.3815
0.9967999999999999
0.9241
0.95
0.9203
0.7714000000000001
0.6057
0.4625
2.3396999999999997
0.3803
0.7007
0.6718999999999999
0.1921
0.0518
0.0186
0.0068
0.0235
0.0386
0.061399999999999996
0.07780000000000001
0.079
0.0837
0.0964
0.09390000000000001
0.041999999999999996
0.2198
0.2783
0.4635
1.0695999999999999
1.1448
0.2629
0.1823
0.1527
0.2583
0.2663
0.33440000000000003
0.1917
0.0437
0.026
0.0356
0.0295
0.032299999999999995
0.0356
0.0354
0.032600000000000004
0.0317
0.0235
0.0279
0.0264
0.0302
0.0426
0.0364
0.0342
0.0327
0.0443
0.0847
2.8285
3.138
3.2037
0.2382
0.0749
0.0703
0.0644
0.0604
0.09889999999999999
0.08990000000000001
0.0979
0.10039999999999999
0.08729999999999999
0.0947
0.1009
1.6283
0.477
0.1056
0.1658
0.776
0.7584
0.1827
0.1444
0.09609999999999999
2.4407
0.040400000000000005
0.0395
0.039999999999999994
0.0406
0.041999999999999996
0.0403
0.022
0.0067
0.0
0.0073
0.0242
0.0201
0.0234
0.0252
0.0298
0.0225
0.0208
0.0837
0.061
0.0471
0.0446
0.037599999999999995
0.0484
0.05
0.0
0.0
0.0
0.0
0.0
0.0086
0.0346
0.058399999999999994
0.1242
0.0785
0.23349999999999999
0.5065999999999999
0.6325
3.7049
2.0728
0.2622
0.1063
0.8193
1.6819
0.1792
0.0194
0.0
0.0
0.0
6.0495
5.893599999999999
5.683999999999999
4.8894
0.178
0.13570000000000002
0.0932
0.14100000000000001
0.4065
0.4306
0.3873
0.23550000000000001
0.07569999999999999
0.0403
0.0344
0.6302
0.2403
0.21860000000000002
0.31279999999999997
0.461
0.8
1.0107
0.7807999999999999
2.3931000000000004
1.4411
0.7554000000000001
0.4177
0.3729
0.3557
0.36970000000000003
0.3985
0.4235
0.4459
0.46199999999999997
0.4845
0.5677000000000001
0.7119
0.8767
0.9999
1.3815
0.9967999999999999
0.9241
0.95
0.9203
0.7714000000000001
0.6057
0.4625
2.3396999999999997
0.3803
0.7007
0.6718999999999999
0.1921
0.0518
0.0186
0.0068
0.0235
0.0386
0.061399999999999996
0.07780000000000001
0.079
0.0837
0.0964
0.09390000000000001
0.041999999999999996
0.2198
0.2783
0.4635
1.0695999999999999
1.1448
0.2629
0.1823
0.1527
0.2583
0.2663
0.33440000000000003
0.1917
0.0437
0.026
0.0356
0.0295
0.032299999999999995
0.0356
0.0354
0.032600000000000004
0.0317
0.0235
0.0279
0.0264
0.0302
0.0426
0.0364
0.0342
0.0327
0.0443
0.0847
2.8285
3.138
3.2037
0.2382
0.0749
0.0703
0.0644
0.0604
0.09889999999999999
0.08990000000000001
0.0979
0.10039999999999999
0.08729999999999999
0.0947
0.1009
1.6283
0.477
0.1056
0.1658
0.776
0.7584
0.1827
0.1444
0.09609999999999999
2.4407
0.040400000000000005
0.0395
0.039999999999999994
0.0406
0.041999999999999996
0.0403
0.022
0.0067
0.0
0.0073
0.0242
0.0201
0.0234
0.0252
0.0298
0.0225
0.0208
0.0837
0.061
0.0471
0.0446
0.037599999999999995
0.0484
0.05
0.0
0.0
0.0
0.0
0.0
0.0086
0.0346
0.058399999999999994
0.1242
0.0785
0.23349999999999999
0.5065999999999999
0.6325
3.7049
2.0728
0.2622
0.1063
0.8193
1.6819
0.1792
0.0194
0.0
0.0
0.0
6.0495
5.893599999999999
5.683999999999999
4.8894
0.178
0.13570000000000002
0.0932
0.14100000000000001
0.4065
0.4306
0.3873
0.23550000000000001
0.07569999999999999
0.0403
0.0344
0.6302
0.2403
0.21860000000000002
0.31279999999999997
0.461
0.8
1.0107
0.7807999999999999
2.3931000000000004
1.4411
0.7554000000000001
0.4177
0.3729
0.3557
0.36970000000000003
0.3985
0.4235
0.4459
0.46199999999999997
0.4845
0.5677000000000001
0.7119
0.8767
0.9999
1.3815
0.9967999999999999
0.9241
0.95
0.9203
0.7714000000000001
0.6057
0.4625
2.3396999999999997
0.3803
0.7007
0.6718999999999999
0.1921
0.0518
0.0186
0.0068
0.0235
0.0386
0.061399999999999996
0.07780000000000001
0.079
0.0837
0.0964
0.09390000000000001
0.041999999999999996
0.2198
0.2783
0.4635
1.0695999999999999
1.1448
0.2629
0.1823
0.1527
0.2583
0.2663
0.33440000000000003
0.1917
0.0437
0.026
0.0356
0.0295
0.032299999999999995
0.0356
0.0354
0.032600000000000004
0.0317
0.0235
0.0279
0.0264
0.0302
0.0426
0.0364
0.0342
0.0327
0.0443
0.0847
2.8285
0.5609
4.3007
4.8484
1.8312
0.1153
0.14679999999999999
0.1972
0.3782
0.8596
0.6693
0.2583
0.23309999999999997
0.2359
0.2454
0.25470000000000004
0.31110000000000004
0.3876
0.5841000000000001
1.2012
1.3949
1.2591
1.1166
0.846
0.5731999999999999
4.4572
0.3611
0.0
0.0
0.0
0.0
0.0172
0.0
0.0
1.2246
0.2557
0.0
2.0802
0.44489999999999996
0.0
0.0
0.0
0.0
0.0
0.0132
0.039
0.0277
0.0
0.0
3.7516999999999996
7.1799
5.9467
1.9470999999999998
0.6648000000000001
0.04
0.0562
0.11180000000000001
0.08449999999999999
0.0786
0.1074
0.19069999999999998
0.1272
0.1175
0.1305
0.1279
0.3145
0.6341
0.20240000000000002
0.1242
0.152
0.21189999999999998
1.0834
1.33
5.9265
4.0764
2.5672
0.4869
0.0
0.0213
0.0257
0.0279
0.027200000000000002
0.055
0.09190000000000001
0.1009
0.0796
0.024399999999999998
0.052000000000000005
0.36719999999999997
0.0905
0.0503
0.0471
0.0788
0.0644
0.064
0.06709999999999999
1.5646
0.3469
0.2528
0.2565
0.2592
0.26890000000000003
0.5526
1.2903
0.2921
0.045899999999999996
0.009899999999999999
0.0147
0.0417
0.0361
0.0047
0.097
1.1423
0.5637
1.1859000000000002
1.7574999999999998
1.4528
1.5923
0.9054
0.19390000000000002
0.263
0.0267
0.0
0.74
1.1608
1.1401
0.712
0.7954
0.5532
0.8869
1.3467
1.4642
1.0945
0.8439
0.673
0.8298
0.6639
0.5649
0.5339
1.1328
1.1337000000000002
1.2919999999999998
1.165
0.5292
0.1453
0.9073
1.1941
0.3408
1.7722000000000002
0.5206
0.2853
0.4077
0.23709999999999998
0.32889999999999997
0.3463
0.08310000000000001
0.1419
0.1953
0.2606
0.0646
0.0
0.0
0.0
0.0
0.0556
0.0035
0.0
0.0
0.0
0.5609
4.3007
4.8484
1.8312
0.1153
0.14679999999999999
0.1972
0.3782
0.8596
0.6693
0.2583
0.23309999999999997
0.2359
0.2454
0.25470000000000004
0.31110000000000004
0.3876
0.5841000000000001
1.2012
1.3949
1.2591
1.1166
0.846
0.5731999999999999
4.4572
0.3611
0.0
0.0
0.0
0.0
0.0172
0.0
0.0
1.2246
0.2557
0.0
2.0802
0.44489999999999996
0.0
0.0
0.0
0.0
0.0
0.0132
0.039
0.0277
0.0
0.0
3.7516999999999996
7.1799
5.9467
1.9470999999999998
0.6648000000000001
0.04
0.0562
0.11180000000000001
0.08449999999999999
0.0786
0.1074
0.19069999999999998
0.1272
0.1175
0.1305
0.1279
0.3145
0.6341
0.20240000000000002
0.1242
0.152
0.21189999999999998
1.0834
1.33
5.9265
4.0764
2.5672
0.4869
0.0
0.0213
0.0257
0.0279
0.027200000000000002
0.055
0.09190000000000001
0.1009
0.0796
0.024399999999999998
0.052000000000000005
0.36719999999999997
0.0905
0.0503
0.0471
0.0788
0.0644
0.064
0.06709999999999999
1.5646
0.3469
0.2528
0.2565
0.2592
0.26890000000000003
0.5526
1.2903
0.2921
0.045899999999999996
0.009899999999999999
0.0147
0.0417
0.0361
0.0047
0.097
1.1423
0.5637
1.1859000000000002
1.7574999999999998
1.4528
1.5923
0.9054
0.19390000000000002
0.263
0.0267
0.0
0.74
1.1608
1.1401
0.712
0.7954
0.5532
0.8869
1.3467
1.4642
1.0945
0.8439
0.673
0.8298
0.6639
0.5649
0.5339
1.1328
1.1337000000000002
1.2919999999999998
1.165
0.5292
0.1453
0.9073
1.1941
0.3408
1.7722000000000002
0.5206
0.2853
0.4077
0.23709999999999998
0.32889999999999997
0.3463
0.08310000000000001
0.1419
0.1953
0.2606
0.0646
0.0
0.0
0.0
0.0
0.0556
0.0035
0.0
0.0
0.0
0.5609
4.3007
4.8484
1.8312
0.1153
0.14679999999999999
0.1972
0.3782
0.8596
0.6693
0.2583
0.23309999999999997
0.2359
0.2454
0.25470000000000004
0.31110000000000004
0.3876
0.5841000000000001
1.2012
1.3949
1.2591
1.1166
0.846
0.5731999999999999
4.4572
0.3611
0.0
0.0
0.0
0.0
0.0172
0.0
0.0
1.2246
0.2557
0.0
2.0802
0.44489999999999996
0.0
0.0
0.0
0.0
0.0
0.0132
0.039
0.0277
0.0
0.0
3.7516999999999996
7.1799
5.9467
1.9470999999999998
0.6648000000000001
0.04
0.0562
0.11180000000000001
0.08449999999999999
0.0786
0.1074
0.19069999999999998
0.1272
0.1175
0.1305
0.1279
0.3145
0.6341
0.20240000000000002
0.1242
0.152
0.21189999999999998
1.0834
1.33
5.9265
4.0764
2.5672
0.4869
0.0
0.0213
0.0257
0.0279
0.027200000000000002
0.055
0.09190000000000001
0.1009
0.0796
0.024399999999999998
0.052000000000000005
0.36719999999999997
0.0905
0.0503
0.0471
0.0788
0.0644
0.064
0.06709999999999999
1.5646
0.3469
0.2528
0.2565
0.2592
0.26890000000000003
0.5526
1.2903
0.2921
0.045899999999999996
0.009899999999999999
0.0147
0.0417
0.0361
0.0047
0.097
1.1423
0.5637
1.1859000000000002
1.7574999999999998
1.4528
1.5923
0.9054
0.19390000000000002
0.263
0.0267
0.0
0.74
1.1608
1.1401
0.712
0.7954
0.5532
0.8869
1.3467
1.4642
1.0945
0.8439
0.673
0.8298
0.6639
0.5649
0.5339
1.1328
1.1337000000000002
1.2919999999999998
1.165
0.5292
0.1453
0.9073
1.1941
0.3408
1.7722000000000002
0.5206
0.2853
0.4077
0.23709999999999998
0.32889999999999997
0.3463
0.08310000000000001
0.1419
0.1953
0.2606
0.0646
0.0
0.0
0.0
0.0
0.0556
0.0035
0.0
0.0
0.0
0.5609
4.3007
4.8484
1.8312
0.1153
0.14679999999999999
0.1972
0.3782
0.8596
0.6693
0.2583
0.23309999999999997
0.2359
0.2454
0.25470000000000004
0.31110000000000004
0.3876
0.5841000000000001
1.2012
1.3949
1.2591
1.1166
0.846
0.5731999999999999
4.4572
0.3611
0.0
0.0
0.0
0.0
0.0172
0.0
0.0
1.2246
0.2557
0.0
2.0802
0.44489999999999996
0.0
0.0
0.0
0.0
0.0
0.0132
0.039
0.0277
0.0
0.0
3.7516999999999996
7.1799
5.9467
1.9470999999999998
0.6648000000000001
0.04
0.0562
0.11180000000000001
0.08449999999999999
0.0786
0.1074
0.19069999999999998
0.1272
0.1175
0.1305
0.1279
0.3145
0.6341
0.20240000000000002
0.1242
0.152
0.21189999999999998
1.0834
1.33
5.9265
4.0764
2.5672
0.4869
0.0
0.0213
0.0257
0.0279
0.027200000000000002
0.055
0.09190000000000001
0.1009
0.0796
0.024399999999999998
0.052000000000000005
0.36719999999999997
0.0905
0.0503
0.0471
0.0788
0.0644
0.064
0.06709999999999999
1.5646
0.3469
0.2528
0.2565
0.2592
0.26890000000000003
0.5526
1.2903
0.2921
0.045899999999999996
0.009899999999999999
0.0147
0.0417
0.0361
0.0047
0.097
1.1423
0.5637
1.1859000000000002
1.7574999999999998
1.4528
1.5923
0.9054
0.19390000000000002
0.263
0.0267
0.0
0.74
1.1608
1.1401
0.712
0.7954
0.5532
0.8869
1.3467
1.4642
1.0945
0.8439
0.673
0.8298
0.6639
0.5649
0.5339
1.1328
1.1337000000000002
1.2919999999999998
1.165
0.5292
0.1453
0.9073
1.1941
0.3408
1.7722000000000002
0.5206
0.2853
0.4077
0.23709999999999998
0.32889999999999997
0.3463
0.08310000000000001
0.1419
0.1953
0.2606
0.0646
0.0
0.0
0.0
0.0
0.0556
0.0035
0.0
0.0
0.0
0.5609
4.3007
4.8484
1.8312
0.1153
0.14679999999999999
0.1972
0.3782
0.8596
0.6693
0.2583
0.23309999999999997
0.2359
0.2454
0.25470000000000004
0.31110000000000004
0.3876
0.5841000000000001
1.2012
1.3949
1.2591
1.1166
0.846
0.5731999999999999
4.4572
0.3611
0.0
0.0
0.0
0.0
0.0172
0.0
0.0
1.2246
0.2557
0.0
2.0802
0.44489999999999996
0.0
0.0
0.0
0.0
0.0
0.0132
0.039
0.0277
0.0
0.0
3.7516999999999996
7.1799
5.9467
1.9470999999999998
0.6648000000000001
0.04
0.0562
0.11180000000000001
0.08449999999999999
0.0786
0.1074
0.19069999999999998
0.1272
0.1175
0.1305
0.1279
0.3145
0.6341
0.20240000000000002
0.1242
0.152
0.21189999999999998
1.0834
1.33
0.6411
2.3133999999999997
0.8996999999999999
0.5655
0.473
0.396
0.4068
0.4206
0.4419
0.5761000000000001
0.8237
1.0452
0.4362
0.3442
0.3791
0.41200000000000003
1.8474
0.7935000000000001
0.7175
0.824
0.9091
0.9416
0.8836999999999999
0.7258
5.5914
5.6315
2.8434
0.2285
0.0857
0.0421
0.022699999999999998
0.0882
0.47750000000000004
0.3004
0.073
0.014499999999999999
0.0251
0.022899999999999997
0.0208
0.007299999999999999
0.0053
0.0306
0.2732
0.9133
0.12919999999999998
0.1965
0.5267
1.3636
0.0674
0.0681
0.066
0.0781
0.0738
0.09129999999999999
0.2092
1.267
2.4924
0.6824
0.277
0.2662
0.28049999999999997
0.5982000000000001
0.6143000000000001
0.3109
0.33209999999999995
0.6808
0.6139
0.4469
0.3156
0.2138
0.0868
0.06709999999999999
4.7645
4.5309
6.1014
0.7745
0.1023
0.0337
0.018299999999999997
0.0233
0.002
0.0165
0.0233
0.045899999999999996
0.0237
0.0117
0.0229
0.0016
0.5264
0.13
0.0393
0.0406
0.05109999999999999
0.0982
0.1343
0.16549999999999998
0.0242
0.0
0.0298
0.0082
2.4680999999999997
0.4563
1.0035
0.0758
0.0368
0.0917
0.10200000000000001
0.1228
0.1162
0.1308
0.0796
0.1172
0.0589
0.0
0.0
0.0053
0.08
0.1004
0.0776
0.0767
1.027
0.0
0.0
0.0
0.0
0.0
0.0699
0.3661
0.4881
0.2147
0.0
0.0033
0.0
0.0083
0.0479
0.571
0.5111
0.4761
0.5364
0.6214
0.7743
1.0335999999999999
0.8634
1.4603
0.209
0.1928
0.17859999999999998
0.1647
0.109
0.0036
0.0
0.023
0.0451
0.0556
0.0607
0.047
0.0599
0.0557
0.04820000000000001
0.0412
0.0284
0.0401
0.1832
0.571
0.3991
0.23349999999999999
0.2593
0.2479
0.6411
2.3133999999999997
0.8996999999999999
0.5655
0.473
0.396
0.4068
0.4206
0.4419
0.5761000000000001
0.8237
1.0452
0.4362
0.3442
0.3791
0.41200000000000003
1.8474
0.7935000000000001
0.7175
0.824
0.9091
0.9416
0.8836999999999999
0.7258
5.5914
5.6315
2.8434
0.2285
0.0857
0.0421
0.022699999999999998
0.0882
0.47750000000000004
0.3004
0.073
0.014499999999999999
0.0251
0.022899999999999997
0.0208
0.007299999999999999
0.0053
0.0306
0.2732
0.9133
0.12919999999999998
0.1965
0.5267
1.3636
0.0674
0.0681
0.066
0.0781
0.0738
0.09129999999999999
0.2092
1.267
2.4924
0.6824
0.277
0.2662
0.28049999999999997
0.5982000000000001
0.6143000000000001
0.3109
0.33209999999999995
0.6808
0.6139
0.4469
0.3156
0.2138
0.0868
0.06709999999999999
4.7645
4.5309
6.1014
0.7745
0.1023
0.0337
0.018299999999999997
0.0233
0.002
0.0165
0.0233
0.045899999999999996
0.0237
0.0117
0.0229
0.0016
0.5264
0.13
0.0393
0.0406
0.05109999999999999
0.0982
0.1343
0.16549999999999998
0.0242
0.0
0.0298
0.0082
2.4680999999999997
0.4563
1.0035
0.0758
0.0368
0.0917
0.10200000000000001
0.1228
0.1162
0.1308
0.0796
0.1172
0.0589
0.0
0.0
0.0053
0.08
0.1004
0.0776
0.0767
1.027
0.0
0.0
0.0
0.0
0.0
0.0699
0.3661
0.4881
0.2147
0.0
0.0033
0.0
0.0083
0.0479
0.571
0.5111
0.4761
0.5364
0.6214
0.7743
1.0335999999999999
0.8634
1.4603
0.209
0.1928
0.17859999999999998
0.1647
0.109
0.0036
0.0
0.023
0.0451
0.0556
0.0607
0.047
0.0599
0.0557
0.04820000000000001
0.0412
0.0284
0.0401
0.1832
0.571
0.3991
0.23349999999999999
0.2593
0.2479
0.6411
2.3133999999999997
0.8996999999999999
0.5655
0.473
0.396
0.4068
0.4206
0.4419
0.5761000000000001
0.8237
1.0452
0.4362
0.3442
0.3791
0.41200000000000003
1.8474
0.7935000000000001
0.7175
0.824
0.9091
0.9416
0.8836999999999999
0.7258
5.5914
5.6315
2.8434
0.2285
0.0857
0.0421
0.022699999999999998
0.0882
0.47750000000000004
0.3004
0.073
0.014499999999999999
0.0251
0.022899999999999997
0.0208
0.007299999999999999
0.0053
0.0306
0.2732
0.9133
0.12919999999999998
0.1965
0.5267
1.3636
0.0674
0.0681
0.066
0.0781
0.0738
0.09129999999999999
0.2092
1.267
2.4924
0.6824
0.277
0.2662
0.28049999999999997
0.5982000000000001
0.6143000000000001
0.3109
0.33209999999999995
0.6808
0.6139
0.4469
0.3156
0.2138
0.0868
0.06709999999999999
4.7645
4.5309
6.1014
0.7745
0.1023
0.0337
0.018299999999999997
0.0233
0.002
0.0165
0.0233
0.045899999999999996
0.0237
0.0117
0.0229
0.0016
0.5264
0.13
0.0393
0.0406
0.05109999999999999
0.0982
0.1343
0.16549999999999998
0.0242
0.0
0.0298
0.0082
2.4680999999999997
0.4563
1.0035
0.0758
0.0368
0.0917
0.10200000000000001
0.1228
0.1162
0.1308
0.0796
0.1172
0.0589
0.0
0.0
0.0053
0.08
0.1004
0.0776
0.0767
1.027
0.0
0.0
0.0
0.0
0.0
0.0699
0.3661
0.4881
0.2147
0.0
0.0033
0.0
0.0083
0.0479
0.571
0.5111
0.4761
0.5364
0.6214
0.7743
1.0335999999999999
0.8634
1.4603
0.209
0.1928
0.17859999999999998
0.1647
0.109
0.0036
0.0
0.023
0.0451
0.0556
0.0607
0.047
0.0599
0.0557
0.04820000000000001
0.0412
0.0284
0.0401
0.1832
0.571
0.3991
0.23349999999999999
0.2593
0.2479
0.6411
2.3133999999999997
0.8996999999999999
0.5655
0.473
0.396
0.4068
0.4206
0.4419
0.5761000000000001
0.8237
1.0452
0.4362
0.3442
0.3791
0.41200000000000003
1.8474
0.7935000000000001
0.7175
0.824
0.9091
0.9416
0.8836999999999999
0.7258
5.5914
5.6315
2.8434
0.2285
0.0857
0.0421
0.022699999999999998
0.0882
0.47750000000000004
0.3004
0.073
0.014499999999999999
0.0251
0.022899999999999997
0.0208
0.007299999999999999
0.0053
0.0306
0.2732
0.9133
0.12919999999999998
0.1965
0.5267
1.3636
0.0674
0.0681
0.066
0.0781
0.0738
0.09129999999999999
0.2092
1.267
2.4924
0.6824
0.277
0.2662
0.28049999999999997
0.5982000000000001
0.6143000000000001
0.3109
0.33209999999999995
0.6808
0.6139
0.4469
0.3156
0.2138
0.0868
0.06709999999999999
4.7645
4.5309
6.1014
0.7745
0.1023
0.0337
0.018299999999999997
0.0233
0.002
0.0165
0.0233
0.045899999999999996
0.0237
0.0117
0.0229
0.0016
0.5264
0.13
0.0393
0.0406
0.05109999999999999
0.0982
0.1343
0.16549999999999998
0.0242
0.0
0.0298
0.0082
2.4680999999999997
0.4563
1.0035
0.0758
0.0368
0.0917
0.10200000000000001
0.1228
0.1162
0.1308
0.0796
0.1172
0.0589
0.0
0.0
0.0053
0.08
0.1004
0.0776
0.0767
1.027
0.0
0.0
0.0
0.0
0.0
0.0699
0.3661
0.4881
0.2147
0.0
0.0033
0.0
0.0083
0.0479
0.571
0.5111
0.4761
0.5364
0.6214
0.7743
1.0335999999999999
0.8634
1.4603
0.209
0.1928
0.17859999999999998
0.1647
0.109
0.0036
0.0
0.023
0.0451
0.0556
0.0607
0.047
0.0599
0.0557
0.04820000000000001
0.0412
0.0284
0.0401
0.1832
0.571
0.3991
0.23349999999999999
0.2593
0.2479
0.6411
2.3133999999999997
0.8996999999999999
0.5655
0.473
0.396
0.4068
0.4206
0.4419
0.5761000000000001
0.8237
1.0452
0.4362
0.3442
0.3791
0.41200000000000003
1.8474
0.7935000000000001
0.7175
0.824
0.9091
0.9416
0.8836999999999999
0.7258
5.5914
5.6315
2.8434
0.2285
0.0857
0.0421
0.022699999999999998
0.0882
0.47750000000000004
0.3004
0.073
0.014499999999999999
0.0251
0.022899999999999997
0.0208
0.007299999999999999
0.0053
0.0306
0.2732
0.9133
0.12919999999999998
0.1965
0.5267
1.3636
5.5415
5.638199999999999
5.2235
2.9038
0.3303
0.4074
0.2952
0.1856
0.1499
0.15610000000000002
0.1459
0.13290000000000002
0.1404
0.13269999999999998
0.158
0.1709
0.1896
0.24159999999999998
0.2835
0.48560000000000003
0.9853
0.591
0.4083
4.712400000000001
0.1427
0.1384
0.1367
0.1368
0.13290000000000002
0.11660000000000001
0.0905
0.0888
0.0931
0.1
0.0892
0.0847
0.0837
0.0854
0.0936
0.1043
0.13369999999999999
0.1335
0.13140000000000002
0.1313
0.12730000000000002
0.1295
0.1508
0.15610000000000002
3.3492999999999995
0.9515
0.0027
0.0
0.0
0.0
0.0
0.0081
0.026099999999999998
0.0146
0.028499999999999998
0.033
0.0218
0.0187
0.0179
0.0196
0.0143
0.0023
0.0043
0.0044
0.006
0.1622
0.7279
0.6169
6.2094000000000005
1.2145
0.0
0.0
0.0
0.0
0.0349
0.0
0.0036
0.004200000000000001
0.0039
0.0102
0.039599999999999996
0.07050000000000001
0.15450000000000003
0.0263
0.0
0.0017
0.0
0.0
0.016800000000000002
0.0
0.0
0.0
0.8108
0.6273
0.5829
0.5702
0.5729
0.6826
1.6938
2.7891000000000004
3.9939
2.4109
0.9478
0.7559
0.8465
0.8531
1.313
2.2011
1.4604
3.0115999999999996
4.847799999999999
5.5335
1.8971
0.7539
0.45199999999999996
0.39459999999999995
0.10300000000000001
4.4163
4.4708
0.823
0.1544
0.5502
0.4641
0.055499999999999994
0.0828
0.0844
0.0869
0.07300000000000001
0.0722
0.0412
0.36569999999999997
0.373
0.14500000000000002
0.197
0.8946000000000001
1.4508999999999999
0.7058
0.13879999999999998
0.1018
0.1483
0.8489
2.4320999999999997
3.2668999999999997
0.2601
0.0942
0.0674
0.0859
0.1129
0.1331
0.1609
0.174
0.1986
0.1902
0.2368
0.3126
0.1855
0.1547
0.13369999999999999
0.23559999999999998
0.219
0.1614
0.1361
0.1049
0.09129999999999999
5.5415
5.638199999999999
5.2235
2.9038
0.3303
0.4074
0.2952
0.1856
0.1499
0.15610000000000002
0.1459
0.13290000000000002
0.1404
0.13269999999999998
0.158
0.1709
0.1896
0.24159999999999998
0.2835
0.48560000000000003
0.9853
0.591
0.4083
4.712400000000001
0.1427
0.1384
0.1367
0.1368
0.13290000000000002
0.11660000000000001
0.0905
0.0888
0.0931
0.1
0.0892
0.0847
0.0837
0.0854
0.0936
0.1043
0.13369999999999999
0.1335
0.13140000000000002
0.1313
0.12730000000000002
0.1295
0.1508
0.15610000000000002
3.3492999999999995
0.9515
0.0027
0.0
0.0
0.0
0.0
0.0081
0.026099999999999998
0.0146
0.028499999999999998
0.033
0.0218
0.0187
0.0179
0.0196
0.0143
0.0023
0.0043
0.0044
0.006
0.1622
0.7279
0.6169
6.2094000000000005
1.2145
0.0
0.0
0.0
0.0
0.0349
0.0
0.0036
0.004200000000000001
0.0039
0.0102
0.039599999999999996
0.07050000000000001
0.15450000000000003
0.0263
0.0
0.0017
0.0
0.0
0.016800000000000002
0.0
0.0
0.0
0.8108
0.6273
0.5829
0.5702
0.5729
0.6826
1.6938
2.7891000000000004
3.9939
2.4109
0.9478
0.7559
0.8465
0.8531
1.313
2.2011
1.4604
3.0115999999999996
4.847799999999999
5.5335
1.8971
0.7539
0.45199999999999996
0.39459999999999995
0.10300000000000001
4.4163
4.4708
0.823
0.1544
0.5502
0.4641
0.055499999999999994
0.0828
0.0844
0.0869
0.07300000000000001
0.0722
0.0412
0.36569999999999997
0.373
0.14500000000000002
0.197
0.8946000000000001
1.4508999999999999
0.7058
0.13879999999999998
0.1018
0.1483
0.8489
2.4320999999999997
3.2668999999999997
0.2601
0.0942
0.0674
0.0859
0.1129
0.1331
0.1609
0.174
0.1986
0.1902
0.2368
0.3126
0.1855
0.1547
0.13369999999999999
0.23559999999999998
0.219
0.1614
0.1361
0.1049
0.09129999999999999
5.5415
5.638199999999999
5.2235
2.9038
0.3303
0.4074
0.2952
0.1856
0.1499
0.15610000000000002
0.1459
0.13290000000000002
0.1404
0.13269999999999998
0.158
0.1709
0.1896
0.24159999999999998
0.2835
0.48560000000000003
0.9853
0.591
0.4083
4.712400000000001
0.1427
0.1384
0.1367
0.1368
0.13290000000000002
0.11660000000000001
0.0905
0.0888
0.0931
0.1
0.0892
0.0847
0.0837
0.0854
0.0936
0.1043
0.13369999999999999
0.1335
0.13140000000000002
0.1313
0.12730000000000002
0.1295
0.1508
0.15610000000000002
3.3492999999999995
0.9515
0.0027
0.0
0.0
0.0
0.0
0.0081
0.026099999999999998
0.0146
0.028499999999999998
0.033
0.0218
0.0187
0.0179
0.0196
0.0143
0.0023
0.0043
0.0044
0.006
0.1622
0.7279
0.6169
6.2094000000000005
1.2145
0.0
0.0
0.0
0.0
0.0349
0.0
0.0036
0.004200000000000001
0.0039
0.0102
0.039599999999999996
0.07050000000000001
0.15450000000000003
0.0263
0.0
0.0017
0.0
0.0
0.016800000000000002
0.0
0.0
0.0
0.8108
0.6273
0.5829
0.5702
0.5729
0.6826
1.6938
2.7891000000000004
3.9939
2.4109
0.9478
0.7559
0.8465
0.8531
1.313
2.2011
1.4604
3.0115999999999996
4.847799999999999
5.5335
1.8971
0.7539
0.45199999999999996
0.39459999999999995
0.10300000000000001
4.4163
4.4708
0.823
0.1544
0.5502
0.4641
0.055499999999999994
0.0828
0.0844
0.0869
0.07300000000000001
0.0722
0.0412
0.36569999999999997
0.373
0.14500000000000002
0.197
0.8946000000000001
1.4508999999999999
0.7058
0.13879999999999998
0.1018
0.1483
0.8489
2.4320999999999997
3.2668999999999997
0.2601
0.0942
0.0674
0.0859
0.1129
0.1331
0.1609
0.174
0.1986
0.1902
0.2368
0.3126
0.1855
0.1547
0.13369999999999999
0.23559999999999998
0.219
0.1614
0.1361
0.1049
0.09129999999999999
5.5415
5.638199999999999
5.2235
2.9038
0.3303
0.4074
0.2952
0.1856
0.1499
0.15610000000000002
0.1459
0.13290000000000002
0.1404
0.13269999999999998
0.158
0.1709
0.1896
0.24159999999999998
0.2835
0.48560000000000003
0.9853
0.591
0.4083
4.712400000000001
0.1427
0.1384
0.1367
0.1368
0.13290000000000002
0.11660000000000001
0.0905
0.0888
0.0931
0.1
0.0892
0.0847
0.0837
0.0854
0.0936
0.1043
0.13369999999999999
0.1335
0.13140000000000002
0.1313
0.12730000000000002
0.1295
0.1508
0.15610000000000002
3.3492999999999995
0.9515
0.0027
0.0
0.0
0.0
0.0
0.0081
0.026099999999999998
0.0146
0.028499999999999998
0.033
0.0218
0.0187
0.0179
0.0196
0.0143
0.0023
0.0043
0.0044
0.006
0.1622
0.7279
0.6169
6.2094000000000005
1.2145
0.0
0.0
0.0
0.0
0.0349
0.0
0.0036
0.004200000000000001
0.0039
0.0102
0.039599999999999996
0.07050000000000001
0.15450000000000003
0.0263
0.0
0.0017
0.0
0.0
0.016800000000000002
0.0
0.0
0.0
0.8108
0.6273
0.5829
0.5702
0.5729
0.6826
1.6938
2.7891000000000004
3.9939
2.4109
0.9478
0.7559
0.8465
0.8531
1.313
2.2011
1.4604
3.0115999999999996
4.847799999999999
5.5335
1.8971
0.7539
0.45199999999999996
0.39459999999999995
0.10300000000000001
4.4163
4.4708
0.823
0.1544
0.5502
0.4641
0.055499999999999994
0.0828
0.0844
0.0869
0.07300000000000001
0.0722
0.0412
0.36569999999999997
0.373
0.14500000000000002
0.197
0.8946000000000001
1.4508999999999999
0.7058
0.13879999999999998
0.1018
0.1483
0.8489
2.4320999999999997
3.2668999999999997
0.2601
0.0942
0.0674
0.0859
0.1129
0.1331
0.1609
0.174
0.1986
0.1902
0.2368
0.3126
0.1855
0.1547
0.13369999999999999
0.23559999999999998
0.219
0.1614
0.1361
0.1049
0.09129999999999999
5.5415
5.638199999999999
5.2235
2.9038
0.3303
0.4074
0.2952
0.1856
0.1499
0.15610000000000002
0.1459
0.13290000000000002
0.1404
0.13269999999999998
0.158
0.1709
0.1896
0.24159999999999998
0.2835
0.48560000000000003
0.9853
0.591
0.4083
4.712400000000001
0.1427
0.1384
0.1367
0.1368
0.13290000000000002
0.11660000000000001
0.0905
0.0888
0.0931
0.1
0.0892
0.0847
0.0837
0.0854
0.0936
0.1043
0.13369999999999999
0.1335
0.13140000000000002
0.1313
0.12730000000000002
0.1295
0.1508
0.15610000000000002
3.3492999999999995
0.9515
0.0027
0.0
0.0
0.0
0.0
0.0081
0.026099999999999998
0.0146
0.028499999999999998
0.033
0.0218
0.0187
0.0179
0.0196
0.0143
0.0023
0.0043
0.0044
0.006
0.1622
0.7279
0.6169
