0.0631
0.0279
0.1001
0.0247
0.0
0.0
0.026
0.0
0.0
0.0
0.0
0.0
0.5174
9.5129
4.1935
0.0
0.3313
0.8163
2.5294
3.3361
5.8911
3.2968
0.1837
0.0
5.6655999999999995
7.599600000000001
6.6171
5.2834
0.5281
0.0588
0.124
0.2372
0.1605
0.0675
0.0605
0.034100000000000005
0.0299
0.0251
0.0345
0.0262
0.0045
0.0218
0.07
0.1861
0.39449999999999996
0.5575
0.6445000000000001
0.6675
0.14679999999999999
0.0743
0.0676
0.0231
0.0162
0.0
0.0189
0.26689999999999997
0.4272
0.3917
0.32389999999999997
0.2503
0.0189
0.046
4.7231
0.0
0.0
0.0
0.1846
0.8697
0.6614
0.501
0.0
2.2385
2.7072
3.5468
3.6646
1.2214
0.1006
0.1754
0.5258
0.20700000000000002
0.1738
0.1755
0.174
0.1835
0.18409999999999999
0.1871
0.2404
0.4294
0.417
0.419
0.2021
0.13779999999999998
0.13119999999999998
0.1417
0.1807
0.2116
0.1386
0.0912
0.0717
0.05260000000000001
0.0421
0.0092
0.0056
0.0162
0.012
0.0079
0.0345
0.0619
0.055400000000000005
0.0471
0.0388
0.0662
0.1592
0.21549999999999997
0.43289999999999995
0.7653
0.8724
0.4118
0.4303
0.5819
6.6672
5.639900000000001
5.8441
0.9791
0.506
0.44999999999999996
0.328
0.2571
0.0746
0.039400000000000004
0.0346
0.0235
0.0194
0.0177
0.0104
0.0155
0.2369
0.2047
0.07669999999999999
0.09659999999999999
0.08990000000000001
0.08829999999999999
0.1152
0.1956
0.6621
1.1114
1.0694000000000001
1.3588
0.8037
0.4416
0.4044
0.4412
0.613
0.5454
0.4881
0.3432
0.274
0.2666
0.2586
0.586
1.7537
1.5605
2.1948
2.8070000000000004
2.533
1.7774999999999999
1.6406
4.7457
0.0631
0.0279
0.1001
0.0247
0.0
0.0
0.026
0.0
0.0
0.0
0.0
0.0
0.5174
9.5129
4.1935
0.0
0.3313
0.8163
2.5294
3.3361
5.8911
3.2968
0.1837
0.0
5.6655999999999995
7.599600000000001
6.6171
5.2834
0.5281
0.0588
0.124
0.2372
0.1605
0.0675
0.0605
0.034100000000000005
0.0299
0.0251
0.0345
0.0262
0.0045
0.0218
0.07
0.1861
0.39449999999999996
0.5575
0.6445000000000001
0.6675
0.14679999999999999
0.0743
0.0676
0.0231
0.0162
0.0
0.0189
0.26689999999999997
0.4272
0.3917
0.32389999999999997
0.2503
0.0189
0.046
4.7231
0.0
0.0
0.0
0.1846
0.8697
0.6614
0.501
0.0
2.2385
2.7072
3.5468
3.6646
1.2214
0.1006
0.1754
0.5258
0.20700000000000002
0.1738
0.1755
0.174
0.1835
0.18409999999999999
0.1871
0.2404
0.4294
0.417
0.419
0.2021
0.13779999999999998
0.13119999999999998
0.1417
0.1807
0.2116
0.1386
0.0912
0.0717
0.05260000000000001
0.0421
0.0092
0.0056
0.0162
0.012
0.0079
0.0345
0.0619
0.055400000000000005
0.0471
0.0388
0.0662
0.1592
0.21549999999999997
0.43289999999999995
0.7653
0.8724
0.4118
0.4303
0.5819
6.6672
5.639900000000001
5.8441
0.9791
0.506
0.44999999999999996
0.328
0.2571
0.0746
0.039400000000000004
0.0346
0.0235
0.0194
0.0177
0.0104
0.0155
0.2369
0.2047
0.07669999999999999
0.09659999999999999
0.08990000000000001
0.08829999999999999
0.1152
0.1956
0.6621
1.1114
1.0694000000000001
1.3588
0.8037
0.4416
0.4044
0.4412
0.613
0.5454
0.4881
0.3432
0.274
0.2666
0.2586
0.586
1.7537
1.5605
2.1948
2.8070000000000004
2.533
1.7774999999999999
1.6406
4.7457
0.0631
0.0279
0.1001
0.0247
0.0
0.0
0.026
0.0
0.0
0.0
0.0
0.0
0.5174
9.5129
4.1935
0.0
0.3313
0.8163
2.5294
3.3361
5.8911
3.2968
0.1837
0.0
5.6655999999999995
7.599600000000001
6.6171
5.2834
0.5281
0.0588
0.124
0.2372
0.1605
0.0675
0.0605
0.034100000000000005
0.0299
0.0251
0.0345
0.0262
0.0045
0.0218
0.07
0.1861
0.39449999999999996
0.5575
0.6445000000000001
0.6675
0.14679999999999999
0.0743
0.0676
0.0231
0.0162
0.0
0.0189
0.26689999999999997
0.4272
0.3917
0.32389999999999997
0.2503
0.0189
0.046
4.7231
0.0
0.0
0.0
0.1846
0.8697
0.6614
0.501
0.0
2.2385
2.7072
3.5468
3.6646
1.2214
0.1006
0.1754
0.5258
0.20700000000000002
0.1738
0.1755
0.174
0.1835
0.18409999999999999
0.1871
0.2404
0.4294
0.417
0.419
0.2021
0.13779999999999998
0.13119999999999998
0.1417
0.1807
0.2116
0.1386
0.0912
0.0717
0.05260000000000001
0.0421
0.0092
0.0056
0.0162
0.012
0.0079
0.0345
0.0619
0.055400000000000005
0.0471
0.0388
0.0662
0.1592
0.21549999999999997
0.43289999999999995
0.7653
0.8724
0.4118
0.4303
0.5819
6.6672
5.639900000000001
5.8441
0.9791
0.506
0.44999999999999996
0.328
0.2571
0.0746
0.039400000000000004
0.0346
0.0235
0.0194
0.0177
0.0104
0.0155
0.2369
0.2047
0.07669999999999999
0.09659999999999999
0.08990000000000001
0.08829999999999999
0.1152
0.1956
0.6621
1.1114
1.0694000000000001
1.3588
0.8037
0.4416
0.4044
0.4412
0.613
0.5454
0.4881
0.3432
0.274
0.2666
0.2586
0.586
1.7537
1.5605
2.1948
2.8070000000000004
2.533
1.7774999999999999
1.6406
4.7457
0.0631
0.0279
0.1001
0.0247
0.0
0.0
0.026
0.0
0.0
0.0
0.0
0.0
0.5174
9.5129
4.1935
0.0
0.3313
0.8163
2.5294
3.3361
5.8911
3.2968
0.1837
0.0
5.6655999999999995
7.599600000000001
6.6171
5.2834
0.5281
0.0588
0.124
0.2372
0.1605
0.0675
0.0605
0.034100000000000005
0.0299
0.0251
0.0345
0.0262
0.0045
0.0218
0.07
0.1861
0.39449999999999996
0.5575
0.6445000000000001
0.6675
0.14679999999999999
0.0743
0.0676
0.0231
0.0162
0.0
0.0189
0.26689999999999997
0.4272
0.3917
0.32389999999999997
0.2503
0.0189
0.046
4.7231
0.0
0.0
0.0
0.1846
0.8697
0.6614
0.501
0.0
2.2385
2.7072
3.5468
3.6646
1.2214
0.1006
0.1754
0.5258
0.20700000000000002
0.1738
0.1755
0.174
0.1835
0.18409999999999999
0.1871
0.2404
0.4294
0.417
0.419
0.2021
0.13779999999999998
0.13119999999999998
0.1417
0.1807
0.2116
0.1386
0.0912
0.0717
0.05260000000000001
0.0421
0.0092
0.0056
0.0162
0.012
0.0079
0.0345
0.0619
0.055400000000000005
0.0471
0.0388
0.0662
0.1592
0.21549999999999997
0.43289999999999995
0.7653
0.8724
0.4118
0.4303
0.5819
6.6672
5.639900000000001
5.8441
0.9791
0.506
0.44999999999999996
0.328
0.2571
0.0746
0.039400000000000004
0.0346
0.0235
0.0194
0.0177
0.0104
0.0155
0.2369
0.2047
0.07669999999999999
0.09659999999999999
0.08990000000000001
0.08829999999999999
0.1152
0.1956
0.6621
1.1114
1.0694000000000001
1.3588
0.8037
0.4416
0.4044
0.4412
0.613
0.5454
0.4881
0.3432
0.274
0.2666
0.2586
0.586
1.7537
1.5605
2.1948
2.8070000000000004
2.533
1.7774999999999999
1.6406
4.7457
0.0631
0.0279
0.1001
0.0247
0.0
0.0
0.026
0.0
0.0
0.0
0.0
0.0
0.5174
9.5129
4.1935
0.0
0.3313
0.8163
2.5294
3.3361
5.8911
3.2968
0.1837
0.0
5.6655999999999995
7.599600000000001
6.6171
5.2834
0.5281
0.0588
0.124
0.2372
0.1605
0.0675
0.0605
0.034100000000000005
0.0299
0.0251
0.0345
0.0262
0.0045
0.0218
0.07
0.1861
0.39449999999999996
0.5575
0.6445000000000001
0.6675
0.14679999999999999
0.0743
0.0676
0.0231
0.0162
0.0
0.0189
0.26689999999999997
0.4272
0.3917
0.32389999999999997
0.2503
0.0189
0.046
4.7231
0.0
0.0
0.0
0.1846
0.8697
0.6614
0.501
0.0
2.2385
0.4071
3.0787
4.6589
3.6164
2.2302
1.0179
1.4973
0.361
0.3086
0.2872
0.2879
0.29410000000000003
0.2998
0.2804
0.30169999999999997
0.3054
0.712
0.4752
0.3556
0.3198
0.30579999999999996
0.2672
0.2136
0.216
0.8749
0.9072
0.6611
0.5335
0.4665
1.1239999999999999
0.9898
0.3053
0.32530000000000003
0.2796
0.2722
0.27790000000000004
0.2829
0.1537
2.3125
0.4797
0.6134
1.7104
0.7854
0.41059999999999997
0.15510000000000002
0.0885
0.06609999999999999
0.0796
0.8863000000000001
3.9648
3.7451999999999996
2.9019
0.7838
0.6343
0.6309
0.6134
0.573
0.5622
0.5491
0.5655
0.6551
0.7254
0.8463
0.9069
0.8674999999999999
1.0099
1.1035
2.2969
3.1169000000000002
1.5543
1.1683
0.9959
7.6773
7.120900000000001
3.1299
0.8621
0.1733
0.0767
0.0591
0.1159
0.1447
0.13219999999999998
0.1306
0.0949
0.0867
0.0761
0.0804
0.0946
0.1211
0.18380000000000002
0.2618
0.6498999999999999
0.7281
0.5980000000000001
0.6875
0.6369
8.3899
8.9141
8.7241
8.3872
7.764899999999999
2.2323
3.7950999999999997
0.6154
0.1357
0.0709
0.0642
0.0993
0.07669999999999999
0.0564
0.0665
0.1291
1.3834
3.0561
2.7862
1.9226999999999999
1.5553
1.3601
1.1137000000000001
6.2142
1.5444
1.9855
2.0419
2.0905
1.6493
0.1673
0.2406
0.3226
0.6376999999999999
0.687
0.5777
0.3619
0.2787
0.24670000000000003
0.2386
0.2589
0.48219999999999996
0.793
0.4589
0.46699999999999997
0.5108
0.5482
0.5428
2.5231
0.0272
0.0344
0.0413
0.0
0.0404
0.0745
0.14650000000000002
0.0727
0.1454
0.3267
0.6517999999999999
0.6324000000000001
0.49829999999999997
0.47590000000000005
4.899100000000001
0.0389
0.5720000000000001
0.7435
0.155
0.5695
0.7703
0.0
0.0
0.0
0.4071
3.0787
4.6589
3.6164
2.2302
1.0179
1.4973
0.361
0.3086
0.2872
0.2879
0.29410000000000003
0.2998
0.2804
0.30169999999999997
0.3054
0.712
0.4752
0.3556
0.3198
0.30579999999999996
0.2672
0.2136
0.216
0.8749
0.9072
0.6611
0.5335
0.4665
1.1239999999999999
0.9898
0.3053
0.32530000000000003
0.2796
0.2722
0.27790000000000004
0.2829
0.1537
2.3125
0.4797
0.6134
1.7104
0.7854
0.41059999999999997
0.15510000000000002
0.0885
0.06609999999999999
0.0796
0.8863000000000001
3.9648
3.7451999999999996
2.9019
0.7838
0.6343
0.6309
0.6134
0.573
0.5622
0.5491
0.5655
0.6551
0.7254
0.8463
0.9069
0.8674999999999999
1.0099
1.1035
2.2969
3.1169000000000002
1.5543
1.1683
0.9959
7.6773
7.120900000000001
3.1299
0.8621
0.1733
0.0767
0.0591
0.1159
0.1447
0.13219999999999998
0.1306
0.0949
0.0867
0.0761
0.0804
0.0946
0.1211
0.18380000000000002
0.2618
0.6498999999999999
0.7281
0.5980000000000001
0.6875
0.6369
8.3899
8.9141
8.7241
8.3872
7.764899999999999
2.2323
3.7950999999999997
0.6154
0.1357
0.0709
0.0642
0.0993
0.07669999999999999
0.0564
0.0665
0.1291
1.3834
3.0561
2.7862
1.9226999999999999
1.5553
1.3601
1.1137000000000001
6.2142
1.5444
1.9855
2.0419
2.0905
1.6493
0.1673
0.2406
0.3226
0.6376999999999999
0.687
0.5777
0.3619
0.2787
0.24670000000000003
0.2386
0.2589
0.48219999999999996
0.793
0.4589
0.46699999999999997
0.5108
0.5482
0.5428
2.5231
0.0272
0.0344
0.0413
0.0
0.0404
0.0745
0.14650000000000002
0.0727
0.1454
0.3267
0.6517999999999999
0.6324000000000001
0.49829999999999997
0.47590000000000005
4.899100000000001
0.0389
0.5720000000000001
0.7435
0.155
0.5695
0.7703
0.0
0.0
0.0
0.4071
3.0787
4.6589
3.6164
2.2302
1.0179
1.4973
0.361
0.3086
0.2872
0.2879
0.29410000000000003
0.2998
0.2804
0.30169999999999997
0.3054
0.712
0.4752
0.3556
0.3198
0.30579999999999996
0.2672
0.2136
0.216
0.8749
0.9072
0.6611
0.5335
0.4665
1.1239999999999999
0.9898
0.3053
0.32530000000000003
0.2796
0.2722
0.27790000000000004
0.2829
0.1537
2.3125
0.4797
0.6134
1.7104
0.7854
0.41059999999999997
0.15510000000000002
0.0885
0.06609999999999999
0.0796
0.8863000000000001
3.9648
3.7451999999999996
2.9019
0.7838
0.6343
0.6309
0.6134
0.573
0.5622
0.5491
0.5655
0.6551
0.7254
0.8463
0.9069
0.8674999999999999
1.0099
1.1035
2.2969
3.1169000000000002
1.5543
1.1683
0.9959
7.6773
7.120900000000001
3.1299
0.8621
0.1733
0.0767
0.0591
0.1159
0.1447
0.13219999999999998
0.1306
0.0949
0.0867
0.0761
0.0804
0.0946
0.1211
0.18380000000000002
0.2618
0.6498999999999999
0.7281
0.5980000000000001
0.6875
0.6369
8.3899
8.9141
8.7241
8.3872
7.764899999999999
2.2323
3.7950999999999997
0.6154
0.1357
0.0709
0.0642
0.0993
0.07669999999999999
0.0564
0.0665
0.1291
1.3834
3.0561
2.7862
1.9226999999999999
1.5553
1.3601
1.1137000000000001
6.2142
1.5444
1.9855
2.0419
2.0905
1.6493
0.1673
0.2406
0.3226
0.6376999999999999
0.687
0.5777
0.3619
0.2787
0.24670000000000003
0.2386
0.2589
0.48219999999999996
0.793
0.4589
0.46699999999999997
0.5108
0.5482
0.5428
2.5231
0.0272
0.0344
0.0413
0.0
0.0404
0.0745
0.14650000000000002
0.0727
0.1454
0.3267
0.6517999999999999
0.6324000000000001
0.49829999999999997
0.47590000000000005
4.899100000000001
0.0389
0.5720000000000001
0.7435
0.155
0.5695
0.7703
0.0
0.0
0.0
0.4071
3.0787
4.6589
3.6164
2.2302
1.0179
1.4973
0.361
0.3086
0.2872
0.2879
0.29410000000000003
0.2998
0.2804
0.30169999999999997
0.3054
0.712
0.4752
0.3556
0.3198
0.30579999999999996
0.2672
0.2136
0.216
0.8749
0.9072
0.6611
0.5335
0.4665
1.1239999999999999
0.9898
0.3053
0.32530000000000003
0.2796
0.2722
0.27790000000000004
0.2829
0.1537
2.3125
0.4797
0.6134
1.7104
0.7854
0.41059999999999997
0.15510000000000002
0.0885
0.06609999999999999
0.0796
0.8863000000000001
3.9648
3.7451999999999996
2.9019
0.7838
0.6343
0.6309
0.6134
0.573
0.5622
0.5491
0.5655
0.6551
0.7254
0.8463
0.9069
0.8674999999999999
1.0099
1.1035
2.2969
3.1169000000000002
1.5543
1.1683
0.9959
7.6773
7.120900000000001
3.1299
0.8621
0.1733
0.0767
0.0591
0.1159
0.1447
0.13219999999999998
0.1306
0.0949
0.0867
0.0761
0.0804
0.0946
0.1211
0.18380000000000002
0.2618
0.6498999999999999
0.7281
0.5980000000000001
0.6875
0.6369
8.3899
8.9141
8.7241
8.3872
7.764899999999999
2.2323
3.7950999999999997
0.6154
0.1357
0.0709
0.0642
0.0993
0.07669999999999999
0.0564
0.0665
0.1291
1.3834
3.0561
2.7862
1.9226999999999999
1.5553
1.3601
1.1137000000000001
6.2142
1.5444
1.9855
2.0419
2.0905
1.6493
0.1673
0.2406
0.3226
0.6376999999999999
0.687
0.5777
0.3619
0.2787
0.24670000000000003
0.2386
0.2589
0.48219999999999996
0.793
0.4589
0.46699999999999997
0.5108
0.5482
0.5428
2.5231
0.0272
0.0344
0.0413
0.0
0.0404
0.0745
0.14650000000000002
0.0727
0.1454
0.3267
0.6517999999999999
0.6324000000000001
0.49829999999999997
0.47590000000000005
4.899100000000001
0.0389
0.5720000000000001
0.7435
0.155
0.5695
0.7703
0.0
0.0
0.0
2.0224
1.837
1.4969000000000001
1.0429
0.5
0.2864
0.1775
0.2141
0.1205
0.0587
0.0511
0.0309
0.0275
0.0215
0.0276
0.1771
0.1299
0.1147
0.2142
0.3358
1.0138
0.9303999999999999
0.788
0.7762
1.7774999999999999
0.248
0.198
0.2892
0.2801
0.2946
0.3349
0.4759
0.33330000000000004
0.3624
0.3441
0.7969999999999999
0.3475
0.1923
0.1305
0.1131
0.0571
0.0576
0.0878
0.14739999999999998
0.1492
0.16749999999999998
0.16999999999999998
0.1769
0.1397
0.36319999999999997
2.8811
2.7476000000000003
2.5853
1.8252000000000002
0.8618
0.0338
0.042800000000000005
0.0525
0.0465
0.0461
0.0412
0.03
0.0319
0.060300000000000006
0.1661
1.7231
0.5496
0.5343
0.36639999999999995
0.23059999999999997
0.1565
0.1473
2.2398
3.1409000000000002
0.8949
0.0
0.0
0.0083
0.0142
0.0
0.013600000000000001
0.022199999999999998
0.022899999999999997
0.0562
0.0537
0.0567
0.0317
0.023899999999999998
0.0027
0.0118
0.0067
0.0009
0.0
0.0
0.0
0.0
0.027200000000000002
0.0377
0.0445
0.0387
0.0414
0.081
0.1844
0.23060000000000003
0.1691
0.15860000000000002
0.13390000000000002
0.12380000000000001
0.2911
0.3175
0.1117
0.1103
0.8622
0.1119
0.1333
0.9885999999999999
0.1302
0.032799999999999996
0.0177
0.0373
2.6944999999999997
1.7181000000000002
1.1032
0.4026
0.2535
0.265
0.2669
0.2845
0.30069999999999997
0.3311
0.35760000000000003
0.4605
0.46540000000000004
0.4231
0.4454
0.4468
0.5
0.9726
1.0916000000000001
1.3835
0.9992000000000001
0.48260000000000003
0.34450000000000003
3.5705
4.2742
3.3876999999999997
3.2458
2.0174000000000003
0.2826
0.1807
0.1862
0.2364
0.2596
0.297
0.32030000000000003
0.23099999999999998
0.18630000000000002
0.14429999999999998
0.15660000000000002
0.3304
0.4475
0.5424
0.69
0.9872000000000001
1.2154
1.0149
0.9527000000000001
4.8447
2.0224
1.837
1.4969000000000001
1.0429
0.5
0.2864
0.1775
0.2141
0.1205
0.0587
0.0511
0.0309
0.0275
0.0215
0.0276
0.1771
0.1299
0.1147
0.2142
0.3358
1.0138
0.9303999999999999
0.788
0.7762
1.7774999999999999
0.248
0.198
0.2892
0.2801
0.2946
0.3349
0.4759
0.33330000000000004
0.3624
0.3441
0.7969999999999999
0.3475
0.1923
0.1305
0.1131
0.0571
0.0576
0.0878
0.14739999999999998
0.1492
0.16749999999999998
0.16999999999999998
0.1769
0.1397
0.36319999999999997
2.8811
2.7476000000000003
2.5853
1.8252000000000002
0.8618
0.0338
0.042800000000000005
0.0525
0.0465
0.0461
0.0412
0.03
0.0319
0.060300000000000006
0.1661
1.7231
0.5496
0.5343
0.36639999999999995
0.23059999999999997
0.1565
0.1473
2.2398
3.1409000000000002
0.8949
0.0
0.0
0.0083
0.0142
0.0
0.013600000000000001
0.022199999999999998
0.022899999999999997
0.0562
0.0537
0.0567
0.0317
0.023899999999999998
0.0027
0.0118
0.0067
0.0009
0.0
0.0
0.0
0.0
0.027200000000000002
0.0377
0.0445
0.0387
0.0414
0.081
0.1844
0.23060000000000003
0.1691
0.15860000000000002
0.13390000000000002
0.12380000000000001
0.2911
0.3175
0.1117
0.1103
0.8622
0.1119
0.1333
0.9885999999999999
0.1302
0.032799999999999996
0.0177
0.0373
2.6944999999999997
1.7181000000000002
1.1032
0.4026
0.2535
0.265
0.2669
0.2845
0.30069999999999997
0.3311
0.35760000000000003
0.4605
0.46540000000000004
0.4231
0.4454
0.4468
0.5
0.9726
1.0916000000000001
1.3835
0.9992000000000001
0.48260000000000003
0.34450000000000003
3.5705
4.2742
3.3876999999999997
3.2458
2.0174000000000003
0.2826
0.1807
0.1862
0.2364
0.2596
0.297
0.32030000000000003
0.23099999999999998
0.18630000000000002
0.14429999999999998
0.15660000000000002
0.3304
0.4475
0.5424
0.69
0.9872000000000001
1.2154
1.0149
0.9527000000000001
4.8447
2.0224
1.837
1.4969000000000001
1.0429
0.5
0.2864
0.1775
0.2141
0.1205
0.0587
0.0511
0.0309
0.0275
0.0215
0.0276
0.1771
0.1299
0.1147
0.2142
0.3358
1.0138
0.9303999999999999
0.788
0.7762
1.7774999999999999
0.248
0.198
0.2892
0.2801
0.2946
0.3349
0.4759
0.33330000000000004
0.3624
0.3441
0.7969999999999999
0.3475
0.1923
0.1305
0.1131
0.0571
0.0576
0.0878
0.14739999999999998
0.1492
0.16749999999999998
0.16999999999999998
0.1769
0.1397
0.36319999999999997
2.8811
2.7476000000000003
2.5853
1.8252000000000002
0.8618
0.0338
0.042800000000000005
0.0525
0.0465
0.0461
0.0412
0.03
0.0319
0.060300000000000006
0.1661
1.7231
0.5496
0.5343
0.36639999999999995
0.23059999999999997
0.1565
0.1473
2.2398
3.1409000000000002
0.8949
0.0
0.0
0.0083
0.0142
0.0
0.013600000000000001
0.022199999999999998
0.022899999999999997
0.0562
0.0537
0.0567
0.0317
0.023899999999999998
0.0027
0.0118
0.0067
0.0009
0.0
0.0
0.0
0.0
0.027200000000000002
0.0377
0.0445
0.0387
0.0414
0.081
0.1844
0.23060000000000003
0.1691
0.15860000000000002
0.13390000000000002
0.12380000000000001
0.2911
0.3175
0.1117
0.1103
0.8622
0.1119
0.1333
0.9885999999999999
0.1302
0.032799999999999996
0.0177
0.0373
2.6944999999999997
1.7181000000000002
1.1032
0.4026
0.2535
0.265
0.2669
0.2845
0.30069999999999997
0.3311
0.35760000000000003
0.4605
0.46540000000000004
0.4231
0.4454
0.4468
0.5
0.9726
1.0916000000000001
1.3835
0.9992000000000001
0.48260000000000003
0.34450000000000003
3.5705
4.2742
3.3876999999999997
3.2458
2.0174000000000003
0.2826
0.1807
0.1862
0.2364
0.2596
0.297
0.32030000000000003
0.23099999999999998
0.18630000000000002
0.14429999999999998
0.15660000000000002
0.3304
0.4475
0.5424
0.69
0.9872000000000001
1.2154
1.0149
0.9527000000000001
4.8447
2.0224
1.837
1.4969000000000001
1.0429
0.5
0.2864
0.1775
0.2141
0.1205
0.0587
0.0511
0.0309
0.0275
0.0215
0.0276
0.1771
0.1299
0.1147
0.2142
0.3358
1.0138
0.9303999999999999
0.788
0.7762
1.7774999999999999
0.248
0.198
0.2892
0.2801
0.2946
0.3349
0.4759
0.33330000000000004
0.3624
0.3441
0.7969999999999999
0.3475
0.1923
0.1305
0.1131
0.0571
0.0576
0.0878
0.14739999999999998
0.1492
0.16749999999999998
0.16999999999999998
0.1769
0.1397
0.36319999999999997
2.8811
2.7476000000000003
2.5853
1.8252000000000002
0.8618
0.0338
0.042800000000000005
0.0525
0.0465
0.0461
0.0412
0.03
0.0319
0.060300000000000006
0.1661
1.7231
0.5496
0.5343
0.36639999999999995
0.23059999999999997
0.1565
0.1473
2.2398
3.1409000000000002
0.8949
0.0
0.0
0.0083
0.0142
0.0
0.013600000000000001
0.022199999999999998
0.022899999999999997
0.0562
0.0537
0.0567
0.0317
0.023899999999999998
0.0027
0.0118
0.0067
0.0009
0.0
0.0
0.0
0.0
0.027200000000000002
0.0377
0.0445
0.0387
0.0414
0.081
0.1844
0.23060000000000003
0.1691
0.15860000000000002
0.13390000000000002
0.12380000000000001
0.2911
0.3175
0.1117
0.1103
0.8622
0.1119
0.1333
0.9885999999999999
0.1302
0.032799999999999996
0.0177
0.0373
2.6944999999999997
1.7181000000000002
1.1032
0.4026
0.2535
0.265
0.2669
0.2845
0.30069999999999997
0.3311
0.35760000000000003
0.4605
0.46540000000000004
0.4231
0.4454
0.4468
0.5
0.9726
1.0916000000000001
1.3835
0.9992000000000001
0.48260000000000003
0.34450000000000003
3.5705
4.2742
3.3876999999999997
3.2458
2.0174000000000003
0.2826
0.1807
0.1862
0.2364
0.2596
0.297
0.32030000000000003
0.23099999999999998
0.18630000000000002
0.14429999999999998
0.15660000000000002
0.3304
0.4475
0.5424
0.69
0.9872000000000001
1.2154
1.0149
0.9527000000000001
4.8447
2.0224
1.837
1.4969000000000001
1.0429
0.5
0.2864
0.1775
0.2141
0.1205
0.0587
0.0511
0.0309
0.0275
0.0215
0.0276
0.1771
0.1299
0.1147
0.2142
0.3358
1.0138
0.9303999999999999
0.788
0.7762
1.7774999999999999
0.248
0.198
0.2892
0.2801
0.2946
0.3349
0.4759
0.33330000000000004
0.3624
0.3441
0.7969999999999999
0.3475
0.1923
0.1305
0.1131
0.0571
0.0576
0.0878
0.14739999999999998
0.1492
0.16749999999999998
0.16999999999999998
0.1769
0.1397
0.36319999999999997
2.8811
2.7476000000000003
2.5853
1.8252000000000002
0.8618
0.0338
0.042800000000000005
0.0525
0.0465
0.0461
0.0412
0.03
0.0319
0.060300000000000006
0.1661
1.7231
0.5496
0.5343
0.36639999999999995
0.23059999999999997
0.1565
0.1473
0.0959
0.13379999999999997
0.1431
0.1317
0.1101
0.1738
0.5962000000000001
0.9258
1.6817
0.228
0.1501
0.23620000000000002
0.2537
1.1939
1.2163
0.3423
0.6108
0.2408
1.1149
0.7986
0.7776
0.0
0.0
0.0
0.10719999999999999
0.0935
0.0954
0.093
0.0989
0.1187
0.1614
0.264
0.2502
0.22599999999999998
0.2036
0.2051
0.1914
0.517
0.5983
0.27759999999999996
0.32230000000000003
2.8364000000000003
0.3195
0.2624
1.3116
0.9835
0.5435
0.1724
4.300000000000001
0.1617
0.0
0.0
0.0
0.0
1.9265999999999999
0.0
0.0
0.0
0.0187
0.0348
0.0149
0.0001
0.0326
0.1374
0.0
0.0
0.0729
0.0987
0.0182
0.0
0.0
2.8655
6.6623
7.925700000000001
6.2871
3.074
0.2427
0.0402
0.0469
0.053500000000000006
0.0496
0.0359
0.0287
0.0306
0.0329
0.0349
0.024800000000000003
0.0366
0.0246
0.031599999999999996
0.0461
0.038099999999999995
0.0478
0.042
0.0645
0.10250000000000001
0.25229999999999997
0.2539
0.2476
0.25939999999999996
0.2767
0.6693
0.4722
0.1925
0.0834
0.042300000000000004
0.0464
0.0303
0.031799999999999995
0.0259
0.0387
0.0482
0.0606
0.1096
0.22089999999999999
0.353
0.3366
0.29700000000000004
0.28359999999999996
0.2824
0.0435
0.0545
0.0513
0.0531
0.0722
0.0847
0.1945
0.2942
0.24159999999999998
0.2338
0.1925
0.17070000000000002
0.1144
0.11230000000000001
0.9474
0.1102
0.1086
0.0443
0.0
0.4114
0.3497
0.3137
0.019200000000000002
0.0349
0.7424999999999999
0.3768
1.8575
0.8896
0.0917
0.058300000000000005
0.045700000000000005
0.052199999999999996
0.0731
0.060200000000000004
0.0354
0.0564
0.061200000000000004
0.0681
0.068
0.07100000000000001
0.0752
0.0864
0.096
0.0811
0.027000000000000003
0.0292
0.0343
0.0104
0.0959
0.13379999999999997
0.1431
0.1317
0.1101
0.1738
0.5962000000000001
0.9258
1.6817
0.228
0.1501
0.23620000000000002
0.2537
1.1939
1.2163
0.3423
0.6108
0.2408
1.1149
0.7986
0.7776
0.0
0.0
0.0
0.10719999999999999
0.0935
0.0954
0.093
0.0989
0.1187
0.1614
0.264
0.2502
0.22599999999999998
0.2036
0.2051
0.1914
0.517
0.5983
0.27759999999999996
0.32230000000000003
2.8364000000000003
0.3195
0.2624
1.3116
0.9835
0.5435
0.1724
4.300000000000001
0.1617
0.0
0.0
0.0
0.0
1.9265999999999999
0.0
0.0
0.0
0.0187
0.0348
0.0149
0.0001
0.0326
0.1374
0.0
0.0
0.0729
0.0987
0.0182
0.0
0.0
2.8655
6.6623
7.925700000000001
6.2871
3.074
0.2427
0.0402
0.0469
0.053500000000000006
0.0496
0.0359
0.0287
0.0306
0.0329
0.0349
0.024800000000000003
0.0366
0.0246
0.031599999999999996
0.0461
0.038099999999999995
0.0478
0.042
0.0645
0.10250000000000001
0.25229999999999997
0.2539
0.2476
0.25939999999999996
0.2767
0.6693
0.4722
0.1925
0.0834
0.042300000000000004
0.0464
0.0303
0.031799999999999995
0.0259
0.0387
0.0482
0.0606
0.1096
0.22089999999999999
0.353
0.3366
0.29700000000000004
0.28359999999999996
0.2824
0.0435
0.0545
0.0513
0.0531
0.0722
0.0847
0.1945
0.2942
0.24159999999999998
0.2338
0.1925
0.17070000000000002
0.1144
0.11230000000000001
0.9474
0.1102
0.1086
0.0443
0.0
0.4114
0.3497
0.3137
0.019200000000000002
0.0349
0.7424999999999999
0.3768
1.8575
0.8896
0.0917
0.058300000000000005
0.045700000000000005
0.052199999999999996
0.0731
0.060200000000000004
0.0354
0.0564
0.061200000000000004
0.0681
0.068
0.07100000000000001
0.0752
0.0864
0.096
0.0811
0.027000000000000003
0.0292
0.0343
0.0104
0.0959
0.13379999999999997
0.1431
0.1317
0.1101
0.1738
0.5962000000000001
0.9258
1.6817
0.228
0.1501
0.23620000000000002
0.2537
1.1939
1.2163
0.3423
0.6108
0.2408
1.1149
0.7986
0.7776
0.0
0.0
0.0
0.10719999999999999
0.0935
0.0954
0.093
0.0989
0.1187
0.1614
0.264
0.2502
0.22599999999999998
0.2036
0.2051
0.1914
0.517
0.5983
0.27759999999999996
0.32230000000000003
2.8364000000000003
0.3195
0.2624
1.3116
0.9835
0.5435
0.1724
4.300000000000001
0.1617
0.0
0.0
0.0
0.0
1.9265999999999999
0.0
0.0
0.0
0.0187
0.0348
0.0149
0.0001
0.0326
0.1374
0.0
0.0
0.0729
0.0987
0.0182
0.0
0.0
2.8655
6.6623
7.925700000000001
6.2871
3.074
0.2427
0.0402
0.0469
0.053500000000000006
0.0496
0.0359
0.0287
0.0306
0.0329
0.0349
0.024800000000000003
0.0366
0.0246
0.031599999999999996
0.0461
0.038099999999999995
0.0478
0.042
0.0645
0.10250000000000001
0.25229999999999997
0.2539
0.2476
0.25939999999999996
0.2767
0.6693
0.4722
0.1925
0.0834
0.042300000000000004
0.0464
0.0303
0.031799999999999995
0.0259
0.0387
0.0482
0.0606
0.1096
0.22089999999999999
0.353
0.3366
0.29700000000000004
0.28359999999999996
0.2824
0.0435
0.0545
0.0513
0.0531
0.0722
0.0847
0.1945
0.2942
0.24159999999999998
0.2338
0.1925
0.17070000000000002
0.1144
0.11230000000000001
0.9474
0.1102
0.1086
0.0443
0.0
0.4114
0.3497
0.3137
0.019200000000000002
0.0349
0.7424999999999999
0.3768
1.8575
0.8896
0.0917
0.058300000000000005
0.045700000000000005
0.052199999999999996
0.0731
0.060200000000000004
0.0354
0.0564
0.061200000000000004
0.0681
0.068
0.07100000000000001
0.0752
0.0864
0.096
0.0811
0.027000000000000003
0.0292
0.0343
0.0104
0.0959
0.13379999999999997
0.1431
0.1317
0.1101
0.1738
0.5962000000000001
0.9258
1.6817
0.228
0.1501
0.23620000000000002
0.2537
1.1939
1.2163
0.3423
0.6108
0.2408
1.1149
0.7986
0.7776
0.0
0.0
0.0
0.10719999999999999
0.0935
0.0954
0.093
0.0989
0.1187
0.1614
0.264
0.2502
0.22599999999999998
0.2036
0.2051
0.1914
0.517
0.5983
0.27759999999999996
0.32230000000000003
2.8364000000000003
0.3195
0.2624
1.3116
0.9835
0.5435
0.1724
4.300000000000001
0.1617
0.0
0.0
0.0
0.0
1.9265999999999999
0.0
0.0
0.0
0.0187
0.0348
0.0149
0.0001
0.0326
0.1374
0.0
0.0
0.0729
0.0987
0.0182
0.0
0.0
2.8655
6.6623
7.925700000000001
6.2871
3.074
0.2427
0.0402
0.0469
0.053500000000000006
0.0496
0.0359
0.0287
0.0306
0.0329
0.0349
0.024800000000000003
0.0366
0.0246
0.031599999999999996
0.0461
0.038099999999999995
0.0478
0.042
0.0645
0.10250000000000001
0.25229999999999997
0.2539
0.2476
0.25939999999999996
0.2767
0.6693
0.4722
0.1925
0.0834
0.042300000000000004
0.0464
0.0303
0.031799999999999995
0.0259
0.0387
0.0482
0.0606
0.1096
0.22089999999999999
0.353
0.3366
0.29700000000000004
0.28359999999999996
0.2824
0.0435
0.0545
0.0513
0.0531
0.0722
0.0847
0.1945
0.2942
0.24159999999999998
0.2338
0.1925
0.17070000000000002
0.1144
0.11230000000000001
0.9474
0.1102
0.1086
0.0443
0.0
0.4114
0.3497
0.3137
0.019200000000000002
0.0349
0.7424999999999999
0.3768
1.8575
0.8896
0.0917
0.058300000000000005
0.045700000000000005
0.052199999999999996
0.0731
0.060200000000000004
0.0354
0.0564
0.061200000000000004
0.0681
0.068
0.07100000000000001
0.0752
0.0864
0.096
0.0811
0.027000000000000003
0.0292
0.0343
0.0104
0.0959
0.13379999999999997
0.1431
0.1317
0.1101
0.1738
0.5962000000000001
0.9258
1.6817
0.228
0.1501
0.23620000000000002
0.2537
1.1939
1.2163
0.3423
0.6108
0.2408
1.1149
0.7986
0.7776
0.0
0.0
0.0
0.10719999999999999
0.0935
0.0954
0.093
0.0989
0.1187
0.1614
0.264
0.2502
0.22599999999999998
0.2036
0.2051
0.1914
0.517
0.5983
0.27759999999999996
0.32230000000000003
2.8364000000000003
0.3195
0.2624
1.3116
0.9835
0.5435
0.1724
0.2219
0.22699999999999998
0.2177
0.22449999999999998
0.21710000000000002
0.1583
0.0401
0.5978
0.2243
0.0083
0.0321
0.0345
0.034600000000000006
0.023899999999999998
0.026799999999999997
0.0256
0.0225
0.021699999999999997
0.0131
0.2364
0.19030000000000002
0.1499
0.1513
0.1686
0.2928
0.1756
0.1534
0.1641
0.15960000000000002
0.42829999999999996
1.6873
0.9661
0.5137
0.16899999999999998
0.0915
0.0662
0.0607
0.0662
0.0706
0.21330000000000002
0.3318
0.9116
1.1023
1.0764
1.0104
0.59
0.3574
1.4513
0.2185
0.20929999999999999
0.2079
0.2108
0.21
0.19119999999999998
0.1513
0.3355
0.0745
0.0473
0.044899999999999995
0.0505
0.0533
0.050699999999999995
0.061399999999999996
0.0753
0.0885
0.1483
0.15789999999999998
0.2091
0.23259999999999997
0.24180000000000001
0.247
0.238
0.6970000000000001
0.2269
0.24459999999999998
0.1353
0.040999999999999995
0.045
0.0405
0.030600000000000002
0.0307
0.0366
0.0286
0.0266
0.0285
0.027200000000000002
0.025099999999999997
0.025300000000000003
0.0324
0.029699999999999997
0.0219
0.030400000000000003
0.0197
0.0207
0.0188
1.6689
0.8045
0.0
0.0
0.0
0.0
0.0
0.0375
0.1615
0.1516
0.2109
0.2669
0.1835
1.6488999999999998
0.5426
0.0
0.0
0.0
0.0
0.8357
0.0013
0.0
0.0
0.0
0.7108
2.3629
2.0968999999999998
1.7664
1.0197
0.3237
0.32330000000000003
0.2521
0.2054
0.2066
0.1888
0.2123
0.2155
0.23270000000000002
0.2415
0.273
0.3659
0.42110000000000003
0.9319999999999999
1.3916
1.578
0.9851
0.802
0.6996
1.1543999999999999
1.3760999999999999
0.12390000000000001
0.1217
0.1046
0.1488
0.1846
0.1256
0.07780000000000001
0.0815
0.0332
0.0024
0.0
0.0194
1.803
5.198499999999999
0.1395
0.0
0.2088
0.7283
3.3818
1.4562
5.364699999999999
4.4993
5.184
0.2219
0.22699999999999998
0.2177
0.22449999999999998
0.21710000000000002
0.1583
0.0401
0.5978
0.2243
0.0083
0.0321
0.0345
0.034600000000000006
0.023899999999999998
0.026799999999999997
0.0256
0.0225
0.021699999999999997
0.0131
0.2364
0.19030000000000002
0.1499
0.1513
0.1686
0.2928
0.1756
0.1534
0.1641
0.15960000000000002
0.42829999999999996
1.6873
0.9661
0.5137
0.16899999999999998
0.0915
0.0662
0.0607
0.0662
0.0706
0.21330000000000002
0.3318
0.9116
1.1023
1.0764
1.0104
0.59
0.3574
1.4513
0.2185
0.20929999999999999
0.2079
0.2108
0.21
0.19119999999999998
0.1513
0.3355
0.0745
0.0473
0.044899999999999995
0.0505
0.0533
0.050699999999999995
0.061399999999999996
0.0753
0.0885
0.1483
0.15789999999999998
0.2091
0.23259999999999997
0.24180000000000001
0.247
0.238
0.6970000000000001
0.2269
0.24459999999999998
0.1353
0.040999999999999995
0.045
0.0405
0.030600000000000002
0.0307
0.0366
0.0286
0.0266
0.0285
0.027200000000000002
0.025099999999999997
0.025300000000000003
0.0324
0.029699999999999997
0.0219
0.030400000000000003
0.0197
0.0207
0.0188
1.6689
0.8045
0.0
0.0
0.0
0.0
0.0
0.0375
0.1615
0.1516
0.2109
0.2669
0.1835
1.6488999999999998
0.5426
0.0
0.0
0.0
0.0
0.8357
0.0013
0.0
0.0
0.0
0.7108
2.3629
2.0968999999999998
1.7664
1.0197
0.3237
0.32330000000000003
0.2521
0.2054
0.2066
0.1888
0.2123
0.2155
0.23270000000000002
0.2415
0.273
0.3659
0.42110000000000003
0.9319999999999999
1.3916
1.578
0.9851
0.802
0.6996
1.1543999999999999
1.3760999999999999
0.12390000000000001
0.1217
0.1046
0.1488
0.1846
0.1256
0.07780000000000001
0.0815
0.0332
0.0024
0.0
0.0194
1.803
5.198499999999999
0.1395
0.0
0.2088
0.7283
3.3818
1.4562
5.364699999999999
4.4993
5.184
0.2219
0.22699999999999998
0.2177
0.22449999999999998
0.21710000000000002
0.1583
0.0401
0.5978
0.2243
0.0083
0.0321
0.0345
0.034600000000000006
0.023899999999999998
0.026799999999999997
0.0256
0.0225
0.021699999999999997
0.0131
0.2364
0.19030000000000002
0.1499
0.1513
0.1686
0.2928
0.1756
0.1534
0.1641
0.15960000000000002
0.42829999999999996
1.6873
0.9661
0.5137
0.16899999999999998
0.0915
0.0662
0.0607
0.0662
0.0706
0.21330000000000002
0.3318
0.9116
1.1023
1.0764
1.0104
0.59
0.3574
1.4513
0.2185
0.20929999999999999
0.2079
0.2108
0.21
0.19119999999999998
0.1513
0.3355
0.0745
0.0473
0.044899999999999995
0.0505
0.0533
0.050699999999999995
0.061399999999999996
0.0753
0.0885
0.1483
0.15789999999999998
0.2091
0.23259999999999997
0.24180000000000001
0.247
0.238
0.6970000000000001
0.2269
0.24459999999999998
0.1353
0.040999999999999995
0.045
0.0405
0.030600000000000002
0.0307
0.0366
0.0286
0.0266
0.0285
0.027200000000000002
0.025099999999999997
0.025300000000000003
0.0324
0.029699999999999997
0.0219
0.030400000000000003
0.0197
0.0207
0.0188
1.6689
0.8045
0.0
0.0
0.0
0.0
0.0
0.0375
0.1615
0.1516
0.2109
0.2669
0.1835
1.6488999999999998
0.5426
0.0
0.0
0.0
0.0
0.8357
0.0013
0.0
0.0
0.0
0.7108
2.3629
2.0968999999999998
1.7664
1.0197
0.3237
0.32330000000000003
0.2521
0.2054
0.2066
0.1888
0.2123
0.2155
0.23270000000000002
0.2415
0.273
0.3659
0.42110000000000003
0.9319999999999999
1.3916
1.578
0.9851
0.802
0.6996
1.1543999999999999
1.3760999999999999
0.12390000000000001
0.1217
0.1046
0.1488
0.1846
0.1256
0.07780000000000001
0.0815
0.0332
0.0024
0.0
0.0194
1.803
5.198499999999999
0.1395
0.0
0.2088
0.7283
3.3818
1.4562
5.364699999999999
4.4993
5.184
0.2219
0.22699999999999998
0.2177
0.22449999999999998
0.21710000000000002
0.1583
0.0401
0.5978
0.2243
0.0083
0.0321
0.0345
0.034600000000000006
0.023899999999999998
0.026799999999999997
0.0256
0.0225
0.021699999999999997
0.0131
0.2364
0.19030000000000002
0.1499
0.1513
0.1686
0.2928
0.1756
0.1534
0.1641
0.15960000000000002
0.42829999999999996
1.6873
0.9661
0.5137
0.16899999999999998
0.0915
0.0662
0.0607
0.0662
0.0706
0.21330000000000002
0.3318
0.9116
1.1023
1.0764
1.0104
0.59
0.3574
1.4513
0.2185
0.20929999999999999
0.2079
0.2108
0.21
0.19119999999999998
0.1513
0.3355
0.0745
0.0473
0.044899999999999995
0.0505
0.0533
0.050699999999999995
0.061399999999999996
0.0753
0.0885
0.1483
0.15789999999999998
0.2091
0.23259999999999997
0.24180000000000001
0.247
0.238
0.6970000000000001
0.2269
0.24459999999999998
0.1353
0.040999999999999995
0.045
0.0405
0.030600000000000002
0.0307
0.0366
0.0286
0.0266
0.0285
0.027200000000000002
0.025099999999999997
0.025300000000000003
0.0324
0.029699999999999997
0.0219
0.030400000000000003
0.0197
0.0207
0.0188
1.6689
0.8045
0.0
0.0
0.0
0.0
0.0
0.0375
0.1615
0.1516
0.2109
0.2669
0.1835
1.6488999999999998
0.5426
0.0
0.0
0.0
0.0
0.8357
0.0013
0.0
0.0
0.0
0.7108
2.3629
2.0968999999999998
1.7664
1.0197
0.3237
0.32330000000000003
0.2521
0.2054
0.2066
0.1888
0.2123
0.2155
0.23270000000000002
0.2415
0.273
0.3659
0.42110000000000003
0.9319999999999999
1.3916
1.578
0.9851
0.802
0.6996
1.1543999999999999
1.3760999999999999
0.12390000000000001
0.1217
0.1046
0.1488
0.1846
0.1256
0.07780000000000001
0.0815
0.0332
0.0024
0.0
0.0194
1.803
5.198499999999999
0.1395
0.0
0.2088
0.7283
3.3818
1.4562
5.364699999999999
4.4993
5.184
0.2219
0.22699999999999998
0.2177
0.22449999999999998
0.21710000000000002
0.1583
0.0401
0.5978
0.2243
0.0083
0.0321
0.0345
0.034600000000000006
0.023899999999999998
0.026799999999999997
0.0256
0.0225
0.021699999999999997
0.0131
0.2364
0.19030000000000002
0.1499
0.1513
0.1686
0.2928
0.1756
0.1534
0.1641
0.15960000000000002
0.42829999999999996
1.6873
0.9661
0.5137
0.16899999999999998
0.0915
0.0662
0.0607
0.0662
0.0706
0.21330000000000002
0.3318
0.9116
1.1023
1.0764
1.0104
0.59
0.3574
1.4513
0.2185
0.20929999999999999
0.2079
0.2108
0.21
0.19119999999999998
0.1513
0.3355
0.0745
0.0473
0.044899999999999995
0.0505
0.0533
0.050699999999999995
0.061399999999999996
0.0753
0.0885
0.1483
0.15789999999999998
0.2091
0.23259999999999997
0.24180000000000001
0.247
0.238
3.142
2.9242
2.9131
1.3661999999999999
0.041400000000000006
0.0351
0.0021
0.5169
0.0233
0.044700000000000004
0.031
0.024
0.030699999999999998
0.0562
0.0736
0.4083
0.1174
0.1212
0.09920000000000001
0.1067
0.13340000000000002
0.1197
0.0746
2.0232
0.1259
0.1211
0.11860000000000001
0.1163
0.1021
0.0819
0.0699
0.06129999999999999
0.0678
0.1111
0.0854
0.0476
0.0403
0.0345
0.0383
0.0431
0.033
0.0554
0.0784
0.078
0.10569999999999999
0.1341
0.1595
0.1594
0.3729
3.0023
0.15739999999999998
0.0514
0.1378
0.1321
0.09759999999999999
0.1407
0.6563
0.1986
0.0508
0.1035
0.1378
0.1054
0.1016
0.041499999999999995
0.0
0.0
0.0
0.0024
0.0335
0.06570000000000001
0.037099999999999994
0.0226
3.0035999999999996
2.3459
1.1021999999999998
0.7255
0.4877
0.4507
0.4324
0.7557
1.4082
0.9443
0.3604
0.1226
0.087
0.0844
0.1029
0.19440000000000002
1.4456
0.7447999999999999
0.6695
0.663
0.7034
0.8819
1.3572
3.1443
2.9096
2.8857
2.9607
2.0369
0.3802
0.397
0.917
1.3932
0.3378
0.18430000000000002
0.1678
0.1455
0.14079999999999998
0.1323
0.128
0.1595
0.1824
0.2464
0.2812
0.3077
1.4316
1.1089
0.6896
3.2163
0.3721
0.3555
0.34099999999999997
0.3281
0.3209
0.2719
0.134
1.3414000000000001
0.2912
0.1495
0.1112
0.06369999999999999
0.0508
0.0476
0.055999999999999994
0.12390000000000001
0.7292
0.9621999999999999
0.8162
0.7971999999999999
0.7498
0.7787
0.8644000000000001
0.7537
2.4852
2.7348999999999997
2.3479
1.5911
0.9442
0.5456000000000001
0.2404
0.1406
0.054900000000000004
0.028499999999999998
0.0346
0.0327
0.0315
0.0245
0.0241
0.0234
0.8499
0.7232000000000001
0.8983000000000001
1.2441
1.5424
1.2991000000000001
0.9612
0.8563000000000001
3.142
2.9242
2.9131
1.3661999999999999
0.041400000000000006
0.0351
0.0021
0.5169
0.0233
0.044700000000000004
0.031
0.024
0.030699999999999998
0.0562
0.0736
0.4083
0.1174
0.1212
0.09920000000000001
0.1067
0.13340000000000002
0.1197
0.0746
2.0232
0.1259
0.1211
0.11860000000000001
0.1163
0.1021
0.0819
0.0699
0.06129999999999999
0.0678
0.1111
0.0854
0.0476
0.0403
0.0345
0.0383
0.0431
0.033
0.0554
0.0784
0.078
0.10569999999999999
0.1341
0.1595
0.1594
0.3729
3.0023
0.15739999999999998
0.0514
0.1378
0.1321
0.09759999999999999
0.1407
0.6563
0.1986
0.0508
0.1035
0.1378
0.1054
0.1016
0.041499999999999995
0.0
0.0
0.0
0.0024
0.0335
0.06570000000000001
0.037099999999999994
0.0226
3.0035999999999996
2.3459
1.1021999999999998
0.7255
0.4877
0.4507
0.4324
0.7557
1.4082
0.9443
0.3604
0.1226
0.087
0.0844
0.1029
0.19440000000000002
1.4456
0.7447999999999999
0.6695
0.663
0.7034
0.8819
1.3572
3.1443
2.9096
2.8857
2.9607
2.0369
0.3802
0.397
0.917
1.3932
0.3378
0.18430000000000002
0.1678
0.1455
0.14079999999999998
0.1323
0.128
0.1595
0.1824
0.2464
0.2812
0.3077
1.4316
1.1089
0.6896
3.2163
0.3721
0.3555
0.34099999999999997
0.3281
0.3209
0.2719
0.134
1.3414000000000001
0.2912
0.1495
0.1112
0.06369999999999999
0.0508
0.0476
0.055999999999999994
0.12390000000000001
0.7292
0.9621999999999999
0.8162
0.7971999999999999
0.7498
0.7787
0.8644000000000001
0.7537
2.4852
2.7348999999999997
2.3479
1.5911
0.9442
0.5456000000000001
0.2404
0.1406
0.054900000000000004
0.028499999999999998
0.0346
0.0327
0.0315
0.0245
0.0241
0.0234
0.8499
0.7232000000000001
0.8983000000000001
1.2441
1.5424
1.2991000000000001
0.9612
0.8563000000000001
3.142
2.9242
2.9131
1.3661999999999999
0.041400000000000006
0.0351
0.0021
0.5169
0.0233
0.044700000000000004
0.031
0.024
0.030699999999999998
0.0562
0.0736
0.4083
0.1174
0.1212
0.09920000000000001
0.1067
0.13340000000000002
0.1197
0.0746
2.0232
0.1259
0.1211
0.11860000000000001
0.1163
0.1021
0.0819
0.0699
0.06129999999999999
0.0678
0.1111
0.0854
0.0476
0.0403
0.0345
0.0383
0.0431
0.033
0.0554
0.0784
0.078
0.10569999999999999
0.1341
0.1595
0.1594
0.3729
3.0023
0.15739999999999998
0.0514
0.1378
0.1321
0.09759999999999999
0.1407
0.6563
0.1986
0.0508
0.1035
0.1378
0.1054
0.1016
0.041499999999999995
0.0
0.0
0.0
0.0024
0.0335
0.06570000000000001
0.037099999999999994
0.0226
3.0035999999999996
2.3459
1.1021999999999998
0.7255
0.4877
0.4507
0.4324
0.7557
1.4082
0.9443
0.3604
0.1226
0.087
0.0844
0.1029
0.19440000000000002
1.4456
0.7447999999999999
0.6695
0.663
0.7034
0.8819
1.3572
3.1443
2.9096
2.8857
2.9607
2.0369
0.3802
0.397
0.917
1.3932
0.3378
0.18430000000000002
0.1678
0.1455
0.14079999999999998
0.1323
0.128
0.1595
0.1824
0.2464
0.2812
0.3077
1.4316
1.1089
0.6896
3.2163
0.3721
0.3555
0.34099999999999997
0.3281
0.3209
0.2719
0.134
1.3414000000000001
0.2912
0.1495
0.1112
0.06369999999999999
0.0508
0.0476
0.055999999999999994
0.12390000000000001
0.7292
0.9621999999999999
0.8162
0.7971999999999999
0.7498
0.7787
0.8644000000000001
0.7537
2.4852
2.7348999999999997
2.3479
1.5911
0.9442
0.5456000000000001
0.2404
0.1406
0.054900000000000004
0.028499999999999998
0.0346
0.0327
0.0315
0.0245
0.0241
0.0234
0.8499
0.7232000000000001
0.8983000000000001
1.2441
1.5424
1.2991000000000001
0.9612
0.8563000000000001
3.142
2.9242
2.9131
1.3661999999999999
0.041400000000000006
0.0351
0.0021
0.5169
0.0233
0.044700000000000004
0.031
0.024
0.030699999999999998
0.0562
0.0736
0.4083
0.1174
0.1212
0.09920000000000001
0.1067
0.13340000000000002
0.1197
0.0746
2.0232
0.1259
0.1211
0.11860000000000001
0.1163
0.1021
0.0819
0.0699
0.06129999999999999
0.0678
0.1111
0.0854
0.0476
0.0403
0.0345
0.0383
0.0431
0.033
0.0554
0.0784
0.078
0.10569999999999999
0.1341
0.1595
0.1594
0.3729
3.0023
0.15739999999999998
0.0514
0.1378
0.1321
0.09759999999999999
0.1407
0.6563
0.1986
0.0508
0.1035
0.1378
0.1054
0.1016
0.041499999999999995
0.0
0.0
0.0
0.0024
0.0335
0.06570000000000001
0.037099999999999994
0.0226
3.0035999999999996
2.3459
1.1021999999999998
0.7255
0.4877
0.4507
0.4324
0.7557
1.4082
0.9443
0.3604
0.1226
0.087
0.0844
0.1029
0.19440000000000002
1.4456
0.7447999999999999
0.6695
0.663
0.7034
0.8819
1.3572
3.1443
2.9096
2.8857
2.9607
2.0369
0.3802
0.397
0.917
1.3932
0.3378
0.18430000000000002
0.1678
0.1455
0.14079999999999998
0.1323
0.128
0.1595
0.1824
0.2464
0.2812
0.3077
1.4316
1.1089
0.6896
3.2163
0.3721
0.3555
0.34099999999999997
0.3281
0.3209
0.2719
0.134
1.3414000000000001
0.2912
0.1495
0.1112
0.06369999999999999
0.0508
0.0476
0.055999999999999994
0.12390000000000001
0.7292
0.9621999999999999
0.8162
0.7971999999999999
0.7498
0.7787
0.8644000000000001
0.7537
2.4852
2.7348999999999997
2.3479
1.5911
0.9442
0.5456000000000001
0.2404
0.1406
0.054900000000000004
0.028499999999999998
0.0346
0.0327
0.0315
0.0245
0.0241
0.0234
0.8499
0.7232000000000001
0.8983000000000001
1.2441
1.5424
1.2991000000000001
0.9612
0.8563000000000001
3.142
2.9242
2.9131
1.3661999999999999
0.041400000000000006
0.0351
0.0021
0.5169
0.0233
0.044700000000000004
0.031
0.024
0.030699999999999998
0.0562
0.0736
0.4083
0.1174
0.1212
0.09920000000000001
0.1067
0.13340000000000002
0.1197
0.0746
2.0232
0.1259
0.1211
0.11860000000000001
0.1163
0.1021
0.0819
0.0699
0.06129999999999999
0.0678
0.1111
0.0854
0.0476
0.0403
0.0345
0.0383
0.0431
0.033
0.0554
0.0784
0.078
0.10569999999999999
0.1341
0.1595
0.1594
1.4967
1.7356
1.8195999999999999
1.9207
1.4005
0.0757
0.0925
0.19830000000000003
0.24420000000000003
0.29500000000000004
0.8503000000000001
0.9358000000000001
0.0543
0.06459999999999999
0.0994
0.30369999999999997
0.1442
0.16649999999999998
0.1801
0.25529999999999997
0.7706
1.1707
0.9048
1.1456
9.3324
7.900399999999999
9.672
0.9833000000000001
0.2663
0.0586
0.0185
0.039099999999999996
0.0312
0.0359
0.039099999999999996
0.0348
0.0229
0.0266
0.0152
0.0282
0.0196
0.020999999999999998
0.0246
0.0233
0.0
0.0024
0.0
0.0238
1.1884
0.6291
0.22
0.1835
0.2136
0.2158
0.19
0.0628
0.0624
0.0434
0.0563
0.060200000000000004
0.052500000000000005
0.0622
0.0675
0.0969
0.2221
1.5316
1.9337
0.8300000000000001
0.497
0.4203
0.5425
3.1493
4.584899999999999
6.0915
6.1919
6.339700000000001
1.8506
0.0
0.0316
0.1205
0.44020000000000004
0.0
0.4347
5.5412
0.0
0.0
0.0269
0.0791
0.0845
0.0369
0.0
0.0
0.0261
0.22010000000000002
0.6808000000000001
1.4725
2.0411
2.5252
2.4657999999999998
2.3985000000000003
1.3728
0.23299999999999998
0.26
0.3256
0.3863
0.5198
0.7975
0.8126
0.35760000000000003
0.2968
0.3012
0.311
0.3326
1.5876
0.4501
0.486
0.5266
0.5851999999999999
0.6488
0.6207
3.3145000000000002
5.0139
5.1164000000000005
2.3562
0.2609
0.2751
0.38
0.6088
0.2783
0.1639
0.14250000000000002
0.1253
0.1261
0.1257
0.1381
0.1722
0.23520000000000002
0.4079
0.6054999999999999
1.1425
1.0359
0.8468
0.7146
0.5686
1.6032
0.09340000000000001
0.13069999999999998
0.0793
0.0295
0.0342
0.027999999999999997
0.0231
0.028
0.0296
0.025099999999999997
0.030600000000000002
0.0291
0.0292
0.0245
0.0302
0.0446
0.044700000000000004
0.0379
0.027499999999999997
0.0217
0.027499999999999997
0.021400000000000002
3.1435999999999997
1.4967
1.7356
1.8195999999999999
1.9207
1.4005
0.0757
0.0925
0.19830000000000003
0.24420000000000003
0.29500000000000004
0.8503000000000001
0.9358000000000001
0.0543
0.06459999999999999
0.0994
0.30369999999999997
0.1442
0.16649999999999998
0.1801
0.25529999999999997
0.7706
1.1707
0.9048
1.1456
9.3324
7.900399999999999
9.672
0.9833000000000001
0.2663
0.0586
0.0185
0.039099999999999996
0.0312
0.0359
0.039099999999999996
0.0348
0.0229
0.0266
0.0152
0.0282
0.0196
0.020999999999999998
0.0246
0.0233
0.0
0.0024
0.0
0.0238
1.1884
0.6291
0.22
0.1835
0.2136
0.2158
0.19
0.0628
0.0624
0.0434
0.0563
0.060200000000000004
0.052500000000000005
0.0622
0.0675
0.0969
0.2221
1.5316
1.9337
0.8300000000000001
0.497
0.4203
0.5425
3.1493
4.584899999999999
6.0915
6.1919
6.339700000000001
1.8506
0.0
0.0316
0.1205
0.44020000000000004
0.0
0.4347
5.5412
0.0
0.0
0.0269
0.0791
0.0845
0.0369
0.0
0.0
0.0261
0.22010000000000002
0.6808000000000001
1.4725
2.0411
2.5252
2.4657999999999998
2.3985000000000003
1.3728
0.23299999999999998
0.26
0.3256
0.3863
0.5198
0.7975
0.8126
0.35760000000000003
0.2968
0.3012
0.311
0.3326
1.5876
0.4501
0.486
0.5266
0.5851999999999999
0.6488
0.6207
3.3145000000000002
5.0139
5.1164000000000005
2.3562
0.2609
0.2751
0.38
0.6088
0.2783
0.1639
0.14250000000000002
0.1253
0.1261
0.1257
0.1381
0.1722
0.23520000000000002
0.4079
0.6054999999999999
1.1425
1.0359
0.8468
0.7146
0.5686
1.6032
0.09340000000000001
0.13069999999999998
0.0793
0.0295
0.0342
0.027999999999999997
0.0231
0.028
0.0296
0.025099999999999997
0.030600000000000002
0.0291
0.0292
0.0245
0.0302
0.0446
0.044700000000000004
0.0379
0.027499999999999997
0.0217
0.027499999999999997
0.021400000000000002
3.1435999999999997
1.4967
1.7356
1.8195999999999999
1.9207
1.4005
0.0757
0.0925
0.19830000000000003
0.24420000000000003
0.29500000000000004
0.8503000000000001
0.9358000000000001
0.0543
0.06459999999999999
0.0994
0.30369999999999997
0.1442
0.16649999999999998
0.1801
0.25529999999999997
0.7706
1.1707
0.9048
1.1456
9.3324
7.900399999999999
9.672
0.9833000000000001
0.2663
0.0586
0.0185
0.039099999999999996
0.0312
0.0359
0.039099999999999996
0.0348
0.0229
0.0266
0.0152
0.0282
0.0196
0.020999999999999998
0.0246
0.0233
0.0
0.0024
0.0
0.0238
1.1884
0.6291
0.22
0.1835
0.2136
0.2158
0.19
0.0628
0.0624
0.0434
0.0563
0.060200000000000004
0.052500000000000005
0.0622
0.0675
0.0969
0.2221
1.5316
1.9337
0.8300000000000001
0.497
0.4203
0.5425
3.1493
4.584899999999999
6.0915
6.1919
6.339700000000001
1.8506
0.0
0.0316
0.1205
0.44020000000000004
0.0
0.4347
5.5412
0.0
0.0
0.0269
0.0791
0.0845
0.0369
0.0
0.0
0.0261
0.22010000000000002
0.6808000000000001
1.4725
2.0411
2.5252
2.4657999999999998
2.3985000000000003
1.3728
0.23299999999999998
0.26
0.3256
0.3863
0.5198
0.7975
0.8126
0.35760000000000003
0.2968
0.3012
0.311
0.3326
1.5876
0.4501
0.486
0.5266
0.5851999999999999
0.6488
0.6207
3.3145000000000002
5.0139
5.1164000000000005
2.3562
0.2609
0.2751
0.38
0.6088
0.2783
0.1639
0.14250000000000002
0.1253
0.1261
0.1257
0.1381
0.1722
0.23520000000000002
0.4079
0.6054999999999999
1.1425
1.0359
0.8468
0.7146
0.5686
1.6032
0.09340000000000001
0.13069999999999998
0.0793
0.0295
0.0342
0.027999999999999997
0.0231
0.028
0.0296
0.025099999999999997
0.030600000000000002
0.0291
0.0292
0.0245
0.0302
0.0446
0.044700000000000004
0.0379
0.027499999999999997
0.0217
0.027499999999999997
0.021400000000000002
3.1435999999999997
1.4967
1.7356
1.8195999999999999
1.9207
1.4005
0.0757
0.0925
0.19830000000000003
0.24420000000000003
0.29500000000000004
0.8503000000000001
0.9358000000000001
0.0543
0.06459999999999999
0.0994
0.30369999999999997
0.1442
0.16649999999999998
0.1801
0.25529999999999997
0.7706
1.1707
0.9048
1.1456
9.3324
7.900399999999999
9.672
0.9833000000000001
0.2663
0.0586
0.0185
0.039099999999999996
0.0312
0.0359
0.039099999999999996
0.0348
0.0229
0.0266
0.0152
0.0282
0.0196
0.020999999999999998
0.0246
0.0233
0.0
0.0024
0.0
0.0238
1.1884
0.6291
0.22
0.1835
0.2136
0.2158
0.19
0.0628
0.0624
0.0434
0.0563
0.060200000000000004
0.052500000000000005
0.0622
0.0675
0.0969
0.2221
1.5316
1.9337
0.8300000000000001
0.497
0.4203
0.5425
3.1493
4.584899999999999
6.0915
6.1919
6.339700000000001
1.8506
0.0
0.0316
0.1205
0.44020000000000004
0.0
0.4347
5.5412
0.0
0.0
0.0269
0.0791
0.0845
0.0369
0.0
0.0
0.0261
0.22010000000000002
0.6808000000000001
1.4725
2.0411
2.5252
2.4657999999999998
2.3985000000000003
1.3728
0.23299999999999998
0.26
0.3256
0.3863
0.5198
0.7975
0.8126
0.35760000000000003
0.2968
0.3012
0.311
0.3326
1.5876
0.4501
0.486
0.5266
0.5851999999999999
0.6488
0.6207
3.3145000000000002
5.0139
5.1164000000000005
2.3562
0.2609
0.2751
0.38
0.6088
0.2783
0.1639
0.14250000000000002
0.1253
0.1261
0.1257
0.1381
0.1722
0.23520000000000002
0.4079
0.6054999999999999
1.1425
1.0359
0.8468
0.7146
0.5686
1.6032
0.09340000000000001
0.13069999999999998
0.0793
0.0295
0.0342
0.027999999999999997
0.0231
0.028
0.0296
0.025099999999999997
0.030600000000000002
0.0291
0.0292
0.0245
0.0302
0.0446
0.044700000000000004
0.0379
0.027499999999999997
0.0217
0.027499999999999997
0.021400000000000002
3.1435999999999997
1.4967
1.7356
1.8195999999999999
1.9207
1.4005
0.0757
0.0925
0.19830000000000003
0.24420000000000003
0.29500000000000004
0.8503000000000001
0.9358000000000001
0.0543
0.06459999999999999
0.0994
0.30369999999999997
0.1442
0.16649999999999998
0.1801
0.25529999999999997
0.7706
1.1707
0.9048
1.1456
9.3324
7.900399999999999
9.672
0.9833000000000001
0.2663
0.0586
0.0185
0.039099999999999996
0.0312
0.0359
0.039099999999999996
0.0348
0.0229
0.0266
0.0152
0.0282
0.0196
0.020999999999999998
0.0246
0.0233
0.0
0.0024
0.0
0.0238
1.1884
0.6291
0.22
0.1835
0.2136
0.2158
0.19
0.0628
0.0624
0.0434
0.0563
0.060200000000000004
0.052500000000000005
0.0622
0.0675
0.0969
0.2221
1.5316
1.9337
0.8300000000000001
0.497
0.4203
0.5425
3.1493
0.12040000000000001
0.1189
0.1121
0.1046
0.1191
0.1591
1.2031
1.2129
0.2341
0.1414
0.1315
0.12569999999999998
0.1055
0.1296
0.1283
0.1744
0.25970000000000004
0.9710000000000001
0.8512
0.6259
0.4134
0.2813
0.17559999999999998
0.1414
0.1884
0.19440000000000002
0.1958
0.2002
0.18669999999999998
0.1152
0.0979
0.143
0.0411
0.07020000000000001
0.045200000000000004
0.0343
0.0327
0.023600000000000003
0.03
0.015799999999999998
0.004
0.0
0.0233
0.3962
0.2304
0.22039999999999998
0.1928
0.1938
2.324
1.6435
1.6259000000000001
0.8951
0.6014
0.0751
0.0727
0.06509999999999999
0.0299
0.03
0.06390000000000001
0.11910000000000001
0.064
0.0552
0.0448
0.035699999999999996
0.0009
1.0255
0.088
0.0
0.0056
0.1341
1.4466
1.2925
0.065
0.0436
0.0483
0.047299999999999995
0.0466
0.0056
0.0
0.0
0.0052
0.0645
0.0584
0.0023
0.0
0.0
1.8428
0.0192
0.0189
0.0162
0.0407
0.2772
0.4042
0.1735
0.11399999999999999
0.08249999999999999
0.4293
1.3104
0.40480000000000005
0.3221
0.2645
0.1917
0.2269
0.6076999999999999
0.3554
0.1524
0.08249999999999999
0.1054
0.1049
0.1207
0.1269
0.1032
0.4503
0.1125
0.17559999999999998
0.2999
0.5622
0.706
0.8742
0.7547999999999999
2.4318999999999997
2.3787000000000003
3.7910999999999997
0.1094
0.16820000000000002
0.0896
0.0238
0.028999999999999998
0.0299
0.038599999999999995
0.0319
0.0304
0.0103
0.0237
0.0122
0.010499999999999999
0.024300000000000002
0.0088
0.0047
0.028200000000000003
0.0691
0.0917
0.0461
0.0427
1.4237
1.9596
1.9228
0.7676000000000001
1.378
0.7969
2.4833
0.9341
5.4778
0.6141
1.7115
0.277
0.1999
0.3114
0.636
1.1202
2.0392
0.8151
0.7459
1.2499
0.361
0.0
0.0111
0.1825
0.12040000000000001
0.1189
0.1121
0.1046
0.1191
0.1591
1.2031
1.2129
0.2341
0.1414
0.1315
0.12569999999999998
0.1055
0.1296
0.1283
0.1744
0.25970000000000004
0.9710000000000001
0.8512
0.6259
0.4134
0.2813
0.17559999999999998
0.1414
0.1884
0.19440000000000002
0.1958
0.2002
0.18669999999999998
0.1152
0.0979
0.143
0.0411
0.07020000000000001
0.045200000000000004
0.0343
0.0327
0.023600000000000003
0.03
0.015799999999999998
0.004
0.0
0.0233
0.3962
0.2304
0.22039999999999998
0.1928
0.1938
2.324
1.6435
1.6259000000000001
0.8951
0.6014
0.0751
0.0727
0.06509999999999999
0.0299
0.03
0.06390000000000001
0.11910000000000001
0.064
0.0552
0.0448
0.035699999999999996
0.0009
1.0255
0.088
0.0
0.0056
0.1341
1.4466
1.2925
0.065
0.0436
0.0483
0.047299999999999995
0.0466
0.0056
0.0
0.0
0.0052
0.0645
0.0584
0.0023
0.0
0.0
1.8428
0.0192
0.0189
0.0162
0.0407
0.2772
0.4042
0.1735
0.11399999999999999
0.08249999999999999
0.4293
1.3104
0.40480000000000005
0.3221
0.2645
0.1917
0.2269
0.6076999999999999
0.3554
0.1524
0.08249999999999999
0.1054
0.1049
0.1207
0.1269
0.1032
0.4503
0.1125
0.17559999999999998
0.2999
0.5622
0.706
0.8742
0.7547999999999999
2.4318999999999997
2.3787000000000003
3.7910999999999997
0.1094
0.16820000000000002
0.0896
0.0238
0.028999999999999998
0.0299
0.038599999999999995
0.0319
0.0304
0.0103
0.0237
0.0122
0.010499999999999999
0.024300000000000002
0.0088
0.0047
0.028200000000000003
0.0691
0.0917
0.0461
0.0427
1.4237
1.9596
1.9228
0.7676000000000001
1.378
0.7969
2.4833
0.9341
5.4778
0.6141
1.7115
0.277
0.1999
0.3114
0.636
1.1202
2.0392
0.8151
0.7459
1.2499
0.361
0.0
0.0111
0.1825
0.12040000000000001
0.1189
0.1121
0.1046
0.1191
0.1591
1.2031
1.2129
0.2341
0.1414
0.1315
0.12569999999999998
0.1055
0.1296
0.1283
0.1744
0.25970000000000004
0.9710000000000001
0.8512
0.6259
0.4134
0.2813
0.17559999999999998
0.1414
0.1884
0.19440000000000002
0.1958
0.2002
0.18669999999999998
0.1152
0.0979
0.143
0.0411
0.07020000000000001
0.045200000000000004
0.0343
0.0327
0.023600000000000003
0.03
0.015799999999999998
0.004
0.0
0.0233
0.3962
0.2304
0.22039999999999998
0.1928
0.1938
2.324
1.6435
1.6259000000000001
0.8951
0.6014
0.0751
0.0727
0.06509999999999999
0.0299
0.03
0.06390000000000001
0.11910000000000001
0.064
0.0552
0.0448
0.035699999999999996
0.0009
1.0255
0.088
0.0
0.0056
0.1341
1.4466
1.2925
0.065
0.0436
0.0483
0.047299999999999995
0.0466
0.0056
0.0
0.0
0.0052
0.0645
0.0584
0.0023
0.0
0.0
1.8428
0.0192
0.0189
0.0162
0.0407
0.2772
0.4042
0.1735
0.11399999999999999
0.08249999999999999
0.4293
1.3104
0.40480000000000005
0.3221
0.2645
0.1917
0.2269
0.6076999999999999
0.3554
0.1524
0.08249999999999999
0.1054
0.1049
0.1207
0.1269
0.1032
0.4503
0.1125
0.17559999999999998
0.2999
0.5622
0.706
0.8742
0.7547999999999999
2.4318999999999997
2.3787000000000003
3.7910999999999997
0.1094
0.16820000000000002
0.0896
0.0238
0.028999999999999998
0.0299
0.038599999999999995
0.0319
0.0304
0.0103
0.0237
0.0122
0.010499999999999999
0.024300000000000002
0.0088
0.0047
0.028200000000000003
0.0691
0.0917
0.0461
0.0427
1.4237
1.9596
1.9228
0.7676000000000001
1.378
0.7969
2.4833
0.9341
5.4778
0.6141
1.7115
0.277
0.1999
0.3114
0.636
1.1202
2.0392
0.8151
0.7459
1.2499
0.361
0.0
0.0111
0.1825
0.12040000000000001
0.1189
0.1121
0.1046
0.1191
0.1591
1.2031
1.2129
0.2341
0.1414
0.1315
0.12569999999999998
0.1055
0.1296
0.1283
0.1744
0.25970000000000004
0.9710000000000001
0.8512
0.6259
0.4134
0.2813
0.17559999999999998
0.1414
0.1884
0.19440000000000002
0.1958
0.2002
0.18669999999999998
0.1152
0.0979
0.143
0.0411
0.07020000000000001
0.045200000000000004
0.0343
0.0327
0.023600000000000003
0.03
0.015799999999999998
0.004
0.0
0.0233
0.3962
0.2304
0.22039999999999998
0.1928
0.1938
2.324
1.6435
1.6259000000000001
0.8951
0.6014
0.0751
0.0727
0.06509999999999999
0.0299
0.03
0.06390000000000001
0.11910000000000001
0.064
0.0552
0.0448
0.035699999999999996
0.0009
1.0255
0.088
0.0
0.0056
0.1341
1.4466
1.2925
0.065
0.0436
0.0483
0.047299999999999995
0.0466
0.0056
0.0
0.0
0.0052
0.0645
0.0584
0.0023
0.0
0.0
1.8428
0.0192
0.0189
0.0162
0.0407
0.2772
0.4042
0.1735
0.11399999999999999
0.08249999999999999
0.4293
1.3104
0.40480000000000005
0.3221
0.2645
0.1917
0.2269
0.6076999999999999
0.3554
0.1524
0.08249999999999999
0.1054
0.1049
0.1207
0.1269
0.1032
0.4503
0.1125
0.17559999999999998
0.2999
0.5622
0.706
0.8742
0.7547999999999999
2.4318999999999997
2.3787000000000003
3.7910999999999997
0.1094
0.16820000000000002
0.0896
0.0238
0.028999999999999998
0.0299
0.038599999999999995
0.0319
0.0304
0.0103
0.0237
0.0122
0.010499999999999999
0.024300000000000002
0.0088
0.0047
0.028200000000000003
0.0691
0.0917
0.0461
0.0427
1.4237
1.9596
1.9228
0.7676000000000001
1.378
0.7969
2.4833
0.9341
5.4778
0.6141
1.7115
0.277
0.1999
0.3114
0.636
1.1202
2.0392
0.8151
0.7459
1.2499
0.361
0.0
0.0111
0.1825
0.12040000000000001
0.1189
0.1121
0.1046
0.1191
0.1591
1.2031
1.2129
0.2341
0.1414
0.1315
0.12569999999999998
0.1055
0.1296
0.1283
0.1744
0.25970000000000004
0.9710000000000001
0.8512
0.6259
0.4134
0.2813
0.17559999999999998
0.1414
0.1884
0.19440000000000002
0.1958
0.2002
0.18669999999999998
0.1152
0.0979
0.143
0.0411
0.07020000000000001
0.045200000000000004
0.0343
0.0327
0.023600000000000003
0.03
0.015799999999999998
0.004
0.0
0.0233
0.3962
0.2304
0.22039999999999998
0.1928
0.1938
2.324
1.6435
1.6259000000000001
0.8951
0.6014
0.0751
0.0727
0.06509999999999999
0.0299
0.03
0.06390000000000001
0.11910000000000001
0.064
0.0552
0.0448
0.035699999999999996
0.0009
1.0255
0.088
0.0
0.0056
0.1341
1.4466
1.2925
0.13319999999999999
3.4215
3.3811
0.4047
0.011
0.027000000000000003
0.0458
0.0927
0.09570000000000001
0.1013
0.1124
0.1021
0.11829999999999999
0.1254
0.1277
0.3916
0.6955
0.39790000000000003
0.051500000000000004
0.0823
0.09570000000000001
0.14679999999999999
0.2952
0.4114
0.0256
0.0224
0.026099999999999998
0.0283
0.024300000000000002
0.0363
0.045399999999999996
0.034
0.0145
0.045
0.0461
0.0611
0.0398
0.0422
0.053
0.0373
0.0282
0.0387
0.1129
0.0228
0.0066
0.0011
0.0166
0.0279
0.193
0.4002
0.2932
0.3709
0.2875
0.2002
0.074
0.04
0.0477
0.0466
0.03
0.0287
0.030400000000000003
0.0254
0.0263
0.0266
0.0596
0.048
0.0431
0.06
0.048299999999999996
0.0387
0.0276
0.048799999999999996
0.0015
0.0015
0.0042
0.0032
0.0065
0.0191
0.035
0.026000000000000002
0.0
0.022600000000000002
0.030699999999999998
0.0437
0.0265
0.0252
0.0498
0.0331
0.0421
0.0393
0.031599999999999996
0.0327
0.022199999999999998
0.0053
0.012
0.0128
3.1051
0.0
0.0
0.0
0.0
0.0
0.0495
0.21989999999999998
0.28290000000000004
0.30110000000000003
0.3419
0.1978
0.3589
1.2794
0.3719
0.077
0.1001
0.0488
1.0965
1.1043
0.5054000000000001
0.41500000000000004
0.0
0.3066
2.62
0.34099999999999997
0.3738
0.3464
0.3365
0.42269999999999996
0.43089999999999995
0.3352
0.2879
0.2925
0.2843
0.2898
0.28969999999999996
0.2619
0.2569
0.2655
1.1601
0.18
0.21239999999999998
0.1859
0.18409999999999999
0.2098
0.21789999999999998
2.2927
0.3107
0.30710000000000004
0.309
0.3013
0.28959999999999997
0.23360000000000003
0.1292
0.0711
0.0822
0.0897
0.10930000000000001
0.1031
0.0811
0.0609
0.0716
0.0975
0.1396
0.22139999999999999
0.1845
0.1734
0.1703
0.1777
0.2121
0.2602
0.13319999999999999
3.4215
3.3811
0.4047
0.011
0.027000000000000003
0.0458
0.0927
0.09570000000000001
0.1013
0.1124
0.1021
0.11829999999999999
0.1254
0.1277
0.3916
0.6955
0.39790000000000003
0.051500000000000004
0.0823
0.09570000000000001
0.14679999999999999
0.2952
0.4114
0.0256
0.0224
0.026099999999999998
0.0283
0.024300000000000002
0.0363
0.045399999999999996
0.034
0.0145
0.045
0.0461
0.0611
0.0398
0.0422
0.053
0.0373
0.0282
0.0387
0.1129
0.0228
0.0066
0.0011
0.0166
0.0279
0.193
0.4002
0.2932
0.3709
0.2875
0.2002
0.074
0.04
0.0477
0.0466
0.03
0.0287
0.030400000000000003
0.0254
0.0263
0.0266
0.0596
0.048
0.0431
0.06
0.048299999999999996
0.0387
0.0276
0.048799999999999996
0.0015
0.0015
0.0042
0.0032
0.0065
0.0191
0.035
0.026000000000000002
0.0
0.022600000000000002
0.030699999999999998
0.0437
0.0265
0.0252
0.0498
0.0331
0.0421
0.0393
0.031599999999999996
0.0327
0.022199999999999998
0.0053
0.012
0.0128
3.1051
0.0
0.0
0.0
0.0
0.0
0.0495
0.21989999999999998
0.28290000000000004
0.30110000000000003
0.3419
0.1978
0.3589
1.2794
0.3719
0.077
0.1001
0.0488
1.0965
1.1043
0.5054000000000001
0.41500000000000004
0.0
0.3066
2.62
0.34099999999999997
0.3738
0.3464
0.3365
0.42269999999999996
0.43089999999999995
0.3352
0.2879
0.2925
0.2843
0.2898
0.28969999999999996
0.2619
0.2569
0.2655
1.1601
0.18
0.21239999999999998
0.1859
0.18409999999999999
0.2098
0.21789999999999998
2.2927
0.3107
0.30710000000000004
0.309
0.3013
0.28959999999999997
0.23360000000000003
0.1292
0.0711
0.0822
0.0897
0.10930000000000001
0.1031
0.0811
0.0609
0.0716
0.0975
0.1396
0.22139999999999999
0.1845
0.1734
0.1703
0.1777
0.2121
0.2602
0.13319999999999999
3.4215
3.3811
0.4047
0.011
0.027000000000000003
0.0458
0.0927
0.09570000000000001
0.1013
0.1124
0.1021
0.11829999999999999
0.1254
0.1277
0.3916
0.6955
0.39790000000000003
0.051500000000000004
0.0823
0.09570000000000001
0.14679999999999999
0.2952
0.4114
0.0256
0.0224
0.026099999999999998
0.0283
0.024300000000000002
0.0363
0.045399999999999996
0.034
0.0145
0.045
0.0461
0.0611
0.0398
0.0422
0.053
0.0373
0.0282
0.0387
0.1129
0.0228
0.0066
0.0011
0.0166
0.0279
0.193
0.4002
0.2932
0.3709
0.2875
0.2002
0.074
0.04
0.0477
0.0466
0.03
0.0287
0.030400000000000003
0.0254
0.0263
0.0266
0.0596
0.048
0.0431
0.06
0.048299999999999996
0.0387
0.0276
0.048799999999999996
0.0015
0.0015
0.0042
0.0032
0.0065
0.0191
0.035
0.026000000000000002
0.0
0.022600000000000002
0.030699999999999998
0.0437
0.0265
0.0252
0.0498
0.0331
0.0421
0.0393
0.031599999999999996
0.0327
0.022199999999999998
0.0053
0.012
0.0128
3.1051
0.0
0.0
0.0
0.0
0.0
0.0495
0.21989999999999998
0.28290000000000004
0.30110000000000003
0.3419
0.1978
0.3589
1.2794
0.3719
0.077
0.1001
0.0488
1.0965
1.1043
0.5054000000000001
0.41500000000000004
0.0
0.3066
2.62
0.34099999999999997
0.3738
0.3464
0.3365
0.42269999999999996
0.43089999999999995
0.3352
0.2879
0.2925
0.2843
0.2898
0.28969999999999996
0.2619
0.2569
0.2655
1.1601
0.18
0.21239999999999998
0.1859
0.18409999999999999
0.2098
0.21789999999999998
2.2927
0.3107
0.30710000000000004
0.309
0.3013
0.28959999999999997
0.23360000000000003
0.1292
0.0711
0.0822
0.0897
0.10930000000000001
0.1031
0.0811
0.0609
0.0716
0.0975
0.1396
0.22139999999999999
0.1845
0.1734
0.1703
0.1777
0.2121
0.2602
0.13319999999999999
3.4215
3.3811
0.4047
0.011
0.027000000000000003
0.0458
0.0927
0.09570000000000001
0.1013
0.1124
0.1021
0.11829999999999999
0.1254
0.1277
0.3916
0.6955
0.39790000000000003
0.051500000000000004
0.0823
0.09570000000000001
0.14679999999999999
0.2952
0.4114
0.0256
0.0224
0.026099999999999998
0.0283
0.024300000000000002
0.0363
0.045399999999999996
0.034
0.0145
0.045
0.0461
0.0611
0.0398
0.0422
0.053
0.0373
0.0282
0.0387
0.1129
0.0228
0.0066
0.0011
0.0166
0.0279
0.193
0.4002
0.2932
0.3709
0.2875
0.2002
0.074
0.04
0.0477
0.0466
0.03
0.0287
0.030400000000000003
0.0254
0.0263
0.0266
0.0596
0.048
0.0431
0.06
0.048299999999999996
0.0387
0.0276
0.048799999999999996
0.0015
0.0015
0.0042
0.0032
0.0065
0.0191
0.035
0.026000000000000002
0.0
0.022600000000000002
0.030699999999999998
0.0437
0.0265
0.0252
0.0498
0.0331
0.0421
0.0393
0.031599999999999996
0.0327
0.022199999999999998
0.0053
0.012
0.0128
3.1051
0.0
0.0
0.0
0.0
0.0
0.0495
0.21989999999999998
0.28290000000000004
0.30110000000000003
0.3419
0.1978
0.3589
1.2794
0.3719
0.077
0.1001
0.0488
1.0965
1.1043
0.5054000000000001
0.41500000000000004
0.0
0.3066
2.62
0.34099999999999997
0.3738
0.3464
0.3365
0.42269999999999996
0.43089999999999995
0.3352
0.2879
0.2925
0.2843
0.2898
0.28969999999999996
0.2619
0.2569
0.2655
1.1601
0.18
0.21239999999999998
0.1859
0.18409999999999999
0.2098
0.21789999999999998
2.2927
0.3107
0.30710000000000004
0.309
0.3013
0.28959999999999997
0.23360000000000003
0.1292
0.0711
0.0822
0.0897
0.10930000000000001
0.1031
0.0811
0.0609
0.0716
0.0975
0.1396
0.22139999999999999
0.1845
0.1734
0.1703
0.1777
0.2121
0.2602
0.13319999999999999
3.4215
3.3811
0.4047
0.011
0.027000000000000003
0.0458
0.0927
0.09570000000000001
0.1013
0.1124
0.1021
0.11829999999999999
0.1254
0.1277
0.3916
0.6955
0.39790000000000003
0.051500000000000004
0.0823
0.09570000000000001
0.14679999999999999
0.2952
0.4114
0.0256
0.0224
0.026099999999999998
0.0283
0.024300000000000002
0.0363
0.045399999999999996
0.034
0.0145
0.045
0.0461
0.0611
0.0398
0.0422
0.053
0.0373
0.0282
0.0387
0.1129
0.0228
0.0066
0.0011
0.0166
0.0279
1.5643
2.5924
2.8733
2.998
0.1398
0.1581
0.1829
0.5159
1.1258
1.1381999999999999
0.7696000000000001
0.5016
0.5273
0.47809999999999997
0.4384
0.9450000000000001
1.3894
0.956
0.9424
1.0014
1.4409
1.2404000000000002
0.5489999999999999
0.2996
0.1191
0.1028
0.09739999999999999
0.1064
0.1056
0.2853
0.2393
0.1901
0.1993
0.1757
0.1005
0.0685
0.0645
0.0557
0.0736
0.0859
0.1013
0.2178
0.1985
0.1913
0.20879999999999999
0.2276
0.2454
0.2148
0.1594
0.15889999999999999
0.1471
0.14379999999999998
0.1321
0.12290000000000001
0.1493
0.2017
0.1174
0.0656
0.0281
0.0254
0.0247
0.03
0.0484
0.07819999999999999
0.1236
0.1251
0.1176
0.1106
0.1073
0.1086
0.1288
0.1522
4.5016
3.7763
3.0345
0.7972
0.2096
0.1264
0.0947
0.1291
0.3644
0.5479
0.4979
0.3737
0.1575
0.13540000000000002
0.1436
0.2008
0.28090000000000004
0.4018
0.4827
0.563
0.7487999999999999
0.7921
0.8701
0.7167
0.0221
0.020900000000000002
0.0205
0.023100000000000002
0.0269
0.027
0.024100000000000003
0.013499999999999998
0.0025
0.029500000000000002
0.0269
0.028999999999999998
0.025
0.0264
0.0287
0.025
0.0263
0.044300000000000006
0.0351
0.0217
0.018799999999999997
0.0115
0.0222
0.0337
8.5703
8.4908
8.319199999999999
2.4272
1.0704
1.5596
1.4122
0.3851
0.11779999999999999
0.0659
0.0799
0.0593
0.0673
0.074
0.066
0.0699
0.0552
0.125
0.3529
0.7261
0.8357
0.9208000000000001
0.7532
1.1301
4.4701
6.3321000000000005
5.033
0.7924
0.1234
0.0489
0.0965
0.258
0.4661
0.1637
0.0434
0.008799999999999999
0.0012000000000000001
0.011099999999999999
0.0292
0.0266
0.3798
0.2804
0.38949999999999996
0.4059
0.41800000000000004
0.4667
0.5327
0.5019
1.5643
2.5924
2.8733
2.998
0.1398
0.1581
0.1829
0.5159
1.1258
1.1381999999999999
0.7696000000000001
0.5016
0.5273
0.47809999999999997
0.4384
0.9450000000000001
1.3894
0.956
0.9424
1.0014
1.4409
1.2404000000000002
0.5489999999999999
0.2996
0.1191
0.1028
0.09739999999999999
0.1064
0.1056
0.2853
0.2393
0.1901
0.1993
0.1757
0.1005
0.0685
0.0645
0.0557
0.0736
0.0859
0.1013
0.2178
0.1985
0.1913
0.20879999999999999
0.2276
0.2454
0.2148
0.1594
0.15889999999999999
0.1471
0.14379999999999998
0.1321
0.12290000000000001
0.1493
0.2017
0.1174
0.0656
0.0281
0.0254
0.0247
0.03
0.0484
0.07819999999999999
0.1236
0.1251
0.1176
0.1106
0.1073
0.1086
0.1288
0.1522
4.5016
3.7763
3.0345
0.7972
0.2096
0.1264
0.0947
0.1291
0.3644
0.5479
0.4979
0.3737
0.1575
0.13540000000000002
0.1436
0.2008
0.28090000000000004
0.4018
0.4827
0.563
0.7487999999999999
0.7921
0.8701
0.7167
0.0221
0.020900000000000002
0.0205
0.023100000000000002
0.0269
0.027
0.024100000000000003
0.013499999999999998
0.0025
0.029500000000000002
0.0269
0.028999999999999998
0.025
0.0264
0.0287
0.025
0.0263
0.044300000000000006
0.0351
0.0217
0.018799999999999997
0.0115
0.0222
0.0337
8.5703
8.4908
8.319199999999999
2.4272
1.0704
1.5596
1.4122
0.3851
0.11779999999999999
0.0659
0.0799
0.0593
0.0673
0.074
0.066
0.0699
0.0552
0.125
0.3529
0.7261
0.8357
0.9208000000000001
0.7532
1.1301
4.4701
6.3321000000000005
5.033
0.7924
0.1234
0.0489
0.0965
0.258
0.4661
0.1637
0.0434
0.008799999999999999
0.0012000000000000001
0.011099999999999999
0.0292
0.0266
0.3798
0.2804
0.38949999999999996
0.4059
0.41800000000000004
0.4667
0.5327
0.5019
1.5643
2.5924
2.8733
2.998
0.1398
0.1581
0.1829
0.5159
1.1258
1.1381999999999999
0.7696000000000001
0.5016
0.5273
0.47809999999999997
0.4384
0.9450000000000001
1.3894
0.956
0.9424
1.0014
1.4409
1.2404000000000002
0.5489999999999999
0.2996
0.1191
0.1028
0.09739999999999999
0.1064
0.1056
0.2853
0.2393
0.1901
0.1993
0.1757
0.1005
0.0685
0.0645
0.0557
0.0736
0.0859
0.1013
0.2178
0.1985
0.1913
0.20879999999999999
0.2276
0.2454
0.2148
0.1594
0.15889999999999999
0.1471
0.14379999999999998
0.1321
0.12290000000000001
0.1493
0.2017
0.1174
0.0656
0.0281
0.0254
0.0247
0.03
0.0484
0.07819999999999999
0.1236
0.1251
0.1176
0.1106
0.1073
0.1086
0.1288
0.1522
4.5016
3.7763
3.0345
0.7972
0.2096
0.1264
0.0947
0.1291
0.3644
0.5479
0.4979
0.3737
0.1575
0.13540000000000002
0.1436
0.2008
0.28090000000000004
0.4018
0.4827
0.563
0.7487999999999999
0.7921
0.8701
0.7167
0.0221
0.020900000000000002
0.0205
0.023100000000000002
0.0269
0.027
0.024100000000000003
0.013499999999999998
0.0025
0.029500000000000002
0.0269
0.028999999999999998
0.025
0.0264
0.0287
0.025
0.0263
0.044300000000000006
0.0351
0.0217
0.018799999999999997
0.0115
0.0222
0.0337
8.5703
8.4908
8.319199999999999
2.4272
1.0704
1.5596
1.4122
0.3851
0.11779999999999999
0.0659
0.0799
0.0593
0.0673
0.074
0.066
0.0699
0.0552
0.125
0.3529
0.7261
0.8357
0.9208000000000001
0.7532
1.1301
4.4701
6.3321000000000005
5.033
0.7924
0.1234
0.0489
0.0965
0.258
0.4661
0.1637
0.0434
0.008799999999999999
0.0012000000000000001
0.011099999999999999
0.0292
0.0266
0.3798
0.2804
0.38949999999999996
0.4059
0.41800000000000004
0.4667
0.5327
0.5019
1.5643
2.5924
2.8733
2.998
0.1398
0.1581
0.1829
0.5159
1.1258
1.1381999999999999
0.7696000000000001
0.5016
0.5273
0.47809999999999997
0.4384
0.9450000000000001
1.3894
0.956
0.9424
1.0014
1.4409
1.2404000000000002
0.5489999999999999
0.2996
0.1191
0.1028
0.09739999999999999
0.1064
0.1056
0.2853
0.2393
0.1901
0.1993
0.1757
0.1005
0.0685
0.0645
0.0557
0.0736
0.0859
0.1013
0.2178
0.1985
0.1913
0.20879999999999999
0.2276
0.2454
0.2148
0.1594
0.15889999999999999
0.1471
0.14379999999999998
0.1321
0.12290000000000001
0.1493
0.2017
0.1174
0.0656
0.0281
0.0254
0.0247
0.03
0.0484
0.07819999999999999
0.1236
0.1251
0.1176
0.1106
0.1073
0.1086
0.1288
0.1522
4.5016
3.7763
3.0345
0.7972
0.2096
0.1264
0.0947
0.1291
0.3644
0.5479
0.4979
0.3737
0.1575
0.13540000000000002
0.1436
0.2008
0.28090000000000004
0.4018
0.4827
0.563
0.7487999999999999
0.7921
0.8701
0.7167
0.0221
0.020900000000000002
0.0205
0.023100000000000002
0.0269
0.027
0.024100000000000003
0.013499999999999998
0.0025
0.029500000000000002
0.0269
0.028999999999999998
0.025
0.0264
0.0287
0.025
0.0263
0.044300000000000006
0.0351
0.0217
0.018799999999999997
0.0115
0.0222
0.0337
8.5703
8.4908
8.319199999999999
2.4272
1.0704
1.5596
1.4122
0.3851
0.11779999999999999
0.0659
0.0799
0.0593
0.0673
0.074
0.066
0.0699
0.0552
0.125
0.3529
0.7261
0.8357
0.9208000000000001
0.7532
1.1301
4.4701
6.3321000000000005
5.033
0.7924
0.1234
0.0489
0.0965
0.258
0.4661
0.1637
0.0434
0.008799999999999999
0.0012000000000000001
0.011099999999999999
0.0292
0.0266
0.3798
0.2804
0.38949999999999996
0.4059
0.41800000000000004
0.4667
0.5327
0.5019
1.5643
2.5924
2.8733
2.998
0.1398
0.1581
0.1829
0.5159
1.1258
1.1381999999999999
0.7696000000000001
0.5016
0.5273
0.47809999999999997
0.4384
0.9450000000000001
1.3894
0.956
0.9424
1.0014
1.4409
1.2404000000000002
0.5489999999999999
0.2996
0.1191
0.1028
0.09739999999999999
0.1064
0.1056
0.2853
0.2393
0.1901
0.1993
0.1757
0.1005
0.0685
0.0645
0.0557
0.0736
0.0859
0.1013
0.2178
0.1985
0.1913
0.20879999999999999
0.2276
0.2454
0.2148
0.1594
0.15889999999999999
0.1471
0.14379999999999998
0.1321
0.12290000000000001
0.1493
0.2017
0.1174
0.0656
0.0281
0.0254
0.0247
0.03
0.0484
0.07819999999999999
0.1236
0.1251
0.1176
0.1106
0.1073
0.1086
0.1288
0.1522
0.1447
0.1454
0.1382
0.13729999999999998
0.1511
0.1606
0.27999999999999997
1.102
1.177
1.0878
0.6226
0.5123
0.5805
0.8528
1.2985
0.5746
0.4192
0.3948
0.3943
0.8393
0.1661
0.1505
0.1515
0.1548
0.093
0.07189999999999999
0.071
0.040499999999999994
0.041999999999999996
0.0608
0.1149
0.392
0.478
0.3998
0.32999999999999996
0.2617
0.2592
1.1616
1.7691
0.6229
1.7277
1.5918999999999999
1.0114
1.5707
1.6162999999999998
0.1935
0.0115
2.1435
4.905900000000001
5.1581
3.401
0.2759
0.1221
0.1104
0.1499
0.18109999999999998
0.1491
0.1429
0.1414
0.1366
0.1242
0.1089
0.10619999999999999
0.118
0.1218
0.1189
0.125
0.1163
0.12010000000000001
0.12129999999999999
0.1077
2.9523
4.4066
4.053800000000001
3.8377999999999997
1.5146000000000002
0.4242
0.33699999999999997
0.24380000000000002
0.1905
0.1136
0.08399999999999999
0.0691
0.0576
0.053500000000000006
0.0464
0.0514
0.08460000000000001
0.1927
0.4702
0.3247
0.3388
0.3364
0.3341
0.3516
1.6032
0.41500000000000004
0.3951
0.3866
0.3943
0.40259999999999996
0.5126999999999999
0.8322
0.9300999999999999
0.6187
0.4339
0.8618
0.6342
0.3574
0.3665
0.4316
0.9259000000000001
0.9198999999999999
1.0743999999999998
1.7614
1.3853
0.6987
0.6288
0.5264
0.4668
0.6906000000000001
4.3219
0.9598
0.8979
0.4936
0.2909
0.3136
0.3064
0.3052
0.31679999999999997
0.3772
0.42010000000000003
1.5895
0.6545
0.6318
0.782
1.2562
0.8794
0.6795
0.6354
0.6432
0.7242
0.9744
1.0691000000000002
3.8497
2.6003
2.363
1.2196
0.15389999999999998
0.027700000000000002
0.013000000000000001
0.0648
0.0457
0.0617
0.09620000000000001
0.0923
0.0832
0.0287
0.0229
0.0254
0.0615
1.0413999999999999
0.5441
0.4888
0.522
0.6003000000000001
0.8701000000000001
0.8271
0.1447
0.1454
0.1382
0.13729999999999998
0.1511
0.1606
0.27999999999999997
1.102
1.177
1.0878
0.6226
0.5123
0.5805
0.8528
1.2985
0.5746
0.4192
0.3948
0.3943
0.8393
0.1661
0.1505
0.1515
0.1548
0.093
0.07189999999999999
0.071
0.040499999999999994
0.041999999999999996
0.0608
0.1149
0.392
0.478
0.3998
0.32999999999999996
0.2617
0.2592
1.1616
1.7691
0.6229
1.7277
1.5918999999999999
1.0114
1.5707
1.6162999999999998
0.1935
0.0115
2.1435
4.905900000000001
5.1581
3.401
0.2759
0.1221
0.1104
0.1499
0.18109999999999998
0.1491
0.1429
0.1414
0.1366
0.1242
0.1089
0.10619999999999999
0.118
0.1218
0.1189
0.125
0.1163
0.12010000000000001
0.12129999999999999
0.1077
2.9523
4.4066
4.053800000000001
3.8377999999999997
1.5146000000000002
0.4242
0.33699999999999997
0.24380000000000002
0.1905
0.1136
0.08399999999999999
0.0691
0.0576
0.053500000000000006
0.0464
0.0514
0.08460000000000001
0.1927
0.4702
0.3247
0.3388
0.3364
0.3341
0.3516
1.6032
0.41500000000000004
0.3951
0.3866
0.3943
0.40259999999999996
0.5126999999999999
0.8322
0.9300999999999999
0.6187
0.4339
0.8618
0.6342
0.3574
0.3665
0.4316
0.9259000000000001
0.9198999999999999
1.0743999999999998
1.7614
1.3853
0.6987
0.6288
0.5264
0.4668
0.6906000000000001
4.3219
0.9598
0.8979
0.4936
0.2909
0.3136
0.3064
0.3052
0.31679999999999997
0.3772
0.42010000000000003
1.5895
0.6545
0.6318
0.782
1.2562
0.8794
0.6795
0.6354
0.6432
0.7242
0.9744
1.0691000000000002
3.8497
2.6003
2.363
1.2196
0.15389999999999998
0.027700000000000002
0.013000000000000001
0.0648
0.0457
0.0617
0.09620000000000001
0.0923
0.0832
0.0287
0.0229
0.0254
0.0615
1.0413999999999999
0.5441
0.4888
0.522
0.6003000000000001
0.8701000000000001
0.8271
0.1447
0.1454
0.1382
0.13729999999999998
0.1511
0.1606
0.27999999999999997
1.102
1.177
1.0878
0.6226
0.5123
0.5805
0.8528
1.2985
0.5746
0.4192
0.3948
0.3943
0.8393
0.1661
0.1505
0.1515
0.1548
0.093
0.07189999999999999
0.071
0.040499999999999994
0.041999999999999996
0.0608
0.1149
0.392
0.478
0.3998
0.32999999999999996
0.2617
0.2592
1.1616
1.7691
0.6229
1.7277
1.5918999999999999
1.0114
1.5707
1.6162999999999998
0.1935
0.0115
2.1435
4.905900000000001
5.1581
3.401
0.2759
0.1221
0.1104
0.1499
0.18109999999999998
0.1491
0.1429
0.1414
0.1366
0.1242
0.1089
0.10619999999999999
0.118
0.1218
0.1189
0.125
0.1163
0.12010000000000001
0.12129999999999999
0.1077
2.9523
4.4066
4.053800000000001
3.8377999999999997
1.5146000000000002
0.4242
0.33699999999999997
0.24380000000000002
0.1905
0.1136
0.08399999999999999
0.0691
0.0576
0.053500000000000006
0.0464
0.0514
0.08460000000000001
0.1927
0.4702
0.3247
0.3388
0.3364
0.3341
0.3516
1.6032
0.41500000000000004
0.3951
0.3866
0.3943
0.40259999999999996
0.5126999999999999
0.8322
0.9300999999999999
0.6187
0.4339
0.8618
0.6342
0.3574
0.3665
0.4316
0.9259000000000001
0.9198999999999999
1.0743999999999998
1.7614
1.3853
0.6987
0.6288
0.5264
0.4668
0.6906000000000001
4.3219
0.9598
0.8979
0.4936
0.2909
0.3136
0.3064
0.3052
0.31679999999999997
0.3772
0.42010000000000003
1.5895
0.6545
0.6318
0.782
1.2562
0.8794
0.6795
0.6354
0.6432
0.7242
0.9744
1.0691000000000002
3.8497
2.6003
2.363
1.2196
0.15389999999999998
0.027700000000000002
0.013000000000000001
0.0648
0.0457
0.0617
0.09620000000000001
0.0923
0.0832
0.0287
0.0229
0.0254
0.0615
1.0413999999999999
0.5441
0.4888
0.522
0.6003000000000001
0.8701000000000001
0.8271
0.1447
0.1454
0.1382
0.13729999999999998
0.1511
0.1606
0.27999999999999997
1.102
1.177
1.0878
0.6226
0.5123
0.5805
0.8528
1.2985
0.5746
0.4192
0.3948
0.3943
0.8393
0.1661
0.1505
0.1515
0.1548
0.093
0.07189999999999999
0.071
0.040499999999999994
0.041999999999999996
0.0608
0.1149
0.392
0.478
0.3998
0.32999999999999996
0.2617
0.2592
1.1616
1.7691
0.6229
1.7277
1.5918999999999999
1.0114
1.5707
1.6162999999999998
0.1935
0.0115
2.1435
4.905900000000001
5.1581
3.401
0.2759
0.1221
0.1104
0.1499
0.18109999999999998
0.1491
0.1429
0.1414
0.1366
0.1242
0.1089
0.10619999999999999
0.118
0.1218
0.1189
0.125
0.1163
0.12010000000000001
0.12129999999999999
0.1077
2.9523
4.4066
4.053800000000001
3.8377999999999997
1.5146000000000002
0.4242
0.33699999999999997
0.24380000000000002
0.1905
0.1136
0.08399999999999999
0.0691
0.0576
0.053500000000000006
0.0464
0.0514
0.08460000000000001
0.1927
0.4702
0.3247
0.3388
0.3364
0.3341
0.3516
1.6032
0.41500000000000004
0.3951
0.3866
0.3943
0.40259999999999996
0.5126999999999999
0.8322
0.9300999999999999
0.6187
0.4339
0.8618
0.6342
0.3574
0.3665
0.4316
0.9259000000000001
0.9198999999999999
1.0743999999999998
1.7614
1.3853
0.6987
0.6288
0.5264
0.4668
0.6906000000000001
4.3219
0.9598
0.8979
0.4936
0.2909
0.3136
0.3064
0.3052
0.31679999999999997
0.3772
0.42010000000000003
1.5895
0.6545
0.6318
0.782
1.2562
0.8794
0.6795
0.6354
0.6432
0.7242
0.9744
1.0691000000000002
3.8497
2.6003
2.363
1.2196
0.15389999999999998
0.027700000000000002
0.013000000000000001
0.0648
0.0457
0.0617
0.09620000000000001
0.0923
0.0832
0.0287
0.0229
0.0254
0.0615
1.0413999999999999
0.5441
0.4888
0.522
0.6003000000000001
0.8701000000000001
0.8271
0.1447
0.1454
0.1382
0.13729999999999998
0.1511
0.1606
0.27999999999999997
1.102
1.177
1.0878
0.6226
0.5123
0.5805
0.8528
1.2985
0.5746
0.4192
0.3948
0.3943
0.8393
0.1661
0.1505
0.1515
0.1548
0.093
0.07189999999999999
0.071
0.040499999999999994
0.041999999999999996
0.0608
0.1149
0.392
0.478
0.3998
0.32999999999999996
0.2617
0.2592
1.1616
1.7691
0.6229
1.7277
1.5918999999999999
1.0114
1.5707
1.6162999999999998
0.1935
0.0115
2.1435
0.16999999999999998
0.1613
0.159
0.1568
0.1494
0.1261
0.0936
0.24209999999999998
0.0467
0.048
0.0271
0.030699999999999998
0.0298
0.0318
0.0412
0.0694
0.0858
0.05449999999999999
0.2098
0.1555
0.2153
0.2265
0.24430000000000002
0.2141
1.1003
1.6615
6.3967
3.6426999999999996
0.2327
0.0713
0.0802
0.0885
0.048299999999999996
0.355
0.0496
0.0887
0.0965
0.1303
0.17770000000000002
0.0936
0.0654
0.11130000000000001
0.118
0.1032
0.1192
0.09659999999999999
0.08299999999999999
0.11410000000000001
0.0
0.0
0.0
0.0138
0.0188
0.07680000000000001
0.0355
0.1471
0.0923
0.356
0.2661
0.11460000000000001
0.049100000000000005
0.0284
0.0402
0.0279
0.1238
0.2227
0.1577
0.0045
0.0
4.8046
4.538
2.9176
0.0
0.0
0.0
0.0
0.0
0.0
0.0195
0.0633
0.1296
0.0604
0.0659
0.0842
0.1102
4.1008
1.5957
0.1545
0.077
0.0069
0.9644
0.10869999999999999
0.0192
0.0
0.0
0.0
6.2722999999999995
6.6053
6.8361
6.813000000000001
3.8805
0.0932
0.2418
0.8479
0.2972
0.0222
0.0561
0.0387
0.0615
0.0455
0.0482
0.0139
0.0
0.0031
0.0402
2.6886
0.8448
1.6893
3.5614
5.1357
0.32789999999999997
0.026099999999999998
0.0163
0.0004
0.0205
0.016
0.019
0.023299999999999998
0.0238
0.026000000000000002
0.0327
0.0303
0.0429
0.07150000000000001
0.31589999999999996
0.136
0.0266
0.0046
0.0
0.0
0.045
0.6203
0.2389
1.3342
0.3425
0.36729999999999996
0.344
0.36760000000000004
0.3944
0.5459
1.0802
0.4517
0.0358
0.0849
0.1345
0.15960000000000002
0.1471
0.1487
0.1367
0.0816
0.0399
0.0
0.0
0.0086
0.3376
2.2348999999999997
1.6079999999999999
0.515
0.16999999999999998
0.1613
0.159
0.1568
0.1494
0.1261
0.0936
0.24209999999999998
0.0467
0.048
0.0271
0.030699999999999998
0.0298
0.0318
0.0412
0.0694
0.0858
0.05449999999999999
0.2098
0.1555
0.2153
0.2265
0.24430000000000002
0.2141
1.1003
1.6615
6.3967
3.6426999999999996
0.2327
0.0713
0.0802
0.0885
0.048299999999999996
0.355
0.0496
0.0887
0.0965
0.1303
0.17770000000000002
0.0936
0.0654
0.11130000000000001
0.118
0.1032
0.1192
0.09659999999999999
0.08299999999999999
0.11410000000000001
0.0
0.0
0.0
0.0138
0.0188
0.07680000000000001
0.0355
0.1471
0.0923
0.356
0.2661
0.11460000000000001
0.049100000000000005
0.0284
0.0402
0.0279
0.1238
0.2227
0.1577
0.0045
0.0
4.8046
4.538
2.9176
0.0
0.0
0.0
0.0
0.0
0.0
0.0195
0.0633
0.1296
0.0604
0.0659
0.0842
0.1102
4.1008
1.5957
0.1545
0.077
0.0069
0.9644
0.10869999999999999
0.0192
0.0
0.0
0.0
6.2722999999999995
6.6053
6.8361
6.813000000000001
3.8805
0.0932
0.2418
0.8479
0.2972
0.0222
0.0561
0.0387
0.0615
0.0455
0.0482
0.0139
0.0
0.0031
0.0402
2.6886
0.8448
1.6893
3.5614
5.1357
0.32789999999999997
0.026099999999999998
0.0163
0.0004
0.0205
0.016
0.019
0.023299999999999998
0.0238
0.026000000000000002
0.0327
0.0303
0.0429
0.07150000000000001
0.31589999999999996
0.136
0.0266
0.0046
0.0
0.0
0.045
0.6203
0.2389
1.3342
0.3425
0.36729999999999996
0.344
0.36760000000000004
0.3944
0.5459
1.0802
0.4517
0.0358
0.0849
0.1345
0.15960000000000002
0.1471
0.1487
0.1367
0.0816
0.0399
0.0
0.0
0.0086
0.3376
2.2348999999999997
1.6079999999999999
0.515
0.16999999999999998
0.1613
0.159
0.1568
0.1494
0.1261
0.0936
0.24209999999999998
0.0467
0.048
0.0271
0.030699999999999998
0.0298
0.0318
0.0412
0.0694
0.0858
0.05449999999999999
0.2098
0.1555
0.2153
0.2265
0.24430000000000002
0.2141
1.1003
1.6615
6.3967
3.6426999999999996
0.2327
0.0713
0.0802
0.0885
0.048299999999999996
0.355
0.0496
0.0887
0.0965
0.1303
0.17770000000000002
0.0936
0.0654
0.11130000000000001
0.118
0.1032
0.1192
0.09659999999999999
0.08299999999999999
0.11410000000000001
0.0
0.0
0.0
0.0138
0.0188
0.07680000000000001
0.0355
0.1471
0.0923
0.356
0.2661
0.11460000000000001
0.049100000000000005
0.0284
0.0402
0.0279
0.1238
0.2227
0.1577
0.0045
0.0
4.8046
4.538
2.9176
0.0
0.0
0.0
0.0
0.0
0.0
0.0195
0.0633
0.1296
0.0604
0.0659
0.0842
0.1102
4.1008
1.5957
0.1545
0.077
0.0069
0.9644
0.10869999999999999
0.0192
0.0
0.0
0.0
6.2722999999999995
6.6053
6.8361
6.813000000000001
3.8805
0.0932
0.2418
0.8479
0.2972
0.0222
0.0561
0.0387
0.0615
0.0455
0.0482
0.0139
0.0
0.0031
0.0402
2.6886
0.8448
1.6893
3.5614
5.1357
0.32789999999999997
0.026099999999999998
0.0163
0.0004
0.0205
0.016
0.019
0.023299999999999998
0.0238
0.026000000000000002
0.0327
0.0303
0.0429
0.07150000000000001
0.31589999999999996
0.136
0.0266
0.0046
0.0
0.0
0.045
0.6203
0.2389
1.3342
0.3425
0.36729999999999996
0.344
0.36760000000000004
0.3944
0.5459
1.0802
0.4517
0.0358
0.0849
0.1345
0.15960000000000002
0.1471
0.1487
0.1367
0.0816
0.0399
0.0
0.0
0.0086
0.3376
2.2348999999999997
1.6079999999999999
0.515
0.16999999999999998
0.1613
0.159
0.1568
0.1494
0.1261
0.0936
0.24209999999999998
0.0467
0.048
0.0271
0.030699999999999998
0.0298
0.0318
0.0412
0.0694
0.0858
0.05449999999999999
0.2098
0.1555
0.2153
0.2265
0.24430000000000002
0.2141
1.1003
1.6615
6.3967
3.6426999999999996
0.2327
0.0713
0.0802
0.0885
0.048299999999999996
0.355
0.0496
0.0887
0.0965
0.1303
0.17770000000000002
0.0936
0.0654
0.11130000000000001
0.118
0.1032
0.1192
0.09659999999999999
0.08299999999999999
0.11410000000000001
0.0
0.0
0.0
0.0138
0.0188
0.07680000000000001
0.0355
0.1471
0.0923
0.356
0.2661
0.11460000000000001
0.049100000000000005
0.0284
0.0402
0.0279
0.1238
0.2227
0.1577
0.0045
0.0
4.8046
4.538
2.9176
0.0
0.0
0.0
0.0
0.0
0.0
0.0195
0.0633
0.1296
0.0604
0.0659
0.0842
0.1102
4.1008
1.5957
0.1545
0.077
0.0069
0.9644
0.10869999999999999
0.0192
0.0
0.0
0.0
6.2722999999999995
6.6053
6.8361
6.813000000000001
3.8805
0.0932
0.2418
0.8479
0.2972
0.0222
0.0561
0.0387
0.0615
0.0455
0.0482
0.0139
0.0
0.0031
0.0402
2.6886
0.8448
1.6893
3.5614
5.1357
0.32789999999999997
0.026099999999999998
0.0163
0.0004
0.0205
0.016
0.019
0.023299999999999998
0.0238
0.026000000000000002
0.0327
0.0303
0.0429
0.07150000000000001
0.31589999999999996
0.136
0.0266
0.0046
0.0
0.0
0.045
0.6203
0.2389
1.3342
0.3425
0.36729999999999996
0.344
0.36760000000000004
0.3944
0.5459
1.0802
0.4517
0.0358
0.0849
0.1345
0.15960000000000002
0.1471
0.1487
0.1367
0.0816
0.0399
0.0
0.0
0.0086
0.3376
2.2348999999999997
1.6079999999999999
0.515
0.16999999999999998
0.1613
0.159
0.1568
0.1494
0.1261
0.0936
0.24209999999999998
0.0467
0.048
0.0271
0.030699999999999998
0.0298
0.0318
0.0412
0.0694
0.0858
0.05449999999999999
0.2098
0.1555
0.2153
0.2265
0.24430000000000002
0.2141
1.1003
1.6615
6.3967
3.6426999999999996
0.2327
0.0713
0.0802
0.0885
0.048299999999999996
0.355
0.0496
0.0887
0.0965
0.1303
0.17770000000000002
0.0936
0.0654
0.11130000000000001
0.118
0.1032
0.1192
0.09659999999999999
0.08299999999999999
0.11410000000000001
0.0
0.0
0.0
0.0138
0.0188
0.07680000000000001
0.0355
0.1471
0.0923
0.356
0.2661
0.11460000000000001
0.049100000000000005
0.0284
0.0402
0.0279
0.1238
0.2227
0.1577
0.0045
0.0
4.8046
4.538
2.9176
