0.0233
0.022699999999999998
0.0217
0.0237
0.027299999999999998
0.0212
0.023899999999999998
0.0169
0.0061
0.0439
0.032100000000000004
0.0378
0.0305
0.0235
0.0247
0.0173
0.0238
0.03
0.0483
0.0297
0.0294
0.0164
0.0223
0.0284
0.40369999999999995
0.36429999999999996
2.7758000000000003
4.604
1.1298
0.26990000000000003
0.2885
0.36719999999999997
0.4095
0.3778
0.4082
0.383
0.3589
1.2114
0.891
0.2215
0.21710000000000002
1.1569
0.1477
0.2537
0.2127
0.1297
0.1001
0.12229999999999999
3.3863
2.1528
1.7
0.1618
0.0747
0.1304
0.1733
0.1371
0.1535
0.1391
0.1308
0.1293
0.1437
0.1699
0.2297
0.2633
1.2131999999999998
1.5211000000000001
1.2926
0.8988
0.2892
0.08399999999999999
0.0798
1.8204
0.09230000000000001
0.044
0.0935
0.8294
1.2532
1.4891999999999999
1.4184
0.1127
0.10439999999999999
0.1313
0.1274
0.12
0.14150000000000001
0.15339999999999998
0.1492
0.14300000000000002
0.13329999999999997
0.1739
0.18180000000000002
2.7127
1.0996
0.681
0.40069999999999995
0.3094
0.1291
0.124
0.12029999999999999
0.1186
0.11510000000000001
0.1038
0.0797
0.0843
0.20199999999999999
0.192
0.0842
0.0552
0.0592
0.050100000000000006
0.057499999999999996
0.0595
0.0554
0.07139999999999999
0.1344
0.16210000000000002
0.1668
0.1867
0.2272
0.20029999999999998
0.309
1.5293
0.2492
0.2153
0.2071
0.1889
0.1213
0.0467
0.0196
0.025799999999999997
0.0471
0.0296
0.0365
0.0603
0.1149
0.1781
0.1598
1.2141
1.8571
2.3520000000000003
1.6979000000000002
0.6656
0.4546
0.389
0.4161
0.5344
0.607
0.5325
0.3735
0.2056
0.1948
1.119
0.49739999999999995
0.3687
0.2746
0.23520000000000002
0.22139999999999999
0.2294
0.2941
0.8602000000000001
0.3025
0.3166
0.323
0.7458
0.9120999999999999
0.4299
0.3114
0.4905
0.0233
0.022699999999999998
0.0217
0.0237
0.027299999999999998
0.0212
0.023899999999999998
0.0169
0.0061
0.0439
0.032100000000000004
0.0378
0.0305
0.0235
0.0247
0.0173
0.0238
0.03
0.0483
0.0297
0.0294
0.0164
0.0223
0.0284
0.40369999999999995
0.36429999999999996
2.7758000000000003
4.604
1.1298
0.26990000000000003
0.2885
0.36719999999999997
0.4095
0.3778
0.4082
0.383
0.3589
1.2114
0.891
0.2215
0.21710000000000002
1.1569
0.1477
0.2537
0.2127
0.1297
0.1001
0.12229999999999999
3.3863
2.1528
1.7
0.1618
0.0747
0.1304
0.1733
0.1371
0.1535
0.1391
0.1308
0.1293
0.1437
0.1699
0.2297
0.2633
1.2131999999999998
1.5211000000000001
1.2926
0.8988
0.2892
0.08399999999999999
0.0798
1.8204
0.09230000000000001
0.044
0.0935
0.8294
1.2532
1.4891999999999999
1.4184
0.1127
0.10439999999999999
0.1313
0.1274
0.12
0.14150000000000001
0.15339999999999998
0.1492
0.14300000000000002
0.13329999999999997
0.1739
0.18180000000000002
2.7127
1.0996
0.681
0.40069999999999995
0.3094
0.1291
0.124
0.12029999999999999
0.1186
0.11510000000000001
0.1038
0.0797
0.0843
0.20199999999999999
0.192
0.0842
0.0552
0.0592
0.050100000000000006
0.057499999999999996
0.0595
0.0554
0.07139999999999999
0.1344
0.16210000000000002
0.1668
0.1867
0.2272
0.20029999999999998
0.309
1.5293
0.2492
0.2153
0.2071
0.1889
0.1213
0.0467
0.0196
0.025799999999999997
0.0471
0.0296
0.0365
0.0603
0.1149
0.1781
0.1598
1.2141
1.8571
2.3520000000000003
1.6979000000000002
0.6656
0.4546
0.389
0.4161
0.5344
0.607
0.5325
0.3735
0.2056
0.1948
1.119
0.49739999999999995
0.3687
0.2746
0.23520000000000002
0.22139999999999999
0.2294
0.2941
0.8602000000000001
0.3025
0.3166
0.323
0.7458
0.9120999999999999
0.4299
0.3114
0.4905
0.0233
0.022699999999999998
0.0217
0.0237
0.027299999999999998
0.0212
0.023899999999999998
0.0169
0.0061
0.0439
0.032100000000000004
0.0378
0.0305
0.0235
0.0247
0.0173
0.0238
0.03
0.0483
0.0297
0.0294
0.0164
0.0223
0.0284
0.40369999999999995
0.36429999999999996
2.7758000000000003
4.604
1.1298
0.26990000000000003
0.2885
0.36719999999999997
0.4095
0.3778
0.4082
0.383
0.3589
1.2114
0.891
0.2215
0.21710000000000002
1.1569
0.1477
0.2537
0.2127
0.1297
0.1001
0.12229999999999999
3.3863
2.1528
1.7
0.1618
0.0747
0.1304
0.1733
0.1371
0.1535
0.1391
0.1308
0.1293
0.1437
0.1699
0.2297
0.2633
1.2131999999999998
1.5211000000000001
1.2926
0.8988
0.2892
0.08399999999999999
0.0798
1.8204
0.09230000000000001
0.044
0.0935
0.8294
1.2532
1.4891999999999999
1.4184
0.1127
0.10439999999999999
0.1313
0.1274
0.12
0.14150000000000001
0.15339999999999998
0.1492
0.14300000000000002
0.13329999999999997
0.1739
0.18180000000000002
2.7127
1.0996
0.681
0.40069999999999995
0.3094
0.1291
0.124
0.12029999999999999
0.1186
0.11510000000000001
0.1038
0.0797
0.0843
0.20199999999999999
0.192
0.0842
0.0552
0.0592
0.050100000000000006
0.057499999999999996
0.0595
0.0554
0.07139999999999999
0.1344
0.16210000000000002
0.1668
0.1867
0.2272
0.20029999999999998
0.309
1.5293
0.2492
0.2153
0.2071
0.1889
0.1213
0.0467
0.0196
0.025799999999999997
0.0471
0.0296
0.0365
0.0603
0.1149
0.1781
0.1598
1.2141
1.8571
2.3520000000000003
1.6979000000000002
0.6656
0.4546
0.389
0.4161
0.5344
0.607
0.5325
0.3735
0.2056
0.1948
1.119
0.49739999999999995
0.3687
0.2746
0.23520000000000002
0.22139999999999999
0.2294
0.2941
0.8602000000000001
0.3025
0.3166
0.323
0.7458
0.9120999999999999
0.4299
0.3114
0.4905
0.0233
0.022699999999999998
0.0217
0.0237
0.027299999999999998
0.0212
0.023899999999999998
0.0169
0.0061
0.0439
0.032100000000000004
0.0378
0.0305
0.0235
0.0247
0.0173
0.0238
0.03
0.0483
0.0297
0.0294
0.0164
0.0223
0.0284
0.40369999999999995
0.36429999999999996
2.7758000000000003
4.604
1.1298
0.26990000000000003
0.2885
0.36719999999999997
0.4095
0.3778
0.4082
0.383
0.3589
1.2114
0.891
0.2215
0.21710000000000002
1.1569
0.1477
0.2537
0.2127
0.1297
0.1001
0.12229999999999999
3.3863
2.1528
1.7
0.1618
0.0747
0.1304
0.1733
0.1371
0.1535
0.1391
0.1308
0.1293
0.1437
0.1699
0.2297
0.2633
1.2131999999999998
1.5211000000000001
1.2926
0.8988
0.2892
0.08399999999999999
0.0798
1.8204
0.09230000000000001
0.044
0.0935
0.8294
1.2532
1.4891999999999999
1.4184
0.1127
0.10439999999999999
0.1313
0.1274
0.12
0.14150000000000001
0.15339999999999998
0.1492
0.14300000000000002
0.13329999999999997
0.1739
0.18180000000000002
2.7127
1.0996
0.681
0.40069999999999995
0.3094
0.1291
0.124
0.12029999999999999
0.1186
0.11510000000000001
0.1038
0.0797
0.0843
0.20199999999999999
0.192
0.0842
0.0552
0.0592
0.050100000000000006
0.057499999999999996
0.0595
0.0554
0.07139999999999999
0.1344
0.16210000000000002
0.1668
0.1867
0.2272
0.20029999999999998
0.309
1.5293
0.2492
0.2153
0.2071
0.1889
0.1213
0.0467
0.0196
0.025799999999999997
0.0471
0.0296
0.0365
0.0603
0.1149
0.1781
0.1598
1.2141
1.8571
2.3520000000000003
1.6979000000000002
0.6656
0.4546
0.389
0.4161
0.5344
0.607
0.5325
0.3735
0.2056
0.1948
1.119
0.49739999999999995
0.3687
0.2746
0.23520000000000002
0.22139999999999999
0.2294
0.2941
0.8602000000000001
0.3025
0.3166
0.323
0.7458
0.9120999999999999
0.4299
0.3114
0.4905
0.0233
0.022699999999999998
0.0217
0.0237
0.027299999999999998
0.0212
0.023899999999999998
0.0169
0.0061
0.0439
0.032100000000000004
0.0378
0.0305
0.0235
0.0247
0.0173
0.0238
0.03
0.0483
0.0297
0.0294
0.0164
0.0223
0.0284
0.40369999999999995
0.36429999999999996
2.7758000000000003
4.604
1.1298
0.26990000000000003
0.2885
0.36719999999999997
0.4095
0.3778
0.4082
0.383
0.3589
1.2114
0.891
0.2215
0.21710000000000002
1.1569
0.1477
0.2537
0.2127
0.1297
0.1001
0.12229999999999999
3.3863
2.1528
1.7
0.1618
0.0747
0.1304
0.1733
0.1371
0.1535
0.1391
0.1308
0.1293
0.1437
0.1699
0.2297
0.2633
1.2131999999999998
1.5211000000000001
1.2926
0.8988
0.2892
0.08399999999999999
0.0798
1.8204
2.7179
5.2399000000000004
0.8308
1.5803
0.0672
0.0331
0.0446
0.0072
0.035500000000000004
0.0465
0.0246
0.0706
0.0691
0.0611
0.08449999999999999
0.0771
0.050699999999999995
0.0509
0.0542
0.044899999999999995
0.0297
0.0226
0.1553
0.3282
0.6032
0.8711
2.441
2.0582000000000003
0.38959999999999995
0.40149999999999997
0.259
0.255
0.2744
0.26470000000000005
0.258
0.2724
0.2893
0.3574
0.4773
0.6286
0.5476
0.2519
0.21639999999999998
0.4114
1.5312
1.151
0.1723
0.2435
2.7418
3.9181999999999997
3.5540000000000003
1.155
0.4991
0.1442
0.1049
0.1326
0.1493
0.1681
0.21339999999999998
0.3355
0.398
0.4405
0.5004
0.636
1.7607000000000002
2.0003
1.0439
0.8742
0.8826
1.0535
1.6587
1.6128
3.0138
3.1338999999999997
3.2277
3.1382
0.377
0.208
0.8865999999999999
1.1308
0.1615
0.0921
0.091
0.0939
0.11130000000000001
0.1002
0.2218
1.7809000000000001
0.3198
0.4439
0.7206
1.4898
1.3366
0.5215
0.37870000000000004
1.7132999999999998
2.37
2.2367
2.1803
2.0732
0.4748
0.2493
0.28390000000000004
0.5373
0.9749
0.6489
0.2783
0.2445
0.2351
0.2429
0.24659999999999999
0.3199
0.4244
1.1623
1.6528
1.87
1.4971
1.3568
1.281
1.0832000000000002
0.1297
0.174
0.1522
0.1622
0.1784
0.32909999999999995
3.1622000000000003
0.1114
0.4464
0.6956
0.572
0.0598
0.0184
0.0264
0.0122
0.0085
0.0344
0.0457
0.10880000000000001
0.21760000000000002
0.421
0.30589999999999995
0.1706
0.1193
1.186
3.5187
8.494
3.8832
0.507
0.1674
0.1095
0.1421
0.1221
0.12840000000000001
0.13190000000000002
0.1637
0.1457
0.1452
0.1552
0.173
0.15360000000000001
0.1748
0.2955
0.5353
0.2522
0.2624
0.3841
0.4413
2.7179
5.2399000000000004
0.8308
1.5803
0.0672
0.0331
0.0446
0.0072
0.035500000000000004
0.0465
0.0246
0.0706
0.0691
0.0611
0.08449999999999999
0.0771
0.050699999999999995
0.0509
0.0542
0.044899999999999995
0.0297
0.0226
0.1553
0.3282
0.6032
0.8711
2.441
2.0582000000000003
0.38959999999999995
0.40149999999999997
0.259
0.255
0.2744
0.26470000000000005
0.258
0.2724
0.2893
0.3574
0.4773
0.6286
0.5476
0.2519
0.21639999999999998
0.4114
1.5312
1.151
0.1723
0.2435
2.7418
3.9181999999999997
3.5540000000000003
1.155
0.4991
0.1442
0.1049
0.1326
0.1493
0.1681
0.21339999999999998
0.3355
0.398
0.4405
0.5004
0.636
1.7607000000000002
2.0003
1.0439
0.8742
0.8826
1.0535
1.6587
1.6128
3.0138
3.1338999999999997
3.2277
3.1382
0.377
0.208
0.8865999999999999
1.1308
0.1615
0.0921
0.091
0.0939
0.11130000000000001
0.1002
0.2218
1.7809000000000001
0.3198
0.4439
0.7206
1.4898
1.3366
0.5215
0.37870000000000004
1.7132999999999998
2.37
2.2367
2.1803
2.0732
0.4748
0.2493
0.28390000000000004
0.5373
0.9749
0.6489
0.2783
0.2445
0.2351
0.2429
0.24659999999999999
0.3199
0.4244
1.1623
1.6528
1.87
1.4971
1.3568
1.281
1.0832000000000002
0.1297
0.174
0.1522
0.1622
0.1784
0.32909999999999995
3.1622000000000003
0.1114
0.4464
0.6956
0.572
0.0598
0.0184
0.0264
0.0122
0.0085
0.0344
0.0457
0.10880000000000001
0.21760000000000002
0.421
0.30589999999999995
0.1706
0.1193
1.186
3.5187
8.494
3.8832
0.507
0.1674
0.1095
0.1421
0.1221
0.12840000000000001
0.13190000000000002
0.1637
0.1457
0.1452
0.1552
0.173
0.15360000000000001
0.1748
0.2955
0.5353
0.2522
0.2624
0.3841
0.4413
2.7179
5.2399000000000004
0.8308
1.5803
0.0672
0.0331
0.0446
0.0072
0.035500000000000004
0.0465
0.0246
0.0706
0.0691
0.0611
0.08449999999999999
0.0771
0.050699999999999995
0.0509
0.0542
0.044899999999999995
0.0297
0.0226
0.1553
0.3282
0.6032
0.8711
2.441
2.0582000000000003
0.38959999999999995
0.40149999999999997
0.259
0.255
0.2744
0.26470000000000005
0.258
0.2724
0.2893
0.3574
0.4773
0.6286
0.5476
0.2519
0.21639999999999998
0.4114
1.5312
1.151
0.1723
0.2435
2.7418
3.9181999999999997
3.5540000000000003
1.155
0.4991
0.1442
0.1049
0.1326
0.1493
0.1681
0.21339999999999998
0.3355
0.398
0.4405
0.5004
0.636
1.7607000000000002
2.0003
1.0439
0.8742
0.8826
1.0535
1.6587
1.6128
3.0138
3.1338999999999997
3.2277
3.1382
0.377
0.208
0.8865999999999999
1.1308
0.1615
0.0921
0.091
0.0939
0.11130000000000001
0.1002
0.2218
1.7809000000000001
0.3198
0.4439
0.7206
1.4898
1.3366
0.5215
0.37870000000000004
1.7132999999999998
2.37
2.2367
2.1803
2.0732
0.4748
0.2493
0.28390000000000004
0.5373
0.9749
0.6489
0.2783
0.2445
0.2351
0.2429
0.24659999999999999
0.3199
0.4244
1.1623
1.6528
1.87
1.4971
1.3568
1.281
1.0832000000000002
0.1297
0.174
0.1522
0.1622
0.1784
0.32909999999999995
3.1622000000000003
0.1114
0.4464
0.6956
0.572
0.0598
0.0184
0.0264
0.0122
0.0085
0.0344
0.0457
0.10880000000000001
0.21760000000000002
0.421
0.30589999999999995
0.1706
0.1193
1.186
3.5187
8.494
3.8832
0.507
0.1674
0.1095
0.1421
0.1221
0.12840000000000001
0.13190000000000002
0.1637
0.1457
0.1452
0.1552
0.173
0.15360000000000001
0.1748
0.2955
0.5353
0.2522
0.2624
0.3841
0.4413
2.7179
5.2399000000000004
0.8308
1.5803
0.0672
0.0331
0.0446
0.0072
0.035500000000000004
0.0465
0.0246
0.0706
0.0691
0.0611
0.08449999999999999
0.0771
0.050699999999999995
0.0509
0.0542
0.044899999999999995
0.0297
0.0226
0.1553
0.3282
0.6032
0.8711
2.441
2.0582000000000003
0.38959999999999995
0.40149999999999997
0.259
0.255
0.2744
0.26470000000000005
0.258
0.2724
0.2893
0.3574
0.4773
0.6286
0.5476
0.2519
0.21639999999999998
0.4114
1.5312
1.151
0.1723
0.2435
2.7418
3.9181999999999997
3.5540000000000003
1.155
0.4991
0.1442
0.1049
0.1326
0.1493
0.1681
0.21339999999999998
0.3355
0.398
0.4405
0.5004
0.636
1.7607000000000002
2.0003
1.0439
0.8742
0.8826
1.0535
1.6587
1.6128
3.0138
3.1338999999999997
3.2277
3.1382
0.377
0.208
0.8865999999999999
1.1308
0.1615
0.0921
0.091
0.0939
0.11130000000000001
0.1002
0.2218
1.7809000000000001
0.3198
0.4439
0.7206
1.4898
1.3366
0.5215
0.37870000000000004
1.7132999999999998
2.37
2.2367
2.1803
2.0732
0.4748
0.2493
0.28390000000000004
0.5373
0.9749
0.6489
0.2783
0.2445
0.2351
0.2429
0.24659999999999999
0.3199
0.4244
1.1623
1.6528
1.87
1.4971
1.3568
1.281
1.0832000000000002
0.1297
0.174
0.1522
0.1622
0.1784
0.32909999999999995
3.1622000000000003
0.1114
0.4464
0.6956
0.572
0.0598
0.0184
0.0264
0.0122
0.0085
0.0344
0.0457
0.10880000000000001
0.21760000000000002
0.421
0.30589999999999995
0.1706
0.1193
1.186
3.5187
8.494
3.8832
0.507
0.1674
0.1095
0.1421
0.1221
0.12840000000000001
0.13190000000000002
0.1637
0.1457
0.1452
0.1552
0.173
0.15360000000000001
0.1748
0.2955
0.5353
0.2522
0.2624
0.3841
0.4413
0.5801000000000001
3.5903
4.0488
2.3848000000000003
0.6447
0.43310000000000004
0.3075
0.24380000000000002
0.0938
0.0412
0.0466
0.0315
0.0339
0.037099999999999994
0.0427
0.0356
0.053
0.18639999999999998
1.3
1.1029
1.0849000000000002
0.9495
0.8268
0.7459
0.1619
0.15089999999999998
0.1488
0.1476
0.1363
0.1112
0.1132
0.1666
0.0537
0.07150000000000001
0.0743
0.0775
0.0813
0.0838
0.0892
0.09209999999999999
0.0807
0.0807
0.0827
0.1748
0.2074
0.2193
0.2354
0.2082
1.393
1.6892
0.3954
0.3409
0.3077
0.2985
0.30400000000000005
0.41169999999999995
0.4558
0.5485
0.919
0.5859000000000001
0.6167
0.9410000000000001
0.9431
0.5156000000000001
0.476
0.47509999999999997
0.4555
0.4938
0.49
0.5769
0.5594
0.5085999999999999
0.0257
0.0533
0.0702
0.060399999999999995
0.0337
0.0627
0.1169
0.0171
0.0
0.0057
0.0373
0.0337
0.0245
0.0086
0.0407
0.0247
0.1358
0.0
0.0
1.5864
0.0828
0.2485
0.0669
0.0052
0.7657
0.1985
0.2325
0.1164
0.043899999999999995
0.0342
0.0329
0.0392
0.0354
0.0494
0.0463
0.042300000000000004
0.0409
0.0309
0.031100000000000003
0.0363
0.0486
0.09809999999999999
0.0648
0.0516
0.055999999999999994
0.0524
0.1058
1.2310999999999999
1.2342
2.8427999999999995
4.1518
3.0696
0.06720000000000001
0.0617
0.0378
0.0429
0.035500000000000004
0.0799
0.0697
0.0542
0.0451
0.057499999999999996
0.0516
0.0315
0.0421
0.0328
0.042499999999999996
0.1048
0.0842
0.059899999999999995
0.0487
0.0
3.4457
4.0390999999999995
3.9865999999999997
3.7807
1.7376
0.2891
0.2223
0.13019999999999998
0.11710000000000001
0.0996
0.09029999999999999
0.0964
0.1185
0.15389999999999998
0.23420000000000002
0.4458
1.1294
1.1524
1.1374
1.1137000000000001
1.1103
1.0741999999999998
1.0272000000000001
0.9333
0.5801000000000001
3.5903
4.0488
2.3848000000000003
0.6447
0.43310000000000004
0.3075
0.24380000000000002
0.0938
0.0412
0.0466
0.0315
0.0339
0.037099999999999994
0.0427
0.0356
0.053
0.18639999999999998
1.3
1.1029
1.0849000000000002
0.9495
0.8268
0.7459
0.1619
0.15089999999999998
0.1488
0.1476
0.1363
0.1112
0.1132
0.1666
0.0537
0.07150000000000001
0.0743
0.0775
0.0813
0.0838
0.0892
0.09209999999999999
0.0807
0.0807
0.0827
0.1748
0.2074
0.2193
0.2354
0.2082
1.393
1.6892
0.3954
0.3409
0.3077
0.2985
0.30400000000000005
0.41169999999999995
0.4558
0.5485
0.919
0.5859000000000001
0.6167
0.9410000000000001
0.9431
0.5156000000000001
0.476
0.47509999999999997
0.4555
0.4938
0.49
0.5769
0.5594
0.5085999999999999
0.0257
0.0533
0.0702
0.060399999999999995
0.0337
0.0627
0.1169
0.0171
0.0
0.0057
0.0373
0.0337
0.0245
0.0086
0.0407
0.0247
0.1358
0.0
0.0
1.5864
0.0828
0.2485
0.0669
0.0052
0.7657
0.1985
0.2325
0.1164
0.043899999999999995
0.0342
0.0329
0.0392
0.0354
0.0494
0.0463
0.042300000000000004
0.0409
0.0309
0.031100000000000003
0.0363
0.0486
0.09809999999999999
0.0648
0.0516
0.055999999999999994
0.0524
0.1058
1.2310999999999999
1.2342
2.8427999999999995
4.1518
3.0696
0.06720000000000001
0.0617
0.0378
0.0429
0.035500000000000004
0.0799
0.0697
0.0542
0.0451
0.057499999999999996
0.0516
0.0315
0.0421
0.0328
0.042499999999999996
0.1048
0.0842
0.059899999999999995
0.0487
0.0
3.4457
4.0390999999999995
3.9865999999999997
3.7807
1.7376
0.2891
0.2223
0.13019999999999998
0.11710000000000001
0.0996
0.09029999999999999
0.0964
0.1185
0.15389999999999998
0.23420000000000002
0.4458
1.1294
1.1524
1.1374
1.1137000000000001
1.1103
1.0741999999999998
1.0272000000000001
0.9333
0.5801000000000001
3.5903
4.0488
2.3848000000000003
0.6447
0.43310000000000004
0.3075
0.24380000000000002
0.0938
0.0412
0.0466
0.0315
0.0339
0.037099999999999994
0.0427
0.0356
0.053
0.18639999999999998
1.3
1.1029
1.0849000000000002
0.9495
0.8268
0.7459
0.1619
0.15089999999999998
0.1488
0.1476
0.1363
0.1112
0.1132
0.1666
0.0537
0.07150000000000001
0.0743
0.0775
0.0813
0.0838
0.0892
0.09209999999999999
0.0807
0.0807
0.0827
0.1748
0.2074
0.2193
0.2354
0.2082
1.393
1.6892
0.3954
0.3409
0.3077
0.2985
0.30400000000000005
0.41169999999999995
0.4558
0.5485
0.919
0.5859000000000001
0.6167
0.9410000000000001
0.9431
0.5156000000000001
0.476
0.47509999999999997
0.4555
0.4938
0.49
0.5769
0.5594
0.5085999999999999
0.0257
0.0533
0.0702
0.060399999999999995
0.0337
0.0627
0.1169
0.0171
0.0
0.0057
0.0373
0.0337
0.0245
0.0086
0.0407
0.0247
0.1358
0.0
0.0
1.5864
0.0828
0.2485
0.0669
0.0052
0.7657
0.1985
0.2325
0.1164
0.043899999999999995
0.0342
0.0329
0.0392
0.0354
0.0494
0.0463
0.042300000000000004
0.0409
0.0309
0.031100000000000003
0.0363
0.0486
0.09809999999999999
0.0648
0.0516
0.055999999999999994
0.0524
0.1058
1.2310999999999999
1.2342
2.8427999999999995
4.1518
3.0696
0.06720000000000001
0.0617
0.0378
0.0429
0.035500000000000004
0.0799
0.0697
0.0542
0.0451
0.057499999999999996
0.0516
0.0315
0.0421
0.0328
0.042499999999999996
0.1048
0.0842
0.059899999999999995
0.0487
0.0
3.4457
4.0390999999999995
3.9865999999999997
3.7807
1.7376
0.2891
0.2223
0.13019999999999998
0.11710000000000001
0.0996
0.09029999999999999
0.0964
0.1185
0.15389999999999998
0.23420000000000002
0.4458
1.1294
1.1524
1.1374
1.1137000000000001
1.1103
1.0741999999999998
1.0272000000000001
0.9333
0.5801000000000001
3.5903
4.0488
2.3848000000000003
0.6447
0.43310000000000004
0.3075
0.24380000000000002
0.0938
0.0412
0.0466
0.0315
0.0339
0.037099999999999994
0.0427
0.0356
0.053
0.18639999999999998
1.3
1.1029
1.0849000000000002
0.9495
0.8268
0.7459
0.1619
0.15089999999999998
0.1488
0.1476
0.1363
0.1112
0.1132
0.1666
0.0537
0.07150000000000001
0.0743
0.0775
0.0813
0.0838
0.0892
0.09209999999999999
0.0807
0.0807
0.0827
0.1748
0.2074
0.2193
0.2354
0.2082
1.393
1.6892
0.3954
0.3409
0.3077
0.2985
0.30400000000000005
0.41169999999999995
0.4558
0.5485
0.919
0.5859000000000001
0.6167
0.9410000000000001
0.9431
0.5156000000000001
0.476
0.47509999999999997
0.4555
0.4938
0.49
0.5769
0.5594
0.5085999999999999
0.0257
0.0533
0.0702
0.060399999999999995
0.0337
0.0627
0.1169
0.0171
0.0
0.0057
0.0373
0.0337
0.0245
0.0086
0.0407
0.0247
0.1358
0.0
0.0
1.5864
0.0828
0.2485
0.0669
0.0052
0.7657
0.1985
0.2325
0.1164
0.043899999999999995
0.0342
0.0329
0.0392
0.0354
0.0494
0.0463
0.042300000000000004
0.0409
0.0309
0.031100000000000003
0.0363
0.0486
0.09809999999999999
0.0648
0.0516
0.055999999999999994
0.0524
0.1058
1.2310999999999999
1.2342
2.8427999999999995
4.1518
3.0696
0.06720000000000001
0.0617
0.0378
0.0429
0.035500000000000004
0.0799
0.0697
0.0542
0.0451
0.057499999999999996
0.0516
0.0315
0.0421
0.0328
0.042499999999999996
0.1048
0.0842
0.059899999999999995
0.0487
0.0
3.4457
4.0390999999999995
3.9865999999999997
3.7807
1.7376
0.2891
0.2223
0.13019999999999998
0.11710000000000001
0.0996
0.09029999999999999
0.0964
0.1185
0.15389999999999998
0.23420000000000002
0.4458
1.1294
1.1524
1.1374
1.1137000000000001
1.1103
1.0741999999999998
1.0272000000000001
0.9333
0.5801000000000001
3.5903
4.0488
2.3848000000000003
0.6447
0.43310000000000004
0.3075
0.24380000000000002
0.0938
0.0412
0.0466
0.0315
0.0339
0.037099999999999994
0.0427
0.0356
0.053
0.18639999999999998
1.3
1.1029
1.0849000000000002
0.9495
0.8268
0.7459
0.1619
0.15089999999999998
0.1488
0.1476
0.1363
0.1112
0.1132
0.1666
0.0537
0.07150000000000001
0.0743
0.0775
0.0813
0.0838
0.0892
0.09209999999999999
0.0807
0.0807
0.0827
0.1748
0.2074
0.2193
0.2354
0.2082
1.393
1.6892
0.3954
0.3409
0.3077
0.2985
0.30400000000000005
0.41169999999999995
0.4558
0.5485
0.919
0.5859000000000001
0.6167
0.9410000000000001
0.9431
0.5156000000000001
0.476
0.47509999999999997
0.4555
0.4938
0.49
0.5769
0.5594
0.5085999999999999
1.0159
1.1118
0.0525
0.2016
0.0557
0.0084
0.042300000000000004
0.0198
0.0238
0.0096
0.003
0.0
0.011
0.0995
0.47700000000000004
0.0201
0.0011
0.0
0.0
0.0111
0.0
0.0
0.0
0.0
3.643
3.2496
2.0269
0.26539999999999997
0.0786
0.0636
0.0543
0.0596
0.059399999999999994
0.0548
0.0758
0.09179999999999999
0.14800000000000002
0.18309999999999998
0.28
0.1933
0.1733
0.27180000000000004
0.3083
0.4772
1.1841
0.6861999999999999
0.5611999999999999
2.8373
0.1328
0.1253
0.1235
0.1215
0.10930000000000001
0.0838
0.0713
0.0789
0.1346
0.1109
0.10389999999999999
0.1049
0.0848
0.0653
0.0701
0.07189999999999999
0.1199
0.1299
0.0993
0.12279999999999999
0.1474
0.1649
0.1921
0.1686
0.1452
0.1169
0.1173
0.12010000000000001
0.08199999999999999
0.0075
0.0195
0.0351
0.0927
0.18309999999999998
0.4739
0.5492
0.0214
0.0351
0.017
0.4953
0.6874
0.0
0.0143
0.1483
0.5166
0.7086
1.0184
1.9947000000000001
0.4587
0.8521000000000001
0.8969
0.6642
0.3328
0.28290000000000004
0.22749999999999998
0.1401
0.6302
0.6839
0.5144
0.1412
0.0771
0.0567
0.054599999999999996
0.1372
0.823
0.7631
1.3371
2.5258
2.1117999999999997
0.9609
0.7688
3.8333
1.2038
4.7822
4.2557
3.2922000000000002
1.0515
0.2677
0.30310000000000004
0.3184
0.536
0.6908000000000001
0.8387
0.5057
0.20450000000000002
0.1548
0.15200000000000002
0.2148
0.30920000000000003
0.7186
0.9909
0.8149
0.9079999999999999
1.0501
1.4091
1.2874
0.0672
0.0347
0.015
0.0164
0.026099999999999998
0.0562
0.2592
0.5017
0.2683
0.2128
0.18209999999999998
0.114
0.088
0.0302
2.0448000000000004
0.7142
0.0
0.0014
0.07250000000000001
0.1875
0.6767
0.8062
0.1122
0.1016
1.0159
1.1118
0.0525
0.2016
0.0557
0.0084
0.042300000000000004
0.0198
0.0238
0.0096
0.003
0.0
0.011
0.0995
0.47700000000000004
0.0201
0.0011
0.0
0.0
0.0111
0.0
0.0
0.0
0.0
3.643
3.2496
2.0269
0.26539999999999997
0.0786
0.0636
0.0543
0.0596
0.059399999999999994
0.0548
0.0758
0.09179999999999999
0.14800000000000002
0.18309999999999998
0.28
0.1933
0.1733
0.27180000000000004
0.3083
0.4772
1.1841
0.6861999999999999
0.5611999999999999
2.8373
0.1328
0.1253
0.1235
0.1215
0.10930000000000001
0.0838
0.0713
0.0789
0.1346
0.1109
0.10389999999999999
0.1049
0.0848
0.0653
0.0701
0.07189999999999999
0.1199
0.1299
0.0993
0.12279999999999999
0.1474
0.1649
0.1921
0.1686
0.1452
0.1169
0.1173
0.12010000000000001
0.08199999999999999
0.0075
0.0195
0.0351
0.0927
0.18309999999999998
0.4739
0.5492
0.0214
0.0351
0.017
0.4953
0.6874
0.0
0.0143
0.1483
0.5166
0.7086
1.0184
1.9947000000000001
0.4587
0.8521000000000001
0.8969
0.6642
0.3328
0.28290000000000004
0.22749999999999998
0.1401
0.6302
0.6839
0.5144
0.1412
0.0771
0.0567
0.054599999999999996
0.1372
0.823
0.7631
1.3371
2.5258
2.1117999999999997
0.9609
0.7688
3.8333
1.2038
4.7822
4.2557
3.2922000000000002
1.0515
0.2677
0.30310000000000004
0.3184
0.536
0.6908000000000001
0.8387
0.5057
0.20450000000000002
0.1548
0.15200000000000002
0.2148
0.30920000000000003
0.7186
0.9909
0.8149
0.9079999999999999
1.0501
1.4091
1.2874
0.0672
0.0347
0.015
0.0164
0.026099999999999998
0.0562
0.2592
0.5017
0.2683
0.2128
0.18209999999999998
0.114
0.088
0.0302
2.0448000000000004
0.7142
0.0
0.0014
0.07250000000000001
0.1875
0.6767
0.8062
0.1122
0.1016
1.0159
1.1118
0.0525
0.2016
0.0557
0.0084
0.042300000000000004
0.0198
0.0238
0.0096
0.003
0.0
0.011
0.0995
0.47700000000000004
0.0201
0.0011
0.0
0.0
0.0111
0.0
0.0
0.0
0.0
3.643
3.2496
2.0269
0.26539999999999997
0.0786
0.0636
0.0543
0.0596
0.059399999999999994
0.0548
0.0758
0.09179999999999999
0.14800000000000002
0.18309999999999998
0.28
0.1933
0.1733
0.27180000000000004
0.3083
0.4772
1.1841
0.6861999999999999
0.5611999999999999
2.8373
0.1328
0.1253
0.1235
0.1215
0.10930000000000001
0.0838
0.0713
0.0789
0.1346
0.1109
0.10389999999999999
0.1049
0.0848
0.0653
0.0701
0.07189999999999999
0.1199
0.1299
0.0993
0.12279999999999999
0.1474
0.1649
0.1921
0.1686
0.1452
0.1169
0.1173
0.12010000000000001
0.08199999999999999
0.0075
0.0195
0.0351
0.0927
0.18309999999999998
0.4739
0.5492
0.0214
0.0351
0.017
0.4953
0.6874
0.0
0.0143
0.1483
0.5166
0.7086
1.0184
1.9947000000000001
0.4587
0.8521000000000001
0.8969
0.6642
0.3328
0.28290000000000004
0.22749999999999998
0.1401
0.6302
0.6839
0.5144
0.1412
0.0771
0.0567
0.054599999999999996
0.1372
0.823
0.7631
1.3371
2.5258
2.1117999999999997
0.9609
0.7688
3.8333
1.2038
4.7822
4.2557
3.2922000000000002
1.0515
0.2677
0.30310000000000004
0.3184
0.536
0.6908000000000001
0.8387
0.5057
0.20450000000000002
0.1548
0.15200000000000002
0.2148
0.30920000000000003
0.7186
0.9909
0.8149
0.9079999999999999
1.0501
1.4091
1.2874
0.0672
0.0347
0.015
0.0164
0.026099999999999998
0.0562
0.2592
0.5017
0.2683
0.2128
0.18209999999999998
0.114
0.088
0.0302
2.0448000000000004
0.7142
0.0
0.0014
0.07250000000000001
0.1875
0.6767
0.8062
0.1122
0.1016
1.0159
1.1118
0.0525
0.2016
0.0557
0.0084
0.042300000000000004
0.0198
0.0238
0.0096
0.003
0.0
0.011
0.0995
0.47700000000000004
0.0201
0.0011
0.0
0.0
0.0111
0.0
0.0
0.0
0.0
3.643
3.2496
2.0269
0.26539999999999997
0.0786
0.0636
0.0543
0.0596
0.059399999999999994
0.0548
0.0758
0.09179999999999999
0.14800000000000002
0.18309999999999998
0.28
0.1933
0.1733
0.27180000000000004
0.3083
0.4772
1.1841
0.6861999999999999
0.5611999999999999
2.8373
0.1328
0.1253
0.1235
0.1215
0.10930000000000001
0.0838
0.0713
0.0789
0.1346
0.1109
0.10389999999999999
0.1049
0.0848
0.0653
0.0701
0.07189999999999999
0.1199
0.1299
0.0993
0.12279999999999999
0.1474
0.1649
0.1921
0.1686
0.1452
0.1169
0.1173
0.12010000000000001
0.08199999999999999
0.0075
0.0195
0.0351
0.0927
0.18309999999999998
0.4739
0.5492
0.0214
0.0351
0.017
0.4953
0.6874
0.0
0.0143
0.1483
0.5166
0.7086
1.0184
1.9947000000000001
0.4587
0.8521000000000001
0.8969
0.6642
0.3328
0.28290000000000004
0.22749999999999998
0.1401
0.6302
0.6839
0.5144
0.1412
0.0771
0.0567
0.054599999999999996
0.1372
0.823
0.7631
1.3371
2.5258
2.1117999999999997
0.9609
0.7688
3.8333
1.2038
4.7822
4.2557
3.2922000000000002
1.0515
0.2677
0.30310000000000004
0.3184
0.536
0.6908000000000001
0.8387
0.5057
0.20450000000000002
0.1548
0.15200000000000002
0.2148
0.30920000000000003
0.7186
0.9909
0.8149
0.9079999999999999
1.0501
1.4091
1.2874
0.0672
0.0347
0.015
0.0164
0.026099999999999998
0.0562
0.2592
0.5017
0.2683
0.2128
0.18209999999999998
0.114
0.088
0.0302
2.0448000000000004
0.7142
0.0
0.0014
0.07250000000000001
0.1875
0.6767
0.8062
0.1122
0.1016
1.0159
1.1118
0.0525
0.2016
0.0557
0.0084
0.042300000000000004
0.0198
0.0238
0.0096
0.003
0.0
0.011
0.0995
0.47700000000000004
0.0201
0.0011
0.0
0.0
0.0111
0.0
0.0
0.0
0.0
3.643
3.2496
2.0269
0.26539999999999997
0.0786
0.0636
0.0543
0.0596
0.059399999999999994
0.0548
0.0758
0.09179999999999999
0.14800000000000002
0.18309999999999998
0.28
0.1933
0.1733
0.27180000000000004
0.3083
0.4772
1.1841
0.6861999999999999
0.5611999999999999
2.8373
0.0172
0.030699999999999998
0.0532
0.0373
0.047799999999999995
0.12040000000000001
0.27969999999999995
0.32499999999999996
0.516
0.5535
0.0597
0.11349999999999999
0.09809999999999999
0.0945
2.6361999999999997
0.5921000000000001
0.9727
0.188
0.15589999999999998
0.177
0.0
0.0
0.0
0.0
0.1068
0.1611
0.118
0.0613
0.0207
0.3523
1.8227
0.4001
0.0
2.2538
0.099
0.1515
0.0727
0.08349999999999999
0.0809
0.0266
0.0412
0.3101
0.8549
0.8763000000000001
0.7225
0.0
0.0
0.0
4.5921
3.7123
3.7851
1.0486
0.0928
0.057999999999999996
0.0676
0.0973
0.093
0.11019999999999999
0.1167
0.1064
0.1191
0.09709999999999999
0.0943
0.3723
0.3079
0.0824
0.0558
0.0591
0.0681
0.1004
0.1714
0.2823
0.3244
3.1016999999999997
0.0334
0.0003
0.0
0.0174
0.0228
0.0023
0.0096
0.0035
0.0229
0.039099999999999996
0.0412
0.034
0.0572
0.0502
0.0264
0.019
0.0077
0.0137
0.0145
0.0
0.0
0.0
1.5677999999999999
0.0
0.0
0.0
0.0
0.0787
0.9477
0.0717
0.0251
0.0619
0.0754
0.06369999999999999
0.06130000000000001
0.0659
0.2574
0.37279999999999996
0.0087
0.0881
0.0843
0.0796
0.113
0.1991
0.0642
0.0586
1.7635
0.7315
0.8913
0.5294
0.1838
0.0931
0.0582
0.13119999999999998
1.6915
0.0847
0.09109999999999999
0.174
0.1382
0.0839
0.08860000000000001
0.07150000000000001
0.032799999999999996
0.0384
0.0285
0.0174
0.0514
0.0857
0.0733
0.8046
4.5912
11.705300000000001
13.5213
6.943
1.4947
0.958
2.2198
0.9499
0.3381
0.2984
0.3567
0.4174
0.5625
0.7539
1.2650000000000001
1.6982
0.4351
0.0187
0.2712
0.5248999999999999
0.4578
0.203
0.0518
0.0
0.0172
0.030699999999999998
0.0532
0.0373
0.047799999999999995
0.12040000000000001
0.27969999999999995
0.32499999999999996
0.516
0.5535
0.0597
0.11349999999999999
0.09809999999999999
0.0945
2.6361999999999997
0.5921000000000001
0.9727
0.188
0.15589999999999998
0.177
0.0
0.0
0.0
0.0
0.1068
0.1611
0.118
0.0613
0.0207
0.3523
1.8227
0.4001
0.0
2.2538
0.099
0.1515
0.0727
0.08349999999999999
0.0809
0.0266
0.0412
0.3101
0.8549
0.8763000000000001
0.7225
0.0
0.0
0.0
4.5921
3.7123
3.7851
1.0486
0.0928
0.057999999999999996
0.0676
0.0973
0.093
0.11019999999999999
0.1167
0.1064
0.1191
0.09709999999999999
0.0943
0.3723
0.3079
0.0824
0.0558
0.0591
0.0681
0.1004
0.1714
0.2823
0.3244
3.1016999999999997
0.0334
0.0003
0.0
0.0174
0.0228
0.0023
0.0096
0.0035
0.0229
0.039099999999999996
0.0412
0.034
0.0572
0.0502
0.0264
0.019
0.0077
0.0137
0.0145
0.0
0.0
0.0
1.5677999999999999
0.0
0.0
0.0
0.0
0.0787
0.9477
0.0717
0.0251
0.0619
0.0754
0.06369999999999999
0.06130000000000001
0.0659
0.2574
0.37279999999999996
0.0087
0.0881
0.0843
0.0796
0.113
0.1991
0.0642
0.0586
1.7635
0.7315
0.8913
0.5294
0.1838
0.0931
0.0582
0.13119999999999998
1.6915
0.0847
0.09109999999999999
0.174
0.1382
0.0839
0.08860000000000001
0.07150000000000001
0.032799999999999996
0.0384
0.0285
0.0174
0.0514
0.0857
0.0733
0.8046
4.5912
11.705300000000001
13.5213
6.943
1.4947
0.958
2.2198
0.9499
0.3381
0.2984
0.3567
0.4174
0.5625
0.7539
1.2650000000000001
1.6982
0.4351
0.0187
0.2712
0.5248999999999999
0.4578
0.203
0.0518
0.0
0.0172
0.030699999999999998
0.0532
0.0373
0.047799999999999995
0.12040000000000001
0.27969999999999995
0.32499999999999996
0.516
0.5535
0.0597
0.11349999999999999
0.09809999999999999
0.0945
2.6361999999999997
0.5921000000000001
0.9727
0.188
0.15589999999999998
0.177
0.0
0.0
0.0
0.0
0.1068
0.1611
0.118
0.0613
0.0207
0.3523
1.8227
0.4001
0.0
2.2538
0.099
0.1515
0.0727
0.08349999999999999
0.0809
0.0266
0.0412
0.3101
0.8549
0.8763000000000001
0.7225
0.0
0.0
0.0
4.5921
3.7123
3.7851
1.0486
0.0928
0.057999999999999996
0.0676
0.0973
0.093
0.11019999999999999
0.1167
0.1064
0.1191
0.09709999999999999
0.0943
0.3723
0.3079
0.0824
0.0558
0.0591
0.0681
0.1004
0.1714
0.2823
0.3244
3.1016999999999997
0.0334
0.0003
0.0
0.0174
0.0228
0.0023
0.0096
0.0035
0.0229
0.039099999999999996
0.0412
0.034
0.0572
0.0502
0.0264
0.019
0.0077
0.0137
0.0145
0.0
0.0
0.0
1.5677999999999999
0.0
0.0
0.0
0.0
0.0787
0.9477
0.0717
0.0251
0.0619
0.0754
0.06369999999999999
0.06130000000000001
0.0659
0.2574
0.37279999999999996
0.0087
0.0881
0.0843
0.0796
0.113
0.1991
0.0642
0.0586
1.7635
0.7315
0.8913
0.5294
0.1838
0.0931
0.0582
0.13119999999999998
1.6915
0.0847
0.09109999999999999
0.174
0.1382
0.0839
0.08860000000000001
0.07150000000000001
0.032799999999999996
0.0384
0.0285
0.0174
0.0514
0.0857
0.0733
0.8046
4.5912
11.705300000000001
13.5213
6.943
1.4947
0.958
2.2198
0.9499
0.3381
0.2984
0.3567
0.4174
0.5625
0.7539
1.2650000000000001
1.6982
0.4351
0.0187
0.2712
0.5248999999999999
0.4578
0.203
0.0518
0.0
0.0172
0.030699999999999998
0.0532
0.0373
0.047799999999999995
0.12040000000000001
0.27969999999999995
0.32499999999999996
0.516
0.5535
0.0597
0.11349999999999999
0.09809999999999999
0.0945
2.6361999999999997
0.5921000000000001
0.9727
0.188
0.15589999999999998
0.177
0.0
0.0
0.0
0.0
0.1068
0.1611
0.118
0.0613
0.0207
0.3523
1.8227
0.4001
0.0
2.2538
0.099
0.1515
0.0727
0.08349999999999999
0.0809
0.0266
0.0412
0.3101
0.8549
0.8763000000000001
0.7225
0.0
0.0
0.0
4.5921
3.7123
3.7851
1.0486
0.0928
0.057999999999999996
0.0676
0.0973
0.093
0.11019999999999999
0.1167
0.1064
0.1191
0.09709999999999999
0.0943
0.3723
0.3079
0.0824
0.0558
0.0591
0.0681
0.1004
0.1714
0.2823
0.3244
3.1016999999999997
0.0334
0.0003
0.0
0.0174
0.0228
0.0023
0.0096
0.0035
0.0229
0.039099999999999996
0.0412
0.034
0.0572
0.0502
0.0264
0.019
0.0077
0.0137
0.0145
0.0
0.0
0.0
1.5677999999999999
0.0
0.0
0.0
0.0
0.0787
0.9477
0.0717
0.0251
0.0619
0.0754
0.06369999999999999
0.06130000000000001
0.0659
0.2574
0.37279999999999996
0.0087
0.0881
0.0843
0.0796
0.113
0.1991
0.0642
0.0586
1.7635
0.7315
0.8913
0.5294
0.1838
0.0931
0.0582
0.13119999999999998
1.6915
0.0847
0.09109999999999999
0.174
0.1382
0.0839
0.08860000000000001
0.07150000000000001
0.032799999999999996
0.0384
0.0285
0.0174
0.0514
0.0857
0.0733
0.8046
4.5912
11.705300000000001
13.5213
6.943
1.4947
0.958
2.2198
0.9499
0.3381
0.2984
0.3567
0.4174
0.5625
0.7539
1.2650000000000001
1.6982
0.4351
0.0187
0.2712
0.5248999999999999
0.4578
0.203
0.0518
0.0
0.0172
0.030699999999999998
0.0532
0.0373
0.047799999999999995
0.12040000000000001
0.27969999999999995
0.32499999999999996
0.516
0.5535
0.0597
0.11349999999999999
0.09809999999999999
0.0945
2.6361999999999997
0.5921000000000001
0.9727
0.188
0.15589999999999998
0.177
0.0
0.0
0.0
0.0
0.1068
0.1611
0.118
0.0613
0.0207
0.3523
1.8227
0.4001
0.0
2.2538
0.099
0.1515
0.0727
0.08349999999999999
0.0809
0.0266
0.0412
0.3101
0.8549
0.8763000000000001
0.7225
0.0
0.0
0.0
4.5921
3.7123
3.7851
1.0486
0.0928
0.057999999999999996
0.0676
0.0973
0.093
0.11019999999999999
0.1167
0.1064
0.1191
0.09709999999999999
0.0943
0.3723
0.3079
0.0824
0.0558
0.0591
0.0681
0.1004
0.1714
0.2823
4.3134
3.9333
3.3853999999999997
2.268
0.2399
0.1451
0.0566
0.0442
0.0388
0.038599999999999995
0.0498
0.0474
0.0431
0.046200000000000005
0.0513
0.0494
0.34040000000000004
0.5549
0.30269999999999997
0.4875
0.8694
0.7834000000000001
0.3577
1.4223000000000001
0.1091
0.1057
0.0972
0.0984
0.1119
0.2913
0.1146
0.18009999999999998
0.1054
0.2469
0.0482
0.0388
0.0378
0.035
0.0484
0.0467
0.129
0.10300000000000001
0.0958
0.11330000000000001
0.1241
0.12630000000000002
0.123
0.12840000000000001
0.3826
0.3571
0.2442
0.2048
0.2134
0.2187
0.3019
0.509
0.3427
0.3417
0.3659
0.5004
0.722
0.46840000000000004
0.4374
0.8793
0.41100000000000003
0.3815
0.42310000000000003
0.47009999999999996
0.6307
1.1356000000000002
0.6688000000000001
3.1034
2.8973
2.8727
2.8396
2.8601
0.7198
0.1523
0.1293
0.1414
0.153
0.1531
0.37179999999999996
1.0077
0.2133
0.175
0.2042
0.259
0.4044
0.4255
0.4824
0.4894
0.40800000000000003
0.3019
0.2299
3.0005
1.6421999999999999
1.4558
1.3532
0.0983
0.13890000000000002
0.1664
0.2123
0.2636
0.2884
0.2989
0.3494
0.3977
0.3876
0.3732
0.3659
0.3075
0.2762
0.2108
1.0616
0.878
0.7112
0.21900000000000003
0.097
1.5217
2.1768
1.8018
0.25170000000000003
0.14300000000000002
0.18580000000000002
0.2021
0.22920000000000001
0.2596
0.2811
0.2892
0.2944
0.31020000000000003
0.3261
0.3405
0.40559999999999996
0.3627
0.3257
0.3403
1.7984
0.47929999999999995
0.39949999999999997
0.34409999999999996
0.2506
0.2589
0.1306
0.1398
0.1316
0.1572
0.16749999999999998
0.2939
0.2842
0.12990000000000002
0.10980000000000001
0.09720000000000001
0.0854
0.0665
0.0628
0.0516
0.0675
0.0742
0.1106
0.1424
0.1049
0.097
0.09870000000000001
0.1129
0.14
0.1597
4.3134
3.9333
3.3853999999999997
2.268
0.2399
0.1451
0.0566
0.0442
0.0388
0.038599999999999995
0.0498
0.0474
0.0431
0.046200000000000005
0.0513
0.0494
0.34040000000000004
0.5549
0.30269999999999997
0.4875
0.8694
0.7834000000000001
0.3577
1.4223000000000001
0.1091
0.1057
0.0972
0.0984
0.1119
0.2913
0.1146
0.18009999999999998
0.1054
0.2469
0.0482
0.0388
0.0378
0.035
0.0484
0.0467
0.129
0.10300000000000001
0.0958
0.11330000000000001
0.1241
0.12630000000000002
0.123
0.12840000000000001
0.3826
0.3571
0.2442
0.2048
0.2134
0.2187
0.3019
0.509
0.3427
0.3417
0.3659
0.5004
0.722
0.46840000000000004
0.4374
0.8793
0.41100000000000003
0.3815
0.42310000000000003
0.47009999999999996
0.6307
1.1356000000000002
0.6688000000000001
3.1034
2.8973
2.8727
2.8396
2.8601
0.7198
0.1523
0.1293
0.1414
0.153
0.1531
0.37179999999999996
1.0077
0.2133
0.175
0.2042
0.259
0.4044
0.4255
0.4824
0.4894
0.40800000000000003
0.3019
0.2299
3.0005
1.6421999999999999
1.4558
1.3532
0.0983
0.13890000000000002
0.1664
0.2123
0.2636
0.2884
0.2989
0.3494
0.3977
0.3876
0.3732
0.3659
0.3075
0.2762
0.2108
1.0616
0.878
0.7112
0.21900000000000003
0.097
1.5217
2.1768
1.8018
0.25170000000000003
0.14300000000000002
0.18580000000000002
0.2021
0.22920000000000001
0.2596
0.2811
0.2892
0.2944
0.31020000000000003
0.3261
0.3405
0.40559999999999996
0.3627
0.3257
0.3403
1.7984
0.47929999999999995
0.39949999999999997
0.34409999999999996
0.2506
0.2589
0.1306
0.1398
0.1316
0.1572
0.16749999999999998
0.2939
0.2842
0.12990000000000002
0.10980000000000001
0.09720000000000001
0.0854
0.0665
0.0628
0.0516
0.0675
0.0742
0.1106
0.1424
0.1049
0.097
0.09870000000000001
0.1129
0.14
0.1597
4.3134
3.9333
3.3853999999999997
2.268
0.2399
0.1451
0.0566
0.0442
0.0388
0.038599999999999995
0.0498
0.0474
0.0431
0.046200000000000005
0.0513
0.0494
0.34040000000000004
0.5549
0.30269999999999997
0.4875
0.8694
0.7834000000000001
0.3577
1.4223000000000001
0.1091
0.1057
0.0972
0.0984
0.1119
0.2913
0.1146
0.18009999999999998
0.1054
0.2469
0.0482
0.0388
0.0378
0.035
0.0484
0.0467
0.129
0.10300000000000001
0.0958
0.11330000000000001
0.1241
0.12630000000000002
0.123
0.12840000000000001
0.3826
0.3571
0.2442
0.2048
0.2134
0.2187
0.3019
0.509
0.3427
0.3417
0.3659
0.5004
0.722
0.46840000000000004
0.4374
0.8793
0.41100000000000003
0.3815
0.42310000000000003
0.47009999999999996
0.6307
1.1356000000000002
0.6688000000000001
3.1034
2.8973
2.8727
2.8396
2.8601
0.7198
0.1523
0.1293
0.1414
0.153
0.1531
0.37179999999999996
1.0077
0.2133
0.175
0.2042
0.259
0.4044
0.4255
0.4824
0.4894
0.40800000000000003
0.3019
0.2299
3.0005
1.6421999999999999
1.4558
1.3532
0.0983
0.13890000000000002
0.1664
0.2123
0.2636
0.2884
0.2989
0.3494
0.3977
0.3876
0.3732
0.3659
0.3075
0.2762
0.2108
1.0616
0.878
0.7112
0.21900000000000003
0.097
1.5217
2.1768
1.8018
0.25170000000000003
0.14300000000000002
0.18580000000000002
0.2021
0.22920000000000001
0.2596
0.2811
0.2892
0.2944
0.31020000000000003
0.3261
0.3405
0.40559999999999996
0.3627
0.3257
0.3403
1.7984
0.47929999999999995
0.39949999999999997
0.34409999999999996
0.2506
0.2589
0.1306
0.1398
0.1316
0.1572
0.16749999999999998
0.2939
0.2842
0.12990000000000002
0.10980000000000001
0.09720000000000001
0.0854
0.0665
0.0628
0.0516
0.0675
0.0742
0.1106
0.1424
0.1049
0.097
0.09870000000000001
0.1129
0.14
0.1597
4.3134
3.9333
3.3853999999999997
2.268
0.2399
0.1451
0.0566
0.0442
0.0388
0.038599999999999995
0.0498
0.0474
0.0431
0.046200000000000005
0.0513
0.0494
0.34040000000000004
0.5549
0.30269999999999997
0.4875
0.8694
0.7834000000000001
0.3577
1.4223000000000001
0.1091
0.1057
0.0972
0.0984
0.1119
0.2913
0.1146
0.18009999999999998
0.1054
0.2469
0.0482
0.0388
0.0378
0.035
0.0484
0.0467
0.129
0.10300000000000001
0.0958
0.11330000000000001
0.1241
0.12630000000000002
0.123
0.12840000000000001
0.3826
0.3571
0.2442
0.2048
0.2134
0.2187
0.3019
0.509
0.3427
0.3417
0.3659
0.5004
0.722
0.46840000000000004
0.4374
0.8793
0.41100000000000003
0.3815
0.42310000000000003
0.47009999999999996
0.6307
1.1356000000000002
0.6688000000000001
3.1034
2.8973
2.8727
2.8396
2.8601
0.7198
0.1523
0.1293
0.1414
0.153
0.1531
0.37179999999999996
1.0077
0.2133
0.175
0.2042
0.259
0.4044
0.4255
0.4824
0.4894
0.40800000000000003
0.3019
0.2299
3.0005
1.6421999999999999
1.4558
1.3532
0.0983
0.13890000000000002
0.1664
0.2123
0.2636
0.2884
0.2989
0.3494
0.3977
0.3876
0.3732
0.3659
0.3075
0.2762
0.2108
1.0616
0.878
0.7112
0.21900000000000003
0.097
1.5217
2.1768
1.8018
0.25170000000000003
0.14300000000000002
0.18580000000000002
0.2021
0.22920000000000001
0.2596
0.2811
0.2892
0.2944
0.31020000000000003
0.3261
0.3405
0.40559999999999996
0.3627
0.3257
0.3403
1.7984
0.47929999999999995
0.39949999999999997
0.34409999999999996
0.2506
0.2589
0.1306
0.1398
0.1316
0.1572
0.16749999999999998
0.2939
0.2842
0.12990000000000002
0.10980000000000001
0.09720000000000001
0.0854
0.0665
0.0628
0.0516
0.0675
0.0742
0.1106
0.1424
0.1049
0.097
0.09870000000000001
0.1129
0.14
0.1597
4.3134
3.9333
3.3853999999999997
2.268
0.2399
0.1451
0.0566
0.0442
0.0388
0.038599999999999995
0.0498
0.0474
0.0431
0.046200000000000005
0.0513
0.0494
0.34040000000000004
0.5549
0.30269999999999997
0.4875
0.8694
0.7834000000000001
0.3577
1.4223000000000001
0.1091
0.1057
0.0972
0.0984
0.1119
0.2913
0.1146
0.18009999999999998
0.1054
0.2469
0.0482
0.0388
0.0378
0.035
0.0484
0.0467
0.129
0.10300000000000001
0.0958
0.11330000000000001
0.1241
0.12630000000000002
0.123
0.12840000000000001
3.8828
3.7231
2.297
1.7214
0.0194
0.041800000000000004
0.0587
0.042899999999999994
0.08080000000000001
0.0673
0.047
0.039900000000000005
0.0275
0.0191
0.0231
0.0315
0.036199999999999996
0.045899999999999996
0.0529
0.0616
0.0507
0.0469
0.1131
1.9667
5.0865
5.222799999999999
4.2255
1.0469
0.0832
0.0092
0.021400000000000002
0.0407
0.032299999999999995
0.0313
0.0375
0.038900000000000004
0.0283
0.038900000000000004
0.0405
0.0369
0.045700000000000005
0.048299999999999996
0.0292
0.0012
0.0
0.211
0.8389
0.8802000000000001
0.1725
0.1684
0.1656
0.1762
0.1725
0.1698
0.1862
0.1663
0.0823
0.1022
0.09709999999999999
0.0911
0.094
0.0918
0.09789999999999999
0.1065
0.0922
0.1011
0.12
0.1261
0.1199
0.1281
0.1548
0.17220000000000002
1.2225000000000001
1.9477000000000002
3.9026
4.1971
0.9223
0.0624
0.08510000000000001
0.045399999999999996
0.0503
0.0579
0.0311
0.0558
0.0523
0.0637
0.0655
0.06420000000000001
0.06420000000000001
0.06409999999999999
0.0825
0.0451
0.0458
0.0431
0.0199
0.0
7.6731
6.9384
4.7913
0.673
0.32230000000000003
0.189
0.1271
0.15689999999999998
0.13290000000000002
0.12040000000000001
0.1234
0.1086
0.1038
0.1047
0.10170000000000001
0.1258
0.1416
0.27380000000000004
0.38249999999999995
0.4361
0.514
0.8283
1.0701
1.2065000000000001
3.1719
5.8649000000000004
4.9928
2.8198999999999996
0.8220999999999999
0.0714
0.0054
0.0132
0.0209
0.115
0.2309
0.0606
0.0492
0.0566
0.054599999999999996
0.045700000000000005
0.0374
0.0543
0.0781
0.0917
0.0852
0.4198
0.5834
0.4779
0.4003
1.8365
1.8152
1.3832
0.39580000000000004
0.165
0.06659999999999999
0.0517
0.054
0.049
0.0494
0.039400000000000004
0.0301
0.0315
0.0397
0.0461
0.032100000000000004
0.0538
0.056
0.0279
0.043
0.0155
0.32480000000000003
0.6615
3.8828
3.7231
2.297
1.7214
0.0194
0.041800000000000004
0.0587
0.042899999999999994
0.08080000000000001
0.0673
0.047
0.039900000000000005
0.0275
0.0191
0.0231
0.0315
0.036199999999999996
0.045899999999999996
0.0529
0.0616
0.0507
0.0469
0.1131
1.9667
5.0865
5.222799999999999
4.2255
1.0469
0.0832
0.0092
0.021400000000000002
0.0407
0.032299999999999995
0.0313
0.0375
0.038900000000000004
0.0283
0.038900000000000004
0.0405
0.0369
0.045700000000000005
0.048299999999999996
0.0292
0.0012
0.0
0.211
0.8389
0.8802000000000001
0.1725
0.1684
0.1656
0.1762
0.1725
0.1698
0.1862
0.1663
0.0823
0.1022
0.09709999999999999
0.0911
0.094
0.0918
0.09789999999999999
0.1065
0.0922
0.1011
0.12
0.1261
0.1199
0.1281
0.1548
0.17220000000000002
1.2225000000000001
1.9477000000000002
3.9026
4.1971
0.9223
0.0624
0.08510000000000001
0.045399999999999996
0.0503
0.0579
0.0311
0.0558
0.0523
0.0637
0.0655
0.06420000000000001
0.06420000000000001
0.06409999999999999
0.0825
0.0451
0.0458
0.0431
0.0199
0.0
7.6731
6.9384
4.7913
0.673
0.32230000000000003
0.189
0.1271
0.15689999999999998
0.13290000000000002
0.12040000000000001
0.1234
0.1086
0.1038
0.1047
0.10170000000000001
0.1258
0.1416
0.27380000000000004
0.38249999999999995
0.4361
0.514
0.8283
1.0701
1.2065000000000001
3.1719
5.8649000000000004
4.9928
2.8198999999999996
0.8220999999999999
0.0714
0.0054
0.0132
0.0209
0.115
0.2309
0.0606
0.0492
0.0566
0.054599999999999996
0.045700000000000005
0.0374
0.0543
0.0781
0.0917
0.0852
0.4198
0.5834
0.4779
0.4003
1.8365
1.8152
1.3832
0.39580000000000004
0.165
0.06659999999999999
0.0517
0.054
0.049
0.0494
0.039400000000000004
0.0301
0.0315
0.0397
0.0461
0.032100000000000004
0.0538
0.056
0.0279
0.043
0.0155
0.32480000000000003
0.6615
3.8828
3.7231
2.297
1.7214
0.0194
0.041800000000000004
0.0587
0.042899999999999994
0.08080000000000001
0.0673
0.047
0.039900000000000005
0.0275
0.0191
0.0231
0.0315
0.036199999999999996
0.045899999999999996
0.0529
0.0616
0.0507
0.0469
0.1131
1.9667
5.0865
5.222799999999999
4.2255
1.0469
0.0832
0.0092
0.021400000000000002
0.0407
0.032299999999999995
0.0313
0.0375
0.038900000000000004
0.0283
0.038900000000000004
0.0405
0.0369
0.045700000000000005
0.048299999999999996
0.0292
0.0012
0.0
0.211
0.8389
0.8802000000000001
0.1725
0.1684
0.1656
0.1762
0.1725
0.1698
0.1862
0.1663
0.0823
0.1022
0.09709999999999999
0.0911
0.094
0.0918
0.09789999999999999
0.1065
0.0922
0.1011
0.12
0.1261
0.1199
0.1281
0.1548
0.17220000000000002
1.2225000000000001
1.9477000000000002
3.9026
4.1971
0.9223
0.0624
0.08510000000000001
0.045399999999999996
0.0503
0.0579
0.0311
0.0558
0.0523
0.0637
0.0655
0.06420000000000001
0.06420000000000001
0.06409999999999999
0.0825
0.0451
0.0458
0.0431
0.0199
0.0
7.6731
6.9384
4.7913
0.673
0.32230000000000003
0.189
0.1271
0.15689999999999998
0.13290000000000002
0.12040000000000001
0.1234
0.1086
0.1038
0.1047
0.10170000000000001
0.1258
0.1416
0.27380000000000004
0.38249999999999995
0.4361
0.514
0.8283
1.0701
1.2065000000000001
3.1719
5.8649000000000004
4.9928
2.8198999999999996
0.8220999999999999
0.0714
0.0054
0.0132
0.0209
0.115
0.2309
0.0606
0.0492
0.0566
0.054599999999999996
0.045700000000000005
0.0374
0.0543
0.0781
0.0917
0.0852
0.4198
0.5834
0.4779
0.4003
1.8365
1.8152
1.3832
0.39580000000000004
0.165
0.06659999999999999
0.0517
0.054
0.049
0.0494
0.039400000000000004
0.0301
0.0315
0.0397
0.0461
0.032100000000000004
0.0538
0.056
0.0279
0.043
0.0155
0.32480000000000003
0.6615
3.8828
3.7231
2.297
1.7214
0.0194
0.041800000000000004
0.0587
0.042899999999999994
0.08080000000000001
0.0673
0.047
0.039900000000000005
0.0275
0.0191
0.0231
0.0315
0.036199999999999996
0.045899999999999996
0.0529
0.0616
0.0507
0.0469
0.1131
1.9667
5.0865
5.222799999999999
4.2255
1.0469
0.0832
0.0092
0.021400000000000002
0.0407
0.032299999999999995
0.0313
0.0375
0.038900000000000004
0.0283
0.038900000000000004
0.0405
0.0369
0.045700000000000005
0.048299999999999996
0.0292
0.0012
0.0
0.211
0.8389
0.8802000000000001
0.1725
0.1684
0.1656
0.1762
0.1725
0.1698
0.1862
0.1663
0.0823
0.1022
0.09709999999999999
0.0911
0.094
0.0918
0.09789999999999999
0.1065
0.0922
0.1011
0.12
0.1261
0.1199
0.1281
0.1548
0.17220000000000002
1.2225000000000001
1.9477000000000002
3.9026
4.1971
0.9223
0.0624
0.08510000000000001
0.045399999999999996
0.0503
0.0579
0.0311
0.0558
0.0523
0.0637
0.0655
0.06420000000000001
0.06420000000000001
0.06409999999999999
0.0825
0.0451
0.0458
0.0431
0.0199
0.0
7.6731
6.9384
4.7913
0.673
0.32230000000000003
0.189
0.1271
0.15689999999999998
0.13290000000000002
0.12040000000000001
0.1234
0.1086
0.1038
0.1047
0.10170000000000001
0.1258
0.1416
0.27380000000000004
0.38249999999999995
0.4361
0.514
0.8283
1.0701
1.2065000000000001
3.1719
5.8649000000000004
4.9928
2.8198999999999996
0.8220999999999999
0.0714
0.0054
0.0132
0.0209
0.115
0.2309
0.0606
0.0492
0.0566
0.054599999999999996
0.045700000000000005
0.0374
0.0543
0.0781
0.0917
0.0852
0.4198
0.5834
0.4779
0.4003
1.8365
1.8152
1.3832
0.39580000000000004
0.165
0.06659999999999999
0.0517
0.054
0.049
0.0494
0.039400000000000004
0.0301
0.0315
0.0397
0.0461
0.032100000000000004
0.0538
0.056
0.0279
0.043
0.0155
0.32480000000000003
0.6615
3.8828
3.7231
2.297
1.7214
0.0194
0.041800000000000004
0.0587
0.042899999999999994
0.08080000000000001
0.0673
0.047
0.039900000000000005
0.0275
0.0191
0.0231
0.0315
0.036199999999999996
0.045899999999999996
0.0529
0.0616
0.0507
0.0469
0.1131
1.9667
5.0865
5.222799999999999
4.2255
1.0469
0.0832
0.0092
0.021400000000000002
0.0407
0.032299999999999995
0.0313
0.0375
0.038900000000000004
0.0283
0.038900000000000004
0.0405
0.0369
0.045700000000000005
0.048299999999999996
0.0292
0.0012
0.0
0.211
0.8389
0.8802000000000001
0.1725
0.1684
0.1656
0.1762
0.1725
0.1698
0.1862
0.1663
0.0823
0.1022
0.09709999999999999
0.0911
0.094
0.0918
0.09789999999999999
0.1065
0.0922
0.1011
0.12
0.1261
0.1199
0.1281
0.1548
0.17220000000000002
2.6189
2.4573
1.3384999999999998
0.5457
0.3679
0.34709999999999996
0.3558
0.1782
0.132
0.0895
0.0889
0.10719999999999999
0.1091
0.1028
0.12359999999999999
0.15660000000000002
0.9098999999999999
1.4973
1.8497
0.9705999999999999
0.6075999999999999
0.5009
0.386
4.6478
0.021400000000000002
0.0222
0.020900000000000002
0.0187
0.0167
0.0219
0.021400000000000002
0.0211
0.018500000000000003
0.0216
0.022600000000000002
0.028200000000000003
0.030199999999999998
0.0267
0.0279
0.0253
0.032799999999999996
0.038
0.0242
0.0241
0.0215
0.014100000000000001
0.0162
0.0208
0.6687
1.3734
1.2694999999999999
1.4906
1.5255
0.6394
0.0342
0.0
0.0
0.0
0.0171
0.2596
0.1998
0.0071
0.0003
0.0
0.0
1.1025
1.0034
0.777
0.865
0.9398
1.0492
1.7923
0.076
0.11549999999999999
0.1211
0.19240000000000002
0.18180000000000002
0.1215
0.0031
0.0
0.0025
0.0128
0.0221
0.0154
0.0356
0.0359
0.048100000000000004
0.0221
0.0099
0.0063
0.0067
0.0644
0.1063
0.1011
0.08979999999999999
0.0886
0.054599999999999996
0.0479
0.0436
0.044300000000000006
0.0436
0.0176
0.008
0.0152
0.0277
0.012
0.015200000000000002
0.0348
0.023899999999999998
0.0375
0.0253
0.0158
0.025500000000000002
0.1149
0.1407
0.0974
0.0916
0.0883
0.1013
0.0968
0.0455
0.042800000000000005
0.0429
0.045
0.0453
0.035
0.027700000000000002
0.0233
0.010100000000000001
0.035500000000000004
0.0304
0.0329
0.028200000000000003
0.0316
0.0332
0.0327
0.032
0.0442
0.045399999999999996
0.0443
0.0356
0.0309
0.0435
0.054900000000000004
3.5271
0.1142
1.375
0.0
0.0
0.0161
0.0425
0.0
0.0189
0.011899999999999999
0.019700000000000002
0.0685
0.0538
0.0809
0.0422
0.0014
0.0907
0.154
0.0983
0.0867
0.08710000000000001
0.14500000000000002
3.0563
2.1975
2.6189
2.4573
1.3384999999999998
0.5457
0.3679
0.34709999999999996
0.3558
0.1782
0.132
0.0895
0.0889
0.10719999999999999
0.1091
0.1028
0.12359999999999999
0.15660000000000002
0.9098999999999999
1.4973
1.8497
0.9705999999999999
0.6075999999999999
0.5009
0.386
4.6478
0.021400000000000002
0.0222
0.020900000000000002
0.0187
0.0167
0.0219
0.021400000000000002
0.0211
0.018500000000000003
0.0216
0.022600000000000002
0.028200000000000003
0.030199999999999998
0.0267
0.0279
0.0253
0.032799999999999996
0.038
0.0242
0.0241
0.0215
0.014100000000000001
0.0162
0.0208
0.6687
1.3734
1.2694999999999999
1.4906
1.5255
0.6394
0.0342
0.0
0.0
0.0
0.0171
0.2596
0.1998
0.0071
0.0003
0.0
0.0
1.1025
1.0034
0.777
0.865
0.9398
1.0492
1.7923
0.076
0.11549999999999999
0.1211
0.19240000000000002
0.18180000000000002
0.1215
0.0031
0.0
0.0025
0.0128
0.0221
0.0154
0.0356
0.0359
0.048100000000000004
0.0221
0.0099
0.0063
0.0067
0.0644
0.1063
0.1011
0.08979999999999999
0.0886
0.054599999999999996
0.0479
0.0436
0.044300000000000006
0.0436
0.0176
0.008
0.0152
0.0277
0.012
0.015200000000000002
0.0348
0.023899999999999998
0.0375
0.0253
0.0158
0.025500000000000002
0.1149
0.1407
0.0974
0.0916
0.0883
0.1013
0.0968
0.0455
0.042800000000000005
0.0429
0.045
0.0453
0.035
0.027700000000000002
0.0233
0.010100000000000001
0.035500000000000004
0.0304
0.0329
0.028200000000000003
0.0316
0.0332
0.0327
0.032
0.0442
0.045399999999999996
0.0443
0.0356
0.0309
0.0435
0.054900000000000004
3.5271
0.1142
1.375
0.0
0.0
0.0161
0.0425
0.0
0.0189
0.011899999999999999
0.019700000000000002
0.0685
0.0538
0.0809
0.0422
0.0014
0.0907
0.154
0.0983
0.0867
0.08710000000000001
0.14500000000000002
3.0563
2.1975
2.6189
2.4573
1.3384999999999998
0.5457
0.3679
0.34709999999999996
0.3558
0.1782
0.132
0.0895
0.0889
0.10719999999999999
0.1091
0.1028
0.12359999999999999
0.15660000000000002
0.9098999999999999
1.4973
1.8497
0.9705999999999999
0.6075999999999999
0.5009
0.386
4.6478
0.021400000000000002
0.0222
0.020900000000000002
0.0187
0.0167
0.0219
0.021400000000000002
0.0211
0.018500000000000003
0.0216
0.022600000000000002
0.028200000000000003
0.030199999999999998
0.0267
0.0279
0.0253
0.032799999999999996
0.038
0.0242
0.0241
0.0215
0.014100000000000001
0.0162
0.0208
0.6687
1.3734
1.2694999999999999
1.4906
1.5255
0.6394
0.0342
0.0
0.0
0.0
0.0171
0.2596
0.1998
0.0071
0.0003
0.0
0.0
1.1025
1.0034
0.777
0.865
0.9398
1.0492
1.7923
0.076
0.11549999999999999
0.1211
0.19240000000000002
0.18180000000000002
0.1215
0.0031
0.0
0.0025
0.0128
0.0221
0.0154
0.0356
0.0359
0.048100000000000004
0.0221
0.0099
0.0063
0.0067
0.0644
0.1063
0.1011
0.08979999999999999
0.0886
0.054599999999999996
0.0479
0.0436
0.044300000000000006
0.0436
0.0176
0.008
0.0152
0.0277
0.012
0.015200000000000002
0.0348
0.023899999999999998
0.0375
0.0253
0.0158
0.025500000000000002
0.1149
0.1407
0.0974
0.0916
0.0883
0.1013
0.0968
0.0455
0.042800000000000005
0.0429
0.045
0.0453
0.035
0.027700000000000002
0.0233
0.010100000000000001
0.035500000000000004
0.0304
0.0329
0.028200000000000003
0.0316
0.0332
0.0327
0.032
0.0442
0.045399999999999996
0.0443
0.0356
0.0309
0.0435
0.054900000000000004
3.5271
0.1142
1.375
0.0
0.0
0.0161
0.0425
0.0
0.0189
0.011899999999999999
0.019700000000000002
0.0685
0.0538
0.0809
0.0422
0.0014
0.0907
0.154
0.0983
0.0867
0.08710000000000001
0.14500000000000002
3.0563
2.1975
2.6189
2.4573
1.3384999999999998
0.5457
0.3679
0.34709999999999996
0.3558
0.1782
0.132
0.0895
0.0889
0.10719999999999999
0.1091
0.1028
0.12359999999999999
0.15660000000000002
0.9098999999999999
1.4973
1.8497
0.9705999999999999
0.6075999999999999
0.5009
0.386
4.6478
0.021400000000000002
0.0222
0.020900000000000002
0.0187
0.0167
0.0219
0.021400000000000002
0.0211
0.018500000000000003
0.0216
0.022600000000000002
0.028200000000000003
0.030199999999999998
0.0267
0.0279
0.0253
0.032799999999999996
0.038
0.0242
0.0241
0.0215
0.014100000000000001
0.0162
0.0208
0.6687
1.3734
1.2694999999999999
1.4906
1.5255
0.6394
0.0342
0.0
0.0
0.0
0.0171
0.2596
0.1998
0.0071
0.0003
0.0
0.0
1.1025
1.0034
0.777
0.865
0.9398
1.0492
1.7923
0.076
0.11549999999999999
0.1211
0.19240000000000002
0.18180000000000002
0.1215
0.0031
0.0
0.0025
0.0128
0.0221
0.0154
0.0356
0.0359
0.048100000000000004
0.0221
0.0099
0.0063
0.0067
0.0644
0.1063
0.1011
0.08979999999999999
0.0886
0.054599999999999996
0.0479
0.0436
0.044300000000000006
0.0436
0.0176
0.008
0.0152
0.0277
0.012
0.015200000000000002
0.0348
0.023899999999999998
0.0375
0.0253
0.0158
0.025500000000000002
0.1149
0.1407
0.0974
0.0916
0.0883
0.1013
0.0968
0.0455
0.042800000000000005
0.0429
0.045
0.0453
0.035
0.027700000000000002
0.0233
0.010100000000000001
0.035500000000000004
0.0304
0.0329
0.028200000000000003
0.0316
0.0332
0.0327
0.032
0.0442
0.045399999999999996
0.0443
0.0356
0.0309
0.0435
0.054900000000000004
3.5271
0.1142
1.375
0.0
0.0
0.0161
0.0425
0.0
0.0189
0.011899999999999999
0.019700000000000002
0.0685
0.0538
0.0809
0.0422
0.0014
0.0907
0.154
0.0983
0.0867
0.08710000000000001
0.14500000000000002
3.0563
2.1975
2.6189
2.4573
1.3384999999999998
0.5457
0.3679
0.34709999999999996
0.3558
0.1782
0.132
0.0895
0.0889
0.10719999999999999
0.1091
0.1028
0.12359999999999999
0.15660000000000002
0.9098999999999999
1.4973
1.8497
0.9705999999999999
0.6075999999999999
0.5009
0.386
4.6478
0.021400000000000002
0.0222
0.020900000000000002
0.0187
0.0167
0.0219
0.021400000000000002
0.0211
0.018500000000000003
0.0216
0.022600000000000002
0.028200000000000003
0.030199999999999998
0.0267
0.0279
0.0253
0.032799999999999996
0.038
0.0242
0.0241
0.0215
0.014100000000000001
0.0162
0.0208
0.6687
1.3734
1.2694999999999999
1.4906
1.5255
0.6394
0.0342
0.0
0.0
0.0
0.0171
0.2596
0.1998
0.0071
0.0003
0.0
0.0
1.1025
1.0034
0.777
0.865
0.9398
1.0492
1.7923
0.7176
0.2566
0.261
0.14329999999999998
0.052
0.041800000000000004
0.0103
0.0029
0.0
0.0036
0.0158
0.1114
1.0142
0.0
0.0
0.0005
0.0097
0.0406
0.0567
0.5162
1.0916
0.2202
0.23320000000000002
2.0067
0.146
0.1313
0.1253
0.1254
0.1147
0.07780000000000001
0.0095
0.5765
0.0081
0.017
0.0151
0.0235
0.027700000000000002
0.022600000000000002
0.0276
0.0425
0.0574
0.129
0.2049
0.23360000000000003
0.2596
0.26749999999999996
0.252
0.202
0.003
0.0113
0.0036
0.0088
0.029900000000000003
0.0509
0.0801
0.1292
0.12969999999999998
0.0978
0.07680000000000001
0.1073
0.039900000000000005
0.0893
0.422
0.006699999999999999
0.0
0.0
0.0
0.3044
0.2138
0.1109
0.024599999999999997
0.0235
0.074
0.0435
0.1531
0.7712
0.0909
0.1267
0.1897
0.0559
0.0164
0.0543
0.060700000000000004
0.035500000000000004
0.0282
0.054400000000000004
0.066
0.0568
0.06570000000000001
0.0688
0.0516
0.10980000000000001
0.1037
0.0709
0.0561
0.0209
0.064
0.1259
0.0942
0.4091
0.065
0.1248
0.1013
0.0733
0.0297
0.0486
0.0605
0.0275
0.0587
0.0538
0.049199999999999994
0.038099999999999995
0.038599999999999995
0.0251
0.0326
0.0658
0.067
0.0592
0.0522
0.0583
0.0264
0.037599999999999995
0.0231
0.16570000000000001
0.1043
0.0079
0.08990000000000001
0.0582
0.0031
0.019
0.0695
0.0294
0.0351
0.0266
0.013399999999999999
0.0013
0.0181
0.035500000000000004
0.0112
0.0373
0.0511
0.0189
0.0177
0.0149
0.6884
0.4964
0.4452
0.9085000000000001
0.3443
1.2586
0.6428
0.6688000000000001
0.7034
0.1752
0.17909999999999998
0.262
0.2665
0.2864
0.1023
0.0
0.0
0.0
0.0
0.0095
0.0
0.0
0.0
0.0
0.7176
0.2566
0.261
0.14329999999999998
0.052
0.041800000000000004
0.0103
0.0029
0.0
0.0036
0.0158
0.1114
1.0142
0.0
0.0
0.0005
0.0097
0.0406
0.0567
0.5162
1.0916
0.2202
0.23320000000000002
2.0067
0.146
0.1313
0.1253
0.1254
0.1147
0.07780000000000001
0.0095
0.5765
0.0081
0.017
0.0151
0.0235
0.027700000000000002
0.022600000000000002
0.0276
0.0425
0.0574
0.129
0.2049
0.23360000000000003
0.2596
0.26749999999999996
0.252
0.202
0.003
0.0113
0.0036
0.0088
0.029900000000000003
0.0509
0.0801
0.1292
0.12969999999999998
0.0978
0.07680000000000001
0.1073
0.039900000000000005
0.0893
0.422
0.006699999999999999
0.0
0.0
0.0
0.3044
0.2138
0.1109
0.024599999999999997
0.0235
0.074
0.0435
0.1531
0.7712
0.0909
0.1267
0.1897
0.0559
0.0164
0.0543
0.060700000000000004
0.035500000000000004
0.0282
0.054400000000000004
0.066
0.0568
0.06570000000000001
0.0688
0.0516
0.10980000000000001
0.1037
0.0709
0.0561
0.0209
0.064
0.1259
0.0942
0.4091
0.065
0.1248
0.1013
0.0733
0.0297
0.0486
0.0605
0.0275
0.0587
0.0538
0.049199999999999994
0.038099999999999995
0.038599999999999995
0.0251
0.0326
0.0658
0.067
0.0592
0.0522
0.0583
0.0264
0.037599999999999995
0.0231
0.16570000000000001
0.1043
0.0079
0.08990000000000001
0.0582
0.0031
0.019
0.0695
0.0294
0.0351
0.0266
0.013399999999999999
0.0013
0.0181
0.035500000000000004
0.0112
0.0373
0.0511
0.0189
0.0177
0.0149
0.6884
0.4964
0.4452
0.9085000000000001
0.3443
1.2586
0.6428
0.6688000000000001
0.7034
0.1752
0.17909999999999998
0.262
0.2665
0.2864
0.1023
0.0
0.0
0.0
0.0
0.0095
0.0
0.0
0.0
0.0
0.7176
0.2566
0.261
0.14329999999999998
0.052
0.041800000000000004
0.0103
0.0029
0.0
0.0036
0.0158
0.1114
1.0142
0.0
0.0
0.0005
0.0097
0.0406
0.0567
0.5162
1.0916
0.2202
0.23320000000000002
2.0067
0.146
0.1313
0.1253
0.1254
0.1147
0.07780000000000001
0.0095
0.5765
0.0081
0.017
0.0151
0.0235
0.027700000000000002
0.022600000000000002
0.0276
0.0425
0.0574
0.129
0.2049
0.23360000000000003
0.2596
0.26749999999999996
0.252
0.202
0.003
0.0113
0.0036
0.0088
0.029900000000000003
0.0509
0.0801
0.1292
0.12969999999999998
0.0978
0.07680000000000001
0.1073
0.039900000000000005
0.0893
0.422
0.006699999999999999
0.0
0.0
0.0
0.3044
0.2138
0.1109
0.024599999999999997
0.0235
0.074
0.0435
0.1531
0.7712
0.0909
0.1267
0.1897
0.0559
0.0164
0.0543
0.060700000000000004
0.035500000000000004
0.0282
0.054400000000000004
0.066
0.0568
0.06570000000000001
0.0688
0.0516
0.10980000000000001
0.1037
0.0709
0.0561
0.0209
0.064
0.1259
0.0942
0.4091
0.065
0.1248
0.1013
0.0733
0.0297
0.0486
0.0605
0.0275
0.0587
0.0538
0.049199999999999994
0.038099999999999995
0.038599999999999995
0.0251
0.0326
0.0658
0.067
0.0592
0.0522
0.0583
0.0264
0.037599999999999995
0.0231
0.16570000000000001
0.1043
0.0079
0.08990000000000001
0.0582
0.0031
0.019
0.0695
0.0294
0.0351
0.0266
0.013399999999999999
0.0013
0.0181
0.035500000000000004
0.0112
0.0373
0.0511
0.0189
0.0177
0.0149
0.6884
0.4964
0.4452
0.9085000000000001
0.3443
1.2586
0.6428
0.6688000000000001
0.7034
0.1752
0.17909999999999998
0.262
0.2665
0.2864
0.1023
0.0
0.0
0.0
0.0
0.0095
0.0
0.0
0.0
0.0
0.7176
0.2566
0.261
0.14329999999999998
0.052
0.041800000000000004
0.0103
0.0029
0.0
0.0036
0.0158
0.1114
1.0142
0.0
0.0
0.0005
0.0097
0.0406
0.0567
0.5162
1.0916
0.2202
0.23320000000000002
2.0067
0.146
0.1313
0.1253
0.1254
0.1147
0.07780000000000001
0.0095
0.5765
0.0081
0.017
0.0151
0.0235
0.027700000000000002
0.022600000000000002
0.0276
0.0425
0.0574
0.129
0.2049
0.23360000000000003
0.2596
0.26749999999999996
0.252
0.202
0.003
0.0113
0.0036
0.0088
0.029900000000000003
0.0509
0.0801
0.1292
0.12969999999999998
0.0978
0.07680000000000001
0.1073
0.039900000000000005
0.0893
0.422
0.006699999999999999
0.0
0.0
0.0
0.3044
0.2138
0.1109
0.024599999999999997
0.0235
0.074
0.0435
0.1531
0.7712
0.0909
0.1267
0.1897
0.0559
0.0164
0.0543
0.060700000000000004
0.035500000000000004
0.0282
0.054400000000000004
0.066
0.0568
0.06570000000000001
0.0688
0.0516
0.10980000000000001
0.1037
0.0709
0.0561
0.0209
0.064
0.1259
0.0942
0.4091
0.065
0.1248
0.1013
0.0733
0.0297
0.0486
0.0605
0.0275
0.0587
0.0538
0.049199999999999994
0.038099999999999995
0.038599999999999995
0.0251
0.0326
0.0658
0.067
0.0592
0.0522
0.0583
0.0264
0.037599999999999995
0.0231
0.16570000000000001
0.1043
0.0079
0.08990000000000001
0.0582
0.0031
0.019
0.0695
0.0294
0.0351
0.0266
0.013399999999999999
0.0013
0.0181
0.035500000000000004
0.0112
0.0373
0.0511
0.0189
0.0177
0.0149
0.6884
0.4964
0.4452
0.9085000000000001
0.3443
1.2586
0.6428
0.6688000000000001
0.7034
0.1752
0.17909999999999998
0.262
0.2665
0.2864
0.1023
0.0
0.0
0.0
0.0
0.0095
0.0
0.0
0.0
0.0
0.7176
0.2566
0.261
0.14329999999999998
0.052
0.041800000000000004
0.0103
0.0029
0.0
0.0036
0.0158
0.1114
1.0142
0.0
0.0
0.0005
0.0097
0.0406
0.0567
0.5162
1.0916
0.2202
0.23320000000000002
2.0067
0.146
0.1313
0.1253
0.1254
0.1147
0.07780000000000001
0.0095
0.5765
0.0081
0.017
0.0151
0.0235
0.027700000000000002
0.022600000000000002
0.0276
0.0425
0.0574
0.129
0.2049
0.23360000000000003
0.2596
0.26749999999999996
0.252
0.202
3.5696000000000003
0.8332999999999999
1.147
0.5269999999999999
0.1114
0.1032
0.088
0.0801
0.0877
0.0713
0.0569
0.0397
0.041
0.040400000000000005
0.0436
0.0443
0.051199999999999996
0.06029999999999999
0.0914
0.2271
2.1133
0.4203
0.2509
3.3970000000000002
1.7255
1.9116
2.1816
2.2573
2.1727
1.8209
2.807
5.706799999999999
0.0059
0.4652
0.3421
0.1865
0.054900000000000004
0.0215
0.0043
0.048
0.0
0.0
0.0564
0.0
2.0568
3.8384
9.725999999999999
4.5253
4.1205
0.5199
2.1226000000000003
1.3011
0.3907
0.3954
0.4
0.1239
0.1055
0.0655
0.11710000000000001
0.0993
0.1139
0.1182
0.1318
0.2011
0.4301
3.5014
4.1515
4.4686
2.8865999999999996
1.6643
1.6023999999999998
8.7028
1.6273
1.5271
1.3969
1.3435000000000001
1.4110999999999998
1.44
1.1795
0.8326
0.5416
0.1865
0.0936
0.08299999999999999
0.0963
0.0645
0.053000000000000005
0.2613
2.3722000000000003
1.6113
0.5524
0.46209999999999996
0.4831
0.508
0.7141
1.1848
3.0964
3.0052000000000003
2.9703999999999997
2.9124999999999996
0.6911999999999999
0.1396
0.1829
0.3274
0.6896
0.6603
0.43490000000000006
0.1789
0.17020000000000002
0.1486
0.1463
0.1751
0.2084
0.4799
1.5142
0.8839999999999999
1.4937999999999998
2.6129
2.5102
2.5838
4.4542
6.7079
7.6966
7.2596
0.5005
0.23049999999999998
0.2249
0.2953
0.3433
0.3512
0.3316
0.2621
0.2182
0.1755
0.1473
0.1426
0.1479
0.3645
0.37
0.27280000000000004
0.2869
0.2767
0.2237
0.19190000000000002
0.6875
2.2098
3.633
1.9484
1.8858
1.0048
0.0308
0.0091
0.0327
0.0508
0.0781
0.0722
0.08199999999999999
0.0915
0.076
0.0269
0.0
0.0
0.9381999999999999
0.4088
0.7407
0.8576
0.3285
0.33330000000000004
3.5696000000000003
0.8332999999999999
1.147
0.5269999999999999
0.1114
0.1032
0.088
0.0801
0.0877
0.0713
0.0569
0.0397
0.041
0.040400000000000005
0.0436
0.0443
0.051199999999999996
0.06029999999999999
0.0914
0.2271
2.1133
0.4203
0.2509
3.3970000000000002
1.7255
1.9116
2.1816
2.2573
2.1727
1.8209
2.807
5.706799999999999
0.0059
0.4652
0.3421
0.1865
0.054900000000000004
0.0215
0.0043
0.048
0.0
0.0
0.0564
0.0
2.0568
3.8384
9.725999999999999
4.5253
4.1205
0.5199
2.1226000000000003
1.3011
0.3907
0.3954
0.4
0.1239
0.1055
0.0655
0.11710000000000001
0.0993
0.1139
0.1182
0.1318
0.2011
0.4301
3.5014
4.1515
4.4686
2.8865999999999996
1.6643
1.6023999999999998
8.7028
1.6273
1.5271
1.3969
1.3435000000000001
1.4110999999999998
1.44
1.1795
0.8326
0.5416
0.1865
0.0936
0.08299999999999999
0.0963
0.0645
0.053000000000000005
0.2613
2.3722000000000003
1.6113
0.5524
0.46209999999999996
0.4831
0.508
0.7141
1.1848
3.0964
3.0052000000000003
2.9703999999999997
2.9124999999999996
0.6911999999999999
0.1396
0.1829
0.3274
0.6896
0.6603
0.43490000000000006
0.1789
0.17020000000000002
0.1486
0.1463
0.1751
0.2084
0.4799
1.5142
0.8839999999999999
1.4937999999999998
2.6129
2.5102
2.5838
4.4542
6.7079
7.6966
7.2596
0.5005
0.23049999999999998
0.2249
0.2953
0.3433
0.3512
0.3316
0.2621
0.2182
0.1755
0.1473
0.1426
0.1479
0.3645
0.37
0.27280000000000004
0.2869
0.2767
0.2237
0.19190000000000002
0.6875
2.2098
3.633
1.9484
1.8858
1.0048
0.0308
0.0091
0.0327
0.0508
0.0781
0.0722
0.08199999999999999
0.0915
0.076
0.0269
0.0
0.0
0.9381999999999999
0.4088
0.7407
0.8576
0.3285
0.33330000000000004
3.5696000000000003
0.8332999999999999
1.147
0.5269999999999999
0.1114
0.1032
0.088
0.0801
0.0877
0.0713
0.0569
0.0397
0.041
0.040400000000000005
0.0436
0.0443
0.051199999999999996
0.06029999999999999
0.0914
0.2271
2.1133
0.4203
0.2509
3.3970000000000002
1.7255
1.9116
2.1816
2.2573
2.1727
1.8209
2.807
5.706799999999999
0.0059
0.4652
0.3421
0.1865
0.054900000000000004
0.0215
0.0043
0.048
0.0
0.0
0.0564
0.0
2.0568
3.8384
9.725999999999999
4.5253
4.1205
0.5199
2.1226000000000003
1.3011
0.3907
0.3954
0.4
0.1239
0.1055
0.0655
0.11710000000000001
0.0993
0.1139
0.1182
0.1318
0.2011
0.4301
3.5014
4.1515
4.4686
2.8865999999999996
1.6643
1.6023999999999998
8.7028
1.6273
1.5271
1.3969
1.3435000000000001
1.4110999999999998
1.44
1.1795
0.8326
0.5416
0.1865
0.0936
0.08299999999999999
0.0963
0.0645
0.053000000000000005
0.2613
2.3722000000000003
1.6113
0.5524
0.46209999999999996
0.4831
0.508
0.7141
1.1848
3.0964
3.0052000000000003
2.9703999999999997
2.9124999999999996
0.6911999999999999
0.1396
0.1829
0.3274
0.6896
0.6603
0.43490000000000006
0.1789
0.17020000000000002
0.1486
0.1463
0.1751
0.2084
0.4799
1.5142
0.8839999999999999
1.4937999999999998
2.6129
2.5102
2.5838
4.4542
6.7079
7.6966
7.2596
0.5005
0.23049999999999998
0.2249
0.2953
0.3433
0.3512
0.3316
0.2621
0.2182
0.1755
0.1473
0.1426
0.1479
0.3645
0.37
0.27280000000000004
0.2869
0.2767
0.2237
0.19190000000000002
0.6875
2.2098
3.633
1.9484
1.8858
1.0048
0.0308
0.0091
0.0327
0.0508
0.0781
0.0722
0.08199999999999999
0.0915
0.076
0.0269
0.0
0.0
0.9381999999999999
0.4088
0.7407
0.8576
0.3285
0.33330000000000004
3.5696000000000003
0.8332999999999999
1.147
0.5269999999999999
0.1114
0.1032
0.088
0.0801
0.0877
0.0713
0.0569
0.0397
0.041
0.040400000000000005
0.0436
0.0443
0.051199999999999996
0.06029999999999999
0.0914
0.2271
2.1133
0.4203
0.2509
3.3970000000000002
1.7255
1.9116
2.1816
2.2573
2.1727
1.8209
2.807
5.706799999999999
0.0059
0.4652
0.3421
0.1865
0.054900000000000004
0.0215
0.0043
0.048
0.0
0.0
0.0564
0.0
2.0568
3.8384
9.725999999999999
4.5253
4.1205
0.5199
2.1226000000000003
1.3011
0.3907
0.3954
0.4
0.1239
0.1055
0.0655
0.11710000000000001
0.0993
0.1139
0.1182
0.1318
0.2011
0.4301
3.5014
4.1515
4.4686
2.8865999999999996
1.6643
1.6023999999999998
8.7028
1.6273
1.5271
1.3969
1.3435000000000001
1.4110999999999998
1.44
1.1795
0.8326
0.5416
0.1865
0.0936
0.08299999999999999
0.0963
0.0645
0.053000000000000005
0.2613
2.3722000000000003
1.6113
0.5524
0.46209999999999996
0.4831
0.508
0.7141
1.1848
3.0964
3.0052000000000003
2.9703999999999997
2.9124999999999996
0.6911999999999999
0.1396
0.1829
0.3274
0.6896
0.6603
0.43490000000000006
0.1789
0.17020000000000002
0.1486
0.1463
0.1751
0.2084
0.4799
1.5142
0.8839999999999999
1.4937999999999998
2.6129
2.5102
2.5838
4.4542
6.7079
7.6966
7.2596
0.5005
0.23049999999999998
0.2249
0.2953
0.3433
0.3512
0.3316
0.2621
0.2182
0.1755
0.1473
0.1426
0.1479
0.3645
0.37
0.27280000000000004
0.2869
0.2767
0.2237
0.19190000000000002
0.6875
2.2098
3.633
1.9484
1.8858
1.0048
0.0308
0.0091
0.0327
0.0508
0.0781
0.0722
0.08199999999999999
0.0915
0.076
0.0269
0.0
0.0
0.9381999999999999
0.4088
0.7407
0.8576
0.3285
0.33330000000000004
3.5696000000000003
0.8332999999999999
1.147
0.5269999999999999
0.1114
0.1032
0.088
0.0801
0.0877
0.0713
0.0569
0.0397
0.041
0.040400000000000005
0.0436
0.0443
0.051199999999999996
0.06029999999999999
0.0914
0.2271
2.1133
0.4203
0.2509
3.3970000000000002
1.7255
1.9116
2.1816
2.2573
2.1727
1.8209
2.807
5.706799999999999
0.0059
0.4652
0.3421
0.1865
0.054900000000000004
0.0215
0.0043
0.048
0.0
0.0
0.0564
0.0
2.0568
3.8384
9.725999999999999
4.5253
4.1205
0.5199
2.1226000000000003
1.3011
0.3907
0.3954
0.4
0.1239
0.1055
0.0655
0.11710000000000001
0.0993
0.1139
0.1182
0.1318
0.2011
0.4301
3.5014
4.1515
4.4686
2.8865999999999996
1.6643
1.6023999999999998
8.7028
0.032799999999999996
0.0402
0.0188
0.0391
0.041999999999999996
0.0
0.0
0.727
1.1156
1.6196
0.062099999999999995
0.0889
0.0698
0.057999999999999996
0.0501
0.1364
0.20439999999999997
0.1898
0.0842
0.0
0.0
0.0188
0.0291
0.1041
0.7286
3.4516999999999998
7.1283
1.452
0.0181
0.0046
0.6224000000000001
0.0302
0.2603
0.14400000000000002
0.1219
0.1656
0.1764
0.1791
0.181
0.1324
0.0643
0.056900000000000006
0.076
0.0987
0.0446
0.0382
0.0417
0.012
0.5759
0.089
1.4452
0.3185
0.0094
0.051199999999999996
0.052500000000000005
0.0306
0.0233
0.0614
0.031200000000000002
0.0174
0.0108
0.0363
0.0421
0.0463
0.0432
0.0658
0.0645
0.056400000000000006
0.047799999999999995
0.0647
0.0358
0.0
2.6532999999999998
4.9796
3.8912
0.6371
0.4029
0.3366
0.5332
2.2342
0.2881
0.0896
0.0597
0.0562
0.0593
0.0556
0.1072
0.5965
0.2151
0.32830000000000004
0.49639999999999995
0.6623
0.9657
1.0045
1.0539
0.9108
0.8228
0.8152999999999999
0.6789000000000001
0.49839999999999995
0.4643
0.37260000000000004
3.4117
2.83
0.32730000000000004
0.6858
2.2583
3.1193
0.0
0.0
0.0057
0.0554
0.07919999999999999
0.1867
0.2968
0.35409999999999997
1.8069000000000002
0.9541999999999999
0.1506
0.4925
3.0013
3.0002
3.0080999999999998
2.6235999999999997
0.615
0.5813
0.7276
1.4585
1.6238000000000001
1.1751
0.6399999999999999
0.4788
0.45709999999999995
0.4505
0.4465
0.497
0.5494
0.6219
1.4197000000000002
1.013
0.9774
1.1042
1.2337
1.4106999999999998
2.6277
4.031499999999999
1.0829
0.1323
0.1201
0.11019999999999999
0.0615
0.0228
0.0
0.0
0.0057
0.2217
0.5755
0.0279
0.0275
0.0183
0.0137
0.0389
0.0126
0.0228
0.0358
0.154
0.2932
0.2838
0.032799999999999996
0.0402
0.0188
0.0391
0.041999999999999996
0.0
0.0
0.727
1.1156
1.6196
0.062099999999999995
0.0889
0.0698
0.057999999999999996
0.0501
0.1364
0.20439999999999997
0.1898
0.0842
0.0
0.0
0.0188
0.0291
0.1041
0.7286
3.4516999999999998
7.1283
1.452
0.0181
0.0046
0.6224000000000001
0.0302
0.2603
0.14400000000000002
0.1219
0.1656
0.1764
0.1791
0.181
0.1324
0.0643
0.056900000000000006
0.076
0.0987
0.0446
0.0382
0.0417
0.012
0.5759
0.089
1.4452
0.3185
0.0094
0.051199999999999996
0.052500000000000005
0.0306
0.0233
0.0614
0.031200000000000002
0.0174
0.0108
0.0363
0.0421
0.0463
0.0432
0.0658
0.0645
0.056400000000000006
0.047799999999999995
0.0647
0.0358
0.0
2.6532999999999998
4.9796
3.8912
0.6371
0.4029
0.3366
0.5332
2.2342
0.2881
0.0896
0.0597
0.0562
0.0593
0.0556
0.1072
0.5965
0.2151
0.32830000000000004
0.49639999999999995
0.6623
0.9657
1.0045
1.0539
0.9108
0.8228
0.8152999999999999
0.6789000000000001
0.49839999999999995
0.4643
0.37260000000000004
3.4117
2.83
0.32730000000000004
0.6858
2.2583
3.1193
0.0
0.0
0.0057
0.0554
0.07919999999999999
0.1867
0.2968
0.35409999999999997
1.8069000000000002
0.9541999999999999
0.1506
0.4925
3.0013
3.0002
3.0080999999999998
2.6235999999999997
0.615
0.5813
0.7276
1.4585
1.6238000000000001
1.1751
0.6399999999999999
0.4788
0.45709999999999995
0.4505
0.4465
0.497
0.5494
0.6219
1.4197000000000002
1.013
0.9774
1.1042
1.2337
1.4106999999999998
2.6277
4.031499999999999
1.0829
0.1323
0.1201
0.11019999999999999
0.0615
0.0228
0.0
0.0
0.0057
0.2217
0.5755
0.0279
0.0275
0.0183
0.0137
0.0389
0.0126
0.0228
0.0358
0.154
0.2932
0.2838
0.032799999999999996
0.0402
0.0188
0.0391
0.041999999999999996
0.0
0.0
0.727
1.1156
1.6196
0.062099999999999995
0.0889
0.0698
0.057999999999999996
0.0501
0.1364
0.20439999999999997
0.1898
0.0842
0.0
0.0
0.0188
0.0291
0.1041
0.7286
3.4516999999999998
7.1283
1.452
0.0181
0.0046
0.6224000000000001
0.0302
0.2603
0.14400000000000002
0.1219
0.1656
0.1764
0.1791
0.181
0.1324
0.0643
0.056900000000000006
0.076
0.0987
0.0446
0.0382
0.0417
0.012
0.5759
0.089
1.4452
0.3185
0.0094
0.051199999999999996
0.052500000000000005
0.0306
0.0233
0.0614
0.031200000000000002
0.0174
0.0108
0.0363
0.0421
0.0463
0.0432
0.0658
0.0645
0.056400000000000006
0.047799999999999995
0.0647
0.0358
0.0
2.6532999999999998
4.9796
3.8912
0.6371
0.4029
0.3366
0.5332
2.2342
0.2881
0.0896
0.0597
0.0562
0.0593
0.0556
0.1072
0.5965
0.2151
0.32830000000000004
0.49639999999999995
0.6623
0.9657
1.0045
1.0539
0.9108
0.8228
0.8152999999999999
0.6789000000000001
0.49839999999999995
0.4643
0.37260000000000004
3.4117
2.83
0.32730000000000004
0.6858
2.2583
3.1193
0.0
0.0
0.0057
0.0554
0.07919999999999999
0.1867
0.2968
0.35409999999999997
1.8069000000000002
0.9541999999999999
0.1506
0.4925
3.0013
3.0002
3.0080999999999998
2.6235999999999997
0.615
0.5813
0.7276
1.4585
1.6238000000000001
1.1751
0.6399999999999999
0.4788
0.45709999999999995
0.4505
0.4465
0.497
0.5494
0.6219
1.4197000000000002
1.013
0.9774
1.1042
1.2337
1.4106999999999998
2.6277
4.031499999999999
1.0829
0.1323
0.1201
0.11019999999999999
0.0615
0.0228
0.0
0.0
0.0057
0.2217
0.5755
0.0279
0.0275
0.0183
0.0137
0.0389
0.0126
0.0228
0.0358
0.154
0.2932
0.2838
0.032799999999999996
0.0402
0.0188
0.0391
0.041999999999999996
0.0
0.0
0.727
1.1156
1.6196
0.062099999999999995
0.0889
0.0698
0.057999999999999996
0.0501
0.1364
0.20439999999999997
0.1898
0.0842
0.0
0.0
0.0188
0.0291
0.1041
0.7286
3.4516999999999998
7.1283
1.452
0.0181
0.0046
0.6224000000000001
0.0302
0.2603
0.14400000000000002
0.1219
0.1656
0.1764
0.1791
0.181
0.1324
0.0643
0.056900000000000006
0.076
0.0987
0.0446
0.0382
0.0417
0.012
0.5759
0.089
1.4452
0.3185
0.0094
0.051199999999999996
0.052500000000000005
0.0306
0.0233
0.0614
0.031200000000000002
0.0174
0.0108
0.0363
0.0421
0.0463
0.0432
0.0658
0.0645
0.056400000000000006
0.047799999999999995
0.0647
0.0358
0.0
2.6532999999999998
4.9796
3.8912
0.6371
0.4029
0.3366
0.5332
2.2342
0.2881
0.0896
0.0597
0.0562
0.0593
0.0556
0.1072
0.5965
0.2151
0.32830000000000004
0.49639999999999995
0.6623
0.9657
1.0045
1.0539
0.9108
0.8228
0.8152999999999999
0.6789000000000001
0.49839999999999995
0.4643
0.37260000000000004
3.4117
2.83
0.32730000000000004
0.6858
2.2583
3.1193
0.0
0.0
0.0057
0.0554
0.07919999999999999
0.1867
0.2968
0.35409999999999997
1.8069000000000002
0.9541999999999999
0.1506
0.4925
3.0013
3.0002
3.0080999999999998
2.6235999999999997
0.615
0.5813
0.7276
1.4585
1.6238000000000001
1.1751
0.6399999999999999
0.4788
0.45709999999999995
0.4505
0.4465
0.497
0.5494
0.6219
1.4197000000000002
1.013
0.9774
1.1042
1.2337
1.4106999999999998
2.6277
4.031499999999999
1.0829
0.1323
0.1201
0.11019999999999999
0.0615
0.0228
0.0
0.0
0.0057
0.2217
0.5755
0.0279
0.0275
0.0183
0.0137
0.0389
0.0126
0.0228
0.0358
0.154
0.2932
0.2838
0.032799999999999996
0.0402
0.0188
0.0391
0.041999999999999996
0.0
0.0
0.727
1.1156
1.6196
0.062099999999999995
0.0889
0.0698
0.057999999999999996
0.0501
0.1364
0.20439999999999997
0.1898
0.0842
0.0
0.0
0.0188
0.0291
0.1041
0.7286
3.4516999999999998
7.1283
1.452
0.0181
0.0046
0.6224000000000001
0.0302
0.2603
0.14400000000000002
0.1219
0.1656
0.1764
0.1791
0.181
0.1324
0.0643
0.056900000000000006
0.076
0.0987
0.0446
0.0382
0.0417
0.012
0.7208
0.0366
0.0527
0.0563
0.0463
0.0527
0.0567
0.055099999999999996
0.0533
0.055900000000000005
0.041999999999999996
0.0466
0.0392
0.0345
0.0369
0.0411
0.0361
0.1762
0.0419
0.0393
0.053599999999999995
0.058300000000000005
0.11829999999999999
1.2779
0.1427
0.1408
0.09459999999999999
0.0773
0.1255
0.1431
0.1614
0.0302
0.0566
0.4369
1.8953
1.7641
0.2122
0.0
3.2638000000000003
0.0
0.011
0.0662
0.0377
0.0
0.9075
1.5195
0.37029999999999996
0.2449
0.006
0.029699999999999997
0.0351
0.0319
0.009600000000000001
0.0248
0.11979999999999999
0.0674
0.0239
0.0058
0.049600000000000005
0.0391
0.0017
1.5207
0.0075
0.0085
0.6289
0.0
1.4354
0.0
0.0
0.0
0.0
0.0
0.19419999999999998
0.6152
2.0392
1.6846999999999999
1.717
1.1147
1.725
0.007
0.0663
0.0635
0.0611
0.053099999999999994
0.062200000000000005
0.0466
0.033299999999999996
0.0129
0.0045
0.0234
1.6678000000000002
0.5675
0.0
0.0
0.0
0.0033
0.1308
0.075
0.054
0.6807
0.5457
0.0
0.0034
0.0008
0.0
0.0
0.2379
2.2786
0.3747
0.0
0.0
0.0
0.0389
1.5336999999999998
0.27349999999999997
0.0266
0.031200000000000002
0.0129
0.033299999999999996
0.0393
1.7136
0.5757
0.2502
0.19669999999999999
0.2928
0.7884
0.6544
0.21789999999999998
0.1037
0.098
0.0827
0.0658
0.047700000000000006
0.0467
0.0455
0.0013
0.0104
1.1516
0.0227
0.034
0.0824
0.1764
0.5159
1.3146
0.44780000000000003
0.1642
0.1395
0.1495
0.1666
0.1933
0.2545
0.2843
0.21860000000000002
0.1834
0.17909999999999998
0.162
0.17930000000000001
1.369
1.1839
0.8513999999999999
1.3268
1.7493
2.5781
4.1396999999999995
4.648
2.5753
1.0935
2.6212
0.7208
0.0366
0.0527
0.0563
0.0463
0.0527
0.0567
0.055099999999999996
0.0533
0.055900000000000005
0.041999999999999996
0.0466
0.0392
0.0345
0.0369
0.0411
0.0361
0.1762
0.0419
0.0393
0.053599999999999995
0.058300000000000005
0.11829999999999999
1.2779
0.1427
0.1408
0.09459999999999999
0.0773
0.1255
0.1431
0.1614
0.0302
0.0566
0.4369
1.8953
1.7641
0.2122
0.0
3.2638000000000003
0.0
0.011
0.0662
0.0377
0.0
0.9075
1.5195
0.37029999999999996
0.2449
0.006
0.029699999999999997
0.0351
0.0319
0.009600000000000001
0.0248
0.11979999999999999
0.0674
0.0239
0.0058
0.049600000000000005
0.0391
0.0017
1.5207
0.0075
0.0085
0.6289
0.0
1.4354
0.0
0.0
0.0
0.0
0.0
0.19419999999999998
0.6152
2.0392
1.6846999999999999
1.717
1.1147
1.725
0.007
0.0663
0.0635
0.0611
0.053099999999999994
0.062200000000000005
0.0466
0.033299999999999996
0.0129
0.0045
0.0234
1.6678000000000002
0.5675
0.0
0.0
0.0
0.0033
0.1308
0.075
0.054
0.6807
0.5457
0.0
0.0034
0.0008
0.0
0.0
0.2379
2.2786
0.3747
0.0
0.0
0.0
0.0389
1.5336999999999998
0.27349999999999997
0.0266
0.031200000000000002
0.0129
0.033299999999999996
0.0393
1.7136
0.5757
0.2502
0.19669999999999999
0.2928
0.7884
0.6544
0.21789999999999998
0.1037
0.098
0.0827
0.0658
0.047700000000000006
0.0467
0.0455
0.0013
0.0104
1.1516
0.0227
0.034
0.0824
0.1764
0.5159
1.3146
0.44780000000000003
0.1642
0.1395
0.1495
0.1666
0.1933
0.2545
0.2843
0.21860000000000002
0.1834
0.17909999999999998
0.162
0.17930000000000001
1.369
1.1839
0.8513999999999999
1.3268
1.7493
2.5781
4.1396999999999995
4.648
2.5753
1.0935
2.6212
0.7208
0.0366
0.0527
0.0563
0.0463
0.0527
0.0567
0.055099999999999996
0.0533
0.055900000000000005
0.041999999999999996
0.0466
0.0392
0.0345
0.0369
0.0411
0.0361
0.1762
0.0419
0.0393
0.053599999999999995
0.058300000000000005
0.11829999999999999
1.2779
0.1427
0.1408
0.09459999999999999
0.0773
0.1255
0.1431
0.1614
0.0302
0.0566
0.4369
1.8953
1.7641
0.2122
0.0
3.2638000000000003
0.0
0.011
0.0662
0.0377
0.0
0.9075
1.5195
0.37029999999999996
0.2449
0.006
0.029699999999999997
0.0351
0.0319
0.009600000000000001
0.0248
0.11979999999999999
0.0674
0.0239
0.0058
0.049600000000000005
0.0391
0.0017
1.5207
0.0075
0.0085
0.6289
0.0
1.4354
0.0
0.0
0.0
0.0
0.0
0.19419999999999998
0.6152
2.0392
1.6846999999999999
1.717
1.1147
1.725
0.007
0.0663
0.0635
0.0611
0.053099999999999994
0.062200000000000005
0.0466
0.033299999999999996
0.0129
0.0045
0.0234
1.6678000000000002
0.5675
0.0
0.0
0.0
0.0033
0.1308
0.075
0.054
0.6807
0.5457
0.0
0.0034
0.0008
0.0
0.0
0.2379
2.2786
0.3747
0.0
0.0
0.0
0.0389
1.5336999999999998
0.27349999999999997
0.0266
0.031200000000000002
0.0129
0.033299999999999996
0.0393
1.7136
0.5757
0.2502
0.19669999999999999
0.2928
0.7884
0.6544
0.21789999999999998
0.1037
0.098
0.0827
0.0658
0.047700000000000006
0.0467
0.0455
0.0013
0.0104
1.1516
0.0227
0.034
0.0824
0.1764
0.5159
1.3146
0.44780000000000003
0.1642
0.1395
0.1495
0.1666
0.1933
0.2545
0.2843
0.21860000000000002
0.1834
0.17909999999999998
0.162
0.17930000000000001
1.369
1.1839
0.8513999999999999
1.3268
1.7493
2.5781
4.1396999999999995
4.648
2.5753
1.0935
2.6212
0.7208
0.0366
0.0527
0.0563
0.0463
0.0527
0.0567
0.055099999999999996
0.0533
0.055900000000000005
0.041999999999999996
0.0466
0.0392
0.0345
0.0369
0.0411
0.0361
0.1762
0.0419
0.0393
0.053599999999999995
0.058300000000000005
0.11829999999999999
1.2779
0.1427
0.1408
0.09459999999999999
0.0773
0.1255
0.1431
0.1614
0.0302
0.0566
0.4369
1.8953
1.7641
0.2122
0.0
3.2638000000000003
0.0
0.011
0.0662
0.0377
0.0
0.9075
1.5195
0.37029999999999996
0.2449
0.006
0.029699999999999997
0.0351
0.0319
0.009600000000000001
0.0248
0.11979999999999999
0.0674
0.0239
0.0058
0.049600000000000005
0.0391
0.0017
1.5207
0.0075
0.0085
0.6289
0.0
1.4354
0.0
0.0
0.0
0.0
0.0
0.19419999999999998
0.6152
2.0392
1.6846999999999999
1.717
1.1147
1.725
0.007
0.0663
0.0635
0.0611
0.053099999999999994
0.062200000000000005
0.0466
0.033299999999999996
0.0129
0.0045
0.0234
1.6678000000000002
0.5675
0.0
0.0
0.0
0.0033
0.1308
0.075
0.054
0.6807
0.5457
0.0
0.0034
0.0008
0.0
0.0
0.2379
2.2786
0.3747
0.0
0.0
0.0
0.0389
1.5336999999999998
0.27349999999999997
0.0266
0.031200000000000002
0.0129
0.033299999999999996
0.0393
1.7136
0.5757
0.2502
0.19669999999999999
0.2928
0.7884
0.6544
0.21789999999999998
0.1037
0.098
0.0827
0.0658
0.047700000000000006
0.0467
0.0455
0.0013
0.0104
1.1516
0.0227
0.034
0.0824
0.1764
0.5159
1.3146
0.44780000000000003
0.1642
0.1395
0.1495
0.1666
0.1933
0.2545
0.2843
0.21860000000000002
0.1834
0.17909999999999998
0.162
0.17930000000000001
1.369
1.1839
0.8513999999999999
1.3268
1.7493
2.5781
4.1396999999999995
4.648
2.5753
1.0935
2.6212
0.7208
0.0366
0.0527
0.0563
0.0463
0.0527
0.0567
0.055099999999999996
0.0533
0.055900000000000005
0.041999999999999996
0.0466
0.0392
0.0345
0.0369
0.0411
0.0361
0.1762
0.0419
0.0393
0.053599999999999995
0.058300000000000005
0.11829999999999999
1.2779
0.1427
0.1408
0.09459999999999999
0.0773
0.1255
0.1431
0.1614
0.0302
0.0566
0.4369
1.8953
1.7641
0.2122
0.0
3.2638000000000003
0.0
0.011
0.0662
0.0377
0.0
0.9075
1.5195
0.37029999999999996
0.2449
0.006
0.029699999999999997
0.0351
0.0319
0.009600000000000001
0.0248
0.11979999999999999
0.0674
0.0239
0.0058
0.049600000000000005
0.0391
0.0017
1.5207
0.0075
0.0085
0.6289
0.0
1.4354
0.0
0.0
0.0
0.0
0.0
