0.7397
0.0278
0.0428
0.0053
0.0698
0.1524
0.4121
0.2873
0.17930000000000001
0.0899
0.088
0.05789999999999999
0.0568
0.0342
1.6054
0.6389
0.0549
0.8921
0.0826
0.2398
0.2178
0.09649999999999999
0.0
2.8176
0.1869
0.1823
0.1764
0.183
0.179
0.1629
0.07690000000000001
0.877
0.0077
0.025099999999999997
0.0326
0.0432
0.047
0.0421
0.0534
0.086
0.1537
0.1649
0.1709
0.23299999999999998
0.2303
0.2015
0.1699
0.1799
0.2047
0.1038
0.0732
0.062200000000000005
0.06130000000000001
0.0625
0.0796
0.1021
0.0369
0.0
0.0045
0.007600000000000001
0.011
0.0184
0.0
0.7917
0.2389
0.38939999999999997
0.6987
1.3527
0.7518
0.5785
0.4652
1.7114
2.0128
0.0
0.0
0.0164
0.011
0.494
0.1008
0.045899999999999996
0.0682
0.0645
0.0159
0.022
0.0062
0.0695
0.0299
0.052000000000000005
0.007600000000000001
0.0
0.0
0.0
1.1006
0.948
0.0
0.0
1.5278
6.1175
6.2600999999999996
4.8021
0.20589999999999997
0.0272
0.0259
0.046799999999999994
0.0369
0.041400000000000006
0.037000000000000005
0.0469
0.0392
0.0525
0.0369
0.027200000000000002
0.0357
0.015899999999999997
0.0203
0.0422
0.048799999999999996
0.0424
0.016
0.0041
1.3303
4.0825
4.1521
2.6572
0.4171
0.3601
0.383
0.4747
0.3649
0.26580000000000004
0.2288
0.1973
0.2032
0.2039
0.2152
0.2244
0.2655
0.3553
1.0230000000000001
1.9969000000000001
1.0402
1.0972
0.9494
0.7806
2.7547
2.9687
2.097
0.2773
0.1987
0.1293
0.0761
0.09709999999999999
0.0743
0.07619999999999999
0.0859
0.0799
0.09
0.1057
0.1317
0.10400000000000001
0.1012
0.1167
0.23270000000000002
1.1883
0.1243
0.352
1.0976
1.9178
0.7397
0.0278
0.0428
0.0053
0.0698
0.1524
0.4121
0.2873
0.17930000000000001
0.0899
0.088
0.05789999999999999
0.0568
0.0342
1.6054
0.6389
0.0549
0.8921
0.0826
0.2398
0.2178
0.09649999999999999
0.0
2.8176
0.1869
0.1823
0.1764
0.183
0.179
0.1629
0.07690000000000001
0.877
0.0077
0.025099999999999997
0.0326
0.0432
0.047
0.0421
0.0534
0.086
0.1537
0.1649
0.1709
0.23299999999999998
0.2303
0.2015
0.1699
0.1799
0.2047
0.1038
0.0732
0.062200000000000005
0.06130000000000001
0.0625
0.0796
0.1021
0.0369
0.0
0.0045
0.007600000000000001
0.011
0.0184
0.0
0.7917
0.2389
0.38939999999999997
0.6987
1.3527
0.7518
0.5785
0.4652
1.7114
2.0128
0.0
0.0
0.0164
0.011
0.494
0.1008
0.045899999999999996
0.0682
0.0645
0.0159
0.022
0.0062
0.0695
0.0299
0.052000000000000005
0.007600000000000001
0.0
0.0
0.0
1.1006
0.948
0.0
0.0
1.5278
6.1175
6.2600999999999996
4.8021
0.20589999999999997
0.0272
0.0259
0.046799999999999994
0.0369
0.041400000000000006
0.037000000000000005
0.0469
0.0392
0.0525
0.0369
0.027200000000000002
0.0357
0.015899999999999997
0.0203
0.0422
0.048799999999999996
0.0424
0.016
0.0041
1.3303
4.0825
4.1521
2.6572
0.4171
0.3601
0.383
0.4747
0.3649
0.26580000000000004
0.2288
0.1973
0.2032
0.2039
0.2152
0.2244
0.2655
0.3553
1.0230000000000001
1.9969000000000001
1.0402
1.0972
0.9494
0.7806
2.7547
2.9687
2.097
0.2773
0.1987
0.1293
0.0761
0.09709999999999999
0.0743
0.07619999999999999
0.0859
0.0799
0.09
0.1057
0.1317
0.10400000000000001
0.1012
0.1167
0.23270000000000002
1.1883
0.1243
0.352
1.0976
1.9178
0.7397
0.0278
0.0428
0.0053
0.0698
0.1524
0.4121
0.2873
0.17930000000000001
0.0899
0.088
0.05789999999999999
0.0568
0.0342
1.6054
0.6389
0.0549
0.8921
0.0826
0.2398
0.2178
0.09649999999999999
0.0
2.8176
0.1869
0.1823
0.1764
0.183
0.179
0.1629
0.07690000000000001
0.877
0.0077
0.025099999999999997
0.0326
0.0432
0.047
0.0421
0.0534
0.086
0.1537
0.1649
0.1709
0.23299999999999998
0.2303
0.2015
0.1699
0.1799
0.2047
0.1038
0.0732
0.062200000000000005
0.06130000000000001
0.0625
0.0796
0.1021
0.0369
0.0
0.0045
0.007600000000000001
0.011
0.0184
0.0
0.7917
0.2389
0.38939999999999997
0.6987
1.3527
0.7518
0.5785
0.4652
1.7114
2.0128
0.0
0.0
0.0164
0.011
0.494
0.1008
0.045899999999999996
0.0682
0.0645
0.0159
0.022
0.0062
0.0695
0.0299
0.052000000000000005
0.007600000000000001
0.0
0.0
0.0
1.1006
0.948
0.0
0.0
1.5278
6.1175
6.2600999999999996
4.8021
0.20589999999999997
0.0272
0.0259
0.046799999999999994
0.0369
0.041400000000000006
0.037000000000000005
0.0469
0.0392
0.0525
0.0369
0.027200000000000002
0.0357
0.015899999999999997
0.0203
0.0422
0.048799999999999996
0.0424
0.016
0.0041
1.3303
4.0825
4.1521
2.6572
0.4171
0.3601
0.383
0.4747
0.3649
0.26580000000000004
0.2288
0.1973
0.2032
0.2039
0.2152
0.2244
0.2655
0.3553
1.0230000000000001
1.9969000000000001
1.0402
1.0972
0.9494
0.7806
2.7547
2.9687
2.097
0.2773
0.1987
0.1293
0.0761
0.09709999999999999
0.0743
0.07619999999999999
0.0859
0.0799
0.09
0.1057
0.1317
0.10400000000000001
0.1012
0.1167
0.23270000000000002
1.1883
0.1243
0.352
1.0976
1.9178
0.7397
0.0278
0.0428
0.0053
0.0698
0.1524
0.4121
0.2873
0.17930000000000001
0.0899
0.088
0.05789999999999999
0.0568
0.0342
1.6054
0.6389
0.0549
0.8921
0.0826
0.2398
0.2178
0.09649999999999999
0.0
2.8176
0.1869
0.1823
0.1764
0.183
0.179
0.1629
0.07690000000000001
0.877
0.0077
0.025099999999999997
0.0326
0.0432
0.047
0.0421
0.0534
0.086
0.1537
0.1649
0.1709
0.23299999999999998
0.2303
0.2015
0.1699
0.1799
0.2047
0.1038
0.0732
0.062200000000000005
0.06130000000000001
0.0625
0.0796
0.1021
0.0369
0.0
0.0045
0.007600000000000001
0.011
0.0184
0.0
0.7917
0.2389
0.38939999999999997
0.6987
1.3527
0.7518
0.5785
0.4652
1.7114
2.0128
0.0
0.0
0.0164
0.011
0.494
0.1008
0.045899999999999996
0.0682
0.0645
0.0159
0.022
0.0062
0.0695
0.0299
0.052000000000000005
0.007600000000000001
0.0
0.0
0.0
1.1006
0.948
0.0
0.0
1.5278
6.1175
6.2600999999999996
4.8021
0.20589999999999997
0.0272
0.0259
0.046799999999999994
0.0369
0.041400000000000006
0.037000000000000005
0.0469
0.0392
0.0525
0.0369
0.027200000000000002
0.0357
0.015899999999999997
0.0203
0.0422
0.048799999999999996
0.0424
0.016
0.0041
1.3303
4.0825
4.1521
2.6572
0.4171
0.3601
0.383
0.4747
0.3649
0.26580000000000004
0.2288
0.1973
0.2032
0.2039
0.2152
0.2244
0.2655
0.3553
1.0230000000000001
1.9969000000000001
1.0402
1.0972
0.9494
0.7806
2.7547
2.9687
2.097
0.2773
0.1987
0.1293
0.0761
0.09709999999999999
0.0743
0.07619999999999999
0.0859
0.0799
0.09
0.1057
0.1317
0.10400000000000001
0.1012
0.1167
0.23270000000000002
1.1883
0.1243
0.352
1.0976
1.9178
0.7397
0.0278
0.0428
0.0053
0.0698
0.1524
0.4121
0.2873
0.17930000000000001
0.0899
0.088
0.05789999999999999
0.0568
0.0342
1.6054
0.6389
0.0549
0.8921
0.0826
0.2398
0.2178
0.09649999999999999
0.0
2.8176
0.1869
0.1823
0.1764
0.183
0.179
0.1629
0.07690000000000001
0.877
0.0077
0.025099999999999997
0.0326
0.0432
0.047
0.0421
0.0534
0.086
0.1537
0.1649
0.1709
0.23299999999999998
0.2303
0.2015
0.1699
0.1799
0.2047
0.1038
0.0732
0.062200000000000005
0.06130000000000001
0.0625
0.0796
0.1021
0.0369
0.0
0.0045
0.007600000000000001
0.011
0.0184
0.0
0.7917
0.2389
0.38939999999999997
0.6987
1.3527
0.7518
0.5785
0.4652
1.7114
0.07730000000000001
0.0754
0.0791
0.0807
0.0847
0.1013
0.1469
0.2118
0.2944
0.3639
0.3701
0.4525
0.7337
0.46449999999999997
0.3495
0.3304
1.0226
0.7648999999999999
0.9085
0.2096
0.12990000000000002
0.0736
0.0519
0.0807
0.9716
3.9162
3.8110999999999997
2.8079
0.9303
0.6719999999999999
0.4742
0.40659999999999996
0.32999999999999996
0.20350000000000001
0.1446
0.10980000000000001
0.0847
0.07519999999999999
0.0701
0.0619
0.0596
0.0344
0.06810000000000001
0.3361
0.5414
0.7466
1.3048000000000002
1.1526
0.0865
0.1033
0.1129
0.1147
0.1142
0.159
0.242
0.0445
0.011
0.0
0.0228
0.0141
0.0384
0.9561
0.143
0.0
0.0
0.0664
0.0774
0.0
0.0
0.0
0.0
0.0
3.9278
6.8834
5.0077
4.3184000000000005
0.263
0.0322
0.06609999999999999
0.1898
0.11760000000000001
0.0826
0.0632
0.030399999999999996
0.0281
0.0361
0.0518
0.2251
0.43910000000000005
0.34440000000000004
0.5462
0.7732
1.2896
1.5772
1.1521
0.7888999999999999
2.1713999999999998
1.1993
1.4747
0.9240999999999999
0.6308
0.5023
0.4992
0.4739
0.2327
0.1476
0.1557
0.14150000000000001
0.1343
0.1335
0.119
0.3313
0.7385999999999999
0.9778
1.8489
1.6923
0.863
0.5827
0.4576
3.6334999999999997
0.3694
0.475
0.6109
0.7708999999999999
0.6880999999999999
0.10339999999999999
0.0
0.0116
0.028999999999999998
0.0329
0.04
0.0133
0.023
0.0765
0.2758
0.2271
0.086
0.6968
0.7768999999999999
0.8402
0.47719999999999996
0.29369999999999996
0.1994
0.14179999999999998
0.4788
0.5
0.4728
0.4118
0.3598
0.1708
0.3068
0.6503
0.0263
0.0799
0.09709999999999999
0.0709
0.08130000000000001
0.10550000000000001
0.0738
0.058800000000000005
0.0313
0.013
0.6719999999999999
1.0803
0.7551
0.536
0.4292
0.4646
0.07730000000000001
0.0754
0.0791
0.0807
0.0847
0.1013
0.1469
0.2118
0.2944
0.3639
0.3701
0.4525
0.7337
0.46449999999999997
0.3495
0.3304
1.0226
0.7648999999999999
0.9085
0.2096
0.12990000000000002
0.0736
0.0519
0.0807
0.9716
3.9162
3.8110999999999997
2.8079
0.9303
0.6719999999999999
0.4742
0.40659999999999996
0.32999999999999996
0.20350000000000001
0.1446
0.10980000000000001
0.0847
0.07519999999999999
0.0701
0.0619
0.0596
0.0344
0.06810000000000001
0.3361
0.5414
0.7466
1.3048000000000002
1.1526
0.0865
0.1033
0.1129
0.1147
0.1142
0.159
0.242
0.0445
0.011
0.0
0.0228
0.0141
0.0384
0.9561
0.143
0.0
0.0
0.0664
0.0774
0.0
0.0
0.0
0.0
0.0
3.9278
6.8834
5.0077
4.3184000000000005
0.263
0.0322
0.06609999999999999
0.1898
0.11760000000000001
0.0826
0.0632
0.030399999999999996
0.0281
0.0361
0.0518
0.2251
0.43910000000000005
0.34440000000000004
0.5462
0.7732
1.2896
1.5772
1.1521
0.7888999999999999
2.1713999999999998
1.1993
1.4747
0.9240999999999999
0.6308
0.5023
0.4992
0.4739
0.2327
0.1476
0.1557
0.14150000000000001
0.1343
0.1335
0.119
0.3313
0.7385999999999999
0.9778
1.8489
1.6923
0.863
0.5827
0.4576
3.6334999999999997
0.3694
0.475
0.6109
0.7708999999999999
0.6880999999999999
0.10339999999999999
0.0
0.0116
0.028999999999999998
0.0329
0.04
0.0133
0.023
0.0765
0.2758
0.2271
0.086
0.6968
0.7768999999999999
0.8402
0.47719999999999996
0.29369999999999996
0.1994
0.14179999999999998
0.4788
0.5
0.4728
0.4118
0.3598
0.1708
0.3068
0.6503
0.0263
0.0799
0.09709999999999999
0.0709
0.08130000000000001
0.10550000000000001
0.0738
0.058800000000000005
0.0313
0.013
0.6719999999999999
1.0803
0.7551
0.536
0.4292
0.4646
0.07730000000000001
0.0754
0.0791
0.0807
0.0847
0.1013
0.1469
0.2118
0.2944
0.3639
0.3701
0.4525
0.7337
0.46449999999999997
0.3495
0.3304
1.0226
0.7648999999999999
0.9085
0.2096
0.12990000000000002
0.0736
0.0519
0.0807
0.9716
3.9162
3.8110999999999997
2.8079
0.9303
0.6719999999999999
0.4742
0.40659999999999996
0.32999999999999996
0.20350000000000001
0.1446
0.10980000000000001
0.0847
0.07519999999999999
0.0701
0.0619
0.0596
0.0344
0.06810000000000001
0.3361
0.5414
0.7466
1.3048000000000002
1.1526
0.0865
0.1033
0.1129
0.1147
0.1142
0.159
0.242
0.0445
0.011
0.0
0.0228
0.0141
0.0384
0.9561
0.143
0.0
0.0
0.0664
0.0774
0.0
0.0
0.0
0.0
0.0
3.9278
6.8834
5.0077
4.3184000000000005
0.263
0.0322
0.06609999999999999
0.1898
0.11760000000000001
0.0826
0.0632
0.030399999999999996
0.0281
0.0361
0.0518
0.2251
0.43910000000000005
0.34440000000000004
0.5462
0.7732
1.2896
1.5772
1.1521
0.7888999999999999
2.1713999999999998
1.1993
1.4747
0.9240999999999999
0.6308
0.5023
0.4992
0.4739
0.2327
0.1476
0.1557
0.14150000000000001
0.1343
0.1335
0.119
0.3313
0.7385999999999999
0.9778
1.8489
1.6923
0.863
0.5827
0.4576
3.6334999999999997
0.3694
0.475
0.6109
0.7708999999999999
0.6880999999999999
0.10339999999999999
0.0
0.0116
0.028999999999999998
0.0329
0.04
0.0133
0.023
0.0765
0.2758
0.2271
0.086
0.6968
0.7768999999999999
0.8402
0.47719999999999996
0.29369999999999996
0.1994
0.14179999999999998
0.4788
0.5
0.4728
0.4118
0.3598
0.1708
0.3068
0.6503
0.0263
0.0799
0.09709999999999999
0.0709
0.08130000000000001
0.10550000000000001
0.0738
0.058800000000000005
0.0313
0.013
0.6719999999999999
1.0803
0.7551
0.536
0.4292
0.4646
0.07730000000000001
0.0754
0.0791
0.0807
0.0847
0.1013
0.1469
0.2118
0.2944
0.3639
0.3701
0.4525
0.7337
0.46449999999999997
0.3495
0.3304
1.0226
0.7648999999999999
0.9085
0.2096
0.12990000000000002
0.0736
0.0519
0.0807
0.9716
3.9162
3.8110999999999997
2.8079
0.9303
0.6719999999999999
0.4742
0.40659999999999996
0.32999999999999996
0.20350000000000001
0.1446
0.10980000000000001
0.0847
0.07519999999999999
0.0701
0.0619
0.0596
0.0344
0.06810000000000001
0.3361
0.5414
0.7466
1.3048000000000002
1.1526
0.0865
0.1033
0.1129
0.1147
0.1142
0.159
0.242
0.0445
0.011
0.0
0.0228
0.0141
0.0384
0.9561
0.143
0.0
0.0
0.0664
0.0774
0.0
0.0
0.0
0.0
0.0
3.9278
6.8834
5.0077
4.3184000000000005
0.263
0.0322
0.06609999999999999
0.1898
0.11760000000000001
0.0826
0.0632
0.030399999999999996
0.0281
0.0361
0.0518
0.2251
0.43910000000000005
0.34440000000000004
0.5462
0.7732
1.2896
1.5772
1.1521
0.7888999999999999
2.1713999999999998
1.1993
1.4747
0.9240999999999999
0.6308
0.5023
0.4992
0.4739
0.2327
0.1476
0.1557
0.14150000000000001
0.1343
0.1335
0.119
0.3313
0.7385999999999999
0.9778
1.8489
1.6923
0.863
0.5827
0.4576
3.6334999999999997
0.3694
0.475
0.6109
0.7708999999999999
0.6880999999999999
0.10339999999999999
0.0
0.0116
0.028999999999999998
0.0329
0.04
0.0133
0.023
0.0765
0.2758
0.2271
0.086
0.6968
0.7768999999999999
0.8402
0.47719999999999996
0.29369999999999996
0.1994
0.14179999999999998
0.4788
0.5
0.4728
0.4118
0.3598
0.1708
0.3068
0.6503
0.0263
0.0799
0.09709999999999999
0.0709
0.08130000000000001
0.10550000000000001
0.0738
0.058800000000000005
0.0313
0.013
0.6719999999999999
1.0803
0.7551
0.536
0.4292
0.4646
0.8089999999999999
0.6228
0.638
0.5175000000000001
0.522
0.4872
0.39690000000000003
0.9166
1.1659000000000002
1.0483
1.1439
0.7813000000000001
0.2994
0.1834
0.19240000000000002
0.2866
0.38949999999999996
0.8022
2.2741
2.5345
2.3634
2.5449
2.8849
4.0401
0.2304
0.2506
0.2468
0.2254
0.23520000000000002
0.31079999999999997
0.5635
0.7722
0.5581
0.7127
1.6412999999999998
0.5302
0.5728
0.7057
2.3591
1.2678
0.9418
0.7772
1.4268999999999998
1.4026999999999998
0.2083
0.0819
0.1274
0.0935
0.059300000000000005
0.0523
0.060399999999999995
0.0622
0.06129999999999999
0.0595
0.076
0.0478
0.0036
0.0216
0.0163
0.0201
0.027500000000000004
0.0283
0.0284
0.032
0.029400000000000003
0.028
0.0144
0.0269
0.028
0.038599999999999995
0.0603
0.0707
0.5296000000000001
4.0703
6.5739
1.0526
0.8169
0.9806999999999999
0.305
0.11580000000000001
0.1142
0.1232
0.1227
0.1179
0.1245
0.1262
0.1134
0.22460000000000002
0.8421000000000001
0.1344
0.13590000000000002
0.1746
0.16460000000000002
0.1335
0.10339999999999999
0.0815
7.0085999999999995
6.9198
3.4998
0.1411
0.0036
0.0542
0.0536
0.0334
0.0417
0.0291
0.0603
0.12010000000000001
0.08679999999999999
0.1163
0.1392
0.0875
0.10569999999999999
0.1441
0.1538
0.1486
0.0538
0.34
1.9244
3.1732000000000005
0.4707
0.5616
0.5745
0.3542
0.2943
0.30410000000000004
0.3359
0.6204000000000001
0.495
0.5902000000000001
0.7054
0.6768
0.2042
0.15849999999999997
0.1721
0.1838
0.26139999999999997
1.5623
0.6775
1.0074
1.9891
2.2869
1.3728
3.2923999999999998
0.5732
0.5422
0.5217
0.5024
0.4787
0.40659999999999996
0.3417
0.8577999999999999
0.269
0.28
0.34430000000000005
0.5367
0.5587
0.3644
0.348
0.9848
0.8492999999999999
0.4507
1.1461000000000001
1.6743999999999999
1.8458999999999999
2.0618
1.8259
0.8005
0.8089999999999999
0.6228
0.638
0.5175000000000001
0.522
0.4872
0.39690000000000003
0.9166
1.1659000000000002
1.0483
1.1439
0.7813000000000001
0.2994
0.1834
0.19240000000000002
0.2866
0.38949999999999996
0.8022
2.2741
2.5345
2.3634
2.5449
2.8849
4.0401
0.2304
0.2506
0.2468
0.2254
0.23520000000000002
0.31079999999999997
0.5635
0.7722
0.5581
0.7127
1.6412999999999998
0.5302
0.5728
0.7057
2.3591
1.2678
0.9418
0.7772
1.4268999999999998
1.4026999999999998
0.2083
0.0819
0.1274
0.0935
0.059300000000000005
0.0523
0.060399999999999995
0.0622
0.06129999999999999
0.0595
0.076
0.0478
0.0036
0.0216
0.0163
0.0201
0.027500000000000004
0.0283
0.0284
0.032
0.029400000000000003
0.028
0.0144
0.0269
0.028
0.038599999999999995
0.0603
0.0707
0.5296000000000001
4.0703
6.5739
1.0526
0.8169
0.9806999999999999
0.305
0.11580000000000001
0.1142
0.1232
0.1227
0.1179
0.1245
0.1262
0.1134
0.22460000000000002
0.8421000000000001
0.1344
0.13590000000000002
0.1746
0.16460000000000002
0.1335
0.10339999999999999
0.0815
7.0085999999999995
6.9198
3.4998
0.1411
0.0036
0.0542
0.0536
0.0334
0.0417
0.0291
0.0603
0.12010000000000001
0.08679999999999999
0.1163
0.1392
0.0875
0.10569999999999999
0.1441
0.1538
0.1486
0.0538
0.34
1.9244
3.1732000000000005
0.4707
0.5616
0.5745
0.3542
0.2943
0.30410000000000004
0.3359
0.6204000000000001
0.495
0.5902000000000001
0.7054
0.6768
0.2042
0.15849999999999997
0.1721
0.1838
0.26139999999999997
1.5623
0.6775
1.0074
1.9891
2.2869
1.3728
3.2923999999999998
0.5732
0.5422
0.5217
0.5024
0.4787
0.40659999999999996
0.3417
0.8577999999999999
0.269
0.28
0.34430000000000005
0.5367
0.5587
0.3644
0.348
0.9848
0.8492999999999999
0.4507
1.1461000000000001
1.6743999999999999
1.8458999999999999
2.0618
1.8259
0.8005
0.8089999999999999
0.6228
0.638
0.5175000000000001
0.522
0.4872
0.39690000000000003
0.9166
1.1659000000000002
1.0483
1.1439
0.7813000000000001
0.2994
0.1834
0.19240000000000002
0.2866
0.38949999999999996
0.8022
2.2741
2.5345
2.3634
2.5449
2.8849
4.0401
0.2304
0.2506
0.2468
0.2254
0.23520000000000002
0.31079999999999997
0.5635
0.7722
0.5581
0.7127
1.6412999999999998
0.5302
0.5728
0.7057
2.3591
1.2678
0.9418
0.7772
1.4268999999999998
1.4026999999999998
0.2083
0.0819
0.1274
0.0935
0.059300000000000005
0.0523
0.060399999999999995
0.0622
0.06129999999999999
0.0595
0.076
0.0478
0.0036
0.0216
0.0163
0.0201
0.027500000000000004
0.0283
0.0284
0.032
0.029400000000000003
0.028
0.0144
0.0269
0.028
0.038599999999999995
0.0603
0.0707
0.5296000000000001
4.0703
6.5739
1.0526
0.8169
0.9806999999999999
0.305
0.11580000000000001
0.1142
0.1232
0.1227
0.1179
0.1245
0.1262
0.1134
0.22460000000000002
0.8421000000000001
0.1344
0.13590000000000002
0.1746
0.16460000000000002
0.1335
0.10339999999999999
0.0815
7.0085999999999995
6.9198
3.4998
0.1411
0.0036
0.0542
0.0536
0.0334
0.0417
0.0291
0.0603
0.12010000000000001
0.08679999999999999
0.1163
0.1392
0.0875
0.10569999999999999
0.1441
0.1538
0.1486
0.0538
0.34
1.9244
3.1732000000000005
0.4707
0.5616
0.5745
0.3542
0.2943
0.30410000000000004
0.3359
0.6204000000000001
0.495
0.5902000000000001
0.7054
0.6768
0.2042
0.15849999999999997
0.1721
0.1838
0.26139999999999997
1.5623
0.6775
1.0074
1.9891
2.2869
1.3728
3.2923999999999998
0.5732
0.5422
0.5217
0.5024
0.4787
0.40659999999999996
0.3417
0.8577999999999999
0.269
0.28
0.34430000000000005
0.5367
0.5587
0.3644
0.348
0.9848
0.8492999999999999
0.4507
1.1461000000000001
1.6743999999999999
1.8458999999999999
2.0618
1.8259
0.8005
0.8089999999999999
0.6228
0.638
0.5175000000000001
0.522
0.4872
0.39690000000000003
0.9166
1.1659000000000002
1.0483
1.1439
0.7813000000000001
0.2994
0.1834
0.19240000000000002
0.2866
0.38949999999999996
0.8022
2.2741
2.5345
2.3634
2.5449
2.8849
4.0401
0.2304
0.2506
0.2468
0.2254
0.23520000000000002
0.31079999999999997
0.5635
0.7722
0.5581
0.7127
1.6412999999999998
0.5302
0.5728
0.7057
2.3591
1.2678
0.9418
0.7772
1.4268999999999998
1.4026999999999998
0.2083
0.0819
0.1274
0.0935
0.059300000000000005
0.0523
0.060399999999999995
0.0622
0.06129999999999999
0.0595
0.076
0.0478
0.0036
0.0216
0.0163
0.0201
0.027500000000000004
0.0283
0.0284
0.032
0.029400000000000003
0.028
0.0144
0.0269
0.028
0.038599999999999995
0.0603
0.0707
0.5296000000000001
4.0703
6.5739
1.0526
0.8169
0.9806999999999999
0.305
0.11580000000000001
0.1142
0.1232
0.1227
0.1179
0.1245
0.1262
0.1134
0.22460000000000002
0.8421000000000001
0.1344
0.13590000000000002
0.1746
0.16460000000000002
0.1335
0.10339999999999999
0.0815
7.0085999999999995
6.9198
3.4998
0.1411
0.0036
0.0542
0.0536
0.0334
0.0417
0.0291
0.0603
0.12010000000000001
0.08679999999999999
0.1163
0.1392
0.0875
0.10569999999999999
0.1441
0.1538
0.1486
0.0538
0.34
1.9244
3.1732000000000005
0.4707
0.5616
0.5745
0.3542
0.2943
0.30410000000000004
0.3359
0.6204000000000001
0.495
0.5902000000000001
0.7054
0.6768
0.2042
0.15849999999999997
0.1721
0.1838
0.26139999999999997
1.5623
0.6775
1.0074
1.9891
2.2869
1.3728
3.2923999999999998
0.5732
0.5422
0.5217
0.5024
0.4787
0.40659999999999996
0.3417
0.8577999999999999
0.269
0.28
0.34430000000000005
0.5367
0.5587
0.3644
0.348
0.9848
0.8492999999999999
0.4507
1.1461000000000001
1.6743999999999999
1.8458999999999999
2.0618
1.8259
0.8005
0.8089999999999999
0.6228
0.638
0.5175000000000001
0.522
0.4872
0.39690000000000003
0.9166
1.1659000000000002
1.0483
1.1439
0.7813000000000001
0.2994
0.1834
0.19240000000000002
0.2866
0.38949999999999996
0.8022
2.2741
2.5345
2.3634
2.5449
2.8849
4.0401
0.2304
0.2506
0.2468
0.2254
0.23520000000000002
0.31079999999999997
0.5635
0.7722
0.5581
0.7127
1.6412999999999998
0.5302
0.5728
0.7057
2.3591
1.2678
0.9418
0.7772
1.4268999999999998
1.4026999999999998
0.2083
0.0819
0.1274
0.0935
0.059300000000000005
0.0523
0.060399999999999995
0.0622
0.06129999999999999
0.0595
0.076
0.0478
0.0036
0.0216
0.0163
0.0201
0.027500000000000004
0.0283
0.0284
0.032
0.029400000000000003
0.028
0.0144
0.0269
0.028
0.038599999999999995
0.0603
0.0707
4.1388
1.9615
0.48000000000000004
1.1211
0.0
0.0196
0.0294
0.028900000000000002
0.0525
0.0414
0.032100000000000004
0.047799999999999995
0.035500000000000004
0.0234
0.0254
0.016399999999999998
0.0248
0.026799999999999997
0.024
0.0258
0.0038
0.0211
0.0066
1.7131
0.6312
2.4440999999999997
3.1949
0.0332
0.0
0.0
0.0
0.0
0.0
0.0
0.0107
0.027800000000000002
0.0366
0.2029
0.295
0.031
0.0179
0.0
0.0
0.0
0.0
0.0143
0.0157
0.0
0.065
0.055
0.0586
0.0553
0.0576
0.0619
0.0696
0.0716
0.4984
0.5395
0.3879
0.357
0.39049999999999996
1.3817
0.2824
0.14100000000000001
1.2399
0.42319999999999997
0.1754
0.2377
0.4752
0.49760000000000004
0.23420000000000002
0.1091
0.0462
0.0413
0.0406
0.0402
0.0363
0.0567
0.0754
0.030699999999999998
0.0296
0.0337
0.0311
0.025
0.0328
0.034
0.0351
0.0414
0.0716
0.061
0.032299999999999995
0.0199
0.0108
0.0001
0.0199
0.0295
2.2691
4.2959
4.3845
2.2552
0.47709999999999997
0.2662
0.1596
0.12229999999999999
0.1061
0.0983
0.0858
0.08979999999999999
0.1079
0.125
0.20629999999999998
0.2922
0.2552
1.0173999999999999
0.5064
0.5599000000000001
0.6808000000000001
0.9815
0.9437
0.6853
4.9718
5.1632
5.479100000000001
2.8293
0.2202
0.23609999999999998
0.098
0.0426
0.0363
0.0344
0.0298
0.0541
0.0463
0.0228
0.3111
0.1497
0.0465
0.2923
0.7682
0.3659
0.5269999999999999
1.8037
1.1217000000000001
1.5036
0.1376
0.132
0.1303
0.1349
0.1285
0.0963
0.0455
0.3448
0.1835
0.0392
0.0356
0.0429
0.035699999999999996
0.0238
0.0286
0.0306
0.0325
0.0493
0.059
0.0474
0.0462
0.0685
0.1215
0.1407
4.1388
1.9615
0.48000000000000004
1.1211
0.0
0.0196
0.0294
0.028900000000000002
0.0525
0.0414
0.032100000000000004
0.047799999999999995
0.035500000000000004
0.0234
0.0254
0.016399999999999998
0.0248
0.026799999999999997
0.024
0.0258
0.0038
0.0211
0.0066
1.7131
0.6312
2.4440999999999997
3.1949
0.0332
0.0
0.0
0.0
0.0
0.0
0.0
0.0107
0.027800000000000002
0.0366
0.2029
0.295
0.031
0.0179
0.0
0.0
0.0
0.0
0.0143
0.0157
0.0
0.065
0.055
0.0586
0.0553
0.0576
0.0619
0.0696
0.0716
0.4984
0.5395
0.3879
0.357
0.39049999999999996
1.3817
0.2824
0.14100000000000001
1.2399
0.42319999999999997
0.1754
0.2377
0.4752
0.49760000000000004
0.23420000000000002
0.1091
0.0462
0.0413
0.0406
0.0402
0.0363
0.0567
0.0754
0.030699999999999998
0.0296
0.0337
0.0311
0.025
0.0328
0.034
0.0351
0.0414
0.0716
0.061
0.032299999999999995
0.0199
0.0108
0.0001
0.0199
0.0295
2.2691
4.2959
4.3845
2.2552
0.47709999999999997
0.2662
0.1596
0.12229999999999999
0.1061
0.0983
0.0858
0.08979999999999999
0.1079
0.125
0.20629999999999998
0.2922
0.2552
1.0173999999999999
0.5064
0.5599000000000001
0.6808000000000001
0.9815
0.9437
0.6853
4.9718
5.1632
5.479100000000001
2.8293
0.2202
0.23609999999999998
0.098
0.0426
0.0363
0.0344
0.0298
0.0541
0.0463
0.0228
0.3111
0.1497
0.0465
0.2923
0.7682
0.3659
0.5269999999999999
1.8037
1.1217000000000001
1.5036
0.1376
0.132
0.1303
0.1349
0.1285
0.0963
0.0455
0.3448
0.1835
0.0392
0.0356
0.0429
0.035699999999999996
0.0238
0.0286
0.0306
0.0325
0.0493
0.059
0.0474
0.0462
0.0685
0.1215
0.1407
4.1388
1.9615
0.48000000000000004
1.1211
0.0
0.0196
0.0294
0.028900000000000002
0.0525
0.0414
0.032100000000000004
0.047799999999999995
0.035500000000000004
0.0234
0.0254
0.016399999999999998
0.0248
0.026799999999999997
0.024
0.0258
0.0038
0.0211
0.0066
1.7131
0.6312
2.4440999999999997
3.1949
0.0332
0.0
0.0
0.0
0.0
0.0
0.0
0.0107
0.027800000000000002
0.0366
0.2029
0.295
0.031
0.0179
0.0
0.0
0.0
0.0
0.0143
0.0157
0.0
0.065
0.055
0.0586
0.0553
0.0576
0.0619
0.0696
0.0716
0.4984
0.5395
0.3879
0.357
0.39049999999999996
1.3817
0.2824
0.14100000000000001
1.2399
0.42319999999999997
0.1754
0.2377
0.4752
0.49760000000000004
0.23420000000000002
0.1091
0.0462
0.0413
0.0406
0.0402
0.0363
0.0567
0.0754
0.030699999999999998
0.0296
0.0337
0.0311
0.025
0.0328
0.034
0.0351
0.0414
0.0716
0.061
0.032299999999999995
0.0199
0.0108
0.0001
0.0199
0.0295
2.2691
4.2959
4.3845
2.2552
0.47709999999999997
0.2662
0.1596
0.12229999999999999
0.1061
0.0983
0.0858
0.08979999999999999
0.1079
0.125
0.20629999999999998
0.2922
0.2552
1.0173999999999999
0.5064
0.5599000000000001
0.6808000000000001
0.9815
0.9437
0.6853
4.9718
5.1632
5.479100000000001
2.8293
0.2202
0.23609999999999998
0.098
0.0426
0.0363
0.0344
0.0298
0.0541
0.0463
0.0228
0.3111
0.1497
0.0465
0.2923
0.7682
0.3659
0.5269999999999999
1.8037
1.1217000000000001
1.5036
0.1376
0.132
0.1303
0.1349
0.1285
0.0963
0.0455
0.3448
0.1835
0.0392
0.0356
0.0429
0.035699999999999996
0.0238
0.0286
0.0306
0.0325
0.0493
0.059
0.0474
0.0462
0.0685
0.1215
0.1407
4.1388
1.9615
0.48000000000000004
1.1211
0.0
0.0196
0.0294
0.028900000000000002
0.0525
0.0414
0.032100000000000004
0.047799999999999995
0.035500000000000004
0.0234
0.0254
0.016399999999999998
0.0248
0.026799999999999997
0.024
0.0258
0.0038
0.0211
0.0066
1.7131
0.6312
2.4440999999999997
3.1949
0.0332
0.0
0.0
0.0
0.0
0.0
0.0
0.0107
0.027800000000000002
0.0366
0.2029
0.295
0.031
0.0179
0.0
0.0
0.0
0.0
0.0143
0.0157
0.0
0.065
0.055
0.0586
0.0553
0.0576
0.0619
0.0696
0.0716
0.4984
0.5395
0.3879
0.357
0.39049999999999996
1.3817
0.2824
0.14100000000000001
1.2399
0.42319999999999997
0.1754
0.2377
0.4752
0.49760000000000004
0.23420000000000002
0.1091
0.0462
0.0413
0.0406
0.0402
0.0363
0.0567
0.0754
0.030699999999999998
0.0296
0.0337
0.0311
0.025
0.0328
0.034
0.0351
0.0414
0.0716
0.061
0.032299999999999995
0.0199
0.0108
0.0001
0.0199
0.0295
2.2691
4.2959
4.3845
2.2552
0.47709999999999997
0.2662
0.1596
0.12229999999999999
0.1061
0.0983
0.0858
0.08979999999999999
0.1079
0.125
0.20629999999999998
0.2922
0.2552
1.0173999999999999
0.5064
0.5599000000000001
0.6808000000000001
0.9815
0.9437
0.6853
4.9718
5.1632
5.479100000000001
2.8293
0.2202
0.23609999999999998
0.098
0.0426
0.0363
0.0344
0.0298
0.0541
0.0463
0.0228
0.3111
0.1497
0.0465
0.2923
0.7682
0.3659
0.5269999999999999
1.8037
1.1217000000000001
1.5036
0.1376
0.132
0.1303
0.1349
0.1285
0.0963
0.0455
0.3448
0.1835
0.0392
0.0356
0.0429
0.035699999999999996
0.0238
0.0286
0.0306
0.0325
0.0493
0.059
0.0474
0.0462
0.0685
0.1215
0.1407
4.1388
1.9615
0.48000000000000004
1.1211
0.0
0.0196
0.0294
0.028900000000000002
0.0525
0.0414
0.032100000000000004
0.047799999999999995
0.035500000000000004
0.0234
0.0254
0.016399999999999998
0.0248
0.026799999999999997
0.024
0.0258
0.0038
0.0211
0.0066
1.7131
0.6312
2.4440999999999997
3.1949
0.0332
0.0
0.0
0.0
0.0
0.0
0.0
0.0107
0.027800000000000002
0.0366
0.2029
0.295
0.031
0.0179
0.0
0.0
0.0
0.0
0.0143
0.0157
0.0
5.183199999999999
6.7768999999999995
6.4811
2.63
0.17209999999999998
0.0339
0.043
0.0379
0.0471
0.035
0.0422
0.0526
0.0494
0.0523
0.03
0.0313
0.019
0.012
0.011
0.0639
0.0317
0.0703
1.8638
1.7233
4.4676
3.9561
2.7074
0.24739999999999998
0.0909
0.1117
0.06810000000000001
0.07100000000000001
0.0594
0.0706
0.0563
0.0681
0.0453
0.0427
0.07239999999999999
0.2067
0.2012
0.2822
0.32730000000000004
0.4018
2.1073
0.21050000000000002
0.0862
2.9638
1.8717
3.8095
4.2936
2.2173
0.1347
0.0454
0.05160000000000001
0.0514
0.0221
0.0298
0.0464
0.0562
0.0686
0.1742
0.0958
0.0479
0.0405
0.0476
0.041999999999999996
0.0252
0.0559
0.0394
0.23320000000000002
0.3947
3.2969
1.1162
0.4994
0.2038
0.0731
0.0786
0.0789
0.0827
0.0993
0.10999999999999999
0.107
0.1041
0.1043
0.0862
0.0882
0.0968
0.6646000000000001
0.5459
0.24209999999999998
0.18930000000000002
0.1851
0.1725
0.1421
3.4285
1.7745
0.0
0.0048
0.0
0.0
0.0318
0.2921
0.07769999999999999
0.051000000000000004
0.0149
0.042499999999999996
0.0414
0.0179
0.0069
3.2955
0.0
0.0
0.0027
0.18
0.1027
0.0
0.0
0.0
2.1324
2.96
1.379
1.1913999999999998
0.6004
0.1027
0.098
0.0309
0.044899999999999995
0.0781
0.1397
0.1933
0.2087
0.0458
0.0242
0.0414
0.0941
0.2077
0.424
0.5395
0.2238
2.8103
0.6560999999999999
0.7335
3.5735
1.8306
1.077
0.9767999999999999
0.8240000000000001
0.7003999999999999
0.5212
0.1193
0.016399999999999998
0.0123
0.0
0.0012
0.0
0.0
0.02
0.6382
0.3405
0.48860000000000003
1.0966
1.1446999999999998
1.0891
1.0649
1.0744
1.0361
2.7937
5.183199999999999
6.7768999999999995
6.4811
2.63
0.17209999999999998
0.0339
0.043
0.0379
0.0471
0.035
0.0422
0.0526
0.0494
0.0523
0.03
0.0313
0.019
0.012
0.011
0.0639
0.0317
0.0703
1.8638
1.7233
4.4676
3.9561
2.7074
0.24739999999999998
0.0909
0.1117
0.06810000000000001
0.07100000000000001
0.0594
0.0706
0.0563
0.0681
0.0453
0.0427
0.07239999999999999
0.2067
0.2012
0.2822
0.32730000000000004
0.4018
2.1073
0.21050000000000002
0.0862
2.9638
1.8717
3.8095
4.2936
2.2173
0.1347
0.0454
0.05160000000000001
0.0514
0.0221
0.0298
0.0464
0.0562
0.0686
0.1742
0.0958
0.0479
0.0405
0.0476
0.041999999999999996
0.0252
0.0559
0.0394
0.23320000000000002
0.3947
3.2969
1.1162
0.4994
0.2038
0.0731
0.0786
0.0789
0.0827
0.0993
0.10999999999999999
0.107
0.1041
0.1043
0.0862
0.0882
0.0968
0.6646000000000001
0.5459
0.24209999999999998
0.18930000000000002
0.1851
0.1725
0.1421
3.4285
1.7745
0.0
0.0048
0.0
0.0
0.0318
0.2921
0.07769999999999999
0.051000000000000004
0.0149
0.042499999999999996
0.0414
0.0179
0.0069
3.2955
0.0
0.0
0.0027
0.18
0.1027
0.0
0.0
0.0
2.1324
2.96
1.379
1.1913999999999998
0.6004
0.1027
0.098
0.0309
0.044899999999999995
0.0781
0.1397
0.1933
0.2087
0.0458
0.0242
0.0414
0.0941
0.2077
0.424
0.5395
0.2238
2.8103
0.6560999999999999
0.7335
3.5735
1.8306
1.077
0.9767999999999999
0.8240000000000001
0.7003999999999999
0.5212
0.1193
0.016399999999999998
0.0123
0.0
0.0012
0.0
0.0
0.02
0.6382
0.3405
0.48860000000000003
1.0966
1.1446999999999998
1.0891
1.0649
1.0744
1.0361
2.7937
5.183199999999999
6.7768999999999995
6.4811
2.63
0.17209999999999998
0.0339
0.043
0.0379
0.0471
0.035
0.0422
0.0526
0.0494
0.0523
0.03
0.0313
0.019
0.012
0.011
0.0639
0.0317
0.0703
1.8638
1.7233
4.4676
3.9561
2.7074
0.24739999999999998
0.0909
0.1117
0.06810000000000001
0.07100000000000001
0.0594
0.0706
0.0563
0.0681
0.0453
0.0427
0.07239999999999999
0.2067
0.2012
0.2822
0.32730000000000004
0.4018
2.1073
0.21050000000000002
0.0862
2.9638
1.8717
3.8095
4.2936
2.2173
0.1347
0.0454
0.05160000000000001
0.0514
0.0221
0.0298
0.0464
0.0562
0.0686
0.1742
0.0958
0.0479
0.0405
0.0476
0.041999999999999996
0.0252
0.0559
0.0394
0.23320000000000002
0.3947
3.2969
1.1162
0.4994
0.2038
0.0731
0.0786
0.0789
0.0827
0.0993
0.10999999999999999
0.107
0.1041
0.1043
0.0862
0.0882
0.0968
0.6646000000000001
0.5459
0.24209999999999998
0.18930000000000002
0.1851
0.1725
0.1421
3.4285
1.7745
0.0
0.0048
0.0
0.0
0.0318
0.2921
0.07769999999999999
0.051000000000000004
0.0149
0.042499999999999996
0.0414
0.0179
0.0069
3.2955
0.0
0.0
0.0027
0.18
0.1027
0.0
0.0
0.0
2.1324
2.96
1.379
1.1913999999999998
0.6004
0.1027
0.098
0.0309
0.044899999999999995
0.0781
0.1397
0.1933
0.2087
0.0458
0.0242
0.0414
0.0941
0.2077
0.424
0.5395
0.2238
2.8103
0.6560999999999999
0.7335
3.5735
1.8306
1.077
0.9767999999999999
0.8240000000000001
0.7003999999999999
0.5212
0.1193
0.016399999999999998
0.0123
0.0
0.0012
0.0
0.0
0.02
0.6382
0.3405
0.48860000000000003
1.0966
1.1446999999999998
1.0891
1.0649
1.0744
1.0361
2.7937
5.183199999999999
6.7768999999999995
6.4811
2.63
0.17209999999999998
0.0339
0.043
0.0379
0.0471
0.035
0.0422
0.0526
0.0494
0.0523
0.03
0.0313
0.019
0.012
0.011
0.0639
0.0317
0.0703
1.8638
1.7233
4.4676
3.9561
2.7074
0.24739999999999998
0.0909
0.1117
0.06810000000000001
0.07100000000000001
0.0594
0.0706
0.0563
0.0681
0.0453
0.0427
0.07239999999999999
0.2067
0.2012
0.2822
0.32730000000000004
0.4018
2.1073
0.21050000000000002
0.0862
2.9638
1.8717
3.8095
4.2936
2.2173
0.1347
0.0454
0.05160000000000001
0.0514
0.0221
0.0298
0.0464
0.0562
0.0686
0.1742
0.0958
0.0479
0.0405
0.0476
0.041999999999999996
0.0252
0.0559
0.0394
0.23320000000000002
0.3947
3.2969
1.1162
0.4994
0.2038
0.0731
0.0786
0.0789
0.0827
0.0993
0.10999999999999999
0.107
0.1041
0.1043
0.0862
0.0882
0.0968
0.6646000000000001
0.5459
0.24209999999999998
0.18930000000000002
0.1851
0.1725
0.1421
3.4285
1.7745
0.0
0.0048
0.0
0.0
0.0318
0.2921
0.07769999999999999
0.051000000000000004
0.0149
0.042499999999999996
0.0414
0.0179
0.0069
3.2955
0.0
0.0
0.0027
0.18
0.1027
0.0
0.0
0.0
2.1324
2.96
1.379
1.1913999999999998
0.6004
0.1027
0.098
0.0309
0.044899999999999995
0.0781
0.1397
0.1933
0.2087
0.0458
0.0242
0.0414
0.0941
0.2077
0.424
0.5395
0.2238
2.8103
0.6560999999999999
0.7335
3.5735
1.8306
1.077
0.9767999999999999
0.8240000000000001
0.7003999999999999
0.5212
0.1193
0.016399999999999998
0.0123
0.0
0.0012
0.0
0.0
0.02
0.6382
0.3405
0.48860000000000003
1.0966
1.1446999999999998
1.0891
1.0649
1.0744
1.0361
2.7937
5.183199999999999
6.7768999999999995
6.4811
2.63
0.17209999999999998
0.0339
0.043
0.0379
0.0471
0.035
0.0422
0.0526
0.0494
0.0523
0.03
0.0313
0.019
0.012
0.011
0.0639
0.0317
0.0703
1.8638
1.7233
4.4676
3.9561
2.7074
0.24739999999999998
0.0909
0.1117
0.06810000000000001
0.07100000000000001
0.0594
0.0706
0.0563
0.0681
0.0453
0.0427
0.07239999999999999
0.2067
0.2012
0.2822
0.32730000000000004
0.4018
2.1073
0.21050000000000002
0.0862
2.9638
1.8717
3.8095
4.2936
2.2173
0.1347
0.0454
0.05160000000000001
0.0514
0.0221
0.0298
0.0464
0.0562
0.0686
0.1742
0.0958
0.0479
0.0405
0.0476
0.041999999999999996
0.0252
0.0559
0.0394
0.23320000000000002
0.3947
0.2757
0.2524
0.2406
0.2277
0.2345
0.3725
1.5063
0.4724
0.4394
0.3702
0.40259999999999996
0.41990000000000005
0.3798
0.32930000000000004
0.3018
0.30879999999999996
0.4142
1.2743
1.8453
0.5066999999999999
0.4709
0.4734
0.4174
0.3684
1.4493
2.6829
1.9302000000000001
0.49860000000000004
0.1727
0.0444
0.0553
0.051699999999999996
0.0275
0.1772
0.0768
0.0252
0.062
0.1347
0.0281
0.0162
0.0263
0.0342
0.027299999999999998
0.0262
0.087
0.6796
0.7742
0.44820000000000004
2.7062
1.6705
1.6819
1.6561
1.7033
1.722
1.5463
1.4049999999999998
0.8902
0.2885
0.0329
0.002
0.0323
0.0
0.0511
1.4708999999999999
2.1662
2.2009
2.5737
5.0613
5.3741
4.8431999999999995
2.7339
1.4475
0.0965
0.092
0.0923
0.0925
0.0923
0.0852
0.07189999999999999
0.0744
0.09040000000000001
0.0837
0.0615
0.0456
0.0485
0.0449
0.052500000000000005
0.0618
0.0766
0.0601
0.0609
0.0784
0.0897
0.1015
0.1231
0.1215
4.492100000000001
4.2485
3.8709000000000002
0.5881
0.1835
0.1925
0.2017
0.2232
0.269
0.2655
0.2802
0.3067
0.33340000000000003
0.3543
0.5740000000000001
1.1836
0.6789000000000001
0.7974
1.3142
1.0376
0.418
0.3254
0.2925
3.6549
0.16249999999999998
0.1461
0.13579999999999998
0.1389
0.1359
0.1742
0.9627
0.5353
0.3252
0.2482
0.24409999999999998
0.2584
0.2773
0.3191
0.43479999999999996
0.4773
0.4591
0.4629
1.9753
0.4891
0.5182
0.5616
0.815
0.48030000000000006
0.1679
0.1698
0.17370000000000002
0.1915
0.1941
0.2758
0.2654
0.13140000000000002
0.1628
0.12079999999999999
0.06820000000000001
0.0342
0.0279
0.0186
0.0257
0.0165
0.0156
0.0421
0.32330000000000003
0.36850000000000005
0.3681
0.311
0.2567
0.237
0.2757
0.2524
0.2406
0.2277
0.2345
0.3725
1.5063
0.4724
0.4394
0.3702
0.40259999999999996
0.41990000000000005
0.3798
0.32930000000000004
0.3018
0.30879999999999996
0.4142
1.2743
1.8453
0.5066999999999999
0.4709
0.4734
0.4174
0.3684
1.4493
2.6829
1.9302000000000001
0.49860000000000004
0.1727
0.0444
0.0553
0.051699999999999996
0.0275
0.1772
0.0768
0.0252
0.062
0.1347
0.0281
0.0162
0.0263
0.0342
0.027299999999999998
0.0262
0.087
0.6796
0.7742
0.44820000000000004
2.7062
1.6705
1.6819
1.6561
1.7033
1.722
1.5463
1.4049999999999998
0.8902
0.2885
0.0329
0.002
0.0323
0.0
0.0511
1.4708999999999999
2.1662
2.2009
2.5737
5.0613
5.3741
4.8431999999999995
2.7339
1.4475
0.0965
0.092
0.0923
0.0925
0.0923
0.0852
0.07189999999999999
0.0744
0.09040000000000001
0.0837
0.0615
0.0456
0.0485
0.0449
0.052500000000000005
0.0618
0.0766
0.0601
0.0609
0.0784
0.0897
0.1015
0.1231
0.1215
4.492100000000001
4.2485
3.8709000000000002
0.5881
0.1835
0.1925
0.2017
0.2232
0.269
0.2655
0.2802
0.3067
0.33340000000000003
0.3543
0.5740000000000001
1.1836
0.6789000000000001
0.7974
1.3142
1.0376
0.418
0.3254
0.2925
3.6549
0.16249999999999998
0.1461
0.13579999999999998
0.1389
0.1359
0.1742
0.9627
0.5353
0.3252
0.2482
0.24409999999999998
0.2584
0.2773
0.3191
0.43479999999999996
0.4773
0.4591
0.4629
1.9753
0.4891
0.5182
0.5616
0.815
0.48030000000000006
0.1679
0.1698
0.17370000000000002
0.1915
0.1941
0.2758
0.2654
0.13140000000000002
0.1628
0.12079999999999999
0.06820000000000001
0.0342
0.0279
0.0186
0.0257
0.0165
0.0156
0.0421
0.32330000000000003
0.36850000000000005
0.3681
0.311
0.2567
0.237
0.2757
0.2524
0.2406
0.2277
0.2345
0.3725
1.5063
0.4724
0.4394
0.3702
0.40259999999999996
0.41990000000000005
0.3798
0.32930000000000004
0.3018
0.30879999999999996
0.4142
1.2743
1.8453
0.5066999999999999
0.4709
0.4734
0.4174
0.3684
1.4493
2.6829
1.9302000000000001
0.49860000000000004
0.1727
0.0444
0.0553
0.051699999999999996
0.0275
0.1772
0.0768
0.0252
0.062
0.1347
0.0281
0.0162
0.0263
0.0342
0.027299999999999998
0.0262
0.087
0.6796
0.7742
0.44820000000000004
2.7062
1.6705
1.6819
1.6561
1.7033
1.722
1.5463
1.4049999999999998
0.8902
0.2885
0.0329
0.002
0.0323
0.0
0.0511
1.4708999999999999
2.1662
2.2009
2.5737
5.0613
5.3741
4.8431999999999995
2.7339
1.4475
0.0965
0.092
0.0923
0.0925
0.0923
0.0852
0.07189999999999999
0.0744
0.09040000000000001
0.0837
0.0615
0.0456
0.0485
0.0449
0.052500000000000005
0.0618
0.0766
0.0601
0.0609
0.0784
0.0897
0.1015
0.1231
0.1215
4.492100000000001
4.2485
3.8709000000000002
0.5881
0.1835
0.1925
0.2017
0.2232
0.269
0.2655
0.2802
0.3067
0.33340000000000003
0.3543
0.5740000000000001
1.1836
0.6789000000000001
0.7974
1.3142
1.0376
0.418
0.3254
0.2925
3.6549
0.16249999999999998
0.1461
0.13579999999999998
0.1389
0.1359
0.1742
0.9627
0.5353
0.3252
0.2482
0.24409999999999998
0.2584
0.2773
0.3191
0.43479999999999996
0.4773
0.4591
0.4629
1.9753
0.4891
0.5182
0.5616
0.815
0.48030000000000006
0.1679
0.1698
0.17370000000000002
0.1915
0.1941
0.2758
0.2654
0.13140000000000002
0.1628
0.12079999999999999
0.06820000000000001
0.0342
0.0279
0.0186
0.0257
0.0165
0.0156
0.0421
0.32330000000000003
0.36850000000000005
0.3681
0.311
0.2567
0.237
0.2757
0.2524
0.2406
0.2277
0.2345
0.3725
1.5063
0.4724
0.4394
0.3702
0.40259999999999996
0.41990000000000005
0.3798
0.32930000000000004
0.3018
0.30879999999999996
0.4142
1.2743
1.8453
0.5066999999999999
0.4709
0.4734
0.4174
0.3684
1.4493
2.6829
1.9302000000000001
0.49860000000000004
0.1727
0.0444
0.0553
0.051699999999999996
0.0275
0.1772
0.0768
0.0252
0.062
0.1347
0.0281
0.0162
0.0263
0.0342
0.027299999999999998
0.0262
0.087
0.6796
0.7742
0.44820000000000004
2.7062
1.6705
1.6819
1.6561
1.7033
1.722
1.5463
1.4049999999999998
0.8902
0.2885
0.0329
0.002
0.0323
0.0
0.0511
1.4708999999999999
2.1662
2.2009
2.5737
5.0613
5.3741
4.8431999999999995
2.7339
1.4475
0.0965
0.092
0.0923
0.0925
0.0923
0.0852
0.07189999999999999
0.0744
0.09040000000000001
0.0837
0.0615
0.0456
0.0485
0.0449
0.052500000000000005
0.0618
0.0766
0.0601
0.0609
0.0784
0.0897
0.1015
0.1231
0.1215
4.492100000000001
4.2485
3.8709000000000002
0.5881
0.1835
0.1925
0.2017
0.2232
0.269
0.2655
0.2802
0.3067
0.33340000000000003
0.3543
0.5740000000000001
1.1836
0.6789000000000001
0.7974
1.3142
1.0376
0.418
0.3254
0.2925
3.6549
0.16249999999999998
0.1461
0.13579999999999998
0.1389
0.1359
0.1742
0.9627
0.5353
0.3252
0.2482
0.24409999999999998
0.2584
0.2773
0.3191
0.43479999999999996
0.4773
0.4591
0.4629
1.9753
0.4891
0.5182
0.5616
0.815
0.48030000000000006
0.1679
0.1698
0.17370000000000002
0.1915
0.1941
0.2758
0.2654
0.13140000000000002
0.1628
0.12079999999999999
0.06820000000000001
0.0342
0.0279
0.0186
0.0257
0.0165
0.0156
0.0421
0.32330000000000003
0.36850000000000005
0.3681
0.311
0.2567
0.237
0.2757
0.2524
0.2406
0.2277
0.2345
0.3725
1.5063
0.4724
0.4394
0.3702
0.40259999999999996
0.41990000000000005
0.3798
0.32930000000000004
0.3018
0.30879999999999996
0.4142
1.2743
1.8453
0.5066999999999999
0.4709
0.4734
0.4174
0.3684
1.4493
2.6829
1.9302000000000001
0.49860000000000004
0.1727
0.0444
0.0553
0.051699999999999996
0.0275
0.1772
0.0768
0.0252
0.062
0.1347
0.0281
0.0162
0.0263
0.0342
0.027299999999999998
0.0262
0.087
0.6796
0.7742
0.44820000000000004
2.4989
2.3997
2.0408
1.3833
1.3893
0.7539
0.6649
1.0097
0.040400000000000005
0.0354
0.0626
0.0883
0.0717
0.0556
0.0586
0.046299999999999994
0.0005
0.014
0.0214
0.0059
0.0045
0.0
0.1949
2.1337
4.6751000000000005
2.9541
0.1576
0.1361
0.1257
0.11349999999999999
0.1309
0.5628
0.42210000000000003
0.2439
0.1311
0.1097
0.0935
0.0933
0.1062
0.239
0.13979999999999998
0.13590000000000002
0.1124
0.1087
0.1158
0.12110000000000001
0.3086
0.8046
0.0989
0.1056
0.1287
0.12329999999999999
0.127
1.3475
0.0
0.0088
0.0
0.0
0.0108
0.0102
0.0324
0.2576
0.4416
0.0046
0.0
0.4617
0.1288
0.0
0.0
0.0
0.0
0.0
5.922000000000001
4.964
3.0023999999999997
0.9766
0.0
0.07669999999999999
0.1755
0.0832
0.0498
0.039599999999999996
0.0445
0.067
0.051000000000000004
0.0613
0.019799999999999998
0.0119
0.0018
0.0121
0.0481
0.0748
0.0058
0.0
0.0
1.3969
0.1406
0.1349
0.1482
0.1363
0.154
0.2076
0.2774
0.15189999999999998
0.0683
0.0368
0.8537999999999999
0.151
0.0449
0.0078
2.6581
0.0849
0.9786
0.5973999999999999
0.4295
0.5545
0.4094
0.1052
0.0736
0.12279999999999999
0.4773
0.46099999999999997
0.4605
0.4433
0.3947
0.3214
0.2249
0.2215
0.18409999999999999
0.1341
0.1136
0.0797
0.1192
0.1196
0.098
0.4141
0.0654
0.0152
0.0
0.1203
0.5718
0.8218000000000001
0.46020000000000005
0.4119
0.2424
0.26439999999999997
0.2753
0.3499
0.3498
0.3653
0.4367
0.3019
0.114
0.0365
0.0281
0.0229
0.032299999999999995
0.025099999999999997
0.0316
0.0235
0.0235
0.08549999999999999
0.2395
0.2617
0.2808
0.23070000000000002
0.20729999999999998
0.21939999999999998
2.4989
2.3997
2.0408
1.3833
1.3893
0.7539
0.6649
1.0097
0.040400000000000005
0.0354
0.0626
0.0883
0.0717
0.0556
0.0586
0.046299999999999994
0.0005
0.014
0.0214
0.0059
0.0045
0.0
0.1949
2.1337
4.6751000000000005
2.9541
0.1576
0.1361
0.1257
0.11349999999999999
0.1309
0.5628
0.42210000000000003
0.2439
0.1311
0.1097
0.0935
0.0933
0.1062
0.239
0.13979999999999998
0.13590000000000002
0.1124
0.1087
0.1158
0.12110000000000001
0.3086
0.8046
0.0989
0.1056
0.1287
0.12329999999999999
0.127
1.3475
0.0
0.0088
0.0
0.0
0.0108
0.0102
0.0324
0.2576
0.4416
0.0046
0.0
0.4617
0.1288
0.0
0.0
0.0
0.0
0.0
5.922000000000001
4.964
3.0023999999999997
0.9766
0.0
0.07669999999999999
0.1755
0.0832
0.0498
0.039599999999999996
0.0445
0.067
0.051000000000000004
0.0613
0.019799999999999998
0.0119
0.0018
0.0121
0.0481
0.0748
0.0058
0.0
0.0
1.3969
0.1406
0.1349
0.1482
0.1363
0.154
0.2076
0.2774
0.15189999999999998
0.0683
0.0368
0.8537999999999999
0.151
0.0449
0.0078
2.6581
0.0849
0.9786
0.5973999999999999
0.4295
0.5545
0.4094
0.1052
0.0736
0.12279999999999999
0.4773
0.46099999999999997
0.4605
0.4433
0.3947
0.3214
0.2249
0.2215
0.18409999999999999
0.1341
0.1136
0.0797
0.1192
0.1196
0.098
0.4141
0.0654
0.0152
0.0
0.1203
0.5718
0.8218000000000001
0.46020000000000005
0.4119
0.2424
0.26439999999999997
0.2753
0.3499
0.3498
0.3653
0.4367
0.3019
0.114
0.0365
0.0281
0.0229
0.032299999999999995
0.025099999999999997
0.0316
0.0235
0.0235
0.08549999999999999
0.2395
0.2617
0.2808
0.23070000000000002
0.20729999999999998
0.21939999999999998
2.4989
2.3997
2.0408
1.3833
1.3893
0.7539
0.6649
1.0097
0.040400000000000005
0.0354
0.0626
0.0883
0.0717
0.0556
0.0586
0.046299999999999994
0.0005
0.014
0.0214
0.0059
0.0045
0.0
0.1949
2.1337
4.6751000000000005
2.9541
0.1576
0.1361
0.1257
0.11349999999999999
0.1309
0.5628
0.42210000000000003
0.2439
0.1311
0.1097
0.0935
0.0933
0.1062
0.239
0.13979999999999998
0.13590000000000002
0.1124
0.1087
0.1158
0.12110000000000001
0.3086
0.8046
0.0989
0.1056
0.1287
0.12329999999999999
0.127
1.3475
0.0
0.0088
0.0
0.0
0.0108
0.0102
0.0324
0.2576
0.4416
0.0046
0.0
0.4617
0.1288
0.0
0.0
0.0
0.0
0.0
5.922000000000001
4.964
3.0023999999999997
0.9766
0.0
0.07669999999999999
0.1755
0.0832
0.0498
0.039599999999999996
0.0445
0.067
0.051000000000000004
0.0613
0.019799999999999998
0.0119
0.0018
0.0121
0.0481
0.0748
0.0058
0.0
0.0
1.3969
0.1406
0.1349
0.1482
0.1363
0.154
0.2076
0.2774
0.15189999999999998
0.0683
0.0368
0.8537999999999999
0.151
0.0449
0.0078
2.6581
0.0849
0.9786
0.5973999999999999
0.4295
0.5545
0.4094
0.1052
0.0736
0.12279999999999999
0.4773
0.46099999999999997
0.4605
0.4433
0.3947
0.3214
0.2249
0.2215
0.18409999999999999
0.1341
0.1136
0.0797
0.1192
0.1196
0.098
0.4141
0.0654
0.0152
0.0
0.1203
0.5718
0.8218000000000001
0.46020000000000005
0.4119
0.2424
0.26439999999999997
0.2753
0.3499
0.3498
0.3653
0.4367
0.3019
0.114
0.0365
0.0281
0.0229
0.032299999999999995
0.025099999999999997
0.0316
0.0235
0.0235
0.08549999999999999
0.2395
0.2617
0.2808
0.23070000000000002
0.20729999999999998
0.21939999999999998
2.4989
2.3997
2.0408
1.3833
1.3893
0.7539
0.6649
1.0097
0.040400000000000005
0.0354
0.0626
0.0883
0.0717
0.0556
0.0586
0.046299999999999994
0.0005
0.014
0.0214
0.0059
0.0045
0.0
0.1949
2.1337
4.6751000000000005
2.9541
0.1576
0.1361
0.1257
0.11349999999999999
0.1309
0.5628
0.42210000000000003
0.2439
0.1311
0.1097
0.0935
0.0933
0.1062
0.239
0.13979999999999998
0.13590000000000002
0.1124
0.1087
0.1158
0.12110000000000001
0.3086
0.8046
0.0989
0.1056
0.1287
0.12329999999999999
0.127
1.3475
0.0
0.0088
0.0
0.0
0.0108
0.0102
0.0324
0.2576
0.4416
0.0046
0.0
0.4617
0.1288
0.0
0.0
0.0
0.0
0.0
5.922000000000001
4.964
3.0023999999999997
0.9766
0.0
0.07669999999999999
0.1755
0.0832
0.0498
0.039599999999999996
0.0445
0.067
0.051000000000000004
0.0613
0.019799999999999998
0.0119
0.0018
0.0121
0.0481
0.0748
0.0058
0.0
0.0
1.3969
0.1406
0.1349
0.1482
0.1363
0.154
0.2076
0.2774
0.15189999999999998
0.0683
0.0368
0.8537999999999999
0.151
0.0449
0.0078
2.6581
0.0849
0.9786
0.5973999999999999
0.4295
0.5545
0.4094
0.1052
0.0736
0.12279999999999999
0.4773
0.46099999999999997
0.4605
0.4433
0.3947
0.3214
0.2249
0.2215
0.18409999999999999
0.1341
0.1136
0.0797
0.1192
0.1196
0.098
0.4141
0.0654
0.0152
0.0
0.1203
0.5718
0.8218000000000001
0.46020000000000005
0.4119
0.2424
0.26439999999999997
0.2753
0.3499
0.3498
0.3653
0.4367
0.3019
0.114
0.0365
0.0281
0.0229
0.032299999999999995
0.025099999999999997
0.0316
0.0235
0.0235
0.08549999999999999
0.2395
0.2617
0.2808
0.23070000000000002
0.20729999999999998
0.21939999999999998
2.4989
2.3997
2.0408
1.3833
1.3893
0.7539
0.6649
1.0097
0.040400000000000005
0.0354
0.0626
0.0883
0.0717
0.0556
0.0586
0.046299999999999994
0.0005
0.014
0.0214
0.0059
0.0045
0.0
0.1949
2.1337
4.6751000000000005
2.9541
0.1576
0.1361
0.1257
0.11349999999999999
0.1309
0.5628
0.42210000000000003
0.2439
0.1311
0.1097
0.0935
0.0933
0.1062
0.239
0.13979999999999998
0.13590000000000002
0.1124
0.1087
0.1158
0.12110000000000001
0.3086
0.8046
0.0989
0.1056
0.1287
0.12329999999999999
0.127
1.3475
0.0
0.0088
0.0
0.0
0.0108
0.0102
0.0324
0.2576
0.4416
0.0046
0.0
0.4617
0.1288
0.0
0.0
0.0
0.0
0.0
0.3461
0.34409999999999996
0.34650000000000003
0.356
0.34199999999999997
0.3572
0.3667
0.11220000000000001
0.0485
0.0412
0.039
0.0284
0.0301
0.0238
0.0296
0.039
0.0866
0.2382
0.2697
0.3994
0.4995
0.4763
0.44289999999999996
0.4172
4.7468
3.4042999999999997
3.1673
0.36529999999999996
0.0844
0.0691
0.0341
0.0581
0.042300000000000004
0.0404
0.0278
0.030199999999999998
0.0259
0.0368
0.0152
0.0133
0.013399999999999999
0.0179
0.0078
0.0479
0.0167
0.0369
0.0315
0.1294
5.782299999999999
5.0722000000000005
3.3295
0.534
0.1122
0.08660000000000001
0.6686000000000001
0.4178
0.0278
0.0663
0.058899999999999994
0.051199999999999996
0.034699999999999995
0.0382
0.043399999999999994
0.06180000000000001
0.096
0.1204
0.1843
0.2613
0.2982
0.19390000000000002
0.1195
3.815
0.1466
0.0596
0.0505
0.0536
0.0696
0.06709999999999999
0.061
0.0984
0.2503
0.1808
0.019700000000000002
0.0313
0.0316
0.038099999999999995
0.0373
0.039400000000000004
0.0791
0.15139999999999998
0.2732
0.6957
0.73
0.44730000000000003
0.2678
3.7442
0.29469999999999996
0.2518
0.2644
0.2835
0.2859
0.39649999999999996
0.895
1.3195999999999999
1.6244
1.8665
2.1183
1.7911000000000001
1.3685999999999998
0.9437
0.5785
0.3139
0.25329999999999997
0.15560000000000002
0.24530000000000002
0.2988
4.199
7.8152
7.2405
1.0675000000000001
2.1492
1.2391999999999999
5.2577
3.4784
0.0
0.0164
0.0257
0.0
0.0199
0.027299999999999998
0.0022
0.0689
0.06470000000000001
0.2226
0.0395
0.0492
0.0209
0.0422
0.049699999999999994
0.07250000000000001
0.10289999999999999
0.0514
0.0
0.0127
0.0
0.0065
0.009399999999999999
0.0183
0.0028
0.0072
0.11019999999999999
0.1592
0.098
0.0
0.029699999999999997
0.09820000000000001
1.0109
4.086600000000001
0.2212
0.1352
0.23349999999999999
0.6246
1.7649
0.0
0.0
0.0
0.0
0.0
0.3461
0.34409999999999996
0.34650000000000003
0.356
0.34199999999999997
0.3572
0.3667
0.11220000000000001
0.0485
0.0412
0.039
0.0284
0.0301
0.0238
0.0296
0.039
0.0866
0.2382
0.2697
0.3994
0.4995
0.4763
0.44289999999999996
0.4172
4.7468
3.4042999999999997
3.1673
0.36529999999999996
0.0844
0.0691
0.0341
0.0581
0.042300000000000004
0.0404
0.0278
0.030199999999999998
0.0259
0.0368
0.0152
0.0133
0.013399999999999999
0.0179
0.0078
0.0479
0.0167
0.0369
0.0315
0.1294
5.782299999999999
5.0722000000000005
3.3295
0.534
0.1122
0.08660000000000001
0.6686000000000001
0.4178
0.0278
0.0663
0.058899999999999994
0.051199999999999996
0.034699999999999995
0.0382
0.043399999999999994
0.06180000000000001
0.096
0.1204
0.1843
0.2613
0.2982
0.19390000000000002
0.1195
3.815
0.1466
0.0596
0.0505
0.0536
0.0696
0.06709999999999999
0.061
0.0984
0.2503
0.1808
0.019700000000000002
0.0313
0.0316
0.038099999999999995
0.0373
0.039400000000000004
0.0791
0.15139999999999998
0.2732
0.6957
0.73
0.44730000000000003
0.2678
3.7442
0.29469999999999996
0.2518
0.2644
0.2835
0.2859
0.39649999999999996
0.895
1.3195999999999999
1.6244
1.8665
2.1183
1.7911000000000001
1.3685999999999998
0.9437
0.5785
0.3139
0.25329999999999997
0.15560000000000002
0.24530000000000002
0.2988
4.199
7.8152
7.2405
1.0675000000000001
2.1492
1.2391999999999999
5.2577
3.4784
0.0
0.0164
0.0257
0.0
0.0199
0.027299999999999998
0.0022
0.0689
0.06470000000000001
0.2226
0.0395
0.0492
0.0209
0.0422
0.049699999999999994
0.07250000000000001
0.10289999999999999
0.0514
0.0
0.0127
0.0
0.0065
0.009399999999999999
0.0183
0.0028
0.0072
0.11019999999999999
0.1592
0.098
0.0
0.029699999999999997
0.09820000000000001
1.0109
4.086600000000001
0.2212
0.1352
0.23349999999999999
0.6246
1.7649
0.0
0.0
0.0
0.0
0.0
0.3461
0.34409999999999996
0.34650000000000003
0.356
0.34199999999999997
0.3572
0.3667
0.11220000000000001
0.0485
0.0412
0.039
0.0284
0.0301
0.0238
0.0296
0.039
0.0866
0.2382
0.2697
0.3994
0.4995
0.4763
0.44289999999999996
0.4172
4.7468
3.4042999999999997
3.1673
0.36529999999999996
0.0844
0.0691
0.0341
0.0581
0.042300000000000004
0.0404
0.0278
0.030199999999999998
0.0259
0.0368
0.0152
0.0133
0.013399999999999999
0.0179
0.0078
0.0479
0.0167
0.0369
0.0315
0.1294
5.782299999999999
5.0722000000000005
3.3295
0.534
0.1122
0.08660000000000001
0.6686000000000001
0.4178
0.0278
0.0663
0.058899999999999994
0.051199999999999996
0.034699999999999995
0.0382
0.043399999999999994
0.06180000000000001
0.096
0.1204
0.1843
0.2613
0.2982
0.19390000000000002
0.1195
3.815
0.1466
0.0596
0.0505
0.0536
0.0696
0.06709999999999999
0.061
0.0984
0.2503
0.1808
0.019700000000000002
0.0313
0.0316
0.038099999999999995
0.0373
0.039400000000000004
0.0791
0.15139999999999998
0.2732
0.6957
0.73
0.44730000000000003
0.2678
3.7442
0.29469999999999996
0.2518
0.2644
0.2835
0.2859
0.39649999999999996
0.895
1.3195999999999999
1.6244
1.8665
2.1183
1.7911000000000001
1.3685999999999998
0.9437
0.5785
0.3139
0.25329999999999997
0.15560000000000002
0.24530000000000002
0.2988
4.199
7.8152
7.2405
1.0675000000000001
2.1492
1.2391999999999999
5.2577
3.4784
0.0
0.0164
0.0257
0.0
0.0199
0.027299999999999998
0.0022
0.0689
0.06470000000000001
0.2226
0.0395
0.0492
0.0209
0.0422
0.049699999999999994
0.07250000000000001
0.10289999999999999
0.0514
0.0
0.0127
0.0
0.0065
0.009399999999999999
0.0183
0.0028
0.0072
0.11019999999999999
0.1592
0.098
0.0
0.029699999999999997
0.09820000000000001
1.0109
4.086600000000001
0.2212
0.1352
0.23349999999999999
0.6246
1.7649
0.0
0.0
0.0
0.0
0.0
0.3461
0.34409999999999996
0.34650000000000003
0.356
0.34199999999999997
0.3572
0.3667
0.11220000000000001
0.0485
0.0412
0.039
0.0284
0.0301
0.0238
0.0296
0.039
0.0866
0.2382
0.2697
0.3994
0.4995
0.4763
0.44289999999999996
0.4172
4.7468
3.4042999999999997
3.1673
0.36529999999999996
0.0844
0.0691
0.0341
0.0581
0.042300000000000004
0.0404
0.0278
0.030199999999999998
0.0259
0.0368
0.0152
0.0133
0.013399999999999999
0.0179
0.0078
0.0479
0.0167
0.0369
0.0315
0.1294
5.782299999999999
5.0722000000000005
3.3295
0.534
0.1122
0.08660000000000001
0.6686000000000001
0.4178
0.0278
0.0663
0.058899999999999994
0.051199999999999996
0.034699999999999995
0.0382
0.043399999999999994
0.06180000000000001
0.096
0.1204
0.1843
0.2613
0.2982
0.19390000000000002
0.1195
3.815
0.1466
0.0596
0.0505
0.0536
0.0696
0.06709999999999999
0.061
0.0984
0.2503
0.1808
0.019700000000000002
0.0313
0.0316
0.038099999999999995
0.0373
0.039400000000000004
0.0791
0.15139999999999998
0.2732
0.6957
0.73
0.44730000000000003
0.2678
3.7442
0.29469999999999996
0.2518
0.2644
0.2835
0.2859
0.39649999999999996
0.895
1.3195999999999999
1.6244
1.8665
2.1183
1.7911000000000001
1.3685999999999998
0.9437
0.5785
0.3139
0.25329999999999997
0.15560000000000002
0.24530000000000002
0.2988
4.199
7.8152
7.2405
1.0675000000000001
2.1492
1.2391999999999999
5.2577
3.4784
0.0
0.0164
0.0257
0.0
0.0199
0.027299999999999998
0.0022
0.0689
0.06470000000000001
0.2226
0.0395
0.0492
0.0209
0.0422
0.049699999999999994
0.07250000000000001
0.10289999999999999
0.0514
0.0
0.0127
0.0
0.0065
0.009399999999999999
0.0183
0.0028
0.0072
0.11019999999999999
0.1592
0.098
0.0
0.029699999999999997
0.09820000000000001
1.0109
4.086600000000001
0.2212
0.1352
0.23349999999999999
0.6246
1.7649
0.0
0.0
0.0
0.0
0.0
0.3461
0.34409999999999996
0.34650000000000003
0.356
0.34199999999999997
0.3572
0.3667
0.11220000000000001
0.0485
0.0412
0.039
0.0284
0.0301
0.0238
0.0296
0.039
0.0866
0.2382
0.2697
0.3994
0.4995
0.4763
0.44289999999999996
0.4172
4.7468
3.4042999999999997
3.1673
0.36529999999999996
0.0844
0.0691
0.0341
0.0581
0.042300000000000004
0.0404
0.0278
0.030199999999999998
0.0259
0.0368
0.0152
0.0133
0.013399999999999999
0.0179
0.0078
0.0479
0.0167
0.0369
0.0315
0.1294
5.782299999999999
5.0722000000000005
3.3295
0.534
0.1122
0.08660000000000001
0.6686000000000001
0.4178
0.0278
0.0663
0.058899999999999994
0.051199999999999996
0.034699999999999995
0.0382
0.043399999999999994
0.06180000000000001
0.096
0.1204
0.1843
0.2613
0.2982
0.19390000000000002
0.1195
3.815
0.2358
0.0688
0.06420000000000001
0.0649
0.0494
0.0484
0.0437
0.0432
0.0441
0.050100000000000006
0.037000000000000005
0.038599999999999995
0.0363
0.030100000000000002
0.032299999999999995
0.0339
0.0567
0.1355
0.0411
0.0416
0.041800000000000004
0.033699999999999994
0.040999999999999995
0.49820000000000003
1.0709
0.6376999999999999
0.6652
0.17220000000000002
0.1147
0.1681
0.21389999999999998
0.1343
0.0562
0.0277
0.042300000000000004
0.0509
0.048100000000000004
0.038900000000000004
0.107
0.09159999999999999
0.18109999999999998
0.18480000000000002
0.2878
0.0
1.3974
17.5031
10.415
10.730599999999999
0.3913
0.353
0.3439
0.3506
0.3549
0.3798
0.39590000000000003
0.4979
0.5476
0.2798
0.0528
0.0356
0.0348
0.0403
0.0616
0.2836
0.5841999999999999
0.3913
0.4296
1.1868
0.5700000000000001
0.6204000000000001
0.6084
0.4808
1.6057000000000001
4.8498
4.331099999999999
3.3785
1.1115
0.9572
1.0028
1.7524000000000002
5.1196
4.8891
0.6934
0.19690000000000002
0.2259
0.3256
0.3261
0.523
0.7807999999999999
1.1442999999999999
1.4371
1.4001000000000001
1.4519
1.7273
2.4608
2.5885
0.061
0.058499999999999996
0.0539
0.0509
0.044399999999999995
0.0275
0.0229
0.0101
0.0062
0.0305
0.052599999999999994
0.109
0.0665
0.0385
0.0296
0.0407
0.0607
0.20900000000000002
0.182
0.11460000000000001
0.0943
0.0536
0.046700000000000005
0.05
2.8433
2.632
0.7936
0.3169
0.25379999999999997
0.2567
0.2573
0.2622
0.269
0.26280000000000003
0.2669
0.2922
0.3365
0.4389
0.6886
0.6297
2.116
0.7156
0.5921000000000001
0.5844
0.5882000000000001
0.5913999999999999
0.516
2.098
0.183
0.18280000000000002
0.18009999999999998
0.1767
0.1618
0.1153
0.054400000000000004
0.0346
0.034
0.0544
0.0499
0.0497
0.0475
0.0454
0.0469
0.060899999999999996
0.0561
0.0935
0.11939999999999999
0.0741
0.1397
0.1606
0.1738
0.17099999999999999
0.2358
0.0688
0.06420000000000001
0.0649
0.0494
0.0484
0.0437
0.0432
0.0441
0.050100000000000006
0.037000000000000005
0.038599999999999995
0.0363
0.030100000000000002
0.032299999999999995
0.0339
0.0567
0.1355
0.0411
0.0416
0.041800000000000004
0.033699999999999994
0.040999999999999995
0.49820000000000003
1.0709
0.6376999999999999
0.6652
0.17220000000000002
0.1147
0.1681
0.21389999999999998
0.1343
0.0562
0.0277
0.042300000000000004
0.0509
0.048100000000000004
0.038900000000000004
0.107
0.09159999999999999
0.18109999999999998
0.18480000000000002
0.2878
0.0
1.3974
17.5031
10.415
10.730599999999999
0.3913
0.353
0.3439
0.3506
0.3549
0.3798
0.39590000000000003
0.4979
0.5476
0.2798
0.0528
0.0356
0.0348
0.0403
0.0616
0.2836
0.5841999999999999
0.3913
0.4296
1.1868
0.5700000000000001
0.6204000000000001
0.6084
0.4808
1.6057000000000001
4.8498
4.331099999999999
3.3785
1.1115
0.9572
1.0028
1.7524000000000002
5.1196
4.8891
0.6934
0.19690000000000002
0.2259
0.3256
0.3261
0.523
0.7807999999999999
1.1442999999999999
1.4371
1.4001000000000001
1.4519
1.7273
2.4608
2.5885
0.061
0.058499999999999996
0.0539
0.0509
0.044399999999999995
0.0275
0.0229
0.0101
0.0062
0.0305
0.052599999999999994
0.109
0.0665
0.0385
0.0296
0.0407
0.0607
0.20900000000000002
0.182
0.11460000000000001
0.0943
0.0536
0.046700000000000005
0.05
2.8433
2.632
0.7936
0.3169
0.25379999999999997
0.2567
0.2573
0.2622
0.269
0.26280000000000003
0.2669
0.2922
0.3365
0.4389
0.6886
0.6297
2.116
0.7156
0.5921000000000001
0.5844
0.5882000000000001
0.5913999999999999
0.516
2.098
0.183
0.18280000000000002
0.18009999999999998
0.1767
0.1618
0.1153
0.054400000000000004
0.0346
0.034
0.0544
0.0499
0.0497
0.0475
0.0454
0.0469
0.060899999999999996
0.0561
0.0935
0.11939999999999999
0.0741
0.1397
0.1606
0.1738
0.17099999999999999
0.2358
0.0688
0.06420000000000001
0.0649
0.0494
0.0484
0.0437
0.0432
0.0441
0.050100000000000006
0.037000000000000005
0.038599999999999995
0.0363
0.030100000000000002
0.032299999999999995
0.0339
0.0567
0.1355
0.0411
0.0416
0.041800000000000004
0.033699999999999994
0.040999999999999995
0.49820000000000003
1.0709
0.6376999999999999
0.6652
0.17220000000000002
0.1147
0.1681
0.21389999999999998
0.1343
0.0562
0.0277
0.042300000000000004
0.0509
0.048100000000000004
0.038900000000000004
0.107
0.09159999999999999
0.18109999999999998
0.18480000000000002
0.2878
0.0
1.3974
17.5031
10.415
10.730599999999999
0.3913
0.353
0.3439
0.3506
0.3549
0.3798
0.39590000000000003
0.4979
0.5476
0.2798
0.0528
0.0356
0.0348
0.0403
0.0616
0.2836
0.5841999999999999
0.3913
0.4296
1.1868
0.5700000000000001
0.6204000000000001
0.6084
0.4808
1.6057000000000001
4.8498
4.331099999999999
3.3785
1.1115
0.9572
1.0028
1.7524000000000002
5.1196
4.8891
0.6934
0.19690000000000002
0.2259
0.3256
0.3261
0.523
0.7807999999999999
1.1442999999999999
1.4371
1.4001000000000001
1.4519
1.7273
2.4608
2.5885
0.061
0.058499999999999996
0.0539
0.0509
0.044399999999999995
0.0275
0.0229
0.0101
0.0062
0.0305
0.052599999999999994
0.109
0.0665
0.0385
0.0296
0.0407
0.0607
0.20900000000000002
0.182
0.11460000000000001
0.0943
0.0536
0.046700000000000005
0.05
2.8433
2.632
0.7936
0.3169
0.25379999999999997
0.2567
0.2573
0.2622
0.269
0.26280000000000003
0.2669
0.2922
0.3365
0.4389
0.6886
0.6297
2.116
0.7156
0.5921000000000001
0.5844
0.5882000000000001
0.5913999999999999
0.516
2.098
0.183
0.18280000000000002
0.18009999999999998
0.1767
0.1618
0.1153
0.054400000000000004
0.0346
0.034
0.0544
0.0499
0.0497
0.0475
0.0454
0.0469
0.060899999999999996
0.0561
0.0935
0.11939999999999999
0.0741
0.1397
0.1606
0.1738
0.17099999999999999
0.2358
0.0688
0.06420000000000001
0.0649
0.0494
0.0484
0.0437
0.0432
0.0441
0.050100000000000006
0.037000000000000005
0.038599999999999995
0.0363
0.030100000000000002
0.032299999999999995
0.0339
0.0567
0.1355
0.0411
0.0416
0.041800000000000004
0.033699999999999994
0.040999999999999995
0.49820000000000003
1.0709
0.6376999999999999
0.6652
0.17220000000000002
0.1147
0.1681
0.21389999999999998
0.1343
0.0562
0.0277
0.042300000000000004
0.0509
0.048100000000000004
0.038900000000000004
0.107
0.09159999999999999
0.18109999999999998
0.18480000000000002
0.2878
0.0
1.3974
17.5031
10.415
10.730599999999999
0.3913
0.353
0.3439
0.3506
0.3549
0.3798
0.39590000000000003
0.4979
0.5476
0.2798
0.0528
0.0356
0.0348
0.0403
0.0616
0.2836
0.5841999999999999
0.3913
0.4296
1.1868
0.5700000000000001
0.6204000000000001
0.6084
0.4808
1.6057000000000001
4.8498
4.331099999999999
3.3785
1.1115
0.9572
1.0028
1.7524000000000002
5.1196
4.8891
0.6934
0.19690000000000002
0.2259
0.3256
0.3261
0.523
0.7807999999999999
1.1442999999999999
1.4371
1.4001000000000001
1.4519
1.7273
2.4608
2.5885
0.061
0.058499999999999996
0.0539
0.0509
0.044399999999999995
0.0275
0.0229
0.0101
0.0062
0.0305
0.052599999999999994
0.109
0.0665
0.0385
0.0296
0.0407
0.0607
0.20900000000000002
0.182
0.11460000000000001
0.0943
0.0536
0.046700000000000005
0.05
2.8433
2.632
0.7936
0.3169
0.25379999999999997
0.2567
0.2573
0.2622
0.269
0.26280000000000003
0.2669
0.2922
0.3365
0.4389
0.6886
0.6297
2.116
0.7156
0.5921000000000001
0.5844
0.5882000000000001
0.5913999999999999
0.516
2.098
0.183
0.18280000000000002
0.18009999999999998
0.1767
0.1618
0.1153
0.054400000000000004
0.0346
0.034
0.0544
0.0499
0.0497
0.0475
0.0454
0.0469
0.060899999999999996
0.0561
0.0935
0.11939999999999999
0.0741
0.1397
0.1606
0.1738
0.17099999999999999
0.2358
0.0688
0.06420000000000001
0.0649
0.0494
0.0484
0.0437
0.0432
0.0441
0.050100000000000006
0.037000000000000005
0.038599999999999995
0.0363
0.030100000000000002
0.032299999999999995
0.0339
0.0567
0.1355
0.0411
0.0416
0.041800000000000004
0.033699999999999994
0.040999999999999995
0.49820000000000003
1.0709
0.6376999999999999
0.6652
0.17220000000000002
0.1147
0.1681
0.21389999999999998
0.1343
0.0562
0.0277
0.042300000000000004
0.0509
0.048100000000000004
0.038900000000000004
0.107
0.09159999999999999
0.18109999999999998
0.18480000000000002
0.2878
0.0
1.3974
17.5031
10.415
10.730599999999999
2.1351
7.4986
6.9505
2.3664
0.2097
0.1482
0.17570000000000002
0.254
0.16959999999999997
0.1173
0.1124
0.0938
0.082
0.0686
0.0759
0.0927
0.10189999999999999
0.1252
0.1674
0.2253
0.2066
0.2087
0.3496
0.5075000000000001
0.2586
1.4392
1.5776
1.6892
1.6867
1.8779
2.0152
0.2123
0.1547
0.25839999999999996
0.2687
0.6202000000000001
0.8897999999999999
0.76
0.7713
0.5177
0.4273
0.4381
0.5601
1.0068000000000001
1.0964
0.2803
0.21250000000000002
0.191
3.9516999999999998
3.2873
2.7607999999999997
2.1334999999999997
0.9155
0.8631
1.0511
0.4808
0.0784
0.0408
0.0431
0.0364
0.032100000000000004
0.0393
0.0437
0.1287
0.504
0.5041
0.8123
1.3671
1.9655
1.6096
0.9452
2.9576000000000002
3.3225
4.5918
3.4795
2.5361000000000002
0.0769
0.017
0.0238
0.033100000000000004
0.0287
0.033100000000000004
0.045
0.0353
0.0344
0.0411
0.0474
0.0388
0.0195
0.0349
0.0259
0.10439999999999999
0.3782
0.516
0.7376
3.0195
0.5557
1.8302
2.1833
1.4913
1.3688
1.4598
0.1156
0.020200000000000003
0.025500000000000002
0.0324
0.024
0.0285
0.020499999999999997
0.027200000000000002
0.013
0.0309
0.1738
0.1356
0.0003
0.0586
0.1567
0.6319
0.7777000000000001
0.38959999999999995
0.0
0.0
0.0
0.0
0.0
0.0281
0.24609999999999999
0.5101
0.43520000000000003
0.3327
0.2457
0.2074
0.2525
1.5171999999999999
0.5127
0.8932
0.1598
0.0
0.5719000000000001
0.0
0.0308
0.008
0.0
0.0
0.2781
1.6473
3.853
2.0385
0.30820000000000003
0.281
0.3068
0.3484
0.3859
0.4405
0.5326
0.7815
0.5459
0.4686
0.48040000000000005
0.4569
0.8692
1.4319
0.5908
0.6177
0.5
0.385
0.2976
0.2894
2.1351
7.4986
6.9505
2.3664
0.2097
0.1482
0.17570000000000002
0.254
0.16959999999999997
0.1173
0.1124
0.0938
0.082
0.0686
0.0759
0.0927
0.10189999999999999
0.1252
0.1674
0.2253
0.2066
0.2087
0.3496
0.5075000000000001
0.2586
1.4392
1.5776
1.6892
1.6867
1.8779
2.0152
0.2123
0.1547
0.25839999999999996
0.2687
0.6202000000000001
0.8897999999999999
0.76
0.7713
0.5177
0.4273
0.4381
0.5601
1.0068000000000001
1.0964
0.2803
0.21250000000000002
0.191
3.9516999999999998
3.2873
2.7607999999999997
2.1334999999999997
0.9155
0.8631
1.0511
0.4808
0.0784
0.0408
0.0431
0.0364
0.032100000000000004
0.0393
0.0437
0.1287
0.504
0.5041
0.8123
1.3671
1.9655
1.6096
0.9452
2.9576000000000002
3.3225
4.5918
3.4795
2.5361000000000002
0.0769
0.017
0.0238
0.033100000000000004
0.0287
0.033100000000000004
0.045
0.0353
0.0344
0.0411
0.0474
0.0388
0.0195
0.0349
0.0259
0.10439999999999999
0.3782
0.516
0.7376
3.0195
0.5557
1.8302
2.1833
1.4913
1.3688
1.4598
0.1156
0.020200000000000003
0.025500000000000002
0.0324
0.024
0.0285
0.020499999999999997
0.027200000000000002
0.013
0.0309
0.1738
0.1356
0.0003
0.0586
0.1567
0.6319
0.7777000000000001
0.38959999999999995
0.0
0.0
0.0
0.0
0.0
0.0281
0.24609999999999999
0.5101
0.43520000000000003
0.3327
0.2457
0.2074
0.2525
1.5171999999999999
0.5127
0.8932
0.1598
0.0
0.5719000000000001
0.0
0.0308
0.008
0.0
0.0
0.2781
1.6473
3.853
2.0385
0.30820000000000003
0.281
0.3068
0.3484
0.3859
0.4405
0.5326
0.7815
0.5459
0.4686
0.48040000000000005
0.4569
0.8692
1.4319
0.5908
0.6177
0.5
0.385
0.2976
0.2894
2.1351
7.4986
6.9505
2.3664
0.2097
0.1482
0.17570000000000002
0.254
0.16959999999999997
0.1173
0.1124
0.0938
0.082
0.0686
0.0759
0.0927
0.10189999999999999
0.1252
0.1674
0.2253
0.2066
0.2087
0.3496
0.5075000000000001
0.2586
1.4392
1.5776
1.6892
1.6867
1.8779
2.0152
0.2123
0.1547
0.25839999999999996
0.2687
0.6202000000000001
0.8897999999999999
0.76
0.7713
0.5177
0.4273
0.4381
0.5601
1.0068000000000001
1.0964
0.2803
0.21250000000000002
0.191
3.9516999999999998
3.2873
2.7607999999999997
2.1334999999999997
0.9155
0.8631
1.0511
0.4808
0.0784
0.0408
0.0431
0.0364
0.032100000000000004
0.0393
0.0437
0.1287
0.504
0.5041
0.8123
1.3671
1.9655
1.6096
0.9452
2.9576000000000002
3.3225
4.5918
3.4795
2.5361000000000002
0.0769
0.017
0.0238
0.033100000000000004
0.0287
0.033100000000000004
0.045
0.0353
0.0344
0.0411
0.0474
0.0388
0.0195
0.0349
0.0259
0.10439999999999999
0.3782
0.516
0.7376
3.0195
0.5557
1.8302
2.1833
1.4913
1.3688
1.4598
0.1156
0.020200000000000003
0.025500000000000002
0.0324
0.024
0.0285
0.020499999999999997
0.027200000000000002
0.013
0.0309
0.1738
0.1356
0.0003
0.0586
0.1567
0.6319
0.7777000000000001
0.38959999999999995
0.0
0.0
0.0
0.0
0.0
0.0281
0.24609999999999999
0.5101
0.43520000000000003
0.3327
0.2457
0.2074
0.2525
1.5171999999999999
0.5127
0.8932
0.1598
0.0
0.5719000000000001
0.0
0.0308
0.008
0.0
0.0
0.2781
1.6473
3.853
2.0385
0.30820000000000003
0.281
0.3068
0.3484
0.3859
0.4405
0.5326
0.7815
0.5459
0.4686
0.48040000000000005
0.4569
0.8692
1.4319
0.5908
0.6177
0.5
0.385
0.2976
0.2894
2.1351
7.4986
6.9505
2.3664
0.2097
0.1482
0.17570000000000002
0.254
0.16959999999999997
0.1173
0.1124
0.0938
0.082
0.0686
0.0759
0.0927
0.10189999999999999
0.1252
0.1674
0.2253
0.2066
0.2087
0.3496
0.5075000000000001
0.2586
1.4392
1.5776
1.6892
1.6867
1.8779
2.0152
0.2123
0.1547
0.25839999999999996
0.2687
0.6202000000000001
0.8897999999999999
0.76
0.7713
0.5177
0.4273
0.4381
0.5601
1.0068000000000001
1.0964
0.2803
0.21250000000000002
0.191
3.9516999999999998
3.2873
2.7607999999999997
2.1334999999999997
0.9155
0.8631
1.0511
0.4808
0.0784
0.0408
0.0431
0.0364
0.032100000000000004
0.0393
0.0437
0.1287
0.504
0.5041
0.8123
1.3671
1.9655
1.6096
0.9452
2.9576000000000002
3.3225
4.5918
3.4795
2.5361000000000002
0.0769
0.017
0.0238
0.033100000000000004
0.0287
0.033100000000000004
0.045
0.0353
0.0344
0.0411
0.0474
0.0388
0.0195
0.0349
0.0259
0.10439999999999999
0.3782
0.516
0.7376
3.0195
0.5557
1.8302
2.1833
1.4913
1.3688
1.4598
0.1156
0.020200000000000003
0.025500000000000002
0.0324
0.024
0.0285
0.020499999999999997
0.027200000000000002
0.013
0.0309
0.1738
0.1356
0.0003
0.0586
0.1567
0.6319
0.7777000000000001
0.38959999999999995
0.0
0.0
0.0
0.0
0.0
0.0281
0.24609999999999999
0.5101
0.43520000000000003
0.3327
0.2457
0.2074
0.2525
1.5171999999999999
0.5127
0.8932
0.1598
0.0
0.5719000000000001
0.0
0.0308
0.008
0.0
0.0
0.2781
1.6473
3.853
2.0385
0.30820000000000003
0.281
0.3068
0.3484
0.3859
0.4405
0.5326
0.7815
0.5459
0.4686
0.48040000000000005
0.4569
0.8692
1.4319
0.5908
0.6177
0.5
0.385
0.2976
0.2894
2.1351
7.4986
6.9505
2.3664
0.2097
0.1482
0.17570000000000002
0.254
0.16959999999999997
0.1173
0.1124
0.0938
0.082
0.0686
0.0759
0.0927
0.10189999999999999
0.1252
0.1674
0.2253
0.2066
0.2087
0.3496
0.5075000000000001
0.2586
1.4392
1.5776
1.6892
1.6867
1.8779
2.0152
0.2123
0.1547
0.25839999999999996
0.2687
0.6202000000000001
0.8897999999999999
0.76
0.7713
0.5177
0.4273
0.4381
0.5601
1.0068000000000001
1.0964
0.2803
0.21250000000000002
0.191
3.9516999999999998
3.2873
2.7607999999999997
2.1334999999999997
0.9155
0.8631
1.0511
0.4808
0.0784
0.0408
0.0431
0.0364
0.032100000000000004
0.0393
0.0437
0.1287
0.504
0.5041
0.8123
1.3671
1.9655
1.6096
0.9452
2.9576000000000002
2.2819000000000003
2.293
0.5507
0.36829999999999996
0.2662
0.2717
0.5128999999999999
0.1755
0.006
0.0083
0.03
0.0364
0.0327
0.0311
0.027299999999999998
0.0176
0.0751
0.7211
1.0234
1.2115
1.0227
0.6819
0.4504
4.1209
2.3115
2.5616000000000003
2.7312000000000003
1.1798000000000002
0.1554
0.2059
0.25229999999999997
0.3152
0.37839999999999996
0.39349999999999996
0.43179999999999996
0.5297000000000001
0.5692999999999999
0.6888000000000001
0.6411
0.47250000000000003
0.5163
0.508
0.5073
0.5647
1.3157
1.0419
0.249
2.9466
0.7790999999999999
4.654
4.462
2.062
0.3886
0.26239999999999997
0.3069
0.3286
0.4469
0.489
0.5186999999999999
0.3732
0.1904
0.1393
0.1239
0.1629
1.0761
0.4316
0.259
0.2274
0.2581
0.4722
1.8289
1.4222000000000001
1.9393
5.4986
5.5238
3.1456
0.26480000000000004
0.1072
0.0944
0.09259999999999999
0.0725
0.07830000000000001
0.07200000000000001
0.07139999999999999
0.07
0.0645
0.06770000000000001
0.06609999999999999
0.0766
0.4541
0.0944
0.1006
0.1379
0.1634
0.1817
0.216
2.4526000000000003
1.3208
0.0
0.0
0.0
0.0
0.022600000000000002
0.0
0.055
0.0949
0.4998
0.0341
0.0562
0.0711
0.060700000000000004
0.0201
0.0086
0.0143
0.016
0.0249
0.013000000000000001
0.0246
0.0
1.7518
0.9522999999999999
2.9032999999999998
5.9764
1.0058
0.1338
0.1269
0.3874
0.2987
0.27849999999999997
0.30169999999999997
0.28400000000000003
0.2994
0.3044
0.2939
0.2944
0.2751
0.2603
0.2555
0.3077
0.29769999999999996
0.2521
0.227
0.1925
0.1852
5.3248
5.128500000000001
4.1326
0.73
0.3857
0.42569999999999997
0.4969
0.4874
0.4693
0.4451
0.4433
0.4514
0.47150000000000003
0.4696
0.4815
0.5563
0.6477999999999999
1.0335
1.6734
0.7663
0.5984
0.548
0.4593
2.4265
2.2819000000000003
2.293
0.5507
0.36829999999999996
0.2662
0.2717
0.5128999999999999
0.1755
0.006
0.0083
0.03
0.0364
0.0327
0.0311
0.027299999999999998
0.0176
0.0751
0.7211
1.0234
1.2115
1.0227
0.6819
0.4504
4.1209
2.3115
2.5616000000000003
2.7312000000000003
1.1798000000000002
0.1554
0.2059
0.25229999999999997
0.3152
0.37839999999999996
0.39349999999999996
0.43179999999999996
0.5297000000000001
0.5692999999999999
0.6888000000000001
0.6411
0.47250000000000003
0.5163
0.508
0.5073
0.5647
1.3157
1.0419
0.249
2.9466
0.7790999999999999
4.654
4.462
2.062
0.3886
0.26239999999999997
0.3069
0.3286
0.4469
0.489
0.5186999999999999
0.3732
0.1904
0.1393
0.1239
0.1629
1.0761
0.4316
0.259
0.2274
0.2581
0.4722
1.8289
1.4222000000000001
1.9393
5.4986
5.5238
3.1456
0.26480000000000004
0.1072
0.0944
0.09259999999999999
0.0725
0.07830000000000001
0.07200000000000001
0.07139999999999999
0.07
0.0645
0.06770000000000001
0.06609999999999999
0.0766
0.4541
0.0944
0.1006
0.1379
0.1634
0.1817
0.216
2.4526000000000003
1.3208
0.0
0.0
0.0
0.0
0.022600000000000002
0.0
0.055
0.0949
0.4998
0.0341
0.0562
0.0711
0.060700000000000004
0.0201
0.0086
0.0143
0.016
0.0249
0.013000000000000001
0.0246
0.0
1.7518
0.9522999999999999
2.9032999999999998
5.9764
1.0058
0.1338
0.1269
0.3874
0.2987
0.27849999999999997
0.30169999999999997
0.28400000000000003
0.2994
0.3044
0.2939
0.2944
0.2751
0.2603
0.2555
0.3077
0.29769999999999996
0.2521
0.227
0.1925
0.1852
5.3248
5.128500000000001
4.1326
0.73
0.3857
0.42569999999999997
0.4969
0.4874
0.4693
0.4451
0.4433
0.4514
0.47150000000000003
0.4696
0.4815
0.5563
0.6477999999999999
1.0335
1.6734
0.7663
0.5984
0.548
0.4593
2.4265
2.2819000000000003
2.293
0.5507
0.36829999999999996
0.2662
0.2717
0.5128999999999999
0.1755
0.006
0.0083
0.03
0.0364
0.0327
0.0311
0.027299999999999998
0.0176
0.0751
0.7211
1.0234
1.2115
1.0227
0.6819
0.4504
4.1209
2.3115
2.5616000000000003
2.7312000000000003
1.1798000000000002
0.1554
0.2059
0.25229999999999997
0.3152
0.37839999999999996
0.39349999999999996
0.43179999999999996
0.5297000000000001
0.5692999999999999
0.6888000000000001
0.6411
0.47250000000000003
0.5163
0.508
0.5073
0.5647
1.3157
1.0419
0.249
2.9466
0.7790999999999999
4.654
4.462
2.062
0.3886
0.26239999999999997
0.3069
0.3286
0.4469
0.489
0.5186999999999999
0.3732
0.1904
0.1393
0.1239
0.1629
1.0761
0.4316
0.259
0.2274
0.2581
0.4722
1.8289
1.4222000000000001
1.9393
5.4986
5.5238
3.1456
0.26480000000000004
0.1072
0.0944
0.09259999999999999
0.0725
0.07830000000000001
0.07200000000000001
0.07139999999999999
0.07
0.0645
0.06770000000000001
0.06609999999999999
0.0766
0.4541
0.0944
0.1006
0.1379
0.1634
0.1817
0.216
2.4526000000000003
1.3208
0.0
0.0
0.0
0.0
0.022600000000000002
0.0
0.055
0.0949
0.4998
0.0341
0.0562
0.0711
0.060700000000000004
0.0201
0.0086
0.0143
0.016
0.0249
0.013000000000000001
0.0246
0.0
1.7518
0.9522999999999999
2.9032999999999998
5.9764
1.0058
0.1338
0.1269
0.3874
0.2987
0.27849999999999997
0.30169999999999997
0.28400000000000003
0.2994
0.3044
0.2939
0.2944
0.2751
0.2603
0.2555
0.3077
0.29769999999999996
0.2521
0.227
0.1925
0.1852
5.3248
5.128500000000001
4.1326
0.73
0.3857
0.42569999999999997
0.4969
0.4874
0.4693
0.4451
0.4433
0.4514
0.47150000000000003
0.4696
0.4815
0.5563
0.6477999999999999
1.0335
1.6734
0.7663
0.5984
0.548
0.4593
2.4265
2.2819000000000003
2.293
0.5507
0.36829999999999996
0.2662
0.2717
0.5128999999999999
0.1755
0.006
0.0083
0.03
0.0364
0.0327
0.0311
0.027299999999999998
0.0176
0.0751
0.7211
1.0234
1.2115
1.0227
0.6819
0.4504
4.1209
2.3115
2.5616000000000003
2.7312000000000003
1.1798000000000002
0.1554
0.2059
0.25229999999999997
0.3152
0.37839999999999996
0.39349999999999996
0.43179999999999996
0.5297000000000001
0.5692999999999999
0.6888000000000001
0.6411
0.47250000000000003
0.5163
0.508
0.5073
0.5647
1.3157
1.0419
0.249
2.9466
0.7790999999999999
4.654
4.462
2.062
0.3886
0.26239999999999997
0.3069
0.3286
0.4469
0.489
0.5186999999999999
0.3732
0.1904
0.1393
0.1239
0.1629
1.0761
0.4316
0.259
0.2274
0.2581
0.4722
1.8289
1.4222000000000001
1.9393
5.4986
5.5238
3.1456
0.26480000000000004
0.1072
0.0944
0.09259999999999999
0.0725
0.07830000000000001
0.07200000000000001
0.07139999999999999
0.07
0.0645
0.06770000000000001
0.06609999999999999
0.0766
0.4541
0.0944
0.1006
0.1379
0.1634
0.1817
0.216
2.4526000000000003
1.3208
0.0
0.0
0.0
0.0
0.022600000000000002
0.0
0.055
0.0949
0.4998
0.0341
0.0562
0.0711
0.060700000000000004
0.0201
0.0086
0.0143
0.016
0.0249
0.013000000000000001
0.0246
0.0
1.7518
0.9522999999999999
2.9032999999999998
5.9764
1.0058
0.1338
0.1269
0.3874
0.2987
0.27849999999999997
0.30169999999999997
0.28400000000000003
0.2994
0.3044
0.2939
0.2944
0.2751
0.2603
0.2555
0.3077
0.29769999999999996
0.2521
0.227
0.1925
0.1852
5.3248
5.128500000000001
4.1326
0.73
0.3857
0.42569999999999997
0.4969
0.4874
0.4693
0.4451
0.4433
0.4514
0.47150000000000003
0.4696
0.4815
0.5563
0.6477999999999999
1.0335
1.6734
0.7663
0.5984
0.548
0.4593
2.4265
2.2819000000000003
2.293
0.5507
0.36829999999999996
0.2662
0.2717
0.5128999999999999
0.1755
0.006
0.0083
0.03
0.0364
0.0327
0.0311
0.027299999999999998
0.0176
0.0751
0.7211
1.0234
1.2115
1.0227
0.6819
0.4504
4.1209
2.3115
2.5616000000000003
2.7312000000000003
1.1798000000000002
0.1554
0.2059
0.25229999999999997
0.3152
0.37839999999999996
0.39349999999999996
0.43179999999999996
0.5297000000000001
0.5692999999999999
0.6888000000000001
0.6411
0.47250000000000003
0.5163
0.508
0.5073
0.5647
1.3157
1.0419
0.249
2.9466
0.0
0.0
0.0
0.0075
0.028700000000000003
0.0022
0.0
0.0
0.0036
0.0
0.0013
0.0867
0.0634
0.0241
2.2507
0.0921
0.087
0.1001
0.6576
0.162
0.5901000000000001
0.5474
0.2838
0.09920000000000001
6.9579
5.389200000000001
1.5516999999999999
1.0296
0.7424
0.3191
0.18030000000000002
0.1761
0.12010000000000001
0.0769
0.0847
0.0621
0.045399999999999996
0.0382
0.0381
0.0268
0.024300000000000002
0.0581
0.0311
0.036
0.061
0.0497
0.6638999999999999
1.4891
1.0779
0.4345
0.3174
0.3165
0.3009
0.35919999999999996
0.4853
0.7945
0.7998
0.7841
0.7807
0.8163
0.8118000000000001
0.8715999999999999
0.8894
0.8901
0.9942
2.8715
0.997
0.8679
1.0364
1.5199
1.9420000000000002
1.467
0.2212
4.0701
3.9345
0.7026
0.0
0.0743
0.7133
0.1369
0.0903
0.11449999999999999
0.1199
0.1135
0.1237
0.1105
0.124
1.1295
0.1124
0.0572
0.0673
0.07750000000000001
0.0476
0.0337
0.0511
0.0674
5.3377
5.4673
5.4467
5.430400000000001
4.4229
1.0122
0.6333
1.9745
1.6480000000000001
1.8786
2.0804
1.899
0.625
0.39139999999999997
0.3742
1.5492000000000001
1.0973
0.4103
0.3833
0.3752
0.3509
0.36920000000000003
1.427
3.1497
0.0403
0.0319
0.0322
0.0343
0.0426
0.0494
0.053099999999999994
0.0234
0.0255
0.0137
0.0056
0.0372
0.043
0.0533
0.08829999999999999
0.05499999999999999
0.0262
0.0319
0.0242
0.0398
0.0342
0.0259
0.0325
0.04
0.3505
0.6618999999999999
2.6902
0.8197
0.2301
0.1247
0.1189
0.13340000000000002
0.2621
0.2133
0.1177
0.0644
0.0476
0.0439
0.0361
0.0701
0.112
0.24880000000000002
0.5085
0.7119
0.6969000000000001
0.5085
0.4193
0.3698
0.0
0.0
0.0
0.0075
0.028700000000000003
0.0022
0.0
0.0
0.0036
0.0
0.0013
0.0867
0.0634
0.0241
2.2507
0.0921
0.087
0.1001
0.6576
0.162
0.5901000000000001
0.5474
0.2838
0.09920000000000001
6.9579
5.389200000000001
1.5516999999999999
1.0296
0.7424
0.3191
0.18030000000000002
0.1761
0.12010000000000001
0.0769
0.0847
0.0621
0.045399999999999996
0.0382
0.0381
0.0268
0.024300000000000002
0.0581
0.0311
0.036
0.061
0.0497
0.6638999999999999
1.4891
1.0779
0.4345
0.3174
0.3165
0.3009
0.35919999999999996
0.4853
0.7945
0.7998
0.7841
0.7807
0.8163
0.8118000000000001
0.8715999999999999
0.8894
0.8901
0.9942
2.8715
0.997
0.8679
1.0364
1.5199
1.9420000000000002
1.467
0.2212
4.0701
3.9345
0.7026
0.0
0.0743
0.7133
0.1369
0.0903
0.11449999999999999
0.1199
0.1135
0.1237
0.1105
0.124
1.1295
0.1124
0.0572
0.0673
0.07750000000000001
0.0476
0.0337
0.0511
0.0674
5.3377
5.4673
5.4467
5.430400000000001
4.4229
1.0122
0.6333
1.9745
1.6480000000000001
1.8786
2.0804
1.899
0.625
0.39139999999999997
0.3742
1.5492000000000001
1.0973
0.4103
0.3833
0.3752
0.3509
0.36920000000000003
1.427
3.1497
0.0403
0.0319
0.0322
0.0343
0.0426
0.0494
0.053099999999999994
0.0234
0.0255
0.0137
0.0056
0.0372
0.043
0.0533
0.08829999999999999
0.05499999999999999
0.0262
0.0319
0.0242
0.0398
0.0342
0.0259
0.0325
0.04
0.3505
0.6618999999999999
2.6902
0.8197
0.2301
0.1247
0.1189
0.13340000000000002
0.2621
0.2133
0.1177
0.0644
0.0476
0.0439
0.0361
0.0701
0.112
0.24880000000000002
0.5085
0.7119
0.6969000000000001
0.5085
0.4193
0.3698
0.0
0.0
0.0
0.0075
0.028700000000000003
0.0022
0.0
0.0
0.0036
0.0
0.0013
0.0867
0.0634
0.0241
2.2507
0.0921
0.087
0.1001
0.6576
0.162
0.5901000000000001
0.5474
0.2838
0.09920000000000001
6.9579
5.389200000000001
1.5516999999999999
1.0296
0.7424
0.3191
0.18030000000000002
0.1761
0.12010000000000001
0.0769
0.0847
0.0621
0.045399999999999996
0.0382
0.0381
0.0268
0.024300000000000002
0.0581
0.0311
0.036
0.061
0.0497
0.6638999999999999
1.4891
1.0779
0.4345
0.3174
0.3165
0.3009
0.35919999999999996
0.4853
0.7945
0.7998
0.7841
0.7807
0.8163
0.8118000000000001
0.8715999999999999
0.8894
0.8901
0.9942
2.8715
0.997
0.8679
1.0364
1.5199
1.9420000000000002
1.467
0.2212
4.0701
3.9345
0.7026
0.0
0.0743
0.7133
0.1369
0.0903
0.11449999999999999
0.1199
0.1135
0.1237
0.1105
0.124
1.1295
0.1124
0.0572
0.0673
0.07750000000000001
0.0476
0.0337
0.0511
0.0674
5.3377
5.4673
5.4467
5.430400000000001
4.4229
1.0122
0.6333
1.9745
1.6480000000000001
1.8786
2.0804
1.899
0.625
0.39139999999999997
0.3742
1.5492000000000001
1.0973
0.4103
0.3833
0.3752
0.3509
0.36920000000000003
1.427
3.1497
0.0403
0.0319
0.0322
0.0343
0.0426
0.0494
0.053099999999999994
0.0234
0.0255
0.0137
0.0056
0.0372
0.043
0.0533
0.08829999999999999
0.05499999999999999
0.0262
0.0319
0.0242
0.0398
0.0342
0.0259
0.0325
0.04
0.3505
0.6618999999999999
2.6902
0.8197
0.2301
0.1247
0.1189
0.13340000000000002
0.2621
0.2133
0.1177
0.0644
0.0476
0.0439
0.0361
0.0701
0.112
0.24880000000000002
0.5085
0.7119
0.6969000000000001
0.5085
0.4193
0.3698
0.0
0.0
0.0
0.0075
0.028700000000000003
0.0022
0.0
0.0
0.0036
0.0
0.0013
0.0867
0.0634
0.0241
2.2507
0.0921
0.087
0.1001
0.6576
0.162
0.5901000000000001
0.5474
0.2838
0.09920000000000001
6.9579
5.389200000000001
1.5516999999999999
1.0296
0.7424
0.3191
0.18030000000000002
0.1761
0.12010000000000001
0.0769
0.0847
0.0621
0.045399999999999996
0.0382
0.0381
0.0268
0.024300000000000002
0.0581
0.0311
0.036
0.061
0.0497
0.6638999999999999
1.4891
1.0779
0.4345
0.3174
0.3165
0.3009
0.35919999999999996
0.4853
0.7945
0.7998
0.7841
0.7807
0.8163
0.8118000000000001
0.8715999999999999
0.8894
0.8901
0.9942
2.8715
0.997
0.8679
1.0364
1.5199
1.9420000000000002
1.467
0.2212
4.0701
3.9345
0.7026
0.0
0.0743
0.7133
0.1369
0.0903
0.11449999999999999
0.1199
0.1135
0.1237
0.1105
0.124
1.1295
0.1124
0.0572
0.0673
0.07750000000000001
0.0476
0.0337
0.0511
0.0674
5.3377
5.4673
5.4467
5.430400000000001
4.4229
1.0122
0.6333
1.9745
1.6480000000000001
1.8786
2.0804
1.899
0.625
0.39139999999999997
0.3742
1.5492000000000001
1.0973
0.4103
0.3833
0.3752
0.3509
0.36920000000000003
1.427
3.1497
0.0403
0.0319
0.0322
0.0343
0.0426
0.0494
0.053099999999999994
0.0234
0.0255
0.0137
0.0056
0.0372
0.043
0.0533
0.08829999999999999
0.05499999999999999
0.0262
0.0319
0.0242
0.0398
0.0342
0.0259
0.0325
0.04
0.3505
0.6618999999999999
2.6902
0.8197
0.2301
0.1247
0.1189
0.13340000000000002
0.2621
0.2133
0.1177
0.0644
0.0476
0.0439
0.0361
0.0701
0.112
0.24880000000000002
0.5085
0.7119
0.6969000000000001
0.5085
0.4193
0.3698
0.0
0.0
0.0
0.0075
0.028700000000000003
0.0022
0.0
0.0
0.0036
0.0
0.0013
0.0867
0.0634
0.0241
2.2507
0.0921
0.087
0.1001
0.6576
0.162
0.5901000000000001
0.5474
0.2838
0.09920000000000001
6.9579
5.389200000000001
1.5516999999999999
1.0296
0.7424
0.3191
0.18030000000000002
0.1761
0.12010000000000001
0.0769
0.0847
0.0621
0.045399999999999996
0.0382
0.0381
0.0268
0.024300000000000002
0.0581
0.0311
0.036
0.061
0.0497
0.6638999999999999
1.4891
1.0779
0.4345
0.3174
0.3165
0.3009
0.35919999999999996
0.4853
0.7945
0.7998
0.7841
0.7807
0.8163
0.8118000000000001
0.8715999999999999
0.8894
0.8901
0.9942
2.8715
0.997
0.8679
1.0364
1.5199
1.9420000000000002
1.467
