0.9858
0.9202
0.8634999999999999
0.9345
0.9853000000000001
1.012
1.1175000000000002
1.2534999999999998
1.4221
4.5961
2.1705
1.7367
1.2787000000000002
1.0126
0.8545
0.7476
0.7957000000000001
0.7806
0.8235
0.8515999999999999
0.9018999999999999
2.0128
4.7659
6.0057
0.8384
0.0
0.0552
0.023
0.0299
0.0913
0.2239
0.2432
0.18259999999999998
0.1628
0.1714
0.1923
0.1052
1.3002
0.54
0.08660000000000001
0.0817
0.0484
0.0267
0.0298
0.0014
0.008
0.0186
0.0206
0.1034
1.4138
1.1294
1.1840000000000002
1.1315
0.6624
1.2495
0.0
0.5249
0.0943
0.0526
0.0678
0.0702
0.0749
0.0695
0.028200000000000003
0.0411
0.047799999999999995
0.0348
0.0094
0.0052
0.0116
0.0291
0.0258
0.7922
0.5338
0.5098
0.4831
0.4415
0.46399999999999997
0.7325999999999999
0.41300000000000003
0.2454
0.14200000000000002
0.1253
0.15139999999999998
0.1607
0.1871
0.1642
0.12090000000000001
0.48109999999999997
0.3956
0.6416
0.9995
1.3506999999999998
1.3314
1.0905
1.1225
1.6697
1.0037
1.1248
0.6689
0.4525
0.53
0.2575
0.1402
0.1027
0.09809999999999999
0.0989
0.0862
0.1038
0.1159
0.2266
0.3288
0.2528
0.3608
0.48519999999999996
0.81
0.8451
0.47919999999999996
0.4032
1.8248
0.1053
0.0999
0.09670000000000001
0.0958
0.0907
0.0822
0.0691
0.1273
0.2706
0.0338
0.0468
0.048299999999999996
0.049100000000000005
0.0448
0.053099999999999994
0.0533
0.057800000000000004
0.1756
0.1428
0.11560000000000001
0.1503
0.199
0.21389999999999998
0.152
6.825
7.3812999999999995
4.4877
3.0541
0.7458
0.1844
0.036000000000000004
0.0113
0.0453
0.0529
0.0557
0.0654
0.0632
0.06570000000000001
0.0504
0.038
0.0619
0.0652
0.0736
0.062299999999999994
0.0068
0.043
0.7804
2.032
0.9858
0.9202
0.8634999999999999
0.9345
0.9853000000000001
1.012
1.1175000000000002
1.2534999999999998
1.4221
4.5961
2.1705
1.7367
1.2787000000000002
1.0126
0.8545
0.7476
0.7957000000000001
0.7806
0.8235
0.8515999999999999
0.9018999999999999
2.0128
4.7659
6.0057
0.8384
0.0
0.0552
0.023
0.0299
0.0913
0.2239
0.2432
0.18259999999999998
0.1628
0.1714
0.1923
0.1052
1.3002
0.54
0.08660000000000001
0.0817
0.0484
0.0267
0.0298
0.0014
0.008
0.0186
0.0206
0.1034
1.4138
1.1294
1.1840000000000002
1.1315
0.6624
1.2495
0.0
0.5249
0.0943
0.0526
0.0678
0.0702
0.0749
0.0695
0.028200000000000003
0.0411
0.047799999999999995
0.0348
0.0094
0.0052
0.0116
0.0291
0.0258
0.7922
0.5338
0.5098
0.4831
0.4415
0.46399999999999997
0.7325999999999999
0.41300000000000003
0.2454
0.14200000000000002
0.1253
0.15139999999999998
0.1607
0.1871
0.1642
0.12090000000000001
0.48109999999999997
0.3956
0.6416
0.9995
1.3506999999999998
1.3314
1.0905
1.1225
1.6697
1.0037
1.1248
0.6689
0.4525
0.53
0.2575
0.1402
0.1027
0.09809999999999999
0.0989
0.0862
0.1038
0.1159
0.2266
0.3288
0.2528
0.3608
0.48519999999999996
0.81
0.8451
0.47919999999999996
0.4032
1.8248
0.1053
0.0999
0.09670000000000001
0.0958
0.0907
0.0822
0.0691
0.1273
0.2706
0.0338
0.0468
0.048299999999999996
0.049100000000000005
0.0448
0.053099999999999994
0.0533
0.057800000000000004
0.1756
0.1428
0.11560000000000001
0.1503
0.199
0.21389999999999998
0.152
6.825
7.3812999999999995
4.4877
3.0541
0.7458
0.1844
0.036000000000000004
0.0113
0.0453
0.0529
0.0557
0.0654
0.0632
0.06570000000000001
0.0504
0.038
0.0619
0.0652
0.0736
0.062299999999999994
0.0068
0.043
0.7804
2.032
0.9858
0.9202
0.8634999999999999
0.9345
0.9853000000000001
1.012
1.1175000000000002
1.2534999999999998
1.4221
4.5961
2.1705
1.7367
1.2787000000000002
1.0126
0.8545
0.7476
0.7957000000000001
0.7806
0.8235
0.8515999999999999
0.9018999999999999
2.0128
4.7659
6.0057
0.8384
0.0
0.0552
0.023
0.0299
0.0913
0.2239
0.2432
0.18259999999999998
0.1628
0.1714
0.1923
0.1052
1.3002
0.54
0.08660000000000001
0.0817
0.0484
0.0267
0.0298
0.0014
0.008
0.0186
0.0206
0.1034
1.4138
1.1294
1.1840000000000002
1.1315
0.6624
1.2495
0.0
0.5249
0.0943
0.0526
0.0678
0.0702
0.0749
0.0695
0.028200000000000003
0.0411
0.047799999999999995
0.0348
0.0094
0.0052
0.0116
0.0291
0.0258
0.7922
0.5338
0.5098
0.4831
0.4415
0.46399999999999997
0.7325999999999999
0.41300000000000003
0.2454
0.14200000000000002
0.1253
0.15139999999999998
0.1607
0.1871
0.1642
0.12090000000000001
0.48109999999999997
0.3956
0.6416
0.9995
1.3506999999999998
1.3314
1.0905
1.1225
1.6697
1.0037
1.1248
0.6689
0.4525
0.53
0.2575
0.1402
0.1027
0.09809999999999999
0.0989
0.0862
0.1038
0.1159
0.2266
0.3288
0.2528
0.3608
0.48519999999999996
0.81
0.8451
0.47919999999999996
0.4032
1.8248
0.1053
0.0999
0.09670000000000001
0.0958
0.0907
0.0822
0.0691
0.1273
0.2706
0.0338
0.0468
0.048299999999999996
0.049100000000000005
0.0448
0.053099999999999994
0.0533
0.057800000000000004
0.1756
0.1428
0.11560000000000001
0.1503
0.199
0.21389999999999998
0.152
6.825
7.3812999999999995
4.4877
3.0541
0.7458
0.1844
0.036000000000000004
0.0113
0.0453
0.0529
0.0557
0.0654
0.0632
0.06570000000000001
0.0504
0.038
0.0619
0.0652
0.0736
0.062299999999999994
0.0068
0.043
0.7804
2.032
0.9858
0.9202
0.8634999999999999
0.9345
0.9853000000000001
1.012
1.1175000000000002
1.2534999999999998
1.4221
4.5961
2.1705
1.7367
1.2787000000000002
1.0126
0.8545
0.7476
0.7957000000000001
0.7806
0.8235
0.8515999999999999
0.9018999999999999
2.0128
4.7659
6.0057
0.8384
0.0
0.0552
0.023
0.0299
0.0913
0.2239
0.2432
0.18259999999999998
0.1628
0.1714
0.1923
0.1052
1.3002
0.54
0.08660000000000001
0.0817
0.0484
0.0267
0.0298
0.0014
0.008
0.0186
0.0206
0.1034
1.4138
1.1294
1.1840000000000002
1.1315
0.6624
1.2495
0.0
0.5249
0.0943
0.0526
0.0678
0.0702
0.0749
0.0695
0.028200000000000003
0.0411
0.047799999999999995
0.0348
0.0094
0.0052
0.0116
0.0291
0.0258
0.7922
0.5338
0.5098
0.4831
0.4415
0.46399999999999997
0.7325999999999999
0.41300000000000003
0.2454
0.14200000000000002
0.1253
0.15139999999999998
0.1607
0.1871
0.1642
0.12090000000000001
0.48109999999999997
0.3956
0.6416
0.9995
1.3506999999999998
1.3314
1.0905
1.1225
1.6697
1.0037
1.1248
0.6689
0.4525
0.53
0.2575
0.1402
0.1027
0.09809999999999999
0.0989
0.0862
0.1038
0.1159
0.2266
0.3288
0.2528
0.3608
0.48519999999999996
0.81
0.8451
0.47919999999999996
0.4032
1.8248
0.1053
0.0999
0.09670000000000001
0.0958
0.0907
0.0822
0.0691
0.1273
0.2706
0.0338
0.0468
0.048299999999999996
0.049100000000000005
0.0448
0.053099999999999994
0.0533
0.057800000000000004
0.1756
0.1428
0.11560000000000001
0.1503
0.199
0.21389999999999998
0.152
6.825
7.3812999999999995
4.4877
3.0541
0.7458
0.1844
0.036000000000000004
0.0113
0.0453
0.0529
0.0557
0.0654
0.0632
0.06570000000000001
0.0504
0.038
0.0619
0.0652
0.0736
0.062299999999999994
0.0068
0.043
0.7804
2.032
0.9858
0.9202
0.8634999999999999
0.9345
0.9853000000000001
1.012
1.1175000000000002
1.2534999999999998
1.4221
4.5961
2.1705
1.7367
1.2787000000000002
1.0126
0.8545
0.7476
0.7957000000000001
0.7806
0.8235
0.8515999999999999
0.9018999999999999
2.0128
4.7659
6.0057
0.8384
0.0
0.0552
0.023
0.0299
0.0913
0.2239
0.2432
0.18259999999999998
0.1628
0.1714
0.1923
0.1052
1.3002
0.54
0.08660000000000001
0.0817
0.0484
0.0267
0.0298
0.0014
0.008
0.0186
0.0206
0.1034
1.4138
1.1294
1.1840000000000002
1.1315
0.6624
1.2495
0.0
0.5249
0.0943
0.0526
0.0678
0.0702
0.0749
0.0695
0.028200000000000003
0.0411
0.047799999999999995
0.0348
0.0094
0.0052
0.0116
0.0291
0.0258
0.1767
2.1519000000000004
0.1186
0.1362
0.1383
0.21089999999999998
1.6404999999999998
1.0969
0.8671
0.8818
0.8144
0.7731
0.77
0.749
1.0951
1.0958
1.0017
0.3922
0.32730000000000004
0.281
0.27949999999999997
0.2811
0.2486
0.2241
0.142
0.0766
1.839
1.43
0.0992
0.059899999999999995
0.0363
0.0314
0.0339
0.15289999999999998
0.3472
0.4024
0.15439999999999998
0.101
0.1006
0.6287
0.6831
0.5296
0.8261000000000001
1.3724
1.1674
0.5041
0.3348
0.2188
0.21100000000000002
0.184
0.15739999999999998
0.1492
0.133
0.1254
0.14379999999999998
0.08990000000000001
0.0477
0.0552
0.0548
0.0702
0.0877
0.0944
0.09759999999999999
0.43170000000000003
1.0141
0.4761
0.5402
1.1078000000000001
2.1288
1.7606
1.6843
0.6082000000000001
4.4412
2.3516000000000004
1.2957
0.5051
0.2962
0.26539999999999997
0.2721
0.2582
0.2118
0.1473
0.1408
0.1201
0.1226
0.1263
0.1387
0.1457
0.5481
0.3571
0.4286
0.4986
0.5037
0.5294
0.4858
0.444
0.0023
0.0174
0.0385
0.008
0.0
0.0165
0.2558
0.8030999999999999
1.5427
0.3084
0.20850000000000002
0.2485
0.2861
0.5202
2.9583
0.47030000000000005
1.2963
0.9896
1.2064
0.9934000000000001
0.1934
0.0
0.0
0.0
1.701
0.1611
0.3327
0.22960000000000003
0.21089999999999998
0.1696
1.1341
0.5693
0.0
0.0458
0.0797
0.0749
0.0639
0.0559
0.0684
0.0245
0.0026
0.0217
0.0849
0.3163
0.4006
0.2723
0.1927
3.3028
4.8210999999999995
3.8123
3.7731
3.4021999999999997
1.7911
0.19619999999999999
0.2153
0.3272
0.6485000000000001
0.5577
0.3786
0.1985
0.1234
0.1061
0.0943
0.1343
0.1646
0.276
0.1994
0.1537
0.135
0.1059
0.4746
0.8635999999999999
0.1767
2.1519000000000004
0.1186
0.1362
0.1383
0.21089999999999998
1.6404999999999998
1.0969
0.8671
0.8818
0.8144
0.7731
0.77
0.749
1.0951
1.0958
1.0017
0.3922
0.32730000000000004
0.281
0.27949999999999997
0.2811
0.2486
0.2241
0.142
0.0766
1.839
1.43
0.0992
0.059899999999999995
0.0363
0.0314
0.0339
0.15289999999999998
0.3472
0.4024
0.15439999999999998
0.101
0.1006
0.6287
0.6831
0.5296
0.8261000000000001
1.3724
1.1674
0.5041
0.3348
0.2188
0.21100000000000002
0.184
0.15739999999999998
0.1492
0.133
0.1254
0.14379999999999998
0.08990000000000001
0.0477
0.0552
0.0548
0.0702
0.0877
0.0944
0.09759999999999999
0.43170000000000003
1.0141
0.4761
0.5402
1.1078000000000001
2.1288
1.7606
1.6843
0.6082000000000001
4.4412
2.3516000000000004
1.2957
0.5051
0.2962
0.26539999999999997
0.2721
0.2582
0.2118
0.1473
0.1408
0.1201
0.1226
0.1263
0.1387
0.1457
0.5481
0.3571
0.4286
0.4986
0.5037
0.5294
0.4858
0.444
0.0023
0.0174
0.0385
0.008
0.0
0.0165
0.2558
0.8030999999999999
1.5427
0.3084
0.20850000000000002
0.2485
0.2861
0.5202
2.9583
0.47030000000000005
1.2963
0.9896
1.2064
0.9934000000000001
0.1934
0.0
0.0
0.0
1.701
0.1611
0.3327
0.22960000000000003
0.21089999999999998
0.1696
1.1341
0.5693
0.0
0.0458
0.0797
0.0749
0.0639
0.0559
0.0684
0.0245
0.0026
0.0217
0.0849
0.3163
0.4006
0.2723
0.1927
3.3028
4.8210999999999995
3.8123
3.7731
3.4021999999999997
1.7911
0.19619999999999999
0.2153
0.3272
0.6485000000000001
0.5577
0.3786
0.1985
0.1234
0.1061
0.0943
0.1343
0.1646
0.276
0.1994
0.1537
0.135
0.1059
0.4746
0.8635999999999999
0.1767
2.1519000000000004
0.1186
0.1362
0.1383
0.21089999999999998
1.6404999999999998
1.0969
0.8671
0.8818
0.8144
0.7731
0.77
0.749
1.0951
1.0958
1.0017
0.3922
0.32730000000000004
0.281
0.27949999999999997
0.2811
0.2486
0.2241
0.142
0.0766
1.839
1.43
0.0992
0.059899999999999995
0.0363
0.0314
0.0339
0.15289999999999998
0.3472
0.4024
0.15439999999999998
0.101
0.1006
0.6287
0.6831
0.5296
0.8261000000000001
1.3724
1.1674
0.5041
0.3348
0.2188
0.21100000000000002
0.184
0.15739999999999998
0.1492
0.133
0.1254
0.14379999999999998
0.08990000000000001
0.0477
0.0552
0.0548
0.0702
0.0877
0.0944
0.09759999999999999
0.43170000000000003
1.0141
0.4761
0.5402
1.1078000000000001
2.1288
1.7606
1.6843
0.6082000000000001
4.4412
2.3516000000000004
1.2957
0.5051
0.2962
0.26539999999999997
0.2721
0.2582
0.2118
0.1473
0.1408
0.1201
0.1226
0.1263
0.1387
0.1457
0.5481
0.3571
0.4286
0.4986
0.5037
0.5294
0.4858
0.444
0.0023
0.0174
0.0385
0.008
0.0
0.0165
0.2558
0.8030999999999999
1.5427
0.3084
0.20850000000000002
0.2485
0.2861
0.5202
2.9583
0.47030000000000005
1.2963
0.9896
1.2064
0.9934000000000001
0.1934
0.0
0.0
0.0
1.701
0.1611
0.3327
0.22960000000000003
0.21089999999999998
0.1696
1.1341
0.5693
0.0
0.0458
0.0797
0.0749
0.0639
0.0559
0.0684
0.0245
0.0026
0.0217
0.0849
0.3163
0.4006
0.2723
0.1927
3.3028
4.8210999999999995
3.8123
3.7731
3.4021999999999997
1.7911
0.19619999999999999
0.2153
0.3272
0.6485000000000001
0.5577
0.3786
0.1985
0.1234
0.1061
0.0943
0.1343
0.1646
0.276
0.1994
0.1537
0.135
0.1059
0.4746
0.8635999999999999
0.1767
2.1519000000000004
0.1186
0.1362
0.1383
0.21089999999999998
1.6404999999999998
1.0969
0.8671
0.8818
0.8144
0.7731
0.77
0.749
1.0951
1.0958
1.0017
0.3922
0.32730000000000004
0.281
0.27949999999999997
0.2811
0.2486
0.2241
0.142
0.0766
1.839
1.43
0.0992
0.059899999999999995
0.0363
0.0314
0.0339
0.15289999999999998
0.3472
0.4024
0.15439999999999998
0.101
0.1006
0.6287
0.6831
0.5296
0.8261000000000001
1.3724
1.1674
0.5041
0.3348
0.2188
0.21100000000000002
0.184
0.15739999999999998
0.1492
0.133
0.1254
0.14379999999999998
0.08990000000000001
0.0477
0.0552
0.0548
0.0702
0.0877
0.0944
0.09759999999999999
0.43170000000000003
1.0141
0.4761
0.5402
1.1078000000000001
2.1288
1.7606
1.6843
0.6082000000000001
4.4412
2.3516000000000004
1.2957
0.5051
0.2962
0.26539999999999997
0.2721
0.2582
0.2118
0.1473
0.1408
0.1201
0.1226
0.1263
0.1387
0.1457
0.5481
0.3571
0.4286
0.4986
0.5037
0.5294
0.4858
0.444
0.0023
0.0174
0.0385
0.008
0.0
0.0165
0.2558
0.8030999999999999
1.5427
0.3084
0.20850000000000002
0.2485
0.2861
0.5202
2.9583
0.47030000000000005
1.2963
0.9896
1.2064
0.9934000000000001
0.1934
0.0
0.0
0.0
1.701
0.1611
0.3327
0.22960000000000003
0.21089999999999998
0.1696
1.1341
0.5693
0.0
0.0458
0.0797
0.0749
0.0639
0.0559
0.0684
0.0245
0.0026
0.0217
0.0849
0.3163
0.4006
0.2723
0.1927
3.3028
4.8210999999999995
3.8123
3.7731
3.4021999999999997
1.7911
0.19619999999999999
0.2153
0.3272
0.6485000000000001
0.5577
0.3786
0.1985
0.1234
0.1061
0.0943
0.1343
0.1646
0.276
0.1994
0.1537
0.135
0.1059
0.4746
0.8635999999999999
2.2964
1.0916000000000001
0.2316
0.38980000000000004
0.6415
0.3557
0.0359
0.018299999999999997
0.0771
0.1271
0.17099999999999999
0.1441
0.1377
0.1965
0.196
0.151
0.1506
0.121
0.1269
0.1367
0.0924
0.09509999999999999
0.4574
0.39990000000000003
0.20289999999999997
1.2477
4.6667000000000005
1.274
0.12029999999999999
0.4571
1.024
0.0
0.0269
0.0391
0.0455
0.0388
0.0412
0.03
0.1232
0.2245
0.0917
0.8224
0.6660999999999999
0.5413
0.1805
0.0658
0.0628
0.09559999999999999
0.0777
0.07930000000000001
0.066
0.0717
0.05
0.0104
0.0385
0.124
0.906
0.0
0.0015
0.5444
0.8661
0.0499
0.0
0.0081
0.0364
0.0107
0.0
0.0052
0.3331
0.516
0.1262
0.0476
0.3531
0.34840000000000004
0.3379
0.33909999999999996
0.3375
0.29369999999999996
0.2104
0.3815
0.22060000000000002
0.0628
0.0653
0.0657
0.06369999999999999
0.0571
0.0711
0.0825
0.1055
0.2027
0.4234
0.41100000000000003
0.3756
0.3558
0.356
0.3533
0.11649999999999999
0.1298
0.1271
0.12940000000000002
0.12919999999999998
0.1237
0.1069
0.12539999999999998
0.1404
0.1807
0.0383
0.0349
0.032299999999999995
0.0263
0.0303
0.0157
0.0115
0.021400000000000002
0.1634
0.109
0.0761
0.0673
0.0658
0.0769
2.6565
3.161
3.468
2.0305
0.1352
0.0956
0.07730000000000001
0.1119
0.18280000000000002
0.31
0.62
0.4607
0.0879
0.0708
0.089
0.9677
0.0583
0.1118
0.19540000000000002
0.3154
0.6486
0.6139
0.3301
0.6278
0.3528
0.34240000000000004
0.3287
0.3004
0.32389999999999997
0.3516
0.4215
0.4927
0.48660000000000003
0.5201
1.6031
0.6359
0.4124
0.3241
1.8760999999999999
1.0699
0.5900000000000001
0.2843
0.2122
0.6248
1.4602
0.5802
0.1984
0.2715
2.2964
1.0916000000000001
0.2316
0.38980000000000004
0.6415
0.3557
0.0359
0.018299999999999997
0.0771
0.1271
0.17099999999999999
0.1441
0.1377
0.1965
0.196
0.151
0.1506
0.121
0.1269
0.1367
0.0924
0.09509999999999999
0.4574
0.39990000000000003
0.20289999999999997
1.2477
4.6667000000000005
1.274
0.12029999999999999
0.4571
1.024
0.0
0.0269
0.0391
0.0455
0.0388
0.0412
0.03
0.1232
0.2245
0.0917
0.8224
0.6660999999999999
0.5413
0.1805
0.0658
0.0628
0.09559999999999999
0.0777
0.07930000000000001
0.066
0.0717
0.05
0.0104
0.0385
0.124
0.906
0.0
0.0015
0.5444
0.8661
0.0499
0.0
0.0081
0.0364
0.0107
0.0
0.0052
0.3331
0.516
0.1262
0.0476
0.3531
0.34840000000000004
0.3379
0.33909999999999996
0.3375
0.29369999999999996
0.2104
0.3815
0.22060000000000002
0.0628
0.0653
0.0657
0.06369999999999999
0.0571
0.0711
0.0825
0.1055
0.2027
0.4234
0.41100000000000003
0.3756
0.3558
0.356
0.3533
0.11649999999999999
0.1298
0.1271
0.12940000000000002
0.12919999999999998
0.1237
0.1069
0.12539999999999998
0.1404
0.1807
0.0383
0.0349
0.032299999999999995
0.0263
0.0303
0.0157
0.0115
0.021400000000000002
0.1634
0.109
0.0761
0.0673
0.0658
0.0769
2.6565
3.161
3.468
2.0305
0.1352
0.0956
0.07730000000000001
0.1119
0.18280000000000002
0.31
0.62
0.4607
0.0879
0.0708
0.089
0.9677
0.0583
0.1118
0.19540000000000002
0.3154
0.6486
0.6139
0.3301
0.6278
0.3528
0.34240000000000004
0.3287
0.3004
0.32389999999999997
0.3516
0.4215
0.4927
0.48660000000000003
0.5201
1.6031
0.6359
0.4124
0.3241
1.8760999999999999
1.0699
0.5900000000000001
0.2843
0.2122
0.6248
1.4602
0.5802
0.1984
0.2715
2.2964
1.0916000000000001
0.2316
0.38980000000000004
0.6415
0.3557
0.0359
0.018299999999999997
0.0771
0.1271
0.17099999999999999
0.1441
0.1377
0.1965
0.196
0.151
0.1506
0.121
0.1269
0.1367
0.0924
0.09509999999999999
0.4574
0.39990000000000003
0.20289999999999997
1.2477
4.6667000000000005
1.274
0.12029999999999999
0.4571
1.024
0.0
0.0269
0.0391
0.0455
0.0388
0.0412
0.03
0.1232
0.2245
0.0917
0.8224
0.6660999999999999
0.5413
0.1805
0.0658
0.0628
0.09559999999999999
0.0777
0.07930000000000001
0.066
0.0717
0.05
0.0104
0.0385
0.124
0.906
0.0
0.0015
0.5444
0.8661
0.0499
0.0
0.0081
0.0364
0.0107
0.0
0.0052
0.3331
0.516
0.1262
0.0476
0.3531
0.34840000000000004
0.3379
0.33909999999999996
0.3375
0.29369999999999996
0.2104
0.3815
0.22060000000000002
0.0628
0.0653
0.0657
0.06369999999999999
0.0571
0.0711
0.0825
0.1055
0.2027
0.4234
0.41100000000000003
0.3756
0.3558
0.356
0.3533
0.11649999999999999
0.1298
0.1271
0.12940000000000002
0.12919999999999998
0.1237
0.1069
0.12539999999999998
0.1404
0.1807
0.0383
0.0349
0.032299999999999995
0.0263
0.0303
0.0157
0.0115
0.021400000000000002
0.1634
0.109
0.0761
0.0673
0.0658
0.0769
2.6565
3.161
3.468
2.0305
0.1352
0.0956
0.07730000000000001
0.1119
0.18280000000000002
0.31
0.62
0.4607
0.0879
0.0708
0.089
0.9677
0.0583
0.1118
0.19540000000000002
0.3154
0.6486
0.6139
0.3301
0.6278
0.3528
0.34240000000000004
0.3287
0.3004
0.32389999999999997
0.3516
0.4215
0.4927
0.48660000000000003
0.5201
1.6031
0.6359
0.4124
0.3241
1.8760999999999999
1.0699
0.5900000000000001
0.2843
0.2122
0.6248
1.4602
0.5802
0.1984
0.2715
2.2964
1.0916000000000001
0.2316
0.38980000000000004
0.6415
0.3557
0.0359
0.018299999999999997
0.0771
0.1271
0.17099999999999999
0.1441
0.1377
0.1965
0.196
0.151
0.1506
0.121
0.1269
0.1367
0.0924
0.09509999999999999
0.4574
0.39990000000000003
0.20289999999999997
1.2477
4.6667000000000005
1.274
0.12029999999999999
0.4571
1.024
0.0
0.0269
0.0391
0.0455
0.0388
0.0412
0.03
0.1232
0.2245
0.0917
0.8224
0.6660999999999999
0.5413
0.1805
0.0658
0.0628
0.09559999999999999
0.0777
0.07930000000000001
0.066
0.0717
0.05
0.0104
0.0385
0.124
0.906
0.0
0.0015
0.5444
0.8661
0.0499
0.0
0.0081
0.0364
0.0107
0.0
0.0052
0.3331
0.516
0.1262
0.0476
0.3531
0.34840000000000004
0.3379
0.33909999999999996
0.3375
0.29369999999999996
0.2104
0.3815
0.22060000000000002
0.0628
0.0653
0.0657
0.06369999999999999
0.0571
0.0711
0.0825
0.1055
0.2027
0.4234
0.41100000000000003
0.3756
0.3558
0.356
0.3533
0.11649999999999999
0.1298
0.1271
0.12940000000000002
0.12919999999999998
0.1237
0.1069
0.12539999999999998
0.1404
0.1807
0.0383
0.0349
0.032299999999999995
0.0263
0.0303
0.0157
0.0115
0.021400000000000002
0.1634
0.109
0.0761
0.0673
0.0658
0.0769
2.6565
3.161
3.468
2.0305
0.1352
0.0956
0.07730000000000001
0.1119
0.18280000000000002
0.31
0.62
0.4607
0.0879
0.0708
0.089
0.9677
0.0583
0.1118
0.19540000000000002
0.3154
0.6486
0.6139
0.3301
0.6278
0.3528
0.34240000000000004
0.3287
0.3004
0.32389999999999997
0.3516
0.4215
0.4927
0.48660000000000003
0.5201
1.6031
0.6359
0.4124
0.3241
1.8760999999999999
1.0699
0.5900000000000001
0.2843
0.2122
0.6248
1.4602
0.5802
0.1984
0.2715
2.2964
1.0916000000000001
0.2316
0.38980000000000004
0.6415
0.3557
0.0359
0.018299999999999997
0.0771
0.1271
0.17099999999999999
0.1441
0.1377
0.1965
0.196
0.151
0.1506
0.121
0.1269
0.1367
0.0924
0.09509999999999999
0.4574
0.39990000000000003
0.20289999999999997
1.2477
4.6667000000000005
1.274
0.12029999999999999
0.4571
1.024
0.0
0.0269
0.0391
0.0455
0.0388
0.0412
0.03
0.1232
0.2245
0.0917
0.8224
0.6660999999999999
0.5413
0.1805
0.0658
0.0628
0.09559999999999999
0.0777
0.07930000000000001
0.066
0.0717
0.05
0.0104
0.0385
0.124
0.906
0.0
0.0015
0.5444
0.8661
0.0499
0.0
0.0081
0.0364
0.0107
0.0
0.0052
0.3331
0.516
0.1262
0.0476
0.1735
0.1697
0.16770000000000002
0.1688
0.1639
0.1521
0.13679999999999998
0.15539999999999998
0.1604
0.1647
0.1414
0.1329
0.13190000000000002
0.1142
0.1191
0.12040000000000001
0.11130000000000001
0.119
0.1231
0.1452
0.15139999999999998
0.1502
0.1696
0.1772
0.8385
4.8908000000000005
5.739
5.3035
1.6218
0.43620000000000003
0.2938
0.2562
0.2542
0.2603
0.2722
0.28159999999999996
0.29159999999999997
0.3097
0.4033
0.2858
0.26139999999999997
0.244
0.23959999999999998
0.20390000000000003
0.2328
0.21960000000000002
0.2304
0.2457
0.5496
5.9622
8.1378
2.5725
0.3355
0.1517
0.087
0.0502
0.0245
0.020900000000000002
0.019
0.0266
0.0169
0.0274
0.30560000000000004
0.8603000000000001
0.27690000000000003
0.3557
0.6187
1.3653
1.8189
1.2379
0.6696
0.46199999999999997
0.043
0.0474
0.0565
0.0537
0.055
0.0401
0.028900000000000002
0.034199999999999994
0.021400000000000002
0.031100000000000003
0.0332
0.0317
0.0345
0.0253
0.0302
0.0755
0.0624
0.032600000000000004
0.0162
0.0358
0.046200000000000005
0.0485
0.1308
0.7253000000000001
0.29779999999999995
0.2883
0.2883
0.3003
0.3015
0.28049999999999997
0.3186
0.353
0.0012
0.0207
0.0195
0.0259
0.029400000000000003
0.0234
0.031
0.038599999999999995
0.0437
0.1158
0.1434
0.19369999999999998
0.2394
0.2814
0.3192
0.3155
0.0829
0.11030000000000001
0.1057
0.0887
0.09670000000000001
0.1618
0.3802
0.14329999999999998
0.09770000000000001
0.1048
0.0927
0.078
0.0774
0.1017
0.8775
0.0482
0.027100000000000003
0.0411
0.0793
0.0556
0.018000000000000002
0.0
0.0
0.0
0.7512000000000001
5.3238
5.3012999999999995
1.9404000000000001
0.40049999999999997
0.3456
0.3214
0.31079999999999997
0.1567
0.08929999999999999
0.0685
0.0497
0.0492
0.0484
0.0826
0.3061
0.5550999999999999
0.5394000000000001
0.6973
0.8064
0.8752
0.8769
0.9205
0.9197
0.1735
0.1697
0.16770000000000002
0.1688
0.1639
0.1521
0.13679999999999998
0.15539999999999998
0.1604
0.1647
0.1414
0.1329
0.13190000000000002
0.1142
0.1191
0.12040000000000001
0.11130000000000001
0.119
0.1231
0.1452
0.15139999999999998
0.1502
0.1696
0.1772
0.8385
4.8908000000000005
5.739
5.3035
1.6218
0.43620000000000003
0.2938
0.2562
0.2542
0.2603
0.2722
0.28159999999999996
0.29159999999999997
0.3097
0.4033
0.2858
0.26139999999999997
0.244
0.23959999999999998
0.20390000000000003
0.2328
0.21960000000000002
0.2304
0.2457
0.5496
5.9622
8.1378
2.5725
0.3355
0.1517
0.087
0.0502
0.0245
0.020900000000000002
0.019
0.0266
0.0169
0.0274
0.30560000000000004
0.8603000000000001
0.27690000000000003
0.3557
0.6187
1.3653
1.8189
1.2379
0.6696
0.46199999999999997
0.043
0.0474
0.0565
0.0537
0.055
0.0401
0.028900000000000002
0.034199999999999994
0.021400000000000002
0.031100000000000003
0.0332
0.0317
0.0345
0.0253
0.0302
0.0755
0.0624
0.032600000000000004
0.0162
0.0358
0.046200000000000005
0.0485
0.1308
0.7253000000000001
0.29779999999999995
0.2883
0.2883
0.3003
0.3015
0.28049999999999997
0.3186
0.353
0.0012
0.0207
0.0195
0.0259
0.029400000000000003
0.0234
0.031
0.038599999999999995
0.0437
0.1158
0.1434
0.19369999999999998
0.2394
0.2814
0.3192
0.3155
0.0829
0.11030000000000001
0.1057
0.0887
0.09670000000000001
0.1618
0.3802
0.14329999999999998
0.09770000000000001
0.1048
0.0927
0.078
0.0774
0.1017
0.8775
0.0482
0.027100000000000003
0.0411
0.0793
0.0556
0.018000000000000002
0.0
0.0
0.0
0.7512000000000001
5.3238
5.3012999999999995
1.9404000000000001
0.40049999999999997
0.3456
0.3214
0.31079999999999997
0.1567
0.08929999999999999
0.0685
0.0497
0.0492
0.0484
0.0826
0.3061
0.5550999999999999
0.5394000000000001
0.6973
0.8064
0.8752
0.8769
0.9205
0.9197
0.1735
0.1697
0.16770000000000002
0.1688
0.1639
0.1521
0.13679999999999998
0.15539999999999998
0.1604
0.1647
0.1414
0.1329
0.13190000000000002
0.1142
0.1191
0.12040000000000001
0.11130000000000001
0.119
0.1231
0.1452
0.15139999999999998
0.1502
0.1696
0.1772
0.8385
4.8908000000000005
5.739
5.3035
1.6218
0.43620000000000003
0.2938
0.2562
0.2542
0.2603
0.2722
0.28159999999999996
0.29159999999999997
0.3097
0.4033
0.2858
0.26139999999999997
0.244
0.23959999999999998
0.20390000000000003
0.2328
0.21960000000000002
0.2304
0.2457
0.5496
5.9622
8.1378
2.5725
0.3355
0.1517
0.087
0.0502
0.0245
0.020900000000000002
0.019
0.0266
0.0169
0.0274
0.30560000000000004
0.8603000000000001
0.27690000000000003
0.3557
0.6187
1.3653
1.8189
1.2379
0.6696
0.46199999999999997
0.043
0.0474
0.0565
0.0537
0.055
0.0401
0.028900000000000002
0.034199999999999994
0.021400000000000002
0.031100000000000003
0.0332
0.0317
0.0345
0.0253
0.0302
0.0755
0.0624
0.032600000000000004
0.0162
0.0358
0.046200000000000005
0.0485
0.1308
0.7253000000000001
0.29779999999999995
0.2883
0.2883
0.3003
0.3015
0.28049999999999997
0.3186
0.353
0.0012
0.0207
0.0195
0.0259
0.029400000000000003
0.0234
0.031
0.038599999999999995
0.0437
0.1158
0.1434
0.19369999999999998
0.2394
0.2814
0.3192
0.3155
0.0829
0.11030000000000001
0.1057
0.0887
0.09670000000000001
0.1618
0.3802
0.14329999999999998
0.09770000000000001
0.1048
0.0927
0.078
0.0774
0.1017
0.8775
0.0482
0.027100000000000003
0.0411
0.0793
0.0556
0.018000000000000002
0.0
0.0
0.0
0.7512000000000001
5.3238
5.3012999999999995
1.9404000000000001
0.40049999999999997
0.3456
0.3214
0.31079999999999997
0.1567
0.08929999999999999
0.0685
0.0497
0.0492
0.0484
0.0826
0.3061
0.5550999999999999
0.5394000000000001
0.6973
0.8064
0.8752
0.8769
0.9205
0.9197
0.1735
0.1697
0.16770000000000002
0.1688
0.1639
0.1521
0.13679999999999998
0.15539999999999998
0.1604
0.1647
0.1414
0.1329
0.13190000000000002
0.1142
0.1191
0.12040000000000001
0.11130000000000001
0.119
0.1231
0.1452
0.15139999999999998
0.1502
0.1696
0.1772
0.8385
4.8908000000000005
5.739
5.3035
1.6218
0.43620000000000003
0.2938
0.2562
0.2542
0.2603
0.2722
0.28159999999999996
0.29159999999999997
0.3097
0.4033
0.2858
0.26139999999999997
0.244
0.23959999999999998
0.20390000000000003
0.2328
0.21960000000000002
0.2304
0.2457
0.5496
5.9622
8.1378
2.5725
0.3355
0.1517
0.087
0.0502
0.0245
0.020900000000000002
0.019
0.0266
0.0169
0.0274
0.30560000000000004
0.8603000000000001
0.27690000000000003
0.3557
0.6187
1.3653
1.8189
1.2379
0.6696
0.46199999999999997
0.043
0.0474
0.0565
0.0537
0.055
0.0401
0.028900000000000002
0.034199999999999994
0.021400000000000002
0.031100000000000003
0.0332
0.0317
0.0345
0.0253
0.0302
0.0755
0.0624
0.032600000000000004
0.0162
0.0358
0.046200000000000005
0.0485
0.1308
0.7253000000000001
0.29779999999999995
0.2883
0.2883
0.3003
0.3015
0.28049999999999997
0.3186
0.353
0.0012
0.0207
0.0195
0.0259
0.029400000000000003
0.0234
0.031
0.038599999999999995
0.0437
0.1158
0.1434
0.19369999999999998
0.2394
0.2814
0.3192
0.3155
0.0829
0.11030000000000001
0.1057
0.0887
0.09670000000000001
0.1618
0.3802
0.14329999999999998
0.09770000000000001
0.1048
0.0927
0.078
0.0774
0.1017
0.8775
0.0482
0.027100000000000003
0.0411
0.0793
0.0556
0.018000000000000002
0.0
0.0
0.0
0.7512000000000001
5.3238
5.3012999999999995
1.9404000000000001
0.40049999999999997
0.3456
0.3214
0.31079999999999997
0.1567
0.08929999999999999
0.0685
0.0497
0.0492
0.0484
0.0826
0.3061
0.5550999999999999
0.5394000000000001
0.6973
0.8064
0.8752
0.8769
0.9205
0.9197
0.1735
0.1697
0.16770000000000002
0.1688
0.1639
0.1521
0.13679999999999998
0.15539999999999998
0.1604
0.1647
0.1414
0.1329
0.13190000000000002
0.1142
0.1191
0.12040000000000001
0.11130000000000001
0.119
0.1231
0.1452
0.15139999999999998
0.1502
0.1696
0.1772
0.8385
4.8908000000000005
5.739
5.3035
1.6218
0.43620000000000003
0.2938
0.2562
0.2542
0.2603
0.2722
0.28159999999999996
0.29159999999999997
0.3097
0.4033
0.2858
0.26139999999999997
0.244
0.23959999999999998
0.20390000000000003
0.2328
0.21960000000000002
0.2304
0.2457
3.8778
1.6265
0.756
0.5912999999999999
0.5084
0.42369999999999997
0.426
0.7741
0.909
0.5153
0.1885
0.0856
0.0711
0.0678
0.0776
0.1063
0.152
0.2707
1.0976
0.41910000000000003
0.3811
0.39649999999999996
0.6277
0.7893
0.6324
0.3933
0.28600000000000003
0.2761
0.2457
0.1724
0.1199
0.1055
0.1244
0.1518
0.1809
0.6537999999999999
2.3737
1.7789000000000001
0.40549999999999997
0.1676
0.3036
0.3426
0.25429999999999997
0.3347
0.5663
0.8206
0.896
0.6680999999999999
3.8072999999999997
3.5530999999999997
3.3406
3.2967
3.1984
0.9194
0.0104
0.0
0.0
0.0088
0.0615
0.1182
0.1459
0.0813
0.1056
0.12469999999999999
0.4387
1.2405
1.9708
2.6359000000000004
2.2175000000000002
1.1573
0.8365
3.128
0.0
0.4254
0.7085
0.4927
0.7322
0.0314
2.316
0.0
0.0324
0.019299999999999998
0.0327
0.0479
0.0574
0.0238
0.0346
0.19669999999999999
0.1242
0.1352
0.15460000000000002
0.8673000000000001
0.7908
0.0
0.0278
0.10389999999999999
0.0
0.0
0.0
0.6421
0.6517
0.207
0.0479
0.017
0.2351
0.034
0.023899999999999998
0.022
0.0138
0.0216
0.0133
0.0099
0.0348
0.06359999999999999
0.088
0.0609
0.0359
0.027899999999999998
0.0356
0.0335
3.8234
6.3370999999999995
6.2707
1.4940000000000002
0.1587
0.0721
0.048600000000000004
0.07680000000000001
0.1201
0.1166
0.08990000000000001
0.0636
0.0503
0.032600000000000004
0.0302
0.0693
0.3412
2.7376
0.7128
0.6059
0.6109
0.7398
1.0185
0.9292
3.5166
3.7314
3.2352
2.3073
0.0269
0.0893
0.056900000000000006
0.051500000000000004
0.0723
0.001
0.0142
0.0484
0.0435
0.0505
0.0403
0.0621
0.0638
0.08510000000000001
0.0877
0.07339999999999999
0.0791
0.0688
0.046200000000000005
3.011
3.8778
1.6265
0.756
0.5912999999999999
0.5084
0.42369999999999997
0.426
0.7741
0.909
0.5153
0.1885
0.0856
0.0711
0.0678
0.0776
0.1063
0.152
0.2707
1.0976
0.41910000000000003
0.3811
0.39649999999999996
0.6277
0.7893
0.6324
0.3933
0.28600000000000003
0.2761
0.2457
0.1724
0.1199
0.1055
0.1244
0.1518
0.1809
0.6537999999999999
2.3737
1.7789000000000001
0.40549999999999997
0.1676
0.3036
0.3426
0.25429999999999997
0.3347
0.5663
0.8206
0.896
0.6680999999999999
3.8072999999999997
3.5530999999999997
3.3406
3.2967
3.1984
0.9194
0.0104
0.0
0.0
0.0088
0.0615
0.1182
0.1459
0.0813
0.1056
0.12469999999999999
0.4387
1.2405
1.9708
2.6359000000000004
2.2175000000000002
1.1573
0.8365
3.128
0.0
0.4254
0.7085
0.4927
0.7322
0.0314
2.316
0.0
0.0324
0.019299999999999998
0.0327
0.0479
0.0574
0.0238
0.0346
0.19669999999999999
0.1242
0.1352
0.15460000000000002
0.8673000000000001
0.7908
0.0
0.0278
0.10389999999999999
0.0
0.0
0.0
0.6421
0.6517
0.207
0.0479
0.017
0.2351
0.034
0.023899999999999998
0.022
0.0138
0.0216
0.0133
0.0099
0.0348
0.06359999999999999
0.088
0.0609
0.0359
0.027899999999999998
0.0356
0.0335
3.8234
6.3370999999999995
6.2707
1.4940000000000002
0.1587
0.0721
0.048600000000000004
0.07680000000000001
0.1201
0.1166
0.08990000000000001
0.0636
0.0503
0.032600000000000004
0.0302
0.0693
0.3412
2.7376
0.7128
0.6059
0.6109
0.7398
1.0185
0.9292
3.5166
3.7314
3.2352
2.3073
0.0269
0.0893
0.056900000000000006
0.051500000000000004
0.0723
0.001
0.0142
0.0484
0.0435
0.0505
0.0403
0.0621
0.0638
0.08510000000000001
0.0877
0.07339999999999999
0.0791
0.0688
0.046200000000000005
3.011
3.8778
1.6265
0.756
0.5912999999999999
0.5084
0.42369999999999997
0.426
0.7741
0.909
0.5153
0.1885
0.0856
0.0711
0.0678
0.0776
0.1063
0.152
0.2707
1.0976
0.41910000000000003
0.3811
0.39649999999999996
0.6277
0.7893
0.6324
0.3933
0.28600000000000003
0.2761
0.2457
0.1724
0.1199
0.1055
0.1244
0.1518
0.1809
0.6537999999999999
2.3737
1.7789000000000001
0.40549999999999997
0.1676
0.3036
0.3426
0.25429999999999997
0.3347
0.5663
0.8206
0.896
0.6680999999999999
3.8072999999999997
3.5530999999999997
3.3406
3.2967
3.1984
0.9194
0.0104
0.0
0.0
0.0088
0.0615
0.1182
0.1459
0.0813
0.1056
0.12469999999999999
0.4387
1.2405
1.9708
2.6359000000000004
2.2175000000000002
1.1573
0.8365
3.128
0.0
0.4254
0.7085
0.4927
0.7322
0.0314
2.316
0.0
0.0324
0.019299999999999998
0.0327
0.0479
0.0574
0.0238
0.0346
0.19669999999999999
0.1242
0.1352
0.15460000000000002
0.8673000000000001
0.7908
0.0
0.0278
0.10389999999999999
0.0
0.0
0.0
0.6421
0.6517
0.207
0.0479
0.017
0.2351
0.034
0.023899999999999998
0.022
0.0138
0.0216
0.0133
0.0099
0.0348
0.06359999999999999
0.088
0.0609
0.0359
0.027899999999999998
0.0356
0.0335
3.8234
6.3370999999999995
6.2707
1.4940000000000002
0.1587
0.0721
0.048600000000000004
0.07680000000000001
0.1201
0.1166
0.08990000000000001
0.0636
0.0503
0.032600000000000004
0.0302
0.0693
0.3412
2.7376
0.7128
0.6059
0.6109
0.7398
1.0185
0.9292
3.5166
3.7314
3.2352
2.3073
0.0269
0.0893
0.056900000000000006
0.051500000000000004
0.0723
0.001
0.0142
0.0484
0.0435
0.0505
0.0403
0.0621
0.0638
0.08510000000000001
0.0877
0.07339999999999999
0.0791
0.0688
0.046200000000000005
3.011
3.8778
1.6265
0.756
0.5912999999999999
0.5084
0.42369999999999997
0.426
0.7741
0.909
0.5153
0.1885
0.0856
0.0711
0.0678
0.0776
0.1063
0.152
0.2707
1.0976
0.41910000000000003
0.3811
0.39649999999999996
0.6277
0.7893
0.6324
0.3933
0.28600000000000003
0.2761
0.2457
0.1724
0.1199
0.1055
0.1244
0.1518
0.1809
0.6537999999999999
2.3737
1.7789000000000001
0.40549999999999997
0.1676
0.3036
0.3426
0.25429999999999997
0.3347
0.5663
0.8206
0.896
0.6680999999999999
3.8072999999999997
3.5530999999999997
3.3406
3.2967
3.1984
0.9194
0.0104
0.0
0.0
0.0088
0.0615
0.1182
0.1459
0.0813
0.1056
0.12469999999999999
0.4387
1.2405
1.9708
2.6359000000000004
2.2175000000000002
1.1573
0.8365
3.128
0.0
0.4254
0.7085
0.4927
0.7322
0.0314
2.316
0.0
0.0324
0.019299999999999998
0.0327
0.0479
0.0574
0.0238
0.0346
0.19669999999999999
0.1242
0.1352
0.15460000000000002
0.8673000000000001
0.7908
0.0
0.0278
0.10389999999999999
0.0
0.0
0.0
0.6421
0.6517
0.207
0.0479
0.017
0.2351
0.034
0.023899999999999998
0.022
0.0138
0.0216
0.0133
0.0099
0.0348
0.06359999999999999
0.088
0.0609
0.0359
0.027899999999999998
0.0356
0.0335
3.8234
6.3370999999999995
6.2707
1.4940000000000002
0.1587
0.0721
0.048600000000000004
0.07680000000000001
0.1201
0.1166
0.08990000000000001
0.0636
0.0503
0.032600000000000004
0.0302
0.0693
0.3412
2.7376
0.7128
0.6059
0.6109
0.7398
1.0185
0.9292
3.5166
3.7314
3.2352
2.3073
0.0269
0.0893
0.056900000000000006
0.051500000000000004
0.0723
0.001
0.0142
0.0484
0.0435
0.0505
0.0403
0.0621
0.0638
0.08510000000000001
0.0877
0.07339999999999999
0.0791
0.0688
0.046200000000000005
3.011
3.8778
1.6265
0.756
0.5912999999999999
0.5084
0.42369999999999997
0.426
0.7741
0.909
0.5153
0.1885
0.0856
0.0711
0.0678
0.0776
0.1063
0.152
0.2707
1.0976
0.41910000000000003
0.3811
0.39649999999999996
0.6277
0.7893
0.6324
0.3933
0.28600000000000003
0.2761
0.2457
0.1724
0.1199
0.1055
0.1244
0.1518
0.1809
0.6537999999999999
2.3737
1.7789000000000001
0.40549999999999997
0.1676
0.3036
0.3426
0.25429999999999997
0.3347
0.5663
0.8206
0.896
0.6680999999999999
3.8072999999999997
3.5530999999999997
3.3406
3.2967
3.1984
0.9194
0.0104
0.0
0.0
0.0088
0.0615
0.1182
0.1459
0.0813
0.1056
0.12469999999999999
0.4387
1.2405
1.9708
2.6359000000000004
2.2175000000000002
1.1573
0.8365
3.128
0.0262
0.0248
0.0245
0.0242
0.0263
0.0282
0.0264
0.0257
0.0259
0.031
0.0271
0.0264
0.027700000000000002
0.0262
0.027200000000000002
0.028499999999999998
0.0264
0.0365
0.0264
0.0276
0.027200000000000002
0.027000000000000003
0.0368
0.0421
4.3121
4.179
3.0025000000000004
3.6384
0.43929999999999997
0.074
0.0599
0.0856
0.10919999999999999
0.1112
0.1177
0.1111
0.10819999999999999
0.0964
0.09240000000000001
0.098
0.0935
0.1018
0.095
0.1064
0.0742
0.067
0.0723
1.2891000000000001
1.0041
2.4925
3.5587999999999997
1.79
0.2264
0.25680000000000003
0.3191
0.5793999999999999
0.7347
0.8070999999999999
0.7155
0.7387
0.6990000000000001
0.6580999999999999
0.7393000000000001
0.937
0.45640000000000003
0.37439999999999996
0.4111
0.3758
0.3477
0.3102
0.2828
0.271
0.617
0.5674
0.9178999999999999
1.0112
0.8453999999999999
0.2583
0.1568
0.3
0.2839
0.1602
0.09079999999999999
0.4457
0.7511
0.0699
0.0558
0.056499999999999995
0.0033
0.0245
0.0258
0.030900000000000004
0.0172
0.0
1.2436
0.35109999999999997
0.0
0.0
0.0
0.0008
0.008199999999999999
0.011200000000000002
0.0474
0.0301
0.0144
0.0065
0.0245
0.032
0.023399999999999997
0.042499999999999996
0.0895
0.18130000000000002
0.0423
0.0155
0.0293
0.018500000000000003
0.0051
0.0
0.0014
0.0023
1.744
4.3612
4.3689
2.5225999999999997
0.3432
0.0
0.0124
0.0311
0.0234
0.0305
0.0664
0.09129999999999999
0.0809
0.0576
0.0464
0.017300000000000003
0.0
0.6204000000000001
0.0
0.0
0.0385
0.2871
0.7234
0.5197
0.13190000000000002
0.1771
0.2632
0.3135
0.3062
0.305
0.3705
0.4103
0.10389999999999999
0.0455
0.029400000000000003
0.0223
0.0309
0.0342
0.037599999999999995
0.035699999999999996
0.0263
0.0748
0.1282
0.1231
0.1192
0.15489999999999998
0.2092
0.2178
0.0262
0.0248
0.0245
0.0242
0.0263
0.0282
0.0264
0.0257
0.0259
0.031
0.0271
0.0264
0.027700000000000002
0.0262
0.027200000000000002
0.028499999999999998
0.0264
0.0365
0.0264
0.0276
0.027200000000000002
0.027000000000000003
0.0368
0.0421
4.3121
4.179
3.0025000000000004
3.6384
0.43929999999999997
0.074
0.0599
0.0856
0.10919999999999999
0.1112
0.1177
0.1111
0.10819999999999999
0.0964
0.09240000000000001
0.098
0.0935
0.1018
0.095
0.1064
0.0742
0.067
0.0723
1.2891000000000001
1.0041
2.4925
3.5587999999999997
1.79
0.2264
0.25680000000000003
0.3191
0.5793999999999999
0.7347
0.8070999999999999
0.7155
0.7387
0.6990000000000001
0.6580999999999999
0.7393000000000001
0.937
0.45640000000000003
0.37439999999999996
0.4111
0.3758
0.3477
0.3102
0.2828
0.271
0.617
0.5674
0.9178999999999999
1.0112
0.8453999999999999
0.2583
0.1568
0.3
0.2839
0.1602
0.09079999999999999
0.4457
0.7511
0.0699
0.0558
0.056499999999999995
0.0033
0.0245
0.0258
0.030900000000000004
0.0172
0.0
1.2436
0.35109999999999997
0.0
0.0
0.0
0.0008
0.008199999999999999
0.011200000000000002
0.0474
0.0301
0.0144
0.0065
0.0245
0.032
0.023399999999999997
0.042499999999999996
0.0895
0.18130000000000002
0.0423
0.0155
0.0293
0.018500000000000003
0.0051
0.0
0.0014
0.0023
1.744
4.3612
4.3689
2.5225999999999997
0.3432
0.0
0.0124
0.0311
0.0234
0.0305
0.0664
0.09129999999999999
0.0809
0.0576
0.0464
0.017300000000000003
0.0
0.6204000000000001
0.0
0.0
0.0385
0.2871
0.7234
0.5197
0.13190000000000002
0.1771
0.2632
0.3135
0.3062
0.305
0.3705
0.4103
0.10389999999999999
0.0455
0.029400000000000003
0.0223
0.0309
0.0342
0.037599999999999995
0.035699999999999996
0.0263
0.0748
0.1282
0.1231
0.1192
0.15489999999999998
0.2092
0.2178
0.0262
0.0248
0.0245
0.0242
0.0263
0.0282
0.0264
0.0257
0.0259
0.031
0.0271
0.0264
0.027700000000000002
0.0262
0.027200000000000002
0.028499999999999998
0.0264
0.0365
0.0264
0.0276
0.027200000000000002
0.027000000000000003
0.0368
0.0421
4.3121
4.179
3.0025000000000004
3.6384
0.43929999999999997
0.074
0.0599
0.0856
0.10919999999999999
0.1112
0.1177
0.1111
0.10819999999999999
0.0964
0.09240000000000001
0.098
0.0935
0.1018
0.095
0.1064
0.0742
0.067
0.0723
1.2891000000000001
1.0041
2.4925
3.5587999999999997
1.79
0.2264
0.25680000000000003
0.3191
0.5793999999999999
0.7347
0.8070999999999999
0.7155
0.7387
0.6990000000000001
0.6580999999999999
0.7393000000000001
0.937
0.45640000000000003
0.37439999999999996
0.4111
0.3758
0.3477
0.3102
0.2828
0.271
0.617
0.5674
0.9178999999999999
1.0112
0.8453999999999999
0.2583
0.1568
0.3
0.2839
0.1602
0.09079999999999999
0.4457
0.7511
0.0699
0.0558
0.056499999999999995
0.0033
0.0245
0.0258
0.030900000000000004
0.0172
0.0
1.2436
0.35109999999999997
0.0
0.0
0.0
0.0008
0.008199999999999999
0.011200000000000002
0.0474
0.0301
0.0144
0.0065
0.0245
0.032
0.023399999999999997
0.042499999999999996
0.0895
0.18130000000000002
0.0423
0.0155
0.0293
0.018500000000000003
0.0051
0.0
0.0014
0.0023
1.744
4.3612
4.3689
2.5225999999999997
0.3432
0.0
0.0124
0.0311
0.0234
0.0305
0.0664
0.09129999999999999
0.0809
0.0576
0.0464
0.017300000000000003
0.0
0.6204000000000001
0.0
0.0
0.0385
0.2871
0.7234
0.5197
0.13190000000000002
0.1771
0.2632
0.3135
0.3062
0.305
0.3705
0.4103
0.10389999999999999
0.0455
0.029400000000000003
0.0223
0.0309
0.0342
0.037599999999999995
0.035699999999999996
0.0263
0.0748
0.1282
0.1231
0.1192
0.15489999999999998
0.2092
0.2178
0.0262
0.0248
0.0245
0.0242
0.0263
0.0282
0.0264
0.0257
0.0259
0.031
0.0271
0.0264
0.027700000000000002
0.0262
0.027200000000000002
0.028499999999999998
0.0264
0.0365
0.0264
0.0276
0.027200000000000002
0.027000000000000003
0.0368
0.0421
4.3121
4.179
3.0025000000000004
3.6384
0.43929999999999997
0.074
0.0599
0.0856
0.10919999999999999
0.1112
0.1177
0.1111
0.10819999999999999
0.0964
0.09240000000000001
0.098
0.0935
0.1018
0.095
0.1064
0.0742
0.067
0.0723
1.2891000000000001
1.0041
2.4925
3.5587999999999997
1.79
0.2264
0.25680000000000003
0.3191
0.5793999999999999
0.7347
0.8070999999999999
0.7155
0.7387
0.6990000000000001
0.6580999999999999
0.7393000000000001
0.937
0.45640000000000003
0.37439999999999996
0.4111
0.3758
0.3477
0.3102
0.2828
0.271
0.617
0.5674
0.9178999999999999
1.0112
0.8453999999999999
0.2583
0.1568
0.3
0.2839
0.1602
0.09079999999999999
0.4457
0.7511
0.0699
0.0558
0.056499999999999995
0.0033
0.0245
0.0258
0.030900000000000004
0.0172
0.0
1.2436
0.35109999999999997
0.0
0.0
0.0
0.0008
0.008199999999999999
0.011200000000000002
0.0474
0.0301
0.0144
0.0065
0.0245
0.032
0.023399999999999997
0.042499999999999996
0.0895
0.18130000000000002
0.0423
0.0155
0.0293
0.018500000000000003
0.0051
0.0
0.0014
0.0023
1.744
4.3612
4.3689
2.5225999999999997
0.3432
0.0
0.0124
0.0311
0.0234
0.0305
0.0664
0.09129999999999999
0.0809
0.0576
0.0464
0.017300000000000003
0.0
0.6204000000000001
0.0
0.0
0.0385
0.2871
0.7234
0.5197
0.13190000000000002
0.1771
0.2632
0.3135
0.3062
0.305
0.3705
0.4103
0.10389999999999999
0.0455
0.029400000000000003
0.0223
0.0309
0.0342
0.037599999999999995
0.035699999999999996
0.0263
0.0748
0.1282
0.1231
0.1192
0.15489999999999998
0.2092
0.2178
0.0262
0.0248
0.0245
0.0242
0.0263
0.0282
0.0264
0.0257
0.0259
0.031
0.0271
0.0264
0.027700000000000002
0.0262
0.027200000000000002
0.028499999999999998
0.0264
0.0365
0.0264
0.0276
0.027200000000000002
0.027000000000000003
0.0368
0.0421
4.3121
4.179
3.0025000000000004
3.6384
0.43929999999999997
0.074
0.0599
0.0856
0.10919999999999999
0.1112
0.1177
0.1111
0.10819999999999999
0.0964
0.09240000000000001
0.098
0.0935
0.1018
0.095
0.1064
0.0742
0.067
0.0723
1.2891000000000001
0.7727999999999999
0.6761999999999999
0.6279
0.5902000000000001
0.4948
0.202
0.0413
0.0471
0.0448
0.0152
0.0996
0.5282
0.0917
0.0
0.0
0.0161
0.4999
0.7446999999999999
1.0889
1.0872
1.337
1.6006
2.0158
2.1603000000000003
0.044399999999999995
0.0454
0.0449
0.0472
0.048799999999999996
0.0469
0.0356
0.030199999999999998
0.055400000000000005
0.0521
0.0393
0.032299999999999995
0.0329
0.0329
0.0325
0.0326
0.0288
0.0351
0.053
0.059899999999999995
0.0485
0.036000000000000004
0.043
0.0502
1.7176
0.3143
0.45709999999999995
0.0795
0.0651
0.0865
0.114
0.1089
0.101
0.08460000000000001
0.10880000000000001
0.0718
0.7323000000000001
0.2639
0.17470000000000002
0.0923
0.733
0.178
0.1629
0.1315
0.0928
0.0785
0.0597
1.3879
0.2346
0.0277
0.0354
0.0
0.0
0.0
0.0001
0.0
0.0
0.0
0.0
0.0
0.0287
1.9936
0.9731
0.0
0.0
0.0
0.5121
0.0118
0.0684
0.0
0.0
0.3662
0.0115
0.015199999999999998
0.0161
0.0217
0.0203
0.0216
0.021
0.23450000000000001
0.0377
0.022699999999999998
0.051000000000000004
0.0597
0.06259999999999999
0.0665
0.08990000000000001
0.0507
0.027999999999999997
0.0296
0.0267
0.0361
0.026099999999999998
0.0
0.0062
0.009899999999999999
1.3702
0.0
0.0
0.0
0.0017
0.0351
0.107
0.1972
0.1623
0.1398
0.16449999999999998
0.1701
0.1281
1.2334
2.6785
0.0411
0.003
0.0
0.6376
0.0
0.0
0.0
0.0107
0.316
0.2024
0.2198
0.17120000000000002
0.1474
0.0703
0.0231
0.0158
0.0027
0.0112
0.0038
0.0149
0.0068
0.036699999999999997
0.1371
0.0829
0.0477
0.0142
0.0276
0.0592
0.0201
0.0028
0.0088
0.0025
0.0
0.7727999999999999
0.6761999999999999
0.6279
0.5902000000000001
0.4948
0.202
0.0413
0.0471
0.0448
0.0152
0.0996
0.5282
0.0917
0.0
0.0
0.0161
0.4999
0.7446999999999999
1.0889
1.0872
1.337
1.6006
2.0158
2.1603000000000003
0.044399999999999995
0.0454
0.0449
0.0472
0.048799999999999996
0.0469
0.0356
0.030199999999999998
0.055400000000000005
0.0521
0.0393
0.032299999999999995
0.0329
0.0329
0.0325
0.0326
0.0288
0.0351
0.053
0.059899999999999995
0.0485
0.036000000000000004
0.043
0.0502
1.7176
0.3143
0.45709999999999995
0.0795
0.0651
0.0865
0.114
0.1089
0.101
0.08460000000000001
0.10880000000000001
0.0718
0.7323000000000001
0.2639
0.17470000000000002
0.0923
0.733
0.178
0.1629
0.1315
0.0928
0.0785
0.0597
1.3879
0.2346
0.0277
0.0354
0.0
0.0
0.0
0.0001
0.0
0.0
0.0
0.0
0.0
0.0287
1.9936
0.9731
0.0
0.0
0.0
0.5121
0.0118
0.0684
0.0
0.0
0.3662
0.0115
0.015199999999999998
0.0161
0.0217
0.0203
0.0216
0.021
0.23450000000000001
0.0377
0.022699999999999998
0.051000000000000004
0.0597
0.06259999999999999
0.0665
0.08990000000000001
0.0507
0.027999999999999997
0.0296
0.0267
0.0361
0.026099999999999998
0.0
0.0062
0.009899999999999999
1.3702
0.0
0.0
0.0
0.0017
0.0351
0.107
0.1972
0.1623
0.1398
0.16449999999999998
0.1701
0.1281
1.2334
2.6785
0.0411
0.003
0.0
0.6376
0.0
0.0
0.0
0.0107
0.316
0.2024
0.2198
0.17120000000000002
0.1474
0.0703
0.0231
0.0158
0.0027
0.0112
0.0038
0.0149
0.0068
0.036699999999999997
0.1371
0.0829
0.0477
0.0142
0.0276
0.0592
0.0201
0.0028
0.0088
0.0025
0.0
0.7727999999999999
0.6761999999999999
0.6279
0.5902000000000001
0.4948
0.202
0.0413
0.0471
0.0448
0.0152
0.0996
0.5282
0.0917
0.0
0.0
0.0161
0.4999
0.7446999999999999
1.0889
1.0872
1.337
1.6006
2.0158
2.1603000000000003
0.044399999999999995
0.0454
0.0449
0.0472
0.048799999999999996
0.0469
0.0356
0.030199999999999998
0.055400000000000005
0.0521
0.0393
0.032299999999999995
0.0329
0.0329
0.0325
0.0326
0.0288
0.0351
0.053
0.059899999999999995
0.0485
0.036000000000000004
0.043
0.0502
1.7176
0.3143
0.45709999999999995
0.0795
0.0651
0.0865
0.114
0.1089
0.101
0.08460000000000001
0.10880000000000001
0.0718
0.7323000000000001
0.2639
0.17470000000000002
0.0923
0.733
0.178
0.1629
0.1315
0.0928
0.0785
0.0597
1.3879
0.2346
0.0277
0.0354
0.0
0.0
0.0
0.0001
0.0
0.0
0.0
0.0
0.0
0.0287
1.9936
0.9731
0.0
0.0
0.0
0.5121
0.0118
0.0684
0.0
0.0
0.3662
0.0115
0.015199999999999998
0.0161
0.0217
0.0203
0.0216
0.021
0.23450000000000001
0.0377
0.022699999999999998
0.051000000000000004
0.0597
0.06259999999999999
0.0665
0.08990000000000001
0.0507
0.027999999999999997
0.0296
0.0267
0.0361
0.026099999999999998
0.0
0.0062
0.009899999999999999
1.3702
0.0
0.0
0.0
0.0017
0.0351
0.107
0.1972
0.1623
0.1398
0.16449999999999998
0.1701
0.1281
1.2334
2.6785
0.0411
0.003
0.0
0.6376
0.0
0.0
0.0
0.0107
0.316
0.2024
0.2198
0.17120000000000002
0.1474
0.0703
0.0231
0.0158
0.0027
0.0112
0.0038
0.0149
0.0068
0.036699999999999997
0.1371
0.0829
0.0477
0.0142
0.0276
0.0592
0.0201
0.0028
0.0088
0.0025
0.0
0.7727999999999999
0.6761999999999999
0.6279
0.5902000000000001
0.4948
0.202
0.0413
0.0471
0.0448
0.0152
0.0996
0.5282
0.0917
0.0
0.0
0.0161
0.4999
0.7446999999999999
1.0889
1.0872
1.337
1.6006
2.0158
2.1603000000000003
0.044399999999999995
0.0454
0.0449
0.0472
0.048799999999999996
0.0469
0.0356
0.030199999999999998
0.055400000000000005
0.0521
0.0393
0.032299999999999995
0.0329
0.0329
0.0325
0.0326
0.0288
0.0351
0.053
0.059899999999999995
0.0485
0.036000000000000004
0.043
0.0502
1.7176
0.3143
0.45709999999999995
0.0795
0.0651
0.0865
0.114
0.1089
0.101
0.08460000000000001
0.10880000000000001
0.0718
0.7323000000000001
0.2639
0.17470000000000002
0.0923
0.733
0.178
0.1629
0.1315
0.0928
0.0785
0.0597
1.3879
0.2346
0.0277
0.0354
0.0
0.0
0.0
0.0001
0.0
0.0
0.0
0.0
0.0
0.0287
1.9936
0.9731
0.0
0.0
0.0
0.5121
0.0118
0.0684
0.0
0.0
0.3662
0.0115
0.015199999999999998
0.0161
0.0217
0.0203
0.0216
0.021
0.23450000000000001
0.0377
0.022699999999999998
0.051000000000000004
0.0597
0.06259999999999999
0.0665
0.08990000000000001
0.0507
0.027999999999999997
0.0296
0.0267
0.0361
0.026099999999999998
0.0
0.0062
0.009899999999999999
1.3702
0.0
0.0
0.0
0.0017
0.0351
0.107
0.1972
0.1623
0.1398
0.16449999999999998
0.1701
0.1281
1.2334
2.6785
0.0411
0.003
0.0
0.6376
0.0
0.0
0.0
0.0107
0.316
0.2024
0.2198
0.17120000000000002
0.1474
0.0703
0.0231
0.0158
0.0027
0.0112
0.0038
0.0149
0.0068
0.036699999999999997
0.1371
0.0829
0.0477
0.0142
0.0276
0.0592
0.0201
0.0028
0.0088
0.0025
0.0
0.7727999999999999
0.6761999999999999
0.6279
0.5902000000000001
0.4948
0.202
0.0413
0.0471
0.0448
0.0152
0.0996
0.5282
0.0917
0.0
0.0
0.0161
0.4999
0.7446999999999999
1.0889
1.0872
1.337
1.6006
2.0158
2.1603000000000003
0.044399999999999995
0.0454
0.0449
0.0472
0.048799999999999996
0.0469
0.0356
0.030199999999999998
0.055400000000000005
0.0521
0.0393
0.032299999999999995
0.0329
0.0329
0.0325
0.0326
0.0288
0.0351
0.053
0.059899999999999995
0.0485
0.036000000000000004
0.043
0.0502
1.7176
0.3143
0.45709999999999995
0.0795
0.0651
0.0865
0.114
0.1089
0.101
0.08460000000000001
0.10880000000000001
0.0718
0.7323000000000001
0.2639
0.17470000000000002
0.0923
0.733
0.178
0.1629
0.1315
0.0928
0.0785
0.0597
1.3879
0.0
0.0
0.0
0.0
0.0
0.0982
0.296
0.3367
0.2746
1.205
0.0591
0.1159
0.11180000000000001
0.2645
0.0738
0.0
0.19269999999999998
0.0716
0.0
0.0
0.0
0.0
0.0
0.0
4.7755
4.637700000000001
4.8459
2.8179
0.09409999999999999
0.0377
0.0451
0.0822
0.0729
0.0828
0.0842
0.0775
0.0842
0.07200000000000001
0.0731
0.078
0.0712
0.07050000000000001
0.0494
0.042499999999999996
0.0524
0.0687
0.0952
0.1388
5.3073
4.7777
4.4363
1.9113
0.1174
0.1845
0.4347
0.1147
0.13540000000000002
0.13879999999999998
0.1553
0.13640000000000002
0.1391
0.12440000000000001
0.1191
0.1134
0.1135
0.11080000000000001
0.1801
0.7535000000000001
0.40240000000000004
0.1246
0.083
2.8797
2.8129
4.0184
4.18
2.5156
1.1444
0.6697
0.9076
0.14179999999999998
0.05789999999999999
0.0613
0.054099999999999995
0.0619
0.052
0.039900000000000005
0.036500000000000005
0.039
0.0606
0.0807
0.1554
0.217
0.18180000000000002
0.0829
0.0765
0.07750000000000001
0.10350000000000001
0.1076
0.10750000000000001
0.11069999999999999
0.1
0.0643
0.0342
0.2074
0.2743
0.0419
0.033600000000000005
0.0377
0.0295
0.020999999999999998
0.025099999999999997
0.0235
0.0622
0.042800000000000005
0.0413
0.0806
0.0877
0.068
0.0551
0.068
0.032
0.0299
0.03
0.0327
0.0349
0.026099999999999998
0.025
0.030100000000000002
0.0114
0.0313
0.0288
0.0316
0.027299999999999998
0.0232
0.0254
0.0237
0.0235
0.0357
0.0349
0.0342
0.030900000000000004
0.023899999999999998
0.0327
0.039999999999999994
0.4173
2.2611
0.0512
0.4999
0.2843
0.0325
0.0577
0.0393
0.0227
0.0334
0.0451
0.027700000000000002
0.0135
0.024800000000000003
0.0376
0.031
0.028700000000000003
0.0378
0.0469
0.039400000000000004
0.0351
0.041499999999999995
0.044399999999999995
0.043
0.0
0.0
0.0
0.0
0.0
0.0982
0.296
0.3367
0.2746
1.205
0.0591
0.1159
0.11180000000000001
0.2645
0.0738
0.0
0.19269999999999998
0.0716
0.0
0.0
0.0
0.0
0.0
0.0
4.7755
4.637700000000001
4.8459
2.8179
0.09409999999999999
0.0377
0.0451
0.0822
0.0729
0.0828
0.0842
0.0775
0.0842
0.07200000000000001
0.0731
0.078
0.0712
0.07050000000000001
0.0494
0.042499999999999996
0.0524
0.0687
0.0952
0.1388
5.3073
4.7777
4.4363
1.9113
0.1174
0.1845
0.4347
0.1147
0.13540000000000002
0.13879999999999998
0.1553
0.13640000000000002
0.1391
0.12440000000000001
0.1191
0.1134
0.1135
0.11080000000000001
0.1801
0.7535000000000001
0.40240000000000004
0.1246
0.083
2.8797
2.8129
4.0184
4.18
2.5156
1.1444
0.6697
0.9076
0.14179999999999998
0.05789999999999999
0.0613
0.054099999999999995
0.0619
0.052
0.039900000000000005
0.036500000000000005
0.039
0.0606
0.0807
0.1554
0.217
0.18180000000000002
0.0829
0.0765
0.07750000000000001
0.10350000000000001
0.1076
0.10750000000000001
0.11069999999999999
0.1
0.0643
0.0342
0.2074
0.2743
0.0419
0.033600000000000005
0.0377
0.0295
0.020999999999999998
0.025099999999999997
0.0235
0.0622
0.042800000000000005
0.0413
0.0806
0.0877
0.068
0.0551
0.068
0.032
0.0299
0.03
0.0327
0.0349
0.026099999999999998
0.025
0.030100000000000002
0.0114
0.0313
0.0288
0.0316
0.027299999999999998
0.0232
0.0254
0.0237
0.0235
0.0357
0.0349
0.0342
0.030900000000000004
0.023899999999999998
0.0327
0.039999999999999994
0.4173
2.2611
0.0512
0.4999
0.2843
0.0325
0.0577
0.0393
0.0227
0.0334
0.0451
0.027700000000000002
0.0135
0.024800000000000003
0.0376
0.031
0.028700000000000003
0.0378
0.0469
0.039400000000000004
0.0351
0.041499999999999995
0.044399999999999995
0.043
0.0
0.0
0.0
0.0
0.0
0.0982
0.296
0.3367
0.2746
1.205
0.0591
0.1159
0.11180000000000001
0.2645
0.0738
0.0
0.19269999999999998
0.0716
0.0
0.0
0.0
0.0
0.0
0.0
4.7755
4.637700000000001
4.8459
2.8179
0.09409999999999999
0.0377
0.0451
0.0822
0.0729
0.0828
0.0842
0.0775
0.0842
0.07200000000000001
0.0731
0.078
0.0712
0.07050000000000001
0.0494
0.042499999999999996
0.0524
0.0687
0.0952
0.1388
5.3073
4.7777
4.4363
1.9113
0.1174
0.1845
0.4347
0.1147
0.13540000000000002
0.13879999999999998
0.1553
0.13640000000000002
0.1391
0.12440000000000001
0.1191
0.1134
0.1135
0.11080000000000001
0.1801
0.7535000000000001
0.40240000000000004
0.1246
0.083
2.8797
2.8129
4.0184
4.18
2.5156
1.1444
0.6697
0.9076
0.14179999999999998
0.05789999999999999
0.0613
0.054099999999999995
0.0619
0.052
0.039900000000000005
0.036500000000000005
0.039
0.0606
0.0807
0.1554
0.217
0.18180000000000002
0.0829
0.0765
0.07750000000000001
0.10350000000000001
0.1076
0.10750000000000001
0.11069999999999999
0.1
0.0643
0.0342
0.2074
0.2743
0.0419
0.033600000000000005
0.0377
0.0295
0.020999999999999998
0.025099999999999997
0.0235
0.0622
0.042800000000000005
0.0413
0.0806
0.0877
0.068
0.0551
0.068
0.032
0.0299
0.03
0.0327
0.0349
0.026099999999999998
0.025
0.030100000000000002
0.0114
0.0313
0.0288
0.0316
0.027299999999999998
0.0232
0.0254
0.0237
0.0235
0.0357
0.0349
0.0342
0.030900000000000004
0.023899999999999998
0.0327
0.039999999999999994
0.4173
2.2611
0.0512
0.4999
0.2843
0.0325
0.0577
0.0393
0.0227
0.0334
0.0451
0.027700000000000002
0.0135
0.024800000000000003
0.0376
0.031
0.028700000000000003
0.0378
0.0469
0.039400000000000004
0.0351
0.041499999999999995
0.044399999999999995
0.043
0.0
0.0
0.0
0.0
0.0
0.0982
0.296
0.3367
0.2746
1.205
0.0591
0.1159
0.11180000000000001
0.2645
0.0738
0.0
0.19269999999999998
0.0716
0.0
0.0
0.0
0.0
0.0
0.0
4.7755
4.637700000000001
4.8459
2.8179
0.09409999999999999
0.0377
0.0451
0.0822
0.0729
0.0828
0.0842
0.0775
0.0842
0.07200000000000001
0.0731
0.078
0.0712
0.07050000000000001
0.0494
0.042499999999999996
0.0524
0.0687
0.0952
0.1388
5.3073
4.7777
4.4363
1.9113
0.1174
0.1845
0.4347
0.1147
0.13540000000000002
0.13879999999999998
0.1553
0.13640000000000002
0.1391
0.12440000000000001
0.1191
0.1134
0.1135
0.11080000000000001
0.1801
0.7535000000000001
0.40240000000000004
0.1246
0.083
2.8797
2.8129
4.0184
4.18
2.5156
1.1444
0.6697
0.9076
0.14179999999999998
0.05789999999999999
0.0613
0.054099999999999995
0.0619
0.052
0.039900000000000005
0.036500000000000005
0.039
0.0606
0.0807
0.1554
0.217
0.18180000000000002
0.0829
0.0765
0.07750000000000001
0.10350000000000001
0.1076
0.10750000000000001
0.11069999999999999
0.1
0.0643
0.0342
0.2074
0.2743
0.0419
0.033600000000000005
0.0377
0.0295
0.020999999999999998
0.025099999999999997
0.0235
0.0622
0.042800000000000005
0.0413
0.0806
0.0877
0.068
0.0551
0.068
0.032
0.0299
0.03
0.0327
0.0349
0.026099999999999998
0.025
0.030100000000000002
0.0114
0.0313
0.0288
0.0316
0.027299999999999998
0.0232
0.0254
0.0237
0.0235
0.0357
0.0349
0.0342
0.030900000000000004
0.023899999999999998
0.0327
0.039999999999999994
0.4173
2.2611
0.0512
0.4999
0.2843
0.0325
0.0577
0.0393
0.0227
0.0334
0.0451
0.027700000000000002
0.0135
0.024800000000000003
0.0376
0.031
0.028700000000000003
0.0378
0.0469
0.039400000000000004
0.0351
0.041499999999999995
0.044399999999999995
0.043
0.0
0.0
0.0
0.0
0.0
0.0982
0.296
0.3367
0.2746
1.205
0.0591
0.1159
0.11180000000000001
0.2645
0.0738
0.0
0.19269999999999998
0.0716
0.0
0.0
0.0
0.0
0.0
0.0
4.7755
4.637700000000001
4.8459
2.8179
0.09409999999999999
0.0377
0.0451
0.0822
0.0729
0.0828
0.0842
0.0775
0.0842
0.07200000000000001
0.0731
0.078
0.0712
0.07050000000000001
0.0494
0.042499999999999996
0.0524
0.0687
0.0952
0.1388
5.3073
4.7777
4.4363
1.9113
0.1174
0.1845
0.4347
0.1147
0.13540000000000002
0.13879999999999998
0.1553
0.13640000000000002
0.1391
0.12440000000000001
0.1191
0.1134
0.1135
0.11080000000000001
0.1801
0.7535000000000001
0.40240000000000004
0.1246
0.083
2.8797
0.2128
0.2439
0.2662
0.2319
0.217
0.40090000000000003
0.9393
1.701
0.9806
0.6196999999999999
0.2605
2.5244
0.9965
1.8941
0.6233
0.5939
1.0729
0.5997
0.6819
0.7095
0.3893
0.24910000000000002
0.2041
0.17759999999999998
0.46649999999999997
0.118
0.1096
0.0938
0.0626
0.06889999999999999
0.0637
0.043
0.0381
0.0398
0.0325
0.0319
0.0304
0.0258
0.0288
0.0322
0.0288
0.0611
0.0539
0.0553
0.0568
0.044700000000000004
0.045399999999999996
2.1931
0.048600000000000004
0.0344
0.0364
0.049
0.055900000000000005
0.0411
0.1277
0.0419
0.0073
0.0445
0.0359
0.039
0.0337
0.026000000000000002
0.0293
0.0279
0.11739999999999999
0.1717
0.0084
0.005200000000000001
0.011
0.004
0.0138
0.0353
3.8956
2.965
0.3453
0.0558
0.050699999999999995
0.07139999999999999
0.49219999999999997
0.3536
0.2857
0.2764
0.3076
0.2956
0.2692
0.2515
0.2576
0.4971
0.7487
1.1075
0.9377
0.2825
0.0347
0.0133
0.0111
2.5391
0.4062
0.2421
0.16970000000000002
0.167
2.3852
0.1115
0.9002000000000001
0.15660000000000002
0.21610000000000001
0.2284
0.2697
0.19979999999999998
0.1511
0.0062
2.1996
0.6064
0.258
1.1967
0.3401
0.084
0.0
0.0
0.0
0.0023
0.0365
0.036199999999999996
0.036199999999999996
0.039
0.0427
0.0402
0.0407
0.0543
0.0446
0.053599999999999995
0.040400000000000005
0.0385
0.0373
0.0315
0.032100000000000004
0.0305
0.0259
0.0304
0.041
0.04820000000000001
0.0429
0.0304
0.036000000000000004
0.0417
0.0784
0.1597
0.1617
0.1281
0.05790000000000001
0.036000000000000004
0.0364
0.039400000000000004
0.0259
0.030899999999999997
0.0275
0.030699999999999998
0.0314
0.025
0.0276
0.0259
0.0229
0.0955
0.0247
0.039900000000000005
0.057300000000000004
0.052000000000000005
0.0717
0.6983999999999999
0.2128
0.2439
0.2662
0.2319
0.217
0.40090000000000003
0.9393
1.701
0.9806
0.6196999999999999
0.2605
2.5244
0.9965
1.8941
0.6233
0.5939
1.0729
0.5997
0.6819
0.7095
0.3893
0.24910000000000002
0.2041
0.17759999999999998
0.46649999999999997
0.118
0.1096
0.0938
0.0626
0.06889999999999999
0.0637
0.043
0.0381
0.0398
0.0325
0.0319
0.0304
0.0258
0.0288
0.0322
0.0288
0.0611
0.0539
0.0553
0.0568
0.044700000000000004
0.045399999999999996
2.1931
0.048600000000000004
0.0344
0.0364
0.049
0.055900000000000005
0.0411
0.1277
0.0419
0.0073
0.0445
0.0359
0.039
0.0337
0.026000000000000002
0.0293
0.0279
0.11739999999999999
0.1717
0.0084
0.005200000000000001
0.011
0.004
0.0138
0.0353
3.8956
2.965
0.3453
0.0558
0.050699999999999995
0.07139999999999999
0.49219999999999997
0.3536
0.2857
0.2764
0.3076
0.2956
0.2692
0.2515
0.2576
0.4971
0.7487
1.1075
0.9377
0.2825
0.0347
0.0133
0.0111
2.5391
0.4062
0.2421
0.16970000000000002
0.167
2.3852
0.1115
0.9002000000000001
0.15660000000000002
0.21610000000000001
0.2284
0.2697
0.19979999999999998
0.1511
0.0062
2.1996
0.6064
0.258
1.1967
0.3401
0.084
0.0
0.0
0.0
0.0023
0.0365
0.036199999999999996
0.036199999999999996
0.039
0.0427
0.0402
0.0407
0.0543
0.0446
0.053599999999999995
0.040400000000000005
0.0385
0.0373
0.0315
0.032100000000000004
0.0305
0.0259
0.0304
0.041
0.04820000000000001
0.0429
0.0304
0.036000000000000004
0.0417
0.0784
0.1597
0.1617
0.1281
0.05790000000000001
0.036000000000000004
0.0364
0.039400000000000004
0.0259
0.030899999999999997
0.0275
0.030699999999999998
0.0314
0.025
0.0276
0.0259
0.0229
0.0955
0.0247
0.039900000000000005
0.057300000000000004
0.052000000000000005
0.0717
0.6983999999999999
0.2128
0.2439
0.2662
0.2319
0.217
0.40090000000000003
0.9393
1.701
0.9806
0.6196999999999999
0.2605
2.5244
0.9965
1.8941
0.6233
0.5939
1.0729
0.5997
0.6819
0.7095
0.3893
0.24910000000000002
0.2041
0.17759999999999998
0.46649999999999997
0.118
0.1096
0.0938
0.0626
0.06889999999999999
0.0637
0.043
0.0381
0.0398
0.0325
0.0319
0.0304
0.0258
0.0288
0.0322
0.0288
0.0611
0.0539
0.0553
0.0568
0.044700000000000004
0.045399999999999996
2.1931
0.048600000000000004
0.0344
0.0364
0.049
0.055900000000000005
0.0411
0.1277
0.0419
0.0073
0.0445
0.0359
0.039
0.0337
0.026000000000000002
0.0293
0.0279
0.11739999999999999
0.1717
0.0084
0.005200000000000001
0.011
0.004
0.0138
0.0353
3.8956
2.965
0.3453
0.0558
0.050699999999999995
0.07139999999999999
0.49219999999999997
0.3536
0.2857
0.2764
0.3076
0.2956
0.2692
0.2515
0.2576
0.4971
0.7487
1.1075
0.9377
0.2825
0.0347
0.0133
0.0111
2.5391
0.4062
0.2421
0.16970000000000002
0.167
2.3852
0.1115
0.9002000000000001
0.15660000000000002
0.21610000000000001
0.2284
0.2697
0.19979999999999998
0.1511
0.0062
2.1996
0.6064
0.258
1.1967
0.3401
0.084
0.0
0.0
0.0
0.0023
0.0365
0.036199999999999996
0.036199999999999996
0.039
0.0427
0.0402
0.0407
0.0543
0.0446
0.053599999999999995
0.040400000000000005
0.0385
0.0373
0.0315
0.032100000000000004
0.0305
0.0259
0.0304
0.041
0.04820000000000001
0.0429
0.0304
0.036000000000000004
0.0417
0.0784
0.1597
0.1617
0.1281
0.05790000000000001
0.036000000000000004
0.0364
0.039400000000000004
0.0259
0.030899999999999997
0.0275
0.030699999999999998
0.0314
0.025
0.0276
0.0259
0.0229
0.0955
0.0247
0.039900000000000005
0.057300000000000004
0.052000000000000005
0.0717
0.6983999999999999
0.2128
0.2439
0.2662
0.2319
0.217
0.40090000000000003
0.9393
1.701
0.9806
0.6196999999999999
0.2605
2.5244
0.9965
1.8941
0.6233
0.5939
1.0729
0.5997
0.6819
0.7095
0.3893
0.24910000000000002
0.2041
0.17759999999999998
0.46649999999999997
0.118
0.1096
0.0938
0.0626
0.06889999999999999
0.0637
0.043
0.0381
0.0398
0.0325
0.0319
0.0304
0.0258
0.0288
0.0322
0.0288
0.0611
0.0539
0.0553
0.0568
0.044700000000000004
0.045399999999999996
2.1931
0.048600000000000004
0.0344
0.0364
0.049
0.055900000000000005
0.0411
0.1277
0.0419
0.0073
0.0445
0.0359
0.039
0.0337
0.026000000000000002
0.0293
0.0279
0.11739999999999999
0.1717
0.0084
0.005200000000000001
0.011
0.004
0.0138
0.0353
3.8956
2.965
0.3453
0.0558
0.050699999999999995
0.07139999999999999
0.49219999999999997
0.3536
0.2857
0.2764
0.3076
0.2956
0.2692
0.2515
0.2576
0.4971
0.7487
1.1075
0.9377
0.2825
0.0347
0.0133
0.0111
2.5391
0.4062
0.2421
0.16970000000000002
0.167
2.3852
0.1115
0.9002000000000001
0.15660000000000002
0.21610000000000001
0.2284
0.2697
0.19979999999999998
0.1511
0.0062
2.1996
0.6064
0.258
1.1967
0.3401
0.084
0.0
0.0
0.0
0.0023
0.0365
0.036199999999999996
0.036199999999999996
0.039
0.0427
0.0402
0.0407
0.0543
0.0446
0.053599999999999995
0.040400000000000005
0.0385
0.0373
0.0315
0.032100000000000004
0.0305
0.0259
0.0304
0.041
0.04820000000000001
0.0429
0.0304
0.036000000000000004
0.0417
0.0784
0.1597
0.1617
0.1281
0.05790000000000001
0.036000000000000004
0.0364
0.039400000000000004
0.0259
0.030899999999999997
0.0275
0.030699999999999998
0.0314
0.025
0.0276
0.0259
0.0229
0.0955
0.0247
0.039900000000000005
0.057300000000000004
0.052000000000000005
0.0717
0.6983999999999999
0.2128
0.2439
0.2662
0.2319
0.217
0.40090000000000003
0.9393
1.701
0.9806
0.6196999999999999
0.2605
2.5244
0.9965
1.8941
0.6233
0.5939
1.0729
0.5997
0.6819
0.7095
0.3893
0.24910000000000002
0.2041
0.17759999999999998
0.46649999999999997
0.118
0.1096
0.0938
0.0626
0.06889999999999999
0.0637
0.043
0.0381
0.0398
0.0325
0.0319
0.0304
0.0258
0.0288
0.0322
0.0288
0.0611
0.0539
0.0553
0.0568
0.044700000000000004
0.045399999999999996
2.1931
1.8460999999999999
1.9133
2.0211
1.0412
0.24
0.2632
0.4074
0.5837
0.2566
0.07880000000000001
0.0708
0.0557
0.0579
0.0525
0.0588
0.1205
0.4962
1.8868999999999998
0.9340999999999999
0.9236
0.9068
0.8997999999999999
0.8287
3.099
0.2133
0.2051
0.2005
0.2029
0.2017
0.2221
0.2673
0.5238
0.24620000000000003
0.17420000000000002
0.1211
0.1121
0.10880000000000001
0.109
0.12229999999999999
0.13740000000000002
0.17049999999999998
0.2506
0.203
0.2058
0.2167
0.2299
0.25239999999999996
0.251
2.6115
4.8318
3.0698
1.2489
0.4162
0.0485
0.055999999999999994
0.0541
0.049199999999999994
0.0687
0.0665
0.0665
0.0709
0.0645
0.0846
0.045399999999999996
0.46909999999999996
0.09709999999999999
0.09290000000000001
0.07830000000000001
0.07239999999999999
0.0874
0.11530000000000001
0.1373
0.3722
0.4031
0.9406
1.815
0.1934
0.2934
0.2611
0.272
0.2502
0.2419
0.2353
0.2382
0.24420000000000003
0.1736
1.8455
0.4689
1.1944
1.1616
0.47
0.37129999999999996
0.29259999999999997
0.22909999999999997
0.1871
0.2112
1.7016
4.3242
3.91
2.2092
0.45449999999999996
0.10919999999999999
0.1746
0.2405
0.5570999999999999
0.4233
0.183
0.07450000000000001
0.06839999999999999
0.0471
0.0416
0.1026
0.13240000000000002
0.17959999999999998
0.1916
0.1874
1.2211
0.47050000000000003
0.6416999999999999
0.6631
1.7574999999999998
1.9371
1.8054999999999999
1.8343
2.2442
2.1259
1.4042
0.2091
0.1583
0.2284
0.25129999999999997
0.28559999999999997
0.3143
0.645
0.8226
0.14329999999999998
1.1083
1.4349
0.2098
0.1532
1.0407
1.4308
2.0362
2.7755
3.9145000000000003
3.9698
2.9171
0.1612
0.1352
0.15610000000000002
0.2387
0.9373
0.4014
0.24159999999999998
0.2134
0.1973
0.19019999999999998
0.18159999999999998
0.20829999999999999
0.24459999999999998
0.3098
0.48460000000000003
0.8401
1.0548
0.4366
0.2273
0.1745
2.0210999999999997
1.8460999999999999
1.9133
2.0211
1.0412
0.24
0.2632
0.4074
0.5837
0.2566
0.07880000000000001
0.0708
0.0557
0.0579
0.0525
0.0588
0.1205
0.4962
1.8868999999999998
0.9340999999999999
0.9236
0.9068
0.8997999999999999
0.8287
3.099
0.2133
0.2051
0.2005
0.2029
0.2017
0.2221
0.2673
0.5238
0.24620000000000003
0.17420000000000002
0.1211
0.1121
0.10880000000000001
0.109
0.12229999999999999
0.13740000000000002
0.17049999999999998
0.2506
0.203
0.2058
0.2167
0.2299
0.25239999999999996
0.251
2.6115
4.8318
3.0698
1.2489
0.4162
0.0485
0.055999999999999994
0.0541
0.049199999999999994
0.0687
0.0665
0.0665
0.0709
0.0645
0.0846
0.045399999999999996
0.46909999999999996
0.09709999999999999
0.09290000000000001
0.07830000000000001
0.07239999999999999
0.0874
0.11530000000000001
0.1373
0.3722
0.4031
0.9406
1.815
0.1934
0.2934
0.2611
0.272
0.2502
0.2419
0.2353
0.2382
0.24420000000000003
0.1736
1.8455
0.4689
1.1944
1.1616
0.47
0.37129999999999996
0.29259999999999997
0.22909999999999997
0.1871
0.2112
1.7016
4.3242
3.91
2.2092
0.45449999999999996
0.10919999999999999
0.1746
0.2405
0.5570999999999999
0.4233
0.183
0.07450000000000001
0.06839999999999999
0.0471
0.0416
0.1026
0.13240000000000002
0.17959999999999998
0.1916
0.1874
1.2211
0.47050000000000003
0.6416999999999999
0.6631
1.7574999999999998
1.9371
1.8054999999999999
1.8343
2.2442
2.1259
1.4042
0.2091
0.1583
0.2284
0.25129999999999997
0.28559999999999997
0.3143
0.645
0.8226
0.14329999999999998
1.1083
1.4349
0.2098
0.1532
1.0407
1.4308
2.0362
2.7755
3.9145000000000003
3.9698
2.9171
0.1612
0.1352
0.15610000000000002
0.2387
0.9373
0.4014
0.24159999999999998
0.2134
0.1973
0.19019999999999998
0.18159999999999998
0.20829999999999999
0.24459999999999998
0.3098
0.48460000000000003
0.8401
1.0548
0.4366
0.2273
0.1745
2.0210999999999997
1.8460999999999999
1.9133
2.0211
1.0412
0.24
0.2632
0.4074
0.5837
0.2566
0.07880000000000001
0.0708
0.0557
0.0579
0.0525
0.0588
0.1205
0.4962
1.8868999999999998
0.9340999999999999
0.9236
0.9068
0.8997999999999999
0.8287
3.099
0.2133
0.2051
0.2005
0.2029
0.2017
0.2221
0.2673
0.5238
0.24620000000000003
0.17420000000000002
0.1211
0.1121
0.10880000000000001
0.109
0.12229999999999999
0.13740000000000002
0.17049999999999998
0.2506
0.203
0.2058
0.2167
0.2299
0.25239999999999996
0.251
2.6115
4.8318
3.0698
1.2489
0.4162
0.0485
0.055999999999999994
0.0541
0.049199999999999994
0.0687
0.0665
0.0665
0.0709
0.0645
0.0846
0.045399999999999996
0.46909999999999996
0.09709999999999999
0.09290000000000001
0.07830000000000001
0.07239999999999999
0.0874
0.11530000000000001
0.1373
0.3722
0.4031
0.9406
1.815
0.1934
0.2934
0.2611
0.272
0.2502
0.2419
0.2353
0.2382
0.24420000000000003
0.1736
1.8455
0.4689
1.1944
1.1616
0.47
0.37129999999999996
0.29259999999999997
0.22909999999999997
0.1871
0.2112
1.7016
4.3242
3.91
2.2092
0.45449999999999996
0.10919999999999999
0.1746
0.2405
0.5570999999999999
0.4233
0.183
0.07450000000000001
0.06839999999999999
0.0471
0.0416
0.1026
0.13240000000000002
0.17959999999999998
0.1916
0.1874
1.2211
0.47050000000000003
0.6416999999999999
0.6631
1.7574999999999998
1.9371
1.8054999999999999
1.8343
2.2442
2.1259
1.4042
0.2091
0.1583
0.2284
0.25129999999999997
0.28559999999999997
0.3143
0.645
0.8226
0.14329999999999998
1.1083
1.4349
0.2098
0.1532
1.0407
1.4308
2.0362
2.7755
3.9145000000000003
3.9698
2.9171
0.1612
0.1352
0.15610000000000002
0.2387
0.9373
0.4014
0.24159999999999998
0.2134
0.1973
0.19019999999999998
0.18159999999999998
0.20829999999999999
0.24459999999999998
0.3098
0.48460000000000003
0.8401
1.0548
0.4366
0.2273
0.1745
2.0210999999999997
1.8460999999999999
1.9133
2.0211
1.0412
0.24
0.2632
0.4074
0.5837
0.2566
0.07880000000000001
0.0708
0.0557
0.0579
0.0525
0.0588
0.1205
0.4962
1.8868999999999998
0.9340999999999999
0.9236
0.9068
0.8997999999999999
0.8287
3.099
0.2133
0.2051
0.2005
0.2029
0.2017
0.2221
0.2673
0.5238
0.24620000000000003
0.17420000000000002
0.1211
0.1121
0.10880000000000001
0.109
0.12229999999999999
0.13740000000000002
0.17049999999999998
0.2506
0.203
0.2058
0.2167
0.2299
0.25239999999999996
0.251
2.6115
4.8318
3.0698
1.2489
0.4162
0.0485
0.055999999999999994
0.0541
0.049199999999999994
0.0687
0.0665
0.0665
0.0709
0.0645
0.0846
0.045399999999999996
0.46909999999999996
0.09709999999999999
0.09290000000000001
0.07830000000000001
0.07239999999999999
0.0874
0.11530000000000001
0.1373
0.3722
0.4031
0.9406
1.815
0.1934
0.2934
0.2611
0.272
0.2502
0.2419
0.2353
0.2382
0.24420000000000003
0.1736
1.8455
0.4689
1.1944
1.1616
0.47
0.37129999999999996
0.29259999999999997
0.22909999999999997
0.1871
0.2112
1.7016
4.3242
3.91
2.2092
0.45449999999999996
0.10919999999999999
0.1746
0.2405
0.5570999999999999
0.4233
0.183
0.07450000000000001
0.06839999999999999
0.0471
0.0416
0.1026
0.13240000000000002
0.17959999999999998
0.1916
0.1874
1.2211
0.47050000000000003
0.6416999999999999
0.6631
1.7574999999999998
1.9371
1.8054999999999999
1.8343
2.2442
2.1259
1.4042
0.2091
0.1583
0.2284
0.25129999999999997
0.28559999999999997
0.3143
0.645
0.8226
0.14329999999999998
1.1083
1.4349
0.2098
0.1532
1.0407
1.4308
2.0362
2.7755
3.9145000000000003
3.9698
2.9171
0.1612
0.1352
0.15610000000000002
0.2387
0.9373
0.4014
0.24159999999999998
0.2134
0.1973
0.19019999999999998
0.18159999999999998
0.20829999999999999
0.24459999999999998
0.3098
0.48460000000000003
0.8401
1.0548
0.4366
0.2273
0.1745
2.0210999999999997
1.8460999999999999
1.9133
2.0211
1.0412
0.24
0.2632
0.4074
0.5837
0.2566
0.07880000000000001
0.0708
0.0557
0.0579
0.0525
0.0588
0.1205
0.4962
1.8868999999999998
0.9340999999999999
0.9236
0.9068
0.8997999999999999
0.8287
3.099
0.2133
0.2051
0.2005
0.2029
0.2017
0.2221
0.2673
0.5238
0.24620000000000003
0.17420000000000002
0.1211
0.1121
0.10880000000000001
0.109
0.12229999999999999
0.13740000000000002
0.17049999999999998
0.2506
0.203
0.2058
0.2167
0.2299
0.25239999999999996
0.251
2.6115
4.8318
3.0698
1.2489
0.4162
0.0485
0.055999999999999994
0.0541
0.049199999999999994
0.0687
0.0665
0.0665
0.0709
0.0645
0.0846
0.045399999999999996
0.46909999999999996
0.09709999999999999
0.09290000000000001
0.07830000000000001
0.07239999999999999
0.0874
0.11530000000000001
0.1373
0.2869
1.7387000000000001
2.1917999999999997
1.6955
0.1358
0.0192
0.8678
0.0937
0.1184
0.1562
0.1411
0.1452
0.1547
0.1527
0.18730000000000002
0.1526
0.1121
0.1121
0.1046
0.0984
0.07769999999999999
0.0817
0.0857
0.0844
0.29510000000000003
0.9598
0.8351000000000001
0.38029999999999997
0.21700000000000003
0.2436
0.2175
0.38739999999999997
0.5837
0.6960999999999999
0.6539
0.6347
0.8072
1.2530000000000001
1.1840000000000002
1.5186000000000002
1.9114
0.3486
0.2317
0.19190000000000002
0.2525
0.3237
0.5991
0.7477
2.0285
6.946899999999999
3.0534999999999997
0.8476
0.3211
0.1834
0.21
0.2178
0.2276
0.228
0.2399
0.268
0.33340000000000003
0.47840000000000005
0.4636
0.8193
0.25780000000000003
0.2059
0.2702
0.3615
0.4003
0.375
0.33240000000000003
0.25370000000000004
4.6554
0.0
0.0466
0.09759999999999999
0.0993
0.1274
0.13779999999999998
0.15510000000000002
0.15539999999999998
0.122
0.1174
0.11699999999999999
0.1508
0.2017
0.4768
0.51
0.6368
0.8939
0.6698
0.49260000000000004
0.4009
0.5113
0.7947
0.6385000000000001
4.194
4.1437
4.1004000000000005
4.0281
0.2483
0.13829999999999998
0.07619999999999999
0.0
1.0312000000000001
1.6703999999999999
1.3807
0.0573
0.164
0.036000000000000004
0.0663
0.0018
0.0
0.0
0.1131
5.7295
3.8154
3.9019
4.0262
3.1772
0.151
0.1399
0.1199
0.1179
0.1205
0.1252
0.1457
0.7444
1.4867000000000001
0.5369999999999999
0.521
0.7274
0.681
0.6404000000000001
0.6398
0.6395
0.6778
1.5800999999999998
1.7553
1.7208
1.6621000000000001
1.4333
0.767
0.3163
0.1644
0.15739999999999998
0.15560000000000002
0.15510000000000002
0.1491
0.1326
0.1086
0.1116
0.1183
0.1385
0.1184
0.10389999999999999
0.10339999999999999
0.097
0.1067
0.11460000000000001
0.125
0.124
0.1225
0.12719999999999998
0.12840000000000001
0.139
0.1777
0.1869
0.2869
1.7387000000000001
2.1917999999999997
1.6955
0.1358
0.0192
0.8678
0.0937
0.1184
0.1562
0.1411
0.1452
0.1547
0.1527
0.18730000000000002
0.1526
0.1121
0.1121
0.1046
0.0984
0.07769999999999999
0.0817
0.0857
0.0844
0.29510000000000003
0.9598
0.8351000000000001
0.38029999999999997
0.21700000000000003
0.2436
0.2175
0.38739999999999997
0.5837
0.6960999999999999
0.6539
0.6347
0.8072
1.2530000000000001
1.1840000000000002
1.5186000000000002
1.9114
0.3486
0.2317
0.19190000000000002
0.2525
0.3237
0.5991
0.7477
2.0285
6.946899999999999
3.0534999999999997
0.8476
0.3211
0.1834
0.21
0.2178
0.2276
0.228
0.2399
0.268
0.33340000000000003
0.47840000000000005
0.4636
0.8193
0.25780000000000003
0.2059
0.2702
0.3615
0.4003
0.375
0.33240000000000003
0.25370000000000004
4.6554
0.0
0.0466
0.09759999999999999
0.0993
0.1274
0.13779999999999998
0.15510000000000002
0.15539999999999998
0.122
0.1174
0.11699999999999999
0.1508
0.2017
0.4768
0.51
0.6368
0.8939
0.6698
0.49260000000000004
0.4009
0.5113
0.7947
0.6385000000000001
4.194
4.1437
4.1004000000000005
4.0281
0.2483
0.13829999999999998
0.07619999999999999
0.0
1.0312000000000001
1.6703999999999999
1.3807
0.0573
0.164
0.036000000000000004
0.0663
0.0018
0.0
0.0
0.1131
5.7295
3.8154
3.9019
4.0262
3.1772
0.151
0.1399
0.1199
0.1179
0.1205
0.1252
0.1457
0.7444
1.4867000000000001
0.5369999999999999
0.521
0.7274
0.681
0.6404000000000001
0.6398
0.6395
0.6778
1.5800999999999998
1.7553
1.7208
1.6621000000000001
1.4333
0.767
0.3163
0.1644
0.15739999999999998
0.15560000000000002
0.15510000000000002
0.1491
0.1326
0.1086
0.1116
0.1183
0.1385
0.1184
0.10389999999999999
0.10339999999999999
0.097
0.1067
0.11460000000000001
0.125
0.124
0.1225
0.12719999999999998
0.12840000000000001
0.139
0.1777
0.1869
0.2869
1.7387000000000001
2.1917999999999997
1.6955
0.1358
0.0192
0.8678
0.0937
0.1184
0.1562
0.1411
0.1452
0.1547
0.1527
0.18730000000000002
0.1526
0.1121
0.1121
0.1046
0.0984
0.07769999999999999
0.0817
0.0857
0.0844
0.29510000000000003
0.9598
0.8351000000000001
0.38029999999999997
0.21700000000000003
0.2436
0.2175
0.38739999999999997
0.5837
0.6960999999999999
0.6539
0.6347
0.8072
1.2530000000000001
1.1840000000000002
1.5186000000000002
1.9114
0.3486
0.2317
0.19190000000000002
0.2525
0.3237
0.5991
0.7477
2.0285
6.946899999999999
3.0534999999999997
0.8476
0.3211
0.1834
0.21
0.2178
0.2276
0.228
0.2399
0.268
0.33340000000000003
0.47840000000000005
0.4636
0.8193
0.25780000000000003
0.2059
0.2702
0.3615
0.4003
0.375
0.33240000000000003
0.25370000000000004
4.6554
0.0
0.0466
0.09759999999999999
0.0993
0.1274
0.13779999999999998
0.15510000000000002
0.15539999999999998
0.122
0.1174
0.11699999999999999
0.1508
0.2017
0.4768
0.51
0.6368
0.8939
0.6698
0.49260000000000004
0.4009
0.5113
0.7947
0.6385000000000001
4.194
4.1437
4.1004000000000005
4.0281
0.2483
0.13829999999999998
0.07619999999999999
0.0
1.0312000000000001
1.6703999999999999
1.3807
0.0573
0.164
0.036000000000000004
0.0663
0.0018
0.0
0.0
0.1131
5.7295
3.8154
3.9019
4.0262
3.1772
0.151
0.1399
0.1199
0.1179
0.1205
0.1252
0.1457
0.7444
1.4867000000000001
0.5369999999999999
0.521
0.7274
0.681
0.6404000000000001
0.6398
0.6395
0.6778
1.5800999999999998
1.7553
1.7208
1.6621000000000001
1.4333
0.767
0.3163
0.1644
0.15739999999999998
0.15560000000000002
0.15510000000000002
0.1491
0.1326
0.1086
0.1116
0.1183
0.1385
0.1184
0.10389999999999999
0.10339999999999999
0.097
0.1067
0.11460000000000001
0.125
0.124
0.1225
0.12719999999999998
0.12840000000000001
0.139
0.1777
0.1869
0.2869
1.7387000000000001
2.1917999999999997
1.6955
0.1358
0.0192
0.8678
0.0937
0.1184
0.1562
0.1411
0.1452
0.1547
0.1527
0.18730000000000002
0.1526
0.1121
0.1121
0.1046
0.0984
0.07769999999999999
0.0817
0.0857
0.0844
0.29510000000000003
0.9598
0.8351000000000001
0.38029999999999997
0.21700000000000003
0.2436
0.2175
0.38739999999999997
0.5837
0.6960999999999999
0.6539
0.6347
0.8072
1.2530000000000001
1.1840000000000002
1.5186000000000002
1.9114
0.3486
0.2317
0.19190000000000002
0.2525
0.3237
0.5991
0.7477
2.0285
6.946899999999999
3.0534999999999997
0.8476
0.3211
0.1834
0.21
0.2178
0.2276
0.228
0.2399
0.268
0.33340000000000003
0.47840000000000005
0.4636
0.8193
0.25780000000000003
0.2059
0.2702
0.3615
0.4003
0.375
0.33240000000000003
0.25370000000000004
4.6554
0.0
0.0466
0.09759999999999999
0.0993
0.1274
0.13779999999999998
0.15510000000000002
0.15539999999999998
0.122
0.1174
0.11699999999999999
0.1508
0.2017
0.4768
0.51
0.6368
0.8939
0.6698
0.49260000000000004
0.4009
0.5113
0.7947
0.6385000000000001
4.194
4.1437
4.1004000000000005
4.0281
0.2483
0.13829999999999998
0.07619999999999999
0.0
1.0312000000000001
1.6703999999999999
1.3807
0.0573
0.164
0.036000000000000004
0.0663
0.0018
0.0
0.0
0.1131
5.7295
3.8154
3.9019
4.0262
3.1772
0.151
0.1399
0.1199
0.1179
0.1205
0.1252
0.1457
0.7444
1.4867000000000001
0.5369999999999999
0.521
0.7274
0.681
0.6404000000000001
0.6398
0.6395
0.6778
1.5800999999999998
1.7553
1.7208
1.6621000000000001
1.4333
0.767
0.3163
0.1644
0.15739999999999998
0.15560000000000002
0.15510000000000002
0.1491
0.1326
0.1086
0.1116
0.1183
0.1385
0.1184
0.10389999999999999
0.10339999999999999
0.097
0.1067
0.11460000000000001
0.125
0.124
0.1225
0.12719999999999998
0.12840000000000001
0.139
0.1777
0.1869
0.2869
1.7387000000000001
2.1917999999999997
1.6955
0.1358
0.0192
0.8678
0.0937
0.1184
0.1562
0.1411
0.1452
0.1547
0.1527
0.18730000000000002
0.1526
0.1121
0.1121
0.1046
0.0984
0.07769999999999999
0.0817
0.0857
0.0844
0.29510000000000003
0.9598
0.8351000000000001
0.38029999999999997
0.21700000000000003
0.2436
0.2175
0.38739999999999997
0.5837
0.6960999999999999
0.6539
0.6347
0.8072
1.2530000000000001
1.1840000000000002
1.5186000000000002
1.9114
0.3486
0.2317
0.19190000000000002
0.2525
0.3237
0.5991
0.7477
0.0
1.8631
3.894
1.3624
0.24009999999999998
0.097
0.1364
0.1053
0.08810000000000001
0.062
0.0748
0.07780000000000001
0.09290000000000001
0.1132
0.6602
0.4814
0.0756
0.0932
1.4622000000000002
0.37229999999999996
0.0171
0.0
0.0
0.0
0.0295
0.0269
0.022699999999999998
0.0193
0.0507
0.0516
0.0727
0.1509
0.1972
0.20529999999999998
0.2675
0.431
0.357
0.7601
2.1015
0.11699999999999999
0.1216
0.36169999999999997
0.0301
0.0006
2.0189
0.4091
0.0728
0.0379
2.8173
3.9173999999999998
3.5046
3.1144
2.0273
0.1408
0.0756
0.1561
0.1938
0.4285
0.919
0.8424
0.1721
0.08080000000000001
0.055099999999999996
0.7725
1.7245
1.4588
1.4691
1.4595
1.4375
1.4675
1.4455
1.3409
0.42100000000000004
1.6634
3.9695
3.3456
1.5818
0.07730000000000001
1.3153000000000001
0.1542
0.25270000000000004
0.2845
0.304
0.3388
0.36419999999999997
0.32430000000000003
0.5986
0.4274
0.16999999999999998
0.7518
0.3581
0.349
0.1819
0.0538
0.024300000000000002
0.0195
3.7626
2.8129
0.7958
0.0132
0.0
0.0094
0.0327
0.0
0.0013
0.0
0.0051
0.0199
0.026
0.3537
0.3385
0.0053
0.0
0.027200000000000002
0.031299999999999994
0.0385
0.0077
0.032600000000000004
0.0199
1.6764
0.5599000000000001
0.477
0.4935
0.40800000000000003
0.2704
0.3581
0.3022
0.8203
0.0
0.1474
0.124
0.0848
0.1247
0.13219999999999998
0.1472
0.0571
0.0794
0.0837
0.1312
0.1739
0.0
0.041
0.139
0.2546
0.7093
0.6657
0.6495
0.657
0.6538999999999999
0.9546
1.2457
0.2018
0.11120000000000001
0.0727
0.0674
0.069
0.07289999999999999
0.08979999999999999
0.0917
0.0669
0.0372
0.0215
0.0628
0.9102000000000001
1.0042
1.1235
1.0084
1.3118
0.0
1.8631
3.894
1.3624
0.24009999999999998
0.097
0.1364
0.1053
0.08810000000000001
0.062
0.0748
0.07780000000000001
0.09290000000000001
0.1132
0.6602
0.4814
0.0756
0.0932
1.4622000000000002
0.37229999999999996
0.0171
0.0
0.0
0.0
0.0295
0.0269
0.022699999999999998
0.0193
0.0507
0.0516
0.0727
0.1509
0.1972
0.20529999999999998
0.2675
0.431
0.357
0.7601
2.1015
0.11699999999999999
0.1216
0.36169999999999997
0.0301
0.0006
2.0189
0.4091
0.0728
0.0379
2.8173
3.9173999999999998
3.5046
3.1144
2.0273
0.1408
0.0756
0.1561
0.1938
0.4285
0.919
0.8424
0.1721
0.08080000000000001
0.055099999999999996
0.7725
1.7245
1.4588
1.4691
1.4595
1.4375
1.4675
1.4455
1.3409
0.42100000000000004
1.6634
3.9695
3.3456
1.5818
0.07730000000000001
1.3153000000000001
0.1542
0.25270000000000004
0.2845
0.304
0.3388
0.36419999999999997
0.32430000000000003
0.5986
0.4274
0.16999999999999998
0.7518
0.3581
0.349
0.1819
0.0538
0.024300000000000002
0.0195
3.7626
2.8129
0.7958
0.0132
0.0
0.0094
0.0327
0.0
0.0013
0.0
0.0051
0.0199
0.026
0.3537
0.3385
0.0053
0.0
0.027200000000000002
0.031299999999999994
0.0385
0.0077
0.032600000000000004
0.0199
1.6764
0.5599000000000001
0.477
0.4935
0.40800000000000003
0.2704
0.3581
0.3022
0.8203
0.0
0.1474
0.124
0.0848
0.1247
0.13219999999999998
0.1472
0.0571
0.0794
0.0837
0.1312
0.1739
0.0
0.041
0.139
0.2546
0.7093
0.6657
0.6495
0.657
0.6538999999999999
0.9546
1.2457
0.2018
0.11120000000000001
0.0727
0.0674
0.069
0.07289999999999999
0.08979999999999999
0.0917
0.0669
0.0372
0.0215
0.0628
0.9102000000000001
1.0042
1.1235
1.0084
1.3118
0.0
1.8631
3.894
1.3624
0.24009999999999998
0.097
0.1364
0.1053
0.08810000000000001
0.062
0.0748
0.07780000000000001
0.09290000000000001
0.1132
0.6602
0.4814
0.0756
0.0932
1.4622000000000002
0.37229999999999996
0.0171
0.0
0.0
0.0
0.0295
0.0269
0.022699999999999998
0.0193
0.0507
0.0516
0.0727
0.1509
0.1972
0.20529999999999998
0.2675
0.431
0.357
0.7601
2.1015
0.11699999999999999
0.1216
0.36169999999999997
0.0301
0.0006
2.0189
0.4091
0.0728
0.0379
2.8173
3.9173999999999998
3.5046
3.1144
2.0273
0.1408
0.0756
0.1561
0.1938
0.4285
0.919
0.8424
0.1721
0.08080000000000001
0.055099999999999996
0.7725
1.7245
1.4588
1.4691
1.4595
1.4375
1.4675
1.4455
1.3409
0.42100000000000004
1.6634
3.9695
3.3456
1.5818
0.07730000000000001
1.3153000000000001
0.1542
0.25270000000000004
0.2845
0.304
0.3388
0.36419999999999997
0.32430000000000003
0.5986
0.4274
0.16999999999999998
0.7518
0.3581
0.349
0.1819
0.0538
0.024300000000000002
0.0195
3.7626
2.8129
0.7958
0.0132
0.0
0.0094
0.0327
0.0
0.0013
0.0
0.0051
0.0199
0.026
0.3537
0.3385
0.0053
0.0
0.027200000000000002
0.031299999999999994
0.0385
0.0077
0.032600000000000004
0.0199
1.6764
0.5599000000000001
0.477
0.4935
0.40800000000000003
0.2704
0.3581
0.3022
0.8203
0.0
0.1474
0.124
0.0848
0.1247
0.13219999999999998
0.1472
0.0571
0.0794
0.0837
0.1312
0.1739
0.0
0.041
0.139
0.2546
0.7093
0.6657
0.6495
0.657
0.6538999999999999
0.9546
1.2457
0.2018
0.11120000000000001
0.0727
0.0674
0.069
0.07289999999999999
0.08979999999999999
0.0917
0.0669
0.0372
0.0215
0.0628
0.9102000000000001
1.0042
1.1235
1.0084
1.3118
0.0
1.8631
3.894
1.3624
0.24009999999999998
0.097
0.1364
0.1053
0.08810000000000001
0.062
0.0748
0.07780000000000001
0.09290000000000001
0.1132
0.6602
0.4814
0.0756
0.0932
1.4622000000000002
0.37229999999999996
0.0171
0.0
0.0
0.0
0.0295
0.0269
0.022699999999999998
0.0193
0.0507
0.0516
0.0727
0.1509
0.1972
0.20529999999999998
0.2675
0.431
0.357
0.7601
2.1015
0.11699999999999999
0.1216
0.36169999999999997
0.0301
0.0006
2.0189
0.4091
0.0728
0.0379
2.8173
3.9173999999999998
3.5046
3.1144
2.0273
0.1408
0.0756
0.1561
0.1938
0.4285
0.919
0.8424
0.1721
0.08080000000000001
0.055099999999999996
0.7725
1.7245
1.4588
1.4691
1.4595
1.4375
1.4675
1.4455
1.3409
0.42100000000000004
1.6634
3.9695
3.3456
1.5818
0.07730000000000001
1.3153000000000001
0.1542
0.25270000000000004
0.2845
0.304
0.3388
0.36419999999999997
0.32430000000000003
0.5986
0.4274
0.16999999999999998
0.7518
0.3581
0.349
0.1819
0.0538
0.024300000000000002
0.0195
3.7626
2.8129
0.7958
0.0132
0.0
0.0094
0.0327
0.0
0.0013
0.0
0.0051
0.0199
0.026
0.3537
0.3385
0.0053
0.0
0.027200000000000002
0.031299999999999994
0.0385
0.0077
0.032600000000000004
0.0199
1.6764
0.5599000000000001
0.477
0.4935
0.40800000000000003
0.2704
0.3581
0.3022
0.8203
0.0
0.1474
0.124
0.0848
0.1247
0.13219999999999998
0.1472
0.0571
0.0794
0.0837
0.1312
0.1739
0.0
0.041
0.139
0.2546
0.7093
0.6657
0.6495
0.657
0.6538999999999999
0.9546
1.2457
0.2018
0.11120000000000001
0.0727
0.0674
0.069
0.07289999999999999
0.08979999999999999
0.0917
0.0669
0.0372
0.0215
0.0628
0.9102000000000001
1.0042
1.1235
1.0084
1.3118
0.0
1.8631
3.894
1.3624
0.24009999999999998
0.097
0.1364
0.1053
0.08810000000000001
0.062
0.0748
0.07780000000000001
0.09290000000000001
0.1132
0.6602
0.4814
0.0756
0.0932
1.4622000000000002
0.37229999999999996
0.0171
0.0
0.0
0.0
0.0295
0.0269
0.022699999999999998
0.0193
0.0507
0.0516
0.0727
0.1509
0.1972
0.20529999999999998
0.2675
0.431
0.357
0.7601
2.1015
0.11699999999999999
0.1216
0.36169999999999997
0.0301
0.0006
2.0189
0.4091
0.0728
0.0379
2.8173
3.9173999999999998
3.5046
3.1144
2.0273
0.1408
0.0756
0.1561
0.1938
0.4285
0.919
0.8424
0.1721
0.08080000000000001
0.055099999999999996
0.7725
1.7245
1.4588
1.4691
1.4595
1.4375
1.4675
1.4455
1.3409
