3.0128000000000004
2.6024
1.6561
0.2429
0.28300000000000003
0.37
0.5892999999999999
1.1135
0.928
0.6093
0.524
0.5069
0.5009
0.4764
0.4868
1.044
1.6552000000000002
1.1560000000000001
1.5274999999999999
2.2228
2.4857
0.6344
0.3016
1.7528
0.39349999999999996
0.38549999999999995
0.3474
0.3383
0.3175
0.2955
0.23020000000000002
0.1
0.0455
0.049699999999999994
0.0607
0.1362
0.17709999999999998
0.17559999999999998
0.0568
1.6065
0.9314
1.0498
0.9702999999999999
0.9035
0.7789999999999999
0.6043000000000001
0.5344
2.7127999999999997
5.0061
5.0388
3.9938000000000002
0.0338
0.0371
0.0155
0.0122
0.0318
0.0323
0.0288
0.030699999999999998
0.0109
0.0279
0.0363
0.038900000000000004
0.0279
0.0201
0.0026
0.0356
0.5276
0.109
0.2932
0.7805
2.0626
0.0451
0.06620000000000001
0.068
0.0549
0.044700000000000004
0.015300000000000001
0.0434
0.1321
0.2307
0.302
0.353
0.4572
0.40149999999999997
1.5133
0.0719
0.1474
0.3889
0.24830000000000002
0.0576
2.1341
1.1048
1.0598999999999998
0.1007
0.0
0.39549999999999996
0.7226
1.2537
0.2446
0.7202
1.8175
0.2855
0.3004
0.1254
0.0745
0.0973
0.052000000000000005
0.0629
0.0513
0.006
0.0
0.0
0.0
0.0
0.0804
0.055
0.0085
0.0111
0.0
0.1338
0.1315
0.1383
0.1208
0.1208
0.2119
0.34919999999999995
0.30010000000000003
1.4258
0.1549
0.0753
0.108
0.11069999999999999
0.1201
2.0077000000000003
0.2525
0.5271
0.1663
0.3106
0.2316
0.1723
0.0
0.0
0.0088
1.0807
1.8437999999999999
1.9157
0.1894
0.0554
0.0
0.0
0.0075
0.0097
0.0247
0.0435
0.0425
0.0653
0.0528
0.050100000000000006
0.07139999999999999
0.09340000000000001
0.1677
0.9432
0.41359999999999997
0.3589
0.386
0.5498000000000001
0.6033
3.0128000000000004
2.6024
1.6561
0.2429
0.28300000000000003
0.37
0.5892999999999999
1.1135
0.928
0.6093
0.524
0.5069
0.5009
0.4764
0.4868
1.044
1.6552000000000002
1.1560000000000001
1.5274999999999999
2.2228
2.4857
0.6344
0.3016
1.7528
0.39349999999999996
0.38549999999999995
0.3474
0.3383
0.3175
0.2955
0.23020000000000002
0.1
0.0455
0.049699999999999994
0.0607
0.1362
0.17709999999999998
0.17559999999999998
0.0568
1.6065
0.9314
1.0498
0.9702999999999999
0.9035
0.7789999999999999
0.6043000000000001
0.5344
2.7127999999999997
5.0061
5.0388
3.9938000000000002
0.0338
0.0371
0.0155
0.0122
0.0318
0.0323
0.0288
0.030699999999999998
0.0109
0.0279
0.0363
0.038900000000000004
0.0279
0.0201
0.0026
0.0356
0.5276
0.109
0.2932
0.7805
2.0626
0.0451
0.06620000000000001
0.068
0.0549
0.044700000000000004
0.015300000000000001
0.0434
0.1321
0.2307
0.302
0.353
0.4572
0.40149999999999997
1.5133
0.0719
0.1474
0.3889
0.24830000000000002
0.0576
2.1341
1.1048
1.0598999999999998
0.1007
0.0
0.39549999999999996
0.7226
1.2537
0.2446
0.7202
1.8175
0.2855
0.3004
0.1254
0.0745
0.0973
0.052000000000000005
0.0629
0.0513
0.006
0.0
0.0
0.0
0.0
0.0804
0.055
0.0085
0.0111
0.0
0.1338
0.1315
0.1383
0.1208
0.1208
0.2119
0.34919999999999995
0.30010000000000003
1.4258
0.1549
0.0753
0.108
0.11069999999999999
0.1201
2.0077000000000003
0.2525
0.5271
0.1663
0.3106
0.2316
0.1723
0.0
0.0
0.0088
1.0807
1.8437999999999999
1.9157
0.1894
0.0554
0.0
0.0
0.0075
0.0097
0.0247
0.0435
0.0425
0.0653
0.0528
0.050100000000000006
0.07139999999999999
0.09340000000000001
0.1677
0.9432
0.41359999999999997
0.3589
0.386
0.5498000000000001
0.6033
3.0128000000000004
2.6024
1.6561
0.2429
0.28300000000000003
0.37
0.5892999999999999
1.1135
0.928
0.6093
0.524
0.5069
0.5009
0.4764
0.4868
1.044
1.6552000000000002
1.1560000000000001
1.5274999999999999
2.2228
2.4857
0.6344
0.3016
1.7528
0.39349999999999996
0.38549999999999995
0.3474
0.3383
0.3175
0.2955
0.23020000000000002
0.1
0.0455
0.049699999999999994
0.0607
0.1362
0.17709999999999998
0.17559999999999998
0.0568
1.6065
0.9314
1.0498
0.9702999999999999
0.9035
0.7789999999999999
0.6043000000000001
0.5344
2.7127999999999997
5.0061
5.0388
3.9938000000000002
0.0338
0.0371
0.0155
0.0122
0.0318
0.0323
0.0288
0.030699999999999998
0.0109
0.0279
0.0363
0.038900000000000004
0.0279
0.0201
0.0026
0.0356
0.5276
0.109
0.2932
0.7805
2.0626
0.0451
0.06620000000000001
0.068
0.0549
0.044700000000000004
0.015300000000000001
0.0434
0.1321
0.2307
0.302
0.353
0.4572
0.40149999999999997
1.5133
0.0719
0.1474
0.3889
0.24830000000000002
0.0576
2.1341
1.1048
1.0598999999999998
0.1007
0.0
0.39549999999999996
0.7226
1.2537
0.2446
0.7202
1.8175
0.2855
0.3004
0.1254
0.0745
0.0973
0.052000000000000005
0.0629
0.0513
0.006
0.0
0.0
0.0
0.0
0.0804
0.055
0.0085
0.0111
0.0
0.1338
0.1315
0.1383
0.1208
0.1208
0.2119
0.34919999999999995
0.30010000000000003
1.4258
0.1549
0.0753
0.108
0.11069999999999999
0.1201
2.0077000000000003
0.2525
0.5271
0.1663
0.3106
0.2316
0.1723
0.0
0.0
0.0088
1.0807
1.8437999999999999
1.9157
0.1894
0.0554
0.0
0.0
0.0075
0.0097
0.0247
0.0435
0.0425
0.0653
0.0528
0.050100000000000006
0.07139999999999999
0.09340000000000001
0.1677
0.9432
0.41359999999999997
0.3589
0.386
0.5498000000000001
0.6033
3.0128000000000004
2.6024
1.6561
0.2429
0.28300000000000003
0.37
0.5892999999999999
1.1135
0.928
0.6093
0.524
0.5069
0.5009
0.4764
0.4868
1.044
1.6552000000000002
1.1560000000000001
1.5274999999999999
2.2228
2.4857
0.6344
0.3016
1.7528
0.39349999999999996
0.38549999999999995
0.3474
0.3383
0.3175
0.2955
0.23020000000000002
0.1
0.0455
0.049699999999999994
0.0607
0.1362
0.17709999999999998
0.17559999999999998
0.0568
1.6065
0.9314
1.0498
0.9702999999999999
0.9035
0.7789999999999999
0.6043000000000001
0.5344
2.7127999999999997
5.0061
5.0388
3.9938000000000002
0.0338
0.0371
0.0155
0.0122
0.0318
0.0323
0.0288
0.030699999999999998
0.0109
0.0279
0.0363
0.038900000000000004
0.0279
0.0201
0.0026
0.0356
0.5276
0.109
0.2932
0.7805
2.0626
0.0451
0.06620000000000001
0.068
0.0549
0.044700000000000004
0.015300000000000001
0.0434
0.1321
0.2307
0.302
0.353
0.4572
0.40149999999999997
1.5133
0.0719
0.1474
0.3889
0.24830000000000002
0.0576
2.1341
1.1048
1.0598999999999998
0.1007
0.0
0.39549999999999996
0.7226
1.2537
0.2446
0.7202
1.8175
0.2855
0.3004
0.1254
0.0745
0.0973
0.052000000000000005
0.0629
0.0513
0.006
0.0
0.0
0.0
0.0
0.0804
0.055
0.0085
0.0111
0.0
0.1338
0.1315
0.1383
0.1208
0.1208
0.2119
0.34919999999999995
0.30010000000000003
1.4258
0.1549
0.0753
0.108
0.11069999999999999
0.1201
2.0077000000000003
0.2525
0.5271
0.1663
0.3106
0.2316
0.1723
0.0
0.0
0.0088
1.0807
1.8437999999999999
1.9157
0.1894
0.0554
0.0
0.0
0.0075
0.0097
0.0247
0.0435
0.0425
0.0653
0.0528
0.050100000000000006
0.07139999999999999
0.09340000000000001
0.1677
0.9432
0.41359999999999997
0.3589
0.386
0.5498000000000001
0.6033
3.0128000000000004
2.6024
1.6561
0.2429
0.28300000000000003
0.37
0.5892999999999999
1.1135
0.928
0.6093
0.524
0.5069
0.5009
0.4764
0.4868
1.044
1.6552000000000002
1.1560000000000001
1.5274999999999999
2.2228
2.4857
0.6344
0.3016
1.7528
0.39349999999999996
0.38549999999999995
0.3474
0.3383
0.3175
0.2955
0.23020000000000002
0.1
0.0455
0.049699999999999994
0.0607
0.1362
0.17709999999999998
0.17559999999999998
0.0568
1.6065
0.9314
1.0498
0.9702999999999999
0.9035
0.7789999999999999
0.6043000000000001
0.5344
2.7127999999999997
5.0061
5.0388
3.9938000000000002
0.0338
0.0371
0.0155
0.0122
0.0318
0.0323
0.0288
0.030699999999999998
0.0109
0.0279
0.0363
0.038900000000000004
0.0279
0.0201
0.0026
0.0356
0.5276
0.109
0.2932
0.7805
2.0626
3.0465
1.137
0.0
0.0
0.0
0.0139
0.0297
0.0
0.0156
0.06470000000000001
0.0327
0.0359
0.0523
0.08030000000000001
0.098
0.020999999999999998
0.0052
0.0063
0.025
0.0177
0.0133
0.0081
0.0
0.0
0.6972
0.8743000000000001
0.8587
0.8499000000000001
0.8365
1.3527
3.9882999999999997
0.1008
0.3608
0.36829999999999996
0.4089
0.4163
0.46849999999999997
0.6325000000000001
1.0095
0.5237
0.3929
1.0074999999999998
0.5028
0.5166999999999999
0.542
0.5414000000000001
0.4632
0.4449
1.809
3.1831
3.3179
3.5567
2.9341999999999997
0.2764
1.6296
0.2565
0.15889999999999999
0.1089
0.0989
0.0958
0.1115
0.1001
0.1409
0.1886
0.2842
0.4589
0.7258
1.5669
0.40759999999999996
0.38980000000000004
0.3646
0.30510000000000004
1.6846999999999999
2.6954000000000002
5.0719
3.7236000000000002
1.7318
0.5382
0.2353
0.0827
0.0738
0.0356
0.026099999999999998
0.0234
0.08310000000000001
0.1548
0.4173
0.5697
0.4786
0.8442000000000001
2.1058000000000003
1.8155999999999999
1.3918
1.2892000000000001
1.3761
1.5246
0.2116
0.20040000000000002
0.1975
0.1866
0.183
0.1883
0.224
0.2847
0.3055
0.32
0.3536
0.6044
1.6375000000000002
1.7170999999999998
1.1164
1.3498
3.0804
2.6204
2.1473
1.6985999999999999
1.5683
0.8860000000000001
0.3547
0.21200000000000002
1.5431
6.1370000000000005
5.0793
2.1335
0.1819
0.055400000000000005
0.0728
0.15799999999999997
0.1812
0.1526
0.1372
0.0979
0.0955
0.0795
0.0931
0.2601
0.1492
0.1167
0.1262
0.1289
0.1545
0.16749999999999998
0.3731
0.5037
0.8876
1.5819
2.1157
4.0925
2.234
0.5428
0.5239
0.0
0.0448
0.0533
0.0811
0.08940000000000001
0.1119
0.0949
0.0207
0.0
0.0
0.0
0.0
0.0959
0.0241
0.0
0.0
0.0
3.0465
1.137
0.0
0.0
0.0
0.0139
0.0297
0.0
0.0156
0.06470000000000001
0.0327
0.0359
0.0523
0.08030000000000001
0.098
0.020999999999999998
0.0052
0.0063
0.025
0.0177
0.0133
0.0081
0.0
0.0
0.6972
0.8743000000000001
0.8587
0.8499000000000001
0.8365
1.3527
3.9882999999999997
0.1008
0.3608
0.36829999999999996
0.4089
0.4163
0.46849999999999997
0.6325000000000001
1.0095
0.5237
0.3929
1.0074999999999998
0.5028
0.5166999999999999
0.542
0.5414000000000001
0.4632
0.4449
1.809
3.1831
3.3179
3.5567
2.9341999999999997
0.2764
1.6296
0.2565
0.15889999999999999
0.1089
0.0989
0.0958
0.1115
0.1001
0.1409
0.1886
0.2842
0.4589
0.7258
1.5669
0.40759999999999996
0.38980000000000004
0.3646
0.30510000000000004
1.6846999999999999
2.6954000000000002
5.0719
3.7236000000000002
1.7318
0.5382
0.2353
0.0827
0.0738
0.0356
0.026099999999999998
0.0234
0.08310000000000001
0.1548
0.4173
0.5697
0.4786
0.8442000000000001
2.1058000000000003
1.8155999999999999
1.3918
1.2892000000000001
1.3761
1.5246
0.2116
0.20040000000000002
0.1975
0.1866
0.183
0.1883
0.224
0.2847
0.3055
0.32
0.3536
0.6044
1.6375000000000002
1.7170999999999998
1.1164
1.3498
3.0804
2.6204
2.1473
1.6985999999999999
1.5683
0.8860000000000001
0.3547
0.21200000000000002
1.5431
6.1370000000000005
5.0793
2.1335
0.1819
0.055400000000000005
0.0728
0.15799999999999997
0.1812
0.1526
0.1372
0.0979
0.0955
0.0795
0.0931
0.2601
0.1492
0.1167
0.1262
0.1289
0.1545
0.16749999999999998
0.3731
0.5037
0.8876
1.5819
2.1157
4.0925
2.234
0.5428
0.5239
0.0
0.0448
0.0533
0.0811
0.08940000000000001
0.1119
0.0949
0.0207
0.0
0.0
0.0
0.0
0.0959
0.0241
0.0
0.0
0.0
3.0465
1.137
0.0
0.0
0.0
0.0139
0.0297
0.0
0.0156
0.06470000000000001
0.0327
0.0359
0.0523
0.08030000000000001
0.098
0.020999999999999998
0.0052
0.0063
0.025
0.0177
0.0133
0.0081
0.0
0.0
0.6972
0.8743000000000001
0.8587
0.8499000000000001
0.8365
1.3527
3.9882999999999997
0.1008
0.3608
0.36829999999999996
0.4089
0.4163
0.46849999999999997
0.6325000000000001
1.0095
0.5237
0.3929
1.0074999999999998
0.5028
0.5166999999999999
0.542
0.5414000000000001
0.4632
0.4449
1.809
3.1831
3.3179
3.5567
2.9341999999999997
0.2764
1.6296
0.2565
0.15889999999999999
0.1089
0.0989
0.0958
0.1115
0.1001
0.1409
0.1886
0.2842
0.4589
0.7258
1.5669
0.40759999999999996
0.38980000000000004
0.3646
0.30510000000000004
1.6846999999999999
2.6954000000000002
5.0719
3.7236000000000002
1.7318
0.5382
0.2353
0.0827
0.0738
0.0356
0.026099999999999998
0.0234
0.08310000000000001
0.1548
0.4173
0.5697
0.4786
0.8442000000000001
2.1058000000000003
1.8155999999999999
1.3918
1.2892000000000001
1.3761
1.5246
0.2116
0.20040000000000002
0.1975
0.1866
0.183
0.1883
0.224
0.2847
0.3055
0.32
0.3536
0.6044
1.6375000000000002
1.7170999999999998
1.1164
1.3498
3.0804
2.6204
2.1473
1.6985999999999999
1.5683
0.8860000000000001
0.3547
0.21200000000000002
1.5431
6.1370000000000005
5.0793
2.1335
0.1819
0.055400000000000005
0.0728
0.15799999999999997
0.1812
0.1526
0.1372
0.0979
0.0955
0.0795
0.0931
0.2601
0.1492
0.1167
0.1262
0.1289
0.1545
0.16749999999999998
0.3731
0.5037
0.8876
1.5819
2.1157
4.0925
2.234
0.5428
0.5239
0.0
0.0448
0.0533
0.0811
0.08940000000000001
0.1119
0.0949
0.0207
0.0
0.0
0.0
0.0
0.0959
0.0241
0.0
0.0
0.0
3.0465
1.137
0.0
0.0
0.0
0.0139
0.0297
0.0
0.0156
0.06470000000000001
0.0327
0.0359
0.0523
0.08030000000000001
0.098
0.020999999999999998
0.0052
0.0063
0.025
0.0177
0.0133
0.0081
0.0
0.0
0.6972
0.8743000000000001
0.8587
0.8499000000000001
0.8365
1.3527
3.9882999999999997
0.1008
0.3608
0.36829999999999996
0.4089
0.4163
0.46849999999999997
0.6325000000000001
1.0095
0.5237
0.3929
1.0074999999999998
0.5028
0.5166999999999999
0.542
0.5414000000000001
0.4632
0.4449
1.809
3.1831
3.3179
3.5567
2.9341999999999997
0.2764
1.6296
0.2565
0.15889999999999999
0.1089
0.0989
0.0958
0.1115
0.1001
0.1409
0.1886
0.2842
0.4589
0.7258
1.5669
0.40759999999999996
0.38980000000000004
0.3646
0.30510000000000004
1.6846999999999999
2.6954000000000002
5.0719
3.7236000000000002
1.7318
0.5382
0.2353
0.0827
0.0738
0.0356
0.026099999999999998
0.0234
0.08310000000000001
0.1548
0.4173
0.5697
0.4786
0.8442000000000001
2.1058000000000003
1.8155999999999999
1.3918
1.2892000000000001
1.3761
1.5246
0.2116
0.20040000000000002
0.1975
0.1866
0.183
0.1883
0.224
0.2847
0.3055
0.32
0.3536
0.6044
1.6375000000000002
1.7170999999999998
1.1164
1.3498
3.0804
2.6204
2.1473
1.6985999999999999
1.5683
0.8860000000000001
0.3547
0.21200000000000002
1.5431
6.1370000000000005
5.0793
2.1335
0.1819
0.055400000000000005
0.0728
0.15799999999999997
0.1812
0.1526
0.1372
0.0979
0.0955
0.0795
0.0931
0.2601
0.1492
0.1167
0.1262
0.1289
0.1545
0.16749999999999998
0.3731
0.5037
0.8876
1.5819
2.1157
4.0925
2.234
0.5428
0.5239
0.0
0.0448
0.0533
0.0811
0.08940000000000001
0.1119
0.0949
0.0207
0.0
0.0
0.0
0.0
0.0959
0.0241
0.0
0.0
0.0
1.3199
0.0
0.0521
0.051500000000000004
0.0359
0.19240000000000002
0.7321
0.1516
0.0822
0.0771
0.0876
0.0959
0.089
0.0986
0.10850000000000001
0.1946
0.2875
1.247
1.8247
1.1572
1.3099
1.6308
1.6325
0.8733
0.050600000000000006
1.7053
2.2293000000000003
1.5939
0.1528
0.07300000000000001
0.0519
0.0176
0.0275
0.0341
0.0221
0.0291
0.027700000000000002
0.0317
0.0365
0.0276
0.0078
0.021900000000000003
0.016
0.0361
0.0279
0.016399999999999998
0.0089
0.0155
0.0351
0.036199999999999996
0.0356
0.038400000000000004
0.0427
0.0429
0.0405
0.031
0.032100000000000004
0.0395
0.028999999999999998
0.024399999999999998
0.0264
0.0259
0.026000000000000002
0.0246
0.023100000000000002
0.0258
0.0368
0.045200000000000004
0.0397
0.030699999999999998
0.0381
0.0453
2.2259
2.3739999999999997
1.3504
0.5402
0.30510000000000004
0.3453
0.4162
0.1428
0.07300000000000001
0.0675
0.0698
0.0702
0.06570000000000001
0.0634
0.07730000000000001
0.0979
0.1524
1.1280999999999999
0.5550999999999999
0.6127
0.6022000000000001
0.5337000000000001
0.4548
2.3459
2.6981
3.3269
2.8138
0.7607999999999999
0.2632
0.0906
0.053000000000000005
0.0391
0.0195
0.06620000000000001
0.0827
0.46409999999999996
0.49989999999999996
0.0727
0.0049
0.0144
0.0117
0.0112
0.0
0.0
0.7817
1.2337
1.1949
0.9062
4.715400000000001
6.9737
6.3487
1.0432000000000001
0.3499
0.1469
0.1175
0.1323
0.0864
0.0582
0.0557
0.0534
0.0434
0.036199999999999996
0.0316
0.0237
0.0018
0.8982000000000001
0.1224
0.1651
0.2014
0.1922
0.6541
0.8971
1.1654
3.015
2.8108
1.5219
0.5061
0.0
0.0162
0.035699999999999996
0.0
0.0037
0.0436
0.2089
0.1042
0.0451
0.030600000000000002
0.0304
0.1503
0.2292
0.0342
0.0097
0.0325
0.0772
0.41459999999999997
0.5680999999999999
1.3199
0.0
0.0521
0.051500000000000004
0.0359
0.19240000000000002
0.7321
0.1516
0.0822
0.0771
0.0876
0.0959
0.089
0.0986
0.10850000000000001
0.1946
0.2875
1.247
1.8247
1.1572
1.3099
1.6308
1.6325
0.8733
0.050600000000000006
1.7053
2.2293000000000003
1.5939
0.1528
0.07300000000000001
0.0519
0.0176
0.0275
0.0341
0.0221
0.0291
0.027700000000000002
0.0317
0.0365
0.0276
0.0078
0.021900000000000003
0.016
0.0361
0.0279
0.016399999999999998
0.0089
0.0155
0.0351
0.036199999999999996
0.0356
0.038400000000000004
0.0427
0.0429
0.0405
0.031
0.032100000000000004
0.0395
0.028999999999999998
0.024399999999999998
0.0264
0.0259
0.026000000000000002
0.0246
0.023100000000000002
0.0258
0.0368
0.045200000000000004
0.0397
0.030699999999999998
0.0381
0.0453
2.2259
2.3739999999999997
1.3504
0.5402
0.30510000000000004
0.3453
0.4162
0.1428
0.07300000000000001
0.0675
0.0698
0.0702
0.06570000000000001
0.0634
0.07730000000000001
0.0979
0.1524
1.1280999999999999
0.5550999999999999
0.6127
0.6022000000000001
0.5337000000000001
0.4548
2.3459
2.6981
3.3269
2.8138
0.7607999999999999
0.2632
0.0906
0.053000000000000005
0.0391
0.0195
0.06620000000000001
0.0827
0.46409999999999996
0.49989999999999996
0.0727
0.0049
0.0144
0.0117
0.0112
0.0
0.0
0.7817
1.2337
1.1949
0.9062
4.715400000000001
6.9737
6.3487
1.0432000000000001
0.3499
0.1469
0.1175
0.1323
0.0864
0.0582
0.0557
0.0534
0.0434
0.036199999999999996
0.0316
0.0237
0.0018
0.8982000000000001
0.1224
0.1651
0.2014
0.1922
0.6541
0.8971
1.1654
3.015
2.8108
1.5219
0.5061
0.0
0.0162
0.035699999999999996
0.0
0.0037
0.0436
0.2089
0.1042
0.0451
0.030600000000000002
0.0304
0.1503
0.2292
0.0342
0.0097
0.0325
0.0772
0.41459999999999997
0.5680999999999999
1.3199
0.0
0.0521
0.051500000000000004
0.0359
0.19240000000000002
0.7321
0.1516
0.0822
0.0771
0.0876
0.0959
0.089
0.0986
0.10850000000000001
0.1946
0.2875
1.247
1.8247
1.1572
1.3099
1.6308
1.6325
0.8733
0.050600000000000006
1.7053
2.2293000000000003
1.5939
0.1528
0.07300000000000001
0.0519
0.0176
0.0275
0.0341
0.0221
0.0291
0.027700000000000002
0.0317
0.0365
0.0276
0.0078
0.021900000000000003
0.016
0.0361
0.0279
0.016399999999999998
0.0089
0.0155
0.0351
0.036199999999999996
0.0356
0.038400000000000004
0.0427
0.0429
0.0405
0.031
0.032100000000000004
0.0395
0.028999999999999998
0.024399999999999998
0.0264
0.0259
0.026000000000000002
0.0246
0.023100000000000002
0.0258
0.0368
0.045200000000000004
0.0397
0.030699999999999998
0.0381
0.0453
2.2259
2.3739999999999997
1.3504
0.5402
0.30510000000000004
0.3453
0.4162
0.1428
0.07300000000000001
0.0675
0.0698
0.0702
0.06570000000000001
0.0634
0.07730000000000001
0.0979
0.1524
1.1280999999999999
0.5550999999999999
0.6127
0.6022000000000001
0.5337000000000001
0.4548
2.3459
2.6981
3.3269
2.8138
0.7607999999999999
0.2632
0.0906
0.053000000000000005
0.0391
0.0195
0.06620000000000001
0.0827
0.46409999999999996
0.49989999999999996
0.0727
0.0049
0.0144
0.0117
0.0112
0.0
0.0
0.7817
1.2337
1.1949
0.9062
4.715400000000001
6.9737
6.3487
1.0432000000000001
0.3499
0.1469
0.1175
0.1323
0.0864
0.0582
0.0557
0.0534
0.0434
0.036199999999999996
0.0316
0.0237
0.0018
0.8982000000000001
0.1224
0.1651
0.2014
0.1922
0.6541
0.8971
1.1654
3.015
2.8108
1.5219
0.5061
0.0
0.0162
0.035699999999999996
0.0
0.0037
0.0436
0.2089
0.1042
0.0451
0.030600000000000002
0.0304
0.1503
0.2292
0.0342
0.0097
0.0325
0.0772
0.41459999999999997
0.5680999999999999
1.3199
0.0
0.0521
0.051500000000000004
0.0359
0.19240000000000002
0.7321
0.1516
0.0822
0.0771
0.0876
0.0959
0.089
0.0986
0.10850000000000001
0.1946
0.2875
1.247
1.8247
1.1572
1.3099
1.6308
1.6325
0.8733
0.050600000000000006
1.7053
2.2293000000000003
1.5939
0.1528
0.07300000000000001
0.0519
0.0176
0.0275
0.0341
0.0221
0.0291
0.027700000000000002
0.0317
0.0365
0.0276
0.0078
0.021900000000000003
0.016
0.0361
0.0279
0.016399999999999998
0.0089
0.0155
0.0351
0.036199999999999996
0.0356
0.038400000000000004
0.0427
0.0429
0.0405
0.031
0.032100000000000004
0.0395
0.028999999999999998
0.024399999999999998
0.0264
0.0259
0.026000000000000002
0.0246
0.023100000000000002
0.0258
0.0368
0.045200000000000004
0.0397
0.030699999999999998
0.0381
0.0453
2.2259
2.3739999999999997
1.3504
0.5402
0.30510000000000004
0.3453
0.4162
0.1428
0.07300000000000001
0.0675
0.0698
0.0702
0.06570000000000001
0.0634
0.07730000000000001
0.0979
0.1524
1.1280999999999999
0.5550999999999999
0.6127
0.6022000000000001
0.5337000000000001
0.4548
2.3459
2.6981
3.3269
2.8138
0.7607999999999999
0.2632
0.0906
0.053000000000000005
0.0391
0.0195
0.06620000000000001
0.0827
0.46409999999999996
0.49989999999999996
0.0727
0.0049
0.0144
0.0117
0.0112
0.0
0.0
0.7817
1.2337
1.1949
0.9062
4.715400000000001
6.9737
6.3487
1.0432000000000001
0.3499
0.1469
0.1175
0.1323
0.0864
0.0582
0.0557
0.0534
0.0434
0.036199999999999996
0.0316
0.0237
0.0018
0.8982000000000001
0.1224
0.1651
0.2014
0.1922
0.6541
0.8971
1.1654
3.015
2.8108
1.5219
0.5061
0.0
0.0162
0.035699999999999996
0.0
0.0037
0.0436
0.2089
0.1042
0.0451
0.030600000000000002
0.0304
0.1503
0.2292
0.0342
0.0097
0.0325
0.0772
0.41459999999999997
0.5680999999999999
1.3199
0.0
0.0521
0.051500000000000004
0.0359
0.19240000000000002
0.7321
0.1516
0.0822
0.0771
0.0876
0.0959
0.089
0.0986
0.10850000000000001
0.1946
0.2875
1.247
1.8247
1.1572
1.3099
1.6308
1.6325
0.8733
0.050600000000000006
1.7053
2.2293000000000003
1.5939
0.1528
0.07300000000000001
0.0519
0.0176
0.0275
0.0341
0.0221
0.0291
0.027700000000000002
0.0317
0.0365
0.0276
0.0078
0.021900000000000003
0.016
0.0361
0.0279
0.016399999999999998
0.0089
0.0155
0.0351
0.036199999999999996
0.0356
0.038400000000000004
0.0427
0.0429
0.0405
0.031
0.032100000000000004
0.0395
0.028999999999999998
0.024399999999999998
0.0264
0.0259
0.026000000000000002
0.0246
0.023100000000000002
0.0258
0.0368
0.045200000000000004
0.0397
0.030699999999999998
0.0381
0.0453
6.3648
0.5086
0.2342
0.17159999999999997
0.1913
0.1807
0.1653
0.3173
0.2585
0.1389
0.1406
0.159
0.1509
0.163
0.1804
0.2339
0.7384
0.31620000000000004
0.2646
0.16620000000000001
0.18530000000000002
0.2013
0.40049999999999997
0.6883999999999999
0.0856
0.0533
0.0578
0.032299999999999995
0.0561
0.0524
0.09040000000000001
0.1766
0.1981
0.2645
0.308
0.445
0.17020000000000002
0.06910000000000001
3.1562
0.0164
0.2728
0.493
0.0
1.439
1.883
0.3724
0.0
0.0
0.18080000000000002
0.1723
0.16720000000000002
0.17609999999999998
0.1749
0.17220000000000002
0.24480000000000002
0.3855
0.1185
0.0509
0.038400000000000004
0.031
0.032600000000000004
0.0279
0.038500000000000006
0.0495
0.0825
0.28590000000000004
0.32199999999999995
0.2845
0.2812
0.25680000000000003
0.2244
0.20479999999999998
2.5976
2.6308
2.7378
2.7335000000000003
0.5044
0.36360000000000003
0.48340000000000005
0.5396000000000001
0.5314
0.5142
0.4714
0.4597
0.4515
0.425
0.4266
0.481
0.5198
1.068
0.9555
0.9728000000000001
1.6002999999999998
2.4433
2.1407
4.4871
0.044899999999999995
0.043
0.045399999999999996
0.0438
0.047299999999999995
0.0538
0.0457
0.024599999999999997
0.0251
0.0284
0.0195
0.02
0.0245
0.0204
0.0251
0.0636
0.1208
0.0649
0.0638
0.058300000000000005
0.08360000000000001
0.0695
0.054599999999999996
0.050699999999999995
0.2911
1.2626
1.4081000000000001
1.612
1.5675
0.7119
0.18159999999999998
0.1606
0.0854
0.0377
0.0386
0.023
0.0166
0.0159
0.0203
0.022699999999999998
0.0149
0.9328000000000001
0.0616
0.1646
0.1872
0.12940000000000002
0.0651
0.881
2.8273
0.0
0.0
0.0
0.016800000000000002
0.0077
0.0411
0.1754
0.213
0.17880000000000001
0.15789999999999998
0.107
0.0726
0.4648
1.2082
0.1171
0.1582
0.1059
0.8985
0.1271
0.5862
1.2386
0.2597
0.0
6.3648
0.5086
0.2342
0.17159999999999997
0.1913
0.1807
0.1653
0.3173
0.2585
0.1389
0.1406
0.159
0.1509
0.163
0.1804
0.2339
0.7384
0.31620000000000004
0.2646
0.16620000000000001
0.18530000000000002
0.2013
0.40049999999999997
0.6883999999999999
0.0856
0.0533
0.0578
0.032299999999999995
0.0561
0.0524
0.09040000000000001
0.1766
0.1981
0.2645
0.308
0.445
0.17020000000000002
0.06910000000000001
3.1562
0.0164
0.2728
0.493
0.0
1.439
1.883
0.3724
0.0
0.0
0.18080000000000002
0.1723
0.16720000000000002
0.17609999999999998
0.1749
0.17220000000000002
0.24480000000000002
0.3855
0.1185
0.0509
0.038400000000000004
0.031
0.032600000000000004
0.0279
0.038500000000000006
0.0495
0.0825
0.28590000000000004
0.32199999999999995
0.2845
0.2812
0.25680000000000003
0.2244
0.20479999999999998
2.5976
2.6308
2.7378
2.7335000000000003
0.5044
0.36360000000000003
0.48340000000000005
0.5396000000000001
0.5314
0.5142
0.4714
0.4597
0.4515
0.425
0.4266
0.481
0.5198
1.068
0.9555
0.9728000000000001
1.6002999999999998
2.4433
2.1407
4.4871
0.044899999999999995
0.043
0.045399999999999996
0.0438
0.047299999999999995
0.0538
0.0457
0.024599999999999997
0.0251
0.0284
0.0195
0.02
0.0245
0.0204
0.0251
0.0636
0.1208
0.0649
0.0638
0.058300000000000005
0.08360000000000001
0.0695
0.054599999999999996
0.050699999999999995
0.2911
1.2626
1.4081000000000001
1.612
1.5675
0.7119
0.18159999999999998
0.1606
0.0854
0.0377
0.0386
0.023
0.0166
0.0159
0.0203
0.022699999999999998
0.0149
0.9328000000000001
0.0616
0.1646
0.1872
0.12940000000000002
0.0651
0.881
2.8273
0.0
0.0
0.0
0.016800000000000002
0.0077
0.0411
0.1754
0.213
0.17880000000000001
0.15789999999999998
0.107
0.0726
0.4648
1.2082
0.1171
0.1582
0.1059
0.8985
0.1271
0.5862
1.2386
0.2597
0.0
6.3648
0.5086
0.2342
0.17159999999999997
0.1913
0.1807
0.1653
0.3173
0.2585
0.1389
0.1406
0.159
0.1509
0.163
0.1804
0.2339
0.7384
0.31620000000000004
0.2646
0.16620000000000001
0.18530000000000002
0.2013
0.40049999999999997
0.6883999999999999
0.0856
0.0533
0.0578
0.032299999999999995
0.0561
0.0524
0.09040000000000001
0.1766
0.1981
0.2645
0.308
0.445
0.17020000000000002
0.06910000000000001
3.1562
0.0164
0.2728
0.493
0.0
1.439
1.883
0.3724
0.0
0.0
0.18080000000000002
0.1723
0.16720000000000002
0.17609999999999998
0.1749
0.17220000000000002
0.24480000000000002
0.3855
0.1185
0.0509
0.038400000000000004
0.031
0.032600000000000004
0.0279
0.038500000000000006
0.0495
0.0825
0.28590000000000004
0.32199999999999995
0.2845
0.2812
0.25680000000000003
0.2244
0.20479999999999998
2.5976
2.6308
2.7378
2.7335000000000003
0.5044
0.36360000000000003
0.48340000000000005
0.5396000000000001
0.5314
0.5142
0.4714
0.4597
0.4515
0.425
0.4266
0.481
0.5198
1.068
0.9555
0.9728000000000001
1.6002999999999998
2.4433
2.1407
4.4871
0.044899999999999995
0.043
0.045399999999999996
0.0438
0.047299999999999995
0.0538
0.0457
0.024599999999999997
0.0251
0.0284
0.0195
0.02
0.0245
0.0204
0.0251
0.0636
0.1208
0.0649
0.0638
0.058300000000000005
0.08360000000000001
0.0695
0.054599999999999996
0.050699999999999995
0.2911
1.2626
1.4081000000000001
1.612
1.5675
0.7119
0.18159999999999998
0.1606
0.0854
0.0377
0.0386
0.023
0.0166
0.0159
0.0203
0.022699999999999998
0.0149
0.9328000000000001
0.0616
0.1646
0.1872
0.12940000000000002
0.0651
0.881
2.8273
0.0
0.0
0.0
0.016800000000000002
0.0077
0.0411
0.1754
0.213
0.17880000000000001
0.15789999999999998
0.107
0.0726
0.4648
1.2082
0.1171
0.1582
0.1059
0.8985
0.1271
0.5862
1.2386
0.2597
0.0
6.3648
0.5086
0.2342
0.17159999999999997
0.1913
0.1807
0.1653
0.3173
0.2585
0.1389
0.1406
0.159
0.1509
0.163
0.1804
0.2339
0.7384
0.31620000000000004
0.2646
0.16620000000000001
0.18530000000000002
0.2013
0.40049999999999997
0.6883999999999999
0.0856
0.0533
0.0578
0.032299999999999995
0.0561
0.0524
0.09040000000000001
0.1766
0.1981
0.2645
0.308
0.445
0.17020000000000002
0.06910000000000001
3.1562
0.0164
0.2728
0.493
0.0
1.439
1.883
0.3724
0.0
0.0
0.18080000000000002
0.1723
0.16720000000000002
0.17609999999999998
0.1749
0.17220000000000002
0.24480000000000002
0.3855
0.1185
0.0509
0.038400000000000004
0.031
0.032600000000000004
0.0279
0.038500000000000006
0.0495
0.0825
0.28590000000000004
0.32199999999999995
0.2845
0.2812
0.25680000000000003
0.2244
0.20479999999999998
2.5976
2.6308
2.7378
2.7335000000000003
0.5044
0.36360000000000003
0.48340000000000005
0.5396000000000001
0.5314
0.5142
0.4714
0.4597
0.4515
0.425
0.4266
0.481
0.5198
1.068
0.9555
0.9728000000000001
1.6002999999999998
2.4433
2.1407
4.4871
0.044899999999999995
0.043
0.045399999999999996
0.0438
0.047299999999999995
0.0538
0.0457
0.024599999999999997
0.0251
0.0284
0.0195
0.02
0.0245
0.0204
0.0251
0.0636
0.1208
0.0649
0.0638
0.058300000000000005
0.08360000000000001
0.0695
0.054599999999999996
0.050699999999999995
0.2911
1.2626
1.4081000000000001
1.612
1.5675
0.7119
0.18159999999999998
0.1606
0.0854
0.0377
0.0386
0.023
0.0166
0.0159
0.0203
0.022699999999999998
0.0149
0.9328000000000001
0.0616
0.1646
0.1872
0.12940000000000002
0.0651
0.881
2.8273
0.0
0.0
0.0
0.016800000000000002
0.0077
0.0411
0.1754
0.213
0.17880000000000001
0.15789999999999998
0.107
0.0726
0.4648
1.2082
0.1171
0.1582
0.1059
0.8985
0.1271
0.5862
1.2386
0.2597
0.0
6.3648
0.5086
0.2342
0.17159999999999997
0.1913
0.1807
0.1653
0.3173
0.2585
0.1389
0.1406
0.159
0.1509
0.163
0.1804
0.2339
0.7384
0.31620000000000004
0.2646
0.16620000000000001
0.18530000000000002
0.2013
0.40049999999999997
0.6883999999999999
0.0856
0.0533
0.0578
0.032299999999999995
0.0561
0.0524
0.09040000000000001
0.1766
0.1981
0.2645
0.308
0.445
0.17020000000000002
0.06910000000000001
3.1562
0.0164
0.2728
0.493
0.0
1.439
1.883
0.3724
0.0
0.0
1.2576
1.956
1.8763999999999998
1.3748
0.2062
0.048799999999999996
0.036699999999999997
0.0397
0.0247
0.2276
0.044800000000000006
0.0102
0.0293
0.0351
0.021900000000000003
0.01
0.0037
0.0
0.0041
0.0948
0.5978
0.642
0.0211
0.0091
2.5134
1.0206
1.2997999999999998
0.16410000000000002
0.06470000000000001
0.0663
0.0626
0.0882
0.0993
0.1024
0.0867
0.1068
0.1028
0.0863
0.0887
0.0684
0.0675
0.0829
0.0862
0.0806
0.0723
0.0674
0.0607
2.9337
0.3829
0.4112
0.3932
0.38280000000000003
0.35660000000000003
0.2787
0.2693
1.8137999999999999
0.9296
0.0
0.0017
0.0048
0.0078
0.0
1.0669
0.1219
0.0648
1.8075
0.4751
0.06709999999999999
0.041400000000000006
0.005
0.0
0.0091
0.14529999999999998
0.20500000000000002
3.8699
2.0571
0.0499
0.15239999999999998
0.4049
0.0392
0.0123
0.0119
0.035199999999999995
0.0555
0.0444
0.0217
2.9853
0.48550000000000004
0.6039
1.2468
1.155
0.2521
0.1031
0.0375
0.013999999999999999
0.0558
0.0801
0.073
0.0748
0.0752
0.0806
0.0427
0.0
0.0195
0.0308
0.0547
0.0393
0.061
0.0944
0.0425
0.8028
0.7438
0.5837
0.0
0.0
0.11610000000000001
0.5619999999999999
0.7306
0.19469999999999998
0.1132
0.7551000000000001
1.6894
1.1279000000000001
1.3208000000000002
0.7651
0.18080000000000002
0.1047
0.11660000000000001
0.1308
0.22999999999999998
0.2392
0.16549999999999998
0.1542
0.1861
0.172
0.1351
0.1426
0.11510000000000001
0.12329999999999999
0.119
0.07050000000000001
0.3433
0.7327
1.2624
0.4615
0.5816
0.5467
0.3991
0.384
0.358
0.36519999999999997
0.3693
0.10450000000000001
0.0805
0.0741
0.0874
0.0905
0.087
0.11030000000000001
0.1231
0.1941
0.5319
1.4546000000000001
0.8504
0.7541
1.771
2.5793
2.9975
1.2576
1.956
1.8763999999999998
1.3748
0.2062
0.048799999999999996
0.036699999999999997
0.0397
0.0247
0.2276
0.044800000000000006
0.0102
0.0293
0.0351
0.021900000000000003
0.01
0.0037
0.0
0.0041
0.0948
0.5978
0.642
0.0211
0.0091
2.5134
1.0206
1.2997999999999998
0.16410000000000002
0.06470000000000001
0.0663
0.0626
0.0882
0.0993
0.1024
0.0867
0.1068
0.1028
0.0863
0.0887
0.0684
0.0675
0.0829
0.0862
0.0806
0.0723
0.0674
0.0607
2.9337
0.3829
0.4112
0.3932
0.38280000000000003
0.35660000000000003
0.2787
0.2693
1.8137999999999999
0.9296
0.0
0.0017
0.0048
0.0078
0.0
1.0669
0.1219
0.0648
1.8075
0.4751
0.06709999999999999
0.041400000000000006
0.005
0.0
0.0091
0.14529999999999998
0.20500000000000002
3.8699
2.0571
0.0499
0.15239999999999998
0.4049
0.0392
0.0123
0.0119
0.035199999999999995
0.0555
0.0444
0.0217
2.9853
0.48550000000000004
0.6039
1.2468
1.155
0.2521
0.1031
0.0375
0.013999999999999999
0.0558
0.0801
0.073
0.0748
0.0752
0.0806
0.0427
0.0
0.0195
0.0308
0.0547
0.0393
0.061
0.0944
0.0425
0.8028
0.7438
0.5837
0.0
0.0
0.11610000000000001
0.5619999999999999
0.7306
0.19469999999999998
0.1132
0.7551000000000001
1.6894
1.1279000000000001
1.3208000000000002
0.7651
0.18080000000000002
0.1047
0.11660000000000001
0.1308
0.22999999999999998
0.2392
0.16549999999999998
0.1542
0.1861
0.172
0.1351
0.1426
0.11510000000000001
0.12329999999999999
0.119
0.07050000000000001
0.3433
0.7327
1.2624
0.4615
0.5816
0.5467
0.3991
0.384
0.358
0.36519999999999997
0.3693
0.10450000000000001
0.0805
0.0741
0.0874
0.0905
0.087
0.11030000000000001
0.1231
0.1941
0.5319
1.4546000000000001
0.8504
0.7541
1.771
2.5793
2.9975
1.2576
1.956
1.8763999999999998
1.3748
0.2062
0.048799999999999996
0.036699999999999997
0.0397
0.0247
0.2276
0.044800000000000006
0.0102
0.0293
0.0351
0.021900000000000003
0.01
0.0037
0.0
0.0041
0.0948
0.5978
0.642
0.0211
0.0091
2.5134
1.0206
1.2997999999999998
0.16410000000000002
0.06470000000000001
0.0663
0.0626
0.0882
0.0993
0.1024
0.0867
0.1068
0.1028
0.0863
0.0887
0.0684
0.0675
0.0829
0.0862
0.0806
0.0723
0.0674
0.0607
2.9337
0.3829
0.4112
0.3932
0.38280000000000003
0.35660000000000003
0.2787
0.2693
1.8137999999999999
0.9296
0.0
0.0017
0.0048
0.0078
0.0
1.0669
0.1219
0.0648
1.8075
0.4751
0.06709999999999999
0.041400000000000006
0.005
0.0
0.0091
0.14529999999999998
0.20500000000000002
3.8699
2.0571
0.0499
0.15239999999999998
0.4049
0.0392
0.0123
0.0119
0.035199999999999995
0.0555
0.0444
0.0217
2.9853
0.48550000000000004
0.6039
1.2468
1.155
0.2521
0.1031
0.0375
0.013999999999999999
0.0558
0.0801
0.073
0.0748
0.0752
0.0806
0.0427
0.0
0.0195
0.0308
0.0547
0.0393
0.061
0.0944
0.0425
0.8028
0.7438
0.5837
0.0
0.0
0.11610000000000001
0.5619999999999999
0.7306
0.19469999999999998
0.1132
0.7551000000000001
1.6894
1.1279000000000001
1.3208000000000002
0.7651
0.18080000000000002
0.1047
0.11660000000000001
0.1308
0.22999999999999998
0.2392
0.16549999999999998
0.1542
0.1861
0.172
0.1351
0.1426
0.11510000000000001
0.12329999999999999
0.119
0.07050000000000001
0.3433
0.7327
1.2624
0.4615
0.5816
0.5467
0.3991
0.384
0.358
0.36519999999999997
0.3693
0.10450000000000001
0.0805
0.0741
0.0874
0.0905
0.087
0.11030000000000001
0.1231
0.1941
0.5319
1.4546000000000001
0.8504
0.7541
1.771
2.5793
2.9975
1.2576
1.956
1.8763999999999998
1.3748
0.2062
0.048799999999999996
0.036699999999999997
0.0397
0.0247
0.2276
0.044800000000000006
0.0102
0.0293
0.0351
0.021900000000000003
0.01
0.0037
0.0
0.0041
0.0948
0.5978
0.642
0.0211
0.0091
2.5134
1.0206
1.2997999999999998
0.16410000000000002
0.06470000000000001
0.0663
0.0626
0.0882
0.0993
0.1024
0.0867
0.1068
0.1028
0.0863
0.0887
0.0684
0.0675
0.0829
0.0862
0.0806
0.0723
0.0674
0.0607
2.9337
0.3829
0.4112
0.3932
0.38280000000000003
0.35660000000000003
0.2787
0.2693
1.8137999999999999
0.9296
0.0
0.0017
0.0048
0.0078
0.0
1.0669
0.1219
0.0648
1.8075
0.4751
0.06709999999999999
0.041400000000000006
0.005
0.0
0.0091
0.14529999999999998
0.20500000000000002
3.8699
2.0571
0.0499
0.15239999999999998
0.4049
0.0392
0.0123
0.0119
0.035199999999999995
0.0555
0.0444
0.0217
2.9853
0.48550000000000004
0.6039
1.2468
1.155
0.2521
0.1031
0.0375
0.013999999999999999
0.0558
0.0801
0.073
0.0748
0.0752
0.0806
0.0427
0.0
0.0195
0.0308
0.0547
0.0393
0.061
0.0944
0.0425
0.8028
0.7438
0.5837
0.0
0.0
0.11610000000000001
0.5619999999999999
0.7306
0.19469999999999998
0.1132
0.7551000000000001
1.6894
1.1279000000000001
1.3208000000000002
0.7651
0.18080000000000002
0.1047
0.11660000000000001
0.1308
0.22999999999999998
0.2392
0.16549999999999998
0.1542
0.1861
0.172
0.1351
0.1426
0.11510000000000001
0.12329999999999999
0.119
0.07050000000000001
0.3433
0.7327
1.2624
0.4615
0.5816
0.5467
0.3991
0.384
0.358
0.36519999999999997
0.3693
0.10450000000000001
0.0805
0.0741
0.0874
0.0905
0.087
0.11030000000000001
0.1231
0.1941
0.5319
1.4546000000000001
0.8504
0.7541
1.771
2.5793
2.9975
1.2576
1.956
1.8763999999999998
1.3748
0.2062
0.048799999999999996
0.036699999999999997
0.0397
0.0247
0.2276
0.044800000000000006
0.0102
0.0293
0.0351
0.021900000000000003
0.01
0.0037
0.0
0.0041
0.0948
0.5978
0.642
0.0211
0.0091
2.5134
1.0206
1.2997999999999998
0.16410000000000002
0.06470000000000001
0.0663
0.0626
0.0882
0.0993
0.1024
0.0867
0.1068
0.1028
0.0863
0.0887
0.0684
0.0675
0.0829
0.0862
0.0806
0.0723
0.0674
0.0607
2.9337
0.3829
0.4112
0.3932
0.38280000000000003
0.35660000000000003
0.2787
0.2693
1.8137999999999999
0.9296
0.0
0.0017
0.0048
0.0078
0.0
1.0669
0.1219
0.0648
1.8075
0.4751
0.06709999999999999
0.041400000000000006
0.005
0.0
0.0091
0.0022
0.0
0.0
0.0
0.0
0.0
0.0633
0.0294
1.6221999999999999
0.0
0.0
0.22199999999999998
0.1979
0.6217
4.4670000000000005
0.1119
0.5592999999999999
0.37429999999999997
0.2283
0.5849
0.7353000000000001
0.0
0.0
0.0
2.7798000000000003
4.6773
4.6929
1.3486
0.2592
0.0849
0.059800000000000006
0.0821
0.1015
0.10339999999999999
0.11
0.0713
0.0923
0.0794
0.0596
0.06459999999999999
0.0349
0.0312
0.028499999999999998
0.0
0.0128
0.0
1.2448
1.9698
0.1646
0.1664
0.17099999999999999
0.1686
0.1512
0.0864
0.0409
0.0228
0.0493
0.0769
0.046200000000000005
0.0258
0.026099999999999998
0.0252
0.031100000000000003
0.033100000000000004
0.1365
0.0098
0.13440000000000002
0.046299999999999994
0.053599999999999995
0.0586
0.0622
0.0795
0.0727
0.0861
0.0746
0.107
0.1301
0.25129999999999997
0.138
0.0439
0.0586
0.0756
0.052199999999999996
0.034
0.0271
0.0161
0.0225
0.0106
0.0053
0.0091
0.0361
0.21910000000000002
0.1167
0.0765
0.0746
0.07869999999999999
0.023
0.0084
0.010100000000000001
0.0215
0.0318
0.0171
0.0672
0.0931
0.0187
0.0559
0.0432
0.0476
0.045
0.038000000000000006
0.043
0.039599999999999996
0.0344
0.0167
0.0167
0.0183
0.0165
0.025500000000000002
0.037599999999999995
0.051000000000000004
0.5611
0.0865
0.0164
0.0331
0.028
0.039400000000000004
0.12490000000000001
0.0339
0.0601
0.097
0.1003
0.11979999999999999
0.14100000000000001
0.1577
0.0917
0.8787
0.18560000000000001
0.0
0.0
0.045200000000000004
0.049100000000000005
0.0238
0.0793
3.5221999999999998
1.887
0.3583
0.2688
0.2144
0.2267
0.30410000000000004
0.3124
0.29779999999999995
0.2934
0.41190000000000004
0.39890000000000003
0.3242
0.3585
0.3388
0.2825
0.2342
0.21089999999999998
0.20179999999999998
0.18969999999999998
0.1829
0.1599
1.5862
1.2301
3.5452
0.0022
0.0
0.0
0.0
0.0
0.0
0.0633
0.0294
1.6221999999999999
0.0
0.0
0.22199999999999998
0.1979
0.6217
4.4670000000000005
0.1119
0.5592999999999999
0.37429999999999997
0.2283
0.5849
0.7353000000000001
0.0
0.0
0.0
2.7798000000000003
4.6773
4.6929
1.3486
0.2592
0.0849
0.059800000000000006
0.0821
0.1015
0.10339999999999999
0.11
0.0713
0.0923
0.0794
0.0596
0.06459999999999999
0.0349
0.0312
0.028499999999999998
0.0
0.0128
0.0
1.2448
1.9698
0.1646
0.1664
0.17099999999999999
0.1686
0.1512
0.0864
0.0409
0.0228
0.0493
0.0769
0.046200000000000005
0.0258
0.026099999999999998
0.0252
0.031100000000000003
0.033100000000000004
0.1365
0.0098
0.13440000000000002
0.046299999999999994
0.053599999999999995
0.0586
0.0622
0.0795
0.0727
0.0861
0.0746
0.107
0.1301
0.25129999999999997
0.138
0.0439
0.0586
0.0756
0.052199999999999996
0.034
0.0271
0.0161
0.0225
0.0106
0.0053
0.0091
0.0361
0.21910000000000002
0.1167
0.0765
0.0746
0.07869999999999999
0.023
0.0084
0.010100000000000001
0.0215
0.0318
0.0171
0.0672
0.0931
0.0187
0.0559
0.0432
0.0476
0.045
0.038000000000000006
0.043
0.039599999999999996
0.0344
0.0167
0.0167
0.0183
0.0165
0.025500000000000002
0.037599999999999995
0.051000000000000004
0.5611
0.0865
0.0164
0.0331
0.028
0.039400000000000004
0.12490000000000001
0.0339
0.0601
0.097
0.1003
0.11979999999999999
0.14100000000000001
0.1577
0.0917
0.8787
0.18560000000000001
0.0
0.0
0.045200000000000004
0.049100000000000005
0.0238
0.0793
3.5221999999999998
1.887
0.3583
0.2688
0.2144
0.2267
0.30410000000000004
0.3124
0.29779999999999995
0.2934
0.41190000000000004
0.39890000000000003
0.3242
0.3585
0.3388
0.2825
0.2342
0.21089999999999998
0.20179999999999998
0.18969999999999998
0.1829
0.1599
1.5862
1.2301
3.5452
0.0022
0.0
0.0
0.0
0.0
0.0
0.0633
0.0294
1.6221999999999999
0.0
0.0
0.22199999999999998
0.1979
0.6217
4.4670000000000005
0.1119
0.5592999999999999
0.37429999999999997
0.2283
0.5849
0.7353000000000001
0.0
0.0
0.0
2.7798000000000003
4.6773
4.6929
1.3486
0.2592
0.0849
0.059800000000000006
0.0821
0.1015
0.10339999999999999
0.11
0.0713
0.0923
0.0794
0.0596
0.06459999999999999
0.0349
0.0312
0.028499999999999998
0.0
0.0128
0.0
1.2448
1.9698
0.1646
0.1664
0.17099999999999999
0.1686
0.1512
0.0864
0.0409
0.0228
0.0493
0.0769
0.046200000000000005
0.0258
0.026099999999999998
0.0252
0.031100000000000003
0.033100000000000004
0.1365
0.0098
0.13440000000000002
0.046299999999999994
0.053599999999999995
0.0586
0.0622
0.0795
0.0727
0.0861
0.0746
0.107
0.1301
0.25129999999999997
0.138
0.0439
0.0586
0.0756
0.052199999999999996
0.034
0.0271
0.0161
0.0225
0.0106
0.0053
0.0091
0.0361
0.21910000000000002
0.1167
0.0765
0.0746
0.07869999999999999
0.023
0.0084
0.010100000000000001
0.0215
0.0318
0.0171
0.0672
0.0931
0.0187
0.0559
0.0432
0.0476
0.045
0.038000000000000006
0.043
0.039599999999999996
0.0344
0.0167
0.0167
0.0183
0.0165
0.025500000000000002
0.037599999999999995
0.051000000000000004
0.5611
0.0865
0.0164
0.0331
0.028
0.039400000000000004
0.12490000000000001
0.0339
0.0601
0.097
0.1003
0.11979999999999999
0.14100000000000001
0.1577
0.0917
0.8787
0.18560000000000001
0.0
0.0
0.045200000000000004
0.049100000000000005
0.0238
0.0793
3.5221999999999998
1.887
0.3583
0.2688
0.2144
0.2267
0.30410000000000004
0.3124
0.29779999999999995
0.2934
0.41190000000000004
0.39890000000000003
0.3242
0.3585
0.3388
0.2825
0.2342
0.21089999999999998
0.20179999999999998
0.18969999999999998
0.1829
0.1599
1.5862
1.2301
3.5452
0.0022
0.0
0.0
0.0
0.0
0.0
0.0633
0.0294
1.6221999999999999
0.0
0.0
0.22199999999999998
0.1979
0.6217
4.4670000000000005
0.1119
0.5592999999999999
0.37429999999999997
0.2283
0.5849
0.7353000000000001
0.0
0.0
0.0
2.7798000000000003
4.6773
4.6929
1.3486
0.2592
0.0849
0.059800000000000006
0.0821
0.1015
0.10339999999999999
0.11
0.0713
0.0923
0.0794
0.0596
0.06459999999999999
0.0349
0.0312
0.028499999999999998
0.0
0.0128
0.0
1.2448
1.9698
0.1646
0.1664
0.17099999999999999
0.1686
0.1512
0.0864
0.0409
0.0228
0.0493
0.0769
0.046200000000000005
0.0258
0.026099999999999998
0.0252
0.031100000000000003
0.033100000000000004
0.1365
0.0098
0.13440000000000002
0.046299999999999994
0.053599999999999995
0.0586
0.0622
0.0795
0.0727
0.0861
0.0746
0.107
0.1301
0.25129999999999997
0.138
0.0439
0.0586
0.0756
0.052199999999999996
0.034
0.0271
0.0161
0.0225
0.0106
0.0053
0.0091
0.0361
0.21910000000000002
0.1167
0.0765
0.0746
0.07869999999999999
0.023
0.0084
0.010100000000000001
0.0215
0.0318
0.0171
0.0672
0.0931
0.0187
0.0559
0.0432
0.0476
0.045
0.038000000000000006
0.043
0.039599999999999996
0.0344
0.0167
0.0167
0.0183
0.0165
0.025500000000000002
0.037599999999999995
0.051000000000000004
0.5611
0.0865
0.0164
0.0331
0.028
0.039400000000000004
0.12490000000000001
0.0339
0.0601
0.097
0.1003
0.11979999999999999
0.14100000000000001
0.1577
0.0917
0.8787
0.18560000000000001
0.0
0.0
0.045200000000000004
0.049100000000000005
0.0238
0.0793
3.5221999999999998
1.887
0.3583
0.2688
0.2144
0.2267
0.30410000000000004
0.3124
0.29779999999999995
0.2934
0.41190000000000004
0.39890000000000003
0.3242
0.3585
0.3388
0.2825
0.2342
0.21089999999999998
0.20179999999999998
0.18969999999999998
0.1829
0.1599
1.5862
1.2301
3.5452
0.0022
0.0
0.0
0.0
0.0
0.0
0.0633
0.0294
1.6221999999999999
0.0
0.0
0.22199999999999998
0.1979
0.6217
4.4670000000000005
0.1119
0.5592999999999999
0.37429999999999997
0.2283
0.5849
0.7353000000000001
0.0
0.0
0.0
2.7798000000000003
4.6773
4.6929
1.3486
0.2592
0.0849
0.059800000000000006
0.0821
0.1015
0.10339999999999999
0.11
0.0713
0.0923
0.0794
0.0596
0.06459999999999999
0.0349
0.0312
0.028499999999999998
0.0
0.0128
0.0
1.2448
1.9698
0.5627
0.6516
0.6301
0.5981
0.6024
1.5932
3.8605
0.3754
0.2137
0.2263
0.18359999999999999
0.3389
1.0322
0.5331
0.22920000000000001
0.2749
0.1797
0.15839999999999999
0.1473
0.1464
0.1716
0.2205
0.2165
0.244
2.5396
1.4931999999999999
0.6852
0.3636
0.2049
0.1871
0.18480000000000002
0.1708
0.1765
0.18419999999999997
0.19240000000000002
0.2555
0.40690000000000004
0.33230000000000004
0.2966
0.2525
0.28500000000000003
0.48009999999999997
1.4607999999999999
0.4275
0.3459
0.2991
0.2269
3.3115
0.6052
0.6991
0.7375
0.6114999999999999
0.5341
0.4773
0.35019999999999996
0.659
0.306
0.26149999999999995
0.2854
0.2763
0.32020000000000004
1.0232999999999999
0.7951
0.4958
0.4732
0.7076
0.7219
0.5771999999999999
0.5005999999999999
0.6066
0.6269
0.4792
0.1189
0.1224
0.121
0.126
0.1311
0.1792
0.3333
0.035
0.054099999999999995
0.059399999999999994
0.0424
0.0345
0.028499999999999998
0.018799999999999997
0.0234
0.012799999999999999
0.0156
0.0245
0.11729999999999999
0.0568
0.059
0.0537
0.054099999999999995
0.0638
2.6165000000000003
2.224
1.1943
0.8793
0.4835
0.4698
0.7223999999999999
0.3929
0.0095
0.0185
0.038599999999999995
0.0329
0.024399999999999998
0.029199999999999997
0.0162
0.0
0.0
0.2841
1.2987
1.5831
1.9957
2.0704000000000002
1.6158000000000001
2.6666
2.9158
3.9720000000000004
3.8243
2.2728
0.4099
0.09620000000000001
0.08910000000000001
0.135
0.1446
0.0929
0.0694
0.0516
0.048600000000000004
0.0361
0.030600000000000002
0.048600000000000004
0.0703
0.15560000000000002
0.2353
0.8311999999999999
1.0223
0.9057999999999999
1.096
1.2381
0.23870000000000002
0.2669
0.2669
0.273
0.26470000000000005
0.347
0.6088
1.1498
1.7785
0.37239999999999995
0.3125
0.3943
0.32089999999999996
2.5777
1.0018
0.30389999999999995
0.198
0.1687
0.179
0.1614
0.0301
0.0
0.016300000000000002
0.0
0.5627
0.6516
0.6301
0.5981
0.6024
1.5932
3.8605
0.3754
0.2137
0.2263
0.18359999999999999
0.3389
1.0322
0.5331
0.22920000000000001
0.2749
0.1797
0.15839999999999999
0.1473
0.1464
0.1716
0.2205
0.2165
0.244
2.5396
1.4931999999999999
0.6852
0.3636
0.2049
0.1871
0.18480000000000002
0.1708
0.1765
0.18419999999999997
0.19240000000000002
0.2555
0.40690000000000004
0.33230000000000004
0.2966
0.2525
0.28500000000000003
0.48009999999999997
1.4607999999999999
0.4275
0.3459
0.2991
0.2269
3.3115
0.6052
0.6991
0.7375
0.6114999999999999
0.5341
0.4773
0.35019999999999996
0.659
0.306
0.26149999999999995
0.2854
0.2763
0.32020000000000004
1.0232999999999999
0.7951
0.4958
0.4732
0.7076
0.7219
0.5771999999999999
0.5005999999999999
0.6066
0.6269
0.4792
0.1189
0.1224
0.121
0.126
0.1311
0.1792
0.3333
0.035
0.054099999999999995
0.059399999999999994
0.0424
0.0345
0.028499999999999998
0.018799999999999997
0.0234
0.012799999999999999
0.0156
0.0245
0.11729999999999999
0.0568
0.059
0.0537
0.054099999999999995
0.0638
2.6165000000000003
2.224
1.1943
0.8793
0.4835
0.4698
0.7223999999999999
0.3929
0.0095
0.0185
0.038599999999999995
0.0329
0.024399999999999998
0.029199999999999997
0.0162
0.0
0.0
0.2841
1.2987
1.5831
1.9957
2.0704000000000002
1.6158000000000001
2.6666
2.9158
3.9720000000000004
3.8243
2.2728
0.4099
0.09620000000000001
0.08910000000000001
0.135
0.1446
0.0929
0.0694
0.0516
0.048600000000000004
0.0361
0.030600000000000002
0.048600000000000004
0.0703
0.15560000000000002
0.2353
0.8311999999999999
1.0223
0.9057999999999999
1.096
1.2381
0.23870000000000002
0.2669
0.2669
0.273
0.26470000000000005
0.347
0.6088
1.1498
1.7785
0.37239999999999995
0.3125
0.3943
0.32089999999999996
2.5777
1.0018
0.30389999999999995
0.198
0.1687
0.179
0.1614
0.0301
0.0
0.016300000000000002
0.0
0.5627
0.6516
0.6301
0.5981
0.6024
1.5932
3.8605
0.3754
0.2137
0.2263
0.18359999999999999
0.3389
1.0322
0.5331
0.22920000000000001
0.2749
0.1797
0.15839999999999999
0.1473
0.1464
0.1716
0.2205
0.2165
0.244
2.5396
1.4931999999999999
0.6852
0.3636
0.2049
0.1871
0.18480000000000002
0.1708
0.1765
0.18419999999999997
0.19240000000000002
0.2555
0.40690000000000004
0.33230000000000004
0.2966
0.2525
0.28500000000000003
0.48009999999999997
1.4607999999999999
0.4275
0.3459
0.2991
0.2269
3.3115
0.6052
0.6991
0.7375
0.6114999999999999
0.5341
0.4773
0.35019999999999996
0.659
0.306
0.26149999999999995
0.2854
0.2763
0.32020000000000004
1.0232999999999999
0.7951
0.4958
0.4732
0.7076
0.7219
0.5771999999999999
0.5005999999999999
0.6066
0.6269
0.4792
0.1189
0.1224
0.121
0.126
0.1311
0.1792
0.3333
0.035
0.054099999999999995
0.059399999999999994
0.0424
0.0345
0.028499999999999998
0.018799999999999997
0.0234
0.012799999999999999
0.0156
0.0245
0.11729999999999999
0.0568
0.059
0.0537
0.054099999999999995
0.0638
2.6165000000000003
2.224
1.1943
0.8793
0.4835
0.4698
0.7223999999999999
0.3929
0.0095
0.0185
0.038599999999999995
0.0329
0.024399999999999998
0.029199999999999997
0.0162
0.0
0.0
0.2841
1.2987
1.5831
1.9957
2.0704000000000002
1.6158000000000001
2.6666
2.9158
3.9720000000000004
3.8243
2.2728
0.4099
0.09620000000000001
0.08910000000000001
0.135
0.1446
0.0929
0.0694
0.0516
0.048600000000000004
0.0361
0.030600000000000002
0.048600000000000004
0.0703
0.15560000000000002
0.2353
0.8311999999999999
1.0223
0.9057999999999999
1.096
1.2381
0.23870000000000002
0.2669
0.2669
0.273
0.26470000000000005
0.347
0.6088
1.1498
1.7785
0.37239999999999995
0.3125
0.3943
0.32089999999999996
2.5777
1.0018
0.30389999999999995
0.198
0.1687
0.179
0.1614
0.0301
0.0
0.016300000000000002
0.0
0.5627
0.6516
0.6301
0.5981
0.6024
1.5932
3.8605
0.3754
0.2137
0.2263
0.18359999999999999
0.3389
1.0322
0.5331
0.22920000000000001
0.2749
0.1797
0.15839999999999999
0.1473
0.1464
0.1716
0.2205
0.2165
0.244
2.5396
1.4931999999999999
0.6852
0.3636
0.2049
0.1871
0.18480000000000002
0.1708
0.1765
0.18419999999999997
0.19240000000000002
0.2555
0.40690000000000004
0.33230000000000004
0.2966
0.2525
0.28500000000000003
0.48009999999999997
1.4607999999999999
0.4275
0.3459
0.2991
0.2269
3.3115
0.6052
0.6991
0.7375
0.6114999999999999
0.5341
0.4773
0.35019999999999996
0.659
0.306
0.26149999999999995
0.2854
0.2763
0.32020000000000004
1.0232999999999999
0.7951
0.4958
0.4732
0.7076
0.7219
0.5771999999999999
0.5005999999999999
0.6066
0.6269
0.4792
0.1189
0.1224
0.121
0.126
0.1311
0.1792
0.3333
0.035
0.054099999999999995
0.059399999999999994
0.0424
0.0345
0.028499999999999998
0.018799999999999997
0.0234
0.012799999999999999
0.0156
0.0245
0.11729999999999999
0.0568
0.059
0.0537
0.054099999999999995
0.0638
2.6165000000000003
2.224
1.1943
0.8793
0.4835
0.4698
0.7223999999999999
0.3929
0.0095
0.0185
0.038599999999999995
0.0329
0.024399999999999998
0.029199999999999997
0.0162
0.0
0.0
0.2841
1.2987
1.5831
1.9957
2.0704000000000002
1.6158000000000001
2.6666
2.9158
3.9720000000000004
3.8243
2.2728
0.4099
0.09620000000000001
0.08910000000000001
0.135
0.1446
0.0929
0.0694
0.0516
0.048600000000000004
0.0361
0.030600000000000002
0.048600000000000004
0.0703
0.15560000000000002
0.2353
0.8311999999999999
1.0223
0.9057999999999999
1.096
1.2381
0.23870000000000002
0.2669
0.2669
0.273
0.26470000000000005
0.347
0.6088
1.1498
1.7785
0.37239999999999995
0.3125
0.3943
0.32089999999999996
2.5777
1.0018
0.30389999999999995
0.198
0.1687
0.179
0.1614
0.0301
0.0
0.016300000000000002
0.0
0.5627
0.6516
0.6301
0.5981
0.6024
1.5932
3.8605
0.3754
0.2137
0.2263
0.18359999999999999
0.3389
1.0322
0.5331
0.22920000000000001
0.2749
0.1797
0.15839999999999999
0.1473
0.1464
0.1716
0.2205
0.2165
0.244
2.5396
1.4931999999999999
0.6852
0.3636
0.2049
0.1871
0.18480000000000002
0.1708
0.1765
0.18419999999999997
0.19240000000000002
0.2555
0.40690000000000004
0.33230000000000004
0.2966
0.2525
0.28500000000000003
0.48009999999999997
1.4607999999999999
0.4275
0.3459
0.2991
0.2269
3.3115
0.6052
0.6991
0.7375
0.6114999999999999
0.5341
0.4773
0.35019999999999996
0.659
0.306
0.26149999999999995
0.2854
0.2763
0.32020000000000004
1.0232999999999999
0.7951
0.4958
0.4732
0.7076
0.7219
0.5771999999999999
0.5005999999999999
0.6066
0.6269
0.4792
0.33140000000000003
0.34240000000000004
0.3477
0.32320000000000004
0.3109
0.3355
0.2967
0.34819999999999995
0.0352
0.0062
0.034999999999999996
0.0186
0.09659999999999999
0.1855
0.1706
0.0326
0.08990000000000001
0.1297
0.3644
0.8592
0.1447
0.3799
0.38949999999999996
0.3189
0.06470000000000001
0.0696
0.0712
0.0758
0.07680000000000001
0.0839
0.0743
0.2021
0.1263
0.011099999999999999
0.0211
0.0216
0.0245
0.022
0.025
0.029199999999999997
0.031799999999999995
0.0391
0.0382
0.07050000000000001
0.047700000000000006
0.0131
0.0182
0.027299999999999998
0.057300000000000004
0.06720000000000001
0.0683
0.0606
0.0569
0.041
0.0582
0.0267
0.0041
0.0235
0.036000000000000004
0.0418
0.0455
0.053000000000000005
0.0796
0.0364
0.023100000000000002
0.0278
0.016399999999999998
0.023899999999999998
0.014499999999999999
0.0008
0.0009
0.0
0.16310000000000002
0.1414
0.131
0.10919999999999999
0.0716
0.0466
0.0329
0.0429
0.0316
0.033299999999999996
0.0264
0.0246
0.0279
0.0277
0.03
0.0282
0.0276
0.0305
0.02
0.0397
0.0477
0.0472
0.057499999999999996
0.0744
0.21430000000000002
1.2617
0.0388
0.0859
0.0357
0.0314
0.0068000000000000005
0.0285
0.0
0.0432
0.0775
0.3271
0.40990000000000004
0.0458
0.0361
0.0337
0.0174
0.0258
0.0
0.0
0.0011
0.024999999999999998
0.09459999999999999
0.1619
0.0431
0.0475
0.0443
0.0464
0.051699999999999996
0.0438
0.0416
0.0572
0.0324
0.5936
0.0411
0.0964
0.1028
0.0505
0.033
0.0169
0.0133
0.0133
0.0159
0.4874
0.0661
0.0889
0.068
0.0644
0.0635
0.060899999999999996
0.0606
0.063
0.0632
0.054000000000000006
0.0446
0.0408
0.0435
0.044300000000000006
0.0343
0.0284
0.0294
0.0274
0.03
0.032100000000000004
0.0288
0.0403
0.050600000000000006
0.0533
0.0476
0.0504
0.0681
0.0794
0.33140000000000003
0.34240000000000004
0.3477
0.32320000000000004
0.3109
0.3355
0.2967
0.34819999999999995
0.0352
0.0062
0.034999999999999996
0.0186
0.09659999999999999
0.1855
0.1706
0.0326
0.08990000000000001
0.1297
0.3644
0.8592
0.1447
0.3799
0.38949999999999996
0.3189
0.06470000000000001
0.0696
0.0712
0.0758
0.07680000000000001
0.0839
0.0743
0.2021
0.1263
0.011099999999999999
0.0211
0.0216
0.0245
0.022
0.025
0.029199999999999997
0.031799999999999995
0.0391
0.0382
0.07050000000000001
0.047700000000000006
0.0131
0.0182
0.027299999999999998
0.057300000000000004
0.06720000000000001
0.0683
0.0606
0.0569
0.041
0.0582
0.0267
0.0041
0.0235
0.036000000000000004
0.0418
0.0455
0.053000000000000005
0.0796
0.0364
0.023100000000000002
0.0278
0.016399999999999998
0.023899999999999998
0.014499999999999999
0.0008
0.0009
0.0
0.16310000000000002
0.1414
0.131
0.10919999999999999
0.0716
0.0466
0.0329
0.0429
0.0316
0.033299999999999996
0.0264
0.0246
0.0279
0.0277
0.03
0.0282
0.0276
0.0305
0.02
0.0397
0.0477
0.0472
0.057499999999999996
0.0744
0.21430000000000002
1.2617
0.0388
0.0859
0.0357
0.0314
0.0068000000000000005
0.0285
0.0
0.0432
0.0775
0.3271
0.40990000000000004
0.0458
0.0361
0.0337
0.0174
0.0258
0.0
0.0
0.0011
0.024999999999999998
0.09459999999999999
0.1619
0.0431
0.0475
0.0443
0.0464
0.051699999999999996
0.0438
0.0416
0.0572
0.0324
0.5936
0.0411
0.0964
0.1028
0.0505
0.033
0.0169
0.0133
0.0133
0.0159
0.4874
0.0661
0.0889
0.068
0.0644
0.0635
0.060899999999999996
0.0606
0.063
0.0632
0.054000000000000006
0.0446
0.0408
0.0435
0.044300000000000006
0.0343
0.0284
0.0294
0.0274
0.03
0.032100000000000004
0.0288
0.0403
0.050600000000000006
0.0533
0.0476
0.0504
0.0681
0.0794
0.33140000000000003
0.34240000000000004
0.3477
0.32320000000000004
0.3109
0.3355
0.2967
0.34819999999999995
0.0352
0.0062
0.034999999999999996
0.0186
0.09659999999999999
0.1855
0.1706
0.0326
0.08990000000000001
0.1297
0.3644
0.8592
0.1447
0.3799
0.38949999999999996
0.3189
0.06470000000000001
0.0696
0.0712
0.0758
0.07680000000000001
0.0839
0.0743
0.2021
0.1263
0.011099999999999999
0.0211
0.0216
0.0245
0.022
0.025
0.029199999999999997
0.031799999999999995
0.0391
0.0382
0.07050000000000001
0.047700000000000006
0.0131
0.0182
0.027299999999999998
0.057300000000000004
0.06720000000000001
0.0683
0.0606
0.0569
0.041
0.0582
0.0267
0.0041
0.0235
0.036000000000000004
0.0418
0.0455
0.053000000000000005
0.0796
0.0364
0.023100000000000002
0.0278
0.016399999999999998
0.023899999999999998
0.014499999999999999
0.0008
0.0009
0.0
0.16310000000000002
0.1414
0.131
0.10919999999999999
0.0716
0.0466
0.0329
0.0429
0.0316
0.033299999999999996
0.0264
0.0246
0.0279
0.0277
0.03
0.0282
0.0276
0.0305
0.02
0.0397
0.0477
0.0472
0.057499999999999996
0.0744
0.21430000000000002
1.2617
0.0388
0.0859
0.0357
0.0314
0.0068000000000000005
0.0285
0.0
0.0432
0.0775
0.3271
0.40990000000000004
0.0458
0.0361
0.0337
0.0174
0.0258
0.0
0.0
0.0011
0.024999999999999998
0.09459999999999999
0.1619
0.0431
0.0475
0.0443
0.0464
0.051699999999999996
0.0438
0.0416
0.0572
0.0324
0.5936
0.0411
0.0964
0.1028
0.0505
0.033
0.0169
0.0133
0.0133
0.0159
0.4874
0.0661
0.0889
0.068
0.0644
0.0635
0.060899999999999996
0.0606
0.063
0.0632
0.054000000000000006
0.0446
0.0408
0.0435
0.044300000000000006
0.0343
0.0284
0.0294
0.0274
0.03
0.032100000000000004
0.0288
0.0403
0.050600000000000006
0.0533
0.0476
0.0504
0.0681
0.0794
0.33140000000000003
0.34240000000000004
0.3477
0.32320000000000004
0.3109
0.3355
0.2967
0.34819999999999995
0.0352
0.0062
0.034999999999999996
0.0186
0.09659999999999999
0.1855
0.1706
0.0326
0.08990000000000001
0.1297
0.3644
0.8592
0.1447
0.3799
0.38949999999999996
0.3189
0.06470000000000001
0.0696
0.0712
0.0758
0.07680000000000001
0.0839
0.0743
0.2021
0.1263
0.011099999999999999
0.0211
0.0216
0.0245
0.022
0.025
0.029199999999999997
0.031799999999999995
0.0391
0.0382
0.07050000000000001
0.047700000000000006
0.0131
0.0182
0.027299999999999998
0.057300000000000004
0.06720000000000001
0.0683
0.0606
0.0569
0.041
0.0582
0.0267
0.0041
0.0235
0.036000000000000004
0.0418
0.0455
0.053000000000000005
0.0796
0.0364
0.023100000000000002
0.0278
0.016399999999999998
0.023899999999999998
0.014499999999999999
0.0008
0.0009
0.0
0.16310000000000002
0.1414
0.131
0.10919999999999999
0.0716
0.0466
0.0329
0.0429
0.0316
0.033299999999999996
0.0264
0.0246
0.0279
0.0277
0.03
0.0282
0.0276
0.0305
0.02
0.0397
0.0477
0.0472
0.057499999999999996
0.0744
0.21430000000000002
1.2617
0.0388
0.0859
0.0357
0.0314
0.0068000000000000005
0.0285
0.0
0.0432
0.0775
0.3271
0.40990000000000004
0.0458
0.0361
0.0337
0.0174
0.0258
0.0
0.0
0.0011
0.024999999999999998
0.09459999999999999
0.1619
0.0431
0.0475
0.0443
0.0464
0.051699999999999996
0.0438
0.0416
0.0572
0.0324
0.5936
0.0411
0.0964
0.1028
0.0505
0.033
0.0169
0.0133
0.0133
0.0159
0.4874
0.0661
0.0889
0.068
0.0644
0.0635
0.060899999999999996
0.0606
0.063
0.0632
0.054000000000000006
0.0446
0.0408
0.0435
0.044300000000000006
0.0343
0.0284
0.0294
0.0274
0.03
0.032100000000000004
0.0288
0.0403
0.050600000000000006
0.0533
0.0476
0.0504
0.0681
0.0794
0.33140000000000003
0.34240000000000004
0.3477
0.32320000000000004
0.3109
0.3355
0.2967
0.34819999999999995
0.0352
0.0062
0.034999999999999996
0.0186
0.09659999999999999
0.1855
0.1706
0.0326
0.08990000000000001
0.1297
0.3644
0.8592
0.1447
0.3799
0.38949999999999996
0.3189
0.06470000000000001
0.0696
0.0712
0.0758
0.07680000000000001
0.0839
0.0743
0.2021
0.1263
0.011099999999999999
0.0211
0.0216
0.0245
0.022
0.025
0.029199999999999997
0.031799999999999995
0.0391
0.0382
0.07050000000000001
0.047700000000000006
0.0131
0.0182
0.027299999999999998
0.057300000000000004
0.06720000000000001
0.0683
0.0606
0.0569
0.041
0.0582
0.0267
0.0041
0.0235
0.036000000000000004
0.0418
0.0455
0.053000000000000005
0.0796
0.0364
0.023100000000000002
0.0278
0.016399999999999998
0.023899999999999998
0.014499999999999999
0.0008
0.0009
0.0
0.1941
0.1981
0.1895
0.19490000000000002
0.2013
0.2399
0.14350000000000002
0.0519
0.0762
0.12990000000000002
0.0743
0.0347
0.032299999999999995
0.022600000000000002
0.0332
0.008799999999999999
0.0003
0.0
0.1424
0.2666
0.18680000000000002
0.19090000000000001
0.2153
0.2415
1.9457
2.9045
2.9582
3.1893000000000002
2.6185
2.1897
4.3214
2.5928
1.151
2.0694
0.1827
0.2509
0.2324
0.217
0.1794
0.0615
0.063
0.0
0.0293
0.1876
1.5931000000000002
3.2622999999999998
2.6973000000000003
4.2833
2.7195
5.970599999999999
8.0167
3.7221
0.0
0.0084
0.0164
0.0305
0.08049999999999999
0.0101
0.047
0.1169
0.1238
0.1185
0.0892
0.0636
0.0133
0.0
0.002
0.0498
0.007
0.0
0.0
0.0
0.0851
0.0789
0.07880000000000001
0.0782
0.0696
0.0593
0.0586
0.0083
0.2911
0.11829999999999999
0.0927
0.0417
0.0325
0.0259
0.0376
0.1077
0.1611
0.15309999999999999
0.0856
0.1271
0.15889999999999999
0.121
0.0907
0.0833
6.513199999999999
6.2656
3.8432
0.0595
0.1268
0.1387
0.1317
0.11460000000000001
0.0795
0.1555
0.1946
1.1742
0.985
0.10479999999999999
0.021199999999999997
0.0324
0.028
0.0178
0.009
0.0485
0.0343
0.3499
1.7306
1.0849
1.4739
2.7769
4.918
0.1916
0.5563
0.3274
0.0741
0.0091
0.0
0.039400000000000004
0.0227
0.0083
0.03
0.0443
0.0242
0.0162
0.0338
0.0
0.0
0.033
0.022
0.0629
0.1822
0.2309
1.4721
0.9273
0.0
0.0
0.0
0.0
0.1328
0.0711
0.0664
0.0529
0.1747
0.0765
0.0586
0.0505
0.0212
0.0
0.0
0.0
0.0
0.027999999999999997
0.0184
0.019200000000000002
0.0042
0.5221
0.1941
0.1981
0.1895
0.19490000000000002
0.2013
0.2399
0.14350000000000002
0.0519
0.0762
0.12990000000000002
0.0743
0.0347
0.032299999999999995
0.022600000000000002
0.0332
0.008799999999999999
0.0003
0.0
0.1424
0.2666
0.18680000000000002
0.19090000000000001
0.2153
0.2415
1.9457
2.9045
2.9582
3.1893000000000002
2.6185
2.1897
4.3214
2.5928
1.151
2.0694
0.1827
0.2509
0.2324
0.217
0.1794
0.0615
0.063
0.0
0.0293
0.1876
1.5931000000000002
3.2622999999999998
2.6973000000000003
4.2833
2.7195
5.970599999999999
8.0167
3.7221
0.0
0.0084
0.0164
0.0305
0.08049999999999999
0.0101
0.047
0.1169
0.1238
0.1185
0.0892
0.0636
0.0133
0.0
0.002
0.0498
0.007
0.0
0.0
0.0
0.0851
0.0789
0.07880000000000001
0.0782
0.0696
0.0593
0.0586
0.0083
0.2911
0.11829999999999999
0.0927
0.0417
0.0325
0.0259
0.0376
0.1077
0.1611
0.15309999999999999
0.0856
0.1271
0.15889999999999999
0.121
0.0907
0.0833
6.513199999999999
6.2656
3.8432
0.0595
0.1268
0.1387
0.1317
0.11460000000000001
0.0795
0.1555
0.1946
1.1742
0.985
0.10479999999999999
0.021199999999999997
0.0324
0.028
0.0178
0.009
0.0485
0.0343
0.3499
1.7306
1.0849
1.4739
2.7769
4.918
0.1916
0.5563
0.3274
0.0741
0.0091
0.0
0.039400000000000004
0.0227
0.0083
0.03
0.0443
0.0242
0.0162
0.0338
0.0
0.0
0.033
0.022
0.0629
0.1822
0.2309
1.4721
0.9273
0.0
0.0
0.0
0.0
0.1328
0.0711
0.0664
0.0529
0.1747
0.0765
0.0586
0.0505
0.0212
0.0
0.0
0.0
0.0
0.027999999999999997
0.0184
0.019200000000000002
0.0042
0.5221
0.1941
0.1981
0.1895
0.19490000000000002
0.2013
0.2399
0.14350000000000002
0.0519
0.0762
0.12990000000000002
0.0743
0.0347
0.032299999999999995
0.022600000000000002
0.0332
0.008799999999999999
0.0003
0.0
0.1424
0.2666
0.18680000000000002
0.19090000000000001
0.2153
0.2415
1.9457
2.9045
2.9582
3.1893000000000002
2.6185
2.1897
4.3214
2.5928
1.151
2.0694
0.1827
0.2509
0.2324
0.217
0.1794
0.0615
0.063
0.0
0.0293
0.1876
1.5931000000000002
3.2622999999999998
2.6973000000000003
4.2833
2.7195
5.970599999999999
8.0167
3.7221
0.0
0.0084
0.0164
0.0305
0.08049999999999999
0.0101
0.047
0.1169
0.1238
0.1185
0.0892
0.0636
0.0133
0.0
0.002
0.0498
0.007
0.0
0.0
0.0
0.0851
0.0789
0.07880000000000001
0.0782
0.0696
0.0593
0.0586
0.0083
0.2911
0.11829999999999999
0.0927
0.0417
0.0325
0.0259
0.0376
0.1077
0.1611
0.15309999999999999
0.0856
0.1271
0.15889999999999999
0.121
0.0907
0.0833
6.513199999999999
6.2656
3.8432
0.0595
0.1268
0.1387
0.1317
0.11460000000000001
0.0795
0.1555
0.1946
1.1742
0.985
0.10479999999999999
0.021199999999999997
0.0324
0.028
0.0178
0.009
0.0485
0.0343
0.3499
1.7306
1.0849
1.4739
2.7769
4.918
0.1916
0.5563
0.3274
0.0741
0.0091
0.0
0.039400000000000004
0.0227
0.0083
0.03
0.0443
0.0242
0.0162
0.0338
0.0
0.0
0.033
0.022
0.0629
0.1822
0.2309
1.4721
0.9273
0.0
0.0
0.0
0.0
0.1328
0.0711
0.0664
0.0529
0.1747
0.0765
0.0586
0.0505
0.0212
0.0
0.0
0.0
0.0
0.027999999999999997
0.0184
0.019200000000000002
0.0042
0.5221
0.1941
0.1981
0.1895
0.19490000000000002
0.2013
0.2399
0.14350000000000002
0.0519
0.0762
0.12990000000000002
0.0743
0.0347
0.032299999999999995
0.022600000000000002
0.0332
0.008799999999999999
0.0003
0.0
0.1424
0.2666
0.18680000000000002
0.19090000000000001
0.2153
0.2415
1.9457
2.9045
2.9582
3.1893000000000002
2.6185
2.1897
4.3214
2.5928
1.151
2.0694
0.1827
0.2509
0.2324
0.217
0.1794
0.0615
0.063
0.0
0.0293
0.1876
1.5931000000000002
3.2622999999999998
2.6973000000000003
4.2833
2.7195
5.970599999999999
8.0167
3.7221
0.0
0.0084
0.0164
0.0305
0.08049999999999999
0.0101
0.047
0.1169
0.1238
0.1185
0.0892
0.0636
0.0133
0.0
0.002
0.0498
0.007
0.0
0.0
0.0
0.0851
0.0789
0.07880000000000001
0.0782
0.0696
0.0593
0.0586
0.0083
0.2911
0.11829999999999999
0.0927
0.0417
0.0325
0.0259
0.0376
0.1077
0.1611
0.15309999999999999
0.0856
0.1271
0.15889999999999999
0.121
0.0907
0.0833
6.513199999999999
6.2656
3.8432
0.0595
0.1268
0.1387
0.1317
0.11460000000000001
0.0795
0.1555
0.1946
1.1742
0.985
0.10479999999999999
0.021199999999999997
0.0324
0.028
0.0178
0.009
0.0485
0.0343
0.3499
1.7306
1.0849
1.4739
2.7769
4.918
0.1916
0.5563
0.3274
0.0741
0.0091
0.0
0.039400000000000004
0.0227
0.0083
0.03
0.0443
0.0242
0.0162
0.0338
0.0
0.0
0.033
0.022
0.0629
0.1822
0.2309
1.4721
0.9273
0.0
0.0
0.0
0.0
0.1328
0.0711
0.0664
0.0529
0.1747
0.0765
0.0586
0.0505
0.0212
0.0
0.0
0.0
0.0
0.027999999999999997
0.0184
0.019200000000000002
0.0042
0.5221
0.1941
0.1981
0.1895
0.19490000000000002
0.2013
0.2399
0.14350000000000002
0.0519
0.0762
0.12990000000000002
0.0743
0.0347
0.032299999999999995
0.022600000000000002
0.0332
0.008799999999999999
0.0003
0.0
0.1424
0.2666
0.18680000000000002
0.19090000000000001
0.2153
0.2415
1.9457
2.9045
2.9582
3.1893000000000002
2.6185
2.1897
4.3214
2.5928
1.151
2.0694
0.1827
0.2509
0.2324
0.217
0.1794
0.0615
0.063
0.0
0.0293
0.1876
1.5931000000000002
3.2622999999999998
2.6973000000000003
4.2833
0.0
0.0
0.0
0.0
0.0
0.0
0.0
0.0
0.0
0.0
0.0706
0.5669
0.3086
0.4531
4.4673
0.0026
0.0
0.0
0.0
3.2015
4.762700000000001
3.1561
0.4373
0.0
0.40709999999999996
0.19069999999999998
0.19669999999999999
0.1654
0.1623
0.1714
0.1095
0.0537
0.0534
0.0501
0.0379
0.029
0.0393
0.0286
0.4445
0.4521
0.0332
0.0295
0.11989999999999999
0.8872
0.2955
0.1946
0.1527
1.7984
4.7397
4.8464
4.8155
4.9695
1.9843
0.2107
0.31079999999999997
0.709
0.1184
0.030699999999999998
0.0294
0.024399999999999998
0.032
0.0341
0.0359
0.0324
0.0463
0.1373
0.2086
0.44609999999999994
0.8577
0.4806
0.5143
0.9615
0.9527
1.1349
1.0803
2.5442
1.5093
0.9754999999999999
1.1519
1.633
0.8918
0.7155
0.5696
0.5275000000000001
0.443
0.37929999999999997
0.3361
0.533
0.3154
0.2865
0.30469999999999997
0.38
0.44289999999999996
0.4602
0.3977
0.3769
4.716799999999999
0.8871
0.5904
0.2841
0.1274
0.1479
0.19390000000000002
0.0812
0.0749
0.0498
0.0771
0.086
0.0796
0.07400000000000001
0.0865
0.09129999999999999
0.1709
1.7651000000000001
2.6052
1.6207
0.1985
0.1851
0.19569999999999999
2.8274000000000004
0.2221
0.201
0.16599999999999998
0.1528
0.1494
0.1345
0.0491
1.86
0.4391
0.08560000000000001
0.1172
0.0461
0.6016
1.3715
0.1936
0.24969999999999998
1.0935000000000001
1.2193999999999998
0.7824
0.9402
1.6212
1.1118999999999999
0.3319
0.2486
0.0709
0.06670000000000001
0.0352
0.0405
0.0316
0.0141
0.0
0.050699999999999995
0.12490000000000001
0.1558
0.1643
0.2316
0.26990000000000003
0.23520000000000002
0.8116
0.7276
0.0288
0.0
0.0874
0.37939999999999996
1.046
0.6765000000000001
0.066
0.1106
0.0
0.0
0.0
0.0
0.0
0.0
0.0
0.0
0.0
0.0
0.0706
0.5669
0.3086
0.4531
4.4673
0.0026
0.0
0.0
0.0
3.2015
4.762700000000001
3.1561
0.4373
0.0
0.40709999999999996
0.19069999999999998
0.19669999999999999
0.1654
0.1623
0.1714
0.1095
0.0537
0.0534
0.0501
0.0379
0.029
0.0393
0.0286
0.4445
0.4521
0.0332
0.0295
0.11989999999999999
0.8872
0.2955
0.1946
0.1527
1.7984
4.7397
4.8464
4.8155
4.9695
1.9843
0.2107
0.31079999999999997
0.709
0.1184
0.030699999999999998
0.0294
0.024399999999999998
0.032
0.0341
0.0359
0.0324
0.0463
0.1373
0.2086
0.44609999999999994
0.8577
0.4806
0.5143
0.9615
0.9527
1.1349
1.0803
2.5442
1.5093
0.9754999999999999
1.1519
1.633
0.8918
0.7155
0.5696
0.5275000000000001
0.443
0.37929999999999997
0.3361
0.533
0.3154
0.2865
0.30469999999999997
0.38
0.44289999999999996
0.4602
0.3977
0.3769
4.716799999999999
0.8871
0.5904
0.2841
0.1274
0.1479
0.19390000000000002
0.0812
0.0749
0.0498
0.0771
0.086
0.0796
0.07400000000000001
0.0865
0.09129999999999999
0.1709
1.7651000000000001
2.6052
1.6207
0.1985
0.1851
0.19569999999999999
2.8274000000000004
0.2221
0.201
0.16599999999999998
0.1528
0.1494
0.1345
0.0491
1.86
0.4391
0.08560000000000001
0.1172
0.0461
0.6016
1.3715
0.1936
0.24969999999999998
1.0935000000000001
1.2193999999999998
0.7824
0.9402
1.6212
1.1118999999999999
0.3319
0.2486
0.0709
0.06670000000000001
0.0352
0.0405
0.0316
0.0141
0.0
0.050699999999999995
0.12490000000000001
0.1558
0.1643
0.2316
0.26990000000000003
0.23520000000000002
0.8116
0.7276
0.0288
0.0
0.0874
0.37939999999999996
1.046
0.6765000000000001
0.066
0.1106
0.0
0.0
0.0
0.0
0.0
0.0
0.0
0.0
0.0
0.0
0.0706
0.5669
0.3086
0.4531
4.4673
0.0026
0.0
0.0
0.0
3.2015
4.762700000000001
3.1561
0.4373
0.0
0.40709999999999996
0.19069999999999998
0.19669999999999999
0.1654
0.1623
0.1714
0.1095
0.0537
0.0534
0.0501
0.0379
0.029
0.0393
0.0286
0.4445
0.4521
0.0332
0.0295
0.11989999999999999
0.8872
0.2955
0.1946
0.1527
1.7984
4.7397
4.8464
4.8155
4.9695
1.9843
0.2107
0.31079999999999997
0.709
0.1184
0.030699999999999998
0.0294
0.024399999999999998
0.032
0.0341
0.0359
0.0324
0.0463
0.1373
0.2086
0.44609999999999994
0.8577
0.4806
0.5143
0.9615
0.9527
1.1349
1.0803
2.5442
1.5093
0.9754999999999999
1.1519
1.633
0.8918
0.7155
0.5696
0.5275000000000001
0.443
0.37929999999999997
0.3361
0.533
0.3154
0.2865
0.30469999999999997
0.38
0.44289999999999996
0.4602
0.3977
0.3769
4.716799999999999
0.8871
0.5904
0.2841
0.1274
0.1479
0.19390000000000002
0.0812
0.0749
0.0498
0.0771
0.086
0.0796
0.07400000000000001
0.0865
0.09129999999999999
0.1709
1.7651000000000001
2.6052
1.6207
0.1985
0.1851
0.19569999999999999
2.8274000000000004
0.2221
0.201
0.16599999999999998
0.1528
0.1494
0.1345
0.0491
1.86
0.4391
0.08560000000000001
0.1172
0.0461
0.6016
1.3715
0.1936
0.24969999999999998
1.0935000000000001
1.2193999999999998
0.7824
0.9402
1.6212
1.1118999999999999
0.3319
0.2486
0.0709
0.06670000000000001
0.0352
0.0405
0.0316
0.0141
0.0
0.050699999999999995
0.12490000000000001
0.1558
0.1643
0.2316
0.26990000000000003
0.23520000000000002
0.8116
0.7276
0.0288
0.0
0.0874
0.37939999999999996
1.046
0.6765000000000001
0.066
0.1106
0.0
0.0
0.0
0.0
0.0
0.0
0.0
0.0
0.0
0.0
0.0706
0.5669
0.3086
0.4531
4.4673
0.0026
0.0
0.0
0.0
3.2015
4.762700000000001
3.1561
0.4373
0.0
0.40709999999999996
0.19069999999999998
0.19669999999999999
0.1654
0.1623
0.1714
0.1095
0.0537
0.0534
0.0501
0.0379
0.029
0.0393
0.0286
0.4445
0.4521
0.0332
0.0295
0.11989999999999999
0.8872
0.2955
0.1946
0.1527
1.7984
4.7397
4.8464
4.8155
4.9695
1.9843
0.2107
0.31079999999999997
0.709
0.1184
0.030699999999999998
0.0294
0.024399999999999998
0.032
0.0341
0.0359
0.0324
0.0463
0.1373
0.2086
0.44609999999999994
0.8577
0.4806
0.5143
0.9615
0.9527
1.1349
1.0803
2.5442
1.5093
0.9754999999999999
1.1519
1.633
0.8918
0.7155
0.5696
0.5275000000000001
0.443
0.37929999999999997
0.3361
0.533
0.3154
0.2865
0.30469999999999997
0.38
0.44289999999999996
0.4602
0.3977
0.3769
4.716799999999999
0.8871
0.5904
0.2841
0.1274
0.1479
0.19390000000000002
0.0812
0.0749
0.0498
0.0771
0.086
0.0796
0.07400000000000001
0.0865
0.09129999999999999
0.1709
1.7651000000000001
2.6052
1.6207
0.1985
0.1851
0.19569999999999999
2.8274000000000004
0.2221
0.201
0.16599999999999998
0.1528
0.1494
0.1345
0.0491
1.86
0.4391
0.08560000000000001
0.1172
0.0461
0.6016
1.3715
0.1936
0.24969999999999998
1.0935000000000001
1.2193999999999998
0.7824
0.9402
1.6212
1.1118999999999999
0.3319
0.2486
0.0709
0.06670000000000001
0.0352
0.0405
0.0316
0.0141
0.0
0.050699999999999995
0.12490000000000001
0.1558
0.1643
0.2316
0.26990000000000003
0.23520000000000002
0.8116
0.7276
0.0288
0.0
0.0874
0.37939999999999996
1.046
0.6765000000000001
0.066
0.1106
0.0
0.0
0.0
0.0
0.0
0.0
0.0
0.0
0.0
0.0
0.0706
0.5669
0.3086
0.4531
4.4673
0.0026
0.0
0.0
0.0
3.2015
4.762700000000001
3.1561
0.4373
0.0
0.40709999999999996
0.19069999999999998
0.19669999999999999
0.1654
0.1623
0.1714
0.1095
0.0537
0.0534
0.0501
0.0379
0.029
0.0393
0.0286
0.4445
0.4521
0.0332
0.0295
0.11989999999999999
0.8872
0.2955
0.1946
0.1527
1.7984
4.7397
4.8464
4.8155
4.9695
1.9843
0.2107
0.31079999999999997
0.709
0.1184
0.030699999999999998
0.0294
0.024399999999999998
0.032
0.0341
0.0359
0.0324
0.0463
0.1373
0.2086
0.44609999999999994
0.8577
0.4806
0.5143
0.9615
0.6158
1.2288000000000001
4.8850999999999996
4.216600000000001
0.38039999999999996
0.0598
2.152
0.1099
0.2531
0.21450000000000002
0.2383
0.2615
0.2424
0.2175
0.2803
0.2763
0.2491
0.263
0.2518
0.5446
0.2084
0.2228
0.2025
0.1688
2.5269000000000004
2.3876
2.151
2.1134000000000004
1.3545
0.0943
0.0908
0.1758
0.09129999999999999
0.034600000000000006
0.041800000000000004
0.033
0.033100000000000004
0.0365
0.0288
0.023399999999999997
0.045899999999999996
0.2253
0.21839999999999998
0.3601
0.6727
0.9487
0.8598
2.6863
0.0421
0.0194
0.0267
0.0096
0.0185
0.0592
0.1654
0.0373
0.048799999999999996
0.0625
0.08280000000000001
0.0973
0.1502
0.0965
1.0787
0.29
0.0402
0.0743
0.0857
0.0713
0.461
0.49720000000000003
0.0218
0.2053
3.5444
2.9210000000000003
2.0939
1.2655
0.3352
0.3416
0.8155
0.9275
0.0094
0.079
0.097
0.0939
0.0681
0.0651
0.07680000000000001
0.079
0.124
0.24509999999999998
0.9185
1.2602
1.0257
0.5978
0.389
3.0797
1.3645
3.2619
5.459300000000001
1.6646
0.0691
0.11979999999999999
0.0857
0.08779999999999999
0.06409999999999999
0.08710000000000001
0.0801
0.0897
0.0494
0.08460000000000001
0.1261
0.0799
0.13040000000000002
0.16010000000000002
0.1725
0.1124
0.11180000000000001
0.144
0.1383
0.0394
0.11019999999999999
0.10769999999999999
0.1063
0.1074
0.10800000000000001
0.1049
0.0904
0.0749
0.09179999999999999
0.0859
0.0597
0.041
0.0435
0.0419
0.0482
0.0553
0.049
0.0624
0.0933
0.1051
0.09870000000000001
0.1013
0.1201
0.1265
0.15100000000000002
0.12229999999999999
1.4942
0.14579999999999999
0.1398
0.1159
0.1392
0.1824
0.0775
0.0245
0.022699999999999998
0.0155
0.0016
0.0083
0.0242
0.0696
0.4008
0.6166
1.1709999999999998
1.0758
0.4172
0.3915
0.3338
0.2812
0.6158
1.2288000000000001
4.8850999999999996
4.216600000000001
0.38039999999999996
0.0598
2.152
0.1099
0.2531
0.21450000000000002
0.2383
0.2615
0.2424
0.2175
0.2803
0.2763
0.2491
0.263
0.2518
0.5446
0.2084
0.2228
0.2025
0.1688
2.5269000000000004
2.3876
2.151
2.1134000000000004
1.3545
0.0943
0.0908
0.1758
0.09129999999999999
0.034600000000000006
0.041800000000000004
0.033
0.033100000000000004
0.0365
0.0288
0.023399999999999997
0.045899999999999996
0.2253
0.21839999999999998
0.3601
0.6727
0.9487
0.8598
2.6863
0.0421
0.0194
0.0267
0.0096
0.0185
0.0592
0.1654
0.0373
0.048799999999999996
0.0625
0.08280000000000001
0.0973
0.1502
0.0965
1.0787
0.29
0.0402
0.0743
0.0857
0.0713
0.461
0.49720000000000003
0.0218
0.2053
3.5444
2.9210000000000003
2.0939
1.2655
0.3352
0.3416
0.8155
0.9275
0.0094
0.079
0.097
0.0939
0.0681
0.0651
0.07680000000000001
0.079
0.124
0.24509999999999998
0.9185
1.2602
1.0257
0.5978
0.389
3.0797
1.3645
3.2619
5.459300000000001
1.6646
0.0691
0.11979999999999999
0.0857
0.08779999999999999
0.06409999999999999
0.08710000000000001
0.0801
0.0897
0.0494
0.08460000000000001
0.1261
0.0799
0.13040000000000002
0.16010000000000002
0.1725
0.1124
0.11180000000000001
0.144
0.1383
0.0394
0.11019999999999999
0.10769999999999999
0.1063
0.1074
0.10800000000000001
0.1049
0.0904
0.0749
0.09179999999999999
0.0859
0.0597
0.041
0.0435
0.0419
0.0482
0.0553
0.049
0.0624
0.0933
0.1051
0.09870000000000001
0.1013
0.1201
0.1265
0.15100000000000002
0.12229999999999999
1.4942
0.14579999999999999
0.1398
0.1159
0.1392
0.1824
0.0775
0.0245
0.022699999999999998
0.0155
0.0016
0.0083
0.0242
0.0696
0.4008
0.6166
1.1709999999999998
1.0758
0.4172
0.3915
0.3338
0.2812
0.6158
1.2288000000000001
4.8850999999999996
4.216600000000001
0.38039999999999996
0.0598
2.152
0.1099
0.2531
0.21450000000000002
0.2383
0.2615
0.2424
0.2175
0.2803
0.2763
0.2491
0.263
0.2518
0.5446
0.2084
0.2228
0.2025
0.1688
2.5269000000000004
2.3876
2.151
2.1134000000000004
1.3545
0.0943
0.0908
0.1758
0.09129999999999999
0.034600000000000006
0.041800000000000004
0.033
0.033100000000000004
0.0365
0.0288
0.023399999999999997
0.045899999999999996
0.2253
0.21839999999999998
0.3601
0.6727
0.9487
0.8598
2.6863
0.0421
0.0194
0.0267
0.0096
0.0185
0.0592
0.1654
0.0373
0.048799999999999996
0.0625
0.08280000000000001
0.0973
0.1502
0.0965
1.0787
0.29
0.0402
0.0743
0.0857
0.0713
0.461
0.49720000000000003
0.0218
0.2053
3.5444
2.9210000000000003
2.0939
1.2655
0.3352
0.3416
0.8155
0.9275
0.0094
0.079
0.097
0.0939
0.0681
0.0651
0.07680000000000001
0.079
0.124
0.24509999999999998
0.9185
1.2602
1.0257
0.5978
0.389
3.0797
1.3645
3.2619
5.459300000000001
1.6646
0.0691
0.11979999999999999
0.0857
0.08779999999999999
0.06409999999999999
0.08710000000000001
0.0801
0.0897
0.0494
0.08460000000000001
0.1261
0.0799
0.13040000000000002
0.16010000000000002
0.1725
0.1124
0.11180000000000001
0.144
0.1383
0.0394
0.11019999999999999
0.10769999999999999
0.1063
0.1074
0.10800000000000001
0.1049
0.0904
0.0749
0.09179999999999999
0.0859
0.0597
0.041
0.0435
0.0419
0.0482
0.0553
0.049
0.0624
0.0933
0.1051
0.09870000000000001
0.1013
0.1201
0.1265
0.15100000000000002
0.12229999999999999
1.4942
0.14579999999999999
0.1398
0.1159
0.1392
0.1824
0.0775
0.0245
0.022699999999999998
0.0155
0.0016
0.0083
0.0242
0.0696
0.4008
0.6166
1.1709999999999998
1.0758
0.4172
0.3915
0.3338
0.2812
0.6158
1.2288000000000001
4.8850999999999996
4.216600000000001
0.38039999999999996
0.0598
2.152
0.1099
0.2531
0.21450000000000002
0.2383
0.2615
0.2424
0.2175
0.2803
0.2763
0.2491
0.263
0.2518
0.5446
0.2084
0.2228
0.2025
0.1688
2.5269000000000004
2.3876
2.151
2.1134000000000004
1.3545
0.0943
0.0908
0.1758
0.09129999999999999
0.034600000000000006
0.041800000000000004
0.033
0.033100000000000004
0.0365
0.0288
0.023399999999999997
0.045899999999999996
0.2253
0.21839999999999998
0.3601
0.6727
0.9487
0.8598
2.6863
0.0421
0.0194
0.0267
0.0096
0.0185
0.0592
0.1654
0.0373
0.048799999999999996
0.0625
0.08280000000000001
0.0973
0.1502
0.0965
1.0787
0.29
0.0402
0.0743
0.0857
0.0713
0.461
0.49720000000000003
0.0218
0.2053
3.5444
2.9210000000000003
2.0939
1.2655
0.3352
0.3416
0.8155
0.9275
0.0094
0.079
0.097
0.0939
0.0681
0.0651
0.07680000000000001
0.079
0.124
0.24509999999999998
0.9185
1.2602
1.0257
0.5978
0.389
3.0797
1.3645
3.2619
5.459300000000001
1.6646
0.0691
0.11979999999999999
0.0857
0.08779999999999999
0.06409999999999999
0.08710000000000001
0.0801
0.0897
0.0494
0.08460000000000001
0.1261
0.0799
0.13040000000000002
0.16010000000000002
0.1725
0.1124
0.11180000000000001
0.144
0.1383
0.0394
0.11019999999999999
0.10769999999999999
0.1063
0.1074
0.10800000000000001
0.1049
0.0904
0.0749
0.09179999999999999
0.0859
0.0597
0.041
0.0435
0.0419
0.0482
0.0553
0.049
0.0624
0.0933
0.1051
0.09870000000000001
0.1013
0.1201
0.1265
0.15100000000000002
0.12229999999999999
1.4942
0.14579999999999999
0.1398
0.1159
0.1392
0.1824
0.0775
0.0245
0.022699999999999998
0.0155
0.0016
0.0083
0.0242
0.0696
0.4008
0.6166
1.1709999999999998
1.0758
0.4172
0.3915
0.3338
0.2812
0.6158
1.2288000000000001
4.8850999999999996
4.216600000000001
0.38039999999999996
0.0598
2.152
0.1099
0.2531
0.21450000000000002
0.2383
0.2615
0.2424
0.2175
0.2803
0.2763
0.2491
0.263
0.2518
0.5446
0.2084
0.2228
0.2025
0.1688
2.5269000000000004
2.3876
2.151
2.1134000000000004
1.3545
0.0943
0.0908
0.1758
0.09129999999999999
0.034600000000000006
0.041800000000000004
0.033
0.033100000000000004
0.0365
0.0288
0.023399999999999997
0.045899999999999996
0.2253
0.21839999999999998
0.3601
0.6727
0.9487
0.8598
2.6863
3.944
4.5212
4.6212
3.0860000000000003
0.058800000000000005
0.0678
0.0479
0.09000000000000001
0.31779999999999997
1.0967
1.4325
0.301
0.0055
0.0147
0.0058
0.011099999999999999
0.0364
0.1008
0.2167
0.42600000000000005
0.5114
0.2891
0.14900000000000002
0.09670000000000001
0.131
0.11710000000000001
0.1152
0.1164
0.11
0.099
0.091
0.1154
0.1172
0.12569999999999998
0.0759
0.0465
0.0484
0.039599999999999996
0.051000000000000004
0.0606
0.0905
0.1486
0.09259999999999999
0.0799
0.0822
0.10519999999999999
0.20829999999999999
0.2185
0.1665
0.1631
0.15999999999999998
0.1521
0.15739999999999998
0.17809999999999998
0.2529
0.4204
0.4319
1.3695
0.9577
1.0466
1.2235
0.8324
0.7362
1.048
0.7945
0.6597
0.7139
1.0716
1.2109
0.38480000000000003
0.1886
0.1689
0.7329
0.8957999999999999
0.3692
0.2552
0.2266
0.23759999999999998
0.28290000000000004
0.266
0.2501
0.2238
0.2547
0.6808
0.655
0.4065
0.46440000000000003
0.5525
2.6652
2.4238999999999997
1.9482
1.565
0.7295
0.3627
0.2885
2.2413
0.0886
0.1123
0.0515
2.212
2.6354
0.2308
0.4527
0.8204
0.7943
0.862
1.0746
0.9496
0.8383
1.092
1.8355000000000001
0.9171
0.5127999999999999
2.4511
0.7191
1.2953999999999999
0.9078999999999999
0.2387
0.0669
0.0
3.4121
2.8146
1.9056
1.6692
0.2616
0.0495
0.060200000000000004
0.051000000000000004
0.0341
0.042899999999999994
0.0232
0.0425
0.0413
0.062299999999999994
0.07400000000000001
0.0556
0.0912
0.0949
0.0964
0.0858
0.0603
0.09609999999999999
0.18230000000000002
0.23170000000000002
0.0718
0.0637
0.0676
0.07189999999999999
0.09040000000000001
0.1377
0.1945
0.1912
1.2205
0.0527
0.0258
0.0451
0.0602
0.9393
1.3973
0.0278
0.23579999999999998
0.8763000000000001
0.16760000000000003
0.1725
0.1267
0.0437
0.0071
0.0521
3.944
4.5212
4.6212
3.0860000000000003
0.058800000000000005
0.0678
0.0479
0.09000000000000001
0.31779999999999997
1.0967
1.4325
0.301
0.0055
0.0147
0.0058
0.011099999999999999
0.0364
0.1008
0.2167
0.42600000000000005
0.5114
0.2891
0.14900000000000002
0.09670000000000001
0.131
0.11710000000000001
0.1152
0.1164
0.11
0.099
0.091
0.1154
0.1172
0.12569999999999998
0.0759
0.0465
0.0484
0.039599999999999996
0.051000000000000004
0.0606
0.0905
0.1486
0.09259999999999999
0.0799
0.0822
0.10519999999999999
0.20829999999999999
0.2185
0.1665
0.1631
0.15999999999999998
0.1521
0.15739999999999998
0.17809999999999998
0.2529
0.4204
0.4319
1.3695
0.9577
1.0466
1.2235
0.8324
0.7362
1.048
0.7945
0.6597
0.7139
1.0716
1.2109
0.38480000000000003
0.1886
0.1689
0.7329
0.8957999999999999
0.3692
0.2552
0.2266
0.23759999999999998
0.28290000000000004
0.266
0.2501
0.2238
0.2547
0.6808
0.655
0.4065
0.46440000000000003
0.5525
2.6652
2.4238999999999997
1.9482
1.565
0.7295
0.3627
0.2885
2.2413
0.0886
0.1123
0.0515
2.212
2.6354
0.2308
0.4527
0.8204
0.7943
0.862
1.0746
0.9496
0.8383
1.092
1.8355000000000001
0.9171
0.5127999999999999
2.4511
0.7191
1.2953999999999999
0.9078999999999999
0.2387
0.0669
0.0
3.4121
2.8146
1.9056
1.6692
0.2616
0.0495
0.060200000000000004
0.051000000000000004
0.0341
0.042899999999999994
0.0232
0.0425
0.0413
0.062299999999999994
0.07400000000000001
0.0556
0.0912
0.0949
0.0964
0.0858
0.0603
0.09609999999999999
0.18230000000000002
0.23170000000000002
0.0718
0.0637
0.0676
0.07189999999999999
0.09040000000000001
0.1377
0.1945
0.1912
1.2205
0.0527
0.0258
0.0451
0.0602
0.9393
1.3973
0.0278
0.23579999999999998
0.8763000000000001
0.16760000000000003
0.1725
0.1267
0.0437
0.0071
0.0521
3.944
4.5212
4.6212
3.0860000000000003
0.058800000000000005
0.0678
0.0479
0.09000000000000001
0.31779999999999997
1.0967
1.4325
0.301
0.0055
0.0147
0.0058
0.011099999999999999
0.0364
0.1008
0.2167
0.42600000000000005
0.5114
0.2891
0.14900000000000002
0.09670000000000001
0.131
0.11710000000000001
0.1152
0.1164
0.11
0.099
0.091
0.1154
0.1172
0.12569999999999998
0.0759
0.0465
0.0484
0.039599999999999996
0.051000000000000004
0.0606
0.0905
0.1486
0.09259999999999999
0.0799
0.0822
0.10519999999999999
0.20829999999999999
0.2185
0.1665
0.1631
0.15999999999999998
0.1521
0.15739999999999998
0.17809999999999998
0.2529
0.4204
0.4319
1.3695
0.9577
1.0466
1.2235
0.8324
0.7362
1.048
0.7945
0.6597
0.7139
1.0716
1.2109
0.38480000000000003
0.1886
0.1689
0.7329
0.8957999999999999
0.3692
0.2552
0.2266
0.23759999999999998
0.28290000000000004
0.266
0.2501
0.2238
0.2547
0.6808
0.655
0.4065
0.46440000000000003
0.5525
2.6652
2.4238999999999997
1.9482
1.565
0.7295
0.3627
0.2885
2.2413
0.0886
0.1123
0.0515
2.212
2.6354
0.2308
0.4527
0.8204
0.7943
0.862
1.0746
0.9496
0.8383
1.092
1.8355000000000001
0.9171
0.5127999999999999
2.4511
0.7191
1.2953999999999999
0.9078999999999999
0.2387
0.0669
0.0
3.4121
2.8146
1.9056
1.6692
0.2616
0.0495
0.060200000000000004
0.051000000000000004
0.0341
0.042899999999999994
0.0232
0.0425
0.0413
0.062299999999999994
0.07400000000000001
0.0556
0.0912
0.0949
0.0964
0.0858
0.0603
0.09609999999999999
0.18230000000000002
0.23170000000000002
0.0718
0.0637
0.0676
0.07189999999999999
0.09040000000000001
0.1377
0.1945
0.1912
1.2205
0.0527
0.0258
0.0451
0.0602
0.9393
1.3973
0.0278
0.23579999999999998
0.8763000000000001
0.16760000000000003
0.1725
0.1267
0.0437
0.0071
0.0521
3.944
4.5212
4.6212
3.0860000000000003
0.058800000000000005
0.0678
0.0479
0.09000000000000001
0.31779999999999997
1.0967
1.4325
0.301
0.0055
0.0147
0.0058
0.011099999999999999
0.0364
0.1008
0.2167
0.42600000000000005
0.5114
0.2891
0.14900000000000002
0.09670000000000001
0.131
0.11710000000000001
0.1152
0.1164
0.11
0.099
0.091
0.1154
0.1172
0.12569999999999998
0.0759
0.0465
0.0484
0.039599999999999996
0.051000000000000004
0.0606
0.0905
0.1486
0.09259999999999999
0.0799
0.0822
0.10519999999999999
0.20829999999999999
0.2185
0.1665
0.1631
0.15999999999999998
0.1521
0.15739999999999998
0.17809999999999998
0.2529
0.4204
0.4319
1.3695
0.9577
1.0466
1.2235
0.8324
0.7362
1.048
0.7945
0.6597
0.7139
1.0716
1.2109
0.38480000000000003
0.1886
0.1689
0.7329
0.8957999999999999
0.3692
0.2552
0.2266
0.23759999999999998
0.28290000000000004
0.266
0.2501
0.2238
0.2547
0.6808
0.655
0.4065
0.46440000000000003
0.5525
2.6652
2.4238999999999997
1.9482
1.565
0.7295
0.3627
0.2885
2.2413
0.0886
0.1123
0.0515
2.212
2.6354
0.2308
0.4527
0.8204
0.7943
0.862
1.0746
0.9496
0.8383
1.092
1.8355000000000001
0.9171
0.5127999999999999
2.4511
0.7191
1.2953999999999999
0.9078999999999999
0.2387
0.0669
0.0
3.4121
2.8146
1.9056
1.6692
0.2616
0.0495
0.060200000000000004
0.051000000000000004
0.0341
0.042899999999999994
0.0232
0.0425
0.0413
0.062299999999999994
0.07400000000000001
0.0556
0.0912
0.0949
0.0964
0.0858
0.0603
0.09609999999999999
0.18230000000000002
0.23170000000000002
0.0718
0.0637
0.0676
0.07189999999999999
0.09040000000000001
0.1377
0.1945
0.1912
1.2205
0.0527
0.0258
0.0451
0.0602
0.9393
1.3973
0.0278
0.23579999999999998
0.8763000000000001
0.16760000000000003
0.1725
0.1267
0.0437
0.0071
0.0521
3.944
4.5212
4.6212
3.0860000000000003
0.058800000000000005
0.0678
0.0479
0.09000000000000001
0.31779999999999997
1.0967
1.4325
0.301
0.0055
0.0147
0.0058
0.011099999999999999
0.0364
0.1008
0.2167
0.42600000000000005
0.5114
0.2891
0.14900000000000002
0.09670000000000001
0.131
0.11710000000000001
0.1152
0.1164
0.11
0.099
0.091
0.1154
0.1172
0.12569999999999998
0.0759
0.0465
0.0484
0.039599999999999996
0.051000000000000004
0.0606
0.0905
0.1486
0.09259999999999999
0.0799
0.0822
0.10519999999999999
0.20829999999999999
0.2185
0.1665
0.1631
0.15999999999999998
0.1521
0.15739999999999998
0.17809999999999998
0.2529
0.4204
0.4319
1.3695
0.9577
1.0466
1.2235
0.8324
0.7362
1.048
0.7945
0.6597
0.7139
1.0716
1.2109
0.38480000000000003
0.1886
0.1689
