1.33
0.7156
0.9502999999999999
0.8695999999999999
0.5843
0.3639
0.2319
0.16099999999999998
0.089
0.055900000000000005
0.0547
0.0494
0.0479
0.0453
0.0474
0.3065
0.3222
0.07419999999999999
0.18180000000000002
0.3728
0.5438000000000001
0.6567000000000001
0.7391
3.9626
4.1257
4.2622
4.449
1.4742000000000002
0.5304
0.7398
1.4074
1.5709
0.7891
0.5209999999999999
0.487
0.47219999999999995
0.4871
0.47740000000000005
0.5229
0.6646000000000001
2.6017
2.0795
1.4877
1.4418000000000002
1.5259
1.7347000000000001
1.5927
2.0967000000000002
0.9878
3.0829
1.6009
0.5209
0.1759
0.11510000000000001
0.22499999999999998
0.5506
0.1637
0.06770000000000001
0.0437
0.016
0.0242
0.0267
0.0395
0.4894
0.35209999999999997
0.060399999999999995
0.113
0.20040000000000002
0.2617
0.26859999999999995
0.3244
0.332
0.33440000000000003
1.4783
2.3133
2.0225999999999997
1.8887
1.2319
2.341
0.42460000000000003
0.0877
0.0695
0.0528
0.0466
0.0616
0.058
0.0871
0.1483
0.2246
1.6778
2.9108
3.5225
1.4005
0.5306
0.4576
0.3975
0.0539
0.052500000000000005
0.0625
0.0532
0.06420000000000001
0.1107
0.2144
0.535
0.5761000000000001
0.5729
0.5641
0.5277000000000001
0.6536
1.9106
0.3125
0.2745
0.607
0.2217
0.6947
0.2561
0.0361
0.031
0.017599999999999998
0.061
0.3798
0.36150000000000004
0.31
1.3117
1.3728
0.0985
0.06620000000000001
0.0119
0.0419
0.0449
0.0329
0.0339
0.047700000000000006
0.0392
0.0377
0.0245
0.0422
0.032
0.0329
0.0284
0.02
0.0
0.1404
0.36419999999999997
1.3487999999999998
3.4940999999999995
1.7285000000000001
0.19279999999999997
0.0431
0.1026
0.1037
0.1653
0.18969999999999998
0.2042
0.2011
0.22799999999999998
0.2281
0.2207
0.243
0.2037
0.1954
0.19069999999999998
0.1905
0.2032
0.19
0.172
0.1681
0.1658
1.33
0.7156
0.9502999999999999
0.8695999999999999
0.5843
0.3639
0.2319
0.16099999999999998
0.089
0.055900000000000005
0.0547
0.0494
0.0479
0.0453
0.0474
0.3065
0.3222
0.07419999999999999
0.18180000000000002
0.3728
0.5438000000000001
0.6567000000000001
0.7391
3.9626
4.1257
4.2622
4.449
1.4742000000000002
0.5304
0.7398
1.4074
1.5709
0.7891
0.5209999999999999
0.487
0.47219999999999995
0.4871
0.47740000000000005
0.5229
0.6646000000000001
2.6017
2.0795
1.4877
1.4418000000000002
1.5259
1.7347000000000001
1.5927
2.0967000000000002
0.9878
3.0829
1.6009
0.5209
0.1759
0.11510000000000001
0.22499999999999998
0.5506
0.1637
0.06770000000000001
0.0437
0.016
0.0242
0.0267
0.0395
0.4894
0.35209999999999997
0.060399999999999995
0.113
0.20040000000000002
0.2617
0.26859999999999995
0.3244
0.332
0.33440000000000003
1.4783
2.3133
2.0225999999999997
1.8887
1.2319
2.341
0.42460000000000003
0.0877
0.0695
0.0528
0.0466
0.0616
0.058
0.0871
0.1483
0.2246
1.6778
2.9108
3.5225
1.4005
0.5306
0.4576
0.3975
0.0539
0.052500000000000005
0.0625
0.0532
0.06420000000000001
0.1107
0.2144
0.535
0.5761000000000001
0.5729
0.5641
0.5277000000000001
0.6536
1.9106
0.3125
0.2745
0.607
0.2217
0.6947
0.2561
0.0361
0.031
0.017599999999999998
0.061
0.3798
0.36150000000000004
0.31
1.3117
1.3728
0.0985
0.06620000000000001
0.0119
0.0419
0.0449
0.0329
0.0339
0.047700000000000006
0.0392
0.0377
0.0245
0.0422
0.032
0.0329
0.0284
0.02
0.0
0.1404
0.36419999999999997
1.3487999999999998
3.4940999999999995
1.7285000000000001
0.19279999999999997
0.0431
0.1026
0.1037
0.1653
0.18969999999999998
0.2042
0.2011
0.22799999999999998
0.2281
0.2207
0.243
0.2037
0.1954
0.19069999999999998
0.1905
0.2032
0.19
0.172
0.1681
0.1658
1.33
0.7156
0.9502999999999999
0.8695999999999999
0.5843
0.3639
0.2319
0.16099999999999998
0.089
0.055900000000000005
0.0547
0.0494
0.0479
0.0453
0.0474
0.3065
0.3222
0.07419999999999999
0.18180000000000002
0.3728
0.5438000000000001
0.6567000000000001
0.7391
3.9626
4.1257
4.2622
4.449
1.4742000000000002
0.5304
0.7398
1.4074
1.5709
0.7891
0.5209999999999999
0.487
0.47219999999999995
0.4871
0.47740000000000005
0.5229
0.6646000000000001
2.6017
2.0795
1.4877
1.4418000000000002
1.5259
1.7347000000000001
1.5927
2.0967000000000002
0.9878
3.0829
1.6009
0.5209
0.1759
0.11510000000000001
0.22499999999999998
0.5506
0.1637
0.06770000000000001
0.0437
0.016
0.0242
0.0267
0.0395
0.4894
0.35209999999999997
0.060399999999999995
0.113
0.20040000000000002
0.2617
0.26859999999999995
0.3244
0.332
0.33440000000000003
1.4783
2.3133
2.0225999999999997
1.8887
1.2319
2.341
0.42460000000000003
0.0877
0.0695
0.0528
0.0466
0.0616
0.058
0.0871
0.1483
0.2246
1.6778
2.9108
3.5225
1.4005
0.5306
0.4576
0.3975
0.0539
0.052500000000000005
0.0625
0.0532
0.06420000000000001
0.1107
0.2144
0.535
0.5761000000000001
0.5729
0.5641
0.5277000000000001
0.6536
1.9106
0.3125
0.2745
0.607
0.2217
0.6947
0.2561
0.0361
0.031
0.017599999999999998
0.061
0.3798
0.36150000000000004
0.31
1.3117
1.3728
0.0985
0.06620000000000001
0.0119
0.0419
0.0449
0.0329
0.0339
0.047700000000000006
0.0392
0.0377
0.0245
0.0422
0.032
0.0329
0.0284
0.02
0.0
0.1404
0.36419999999999997
1.3487999999999998
3.4940999999999995
1.7285000000000001
0.19279999999999997
0.0431
0.1026
0.1037
0.1653
0.18969999999999998
0.2042
0.2011
0.22799999999999998
0.2281
0.2207
0.243
0.2037
0.1954
0.19069999999999998
0.1905
0.2032
0.19
0.172
0.1681
0.1658
1.33
0.7156
0.9502999999999999
0.8695999999999999
0.5843
0.3639
0.2319
0.16099999999999998
0.089
0.055900000000000005
0.0547
0.0494
0.0479
0.0453
0.0474
0.3065
0.3222
0.07419999999999999
0.18180000000000002
0.3728
0.5438000000000001
0.6567000000000001
0.7391
3.9626
4.1257
4.2622
4.449
1.4742000000000002
0.5304
0.7398
1.4074
1.5709
0.7891
0.5209999999999999
0.487
0.47219999999999995
0.4871
0.47740000000000005
0.5229
0.6646000000000001
2.6017
2.0795
1.4877
1.4418000000000002
1.5259
1.7347000000000001
1.5927
2.0967000000000002
0.9878
3.0829
1.6009
0.5209
0.1759
0.11510000000000001
0.22499999999999998
0.5506
0.1637
0.06770000000000001
0.0437
0.016
0.0242
0.0267
0.0395
0.4894
0.35209999999999997
0.060399999999999995
0.113
0.20040000000000002
0.2617
0.26859999999999995
0.3244
0.332
0.33440000000000003
1.4783
2.3133
2.0225999999999997
1.8887
1.2319
2.341
0.42460000000000003
0.0877
0.0695
0.0528
0.0466
0.0616
0.058
0.0871
0.1483
0.2246
1.6778
2.9108
3.5225
1.4005
0.5306
0.4576
0.3975
0.0539
0.052500000000000005
0.0625
0.0532
0.06420000000000001
0.1107
0.2144
0.535
0.5761000000000001
0.5729
0.5641
0.5277000000000001
0.6536
1.9106
0.3125
0.2745
0.607
0.2217
0.6947
0.2561
0.0361
0.031
0.017599999999999998
0.061
0.3798
0.36150000000000004
0.31
1.3117
1.3728
0.0985
0.06620000000000001
0.0119
0.0419
0.0449
0.0329
0.0339
0.047700000000000006
0.0392
0.0377
0.0245
0.0422
0.032
0.0329
0.0284
0.02
0.0
0.1404
0.36419999999999997
1.3487999999999998
3.4940999999999995
1.7285000000000001
0.19279999999999997
0.0431
0.1026
0.1037
0.1653
0.18969999999999998
0.2042
0.2011
0.22799999999999998
0.2281
0.2207
0.243
0.2037
0.1954
0.19069999999999998
0.1905
0.2032
0.19
0.172
0.1681
0.1658
1.33
0.7156
0.9502999999999999
0.8695999999999999
0.5843
0.3639
0.2319
0.16099999999999998
0.089
0.055900000000000005
0.0547
0.0494
0.0479
0.0453
0.0474
0.3065
0.3222
0.07419999999999999
0.18180000000000002
0.3728
0.5438000000000001
0.6567000000000001
0.7391
3.9626
4.1257
4.2622
4.449
1.4742000000000002
0.5304
0.7398
1.4074
1.5709
0.7891
0.5209999999999999
0.487
0.47219999999999995
0.4871
0.47740000000000005
0.5229
0.6646000000000001
2.6017
2.0795
1.4877
1.4418000000000002
1.5259
1.7347000000000001
1.5927
2.0967000000000002
0.9878
3.0829
1.6009
0.5209
0.1759
0.11510000000000001
0.22499999999999998
0.5506
0.1637
0.06770000000000001
0.0437
0.016
0.0242
0.0267
0.0395
0.4894
0.35209999999999997
0.060399999999999995
0.113
0.20040000000000002
0.2617
0.26859999999999995
0.3244
0.332
2.8881
3.0441000000000003
3.2041000000000004
3.4812000000000003
1.9466
0.20090000000000002
0.249
0.4107
0.235
0.19929999999999998
0.1742
0.18
0.2148
0.2175
0.263
0.7224999999999999
0.2891
0.3253
0.35509999999999997
0.427
0.5286
0.9352
0.368
2.2946999999999997
8.0626
7.8792
7.7082999999999995
2.4010000000000002
0.1644
0.1313
0.1049
0.1007
0.0631
0.0537
0.0611
0.06
0.0605
0.057
0.056900000000000006
1.3662
0.2479
0.37929999999999997
0.6898
1.2332999999999998
0.8863
0.5045000000000001
0.31310000000000004
1.0390000000000001
0.042
0.0407
0.0403
0.0395
0.0412
0.041400000000000006
0.0359
0.035
0.0291
0.0281
0.0216
0.023399999999999997
0.025
0.025
0.0269
0.032100000000000004
0.0267
0.0382
0.04239999999999999
0.0404
0.0388
0.0383
0.0516
0.0589
0.105
2.4141
0.0
0.0505
0.0752
0.0547
0.0323
0.0363
0.0575
0.0706
0.0976
0.13440000000000002
0.7918999999999999
0.478
0.15610000000000002
0.1241
0.2627
0.5173
0.3493
0.3403
0.3527
0.331
0.2439
0.1784
0.1194
0.11410000000000001
0.1131
0.11510000000000001
0.11080000000000001
0.09870000000000001
0.085
0.08610000000000001
0.0903
0.1105
0.08610000000000001
0.0708
0.07150000000000001
0.0609
0.06509999999999999
0.065
0.0569
0.0656
0.0822
0.0779
0.0741
0.0859
0.12390000000000001
0.1408
8.0923
8.1502
8.304
4.772600000000001
0.3938
0.42069999999999996
0.5408
0.8832
1.0964999999999998
0.8701
0.5604
0.4381
0.4008
0.3791
0.359
0.3981
0.421
1.1164
0.6173
0.5820000000000001
0.6121
0.8494999999999999
1.0904
0.7717
1.0244
2.1028000000000002
1.4388
1.1771
0.7654000000000001
0.529
0.5277000000000001
0.4853
0.4396
0.4097
0.47950000000000004
1.5377
0.7346
0.3042
0.2637
0.2823
0.2817
0.29869999999999997
0.2787
0.391
0.3376
0.3083
0.40259999999999996
0.508
2.8881
3.0441000000000003
3.2041000000000004
3.4812000000000003
1.9466
0.20090000000000002
0.249
0.4107
0.235
0.19929999999999998
0.1742
0.18
0.2148
0.2175
0.263
0.7224999999999999
0.2891
0.3253
0.35509999999999997
0.427
0.5286
0.9352
0.368
2.2946999999999997
8.0626
7.8792
7.7082999999999995
2.4010000000000002
0.1644
0.1313
0.1049
0.1007
0.0631
0.0537
0.0611
0.06
0.0605
0.057
0.056900000000000006
1.3662
0.2479
0.37929999999999997
0.6898
1.2332999999999998
0.8863
0.5045000000000001
0.31310000000000004
1.0390000000000001
0.042
0.0407
0.0403
0.0395
0.0412
0.041400000000000006
0.0359
0.035
0.0291
0.0281
0.0216
0.023399999999999997
0.025
0.025
0.0269
0.032100000000000004
0.0267
0.0382
0.04239999999999999
0.0404
0.0388
0.0383
0.0516
0.0589
0.105
2.4141
0.0
0.0505
0.0752
0.0547
0.0323
0.0363
0.0575
0.0706
0.0976
0.13440000000000002
0.7918999999999999
0.478
0.15610000000000002
0.1241
0.2627
0.5173
0.3493
0.3403
0.3527
0.331
0.2439
0.1784
0.1194
0.11410000000000001
0.1131
0.11510000000000001
0.11080000000000001
0.09870000000000001
0.085
0.08610000000000001
0.0903
0.1105
0.08610000000000001
0.0708
0.07150000000000001
0.0609
0.06509999999999999
0.065
0.0569
0.0656
0.0822
0.0779
0.0741
0.0859
0.12390000000000001
0.1408
8.0923
8.1502
8.304
4.772600000000001
0.3938
0.42069999999999996
0.5408
0.8832
1.0964999999999998
0.8701
0.5604
0.4381
0.4008
0.3791
0.359
0.3981
0.421
1.1164
0.6173
0.5820000000000001
0.6121
0.8494999999999999
1.0904
0.7717
1.0244
2.1028000000000002
1.4388
1.1771
0.7654000000000001
0.529
0.5277000000000001
0.4853
0.4396
0.4097
0.47950000000000004
1.5377
0.7346
0.3042
0.2637
0.2823
0.2817
0.29869999999999997
0.2787
0.391
0.3376
0.3083
0.40259999999999996
0.508
2.8881
3.0441000000000003
3.2041000000000004
3.4812000000000003
1.9466
0.20090000000000002
0.249
0.4107
0.235
0.19929999999999998
0.1742
0.18
0.2148
0.2175
0.263
0.7224999999999999
0.2891
0.3253
0.35509999999999997
0.427
0.5286
0.9352
0.368
2.2946999999999997
8.0626
7.8792
7.7082999999999995
2.4010000000000002
0.1644
0.1313
0.1049
0.1007
0.0631
0.0537
0.0611
0.06
0.0605
0.057
0.056900000000000006
1.3662
0.2479
0.37929999999999997
0.6898
1.2332999999999998
0.8863
0.5045000000000001
0.31310000000000004
1.0390000000000001
0.042
0.0407
0.0403
0.0395
0.0412
0.041400000000000006
0.0359
0.035
0.0291
0.0281
0.0216
0.023399999999999997
0.025
0.025
0.0269
0.032100000000000004
0.0267
0.0382
0.04239999999999999
0.0404
0.0388
0.0383
0.0516
0.0589
0.105
2.4141
0.0
0.0505
0.0752
0.0547
0.0323
0.0363
0.0575
0.0706
0.0976
0.13440000000000002
0.7918999999999999
0.478
0.15610000000000002
0.1241
0.2627
0.5173
0.3493
0.3403
0.3527
0.331
0.2439
0.1784
0.1194
0.11410000000000001
0.1131
0.11510000000000001
0.11080000000000001
0.09870000000000001
0.085
0.08610000000000001
0.0903
0.1105
0.08610000000000001
0.0708
0.07150000000000001
0.0609
0.06509999999999999
0.065
0.0569
0.0656
0.0822
0.0779
0.0741
0.0859
0.12390000000000001
0.1408
8.0923
8.1502
8.304
4.772600000000001
0.3938
0.42069999999999996
0.5408
0.8832
1.0964999999999998
0.8701
0.5604
0.4381
0.4008
0.3791
0.359
0.3981
0.421
1.1164
0.6173
0.5820000000000001
0.6121
0.8494999999999999
1.0904
0.7717
1.0244
2.1028000000000002
1.4388
1.1771
0.7654000000000001
0.529
0.5277000000000001
0.4853
0.4396
0.4097
0.47950000000000004
1.5377
0.7346
0.3042
0.2637
0.2823
0.2817
0.29869999999999997
0.2787
0.391
0.3376
0.3083
0.40259999999999996
0.508
2.8881
3.0441000000000003
3.2041000000000004
3.4812000000000003
1.9466
0.20090000000000002
0.249
0.4107
0.235
0.19929999999999998
0.1742
0.18
0.2148
0.2175
0.263
0.7224999999999999
0.2891
0.3253
0.35509999999999997
0.427
0.5286
0.9352
0.368
2.2946999999999997
8.0626
7.8792
7.7082999999999995
2.4010000000000002
0.1644
0.1313
0.1049
0.1007
0.0631
0.0537
0.0611
0.06
0.0605
0.057
0.056900000000000006
1.3662
0.2479
0.37929999999999997
0.6898
1.2332999999999998
0.8863
0.5045000000000001
0.31310000000000004
1.0390000000000001
0.042
0.0407
0.0403
0.0395
0.0412
0.041400000000000006
0.0359
0.035
0.0291
0.0281
0.0216
0.023399999999999997
0.025
0.025
0.0269
0.032100000000000004
0.0267
0.0382
0.04239999999999999
0.0404
0.0388
0.0383
0.0516
0.0589
0.105
2.4141
0.0
0.0505
0.0752
0.0547
0.0323
0.0363
0.0575
0.0706
0.0976
0.13440000000000002
0.7918999999999999
0.478
0.15610000000000002
0.1241
0.2627
0.5173
0.3493
0.3403
0.3527
0.331
0.2439
0.1784
0.1194
0.11410000000000001
0.1131
0.11510000000000001
0.11080000000000001
0.09870000000000001
0.085
0.08610000000000001
0.0903
0.1105
0.08610000000000001
0.0708
0.07150000000000001
0.0609
0.06509999999999999
0.065
0.0569
0.0656
0.0822
0.0779
0.0741
0.0859
0.12390000000000001
0.1408
8.0923
8.1502
8.304
4.772600000000001
0.3938
0.42069999999999996
0.5408
0.8832
1.0964999999999998
0.8701
0.5604
0.4381
0.4008
0.3791
0.359
0.3981
0.421
1.1164
0.6173
0.5820000000000001
0.6121
0.8494999999999999
1.0904
0.7717
1.0244
2.1028000000000002
1.4388
1.1771
0.7654000000000001
0.529
0.5277000000000001
0.4853
0.4396
0.4097
0.47950000000000004
1.5377
0.7346
0.3042
0.2637
0.2823
0.2817
0.29869999999999997
0.2787
0.391
0.3376
0.3083
0.40259999999999996
0.508
0.045899999999999996
0.0718
0.0749
0.0686
0.0748
0.17570000000000002
0.9978
1.9586999999999999
2.0103
2.7427
0.5665
0.42510000000000003
0.4649
1.4131
0.7618
0.168
0.4611
0.1628
0.1671
0.26
0.043
0.0
0.0
0.0
0.1008
0.1533
0.1911
0.2218
0.26149999999999995
0.42769999999999997
0.2351
0.042
0.0302
0.0586
0.0502
0.047
0.0655
0.061399999999999996
0.0678
0.0787
0.0398
0.044899999999999995
0.0412
0.022400000000000003
0.0
0.0
0.0
0.0
1.4386999999999999
1.4102999999999999
1.4419
0.9905999999999999
0.2263
0.2136
0.1817
0.197
0.1849
0.2017
0.22199999999999998
0.3166
0.2773
0.1888
0.19569999999999999
0.1664
0.1572
0.156
0.3054
1.0432
0.39490000000000003
0.5669
0.6134999999999999
1.9009
1.7866
1.8404
3.4217
1.0294999999999999
0.15469999999999998
0.0741
0.0558
0.0606
0.08180000000000001
0.0711
0.048
0.052
0.0506
0.0406
0.0441
0.0771
0.083
0.0979
0.0912
0.0922
0.0887
0.09179999999999999
0.0995
0.12140000000000001
0.1679
0.14450000000000002
0.1461
0.1646
0.11549999999999999
0.0963
0.1069
0.0986
0.1145
0.1671
0.1562
0.13990000000000002
0.1676
0.1908
0.1819
0.15360000000000001
0.1031
0.067
0.0729
0.1224
0.1283
0.122
0.2539
0.2793
2.9433
3.6725
1.8760000000000001
0.09079999999999999
0.07730000000000001
0.0202
0.0455
0.0102
0.0127
0.021400000000000002
0.0336
0.027200000000000002
0.0162
0.0779
0.079
0.0258
0.050199999999999995
0.0371
0.0258
0.0407
0.0029
0.2232
1.4186
2.0634
0.0721
0.0953
0.09820000000000001
0.10450000000000001
0.0943
0.1766
0.2477
0.2014
0.6655
0.0063
0.0453
0.0889
0.081
0.24409999999999998
0.2527
0.0
0.0
0.0
0.0
0.0
0.0
0.0
0.0
0.0
0.045899999999999996
0.0718
0.0749
0.0686
0.0748
0.17570000000000002
0.9978
1.9586999999999999
2.0103
2.7427
0.5665
0.42510000000000003
0.4649
1.4131
0.7618
0.168
0.4611
0.1628
0.1671
0.26
0.043
0.0
0.0
0.0
0.1008
0.1533
0.1911
0.2218
0.26149999999999995
0.42769999999999997
0.2351
0.042
0.0302
0.0586
0.0502
0.047
0.0655
0.061399999999999996
0.0678
0.0787
0.0398
0.044899999999999995
0.0412
0.022400000000000003
0.0
0.0
0.0
0.0
1.4386999999999999
1.4102999999999999
1.4419
0.9905999999999999
0.2263
0.2136
0.1817
0.197
0.1849
0.2017
0.22199999999999998
0.3166
0.2773
0.1888
0.19569999999999999
0.1664
0.1572
0.156
0.3054
1.0432
0.39490000000000003
0.5669
0.6134999999999999
1.9009
1.7866
1.8404
3.4217
1.0294999999999999
0.15469999999999998
0.0741
0.0558
0.0606
0.08180000000000001
0.0711
0.048
0.052
0.0506
0.0406
0.0441
0.0771
0.083
0.0979
0.0912
0.0922
0.0887
0.09179999999999999
0.0995
0.12140000000000001
0.1679
0.14450000000000002
0.1461
0.1646
0.11549999999999999
0.0963
0.1069
0.0986
0.1145
0.1671
0.1562
0.13990000000000002
0.1676
0.1908
0.1819
0.15360000000000001
0.1031
0.067
0.0729
0.1224
0.1283
0.122
0.2539
0.2793
2.9433
3.6725
1.8760000000000001
0.09079999999999999
0.07730000000000001
0.0202
0.0455
0.0102
0.0127
0.021400000000000002
0.0336
0.027200000000000002
0.0162
0.0779
0.079
0.0258
0.050199999999999995
0.0371
0.0258
0.0407
0.0029
0.2232
1.4186
2.0634
0.0721
0.0953
0.09820000000000001
0.10450000000000001
0.0943
0.1766
0.2477
0.2014
0.6655
0.0063
0.0453
0.0889
0.081
0.24409999999999998
0.2527
0.0
0.0
0.0
0.0
0.0
0.0
0.0
0.0
0.0
0.045899999999999996
0.0718
0.0749
0.0686
0.0748
0.17570000000000002
0.9978
1.9586999999999999
2.0103
2.7427
0.5665
0.42510000000000003
0.4649
1.4131
0.7618
0.168
0.4611
0.1628
0.1671
0.26
0.043
0.0
0.0
0.0
0.1008
0.1533
0.1911
0.2218
0.26149999999999995
0.42769999999999997
0.2351
0.042
0.0302
0.0586
0.0502
0.047
0.0655
0.061399999999999996
0.0678
0.0787
0.0398
0.044899999999999995
0.0412
0.022400000000000003
0.0
0.0
0.0
0.0
1.4386999999999999
1.4102999999999999
1.4419
0.9905999999999999
0.2263
0.2136
0.1817
0.197
0.1849
0.2017
0.22199999999999998
0.3166
0.2773
0.1888
0.19569999999999999
0.1664
0.1572
0.156
0.3054
1.0432
0.39490000000000003
0.5669
0.6134999999999999
1.9009
1.7866
1.8404
3.4217
1.0294999999999999
0.15469999999999998
0.0741
0.0558
0.0606
0.08180000000000001
0.0711
0.048
0.052
0.0506
0.0406
0.0441
0.0771
0.083
0.0979
0.0912
0.0922
0.0887
0.09179999999999999
0.0995
0.12140000000000001
0.1679
0.14450000000000002
0.1461
0.1646
0.11549999999999999
0.0963
0.1069
0.0986
0.1145
0.1671
0.1562
0.13990000000000002
0.1676
0.1908
0.1819
0.15360000000000001
0.1031
0.067
0.0729
0.1224
0.1283
0.122
0.2539
0.2793
2.9433
3.6725
1.8760000000000001
0.09079999999999999
0.07730000000000001
0.0202
0.0455
0.0102
0.0127
0.021400000000000002
0.0336
0.027200000000000002
0.0162
0.0779
0.079
0.0258
0.050199999999999995
0.0371
0.0258
0.0407
0.0029
0.2232
1.4186
2.0634
0.0721
0.0953
0.09820000000000001
0.10450000000000001
0.0943
0.1766
0.2477
0.2014
0.6655
0.0063
0.0453
0.0889
0.081
0.24409999999999998
0.2527
0.0
0.0
0.0
0.0
0.0
0.0
0.0
0.0
0.0
0.045899999999999996
0.0718
0.0749
0.0686
0.0748
0.17570000000000002
0.9978
1.9586999999999999
2.0103
2.7427
0.5665
0.42510000000000003
0.4649
1.4131
0.7618
0.168
0.4611
0.1628
0.1671
0.26
0.043
0.0
0.0
0.0
0.1008
0.1533
0.1911
0.2218
0.26149999999999995
0.42769999999999997
0.2351
0.042
0.0302
0.0586
0.0502
0.047
0.0655
0.061399999999999996
0.0678
0.0787
0.0398
0.044899999999999995
0.0412
0.022400000000000003
0.0
0.0
0.0
0.0
1.4386999999999999
1.4102999999999999
1.4419
0.9905999999999999
0.2263
0.2136
0.1817
0.197
0.1849
0.2017
0.22199999999999998
0.3166
0.2773
0.1888
0.19569999999999999
0.1664
0.1572
0.156
0.3054
1.0432
0.39490000000000003
0.5669
0.6134999999999999
1.9009
1.7866
1.8404
3.4217
1.0294999999999999
0.15469999999999998
0.0741
0.0558
0.0606
0.08180000000000001
0.0711
0.048
0.052
0.0506
0.0406
0.0441
0.0771
0.083
0.0979
0.0912
0.0922
0.0887
0.09179999999999999
0.0995
0.12140000000000001
0.1679
0.14450000000000002
0.1461
0.1646
0.11549999999999999
0.0963
0.1069
0.0986
0.1145
0.1671
0.1562
0.13990000000000002
0.1676
0.1908
0.1819
0.15360000000000001
0.1031
0.067
0.0729
0.1224
0.1283
0.122
0.2539
0.2793
2.9433
3.6725
1.8760000000000001
0.09079999999999999
0.07730000000000001
0.0202
0.0455
0.0102
0.0127
0.021400000000000002
0.0336
0.027200000000000002
0.0162
0.0779
0.079
0.0258
0.050199999999999995
0.0371
0.0258
0.0407
0.0029
0.2232
1.4186
2.0634
0.0721
0.0953
0.09820000000000001
0.10450000000000001
0.0943
0.1766
0.2477
0.2014
0.6655
0.0063
0.0453
0.0889
0.081
0.24409999999999998
0.2527
0.0
0.0
0.0
0.0
0.0
0.0
0.0
0.0
0.0
0.045899999999999996
0.0718
0.0749
0.0686
0.0748
0.17570000000000002
0.9978
1.9586999999999999
2.0103
2.7427
0.5665
0.42510000000000003
0.4649
1.4131
0.7618
0.168
0.4611
0.1628
0.1671
0.26
0.043
0.0
0.0
0.0
0.1008
0.1533
0.1911
0.2218
0.26149999999999995
0.42769999999999997
0.2351
0.042
0.0302
0.0586
0.0502
0.047
0.0655
0.061399999999999996
0.0678
0.0787
0.0398
0.044899999999999995
0.0412
0.022400000000000003
0.0
0.0
0.0
0.0
1.4386999999999999
1.4102999999999999
1.4419
0.9905999999999999
0.2263
0.2136
0.1817
0.197
0.1849
0.2017
0.22199999999999998
0.3166
0.2773
0.1888
0.19569999999999999
0.1664
0.1572
0.156
0.3054
1.0432
0.39490000000000003
0.5669
0.6134999999999999
1.9009
0.0165
0.019
0.030699999999999998
0.0301
0.030899999999999997
0.0309
0.040400000000000005
0.1046
0.2032
0.177
0.0757
1.3151
0.1108
0.17120000000000002
0.1461
0.1951
0.1631
0.9304000000000001
0.3536
0.3887
0.4018
0.3804
0.2128
0.0581
2.2286
3.5575
3.7085999999999997
1.9796
0.43069999999999997
0.14479999999999998
0.1278
0.15889999999999999
0.15100000000000002
0.1464
0.132
0.1361
0.151
0.14
0.1418
0.1659
0.1632
0.177
0.2103
0.1807
0.2042
0.1401
0.14129999999999998
0.13319999999999999
3.0723
5.9146
7.7261999999999995
3.2666
0.6054999999999999
0.0988
0.055400000000000005
0.0097
0.0288
0.048
0.0327
0.0269
0.031100000000000003
0.0283
0.018000000000000002
0.015
0.0083
0.0084
0.026000000000000002
0.0173
0.0072
0.0743
0.2834
0.397
0.275
0.32130000000000003
0.3463
0.4551
1.2449
1.038
1.1013
0.37
0.3201
0.3054
0.3019
0.3172
0.32799999999999996
0.2783
0.7127
1.448
0.3711
0.26139999999999997
0.2309
0.2159
0.1661
0.1119
0.1197
0.1461
0.346
0.33530000000000004
0.3978
0.5671999999999999
0.8389
0.9363
0.7858999999999999
0.3086
0.2811
0.2842
0.2727
0.2477
0.2743
0.2954
0.7505999999999999
0.46099999999999997
0.362
0.37629999999999997
0.3977
1.0844
0.9646
0.5058
0.5044
0.4964
5.18
4.3338
3.8934
3.8356
3.2372
1.3148
1.3272
1.4808
1.9123
2.7790999999999997
4.1126000000000005
4.4546
2.1019
1.2456999999999998
1.263
2.3208
3.7332
3.0526999999999997
2.7042
3.1923
3.5838
2.4785
1.5145
3.1782
0.3377
2.4035
2.5843
2.279
0.26539999999999997
0.2597
0.2529
0.24580000000000002
0.2511
0.274
0.27649999999999997
0.2717
0.2808
0.2761
0.31420000000000003
0.2413
0.2433
0.2333
0.2349
0.3181
0.8113999999999999
1.5228000000000002
0.8466
0.4223
0.0165
0.019
0.030699999999999998
0.0301
0.030899999999999997
0.0309
0.040400000000000005
0.1046
0.2032
0.177
0.0757
1.3151
0.1108
0.17120000000000002
0.1461
0.1951
0.1631
0.9304000000000001
0.3536
0.3887
0.4018
0.3804
0.2128
0.0581
2.2286
3.5575
3.7085999999999997
1.9796
0.43069999999999997
0.14479999999999998
0.1278
0.15889999999999999
0.15100000000000002
0.1464
0.132
0.1361
0.151
0.14
0.1418
0.1659
0.1632
0.177
0.2103
0.1807
0.2042
0.1401
0.14129999999999998
0.13319999999999999
3.0723
5.9146
7.7261999999999995
3.2666
0.6054999999999999
0.0988
0.055400000000000005
0.0097
0.0288
0.048
0.0327
0.0269
0.031100000000000003
0.0283
0.018000000000000002
0.015
0.0083
0.0084
0.026000000000000002
0.0173
0.0072
0.0743
0.2834
0.397
0.275
0.32130000000000003
0.3463
0.4551
1.2449
1.038
1.1013
0.37
0.3201
0.3054
0.3019
0.3172
0.32799999999999996
0.2783
0.7127
1.448
0.3711
0.26139999999999997
0.2309
0.2159
0.1661
0.1119
0.1197
0.1461
0.346
0.33530000000000004
0.3978
0.5671999999999999
0.8389
0.9363
0.7858999999999999
0.3086
0.2811
0.2842
0.2727
0.2477
0.2743
0.2954
0.7505999999999999
0.46099999999999997
0.362
0.37629999999999997
0.3977
1.0844
0.9646
0.5058
0.5044
0.4964
5.18
4.3338
3.8934
3.8356
3.2372
1.3148
1.3272
1.4808
1.9123
2.7790999999999997
4.1126000000000005
4.4546
2.1019
1.2456999999999998
1.263
2.3208
3.7332
3.0526999999999997
2.7042
3.1923
3.5838
2.4785
1.5145
3.1782
0.3377
2.4035
2.5843
2.279
0.26539999999999997
0.2597
0.2529
0.24580000000000002
0.2511
0.274
0.27649999999999997
0.2717
0.2808
0.2761
0.31420000000000003
0.2413
0.2433
0.2333
0.2349
0.3181
0.8113999999999999
1.5228000000000002
0.8466
0.4223
0.0165
0.019
0.030699999999999998
0.0301
0.030899999999999997
0.0309
0.040400000000000005
0.1046
0.2032
0.177
0.0757
1.3151
0.1108
0.17120000000000002
0.1461
0.1951
0.1631
0.9304000000000001
0.3536
0.3887
0.4018
0.3804
0.2128
0.0581
2.2286
3.5575
3.7085999999999997
1.9796
0.43069999999999997
0.14479999999999998
0.1278
0.15889999999999999
0.15100000000000002
0.1464
0.132
0.1361
0.151
0.14
0.1418
0.1659
0.1632
0.177
0.2103
0.1807
0.2042
0.1401
0.14129999999999998
0.13319999999999999
3.0723
5.9146
7.7261999999999995
3.2666
0.6054999999999999
0.0988
0.055400000000000005
0.0097
0.0288
0.048
0.0327
0.0269
0.031100000000000003
0.0283
0.018000000000000002
0.015
0.0083
0.0084
0.026000000000000002
0.0173
0.0072
0.0743
0.2834
0.397
0.275
0.32130000000000003
0.3463
0.4551
1.2449
1.038
1.1013
0.37
0.3201
0.3054
0.3019
0.3172
0.32799999999999996
0.2783
0.7127
1.448
0.3711
0.26139999999999997
0.2309
0.2159
0.1661
0.1119
0.1197
0.1461
0.346
0.33530000000000004
0.3978
0.5671999999999999
0.8389
0.9363
0.7858999999999999
0.3086
0.2811
0.2842
0.2727
0.2477
0.2743
0.2954
0.7505999999999999
0.46099999999999997
0.362
0.37629999999999997
0.3977
1.0844
0.9646
0.5058
0.5044
0.4964
5.18
4.3338
3.8934
3.8356
3.2372
1.3148
1.3272
1.4808
1.9123
2.7790999999999997
4.1126000000000005
4.4546
2.1019
1.2456999999999998
1.263
2.3208
3.7332
3.0526999999999997
2.7042
3.1923
3.5838
2.4785
1.5145
3.1782
0.3377
2.4035
2.5843
2.279
0.26539999999999997
0.2597
0.2529
0.24580000000000002
0.2511
0.274
0.27649999999999997
0.2717
0.2808
0.2761
0.31420000000000003
0.2413
0.2433
0.2333
0.2349
0.3181
0.8113999999999999
1.5228000000000002
0.8466
0.4223
0.0165
0.019
0.030699999999999998
0.0301
0.030899999999999997
0.0309
0.040400000000000005
0.1046
0.2032
0.177
0.0757
1.3151
0.1108
0.17120000000000002
0.1461
0.1951
0.1631
0.9304000000000001
0.3536
0.3887
0.4018
0.3804
0.2128
0.0581
2.2286
3.5575
3.7085999999999997
1.9796
0.43069999999999997
0.14479999999999998
0.1278
0.15889999999999999
0.15100000000000002
0.1464
0.132
0.1361
0.151
0.14
0.1418
0.1659
0.1632
0.177
0.2103
0.1807
0.2042
0.1401
0.14129999999999998
0.13319999999999999
3.0723
5.9146
7.7261999999999995
3.2666
0.6054999999999999
0.0988
0.055400000000000005
0.0097
0.0288
0.048
0.0327
0.0269
0.031100000000000003
0.0283
0.018000000000000002
0.015
0.0083
0.0084
0.026000000000000002
0.0173
0.0072
0.0743
0.2834
0.397
0.275
0.32130000000000003
0.3463
0.4551
1.2449
1.038
1.1013
0.37
0.3201
0.3054
0.3019
0.3172
0.32799999999999996
0.2783
0.7127
1.448
0.3711
0.26139999999999997
0.2309
0.2159
0.1661
0.1119
0.1197
0.1461
0.346
0.33530000000000004
0.3978
0.5671999999999999
0.8389
0.9363
0.7858999999999999
0.3086
0.2811
0.2842
0.2727
0.2477
0.2743
0.2954
0.7505999999999999
0.46099999999999997
0.362
0.37629999999999997
0.3977
1.0844
0.9646
0.5058
0.5044
0.4964
5.18
4.3338
3.8934
3.8356
3.2372
1.3148
1.3272
1.4808
1.9123
2.7790999999999997
4.1126000000000005
4.4546
2.1019
1.2456999999999998
1.263
2.3208
3.7332
3.0526999999999997
2.7042
3.1923
3.5838
2.4785
1.5145
3.1782
0.3377
2.4035
2.5843
2.279
0.26539999999999997
0.2597
0.2529
0.24580000000000002
0.2511
0.274
0.27649999999999997
0.2717
0.2808
0.2761
0.31420000000000003
0.2413
0.2433
0.2333
0.2349
0.3181
0.8113999999999999
1.5228000000000002
0.8466
0.4223
0.0165
0.019
0.030699999999999998
0.0301
0.030899999999999997
0.0309
0.040400000000000005
0.1046
0.2032
0.177
0.0757
1.3151
0.1108
0.17120000000000002
0.1461
0.1951
0.1631
0.9304000000000001
0.3536
0.3887
0.4018
0.3804
0.2128
0.0581
2.2286
3.5575
3.7085999999999997
1.9796
0.43069999999999997
0.14479999999999998
0.1278
0.15889999999999999
0.15100000000000002
0.1464
0.132
0.1361
0.151
0.14
0.1418
0.1659
0.1632
0.177
0.2103
0.1807
0.2042
0.1401
0.14129999999999998
0.13319999999999999
0.7866
3.0117000000000003
1.0613
0.0
0.0
0.0
0.0033
0.0434
0.0203
0.0048
0.0054
0.0196
0.0344
0.0771
0.1948
0.1734
0.030199999999999998
0.0171
0.0
0.0007
0.0
0.008
0.0194
0.018
2.8525
4.2362
4.1370000000000005
4.1098
2.7396000000000003
0.2318
0.19019999999999998
0.2017
0.2245
0.2339
0.259
0.4541
1.0567
0.3367
0.25939999999999996
0.2536
0.2767
0.3216
0.6671
0.9131
0.6206
0.8815
1.7454999999999998
1.4549
3.9024
4.042199999999999
3.7145
0.3754
0.052099999999999994
0.030100000000000002
0.0201
0.05740000000000001
0.2213
0.1575
0.0796
0.032
0.021900000000000003
0.019200000000000002
0.0097
0.0007
0.0001
0.0381
0.429
0.5455000000000001
0.526
0.5609
0.618
2.9808
0.1738
0.1931
0.2511
0.2289
0.2064
0.1303
0.14100000000000001
0.1864
0.2188
0.2646
0.32020000000000004
0.5352
0.2734
0.178
0.1829
0.2082
0.4981
1.1179000000000001
0.6864
0.4851
0.5124
0.5599999999999999
1.3459
1.4736
1.3319
0.322
0.1827
0.1243
0.1011
0.09240000000000001
0.0674
0.0413
0.028499999999999998
0.038000000000000006
0.028200000000000003
0.0281
0.027700000000000002
0.0278
0.026
0.026799999999999997
0.0262
0.041499999999999995
0.0283
0.033100000000000004
0.0302
0.0238
0.0183
0.0194
1.5127000000000002
0.43760000000000004
0.08600000000000001
0.0154
0.0
0.7198
0.5922
0.0
0.023
0.0628
0.0651
0.026000000000000002
0.0156
0.0
0.936
0.28759999999999997
0.0382
0.9275
0.6882999999999999
0.5923
0.1642
0.0045
0.032600000000000004
1.5993000000000002
0.1651
0.1523
0.1478
0.1455
0.1478
0.16049999999999998
0.18530000000000002
0.1703
0.1631
0.1777
0.1385
0.1091
0.11699999999999999
0.1199
0.13440000000000002
0.15810000000000002
0.19619999999999999
0.37339999999999995
0.2875
0.27690000000000003
0.28990000000000005
0.2984
0.2954
0.2324
0.7866
3.0117000000000003
1.0613
0.0
0.0
0.0
0.0033
0.0434
0.0203
0.0048
0.0054
0.0196
0.0344
0.0771
0.1948
0.1734
0.030199999999999998
0.0171
0.0
0.0007
0.0
0.008
0.0194
0.018
2.8525
4.2362
4.1370000000000005
4.1098
2.7396000000000003
0.2318
0.19019999999999998
0.2017
0.2245
0.2339
0.259
0.4541
1.0567
0.3367
0.25939999999999996
0.2536
0.2767
0.3216
0.6671
0.9131
0.6206
0.8815
1.7454999999999998
1.4549
3.9024
4.042199999999999
3.7145
0.3754
0.052099999999999994
0.030100000000000002
0.0201
0.05740000000000001
0.2213
0.1575
0.0796
0.032
0.021900000000000003
0.019200000000000002
0.0097
0.0007
0.0001
0.0381
0.429
0.5455000000000001
0.526
0.5609
0.618
2.9808
0.1738
0.1931
0.2511
0.2289
0.2064
0.1303
0.14100000000000001
0.1864
0.2188
0.2646
0.32020000000000004
0.5352
0.2734
0.178
0.1829
0.2082
0.4981
1.1179000000000001
0.6864
0.4851
0.5124
0.5599999999999999
1.3459
1.4736
1.3319
0.322
0.1827
0.1243
0.1011
0.09240000000000001
0.0674
0.0413
0.028499999999999998
0.038000000000000006
0.028200000000000003
0.0281
0.027700000000000002
0.0278
0.026
0.026799999999999997
0.0262
0.041499999999999995
0.0283
0.033100000000000004
0.0302
0.0238
0.0183
0.0194
1.5127000000000002
0.43760000000000004
0.08600000000000001
0.0154
0.0
0.7198
0.5922
0.0
0.023
0.0628
0.0651
0.026000000000000002
0.0156
0.0
0.936
0.28759999999999997
0.0382
0.9275
0.6882999999999999
0.5923
0.1642
0.0045
0.032600000000000004
1.5993000000000002
0.1651
0.1523
0.1478
0.1455
0.1478
0.16049999999999998
0.18530000000000002
0.1703
0.1631
0.1777
0.1385
0.1091
0.11699999999999999
0.1199
0.13440000000000002
0.15810000000000002
0.19619999999999999
0.37339999999999995
0.2875
0.27690000000000003
0.28990000000000005
0.2984
0.2954
0.2324
0.7866
3.0117000000000003
1.0613
0.0
0.0
0.0
0.0033
0.0434
0.0203
0.0048
0.0054
0.0196
0.0344
0.0771
0.1948
0.1734
0.030199999999999998
0.0171
0.0
0.0007
0.0
0.008
0.0194
0.018
2.8525
4.2362
4.1370000000000005
4.1098
2.7396000000000003
0.2318
0.19019999999999998
0.2017
0.2245
0.2339
0.259
0.4541
1.0567
0.3367
0.25939999999999996
0.2536
0.2767
0.3216
0.6671
0.9131
0.6206
0.8815
1.7454999999999998
1.4549
3.9024
4.042199999999999
3.7145
0.3754
0.052099999999999994
0.030100000000000002
0.0201
0.05740000000000001
0.2213
0.1575
0.0796
0.032
0.021900000000000003
0.019200000000000002
0.0097
0.0007
0.0001
0.0381
0.429
0.5455000000000001
0.526
0.5609
0.618
2.9808
0.1738
0.1931
0.2511
0.2289
0.2064
0.1303
0.14100000000000001
0.1864
0.2188
0.2646
0.32020000000000004
0.5352
0.2734
0.178
0.1829
0.2082
0.4981
1.1179000000000001
0.6864
0.4851
0.5124
0.5599999999999999
1.3459
1.4736
1.3319
0.322
0.1827
0.1243
0.1011
0.09240000000000001
0.0674
0.0413
0.028499999999999998
0.038000000000000006
0.028200000000000003
0.0281
0.027700000000000002
0.0278
0.026
0.026799999999999997
0.0262
0.041499999999999995
0.0283
0.033100000000000004
0.0302
0.0238
0.0183
0.0194
1.5127000000000002
0.43760000000000004
0.08600000000000001
0.0154
0.0
0.7198
0.5922
0.0
0.023
0.0628
0.0651
0.026000000000000002
0.0156
0.0
0.936
0.28759999999999997
0.0382
0.9275
0.6882999999999999
0.5923
0.1642
0.0045
0.032600000000000004
1.5993000000000002
0.1651
0.1523
0.1478
0.1455
0.1478
0.16049999999999998
0.18530000000000002
0.1703
0.1631
0.1777
0.1385
0.1091
0.11699999999999999
0.1199
0.13440000000000002
0.15810000000000002
0.19619999999999999
0.37339999999999995
0.2875
0.27690000000000003
0.28990000000000005
0.2984
0.2954
0.2324
0.7866
3.0117000000000003
1.0613
0.0
0.0
0.0
0.0033
0.0434
0.0203
0.0048
0.0054
0.0196
0.0344
0.0771
0.1948
0.1734
0.030199999999999998
0.0171
0.0
0.0007
0.0
0.008
0.0194
0.018
2.8525
4.2362
4.1370000000000005
4.1098
2.7396000000000003
0.2318
0.19019999999999998
0.2017
0.2245
0.2339
0.259
0.4541
1.0567
0.3367
0.25939999999999996
0.2536
0.2767
0.3216
0.6671
0.9131
0.6206
0.8815
1.7454999999999998
1.4549
3.9024
4.042199999999999
3.7145
0.3754
0.052099999999999994
0.030100000000000002
0.0201
0.05740000000000001
0.2213
0.1575
0.0796
0.032
0.021900000000000003
0.019200000000000002
0.0097
0.0007
0.0001
0.0381
0.429
0.5455000000000001
0.526
0.5609
0.618
2.9808
0.1738
0.1931
0.2511
0.2289
0.2064
0.1303
0.14100000000000001
0.1864
0.2188
0.2646
0.32020000000000004
0.5352
0.2734
0.178
0.1829
0.2082
0.4981
1.1179000000000001
0.6864
0.4851
0.5124
0.5599999999999999
1.3459
1.4736
1.3319
0.322
0.1827
0.1243
0.1011
0.09240000000000001
0.0674
0.0413
0.028499999999999998
0.038000000000000006
0.028200000000000003
0.0281
0.027700000000000002
0.0278
0.026
0.026799999999999997
0.0262
0.041499999999999995
0.0283
0.033100000000000004
0.0302
0.0238
0.0183
0.0194
1.5127000000000002
0.43760000000000004
0.08600000000000001
0.0154
0.0
0.7198
0.5922
0.0
0.023
0.0628
0.0651
0.026000000000000002
0.0156
0.0
0.936
0.28759999999999997
0.0382
0.9275
0.6882999999999999
0.5923
0.1642
0.0045
0.032600000000000004
1.5993000000000002
0.1651
0.1523
0.1478
0.1455
0.1478
0.16049999999999998
0.18530000000000002
0.1703
0.1631
0.1777
0.1385
0.1091
0.11699999999999999
0.1199
0.13440000000000002
0.15810000000000002
0.19619999999999999
0.37339999999999995
0.2875
0.27690000000000003
0.28990000000000005
0.2984
0.2954
0.2324
0.7866
3.0117000000000003
1.0613
0.0
0.0
0.0
0.0033
0.0434
0.0203
0.0048
0.0054
0.0196
0.0344
0.0771
0.1948
0.1734
0.030199999999999998
0.0171
0.0
0.0007
0.0
0.008
0.0194
0.018
2.8525
4.2362
4.1370000000000005
4.1098
2.7396000000000003
0.2318
0.19019999999999998
0.2017
0.2245
0.2339
0.259
0.4541
1.0567
0.3367
0.25939999999999996
0.2536
0.2767
0.3216
0.6671
0.9131
0.6206
0.8815
1.7454999999999998
1.4549
3.9024
4.042199999999999
3.7145
0.3754
0.052099999999999994
0.030100000000000002
0.0201
0.05740000000000001
0.2213
0.1575
0.0796
0.032
0.021900000000000003
0.019200000000000002
0.0097
0.0007
0.0001
0.0381
0.429
0.5455000000000001
0.526
0.5609
0.618
2.9808
0.4338
2.1165000000000003
2.2762000000000002
1.9817999999999998
0.16219999999999998
0.0891
0.0693
0.0439
0.0412
0.0685
0.11230000000000001
0.47519999999999996
0.3981
0.1983
0.1442
0.12890000000000001
0.12459999999999999
0.1476
0.25070000000000003
0.4185
0.3161
0.3945
1.4439
1.4242
0.1778
0.16920000000000002
0.15610000000000002
0.1534
0.1572
0.5406
0.19340000000000002
0.13829999999999998
0.1013
0.0448
0.050699999999999995
0.030900000000000004
0.0284
0.0235
0.0424
0.057300000000000004
0.0826
0.2003
0.3261
0.46919999999999995
0.4697
0.367
0.2836
0.2387
0.0929
0.09079999999999999
0.0931
0.0935
0.0976
0.1262
0.18209999999999998
0.1268
0.12
0.062299999999999994
0.061
0.0595
0.0618
0.0624
0.0771
0.2933
0.0741
0.0376
0.0381
0.0578
0.0761
0.0802
0.07819999999999999
0.08130000000000001
3.6974
3.6658
3.4329
2.4694000000000003
0.4018
0.0162
0.0247
0.0252
0.0369
0.0363
0.04869999999999999
0.049
0.0477
0.0479
0.0359
0.0137
0.0322
0.7508
0.0
0.0023
0.1613
0.7425999999999999
1.3253
0.7672000000000001
0.21639999999999998
0.2182
0.2163
0.21589999999999998
0.2076
0.1759
0.1185
0.3295
0.0405
0.0355
0.0288
0.023399999999999997
0.027700000000000002
0.0283
0.0339
0.038099999999999995
0.016
0.0288
0.2061
0.1958
0.2173
0.2556
0.27459999999999996
0.2485
3.6403
1.8087
0.2605
0.1792
0.182
0.1735
0.20550000000000002
0.2651
0.3726
0.3436
0.6217
1.7785000000000002
0.14780000000000001
0.18880000000000002
0.2086
0.2156
0.196
0.20279999999999998
0.14679999999999999
0.131
0.1219
0.1311
0.5384
1.0377
0.0991
0.1007
0.094
0.0969
0.10600000000000001
0.1362
0.235
0.3483
0.178
0.1448
0.019200000000000002
0.0125
0.0188
0.023899999999999998
0.031200000000000002
0.029400000000000003
0.0479
0.1501
0.2001
0.1675
0.14750000000000002
0.13240000000000002
0.11699999999999999
0.1187
0.4338
2.1165000000000003
2.2762000000000002
1.9817999999999998
0.16219999999999998
0.0891
0.0693
0.0439
0.0412
0.0685
0.11230000000000001
0.47519999999999996
0.3981
0.1983
0.1442
0.12890000000000001
0.12459999999999999
0.1476
0.25070000000000003
0.4185
0.3161
0.3945
1.4439
1.4242
0.1778
0.16920000000000002
0.15610000000000002
0.1534
0.1572
0.5406
0.19340000000000002
0.13829999999999998
0.1013
0.0448
0.050699999999999995
0.030900000000000004
0.0284
0.0235
0.0424
0.057300000000000004
0.0826
0.2003
0.3261
0.46919999999999995
0.4697
0.367
0.2836
0.2387
0.0929
0.09079999999999999
0.0931
0.0935
0.0976
0.1262
0.18209999999999998
0.1268
0.12
0.062299999999999994
0.061
0.0595
0.0618
0.0624
0.0771
0.2933
0.0741
0.0376
0.0381
0.0578
0.0761
0.0802
0.07819999999999999
0.08130000000000001
3.6974
3.6658
3.4329
2.4694000000000003
0.4018
0.0162
0.0247
0.0252
0.0369
0.0363
0.04869999999999999
0.049
0.0477
0.0479
0.0359
0.0137
0.0322
0.7508
0.0
0.0023
0.1613
0.7425999999999999
1.3253
0.7672000000000001
0.21639999999999998
0.2182
0.2163
0.21589999999999998
0.2076
0.1759
0.1185
0.3295
0.0405
0.0355
0.0288
0.023399999999999997
0.027700000000000002
0.0283
0.0339
0.038099999999999995
0.016
0.0288
0.2061
0.1958
0.2173
0.2556
0.27459999999999996
0.2485
3.6403
1.8087
0.2605
0.1792
0.182
0.1735
0.20550000000000002
0.2651
0.3726
0.3436
0.6217
1.7785000000000002
0.14780000000000001
0.18880000000000002
0.2086
0.2156
0.196
0.20279999999999998
0.14679999999999999
0.131
0.1219
0.1311
0.5384
1.0377
0.0991
0.1007
0.094
0.0969
0.10600000000000001
0.1362
0.235
0.3483
0.178
0.1448
0.019200000000000002
0.0125
0.0188
0.023899999999999998
0.031200000000000002
0.029400000000000003
0.0479
0.1501
0.2001
0.1675
0.14750000000000002
0.13240000000000002
0.11699999999999999
0.1187
0.4338
2.1165000000000003
2.2762000000000002
1.9817999999999998
0.16219999999999998
0.0891
0.0693
0.0439
0.0412
0.0685
0.11230000000000001
0.47519999999999996
0.3981
0.1983
0.1442
0.12890000000000001
0.12459999999999999
0.1476
0.25070000000000003
0.4185
0.3161
0.3945
1.4439
1.4242
0.1778
0.16920000000000002
0.15610000000000002
0.1534
0.1572
0.5406
0.19340000000000002
0.13829999999999998
0.1013
0.0448
0.050699999999999995
0.030900000000000004
0.0284
0.0235
0.0424
0.057300000000000004
0.0826
0.2003
0.3261
0.46919999999999995
0.4697
0.367
0.2836
0.2387
0.0929
0.09079999999999999
0.0931
0.0935
0.0976
0.1262
0.18209999999999998
0.1268
0.12
0.062299999999999994
0.061
0.0595
0.0618
0.0624
0.0771
0.2933
0.0741
0.0376
0.0381
0.0578
0.0761
0.0802
0.07819999999999999
0.08130000000000001
3.6974
3.6658
3.4329
2.4694000000000003
0.4018
0.0162
0.0247
0.0252
0.0369
0.0363
0.04869999999999999
0.049
0.0477
0.0479
0.0359
0.0137
0.0322
0.7508
0.0
0.0023
0.1613
0.7425999999999999
1.3253
0.7672000000000001
0.21639999999999998
0.2182
0.2163
0.21589999999999998
0.2076
0.1759
0.1185
0.3295
0.0405
0.0355
0.0288
0.023399999999999997
0.027700000000000002
0.0283
0.0339
0.038099999999999995
0.016
0.0288
0.2061
0.1958
0.2173
0.2556
0.27459999999999996
0.2485
3.6403
1.8087
0.2605
0.1792
0.182
0.1735
0.20550000000000002
0.2651
0.3726
0.3436
0.6217
1.7785000000000002
0.14780000000000001
0.18880000000000002
0.2086
0.2156
0.196
0.20279999999999998
0.14679999999999999
0.131
0.1219
0.1311
0.5384
1.0377
0.0991
0.1007
0.094
0.0969
0.10600000000000001
0.1362
0.235
0.3483
0.178
0.1448
0.019200000000000002
0.0125
0.0188
0.023899999999999998
0.031200000000000002
0.029400000000000003
0.0479
0.1501
0.2001
0.1675
0.14750000000000002
0.13240000000000002
0.11699999999999999
0.1187
0.4338
2.1165000000000003
2.2762000000000002
1.9817999999999998
0.16219999999999998
0.0891
0.0693
0.0439
0.0412
0.0685
0.11230000000000001
0.47519999999999996
0.3981
0.1983
0.1442
0.12890000000000001
0.12459999999999999
0.1476
0.25070000000000003
0.4185
0.3161
0.3945
1.4439
1.4242
0.1778
0.16920000000000002
0.15610000000000002
0.1534
0.1572
0.5406
0.19340000000000002
0.13829999999999998
0.1013
0.0448
0.050699999999999995
0.030900000000000004
0.0284
0.0235
0.0424
0.057300000000000004
0.0826
0.2003
0.3261
0.46919999999999995
0.4697
0.367
0.2836
0.2387
0.0929
0.09079999999999999
0.0931
0.0935
0.0976
0.1262
0.18209999999999998
0.1268
0.12
0.062299999999999994
0.061
0.0595
0.0618
0.0624
0.0771
0.2933
0.0741
0.0376
0.0381
0.0578
0.0761
0.0802
0.07819999999999999
0.08130000000000001
3.6974
3.6658
3.4329
2.4694000000000003
0.4018
0.0162
0.0247
0.0252
0.0369
0.0363
0.04869999999999999
0.049
0.0477
0.0479
0.0359
0.0137
0.0322
0.7508
0.0
0.0023
0.1613
0.7425999999999999
1.3253
0.7672000000000001
0.21639999999999998
0.2182
0.2163
0.21589999999999998
0.2076
0.1759
0.1185
0.3295
0.0405
0.0355
0.0288
0.023399999999999997
0.027700000000000002
0.0283
0.0339
0.038099999999999995
0.016
0.0288
0.2061
0.1958
0.2173
0.2556
0.27459999999999996
0.2485
3.6403
1.8087
0.2605
0.1792
0.182
0.1735
0.20550000000000002
0.2651
0.3726
0.3436
0.6217
1.7785000000000002
0.14780000000000001
0.18880000000000002
0.2086
0.2156
0.196
0.20279999999999998
0.14679999999999999
0.131
0.1219
0.1311
0.5384
1.0377
0.0991
0.1007
0.094
0.0969
0.10600000000000001
0.1362
0.235
0.3483
0.178
0.1448
0.019200000000000002
0.0125
0.0188
0.023899999999999998
0.031200000000000002
0.029400000000000003
0.0479
0.1501
0.2001
0.1675
0.14750000000000002
0.13240000000000002
0.11699999999999999
0.1187
0.4338
2.1165000000000003
2.2762000000000002
1.9817999999999998
0.16219999999999998
0.0891
0.0693
0.0439
0.0412
0.0685
0.11230000000000001
0.47519999999999996
0.3981
0.1983
0.1442
0.12890000000000001
0.12459999999999999
0.1476
0.25070000000000003
0.4185
0.3161
0.3945
1.4439
1.4242
0.1778
0.16920000000000002
0.15610000000000002
0.1534
0.1572
0.5406
0.19340000000000002
0.13829999999999998
0.1013
0.0448
0.050699999999999995
0.030900000000000004
0.0284
0.0235
0.0424
0.057300000000000004
0.0826
0.2003
0.3261
0.46919999999999995
0.4697
0.367
0.2836
0.2387
0.0
0.0
0.0
0.0
0.0
0.0
0.0
0.0
0.0
0.0
0.0
0.0
0.0
0.5741
2.3337
0.0
0.2388
0.5889
0.0519
0.0244
0.8104
0.9287000000000001
2.1449
1.334
0.0721
0.0675
0.06659999999999999
0.0695
0.0679
0.05740000000000001
0.049699999999999994
0.0661
0.0712
0.0676
0.0559
0.059899999999999995
0.0552
0.054099999999999995
0.057300000000000004
0.0588
0.054599999999999996
0.0756
0.0728
0.0571
0.0471
0.052199999999999996
0.0761
0.0914
0.21939999999999998
0.2211
0.2197
0.23070000000000002
0.2294
0.3402
0.4047
0.11380000000000001
0.1167
0.10120000000000001
0.0869
0.0721
0.0687
0.0588
0.07289999999999999
0.0805
0.0905
0.10250000000000001
0.1182
0.1729
0.2138
0.20329999999999998
0.2097
0.225
0.016300000000000002
0.0435
0.039900000000000005
0.018099999999999998
0.018000000000000002
0.022500000000000003
0.0528
0.1709
0.12229999999999999
0.1876
0.14900000000000002
0.11580000000000001
0.0654
0.8563000000000001
2.0193
0.0186
0.0
0.0
0.0
0.1369
0.6427
0.258
0.0097
0.025099999999999997
0.053
0.0537
0.0528
0.0555
0.055900000000000005
0.0465
0.0368
0.0507
0.07289999999999999
0.058499999999999996
0.0417
0.0391
0.038000000000000006
0.0313
0.0323
0.0277
0.026500000000000003
0.0274
0.0308
0.038099999999999995
0.0369
0.033
0.0446
0.0566
8.505700000000001
8.125900000000001
7.203799999999999
0.5135000000000001
0.1561
0.0
0.0111
0.0
0.0009
0.028499999999999998
0.0982
0.0769
0.0633
0.0421
0.01
0.0106
0.0036
0.0643
0.0204
0.0
0.0203
0.0
1.8723999999999998
3.9139999999999997
0.019200000000000002
0.0184
0.0021
0.014499999999999999
0.023
0.6235999999999999
0.10919999999999999
0.048100000000000004
0.062
0.0643
0.0653
0.0632
0.0615
0.0686
0.0588
0.0463
0.0358
0.0253
0.022199999999999998
0.0435
0.0376
0.0151
0.0201
0.0191
0.0
0.0
0.0
0.0
0.0
0.0
0.0
0.0
0.0
0.0
0.0
0.0
0.0
0.5741
2.3337
0.0
0.2388
0.5889
0.0519
0.0244
0.8104
0.9287000000000001
2.1449
1.334
0.0721
0.0675
0.06659999999999999
0.0695
0.0679
0.05740000000000001
0.049699999999999994
0.0661
0.0712
0.0676
0.0559
0.059899999999999995
0.0552
0.054099999999999995
0.057300000000000004
0.0588
0.054599999999999996
0.0756
0.0728
0.0571
0.0471
0.052199999999999996
0.0761
0.0914
0.21939999999999998
0.2211
0.2197
0.23070000000000002
0.2294
0.3402
0.4047
0.11380000000000001
0.1167
0.10120000000000001
0.0869
0.0721
0.0687
0.0588
0.07289999999999999
0.0805
0.0905
0.10250000000000001
0.1182
0.1729
0.2138
0.20329999999999998
0.2097
0.225
0.016300000000000002
0.0435
0.039900000000000005
0.018099999999999998
0.018000000000000002
0.022500000000000003
0.0528
0.1709
0.12229999999999999
0.1876
0.14900000000000002
0.11580000000000001
0.0654
0.8563000000000001
2.0193
0.0186
0.0
0.0
0.0
0.1369
0.6427
0.258
0.0097
0.025099999999999997
0.053
0.0537
0.0528
0.0555
0.055900000000000005
0.0465
0.0368
0.0507
0.07289999999999999
0.058499999999999996
0.0417
0.0391
0.038000000000000006
0.0313
0.0323
0.0277
0.026500000000000003
0.0274
0.0308
0.038099999999999995
0.0369
0.033
0.0446
0.0566
8.505700000000001
8.125900000000001
7.203799999999999
0.5135000000000001
0.1561
0.0
0.0111
0.0
0.0009
0.028499999999999998
0.0982
0.0769
0.0633
0.0421
0.01
0.0106
0.0036
0.0643
0.0204
0.0
0.0203
0.0
1.8723999999999998
3.9139999999999997
0.019200000000000002
0.0184
0.0021
0.014499999999999999
0.023
0.6235999999999999
0.10919999999999999
0.048100000000000004
0.062
0.0643
0.0653
0.0632
0.0615
0.0686
0.0588
0.0463
0.0358
0.0253
0.022199999999999998
0.0435
0.0376
0.0151
0.0201
0.0191
0.0
0.0
0.0
0.0
0.0
0.0
0.0
0.0
0.0
0.0
0.0
0.0
0.0
0.5741
2.3337
0.0
0.2388
0.5889
0.0519
0.0244
0.8104
0.9287000000000001
2.1449
1.334
0.0721
0.0675
0.06659999999999999
0.0695
0.0679
0.05740000000000001
0.049699999999999994
0.0661
0.0712
0.0676
0.0559
0.059899999999999995
0.0552
0.054099999999999995
0.057300000000000004
0.0588
0.054599999999999996
0.0756
0.0728
0.0571
0.0471
0.052199999999999996
0.0761
0.0914
0.21939999999999998
0.2211
0.2197
0.23070000000000002
0.2294
0.3402
0.4047
0.11380000000000001
0.1167
0.10120000000000001
0.0869
0.0721
0.0687
0.0588
0.07289999999999999
0.0805
0.0905
0.10250000000000001
0.1182
0.1729
0.2138
0.20329999999999998
0.2097
0.225
0.016300000000000002
0.0435
0.039900000000000005
0.018099999999999998
0.018000000000000002
0.022500000000000003
0.0528
0.1709
0.12229999999999999
0.1876
0.14900000000000002
0.11580000000000001
0.0654
0.8563000000000001
2.0193
0.0186
0.0
0.0
0.0
0.1369
0.6427
0.258
0.0097
0.025099999999999997
0.053
0.0537
0.0528
0.0555
0.055900000000000005
0.0465
0.0368
0.0507
0.07289999999999999
0.058499999999999996
0.0417
0.0391
0.038000000000000006
0.0313
0.0323
0.0277
0.026500000000000003
0.0274
0.0308
0.038099999999999995
0.0369
0.033
0.0446
0.0566
8.505700000000001
8.125900000000001
7.203799999999999
0.5135000000000001
0.1561
0.0
0.0111
0.0
0.0009
0.028499999999999998
0.0982
0.0769
0.0633
0.0421
0.01
0.0106
0.0036
0.0643
0.0204
0.0
0.0203
0.0
1.8723999999999998
3.9139999999999997
0.019200000000000002
0.0184
0.0021
0.014499999999999999
0.023
0.6235999999999999
0.10919999999999999
0.048100000000000004
0.062
0.0643
0.0653
0.0632
0.0615
0.0686
0.0588
0.0463
0.0358
0.0253
0.022199999999999998
0.0435
0.0376
0.0151
0.0201
0.0191
0.0
0.0
0.0
0.0
0.0
0.0
0.0
0.0
0.0
0.0
0.0
0.0
0.0
0.5741
2.3337
0.0
0.2388
0.5889
0.0519
0.0244
0.8104
0.9287000000000001
2.1449
1.334
0.0721
0.0675
0.06659999999999999
0.0695
0.0679
0.05740000000000001
0.049699999999999994
0.0661
0.0712
0.0676
0.0559
0.059899999999999995
0.0552
0.054099999999999995
0.057300000000000004
0.0588
0.054599999999999996
0.0756
0.0728
0.0571
0.0471
0.052199999999999996
0.0761
0.0914
0.21939999999999998
0.2211
0.2197
0.23070000000000002
0.2294
0.3402
0.4047
0.11380000000000001
0.1167
0.10120000000000001
0.0869
0.0721
0.0687
0.0588
0.07289999999999999
0.0805
0.0905
0.10250000000000001
0.1182
0.1729
0.2138
0.20329999999999998
0.2097
0.225
0.016300000000000002
0.0435
0.039900000000000005
0.018099999999999998
0.018000000000000002
0.022500000000000003
0.0528
0.1709
0.12229999999999999
0.1876
0.14900000000000002
0.11580000000000001
0.0654
0.8563000000000001
2.0193
0.0186
0.0
0.0
0.0
0.1369
0.6427
0.258
0.0097
0.025099999999999997
0.053
0.0537
0.0528
0.0555
0.055900000000000005
0.0465
0.0368
0.0507
0.07289999999999999
0.058499999999999996
0.0417
0.0391
0.038000000000000006
0.0313
0.0323
0.0277
0.026500000000000003
0.0274
0.0308
0.038099999999999995
0.0369
0.033
0.0446
0.0566
8.505700000000001
8.125900000000001
7.203799999999999
0.5135000000000001
0.1561
0.0
0.0111
0.0
0.0009
0.028499999999999998
0.0982
0.0769
0.0633
0.0421
0.01
0.0106
0.0036
0.0643
0.0204
0.0
0.0203
0.0
1.8723999999999998
3.9139999999999997
0.019200000000000002
0.0184
0.0021
0.014499999999999999
0.023
0.6235999999999999
0.10919999999999999
0.048100000000000004
0.062
0.0643
0.0653
0.0632
0.0615
0.0686
0.0588
0.0463
0.0358
0.0253
0.022199999999999998
0.0435
0.0376
0.0151
0.0201
0.0191
0.0
0.0
0.0
0.0
0.0
0.0
0.0
0.0
0.0
0.0
0.0
0.0
0.0
0.5741
2.3337
0.0
0.2388
0.5889
0.0519
0.0244
0.8104
0.9287000000000001
2.1449
1.334
0.0721
0.0675
0.06659999999999999
0.0695
0.0679
0.05740000000000001
0.049699999999999994
0.0661
0.0712
0.0676
0.0559
0.059899999999999995
0.0552
0.054099999999999995
0.057300000000000004
0.0588
0.054599999999999996
0.0756
0.0728
0.0571
0.0471
0.052199999999999996
0.0761
0.0914
0.21939999999999998
0.2211
0.2197
0.23070000000000002
0.2294
0.3402
0.4047
0.11380000000000001
0.1167
0.10120000000000001
0.0869
0.0721
0.0687
0.0588
0.07289999999999999
0.0805
0.0905
0.10250000000000001
0.1182
0.1729
0.2138
0.20329999999999998
0.2097
0.225
0.14329999999999998
0.1414
0.1341
0.1291
0.09659999999999999
0.0149
0.0
0.0083
0.004
0.0644
0.0687
0.0422
0.0359
0.0108
0.020900000000000002
0.1054
0.0745
0.2545
0.2374
0.1033
0.1641
0.1358
0.1197
0.11
0.1053
0.10200000000000001
0.10200000000000001
0.1032
0.09570000000000001
0.0721
0.057499999999999996
0.0686
0.0737
0.0755
0.06820000000000001
0.0896
0.0771
0.0684
0.0712
0.06920000000000001
0.0717
0.0723
0.0749
0.08460000000000001
0.0821
0.0854
0.1073
0.1164
1.1577
1.5481
0.09190000000000001
0.0
0.0
0.0314
0.055900000000000005
0.0031
0.001
0.0033
0.0165
0.0509
0.0614
0.0749
0.0088
0.0018
0.0087
0.0178
0.0701
0.0677
0.044399999999999995
0.0596
0.0069
3.827
0.5117
0.36970000000000003
0.1111
0.0541
0.1456
0.1746
0.1651
0.15139999999999998
0.0189
0.0
0.0
1.1129
0.2372
0.0
0.0
0.0
0.0039
0.0371
0.4077
0.0427
0.013399999999999999
0.0563
0.3675
0.6806
0.023
0.024300000000000002
0.0233
0.0258
0.028900000000000002
0.0264
0.0196
0.0201
0.0248
0.035699999999999996
0.0288
0.031
0.0269
0.0269
0.0276
0.0253
0.0267
0.042300000000000004
0.0371
0.0286
0.022400000000000003
0.0088
0.016800000000000002
0.0254
1.6625999999999999
0.0
0.0
0.0
0.1125
0.0
0.009
0.0063
0.0
0.0
0.0
0.0
2.309
5.3208
3.428
0.0546
0.0
2.3559
5.2667
4.407
6.7894
6.8017
1.0288
4.4806
0.0683
0.062299999999999994
0.1412
0.1095
0.111
0.1143
0.1666
0.16970000000000002
0.14889999999999998
0.1086
0.1227
0.1395
0.1427
2.2246
0.37529999999999997
0.15100000000000002
0.091
0.1537
0.4585
0.6292
0.0
0.0
0.0
0.0
0.14329999999999998
0.1414
0.1341
0.1291
0.09659999999999999
0.0149
0.0
0.0083
0.004
0.0644
0.0687
0.0422
0.0359
0.0108
0.020900000000000002
0.1054
0.0745
0.2545
0.2374
0.1033
0.1641
0.1358
0.1197
0.11
0.1053
0.10200000000000001
0.10200000000000001
0.1032
0.09570000000000001
0.0721
0.057499999999999996
0.0686
0.0737
0.0755
0.06820000000000001
0.0896
0.0771
0.0684
0.0712
0.06920000000000001
0.0717
0.0723
0.0749
0.08460000000000001
0.0821
0.0854
0.1073
0.1164
1.1577
1.5481
0.09190000000000001
0.0
0.0
0.0314
0.055900000000000005
0.0031
0.001
0.0033
0.0165
0.0509
0.0614
0.0749
0.0088
0.0018
0.0087
0.0178
0.0701
0.0677
0.044399999999999995
0.0596
0.0069
3.827
0.5117
0.36970000000000003
0.1111
0.0541
0.1456
0.1746
0.1651
0.15139999999999998
0.0189
0.0
0.0
1.1129
0.2372
0.0
0.0
0.0
0.0039
0.0371
0.4077
0.0427
0.013399999999999999
0.0563
0.3675
0.6806
0.023
0.024300000000000002
0.0233
0.0258
0.028900000000000002
0.0264
0.0196
0.0201
0.0248
0.035699999999999996
0.0288
0.031
0.0269
0.0269
0.0276
0.0253
0.0267
0.042300000000000004
0.0371
0.0286
0.022400000000000003
0.0088
0.016800000000000002
0.0254
1.6625999999999999
0.0
0.0
0.0
0.1125
0.0
0.009
0.0063
0.0
0.0
0.0
0.0
2.309
5.3208
3.428
0.0546
0.0
2.3559
5.2667
4.407
6.7894
6.8017
1.0288
4.4806
0.0683
0.062299999999999994
0.1412
0.1095
0.111
0.1143
0.1666
0.16970000000000002
0.14889999999999998
0.1086
0.1227
0.1395
0.1427
2.2246
0.37529999999999997
0.15100000000000002
0.091
0.1537
0.4585
0.6292
0.0
0.0
0.0
0.0
0.14329999999999998
0.1414
0.1341
0.1291
0.09659999999999999
0.0149
0.0
0.0083
0.004
0.0644
0.0687
0.0422
0.0359
0.0108
0.020900000000000002
0.1054
0.0745
0.2545
0.2374
0.1033
0.1641
0.1358
0.1197
0.11
0.1053
0.10200000000000001
0.10200000000000001
0.1032
0.09570000000000001
0.0721
0.057499999999999996
0.0686
0.0737
0.0755
0.06820000000000001
0.0896
0.0771
0.0684
0.0712
0.06920000000000001
0.0717
0.0723
0.0749
0.08460000000000001
0.0821
0.0854
0.1073
0.1164
1.1577
1.5481
0.09190000000000001
0.0
0.0
0.0314
0.055900000000000005
0.0031
0.001
0.0033
0.0165
0.0509
0.0614
0.0749
0.0088
0.0018
0.0087
0.0178
0.0701
0.0677
0.044399999999999995
0.0596
0.0069
3.827
0.5117
0.36970000000000003
0.1111
0.0541
0.1456
0.1746
0.1651
0.15139999999999998
0.0189
0.0
0.0
1.1129
0.2372
0.0
0.0
0.0
0.0039
0.0371
0.4077
0.0427
0.013399999999999999
0.0563
0.3675
0.6806
0.023
0.024300000000000002
0.0233
0.0258
0.028900000000000002
0.0264
0.0196
0.0201
0.0248
0.035699999999999996
0.0288
0.031
0.0269
0.0269
0.0276
0.0253
0.0267
0.042300000000000004
0.0371
0.0286
0.022400000000000003
0.0088
0.016800000000000002
0.0254
1.6625999999999999
0.0
0.0
0.0
0.1125
0.0
0.009
0.0063
0.0
0.0
0.0
0.0
2.309
5.3208
3.428
0.0546
0.0
2.3559
5.2667
4.407
6.7894
6.8017
1.0288
4.4806
0.0683
0.062299999999999994
0.1412
0.1095
0.111
0.1143
0.1666
0.16970000000000002
0.14889999999999998
0.1086
0.1227
0.1395
0.1427
2.2246
0.37529999999999997
0.15100000000000002
0.091
0.1537
0.4585
0.6292
0.0
0.0
0.0
0.0
0.14329999999999998
0.1414
0.1341
0.1291
0.09659999999999999
0.0149
0.0
0.0083
0.004
0.0644
0.0687
0.0422
0.0359
0.0108
0.020900000000000002
0.1054
0.0745
0.2545
0.2374
0.1033
0.1641
0.1358
0.1197
0.11
0.1053
0.10200000000000001
0.10200000000000001
0.1032
0.09570000000000001
0.0721
0.057499999999999996
0.0686
0.0737
0.0755
0.06820000000000001
0.0896
0.0771
0.0684
0.0712
0.06920000000000001
0.0717
0.0723
0.0749
0.08460000000000001
0.0821
0.0854
0.1073
0.1164
1.1577
1.5481
0.09190000000000001
0.0
0.0
0.0314
0.055900000000000005
0.0031
0.001
0.0033
0.0165
0.0509
0.0614
0.0749
0.0088
0.0018
0.0087
0.0178
0.0701
0.0677
0.044399999999999995
0.0596
0.0069
3.827
0.5117
0.36970000000000003
0.1111
0.0541
0.1456
0.1746
0.1651
0.15139999999999998
0.0189
0.0
0.0
1.1129
0.2372
0.0
0.0
0.0
0.0039
0.0371
0.4077
0.0427
0.013399999999999999
0.0563
0.3675
0.6806
0.023
0.024300000000000002
0.0233
0.0258
0.028900000000000002
0.0264
0.0196
0.0201
0.0248
0.035699999999999996
0.0288
0.031
0.0269
0.0269
0.0276
0.0253
0.0267
0.042300000000000004
0.0371
0.0286
0.022400000000000003
0.0088
0.016800000000000002
0.0254
1.6625999999999999
0.0
0.0
0.0
0.1125
0.0
0.009
0.0063
0.0
0.0
0.0
0.0
2.309
5.3208
3.428
0.0546
0.0
2.3559
5.2667
4.407
6.7894
6.8017
1.0288
4.4806
0.0683
0.062299999999999994
0.1412
0.1095
0.111
0.1143
0.1666
0.16970000000000002
0.14889999999999998
0.1086
0.1227
0.1395
0.1427
2.2246
0.37529999999999997
0.15100000000000002
0.091
0.1537
0.4585
0.6292
0.0
0.0
0.0
0.0
0.14329999999999998
0.1414
0.1341
0.1291
0.09659999999999999
0.0149
0.0
0.0083
0.004
0.0644
0.0687
0.0422
0.0359
0.0108
0.020900000000000002
0.1054
0.0745
0.2545
0.2374
0.1033
0.1641
0.1358
0.1197
0.11
0.1053
0.10200000000000001
0.10200000000000001
0.1032
0.09570000000000001
0.0721
0.057499999999999996
0.0686
0.0737
0.0755
0.06820000000000001
0.0896
0.0771
0.0684
0.0712
0.06920000000000001
0.0717
0.0723
0.0749
0.08460000000000001
0.0821
0.0854
0.1073
0.1164
1.1577
1.5481
0.09190000000000001
0.0
0.0
0.0314
0.055900000000000005
0.0031
0.001
0.0033
0.0165
0.0509
0.0614
0.0749
0.0088
0.0018
0.0087
0.0178
0.0701
0.0677
0.044399999999999995
0.0596
0.0069
3.827
0.0763
0.07200000000000001
0.0739
0.0735
0.0633
0.045899999999999996
0.0308
0.0112
0.0
0.0457
0.039599999999999996
0.0254
0.023
0.0252
0.0266
0.0491
0.0687
0.11069999999999999
0.0371
0.0159
0.033299999999999996
0.0288
0.0414
0.0532
7.3149
3.9163
0.0
0.0219
0.0
0.0073
0.0322
0.028200000000000003
0.0316
0.0135
0.0286
0.026000000000000002
0.0235
0.0372
0.0
0.0
0.0
0.0
0.0004
0.032100000000000004
0.0
0.0
0.0
2.1423
0.4054
0.7068000000000001
0.3449
0.5046999999999999
0.3418
1.0169
0.6889
0.2564
0.1824
0.1768
0.1885
0.2002
0.1933
0.20579999999999998
0.26
0.2287
0.0674
0.009
0.0001
0.0576
0.0
0.0
0.0
0.0
0.1022
0.1076
0.1058
0.0998
0.0812
0.033
0.0036
0.05449999999999999
0.008499999999999999
0.0358
0.0349
0.0363
0.0334
0.0216
0.025500000000000002
0.0266
0.019
0.0314
0.08990000000000001
0.0506
0.07239999999999999
0.0638
0.067
0.0748
0.0701
0.062
0.0624
0.0623
0.0645
0.0696
0.07419999999999999
0.0884
0.0712
0.10389999999999999
0.0937
0.1159
0.089
0.0828
0.08349999999999999
0.0764
0.26580000000000004
0.0505
0.033
0.025300000000000003
0.035500000000000004
0.041
0.051199999999999996
0.0663
0.38549999999999995
0.4153
0.3873
0.3528
0.315
0.3974
1.6963
0.5363
0.0
0.0
0.0145
0.0159
0.0246
0.0189
0.2648
0.4478
0.23210000000000003
0.4159
0.831
1.4987
1.3185
0.8367
0.52
0.41300000000000003
0.0503
0.048799999999999996
0.048299999999999996
0.051500000000000004
0.0563
0.0479
0.054900000000000004
0.0652
0.0134
0.0494
0.0319
0.038599999999999995
0.0326
0.0224
0.026099999999999998
0.0156
0.0191
0.0218
0.0587
0.0218
0.0125
0.0028
0.0068
0.011300000000000001
0.0763
0.07200000000000001
0.0739
0.0735
0.0633
0.045899999999999996
0.0308
0.0112
0.0
0.0457
0.039599999999999996
0.0254
0.023
0.0252
0.0266
0.0491
0.0687
0.11069999999999999
0.0371
0.0159
0.033299999999999996
0.0288
0.0414
0.0532
7.3149
3.9163
0.0
0.0219
0.0
0.0073
0.0322
0.028200000000000003
0.0316
0.0135
0.0286
0.026000000000000002
0.0235
0.0372
0.0
0.0
0.0
0.0
0.0004
0.032100000000000004
0.0
0.0
0.0
2.1423
0.4054
0.7068000000000001
0.3449
0.5046999999999999
0.3418
1.0169
0.6889
0.2564
0.1824
0.1768
0.1885
0.2002
0.1933
0.20579999999999998
0.26
0.2287
0.0674
0.009
0.0001
0.0576
0.0
0.0
0.0
0.0
0.1022
0.1076
0.1058
0.0998
0.0812
0.033
0.0036
0.05449999999999999
0.008499999999999999
0.0358
0.0349
0.0363
0.0334
0.0216
0.025500000000000002
0.0266
0.019
0.0314
0.08990000000000001
0.0506
0.07239999999999999
0.0638
0.067
0.0748
0.0701
0.062
0.0624
0.0623
0.0645
0.0696
0.07419999999999999
0.0884
0.0712
0.10389999999999999
0.0937
0.1159
0.089
0.0828
0.08349999999999999
0.0764
0.26580000000000004
0.0505
0.033
0.025300000000000003
0.035500000000000004
0.041
0.051199999999999996
0.0663
0.38549999999999995
0.4153
0.3873
0.3528
0.315
0.3974
1.6963
0.5363
0.0
0.0
0.0145
0.0159
0.0246
0.0189
0.2648
0.4478
0.23210000000000003
0.4159
0.831
1.4987
1.3185
0.8367
0.52
0.41300000000000003
0.0503
0.048799999999999996
0.048299999999999996
0.051500000000000004
0.0563
0.0479
0.054900000000000004
0.0652
0.0134
0.0494
0.0319
0.038599999999999995
0.0326
0.0224
0.026099999999999998
0.0156
0.0191
0.0218
0.0587
0.0218
0.0125
0.0028
0.0068
0.011300000000000001
0.0763
0.07200000000000001
0.0739
0.0735
0.0633
0.045899999999999996
0.0308
0.0112
0.0
0.0457
0.039599999999999996
0.0254
0.023
0.0252
0.0266
0.0491
0.0687
0.11069999999999999
0.0371
0.0159
0.033299999999999996
0.0288
0.0414
0.0532
7.3149
3.9163
0.0
0.0219
0.0
0.0073
0.0322
0.028200000000000003
0.0316
0.0135
0.0286
0.026000000000000002
0.0235
0.0372
0.0
0.0
0.0
0.0
0.0004
0.032100000000000004
0.0
0.0
0.0
2.1423
0.4054
0.7068000000000001
0.3449
0.5046999999999999
0.3418
1.0169
0.6889
0.2564
0.1824
0.1768
0.1885
0.2002
0.1933
0.20579999999999998
0.26
0.2287
0.0674
0.009
0.0001
0.0576
0.0
0.0
0.0
0.0
0.1022
0.1076
0.1058
0.0998
0.0812
0.033
0.0036
0.05449999999999999
0.008499999999999999
0.0358
0.0349
0.0363
0.0334
0.0216
0.025500000000000002
0.0266
0.019
0.0314
0.08990000000000001
0.0506
0.07239999999999999
0.0638
0.067
0.0748
0.0701
0.062
0.0624
0.0623
0.0645
0.0696
0.07419999999999999
0.0884
0.0712
0.10389999999999999
0.0937
0.1159
0.089
0.0828
0.08349999999999999
0.0764
0.26580000000000004
0.0505
0.033
0.025300000000000003
0.035500000000000004
0.041
0.051199999999999996
0.0663
0.38549999999999995
0.4153
0.3873
0.3528
0.315
0.3974
1.6963
0.5363
0.0
0.0
0.0145
0.0159
0.0246
0.0189
0.2648
0.4478
0.23210000000000003
0.4159
0.831
1.4987
1.3185
0.8367
0.52
0.41300000000000003
0.0503
0.048799999999999996
0.048299999999999996
0.051500000000000004
0.0563
0.0479
0.054900000000000004
0.0652
0.0134
0.0494
0.0319
0.038599999999999995
0.0326
0.0224
0.026099999999999998
0.0156
0.0191
0.0218
0.0587
0.0218
0.0125
0.0028
0.0068
0.011300000000000001
0.0763
0.07200000000000001
0.0739
0.0735
0.0633
0.045899999999999996
0.0308
0.0112
0.0
0.0457
0.039599999999999996
0.0254
0.023
0.0252
0.0266
0.0491
0.0687
0.11069999999999999
0.0371
0.0159
0.033299999999999996
0.0288
0.0414
0.0532
7.3149
3.9163
0.0
0.0219
0.0
0.0073
0.0322
0.028200000000000003
0.0316
0.0135
0.0286
0.026000000000000002
0.0235
0.0372
0.0
0.0
0.0
0.0
0.0004
0.032100000000000004
0.0
0.0
0.0
2.1423
0.4054
0.7068000000000001
0.3449
0.5046999999999999
0.3418
1.0169
0.6889
0.2564
0.1824
0.1768
0.1885
0.2002
0.1933
0.20579999999999998
0.26
0.2287
0.0674
0.009
0.0001
0.0576
0.0
0.0
0.0
0.0
0.1022
0.1076
0.1058
0.0998
0.0812
0.033
0.0036
0.05449999999999999
0.008499999999999999
0.0358
0.0349
0.0363
0.0334
0.0216
0.025500000000000002
0.0266
0.019
0.0314
0.08990000000000001
0.0506
0.07239999999999999
0.0638
0.067
0.0748
0.0701
0.062
0.0624
0.0623
0.0645
0.0696
0.07419999999999999
0.0884
0.0712
0.10389999999999999
0.0937
0.1159
0.089
0.0828
0.08349999999999999
0.0764
0.26580000000000004
0.0505
0.033
0.025300000000000003
0.035500000000000004
0.041
0.051199999999999996
0.0663
0.38549999999999995
0.4153
0.3873
0.3528
0.315
0.3974
1.6963
0.5363
0.0
0.0
0.0145
0.0159
0.0246
0.0189
0.2648
0.4478
0.23210000000000003
0.4159
0.831
1.4987
1.3185
0.8367
0.52
0.41300000000000003
0.0503
0.048799999999999996
0.048299999999999996
0.051500000000000004
0.0563
0.0479
0.054900000000000004
0.0652
0.0134
0.0494
0.0319
0.038599999999999995
0.0326
0.0224
0.026099999999999998
0.0156
0.0191
0.0218
0.0587
0.0218
0.0125
0.0028
0.0068
0.011300000000000001
0.0763
0.07200000000000001
0.0739
0.0735
0.0633
0.045899999999999996
0.0308
0.0112
0.0
0.0457
0.039599999999999996
0.0254
0.023
0.0252
0.0266
0.0491
0.0687
0.11069999999999999
0.0371
0.0159
0.033299999999999996
0.0288
0.0414
0.0532
7.3149
3.9163
0.0
0.0219
0.0
0.0073
0.0322
0.028200000000000003
0.0316
0.0135
0.0286
0.026000000000000002
0.0235
0.0372
0.0
0.0
0.0
0.0
0.0004
0.032100000000000004
0.0
0.0
0.0
2.1423
0.2272
0.2834
0.6535
3.3838999999999997
0.2132
0.11829999999999999
0.0915
0.1376
0.1613
0.1745
0.16570000000000001
0.1679
0.1879
0.2414
1.8795
0.7462
0.23170000000000002
0.2712
0.4394
1.183
0.548
0.2241
0.1531
0.19090000000000001
2.242
4.6454
4.8352
5.2424
2.1681
0.0
0.0
0.0
0.0015
0.0
0.007
0.011600000000000001
0.0385
0.097
0.3775
0.4984
0.3133
0.39749999999999996
0.497
0.41390000000000005
0.33499999999999996
0.3349
0.34750000000000003
0.3278
1.0106
1.226
0.3867
0.3245
0.26180000000000003
0.1901
0.184
0.1671
0.194
0.1891
0.1926
0.2082
0.2469
0.2942
0.3965
0.5843
0.45720000000000005
1.7513
2.3091999999999997
1.5315
0.4892
0.5326
0.5052000000000001
0.4492
0.1328
0.139
0.1395
0.1393
0.1388
0.13269999999999998
0.1549
0.3574
0.11019999999999999
0.0513
0.023
0.0171
0.023
0.0242
0.0319
0.0447
0.045
0.057
0.123
0.1602
0.1414
0.1078
0.0987
0.11510000000000001
1.8784999999999998
0.8087
3.7018
1.9037
0.11449999999999999
0.058499999999999996
0.06559999999999999
0.0844
0.1177
0.1174
0.0701
0.07869999999999999
0.059300000000000005
0.0552
0.0289
0.059800000000000006
0.038900000000000004
0.0561
0.0736
0.0753
0.10369999999999999
0.1111
0.1378
0.18780000000000002
2.5433
3.2148
3.5623
4.5623000000000005
1.1219000000000001
0.1105
0.09970000000000001
0.1144
0.1416
0.1492
0.151
0.1702
0.0403
1.5969000000000002
0.0634
0.13319999999999999
0.10389999999999999
0.0942
0.9316000000000001
0.7849999999999999
0.7009000000000001
0.8404
0.39359999999999995
0.1689
0.4375
0.4517
0.436
0.3749
0.3462
0.7132000000000001
0.6931999999999999
0.1373
1.8877
0.0523
0.0353
0.023
0.0463
0.249
1.7462
0.0846
0.2185
1.6245
0.1773
0.2667
0.1572
0.0
0.0
0.0
0.2272
0.2834
0.6535
3.3838999999999997
0.2132
0.11829999999999999
0.0915
0.1376
0.1613
0.1745
0.16570000000000001
0.1679
0.1879
0.2414
1.8795
0.7462
0.23170000000000002
0.2712
0.4394
1.183
0.548
0.2241
0.1531
0.19090000000000001
2.242
4.6454
4.8352
5.2424
2.1681
0.0
0.0
0.0
0.0015
0.0
0.007
0.011600000000000001
0.0385
0.097
0.3775
0.4984
0.3133
0.39749999999999996
0.497
0.41390000000000005
0.33499999999999996
0.3349
0.34750000000000003
0.3278
1.0106
1.226
0.3867
0.3245
0.26180000000000003
0.1901
0.184
0.1671
0.194
0.1891
0.1926
0.2082
0.2469
0.2942
0.3965
0.5843
0.45720000000000005
1.7513
2.3091999999999997
1.5315
0.4892
0.5326
0.5052000000000001
0.4492
0.1328
0.139
0.1395
0.1393
0.1388
0.13269999999999998
0.1549
0.3574
0.11019999999999999
0.0513
0.023
0.0171
0.023
0.0242
0.0319
0.0447
0.045
0.057
0.123
0.1602
0.1414
0.1078
0.0987
0.11510000000000001
1.8784999999999998
0.8087
3.7018
1.9037
0.11449999999999999
0.058499999999999996
0.06559999999999999
0.0844
0.1177
0.1174
0.0701
0.07869999999999999
0.059300000000000005
0.0552
0.0289
0.059800000000000006
0.038900000000000004
0.0561
0.0736
0.0753
0.10369999999999999
0.1111
0.1378
0.18780000000000002
2.5433
3.2148
3.5623
4.5623000000000005
1.1219000000000001
0.1105
0.09970000000000001
0.1144
0.1416
0.1492
0.151
0.1702
0.0403
1.5969000000000002
0.0634
0.13319999999999999
0.10389999999999999
0.0942
0.9316000000000001
0.7849999999999999
0.7009000000000001
0.8404
0.39359999999999995
0.1689
0.4375
0.4517
0.436
0.3749
0.3462
0.7132000000000001
0.6931999999999999
0.1373
1.8877
0.0523
0.0353
0.023
0.0463
0.249
1.7462
0.0846
0.2185
1.6245
0.1773
0.2667
0.1572
0.0
0.0
0.0
0.2272
0.2834
0.6535
3.3838999999999997
0.2132
0.11829999999999999
0.0915
0.1376
0.1613
0.1745
0.16570000000000001
0.1679
0.1879
0.2414
1.8795
0.7462
0.23170000000000002
0.2712
0.4394
1.183
0.548
0.2241
0.1531
0.19090000000000001
2.242
4.6454
4.8352
5.2424
2.1681
0.0
0.0
0.0
0.0015
0.0
0.007
0.011600000000000001
0.0385
0.097
0.3775
0.4984
0.3133
0.39749999999999996
0.497
0.41390000000000005
0.33499999999999996
0.3349
0.34750000000000003
0.3278
1.0106
1.226
0.3867
0.3245
0.26180000000000003
0.1901
0.184
0.1671
0.194
0.1891
0.1926
0.2082
0.2469
0.2942
0.3965
0.5843
0.45720000000000005
1.7513
2.3091999999999997
1.5315
0.4892
0.5326
0.5052000000000001
0.4492
0.1328
0.139
0.1395
0.1393
0.1388
0.13269999999999998
0.1549
0.3574
0.11019999999999999
0.0513
0.023
0.0171
0.023
0.0242
0.0319
0.0447
0.045
0.057
0.123
0.1602
0.1414
0.1078
0.0987
0.11510000000000001
1.8784999999999998
0.8087
3.7018
1.9037
0.11449999999999999
0.058499999999999996
0.06559999999999999
0.0844
0.1177
0.1174
0.0701
0.07869999999999999
0.059300000000000005
0.0552
0.0289
0.059800000000000006
0.038900000000000004
0.0561
0.0736
0.0753
0.10369999999999999
0.1111
0.1378
0.18780000000000002
2.5433
3.2148
3.5623
4.5623000000000005
1.1219000000000001
0.1105
0.09970000000000001
0.1144
0.1416
0.1492
0.151
0.1702
0.0403
1.5969000000000002
0.0634
0.13319999999999999
0.10389999999999999
0.0942
0.9316000000000001
0.7849999999999999
0.7009000000000001
0.8404
0.39359999999999995
0.1689
0.4375
0.4517
0.436
0.3749
0.3462
0.7132000000000001
0.6931999999999999
0.1373
1.8877
0.0523
0.0353
0.023
0.0463
0.249
1.7462
0.0846
0.2185
1.6245
0.1773
0.2667
0.1572
0.0
0.0
0.0
0.2272
0.2834
0.6535
3.3838999999999997
0.2132
0.11829999999999999
0.0915
0.1376
0.1613
0.1745
0.16570000000000001
0.1679
0.1879
0.2414
1.8795
0.7462
0.23170000000000002
0.2712
0.4394
1.183
0.548
0.2241
0.1531
0.19090000000000001
2.242
4.6454
4.8352
5.2424
2.1681
0.0
0.0
0.0
0.0015
0.0
0.007
0.011600000000000001
0.0385
0.097
0.3775
0.4984
0.3133
0.39749999999999996
0.497
0.41390000000000005
0.33499999999999996
0.3349
0.34750000000000003
0.3278
1.0106
1.226
0.3867
0.3245
0.26180000000000003
0.1901
0.184
0.1671
0.194
0.1891
0.1926
0.2082
0.2469
0.2942
0.3965
0.5843
0.45720000000000005
1.7513
2.3091999999999997
1.5315
0.4892
0.5326
0.5052000000000001
0.4492
0.1328
0.139
0.1395
0.1393
0.1388
0.13269999999999998
0.1549
0.3574
0.11019999999999999
0.0513
0.023
0.0171
0.023
0.0242
0.0319
0.0447
0.045
0.057
0.123
0.1602
0.1414
0.1078
0.0987
0.11510000000000001
1.8784999999999998
0.8087
3.7018
1.9037
0.11449999999999999
0.058499999999999996
0.06559999999999999
0.0844
0.1177
0.1174
0.0701
0.07869999999999999
0.059300000000000005
0.0552
0.0289
0.059800000000000006
0.038900000000000004
0.0561
0.0736
0.0753
0.10369999999999999
0.1111
0.1378
0.18780000000000002
2.5433
3.2148
3.5623
4.5623000000000005
1.1219000000000001
0.1105
0.09970000000000001
0.1144
0.1416
0.1492
0.151
0.1702
0.0403
1.5969000000000002
0.0634
0.13319999999999999
0.10389999999999999
0.0942
0.9316000000000001
0.7849999999999999
0.7009000000000001
0.8404
0.39359999999999995
0.1689
0.4375
0.4517
0.436
0.3749
0.3462
0.7132000000000001
0.6931999999999999
0.1373
1.8877
0.0523
0.0353
0.023
0.0463
0.249
1.7462
0.0846
0.2185
1.6245
0.1773
0.2667
0.1572
0.0
0.0
0.0
0.2272
0.2834
0.6535
3.3838999999999997
0.2132
0.11829999999999999
0.0915
0.1376
0.1613
0.1745
0.16570000000000001
0.1679
0.1879
0.2414
1.8795
0.7462
0.23170000000000002
0.2712
0.4394
1.183
0.548
0.2241
0.1531
0.19090000000000001
2.242
4.6454
4.8352
5.2424
2.1681
0.0
0.0
0.0
0.0015
0.0
0.007
0.011600000000000001
0.0385
0.097
0.3775
0.4984
0.3133
0.39749999999999996
0.497
0.41390000000000005
0.33499999999999996
0.3349
0.34750000000000003
0.3278
1.0106
1.226
0.3867
0.3245
0.26180000000000003
0.1901
0.184
0.1671
0.194
0.1891
0.1926
0.2082
0.2469
0.2942
0.3965
0.5843
0.45720000000000005
1.7513
2.3091999999999997
1.5315
0.4892
0.5326
0.5052000000000001
0.4492
5.0499
7.107799999999999
6.9847
5.7781
0.5093000000000001
0.20700000000000002
0.0701
0.0376
0.039
0.055400000000000005
0.0614
0.0507
0.0595
0.0754
0.047
0.0372
0.0359
0.0154
0.019799999999999998
0.0474
0.0095
0.10830000000000001
0.15250000000000002
0.0947
0.6392
1.5314999999999999
1.5280999999999998
1.6355
0.4928
0.1547
0.13090000000000002
0.0986
0.0751
0.0653
0.0466
0.046
0.041499999999999995
0.0484
0.058899999999999994
0.0635
0.041499999999999995
0.0334
0.0218
0.0407
0.9579
1.8569
2.0451
2.992
1.4783
7.3201
6.9209
4.201499999999999
1.2174
0.7370000000000001
0.8774
0.8355
0.6017
0.49970000000000003
0.4611
0.44830000000000003
0.46940000000000004
0.44720000000000004
0.4583
0.5427
1.5732000000000002
1.5785
1.1186
1.0282
0.8187
0.6617
0.49260000000000004
0.3996
0.3398
2.3522
2.9934
0.5127999999999999
0.23049999999999998
0.20829999999999999
0.1926
0.15589999999999998
0.1392
0.1361
0.1346
0.137
0.15439999999999998
0.18469999999999998
0.2252
0.3147
0.2874
0.5116
0.4295
0.3117
0.2888
0.29710000000000003
0.3708
0.41259999999999997
0.9881
2.1557
2.4539999999999997
3.1608
0.4913
0.31989999999999996
0.9709999999999999
0.7573
0.3097
0.253
0.2296
0.2235
0.2395
0.2504
0.2616
0.28700000000000003
0.36150000000000004
0.9155
0.7569
0.6789000000000001
0.9386
0.9702
0.5183
0.3412
0.9123
1.7646
1.9045
0.37489999999999996
0.06420000000000001
0.0807
0.0726
0.10750000000000001
0.123
0.0965
0.0926
0.0899
0.0816
0.0687
0.062
0.1027
0.6667
1.4754999999999998
1.6084
1.54
1.6134
1.7265000000000001
2.0503
2.1390000000000002
1.8188
4.9044
4.7503
0.9091
0.2943
0.1409
0.0523
0.0674
0.0246
1.5061
0.1077
0.1376
0.1005
0.0689
0.0858
0.051500000000000004
0.0253
0.0
0.0
0.010499999999999999
0.0448
0.0668
0.1273
0.19019999999999998
5.0499
7.107799999999999
6.9847
5.7781
0.5093000000000001
0.20700000000000002
0.0701
0.0376
0.039
0.055400000000000005
0.0614
0.0507
0.0595
0.0754
0.047
0.0372
0.0359
0.0154
0.019799999999999998
0.0474
0.0095
0.10830000000000001
0.15250000000000002
0.0947
0.6392
1.5314999999999999
1.5280999999999998
1.6355
0.4928
0.1547
0.13090000000000002
0.0986
0.0751
0.0653
0.0466
0.046
0.041499999999999995
0.0484
0.058899999999999994
0.0635
0.041499999999999995
0.0334
0.0218
0.0407
0.9579
1.8569
2.0451
2.992
1.4783
7.3201
6.9209
4.201499999999999
1.2174
0.7370000000000001
0.8774
0.8355
0.6017
0.49970000000000003
0.4611
0.44830000000000003
0.46940000000000004
0.44720000000000004
0.4583
0.5427
1.5732000000000002
1.5785
1.1186
1.0282
0.8187
0.6617
0.49260000000000004
0.3996
0.3398
2.3522
2.9934
0.5127999999999999
0.23049999999999998
0.20829999999999999
0.1926
0.15589999999999998
0.1392
0.1361
0.1346
0.137
0.15439999999999998
0.18469999999999998
0.2252
0.3147
0.2874
0.5116
0.4295
0.3117
0.2888
0.29710000000000003
0.3708
0.41259999999999997
0.9881
2.1557
2.4539999999999997
3.1608
0.4913
0.31989999999999996
0.9709999999999999
0.7573
0.3097
0.253
0.2296
0.2235
0.2395
0.2504
0.2616
0.28700000000000003
0.36150000000000004
0.9155
0.7569
0.6789000000000001
0.9386
0.9702
0.5183
0.3412
0.9123
1.7646
1.9045
0.37489999999999996
0.06420000000000001
0.0807
0.0726
0.10750000000000001
0.123
0.0965
0.0926
0.0899
0.0816
0.0687
0.062
0.1027
0.6667
1.4754999999999998
1.6084
1.54
1.6134
1.7265000000000001
2.0503
2.1390000000000002
1.8188
4.9044
4.7503
0.9091
0.2943
0.1409
0.0523
0.0674
0.0246
1.5061
0.1077
0.1376
0.1005
0.0689
0.0858
0.051500000000000004
0.0253
0.0
0.0
0.010499999999999999
0.0448
0.0668
0.1273
0.19019999999999998
5.0499
7.107799999999999
6.9847
5.7781
0.5093000000000001
0.20700000000000002
0.0701
0.0376
0.039
0.055400000000000005
0.0614
0.0507
0.0595
0.0754
0.047
0.0372
0.0359
0.0154
0.019799999999999998
0.0474
0.0095
0.10830000000000001
0.15250000000000002
0.0947
0.6392
1.5314999999999999
1.5280999999999998
1.6355
0.4928
0.1547
0.13090000000000002
0.0986
0.0751
0.0653
0.0466
0.046
0.041499999999999995
0.0484
0.058899999999999994
0.0635
0.041499999999999995
0.0334
0.0218
0.0407
0.9579
1.8569
2.0451
2.992
1.4783
7.3201
6.9209
4.201499999999999
1.2174
0.7370000000000001
0.8774
0.8355
0.6017
0.49970000000000003
0.4611
0.44830000000000003
0.46940000000000004
0.44720000000000004
0.4583
0.5427
1.5732000000000002
1.5785
1.1186
1.0282
0.8187
0.6617
0.49260000000000004
0.3996
0.3398
2.3522
2.9934
0.5127999999999999
0.23049999999999998
0.20829999999999999
0.1926
0.15589999999999998
0.1392
0.1361
0.1346
0.137
0.15439999999999998
0.18469999999999998
0.2252
0.3147
0.2874
0.5116
0.4295
0.3117
0.2888
0.29710000000000003
0.3708
0.41259999999999997
0.9881
2.1557
2.4539999999999997
3.1608
0.4913
0.31989999999999996
0.9709999999999999
0.7573
0.3097
0.253
0.2296
0.2235
0.2395
0.2504
0.2616
0.28700000000000003
0.36150000000000004
0.9155
0.7569
0.6789000000000001
0.9386
0.9702
0.5183
0.3412
0.9123
1.7646
1.9045
0.37489999999999996
0.06420000000000001
0.0807
0.0726
0.10750000000000001
0.123
0.0965
0.0926
0.0899
0.0816
0.0687
0.062
0.1027
0.6667
1.4754999999999998
1.6084
1.54
1.6134
1.7265000000000001
2.0503
2.1390000000000002
1.8188
4.9044
4.7503
0.9091
0.2943
0.1409
0.0523
0.0674
0.0246
1.5061
0.1077
0.1376
0.1005
0.0689
0.0858
0.051500000000000004
0.0253
0.0
0.0
0.010499999999999999
0.0448
0.0668
0.1273
0.19019999999999998
5.0499
7.107799999999999
6.9847
5.7781
0.5093000000000001
0.20700000000000002
0.0701
0.0376
0.039
0.055400000000000005
0.0614
0.0507
0.0595
0.0754
0.047
0.0372
0.0359
0.0154
0.019799999999999998
0.0474
0.0095
0.10830000000000001
0.15250000000000002
0.0947
0.6392
1.5314999999999999
1.5280999999999998
1.6355
0.4928
0.1547
0.13090000000000002
0.0986
0.0751
0.0653
0.0466
0.046
0.041499999999999995
0.0484
0.058899999999999994
0.0635
0.041499999999999995
0.0334
0.0218
0.0407
0.9579
1.8569
2.0451
2.992
1.4783
7.3201
6.9209
4.201499999999999
1.2174
0.7370000000000001
0.8774
0.8355
0.6017
0.49970000000000003
0.4611
0.44830000000000003
0.46940000000000004
0.44720000000000004
0.4583
0.5427
1.5732000000000002
1.5785
1.1186
1.0282
0.8187
0.6617
0.49260000000000004
0.3996
0.3398
2.3522
2.9934
0.5127999999999999
0.23049999999999998
0.20829999999999999
0.1926
0.15589999999999998
0.1392
0.1361
0.1346
0.137
0.15439999999999998
0.18469999999999998
0.2252
0.3147
0.2874
0.5116
0.4295
0.3117
0.2888
0.29710000000000003
0.3708
0.41259999999999997
0.9881
2.1557
2.4539999999999997
3.1608
0.4913
0.31989999999999996
0.9709999999999999
0.7573
0.3097
0.253
0.2296
0.2235
0.2395
0.2504
0.2616
0.28700000000000003
0.36150000000000004
0.9155
0.7569
0.6789000000000001
0.9386
0.9702
0.5183
0.3412
0.9123
1.7646
1.9045
0.37489999999999996
0.06420000000000001
0.0807
0.0726
0.10750000000000001
0.123
0.0965
0.0926
0.0899
0.0816
0.0687
0.062
0.1027
0.6667
1.4754999999999998
1.6084
1.54
1.6134
1.7265000000000001
2.0503
2.1390000000000002
1.8188
4.9044
4.7503
0.9091
0.2943
0.1409
0.0523
0.0674
0.0246
1.5061
0.1077
0.1376
0.1005
0.0689
0.0858
0.051500000000000004
0.0253
0.0
0.0
0.010499999999999999
0.0448
0.0668
0.1273
0.19019999999999998
5.0499
7.107799999999999
6.9847
5.7781
0.5093000000000001
0.20700000000000002
0.0701
0.0376
0.039
0.055400000000000005
0.0614
0.0507
0.0595
0.0754
0.047
0.0372
0.0359
0.0154
0.019799999999999998
0.0474
0.0095
0.10830000000000001
0.15250000000000002
0.0947
0.6392
1.5314999999999999
1.5280999999999998
1.6355
0.4928
0.1547
0.13090000000000002
0.0986
0.0751
0.0653
0.0466
0.046
0.041499999999999995
0.0484
0.058899999999999994
0.0635
0.041499999999999995
0.0334
0.0218
0.0407
0.9579
1.8569
2.0451
2.992
0.0491
0.0472
0.0479
0.0499
0.0505
0.0421
0.0369
0.0334
0.0189
0.041800000000000004
0.036699999999999997
0.045
0.0378
0.037099999999999994
0.0398
0.0347
0.028900000000000002
0.0358
0.045200000000000004
0.0639
0.0581
0.0462
0.0533
0.0568
0.2215
0.1467
0.4041
2.4904
0.0384
0.0184
1.3416000000000001
0.0058
0.0552
0.0665
0.0428
0.0624
0.0612
0.037000000000000005
0.0508
0.1591
0.0384
0.0209
0.06620000000000001
0.2231
0.4849
0.10800000000000001
0.1402
0.138
0.3457
0.3712
0.3868
0.38780000000000003
0.3628
0.3901
0.6686
1.5499
2.0945
0.9425
1.3074
1.5357
0.9035
0.6664
0.49139999999999995
0.37570000000000003
0.2274
0.9954000000000001
0.321
0.397
0.1853
0.030500000000000003
0.022699999999999998
0.0118
3.0827999999999998
2.8234
2.7495000000000003
1.8498
0.1628
0.3103
0.6121
0.048799999999999996
0.0709
0.0847
0.0865
0.0765
0.09670000000000001
0.06609999999999999
0.081
0.7306
0.29359999999999997
0.34950000000000003
0.4877
1.0007000000000001
1.4482
0.23410000000000003
0.1281
0.9134
7.3792
6.8517
2.2482
0.42379999999999995
0.0268
0.023600000000000003
0.012400000000000001
0.004
0.0009
0.0006
0.032799999999999996
0.0124
0.0639
0.1805
0.1911
0.3211
0.0401
0.0375
0.0097
0.032799999999999996
0.0754
0.1765
0.33199999999999996
0.3769
0.9898
7.0812
6.3964
3.9720000000000004
0.4991
0.0189
0.0242
0.08499999999999999
0.0883
0.060899999999999996
0.0672
0.0587
0.067
0.045200000000000004
0.060399999999999995
0.1524
0.767
0.7559
0.8587
0.8826
0.8931
0.9771
1.3064
1.3742
0.4845
4.0189
4.2808
0.5593
0.2872
0.2248
0.2341
0.2927
0.35250000000000004
0.5195
0.8771
0.8764000000000001
0.2406
0.21800000000000003
0.2399
0.3019
0.3161
0.3901
0.7375
0.33740000000000003
0.30779999999999996
0.3016
0.5124
0.619
0.0491
0.0472
0.0479
0.0499
0.0505
0.0421
0.0369
0.0334
0.0189
0.041800000000000004
0.036699999999999997
0.045
0.0378
0.037099999999999994
0.0398
0.0347
0.028900000000000002
0.0358
0.045200000000000004
0.0639
0.0581
0.0462
0.0533
0.0568
0.2215
0.1467
0.4041
2.4904
0.0384
0.0184
1.3416000000000001
0.0058
0.0552
0.0665
0.0428
0.0624
0.0612
0.037000000000000005
0.0508
0.1591
0.0384
0.0209
0.06620000000000001
0.2231
0.4849
0.10800000000000001
0.1402
0.138
0.3457
0.3712
0.3868
0.38780000000000003
0.3628
0.3901
0.6686
1.5499
2.0945
0.9425
1.3074
1.5357
0.9035
0.6664
0.49139999999999995
0.37570000000000003
0.2274
0.9954000000000001
0.321
0.397
0.1853
0.030500000000000003
0.022699999999999998
0.0118
3.0827999999999998
2.8234
2.7495000000000003
1.8498
0.1628
0.3103
0.6121
0.048799999999999996
0.0709
0.0847
0.0865
0.0765
0.09670000000000001
0.06609999999999999
0.081
0.7306
0.29359999999999997
0.34950000000000003
0.4877
1.0007000000000001
1.4482
0.23410000000000003
0.1281
0.9134
7.3792
6.8517
2.2482
0.42379999999999995
0.0268
0.023600000000000003
0.012400000000000001
0.004
0.0009
0.0006
0.032799999999999996
0.0124
0.0639
0.1805
0.1911
0.3211
0.0401
0.0375
0.0097
0.032799999999999996
0.0754
0.1765
0.33199999999999996
0.3769
0.9898
7.0812
6.3964
3.9720000000000004
0.4991
0.0189
0.0242
0.08499999999999999
0.0883
0.060899999999999996
0.0672
0.0587
0.067
0.045200000000000004
0.060399999999999995
0.1524
0.767
0.7559
0.8587
0.8826
0.8931
0.9771
1.3064
1.3742
0.4845
4.0189
4.2808
0.5593
0.2872
0.2248
0.2341
0.2927
0.35250000000000004
0.5195
0.8771
0.8764000000000001
0.2406
0.21800000000000003
0.2399
0.3019
0.3161
0.3901
0.7375
0.33740000000000003
0.30779999999999996
0.3016
0.5124
0.619
0.0491
0.0472
0.0479
0.0499
0.0505
0.0421
0.0369
0.0334
0.0189
0.041800000000000004
0.036699999999999997
0.045
0.0378
0.037099999999999994
0.0398
0.0347
0.028900000000000002
0.0358
0.045200000000000004
0.0639
0.0581
0.0462
0.0533
0.0568
0.2215
0.1467
0.4041
2.4904
0.0384
0.0184
1.3416000000000001
0.0058
0.0552
0.0665
0.0428
0.0624
0.0612
0.037000000000000005
0.0508
0.1591
0.0384
0.0209
0.06620000000000001
0.2231
0.4849
0.10800000000000001
0.1402
0.138
0.3457
0.3712
0.3868
0.38780000000000003
0.3628
0.3901
0.6686
1.5499
2.0945
0.9425
1.3074
1.5357
0.9035
0.6664
0.49139999999999995
0.37570000000000003
0.2274
0.9954000000000001
0.321
0.397
0.1853
0.030500000000000003
0.022699999999999998
0.0118
3.0827999999999998
2.8234
2.7495000000000003
1.8498
0.1628
0.3103
0.6121
0.048799999999999996
0.0709
0.0847
0.0865
0.0765
0.09670000000000001
0.06609999999999999
0.081
0.7306
0.29359999999999997
0.34950000000000003
0.4877
1.0007000000000001
1.4482
0.23410000000000003
0.1281
0.9134
7.3792
6.8517
2.2482
0.42379999999999995
0.0268
0.023600000000000003
0.012400000000000001
0.004
0.0009
0.0006
0.032799999999999996
0.0124
0.0639
0.1805
0.1911
0.3211
0.0401
0.0375
0.0097
0.032799999999999996
0.0754
0.1765
0.33199999999999996
0.3769
0.9898
7.0812
6.3964
3.9720000000000004
0.4991
0.0189
0.0242
0.08499999999999999
0.0883
0.060899999999999996
0.0672
0.0587
0.067
0.045200000000000004
0.060399999999999995
0.1524
0.767
0.7559
0.8587
0.8826
0.8931
0.9771
1.3064
1.3742
0.4845
4.0189
4.2808
0.5593
0.2872
0.2248
0.2341
0.2927
0.35250000000000004
0.5195
0.8771
0.8764000000000001
0.2406
0.21800000000000003
0.2399
0.3019
0.3161
0.3901
0.7375
0.33740000000000003
0.30779999999999996
0.3016
0.5124
0.619
0.0491
0.0472
0.0479
0.0499
0.0505
0.0421
0.0369
0.0334
0.0189
0.041800000000000004
0.036699999999999997
0.045
0.0378
0.037099999999999994
0.0398
0.0347
0.028900000000000002
0.0358
0.045200000000000004
0.0639
0.0581
0.0462
0.0533
0.0568
0.2215
0.1467
0.4041
2.4904
0.0384
0.0184
1.3416000000000001
0.0058
0.0552
0.0665
0.0428
0.0624
0.0612
0.037000000000000005
0.0508
0.1591
0.0384
0.0209
0.06620000000000001
0.2231
0.4849
0.10800000000000001
0.1402
0.138
0.3457
0.3712
0.3868
0.38780000000000003
0.3628
0.3901
0.6686
1.5499
2.0945
0.9425
1.3074
1.5357
0.9035
0.6664
0.49139999999999995
0.37570000000000003
0.2274
0.9954000000000001
0.321
0.397
0.1853
0.030500000000000003
0.022699999999999998
0.0118
3.0827999999999998
2.8234
2.7495000000000003
1.8498
0.1628
0.3103
0.6121
0.048799999999999996
0.0709
0.0847
0.0865
0.0765
0.09670000000000001
0.06609999999999999
0.081
0.7306
0.29359999999999997
0.34950000000000003
0.4877
1.0007000000000001
1.4482
0.23410000000000003
0.1281
0.9134
7.3792
6.8517
2.2482
0.42379999999999995
0.0268
0.023600000000000003
0.012400000000000001
0.004
0.0009
0.0006
0.032799999999999996
0.0124
0.0639
0.1805
0.1911
0.3211
0.0401
0.0375
0.0097
0.032799999999999996
0.0754
0.1765
0.33199999999999996
0.3769
0.9898
7.0812
6.3964
3.9720000000000004
0.4991
0.0189
0.0242
0.08499999999999999
0.0883
0.060899999999999996
0.0672
0.0587
0.067
0.045200000000000004
0.060399999999999995
0.1524
0.767
0.7559
0.8587
0.8826
0.8931
0.9771
1.3064
1.3742
0.4845
4.0189
4.2808
0.5593
0.2872
0.2248
0.2341
0.2927
0.35250000000000004
0.5195
0.8771
0.8764000000000001
0.2406
0.21800000000000003
0.2399
0.3019
0.3161
0.3901
0.7375
0.33740000000000003
0.30779999999999996
0.3016
0.5124
0.619
0.0491
0.0472
0.0479
0.0499
0.0505
0.0421
0.0369
0.0334
0.0189
0.041800000000000004
0.036699999999999997
0.045
0.0378
0.037099999999999994
0.0398
0.0347
0.028900000000000002
0.0358
0.045200000000000004
0.0639
0.0581
0.0462
0.0533
0.0568
0.2215
0.1467
0.4041
2.4904
0.0384
0.0184
1.3416000000000001
0.0058
0.0552
0.0665
0.0428
0.0624
0.0612
0.037000000000000005
0.0508
0.1591
0.0384
0.0209
0.06620000000000001
0.2231
0.4849
0.10800000000000001
0.1402
0.138
0.3457
0.3712
0.3868
0.38780000000000003
0.3628
0.3901
0.6686
1.5499
2.0945
0.9425
1.3074
1.5357
0.9035
0.6664
0.49139999999999995
0.37570000000000003
0.2274
0.9954000000000001
0.321
0.397
0.1853
0.030500000000000003
0.022699999999999998
0.0118
