6.8544
6.7054
6.5555
6.408799999999999
1.3713000000000002
0.20629999999999998
0.2004
0.2288
0.5063
0.6166
0.6931
0.3497
0.2283
0.187
0.18580000000000002
0.24480000000000002
0.3326
0.6981
1.2367
1.3389
0.8804000000000001
0.6819
0.5712999999999999
1.4457
0.26649999999999996
5.5594
3.1247000000000003
0.07970000000000001
0.044700000000000004
0.0178
0.027
0.0558
0.0196
0.0193
0.019
0.0124
0.0059
0.10400000000000001
0.33089999999999997
0.1917
0.7977
0.08950000000000001
0.0479
0.0309
0.0274
0.037
0.0435
0.045700000000000005
0.1552
0.1464
0.1484
0.1479
0.1381
0.101
0.0431
0.3051
0.0
0.0196
0.016300000000000002
0.020999999999999998
0.0285
0.0183
0.0274
0.0316
0.0296
0.1991
0.3241
0.1358
0.1531
0.1689
0.19290000000000002
0.1844
0.23470000000000002
0.2338
0.2278
0.22510000000000002
0.197
0.0998
0.07150000000000001
0.10700000000000001
0.1844
0.0827
0.0476
0.0288
0.0262
0.0258
0.0308
0.0337
0.0424
0.0674
0.18730000000000002
0.3201
0.2195
0.2003
0.2281
0.2379
0.1447
0.1376
0.13340000000000002
0.1402
0.1462
0.1673
0.21989999999999998
0.5446
0.4084
0.1587
0.0632
0.057300000000000004
0.0613
0.06520000000000001
0.08030000000000001
0.10969999999999999
0.2853
0.2452
0.1635
0.1295
0.1338
0.15139999999999998
0.15489999999999998
0.1599
0.0797
0.09079999999999999
0.0955
0.09620000000000001
0.0992
0.11019999999999999
0.13140000000000002
0.344
0.0061
0.0484
0.043899999999999995
0.0373
0.045899999999999996
0.042499999999999996
0.0486
0.041999999999999996
0.21239999999999998
0.09
0.039900000000000005
0.0085
0.0169
0.0065
0.0082
0.0274
1.4439
1.3828
0.4475
0.4306
0.4001
0.44399999999999995
0.4122
0.2127
0.1412
0.1085
0.12179999999999999
0.109
0.1182
0.143
0.2948
0.37160000000000004
0.31620000000000004
0.6247
2.0624000000000002
1.4417
1.8923
2.2725
2.137
1.8667
6.8544
6.7054
6.5555
6.408799999999999
1.3713000000000002
0.20629999999999998
0.2004
0.2288
0.5063
0.6166
0.6931
0.3497
0.2283
0.187
0.18580000000000002
0.24480000000000002
0.3326
0.6981
1.2367
1.3389
0.8804000000000001
0.6819
0.5712999999999999
1.4457
0.26649999999999996
5.5594
3.1247000000000003
0.07970000000000001
0.044700000000000004
0.0178
0.027
0.0558
0.0196
0.0193
0.019
0.0124
0.0059
0.10400000000000001
0.33089999999999997
0.1917
0.7977
0.08950000000000001
0.0479
0.0309
0.0274
0.037
0.0435
0.045700000000000005
0.1552
0.1464
0.1484
0.1479
0.1381
0.101
0.0431
0.3051
0.0
0.0196
0.016300000000000002
0.020999999999999998
0.0285
0.0183
0.0274
0.0316
0.0296
0.1991
0.3241
0.1358
0.1531
0.1689
0.19290000000000002
0.1844
0.23470000000000002
0.2338
0.2278
0.22510000000000002
0.197
0.0998
0.07150000000000001
0.10700000000000001
0.1844
0.0827
0.0476
0.0288
0.0262
0.0258
0.0308
0.0337
0.0424
0.0674
0.18730000000000002
0.3201
0.2195
0.2003
0.2281
0.2379
0.1447
0.1376
0.13340000000000002
0.1402
0.1462
0.1673
0.21989999999999998
0.5446
0.4084
0.1587
0.0632
0.057300000000000004
0.0613
0.06520000000000001
0.08030000000000001
0.10969999999999999
0.2853
0.2452
0.1635
0.1295
0.1338
0.15139999999999998
0.15489999999999998
0.1599
0.0797
0.09079999999999999
0.0955
0.09620000000000001
0.0992
0.11019999999999999
0.13140000000000002
0.344
0.0061
0.0484
0.043899999999999995
0.0373
0.045899999999999996
0.042499999999999996
0.0486
0.041999999999999996
0.21239999999999998
0.09
0.039900000000000005
0.0085
0.0169
0.0065
0.0082
0.0274
1.4439
1.3828
0.4475
0.4306
0.4001
0.44399999999999995
0.4122
0.2127
0.1412
0.1085
0.12179999999999999
0.109
0.1182
0.143
0.2948
0.37160000000000004
0.31620000000000004
0.6247
2.0624000000000002
1.4417
1.8923
2.2725
2.137
1.8667
6.8544
6.7054
6.5555
6.408799999999999
1.3713000000000002
0.20629999999999998
0.2004
0.2288
0.5063
0.6166
0.6931
0.3497
0.2283
0.187
0.18580000000000002
0.24480000000000002
0.3326
0.6981
1.2367
1.3389
0.8804000000000001
0.6819
0.5712999999999999
1.4457
0.26649999999999996
5.5594
3.1247000000000003
0.07970000000000001
0.044700000000000004
0.0178
0.027
0.0558
0.0196
0.0193
0.019
0.0124
0.0059
0.10400000000000001
0.33089999999999997
0.1917
0.7977
0.08950000000000001
0.0479
0.0309
0.0274
0.037
0.0435
0.045700000000000005
0.1552
0.1464
0.1484
0.1479
0.1381
0.101
0.0431
0.3051
0.0
0.0196
0.016300000000000002
0.020999999999999998
0.0285
0.0183
0.0274
0.0316
0.0296
0.1991
0.3241
0.1358
0.1531
0.1689
0.19290000000000002
0.1844
0.23470000000000002
0.2338
0.2278
0.22510000000000002
0.197
0.0998
0.07150000000000001
0.10700000000000001
0.1844
0.0827
0.0476
0.0288
0.0262
0.0258
0.0308
0.0337
0.0424
0.0674
0.18730000000000002
0.3201
0.2195
0.2003
0.2281
0.2379
0.1447
0.1376
0.13340000000000002
0.1402
0.1462
0.1673
0.21989999999999998
0.5446
0.4084
0.1587
0.0632
0.057300000000000004
0.0613
0.06520000000000001
0.08030000000000001
0.10969999999999999
0.2853
0.2452
0.1635
0.1295
0.1338
0.15139999999999998
0.15489999999999998
0.1599
0.0797
0.09079999999999999
0.0955
0.09620000000000001
0.0992
0.11019999999999999
0.13140000000000002
0.344
0.0061
0.0484
0.043899999999999995
0.0373
0.045899999999999996
0.042499999999999996
0.0486
0.041999999999999996
0.21239999999999998
0.09
0.039900000000000005
0.0085
0.0169
0.0065
0.0082
0.0274
1.4439
1.3828
0.4475
0.4306
0.4001
0.44399999999999995
0.4122
0.2127
0.1412
0.1085
0.12179999999999999
0.109
0.1182
0.143
0.2948
0.37160000000000004
0.31620000000000004
0.6247
2.0624000000000002
1.4417
1.8923
2.2725
2.137
1.8667
6.8544
6.7054
6.5555
6.408799999999999
1.3713000000000002
0.20629999999999998
0.2004
0.2288
0.5063
0.6166
0.6931
0.3497
0.2283
0.187
0.18580000000000002
0.24480000000000002
0.3326
0.6981
1.2367
1.3389
0.8804000000000001
0.6819
0.5712999999999999
1.4457
0.26649999999999996
5.5594
3.1247000000000003
0.07970000000000001
0.044700000000000004
0.0178
0.027
0.0558
0.0196
0.0193
0.019
0.0124
0.0059
0.10400000000000001
0.33089999999999997
0.1917
0.7977
0.08950000000000001
0.0479
0.0309
0.0274
0.037
0.0435
0.045700000000000005
0.1552
0.1464
0.1484
0.1479
0.1381
0.101
0.0431
0.3051
0.0
0.0196
0.016300000000000002
0.020999999999999998
0.0285
0.0183
0.0274
0.0316
0.0296
0.1991
0.3241
0.1358
0.1531
0.1689
0.19290000000000002
0.1844
0.23470000000000002
0.2338
0.2278
0.22510000000000002
0.197
0.0998
0.07150000000000001
0.10700000000000001
0.1844
0.0827
0.0476
0.0288
0.0262
0.0258
0.0308
0.0337
0.0424
0.0674
0.18730000000000002
0.3201
0.2195
0.2003
0.2281
0.2379
0.1447
0.1376
0.13340000000000002
0.1402
0.1462
0.1673
0.21989999999999998
0.5446
0.4084
0.1587
0.0632
0.057300000000000004
0.0613
0.06520000000000001
0.08030000000000001
0.10969999999999999
0.2853
0.2452
0.1635
0.1295
0.1338
0.15139999999999998
0.15489999999999998
0.1599
0.0797
0.09079999999999999
0.0955
0.09620000000000001
0.0992
0.11019999999999999
0.13140000000000002
0.344
0.0061
0.0484
0.043899999999999995
0.0373
0.045899999999999996
0.042499999999999996
0.0486
0.041999999999999996
0.21239999999999998
0.09
0.039900000000000005
0.0085
0.0169
0.0065
0.0082
0.0274
1.4439
1.3828
0.4475
0.4306
0.4001
0.44399999999999995
0.4122
0.2127
0.1412
0.1085
0.12179999999999999
0.109
0.1182
0.143
0.2948
0.37160000000000004
0.31620000000000004
0.6247
2.0624000000000002
1.4417
1.8923
2.2725
2.137
1.8667
6.8544
6.7054
6.5555
6.408799999999999
1.3713000000000002
0.20629999999999998
0.2004
0.2288
0.5063
0.6166
0.6931
0.3497
0.2283
0.187
0.18580000000000002
0.24480000000000002
0.3326
0.6981
1.2367
1.3389
0.8804000000000001
0.6819
0.5712999999999999
1.4457
0.26649999999999996
5.5594
3.1247000000000003
0.07970000000000001
0.044700000000000004
0.0178
0.027
0.0558
0.0196
0.0193
0.019
0.0124
0.0059
0.10400000000000001
0.33089999999999997
0.1917
0.7977
0.08950000000000001
0.0479
0.0309
0.0274
0.037
0.0435
0.045700000000000005
0.1552
0.1464
0.1484
0.1479
0.1381
0.101
0.0431
0.3051
0.0
0.0196
0.016300000000000002
0.020999999999999998
0.0285
0.0183
0.0274
0.0316
0.0296
0.1991
0.3241
0.1358
0.1531
0.1689
0.19290000000000002
0.1844
4.3879
5.0503
3.7348000000000003
0.5282
0.32630000000000003
0.0062
0.0
0.0
0.0
0.0081
0.006699999999999999
0.0032
0.0
0.0
0.0002
0.1303
0.6827
0.0698
0.0167
0.0092
0.0187
0.0342
0.0074
0.0042
0.4165
0.5146999999999999
0.5061
0.5415
0.4514
0.3265
0.5179
0.49350000000000005
0.3402
0.385
0.4103
0.4084
0.4143
0.4868
0.7108000000000001
0.6158
0.5502
1.7004
0.9458
1.1556000000000002
1.4985
0.6234
0.2285
0.2042
1.9246
4.5822
4.1636
0.1526
0.16949999999999998
0.05739999999999999
0.0603
0.048
0.0217
0.30920000000000003
0.0232
0.0945
0.0077
0.023100000000000002
0.0382
0.0004
0.0
0.0
0.0011
0.0503
0.0552
0.045700000000000005
0.0586
0.0348
0.5484
2.0379
2.4161
2.6971
1.6428
0.54
0.11410000000000001
0.0365
0.0412
1.1098
0.0332
0.039
0.0287
0.0558
0.0411
0.039900000000000005
0.048600000000000004
0.0197
0.0319
0.06659999999999999
0.076
0.0743
0.1201
0.1529
1.4129
1.5284
1.6374
1.7106
1.6396000000000002
1.2553
1.2513
1.1246
0.7001999999999999
0.5323
0.45520000000000005
0.4057
0.3702
0.3569
0.3656
0.4455
0.6569
0.3997
0.3832
0.2766
2.8395
3.5540000000000003
3.6129
3.8409
0.0
0.0
0.0
0.0
0.0022
0.0151
0.0271
0.0542
0.0155
0.0689
0.0668
0.06359999999999999
0.0519
0.0432
0.042300000000000004
0.0394
0.08679999999999999
0.0958
0.067
0.0073
0.012400000000000001
0.0
0.0
0.0014
0.14650000000000002
3.9427000000000003
5.9037
0.25839999999999996
0.0554
0.0
1.233
0.0224
0.11460000000000001
0.182
0.20550000000000002
0.21139999999999998
0.2032
0.1743
0.15439999999999998
0.12460000000000002
0.1167
0.12340000000000001
0.1075
0.042499999999999996
0.1532
0.0706
0.0766
0.12190000000000001
4.3879
5.0503
3.7348000000000003
0.5282
0.32630000000000003
0.0062
0.0
0.0
0.0
0.0081
0.006699999999999999
0.0032
0.0
0.0
0.0002
0.1303
0.6827
0.0698
0.0167
0.0092
0.0187
0.0342
0.0074
0.0042
0.4165
0.5146999999999999
0.5061
0.5415
0.4514
0.3265
0.5179
0.49350000000000005
0.3402
0.385
0.4103
0.4084
0.4143
0.4868
0.7108000000000001
0.6158
0.5502
1.7004
0.9458
1.1556000000000002
1.4985
0.6234
0.2285
0.2042
1.9246
4.5822
4.1636
0.1526
0.16949999999999998
0.05739999999999999
0.0603
0.048
0.0217
0.30920000000000003
0.0232
0.0945
0.0077
0.023100000000000002
0.0382
0.0004
0.0
0.0
0.0011
0.0503
0.0552
0.045700000000000005
0.0586
0.0348
0.5484
2.0379
2.4161
2.6971
1.6428
0.54
0.11410000000000001
0.0365
0.0412
1.1098
0.0332
0.039
0.0287
0.0558
0.0411
0.039900000000000005
0.048600000000000004
0.0197
0.0319
0.06659999999999999
0.076
0.0743
0.1201
0.1529
1.4129
1.5284
1.6374
1.7106
1.6396000000000002
1.2553
1.2513
1.1246
0.7001999999999999
0.5323
0.45520000000000005
0.4057
0.3702
0.3569
0.3656
0.4455
0.6569
0.3997
0.3832
0.2766
2.8395
3.5540000000000003
3.6129
3.8409
0.0
0.0
0.0
0.0
0.0022
0.0151
0.0271
0.0542
0.0155
0.0689
0.0668
0.06359999999999999
0.0519
0.0432
0.042300000000000004
0.0394
0.08679999999999999
0.0958
0.067
0.0073
0.012400000000000001
0.0
0.0
0.0014
0.14650000000000002
3.9427000000000003
5.9037
0.25839999999999996
0.0554
0.0
1.233
0.0224
0.11460000000000001
0.182
0.20550000000000002
0.21139999999999998
0.2032
0.1743
0.15439999999999998
0.12460000000000002
0.1167
0.12340000000000001
0.1075
0.042499999999999996
0.1532
0.0706
0.0766
0.12190000000000001
4.3879
5.0503
3.7348000000000003
0.5282
0.32630000000000003
0.0062
0.0
0.0
0.0
0.0081
0.006699999999999999
0.0032
0.0
0.0
0.0002
0.1303
0.6827
0.0698
0.0167
0.0092
0.0187
0.0342
0.0074
0.0042
0.4165
0.5146999999999999
0.5061
0.5415
0.4514
0.3265
0.5179
0.49350000000000005
0.3402
0.385
0.4103
0.4084
0.4143
0.4868
0.7108000000000001
0.6158
0.5502
1.7004
0.9458
1.1556000000000002
1.4985
0.6234
0.2285
0.2042
1.9246
4.5822
4.1636
0.1526
0.16949999999999998
0.05739999999999999
0.0603
0.048
0.0217
0.30920000000000003
0.0232
0.0945
0.0077
0.023100000000000002
0.0382
0.0004
0.0
0.0
0.0011
0.0503
0.0552
0.045700000000000005
0.0586
0.0348
0.5484
2.0379
2.4161
2.6971
1.6428
0.54
0.11410000000000001
0.0365
0.0412
1.1098
0.0332
0.039
0.0287
0.0558
0.0411
0.039900000000000005
0.048600000000000004
0.0197
0.0319
0.06659999999999999
0.076
0.0743
0.1201
0.1529
1.4129
1.5284
1.6374
1.7106
1.6396000000000002
1.2553
1.2513
1.1246
0.7001999999999999
0.5323
0.45520000000000005
0.4057
0.3702
0.3569
0.3656
0.4455
0.6569
0.3997
0.3832
0.2766
2.8395
3.5540000000000003
3.6129
3.8409
0.0
0.0
0.0
0.0
0.0022
0.0151
0.0271
0.0542
0.0155
0.0689
0.0668
0.06359999999999999
0.0519
0.0432
0.042300000000000004
0.0394
0.08679999999999999
0.0958
0.067
0.0073
0.012400000000000001
0.0
0.0
0.0014
0.14650000000000002
3.9427000000000003
5.9037
0.25839999999999996
0.0554
0.0
1.233
0.0224
0.11460000000000001
0.182
0.20550000000000002
0.21139999999999998
0.2032
0.1743
0.15439999999999998
0.12460000000000002
0.1167
0.12340000000000001
0.1075
0.042499999999999996
0.1532
0.0706
0.0766
0.12190000000000001
4.3879
5.0503
3.7348000000000003
0.5282
0.32630000000000003
0.0062
0.0
0.0
0.0
0.0081
0.006699999999999999
0.0032
0.0
0.0
0.0002
0.1303
0.6827
0.0698
0.0167
0.0092
0.0187
0.0342
0.0074
0.0042
0.4165
0.5146999999999999
0.5061
0.5415
0.4514
0.3265
0.5179
0.49350000000000005
0.3402
0.385
0.4103
0.4084
0.4143
0.4868
0.7108000000000001
0.6158
0.5502
1.7004
0.9458
1.1556000000000002
1.4985
0.6234
0.2285
0.2042
1.9246
4.5822
4.1636
0.1526
0.16949999999999998
0.05739999999999999
0.0603
0.048
0.0217
0.30920000000000003
0.0232
0.0945
0.0077
0.023100000000000002
0.0382
0.0004
0.0
0.0
0.0011
0.0503
0.0552
0.045700000000000005
0.0586
0.0348
0.5484
2.0379
2.4161
2.6971
1.6428
0.54
0.11410000000000001
0.0365
0.0412
1.1098
0.0332
0.039
0.0287
0.0558
0.0411
0.039900000000000005
0.048600000000000004
0.0197
0.0319
0.06659999999999999
0.076
0.0743
0.1201
0.1529
1.4129
1.5284
1.6374
1.7106
1.6396000000000002
1.2553
1.2513
1.1246
0.7001999999999999
0.5323
0.45520000000000005
0.4057
0.3702
0.3569
0.3656
0.4455
0.6569
0.3997
0.3832
0.2766
2.8395
3.5540000000000003
3.6129
3.8409
0.0
0.0
0.0
0.0
0.0022
0.0151
0.0271
0.0542
0.0155
0.0689
0.0668
0.06359999999999999
0.0519
0.0432
0.042300000000000004
0.0394
0.08679999999999999
0.0958
0.067
0.0073
0.012400000000000001
0.0
0.0
0.0014
0.14650000000000002
3.9427000000000003
5.9037
0.25839999999999996
0.0554
0.0
1.233
0.0224
0.11460000000000001
0.182
0.20550000000000002
0.21139999999999998
0.2032
0.1743
0.15439999999999998
0.12460000000000002
0.1167
0.12340000000000001
0.1075
0.042499999999999996
0.1532
0.0706
0.0766
0.12190000000000001
0.0579
0.0503
0.05
0.0499
0.045399999999999996
0.040900000000000006
0.0354
0.0995
0.0159
0.0555
0.0529
0.0561
0.05
0.0359
0.039599999999999996
0.0431
0.0385
0.0746
0.09390000000000001
0.0261
0.057800000000000004
0.0605
0.07949999999999999
0.0766
2.1882
1.7449
0.2417
0.2896
0.1385
0.0289
0.0345
0.028499999999999998
0.0
0.008
0.026000000000000002
0.0053
0.0042
0.030899999999999997
0.0571
0.0226
0.009099999999999999
0.0002
0.0
0.0007
0.0
0.0416
0.07819999999999999
0.1099
0.1274
0.1257
0.12090000000000001
0.12329999999999999
0.12309999999999999
0.1195
0.1113
0.405
0.1948
0.0795
0.0637
0.058800000000000005
0.0558
0.0519
0.0632
0.064
0.0624
0.07880000000000001
0.2611
0.3095
0.2655
0.23859999999999998
0.19640000000000002
0.1625
0.097
0.0997
0.097
0.1014
0.0964
0.08990000000000001
0.0629
0.494
0.0102
0.0361
0.0417
0.037599999999999995
0.0323
0.030899999999999997
0.034699999999999995
0.0335
0.033299999999999996
0.0735
0.121
0.132
0.1296
0.1094
0.09709999999999999
0.0987
3.9766
3.5868
2.275
0.3669
0.1431
0.1276
0.1144
0.1446
0.1694
0.2079
0.3305
0.37639999999999996
0.10930000000000001
0.078
0.0749
0.0991
0.1265
0.2151
0.5557
0.372
0.35960000000000003
0.3902
0.443
2.679
0.072
0.0954
0.0887
0.08979999999999999
0.11629999999999999
0.12390000000000001
0.736
1.2318
0.4706
0.6972
2.01
0.3758
0.4214
0.9811
0.9869
1.3459
0.071
0.0206
0.0493
0.1137
0.0162
0.0
0.0244
0.0571
0.0476
0.0453
0.0451
0.047700000000000006
0.0518
0.0548
0.0542
0.0554
0.060399999999999995
0.0414
0.029699999999999997
0.025599999999999998
0.0264
0.0245
0.0287
0.0336
0.036
0.0604
0.0443
0.0454
0.0423
0.042499999999999996
0.0529
0.061200000000000004
0.0579
0.0503
0.05
0.0499
0.045399999999999996
0.040900000000000006
0.0354
0.0995
0.0159
0.0555
0.0529
0.0561
0.05
0.0359
0.039599999999999996
0.0431
0.0385
0.0746
0.09390000000000001
0.0261
0.057800000000000004
0.0605
0.07949999999999999
0.0766
2.1882
1.7449
0.2417
0.2896
0.1385
0.0289
0.0345
0.028499999999999998
0.0
0.008
0.026000000000000002
0.0053
0.0042
0.030899999999999997
0.0571
0.0226
0.009099999999999999
0.0002
0.0
0.0007
0.0
0.0416
0.07819999999999999
0.1099
0.1274
0.1257
0.12090000000000001
0.12329999999999999
0.12309999999999999
0.1195
0.1113
0.405
0.1948
0.0795
0.0637
0.058800000000000005
0.0558
0.0519
0.0632
0.064
0.0624
0.07880000000000001
0.2611
0.3095
0.2655
0.23859999999999998
0.19640000000000002
0.1625
0.097
0.0997
0.097
0.1014
0.0964
0.08990000000000001
0.0629
0.494
0.0102
0.0361
0.0417
0.037599999999999995
0.0323
0.030899999999999997
0.034699999999999995
0.0335
0.033299999999999996
0.0735
0.121
0.132
0.1296
0.1094
0.09709999999999999
0.0987
3.9766
3.5868
2.275
0.3669
0.1431
0.1276
0.1144
0.1446
0.1694
0.2079
0.3305
0.37639999999999996
0.10930000000000001
0.078
0.0749
0.0991
0.1265
0.2151
0.5557
0.372
0.35960000000000003
0.3902
0.443
2.679
0.072
0.0954
0.0887
0.08979999999999999
0.11629999999999999
0.12390000000000001
0.736
1.2318
0.4706
0.6972
2.01
0.3758
0.4214
0.9811
0.9869
1.3459
0.071
0.0206
0.0493
0.1137
0.0162
0.0
0.0244
0.0571
0.0476
0.0453
0.0451
0.047700000000000006
0.0518
0.0548
0.0542
0.0554
0.060399999999999995
0.0414
0.029699999999999997
0.025599999999999998
0.0264
0.0245
0.0287
0.0336
0.036
0.0604
0.0443
0.0454
0.0423
0.042499999999999996
0.0529
0.061200000000000004
0.0579
0.0503
0.05
0.0499
0.045399999999999996
0.040900000000000006
0.0354
0.0995
0.0159
0.0555
0.0529
0.0561
0.05
0.0359
0.039599999999999996
0.0431
0.0385
0.0746
0.09390000000000001
0.0261
0.057800000000000004
0.0605
0.07949999999999999
0.0766
2.1882
1.7449
0.2417
0.2896
0.1385
0.0289
0.0345
0.028499999999999998
0.0
0.008
0.026000000000000002
0.0053
0.0042
0.030899999999999997
0.0571
0.0226
0.009099999999999999
0.0002
0.0
0.0007
0.0
0.0416
0.07819999999999999
0.1099
0.1274
0.1257
0.12090000000000001
0.12329999999999999
0.12309999999999999
0.1195
0.1113
0.405
0.1948
0.0795
0.0637
0.058800000000000005
0.0558
0.0519
0.0632
0.064
0.0624
0.07880000000000001
0.2611
0.3095
0.2655
0.23859999999999998
0.19640000000000002
0.1625
0.097
0.0997
0.097
0.1014
0.0964
0.08990000000000001
0.0629
0.494
0.0102
0.0361
0.0417
0.037599999999999995
0.0323
0.030899999999999997
0.034699999999999995
0.0335
0.033299999999999996
0.0735
0.121
0.132
0.1296
0.1094
0.09709999999999999
0.0987
3.9766
3.5868
2.275
0.3669
0.1431
0.1276
0.1144
0.1446
0.1694
0.2079
0.3305
0.37639999999999996
0.10930000000000001
0.078
0.0749
0.0991
0.1265
0.2151
0.5557
0.372
0.35960000000000003
0.3902
0.443
2.679
0.072
0.0954
0.0887
0.08979999999999999
0.11629999999999999
0.12390000000000001
0.736
1.2318
0.4706
0.6972
2.01
0.3758
0.4214
0.9811
0.9869
1.3459
0.071
0.0206
0.0493
0.1137
0.0162
0.0
0.0244
0.0571
0.0476
0.0453
0.0451
0.047700000000000006
0.0518
0.0548
0.0542
0.0554
0.060399999999999995
0.0414
0.029699999999999997
0.025599999999999998
0.0264
0.0245
0.0287
0.0336
0.036
0.0604
0.0443
0.0454
0.0423
0.042499999999999996
0.0529
0.061200000000000004
0.0579
0.0503
0.05
0.0499
0.045399999999999996
0.040900000000000006
0.0354
0.0995
0.0159
0.0555
0.0529
0.0561
0.05
0.0359
0.039599999999999996
0.0431
0.0385
0.0746
0.09390000000000001
0.0261
0.057800000000000004
0.0605
0.07949999999999999
0.0766
2.1882
1.7449
0.2417
0.2896
0.1385
0.0289
0.0345
0.028499999999999998
0.0
0.008
0.026000000000000002
0.0053
0.0042
0.030899999999999997
0.0571
0.0226
0.009099999999999999
0.0002
0.0
0.0007
0.0
0.0416
0.07819999999999999
0.1099
0.1274
0.1257
0.12090000000000001
0.12329999999999999
0.12309999999999999
0.1195
0.1113
0.405
0.1948
0.0795
0.0637
0.058800000000000005
0.0558
0.0519
0.0632
0.064
0.0624
0.07880000000000001
0.2611
0.3095
0.2655
0.23859999999999998
0.19640000000000002
0.1625
0.097
0.0997
0.097
0.1014
0.0964
0.08990000000000001
0.0629
0.494
0.0102
0.0361
0.0417
0.037599999999999995
0.0323
0.030899999999999997
0.034699999999999995
0.0335
0.033299999999999996
0.0735
0.121
0.132
0.1296
0.1094
0.09709999999999999
0.0987
3.9766
3.5868
2.275
0.3669
0.1431
0.1276
0.1144
0.1446
0.1694
0.2079
0.3305
0.37639999999999996
0.10930000000000001
0.078
0.0749
0.0991
0.1265
0.2151
0.5557
0.372
0.35960000000000003
0.3902
0.443
2.679
0.072
0.0954
0.0887
0.08979999999999999
0.11629999999999999
0.12390000000000001
0.736
1.2318
0.4706
0.6972
2.01
0.3758
0.4214
0.9811
0.9869
1.3459
0.071
0.0206
0.0493
0.1137
0.0162
0.0
0.0244
0.0571
0.0476
0.0453
0.0451
0.047700000000000006
0.0518
0.0548
0.0542
0.0554
0.060399999999999995
0.0414
0.029699999999999997
0.025599999999999998
0.0264
0.0245
0.0287
0.0336
0.036
0.0604
0.0443
0.0454
0.0423
0.042499999999999996
0.0529
0.061200000000000004
0.0579
0.0503
0.05
0.0499
0.045399999999999996
0.040900000000000006
0.0354
0.0995
0.0159
0.0555
0.0529
0.0561
0.05
0.0359
0.039599999999999996
0.0431
0.0385
0.0746
0.09390000000000001
0.0261
0.057800000000000004
0.0605
0.07949999999999999
0.0766
2.1882
1.7449
0.2417
0.2896
0.1385
0.0289
0.0345
0.028499999999999998
0.0
0.008
0.026000000000000002
0.0053
0.0042
0.030899999999999997
0.0571
0.0226
0.009099999999999999
0.0002
0.0
0.0007
0.0
0.0416
0.07819999999999999
0.1099
0.1274
0.1257
0.12090000000000001
0.12329999999999999
0.12309999999999999
0.1195
0.1113
0.405
0.1948
0.0795
0.0637
0.058800000000000005
0.0558
0.0519
0.0632
0.064
0.0624
0.07880000000000001
0.2611
0.3095
0.2655
0.23859999999999998
0.19640000000000002
0.1625
1.5144
1.4174
1.4999
1.6429
1.5944
1.0321
1.6155
0.9428000000000001
0.4769
0.4153
0.4275
0.4363
0.4581
0.4501
0.4722
0.519
0.5776
1.0984
1.3774
1.7025000000000001
1.6995
0.6143000000000001
0.2793
0.2733
2.7803
1.9966
1.7252999999999998
0.8493999999999999
0.1415
0.0466
0.0448
0.0906
0.1058
0.0801
0.1291
0.1264
0.075
0.0397
0.0243
0.2824
0.0987
0.0504
0.0269
0.0347
0.08499999999999999
0.2081
1.6391
2.1586
3.7350000000000003
2.3897999999999997
0.6277
0.0
0.0
0.0167
0.0319
0.008
0.014100000000000001
0.0208
0.0442
0.0267
0.0482
0.026799999999999997
0.0709
0.017
0.2349
0.018699999999999998
0.0446
0.0081
0.0
0.0154
0.0023
0.7433
4.4906
4.4726
4.2170000000000005
4.147600000000001
1.7597
0.10819999999999999
0.06789999999999999
0.07600000000000001
0.0873
0.07150000000000001
0.0775
0.0819
0.0842
0.0755
0.088
0.1026
0.2913
0.5846
0.7708
0.7074
0.5661
0.5661
0.8741
1.9554
0.2188
0.1982
0.19319999999999998
0.16649999999999998
0.1875
0.21450000000000002
0.3256
0.363
0.4024
0.3523
0.3227
0.3431
0.32389999999999997
0.3305
2.9353000000000002
0.8056000000000001
0.6792
1.5438
2.0109000000000004
1.5116
2.3285
1.559
0.3594
0.24269999999999997
0.28259999999999996
0.24159999999999998
0.24609999999999999
1.4246
2.0454999999999997
0.638
0.22010000000000002
0.2147
0.2502
0.3264
0.4997
0.5664
0.2583
0.16449999999999998
0.1644
0.1733
0.1991
0.1966
1.4598
0.538
0.7524
1.5053999999999998
1.3414000000000001
0.6682999999999999
2.8657
1.4746000000000001
0.9898
0.3528
0.0373
0.0513
0.0548
0.020200000000000003
0.0295
0.031
0.052199999999999996
0.06269999999999999
0.0643
0.0647
0.1019
0.191
0.5041
1.2284
1.4527999999999999
0.5936
0.33209999999999995
0.3033
0.23020000000000002
3.5212
1.5144
1.4174
1.4999
1.6429
1.5944
1.0321
1.6155
0.9428000000000001
0.4769
0.4153
0.4275
0.4363
0.4581
0.4501
0.4722
0.519
0.5776
1.0984
1.3774
1.7025000000000001
1.6995
0.6143000000000001
0.2793
0.2733
2.7803
1.9966
1.7252999999999998
0.8493999999999999
0.1415
0.0466
0.0448
0.0906
0.1058
0.0801
0.1291
0.1264
0.075
0.0397
0.0243
0.2824
0.0987
0.0504
0.0269
0.0347
0.08499999999999999
0.2081
1.6391
2.1586
3.7350000000000003
2.3897999999999997
0.6277
0.0
0.0
0.0167
0.0319
0.008
0.014100000000000001
0.0208
0.0442
0.0267
0.0482
0.026799999999999997
0.0709
0.017
0.2349
0.018699999999999998
0.0446
0.0081
0.0
0.0154
0.0023
0.7433
4.4906
4.4726
4.2170000000000005
4.147600000000001
1.7597
0.10819999999999999
0.06789999999999999
0.07600000000000001
0.0873
0.07150000000000001
0.0775
0.0819
0.0842
0.0755
0.088
0.1026
0.2913
0.5846
0.7708
0.7074
0.5661
0.5661
0.8741
1.9554
0.2188
0.1982
0.19319999999999998
0.16649999999999998
0.1875
0.21450000000000002
0.3256
0.363
0.4024
0.3523
0.3227
0.3431
0.32389999999999997
0.3305
2.9353000000000002
0.8056000000000001
0.6792
1.5438
2.0109000000000004
1.5116
2.3285
1.559
0.3594
0.24269999999999997
0.28259999999999996
0.24159999999999998
0.24609999999999999
1.4246
2.0454999999999997
0.638
0.22010000000000002
0.2147
0.2502
0.3264
0.4997
0.5664
0.2583
0.16449999999999998
0.1644
0.1733
0.1991
0.1966
1.4598
0.538
0.7524
1.5053999999999998
1.3414000000000001
0.6682999999999999
2.8657
1.4746000000000001
0.9898
0.3528
0.0373
0.0513
0.0548
0.020200000000000003
0.0295
0.031
0.052199999999999996
0.06269999999999999
0.0643
0.0647
0.1019
0.191
0.5041
1.2284
1.4527999999999999
0.5936
0.33209999999999995
0.3033
0.23020000000000002
3.5212
1.5144
1.4174
1.4999
1.6429
1.5944
1.0321
1.6155
0.9428000000000001
0.4769
0.4153
0.4275
0.4363
0.4581
0.4501
0.4722
0.519
0.5776
1.0984
1.3774
1.7025000000000001
1.6995
0.6143000000000001
0.2793
0.2733
2.7803
1.9966
1.7252999999999998
0.8493999999999999
0.1415
0.0466
0.0448
0.0906
0.1058
0.0801
0.1291
0.1264
0.075
0.0397
0.0243
0.2824
0.0987
0.0504
0.0269
0.0347
0.08499999999999999
0.2081
1.6391
2.1586
3.7350000000000003
2.3897999999999997
0.6277
0.0
0.0
0.0167
0.0319
0.008
0.014100000000000001
0.0208
0.0442
0.0267
0.0482
0.026799999999999997
0.0709
0.017
0.2349
0.018699999999999998
0.0446
0.0081
0.0
0.0154
0.0023
0.7433
4.4906
4.4726
4.2170000000000005
4.147600000000001
1.7597
0.10819999999999999
0.06789999999999999
0.07600000000000001
0.0873
0.07150000000000001
0.0775
0.0819
0.0842
0.0755
0.088
0.1026
0.2913
0.5846
0.7708
0.7074
0.5661
0.5661
0.8741
1.9554
0.2188
0.1982
0.19319999999999998
0.16649999999999998
0.1875
0.21450000000000002
0.3256
0.363
0.4024
0.3523
0.3227
0.3431
0.32389999999999997
0.3305
2.9353000000000002
0.8056000000000001
0.6792
1.5438
2.0109000000000004
1.5116
2.3285
1.559
0.3594
0.24269999999999997
0.28259999999999996
0.24159999999999998
0.24609999999999999
1.4246
2.0454999999999997
0.638
0.22010000000000002
0.2147
0.2502
0.3264
0.4997
0.5664
0.2583
0.16449999999999998
0.1644
0.1733
0.1991
0.1966
1.4598
0.538
0.7524
1.5053999999999998
1.3414000000000001
0.6682999999999999
2.8657
1.4746000000000001
0.9898
0.3528
0.0373
0.0513
0.0548
0.020200000000000003
0.0295
0.031
0.052199999999999996
0.06269999999999999
0.0643
0.0647
0.1019
0.191
0.5041
1.2284
1.4527999999999999
0.5936
0.33209999999999995
0.3033
0.23020000000000002
3.5212
1.5144
1.4174
1.4999
1.6429
1.5944
1.0321
1.6155
0.9428000000000001
0.4769
0.4153
0.4275
0.4363
0.4581
0.4501
0.4722
0.519
0.5776
1.0984
1.3774
1.7025000000000001
1.6995
0.6143000000000001
0.2793
0.2733
2.7803
1.9966
1.7252999999999998
0.8493999999999999
0.1415
0.0466
0.0448
0.0906
0.1058
0.0801
0.1291
0.1264
0.075
0.0397
0.0243
0.2824
0.0987
0.0504
0.0269
0.0347
0.08499999999999999
0.2081
1.6391
2.1586
3.7350000000000003
2.3897999999999997
0.6277
0.0
0.0
0.0167
0.0319
0.008
0.014100000000000001
0.0208
0.0442
0.0267
0.0482
0.026799999999999997
0.0709
0.017
0.2349
0.018699999999999998
0.0446
0.0081
0.0
0.0154
0.0023
0.7433
4.4906
4.4726
4.2170000000000005
4.147600000000001
1.7597
0.10819999999999999
0.06789999999999999
0.07600000000000001
0.0873
0.07150000000000001
0.0775
0.0819
0.0842
0.0755
0.088
0.1026
0.2913
0.5846
0.7708
0.7074
0.5661
0.5661
0.8741
1.9554
0.2188
0.1982
0.19319999999999998
0.16649999999999998
0.1875
0.21450000000000002
0.3256
0.363
0.4024
0.3523
0.3227
0.3431
0.32389999999999997
0.3305
2.9353000000000002
0.8056000000000001
0.6792
1.5438
2.0109000000000004
1.5116
2.3285
1.559
0.3594
0.24269999999999997
0.28259999999999996
0.24159999999999998
0.24609999999999999
1.4246
2.0454999999999997
0.638
0.22010000000000002
0.2147
0.2502
0.3264
0.4997
0.5664
0.2583
0.16449999999999998
0.1644
0.1733
0.1991
0.1966
1.4598
0.538
0.7524
1.5053999999999998
1.3414000000000001
0.6682999999999999
2.8657
1.4746000000000001
0.9898
0.3528
0.0373
0.0513
0.0548
0.020200000000000003
0.0295
0.031
0.052199999999999996
0.06269999999999999
0.0643
0.0647
0.1019
0.191
0.5041
1.2284
1.4527999999999999
0.5936
0.33209999999999995
0.3033
0.23020000000000002
3.5212
1.5144
1.4174
1.4999
1.6429
1.5944
1.0321
1.6155
0.9428000000000001
0.4769
0.4153
0.4275
0.4363
0.4581
0.4501
0.4722
0.519
0.5776
1.0984
1.3774
1.7025000000000001
1.6995
0.6143000000000001
0.2793
0.2733
2.7803
1.9966
1.7252999999999998
0.8493999999999999
0.1415
0.0466
0.0448
0.0906
0.1058
0.0801
0.1291
0.1264
0.075
0.0397
0.0243
0.2824
0.0987
0.0504
0.0269
0.0347
0.08499999999999999
0.2081
1.6391
2.1586
1.7715
2.1268000000000002
2.2927999999999997
2.7574
0.5328
0.1305
0.27149999999999996
1.1945000000000001
1.7227000000000001
1.6223
1.0441
0.6397999999999999
0.5749
0.4926
0.424
0.5322
1.4579
0.5847
0.6021
0.6823
0.8362
0.8945
0.542
0.3508
0.16599999999999998
4.7280999999999995
5.3352
4.5962
0.8301000000000001
0.36429999999999996
0.0617
0.0062
0.0187
0.030199999999999998
0.0484
0.0359
0.0355
0.0398
0.0403
0.015199999999999998
0.0012
0.0
0.0
0.3743
0.5148
0.4654
0.21710000000000002
0.1593
0.3418
0.6331
1.1167
0.38939999999999997
0.3601
0.4234
0.5156000000000001
0.5832999999999999
0.5211
0.46940000000000004
0.4572
0.4579
0.48329999999999995
1.8975999999999997
0.7329
0.4756
0.472
0.4819
0.6112
1.1338
0.8692
0.34550000000000003
0.2579
0.2853
2.9314999999999998
2.7763999999999998
2.652
2.4924999999999997
2.4575
0.6103
0.2752
0.4734
0.59
0.2074
0.032600000000000004
0.0284
0.0262
0.0351
0.0242
0.18030000000000002
0.4104
0.5212
0.8371
1.4473
1.4337
0.8774
0.6546000000000001
3.8882
0.1381
0.1406
0.1384
0.1397
0.14429999999999998
0.17470000000000002
0.1989
0.0708
0.0367
0.0445
0.0413
0.030100000000000002
0.0286
0.0218
0.0314
0.0334
0.0319
0.0509
0.0896
0.1535
0.1599
0.1431
0.14190000000000003
0.14939999999999998
4.2728
0.9731000000000001
1.5876000000000001
0.8694
0.0116
0.0631
0.5682
0.29710000000000003
0.0492
0.07980000000000001
0.0648
0.0839
0.065
0.0662
0.0616
0.1119
0.1359
0.0797
0.1139
0.1417
0.0997
0.0626
0.0432
3.4797000000000002
0.0114
0.0131
0.013600000000000001
0.0142
0.018099999999999998
0.0191
0.0211
0.0044
0.0
0.019
0.033299999999999996
0.0416
0.0315
0.0277
0.0371
0.0204
0.026299999999999997
0.030100000000000002
0.0372
0.038
0.0393
0.0186
0.0254
0.0189
1.7715
2.1268000000000002
2.2927999999999997
2.7574
0.5328
0.1305
0.27149999999999996
1.1945000000000001
1.7227000000000001
1.6223
1.0441
0.6397999999999999
0.5749
0.4926
0.424
0.5322
1.4579
0.5847
0.6021
0.6823
0.8362
0.8945
0.542
0.3508
0.16599999999999998
4.7280999999999995
5.3352
4.5962
0.8301000000000001
0.36429999999999996
0.0617
0.0062
0.0187
0.030199999999999998
0.0484
0.0359
0.0355
0.0398
0.0403
0.015199999999999998
0.0012
0.0
0.0
0.3743
0.5148
0.4654
0.21710000000000002
0.1593
0.3418
0.6331
1.1167
0.38939999999999997
0.3601
0.4234
0.5156000000000001
0.5832999999999999
0.5211
0.46940000000000004
0.4572
0.4579
0.48329999999999995
1.8975999999999997
0.7329
0.4756
0.472
0.4819
0.6112
1.1338
0.8692
0.34550000000000003
0.2579
0.2853
2.9314999999999998
2.7763999999999998
2.652
2.4924999999999997
2.4575
0.6103
0.2752
0.4734
0.59
0.2074
0.032600000000000004
0.0284
0.0262
0.0351
0.0242
0.18030000000000002
0.4104
0.5212
0.8371
1.4473
1.4337
0.8774
0.6546000000000001
3.8882
0.1381
0.1406
0.1384
0.1397
0.14429999999999998
0.17470000000000002
0.1989
0.0708
0.0367
0.0445
0.0413
0.030100000000000002
0.0286
0.0218
0.0314
0.0334
0.0319
0.0509
0.0896
0.1535
0.1599
0.1431
0.14190000000000003
0.14939999999999998
4.2728
0.9731000000000001
1.5876000000000001
0.8694
0.0116
0.0631
0.5682
0.29710000000000003
0.0492
0.07980000000000001
0.0648
0.0839
0.065
0.0662
0.0616
0.1119
0.1359
0.0797
0.1139
0.1417
0.0997
0.0626
0.0432
3.4797000000000002
0.0114
0.0131
0.013600000000000001
0.0142
0.018099999999999998
0.0191
0.0211
0.0044
0.0
0.019
0.033299999999999996
0.0416
0.0315
0.0277
0.0371
0.0204
0.026299999999999997
0.030100000000000002
0.0372
0.038
0.0393
0.0186
0.0254
0.0189
1.7715
2.1268000000000002
2.2927999999999997
2.7574
0.5328
0.1305
0.27149999999999996
1.1945000000000001
1.7227000000000001
1.6223
1.0441
0.6397999999999999
0.5749
0.4926
0.424
0.5322
1.4579
0.5847
0.6021
0.6823
0.8362
0.8945
0.542
0.3508
0.16599999999999998
4.7280999999999995
5.3352
4.5962
0.8301000000000001
0.36429999999999996
0.0617
0.0062
0.0187
0.030199999999999998
0.0484
0.0359
0.0355
0.0398
0.0403
0.015199999999999998
0.0012
0.0
0.0
0.3743
0.5148
0.4654
0.21710000000000002
0.1593
0.3418
0.6331
1.1167
0.38939999999999997
0.3601
0.4234
0.5156000000000001
0.5832999999999999
0.5211
0.46940000000000004
0.4572
0.4579
0.48329999999999995
1.8975999999999997
0.7329
0.4756
0.472
0.4819
0.6112
1.1338
0.8692
0.34550000000000003
0.2579
0.2853
2.9314999999999998
2.7763999999999998
2.652
2.4924999999999997
2.4575
0.6103
0.2752
0.4734
0.59
0.2074
0.032600000000000004
0.0284
0.0262
0.0351
0.0242
0.18030000000000002
0.4104
0.5212
0.8371
1.4473
1.4337
0.8774
0.6546000000000001
3.8882
0.1381
0.1406
0.1384
0.1397
0.14429999999999998
0.17470000000000002
0.1989
0.0708
0.0367
0.0445
0.0413
0.030100000000000002
0.0286
0.0218
0.0314
0.0334
0.0319
0.0509
0.0896
0.1535
0.1599
0.1431
0.14190000000000003
0.14939999999999998
4.2728
0.9731000000000001
1.5876000000000001
0.8694
0.0116
0.0631
0.5682
0.29710000000000003
0.0492
0.07980000000000001
0.0648
0.0839
0.065
0.0662
0.0616
0.1119
0.1359
0.0797
0.1139
0.1417
0.0997
0.0626
0.0432
3.4797000000000002
0.0114
0.0131
0.013600000000000001
0.0142
0.018099999999999998
0.0191
0.0211
0.0044
0.0
0.019
0.033299999999999996
0.0416
0.0315
0.0277
0.0371
0.0204
0.026299999999999997
0.030100000000000002
0.0372
0.038
0.0393
0.0186
0.0254
0.0189
1.7715
2.1268000000000002
2.2927999999999997
2.7574
0.5328
0.1305
0.27149999999999996
1.1945000000000001
1.7227000000000001
1.6223
1.0441
0.6397999999999999
0.5749
0.4926
0.424
0.5322
1.4579
0.5847
0.6021
0.6823
0.8362
0.8945
0.542
0.3508
0.16599999999999998
4.7280999999999995
5.3352
4.5962
0.8301000000000001
0.36429999999999996
0.0617
0.0062
0.0187
0.030199999999999998
0.0484
0.0359
0.0355
0.0398
0.0403
0.015199999999999998
0.0012
0.0
0.0
0.3743
0.5148
0.4654
0.21710000000000002
0.1593
0.3418
0.6331
1.1167
0.38939999999999997
0.3601
0.4234
0.5156000000000001
0.5832999999999999
0.5211
0.46940000000000004
0.4572
0.4579
0.48329999999999995
1.8975999999999997
0.7329
0.4756
0.472
0.4819
0.6112
1.1338
0.8692
0.34550000000000003
0.2579
0.2853
2.9314999999999998
2.7763999999999998
2.652
2.4924999999999997
2.4575
0.6103
0.2752
0.4734
0.59
0.2074
0.032600000000000004
0.0284
0.0262
0.0351
0.0242
0.18030000000000002
0.4104
0.5212
0.8371
1.4473
1.4337
0.8774
0.6546000000000001
3.8882
0.1381
0.1406
0.1384
0.1397
0.14429999999999998
0.17470000000000002
0.1989
0.0708
0.0367
0.0445
0.0413
0.030100000000000002
0.0286
0.0218
0.0314
0.0334
0.0319
0.0509
0.0896
0.1535
0.1599
0.1431
0.14190000000000003
0.14939999999999998
4.2728
0.9731000000000001
1.5876000000000001
0.8694
0.0116
0.0631
0.5682
0.29710000000000003
0.0492
0.07980000000000001
0.0648
0.0839
0.065
0.0662
0.0616
0.1119
0.1359
0.0797
0.1139
0.1417
0.0997
0.0626
0.0432
3.4797000000000002
0.0114
0.0131
0.013600000000000001
0.0142
0.018099999999999998
0.0191
0.0211
0.0044
0.0
0.019
0.033299999999999996
0.0416
0.0315
0.0277
0.0371
0.0204
0.026299999999999997
0.030100000000000002
0.0372
0.038
0.0393
0.0186
0.0254
0.0189
1.7715
2.1268000000000002
2.2927999999999997
2.7574
0.5328
0.1305
0.27149999999999996
1.1945000000000001
1.7227000000000001
1.6223
1.0441
0.6397999999999999
0.5749
0.4926
0.424
0.5322
1.4579
0.5847
0.6021
0.6823
0.8362
0.8945
0.542
0.3508
0.16599999999999998
4.7280999999999995
5.3352
4.5962
0.8301000000000001
0.36429999999999996
0.0617
0.0062
0.0187
0.030199999999999998
0.0484
0.0359
0.0355
0.0398
0.0403
0.015199999999999998
0.0012
0.0
0.0
0.3743
0.5148
0.4654
0.21710000000000002
0.1593
0.3418
0.6331
1.1167
0.38939999999999997
0.3601
0.4234
0.5156000000000001
0.5832999999999999
0.5211
0.46940000000000004
0.4572
0.4579
0.48329999999999995
1.8975999999999997
0.7329
0.4756
0.472
0.4819
0.6112
1.1338
0.8692
0.34550000000000003
0.2579
0.2853
3.0799000000000003
2.8913
2.3927
0.14179999999999998
0.0842
0.1109
0.1834
0.0271
0.0219
0.0281
0.048799999999999996
0.0364
0.0355
0.0338
0.034
0.0186
0.0084
0.0142
0.7649999999999999
1.1336
0.5911
0.1628
0.063
2.4395
0.1462
0.1416
0.1394
0.14029999999999998
0.1382
0.1338
0.1182
0.1253
0.1528
0.1503
0.1274
0.1191
0.1177
0.1063
0.11030000000000001
0.1127
0.1074
0.1345
0.12010000000000001
0.1263
0.1279
0.1318
0.1538
0.1592
4.0629
4.3087
0.7679999999999999
0.8505
0.1169
0.1192
0.1046
0.0912
0.06609999999999999
0.07469999999999999
0.0695
0.0681
0.0737
0.0719
0.0086
0.9629
0.1489
0.1623
0.2283
0.41300000000000003
0.5595
0.42600000000000005
0.16799999999999998
2.5221
0.7711
0.7604
0.7615000000000001
0.8065
0.9679
0.8251
0.9384999999999999
1.1037
0.23170000000000002
0.18309999999999998
0.3569
2.0038
1.5612
0.49039999999999995
0.4024
0.42000000000000004
0.40290000000000004
1.5881
1.1360000000000001
1.2698999999999998
1.8412000000000002
1.9152
2.3066
2.5342000000000002
0.8111
3.0745
0.38859999999999995
0.2276
0.2309
0.2252
0.2688
0.3772
0.3967
0.4053
0.404
0.4052
0.42010000000000003
0.7714
1.4965
0.4927
0.5257000000000001
0.4828
0.525
0.9897
1.6396
0.6291
0.2822
0.2384
0.5035000000000001
0.4859
0.4479
0.4261
0.3877
0.22249999999999998
0.13520000000000001
0.4868
0.0002
0.0
0.0
0.0353
0.23709999999999998
0.0853
0.0247
0.0481
0.0875
0.5037
0.5338
0.437
1.2132
0.27590000000000003
1.2984
0.6335000000000001
2.1009
3.6566
3.7069
2.3364000000000003
0.3599
0.30779999999999996
0.2787
0.13019999999999998
0.0579
0.0325
0.032200000000000006
0.0329
0.0298
0.032600000000000004
0.0553
0.05790000000000001
0.057800000000000004
0.1142
0.1499
0.2692
0.6828000000000001
0.7859
0.8476
0.8267
3.0799000000000003
2.8913
2.3927
0.14179999999999998
0.0842
0.1109
0.1834
0.0271
0.0219
0.0281
0.048799999999999996
0.0364
0.0355
0.0338
0.034
0.0186
0.0084
0.0142
0.7649999999999999
1.1336
0.5911
0.1628
0.063
2.4395
0.1462
0.1416
0.1394
0.14029999999999998
0.1382
0.1338
0.1182
0.1253
0.1528
0.1503
0.1274
0.1191
0.1177
0.1063
0.11030000000000001
0.1127
0.1074
0.1345
0.12010000000000001
0.1263
0.1279
0.1318
0.1538
0.1592
4.0629
4.3087
0.7679999999999999
0.8505
0.1169
0.1192
0.1046
0.0912
0.06609999999999999
0.07469999999999999
0.0695
0.0681
0.0737
0.0719
0.0086
0.9629
0.1489
0.1623
0.2283
0.41300000000000003
0.5595
0.42600000000000005
0.16799999999999998
2.5221
0.7711
0.7604
0.7615000000000001
0.8065
0.9679
0.8251
0.9384999999999999
1.1037
0.23170000000000002
0.18309999999999998
0.3569
2.0038
1.5612
0.49039999999999995
0.4024
0.42000000000000004
0.40290000000000004
1.5881
1.1360000000000001
1.2698999999999998
1.8412000000000002
1.9152
2.3066
2.5342000000000002
0.8111
3.0745
0.38859999999999995
0.2276
0.2309
0.2252
0.2688
0.3772
0.3967
0.4053
0.404
0.4052
0.42010000000000003
0.7714
1.4965
0.4927
0.5257000000000001
0.4828
0.525
0.9897
1.6396
0.6291
0.2822
0.2384
0.5035000000000001
0.4859
0.4479
0.4261
0.3877
0.22249999999999998
0.13520000000000001
0.4868
0.0002
0.0
0.0
0.0353
0.23709999999999998
0.0853
0.0247
0.0481
0.0875
0.5037
0.5338
0.437
1.2132
0.27590000000000003
1.2984
0.6335000000000001
2.1009
3.6566
3.7069
2.3364000000000003
0.3599
0.30779999999999996
0.2787
0.13019999999999998
0.0579
0.0325
0.032200000000000006
0.0329
0.0298
0.032600000000000004
0.0553
0.05790000000000001
0.057800000000000004
0.1142
0.1499
0.2692
0.6828000000000001
0.7859
0.8476
0.8267
3.0799000000000003
2.8913
2.3927
0.14179999999999998
0.0842
0.1109
0.1834
0.0271
0.0219
0.0281
0.048799999999999996
0.0364
0.0355
0.0338
0.034
0.0186
0.0084
0.0142
0.7649999999999999
1.1336
0.5911
0.1628
0.063
2.4395
0.1462
0.1416
0.1394
0.14029999999999998
0.1382
0.1338
0.1182
0.1253
0.1528
0.1503
0.1274
0.1191
0.1177
0.1063
0.11030000000000001
0.1127
0.1074
0.1345
0.12010000000000001
0.1263
0.1279
0.1318
0.1538
0.1592
4.0629
4.3087
0.7679999999999999
0.8505
0.1169
0.1192
0.1046
0.0912
0.06609999999999999
0.07469999999999999
0.0695
0.0681
0.0737
0.0719
0.0086
0.9629
0.1489
0.1623
0.2283
0.41300000000000003
0.5595
0.42600000000000005
0.16799999999999998
2.5221
0.7711
0.7604
0.7615000000000001
0.8065
0.9679
0.8251
0.9384999999999999
1.1037
0.23170000000000002
0.18309999999999998
0.3569
2.0038
1.5612
0.49039999999999995
0.4024
0.42000000000000004
0.40290000000000004
1.5881
1.1360000000000001
1.2698999999999998
1.8412000000000002
1.9152
2.3066
2.5342000000000002
0.8111
3.0745
0.38859999999999995
0.2276
0.2309
0.2252
0.2688
0.3772
0.3967
0.4053
0.404
0.4052
0.42010000000000003
0.7714
1.4965
0.4927
0.5257000000000001
0.4828
0.525
0.9897
1.6396
0.6291
0.2822
0.2384
0.5035000000000001
0.4859
0.4479
0.4261
0.3877
0.22249999999999998
0.13520000000000001
0.4868
0.0002
0.0
0.0
0.0353
0.23709999999999998
0.0853
0.0247
0.0481
0.0875
0.5037
0.5338
0.437
1.2132
0.27590000000000003
1.2984
0.6335000000000001
2.1009
3.6566
3.7069
2.3364000000000003
0.3599
0.30779999999999996
0.2787
0.13019999999999998
0.0579
0.0325
0.032200000000000006
0.0329
0.0298
0.032600000000000004
0.0553
0.05790000000000001
0.057800000000000004
0.1142
0.1499
0.2692
0.6828000000000001
0.7859
0.8476
0.8267
3.0799000000000003
2.8913
2.3927
0.14179999999999998
0.0842
0.1109
0.1834
0.0271
0.0219
0.0281
0.048799999999999996
0.0364
0.0355
0.0338
0.034
0.0186
0.0084
0.0142
0.7649999999999999
1.1336
0.5911
0.1628
0.063
2.4395
0.1462
0.1416
0.1394
0.14029999999999998
0.1382
0.1338
0.1182
0.1253
0.1528
0.1503
0.1274
0.1191
0.1177
0.1063
0.11030000000000001
0.1127
0.1074
0.1345
0.12010000000000001
0.1263
0.1279
0.1318
0.1538
0.1592
4.0629
4.3087
0.7679999999999999
0.8505
0.1169
0.1192
0.1046
0.0912
0.06609999999999999
0.07469999999999999
0.0695
0.0681
0.0737
0.0719
0.0086
0.9629
0.1489
0.1623
0.2283
0.41300000000000003
0.5595
0.42600000000000005
0.16799999999999998
2.5221
0.7711
0.7604
0.7615000000000001
0.8065
0.9679
0.8251
0.9384999999999999
1.1037
0.23170000000000002
0.18309999999999998
0.3569
2.0038
1.5612
0.49039999999999995
0.4024
0.42000000000000004
0.40290000000000004
1.5881
1.1360000000000001
1.2698999999999998
1.8412000000000002
1.9152
2.3066
2.5342000000000002
0.8111
3.0745
0.38859999999999995
0.2276
0.2309
0.2252
0.2688
0.3772
0.3967
0.4053
0.404
0.4052
0.42010000000000003
0.7714
1.4965
0.4927
0.5257000000000001
0.4828
0.525
0.9897
1.6396
0.6291
0.2822
0.2384
0.5035000000000001
0.4859
0.4479
0.4261
0.3877
0.22249999999999998
0.13520000000000001
0.4868
0.0002
0.0
0.0
0.0353
0.23709999999999998
0.0853
0.0247
0.0481
0.0875
0.5037
0.5338
0.437
1.2132
0.27590000000000003
1.2984
0.6335000000000001
2.1009
3.6566
3.7069
2.3364000000000003
0.3599
0.30779999999999996
0.2787
0.13019999999999998
0.0579
0.0325
0.032200000000000006
0.0329
0.0298
0.032600000000000004
0.0553
0.05790000000000001
0.057800000000000004
0.1142
0.1499
0.2692
0.6828000000000001
0.7859
0.8476
0.8267
3.0799000000000003
2.8913
2.3927
0.14179999999999998
0.0842
0.1109
0.1834
0.0271
0.0219
0.0281
0.048799999999999996
0.0364
0.0355
0.0338
0.034
0.0186
0.0084
0.0142
0.7649999999999999
1.1336
0.5911
0.1628
0.063
2.4395
0.1462
0.1416
0.1394
0.14029999999999998
0.1382
0.1338
0.1182
0.1253
0.1528
0.1503
0.1274
0.1191
0.1177
0.1063
0.11030000000000001
0.1127
0.1074
0.1345
0.12010000000000001
0.1263
0.1279
0.1318
0.1538
0.1592
0.29359999999999997
0.5364
4.6129999999999995
1.0838
0.1274
0.0733
0.0676
0.0813
0.1005
0.15089999999999998
0.2089
0.2966
0.1065
0.0469
0.0689
0.08979999999999999
0.09079999999999999
0.1163
0.1577
0.17120000000000002
0.135
0.11380000000000001
0.14500000000000002
0.1648
0.0107
0.0133
0.0154
0.0102
0.025
0.0114
0.0233
0.0044
0.0
0.0168
0.0361
0.0364
0.033100000000000004
0.030199999999999998
0.0408
0.022699999999999998
0.027200000000000002
0.022
0.0239
0.0339
0.0234
0.0
0.0083
0.0031
0.2262
0.10239999999999999
0.0727
0.0674
0.093
0.08009999999999999
1.1854
0.0
0.0179
0.024300000000000002
0.0262
0.0108
0.0156
0.0051
0.0305
0.5837
0.3079
0.1745
0.2621
0.5081
0.3742
0.075
0.0484
3.0483
0.112
0.1197
0.1227
0.1371
0.11979999999999999
0.1042
0.2325
0.7262
1.5882
0.4222
0.11230000000000001
0.2127
0.2912
1.0006
0.27449999999999997
0.1889
0.1762
0.3701
1.5379
0.3484
0.0
0.0
0.0024
0.0014
0.21889999999999998
0.07980000000000001
0.1089
0.0683
0.08249999999999999
0.0256
0.0
0.0
0.0
0.0
0.0
0.0
0.0
0.0
1.9134
1.573
0.38830000000000003
0.874
0.9339999999999999
0.6351
0.5146
0.23929999999999998
0.252
2.1898
0.0219
0.0233
0.0232
0.0258
0.028499999999999998
0.0237
0.020200000000000003
0.016300000000000002
0.0059
0.025599999999999998
0.027
0.0281
0.025500000000000002
0.0249
0.0261
0.0212
0.0195
0.029199999999999997
0.0599
0.0519
0.0393
0.0212
0.0267
0.0288
0.0313
0.099
0.0896
0.045899999999999996
0.0262
0.1254
1.4771
1.4656
0.7185
3.5403
0.4506
0.28300000000000003
0.2919
0.4375
1.1533
0.696
0.28600000000000003
0.1916
0.2776
0.91
0.958
0.0
0.0
0.0
0.29359999999999997
0.5364
4.6129999999999995
1.0838
0.1274
0.0733
0.0676
0.0813
0.1005
0.15089999999999998
0.2089
0.2966
0.1065
0.0469
0.0689
0.08979999999999999
0.09079999999999999
0.1163
0.1577
0.17120000000000002
0.135
0.11380000000000001
0.14500000000000002
0.1648
0.0107
0.0133
0.0154
0.0102
0.025
0.0114
0.0233
0.0044
0.0
0.0168
0.0361
0.0364
0.033100000000000004
0.030199999999999998
0.0408
0.022699999999999998
0.027200000000000002
0.022
0.0239
0.0339
0.0234
0.0
0.0083
0.0031
0.2262
0.10239999999999999
0.0727
0.0674
0.093
0.08009999999999999
1.1854
0.0
0.0179
0.024300000000000002
0.0262
0.0108
0.0156
0.0051
0.0305
0.5837
0.3079
0.1745
0.2621
0.5081
0.3742
0.075
0.0484
3.0483
0.112
0.1197
0.1227
0.1371
0.11979999999999999
0.1042
0.2325
0.7262
1.5882
0.4222
0.11230000000000001
0.2127
0.2912
1.0006
0.27449999999999997
0.1889
0.1762
0.3701
1.5379
0.3484
0.0
0.0
0.0024
0.0014
0.21889999999999998
0.07980000000000001
0.1089
0.0683
0.08249999999999999
0.0256
0.0
0.0
0.0
0.0
0.0
0.0
0.0
0.0
1.9134
1.573
0.38830000000000003
0.874
0.9339999999999999
0.6351
0.5146
0.23929999999999998
0.252
2.1898
0.0219
0.0233
0.0232
0.0258
0.028499999999999998
0.0237
0.020200000000000003
0.016300000000000002
0.0059
0.025599999999999998
0.027
0.0281
0.025500000000000002
0.0249
0.0261
0.0212
0.0195
0.029199999999999997
0.0599
0.0519
0.0393
0.0212
0.0267
0.0288
0.0313
0.099
0.0896
0.045899999999999996
0.0262
0.1254
1.4771
1.4656
0.7185
3.5403
0.4506
0.28300000000000003
0.2919
0.4375
1.1533
0.696
0.28600000000000003
0.1916
0.2776
0.91
0.958
0.0
0.0
0.0
0.29359999999999997
0.5364
4.6129999999999995
1.0838
0.1274
0.0733
0.0676
0.0813
0.1005
0.15089999999999998
0.2089
0.2966
0.1065
0.0469
0.0689
0.08979999999999999
0.09079999999999999
0.1163
0.1577
0.17120000000000002
0.135
0.11380000000000001
0.14500000000000002
0.1648
0.0107
0.0133
0.0154
0.0102
0.025
0.0114
0.0233
0.0044
0.0
0.0168
0.0361
0.0364
0.033100000000000004
0.030199999999999998
0.0408
0.022699999999999998
0.027200000000000002
0.022
0.0239
0.0339
0.0234
0.0
0.0083
0.0031
0.2262
0.10239999999999999
0.0727
0.0674
0.093
0.08009999999999999
1.1854
0.0
0.0179
0.024300000000000002
0.0262
0.0108
0.0156
0.0051
0.0305
0.5837
0.3079
0.1745
0.2621
0.5081
0.3742
0.075
0.0484
3.0483
0.112
0.1197
0.1227
0.1371
0.11979999999999999
0.1042
0.2325
0.7262
1.5882
0.4222
0.11230000000000001
0.2127
0.2912
1.0006
0.27449999999999997
0.1889
0.1762
0.3701
1.5379
0.3484
0.0
0.0
0.0024
0.0014
0.21889999999999998
0.07980000000000001
0.1089
0.0683
0.08249999999999999
0.0256
0.0
0.0
0.0
0.0
0.0
0.0
0.0
0.0
1.9134
1.573
0.38830000000000003
0.874
0.9339999999999999
0.6351
0.5146
0.23929999999999998
0.252
2.1898
0.0219
0.0233
0.0232
0.0258
0.028499999999999998
0.0237
0.020200000000000003
0.016300000000000002
0.0059
0.025599999999999998
0.027
0.0281
0.025500000000000002
0.0249
0.0261
0.0212
0.0195
0.029199999999999997
0.0599
0.0519
0.0393
0.0212
0.0267
0.0288
0.0313
0.099
0.0896
0.045899999999999996
0.0262
0.1254
1.4771
1.4656
0.7185
3.5403
0.4506
0.28300000000000003
0.2919
0.4375
1.1533
0.696
0.28600000000000003
0.1916
0.2776
0.91
0.958
0.0
0.0
0.0
0.29359999999999997
0.5364
4.6129999999999995
1.0838
0.1274
0.0733
0.0676
0.0813
0.1005
0.15089999999999998
0.2089
0.2966
0.1065
0.0469
0.0689
0.08979999999999999
0.09079999999999999
0.1163
0.1577
0.17120000000000002
0.135
0.11380000000000001
0.14500000000000002
0.1648
0.0107
0.0133
0.0154
0.0102
0.025
0.0114
0.0233
0.0044
0.0
0.0168
0.0361
0.0364
0.033100000000000004
0.030199999999999998
0.0408
0.022699999999999998
0.027200000000000002
0.022
0.0239
0.0339
0.0234
0.0
0.0083
0.0031
0.2262
0.10239999999999999
0.0727
0.0674
0.093
0.08009999999999999
1.1854
0.0
0.0179
0.024300000000000002
0.0262
0.0108
0.0156
0.0051
0.0305
0.5837
0.3079
0.1745
0.2621
0.5081
0.3742
0.075
0.0484
3.0483
0.112
0.1197
0.1227
0.1371
0.11979999999999999
0.1042
0.2325
0.7262
1.5882
0.4222
0.11230000000000001
0.2127
0.2912
1.0006
0.27449999999999997
0.1889
0.1762
0.3701
1.5379
0.3484
0.0
0.0
0.0024
0.0014
0.21889999999999998
0.07980000000000001
0.1089
0.0683
0.08249999999999999
0.0256
0.0
0.0
0.0
0.0
0.0
0.0
0.0
0.0
1.9134
1.573
0.38830000000000003
0.874
0.9339999999999999
0.6351
0.5146
0.23929999999999998
0.252
2.1898
0.0219
0.0233
0.0232
0.0258
0.028499999999999998
0.0237
0.020200000000000003
0.016300000000000002
0.0059
0.025599999999999998
0.027
0.0281
0.025500000000000002
0.0249
0.0261
0.0212
0.0195
0.029199999999999997
0.0599
0.0519
0.0393
0.0212
0.0267
0.0288
0.0313
0.099
0.0896
0.045899999999999996
0.0262
0.1254
1.4771
1.4656
0.7185
3.5403
0.4506
0.28300000000000003
0.2919
0.4375
1.1533
0.696
0.28600000000000003
0.1916
0.2776
0.91
0.958
0.0
0.0
0.0
0.29359999999999997
0.5364
4.6129999999999995
1.0838
0.1274
0.0733
0.0676
0.0813
0.1005
0.15089999999999998
0.2089
0.2966
0.1065
0.0469
0.0689
0.08979999999999999
0.09079999999999999
0.1163
0.1577
0.17120000000000002
0.135
0.11380000000000001
0.14500000000000002
0.1648
0.0107
0.0133
0.0154
0.0102
0.025
0.0114
0.0233
0.0044
0.0
0.0168
0.0361
0.0364
0.033100000000000004
0.030199999999999998
0.0408
0.022699999999999998
0.027200000000000002
0.022
0.0239
0.0339
0.0234
0.0
0.0083
0.0031
0.2262
0.10239999999999999
0.0727
0.0674
0.093
0.08009999999999999
1.1854
0.0
0.0179
0.024300000000000002
0.0262
0.0108
0.0156
0.0051
0.0305
0.5837
0.3079
0.1745
0.2621
0.5081
0.3742
0.075
0.0484
3.0483
0.0834
0.08660000000000001
0.0931
0.0868
0.0713
0.053000000000000005
0.0382
0.0087
0.0071
0.023600000000000003
0.027200000000000002
0.0315
0.0323
0.0377
0.0523
0.031
0.018
0.0313
0.1787
0.0265
0.0144
0.0046
0.0146
0.0171
1.0386
0.35960000000000003
0.3302
0.3256
0.314
0.31789999999999996
0.3067
0.2875
0.32589999999999997
0.44980000000000003
1.0143
0.877
0.1981
0.12990000000000002
0.1137
0.1157
0.11829999999999999
0.127
0.138
0.2192
0.237
0.2592
0.24580000000000002
2.3007
0.0398
0.039900000000000005
0.039099999999999996
0.038
0.0387
0.036000000000000004
0.028900000000000002
0.0251
0.025599999999999998
0.033600000000000005
0.032100000000000004
0.0313
0.0324
0.0318
0.0316
0.0317
0.028900000000000002
0.03609999999999999
0.030100000000000002
0.0337
0.0312
0.0265
0.036199999999999996
0.045399999999999996
0.09309999999999999
0.0965
0.0926
0.0942
0.091
0.0797
0.0712
0.06369999999999999
0.2652
0.1389
0.07919999999999999
0.0424
0.046
0.0404
0.0416
0.0348
0.031799999999999995
0.0256
0.012899999999999998
0.0942
0.1491
0.1224
0.1104
0.107
0.1483
0.1439
0.1405
0.14150000000000001
0.1368
0.1229
0.10250000000000001
0.1282
0.1719
0.1412
0.12129999999999999
0.1271
0.1186
0.10389999999999999
0.1079
0.1131
0.11199999999999999
0.1459
0.14140000000000003
0.13490000000000002
0.12639999999999998
0.1286
0.1532
0.1622
0.0446
0.0665
0.0612
0.0244
0.051699999999999996
0.024399999999999998
0.0368
0.0298
0.0047
0.0049
0.015199999999999998
0.0633
0.0264
0.0597
0.0818
0.1053
0.0238
0.027000000000000003
0.0482
0.022600000000000002
0.0013
0.0
0.0
0.0
3.1849
5.2648
3.4541000000000004
1.0309
0.0352
0.0662
0.0194
0.0262
0.039599999999999996
0.0457
0.0299
0.0155
0.0092
0.0218
0.0137
0.023600000000000003
0.0025
0.0139
0.012
0.0461
0.0509
0.0458
0.0223
3.1984999999999997
0.0834
0.08660000000000001
0.0931
0.0868
0.0713
0.053000000000000005
0.0382
0.0087
0.0071
0.023600000000000003
0.027200000000000002
0.0315
0.0323
0.0377
0.0523
0.031
0.018
0.0313
0.1787
0.0265
0.0144
0.0046
0.0146
0.0171
1.0386
0.35960000000000003
0.3302
0.3256
0.314
0.31789999999999996
0.3067
0.2875
0.32589999999999997
0.44980000000000003
1.0143
0.877
0.1981
0.12990000000000002
0.1137
0.1157
0.11829999999999999
0.127
0.138
0.2192
0.237
0.2592
0.24580000000000002
2.3007
0.0398
0.039900000000000005
0.039099999999999996
0.038
0.0387
0.036000000000000004
0.028900000000000002
0.0251
0.025599999999999998
0.033600000000000005
0.032100000000000004
0.0313
0.0324
0.0318
0.0316
0.0317
0.028900000000000002
0.03609999999999999
0.030100000000000002
0.0337
0.0312
0.0265
0.036199999999999996
0.045399999999999996
0.09309999999999999
0.0965
0.0926
0.0942
0.091
0.0797
0.0712
0.06369999999999999
0.2652
0.1389
0.07919999999999999
0.0424
0.046
0.0404
0.0416
0.0348
0.031799999999999995
0.0256
0.012899999999999998
0.0942
0.1491
0.1224
0.1104
0.107
0.1483
0.1439
0.1405
0.14150000000000001
0.1368
0.1229
0.10250000000000001
0.1282
0.1719
0.1412
0.12129999999999999
0.1271
0.1186
0.10389999999999999
0.1079
0.1131
0.11199999999999999
0.1459
0.14140000000000003
0.13490000000000002
0.12639999999999998
0.1286
0.1532
0.1622
0.0446
0.0665
0.0612
0.0244
0.051699999999999996
0.024399999999999998
0.0368
0.0298
0.0047
0.0049
0.015199999999999998
0.0633
0.0264
0.0597
0.0818
0.1053
0.0238
0.027000000000000003
0.0482
0.022600000000000002
0.0013
0.0
0.0
0.0
3.1849
5.2648
3.4541000000000004
1.0309
0.0352
0.0662
0.0194
0.0262
0.039599999999999996
0.0457
0.0299
0.0155
0.0092
0.0218
0.0137
0.023600000000000003
0.0025
0.0139
0.012
0.0461
0.0509
0.0458
0.0223
3.1984999999999997
0.0834
0.08660000000000001
0.0931
0.0868
0.0713
0.053000000000000005
0.0382
0.0087
0.0071
0.023600000000000003
0.027200000000000002
0.0315
0.0323
0.0377
0.0523
0.031
0.018
0.0313
0.1787
0.0265
0.0144
0.0046
0.0146
0.0171
1.0386
0.35960000000000003
0.3302
0.3256
0.314
0.31789999999999996
0.3067
0.2875
0.32589999999999997
0.44980000000000003
1.0143
0.877
0.1981
0.12990000000000002
0.1137
0.1157
0.11829999999999999
0.127
0.138
0.2192
0.237
0.2592
0.24580000000000002
2.3007
0.0398
0.039900000000000005
0.039099999999999996
0.038
0.0387
0.036000000000000004
0.028900000000000002
0.0251
0.025599999999999998
0.033600000000000005
0.032100000000000004
0.0313
0.0324
0.0318
0.0316
0.0317
0.028900000000000002
0.03609999999999999
0.030100000000000002
0.0337
0.0312
0.0265
0.036199999999999996
0.045399999999999996
0.09309999999999999
0.0965
0.0926
0.0942
0.091
0.0797
0.0712
0.06369999999999999
0.2652
0.1389
0.07919999999999999
0.0424
0.046
0.0404
0.0416
0.0348
0.031799999999999995
0.0256
0.012899999999999998
0.0942
0.1491
0.1224
0.1104
0.107
0.1483
0.1439
0.1405
0.14150000000000001
0.1368
0.1229
0.10250000000000001
0.1282
0.1719
0.1412
0.12129999999999999
0.1271
0.1186
0.10389999999999999
0.1079
0.1131
0.11199999999999999
0.1459
0.14140000000000003
0.13490000000000002
0.12639999999999998
0.1286
0.1532
0.1622
0.0446
0.0665
0.0612
0.0244
0.051699999999999996
0.024399999999999998
0.0368
0.0298
0.0047
0.0049
0.015199999999999998
0.0633
0.0264
0.0597
0.0818
0.1053
0.0238
0.027000000000000003
0.0482
0.022600000000000002
0.0013
0.0
0.0
0.0
3.1849
5.2648
3.4541000000000004
1.0309
0.0352
0.0662
0.0194
0.0262
0.039599999999999996
0.0457
0.0299
0.0155
0.0092
0.0218
0.0137
0.023600000000000003
0.0025
0.0139
0.012
0.0461
0.0509
0.0458
0.0223
3.1984999999999997
0.0834
0.08660000000000001
0.0931
0.0868
0.0713
0.053000000000000005
0.0382
0.0087
0.0071
0.023600000000000003
0.027200000000000002
0.0315
0.0323
0.0377
0.0523
0.031
0.018
0.0313
0.1787
0.0265
0.0144
0.0046
0.0146
0.0171
1.0386
0.35960000000000003
0.3302
0.3256
0.314
0.31789999999999996
0.3067
0.2875
0.32589999999999997
0.44980000000000003
1.0143
0.877
0.1981
0.12990000000000002
0.1137
0.1157
0.11829999999999999
0.127
0.138
0.2192
0.237
0.2592
0.24580000000000002
2.3007
0.0398
0.039900000000000005
0.039099999999999996
0.038
0.0387
0.036000000000000004
0.028900000000000002
0.0251
0.025599999999999998
0.033600000000000005
0.032100000000000004
0.0313
0.0324
0.0318
0.0316
0.0317
0.028900000000000002
0.03609999999999999
0.030100000000000002
0.0337
0.0312
0.0265
0.036199999999999996
0.045399999999999996
0.09309999999999999
0.0965
0.0926
0.0942
0.091
0.0797
0.0712
0.06369999999999999
0.2652
0.1389
0.07919999999999999
0.0424
0.046
0.0404
0.0416
0.0348
0.031799999999999995
0.0256
0.012899999999999998
0.0942
0.1491
0.1224
0.1104
0.107
0.1483
0.1439
0.1405
0.14150000000000001
0.1368
0.1229
0.10250000000000001
0.1282
0.1719
0.1412
0.12129999999999999
0.1271
0.1186
0.10389999999999999
0.1079
0.1131
0.11199999999999999
0.1459
0.14140000000000003
0.13490000000000002
0.12639999999999998
0.1286
0.1532
0.1622
0.0446
0.0665
0.0612
0.0244
0.051699999999999996
0.024399999999999998
0.0368
0.0298
0.0047
0.0049
0.015199999999999998
0.0633
0.0264
0.0597
0.0818
0.1053
0.0238
0.027000000000000003
0.0482
0.022600000000000002
0.0013
0.0
0.0
0.0
3.1849
5.2648
3.4541000000000004
1.0309
0.0352
0.0662
0.0194
0.0262
0.039599999999999996
0.0457
0.0299
0.0155
0.0092
0.0218
0.0137
0.023600000000000003
0.0025
0.0139
0.012
0.0461
0.0509
0.0458
0.0223
3.1984999999999997
0.0834
0.08660000000000001
0.0931
0.0868
0.0713
0.053000000000000005
0.0382
0.0087
0.0071
0.023600000000000003
0.027200000000000002
0.0315
0.0323
0.0377
0.0523
0.031
0.018
0.0313
0.1787
0.0265
0.0144
0.0046
0.0146
0.0171
1.0386
0.35960000000000003
0.3302
0.3256
0.314
0.31789999999999996
0.3067
0.2875
0.32589999999999997
0.44980000000000003
1.0143
0.877
0.1981
0.12990000000000002
0.1137
0.1157
0.11829999999999999
0.127
0.138
0.2192
0.237
0.2592
0.24580000000000002
2.3007
0.0398
0.039900000000000005
0.039099999999999996
0.038
0.0387
0.036000000000000004
0.028900000000000002
0.0251
0.025599999999999998
0.033600000000000005
0.032100000000000004
0.0313
0.0324
0.0318
0.0316
0.0317
0.028900000000000002
0.03609999999999999
0.030100000000000002
0.0337
0.0312
0.0265
0.036199999999999996
0.045399999999999996
0.9048
4.2041
3.9234999999999998
2.2306
0.357
0.0678
0.0326
0.0597
0.0547
0.0403
0.0528
0.0458
0.0449
0.0482
0.0485
0.0376
0.037
0.0858
0.9734
0.7363999999999999
1.0483
1.4837
1.7891
1.4154
0.5589999999999999
0.5839000000000001
0.5893999999999999
0.5987
0.626
0.6951
0.6788
0.5722
0.5377000000000001
0.5409999999999999
0.39880000000000004
0.355
0.37760000000000005
0.5028
0.41169999999999995
0.2515
1.0864
0.1925
0.17759999999999998
0.1748
0.11699999999999999
0.06970000000000001
0.0884
0.0681
0.3706
0.2027
0.2607
0.2384
0.11989999999999999
0.13949999999999999
0.1358
0.08929999999999999
0.0874
0.10719999999999999
0.1367
0.08990000000000001
0.109
0.122
0.1285
0.0615
0.0145
0.0
0.0763
1.1893
0.44920000000000004
0.1508
0.10969999999999999
0.1784
5.4552
2.7374
6.084
0.794
0.0116
0.0761
0.0528
0.049699999999999994
0.0337
0.049600000000000005
0.0423
0.0496
0.0498
0.0658
0.0397
0.036699999999999997
0.0589
0.061200000000000004
0.06029999999999999
0.0822
0.0597
0.040400000000000005
0.016200000000000003
0.7167
0.2289
0.1774
0.1814
0.16499999999999998
0.0991
0.0434
0.078
0.0266
0.7576
0.1091
0.1597
0.1345
0.14450000000000002
0.1343
0.16620000000000001
0.1279
0.0816
0.6051
0.6945
0.1912
0.0225
0.0327
0.6608
0.626
6.4383
5.7904
1.5078
0.0305
0.0364
0.0251
0.0241
0.0281
0.0088
0.0223
0.0341
0.036199999999999996
0.0219
0.0405
0.033699999999999994
0.0283
0.0468
0.06520000000000001
0.0395
0.033
0.020900000000000002
0.0577
0.043800000000000006
0.047
0.07450000000000001
0.07700000000000001
0.07239999999999999
0.0763
0.07930000000000001
0.0943
0.15410000000000001
0.2442
0.2514
0.036699999999999997
0.0276
0.0346
0.0457
0.0527
0.0578
0.0336
0.0339
0.0863
0.1194
0.1847
0.1679
0.10600000000000001
0.0853
0.09129999999999999
0.9048
4.2041
3.9234999999999998
2.2306
0.357
0.0678
0.0326
0.0597
0.0547
0.0403
0.0528
0.0458
0.0449
0.0482
0.0485
0.0376
0.037
0.0858
0.9734
0.7363999999999999
1.0483
1.4837
1.7891
1.4154
0.5589999999999999
0.5839000000000001
0.5893999999999999
0.5987
0.626
0.6951
0.6788
0.5722
0.5377000000000001
0.5409999999999999
0.39880000000000004
0.355
0.37760000000000005
0.5028
0.41169999999999995
0.2515
1.0864
0.1925
0.17759999999999998
0.1748
0.11699999999999999
0.06970000000000001
0.0884
0.0681
0.3706
0.2027
0.2607
0.2384
0.11989999999999999
0.13949999999999999
0.1358
0.08929999999999999
0.0874
0.10719999999999999
0.1367
0.08990000000000001
0.109
0.122
0.1285
0.0615
0.0145
0.0
0.0763
1.1893
0.44920000000000004
0.1508
0.10969999999999999
0.1784
5.4552
2.7374
6.084
0.794
0.0116
0.0761
0.0528
0.049699999999999994
0.0337
0.049600000000000005
0.0423
0.0496
0.0498
0.0658
0.0397
0.036699999999999997
0.0589
0.061200000000000004
0.06029999999999999
0.0822
0.0597
0.040400000000000005
0.016200000000000003
0.7167
0.2289
0.1774
0.1814
0.16499999999999998
0.0991
0.0434
0.078
0.0266
0.7576
0.1091
0.1597
0.1345
0.14450000000000002
0.1343
0.16620000000000001
0.1279
0.0816
0.6051
0.6945
0.1912
0.0225
0.0327
0.6608
0.626
6.4383
5.7904
1.5078
0.0305
0.0364
0.0251
0.0241
0.0281
0.0088
0.0223
0.0341
0.036199999999999996
0.0219
0.0405
0.033699999999999994
0.0283
0.0468
0.06520000000000001
0.0395
0.033
0.020900000000000002
0.0577
0.043800000000000006
0.047
0.07450000000000001
0.07700000000000001
0.07239999999999999
0.0763
0.07930000000000001
0.0943
0.15410000000000001
0.2442
0.2514
0.036699999999999997
0.0276
0.0346
0.0457
0.0527
0.0578
0.0336
0.0339
0.0863
0.1194
0.1847
0.1679
0.10600000000000001
0.0853
0.09129999999999999
0.9048
4.2041
3.9234999999999998
2.2306
0.357
0.0678
0.0326
0.0597
0.0547
0.0403
0.0528
0.0458
0.0449
0.0482
0.0485
0.0376
0.037
0.0858
0.9734
0.7363999999999999
1.0483
1.4837
1.7891
1.4154
0.5589999999999999
0.5839000000000001
0.5893999999999999
0.5987
0.626
0.6951
0.6788
0.5722
0.5377000000000001
0.5409999999999999
0.39880000000000004
0.355
0.37760000000000005
0.5028
0.41169999999999995
0.2515
1.0864
0.1925
0.17759999999999998
0.1748
0.11699999999999999
0.06970000000000001
0.0884
0.0681
0.3706
0.2027
0.2607
0.2384
0.11989999999999999
0.13949999999999999
0.1358
0.08929999999999999
0.0874
0.10719999999999999
0.1367
0.08990000000000001
0.109
0.122
0.1285
0.0615
0.0145
0.0
0.0763
1.1893
0.44920000000000004
0.1508
0.10969999999999999
0.1784
5.4552
2.7374
6.084
0.794
0.0116
0.0761
0.0528
0.049699999999999994
0.0337
0.049600000000000005
0.0423
0.0496
0.0498
0.0658
0.0397
0.036699999999999997
0.0589
0.061200000000000004
0.06029999999999999
0.0822
0.0597
0.040400000000000005
0.016200000000000003
0.7167
0.2289
0.1774
0.1814
0.16499999999999998
0.0991
0.0434
0.078
0.0266
0.7576
0.1091
0.1597
0.1345
0.14450000000000002
0.1343
0.16620000000000001
0.1279
0.0816
0.6051
0.6945
0.1912
0.0225
0.0327
0.6608
0.626
6.4383
5.7904
1.5078
0.0305
0.0364
0.0251
0.0241
0.0281
0.0088
0.0223
0.0341
0.036199999999999996
0.0219
0.0405
0.033699999999999994
0.0283
0.0468
0.06520000000000001
0.0395
0.033
0.020900000000000002
0.0577
0.043800000000000006
0.047
0.07450000000000001
0.07700000000000001
0.07239999999999999
0.0763
0.07930000000000001
0.0943
0.15410000000000001
0.2442
0.2514
0.036699999999999997
0.0276
0.0346
0.0457
0.0527
0.0578
0.0336
0.0339
0.0863
0.1194
0.1847
0.1679
0.10600000000000001
0.0853
0.09129999999999999
0.9048
4.2041
3.9234999999999998
2.2306
0.357
0.0678
0.0326
0.0597
0.0547
0.0403
0.0528
0.0458
0.0449
0.0482
0.0485
0.0376
0.037
0.0858
0.9734
0.7363999999999999
1.0483
1.4837
1.7891
1.4154
0.5589999999999999
0.5839000000000001
0.5893999999999999
0.5987
0.626
0.6951
0.6788
0.5722
0.5377000000000001
0.5409999999999999
0.39880000000000004
0.355
0.37760000000000005
0.5028
0.41169999999999995
0.2515
1.0864
0.1925
0.17759999999999998
0.1748
0.11699999999999999
0.06970000000000001
0.0884
0.0681
0.3706
0.2027
0.2607
0.2384
0.11989999999999999
0.13949999999999999
0.1358
0.08929999999999999
0.0874
0.10719999999999999
0.1367
0.08990000000000001
0.109
0.122
0.1285
0.0615
0.0145
0.0
0.0763
1.1893
0.44920000000000004
0.1508
0.10969999999999999
0.1784
5.4552
2.7374
6.084
0.794
0.0116
0.0761
0.0528
0.049699999999999994
0.0337
0.049600000000000005
0.0423
0.0496
0.0498
0.0658
0.0397
0.036699999999999997
0.0589
0.061200000000000004
0.06029999999999999
0.0822
0.0597
0.040400000000000005
0.016200000000000003
0.7167
0.2289
0.1774
0.1814
0.16499999999999998
0.0991
0.0434
0.078
0.0266
0.7576
0.1091
0.1597
0.1345
0.14450000000000002
0.1343
0.16620000000000001
0.1279
0.0816
0.6051
0.6945
0.1912
0.0225
0.0327
0.6608
0.626
6.4383
5.7904
1.5078
0.0305
0.0364
0.0251
0.0241
0.0281
0.0088
0.0223
0.0341
0.036199999999999996
0.0219
0.0405
0.033699999999999994
0.0283
0.0468
0.06520000000000001
0.0395
0.033
0.020900000000000002
0.0577
0.043800000000000006
0.047
0.07450000000000001
0.07700000000000001
0.07239999999999999
0.0763
0.07930000000000001
0.0943
0.15410000000000001
0.2442
0.2514
0.036699999999999997
0.0276
0.0346
0.0457
0.0527
0.0578
0.0336
0.0339
0.0863
0.1194
0.1847
0.1679
0.10600000000000001
0.0853
0.09129999999999999
0.9048
4.2041
3.9234999999999998
2.2306
0.357
0.0678
0.0326
0.0597
0.0547
0.0403
0.0528
0.0458
0.0449
0.0482
0.0485
0.0376
0.037
0.0858
0.9734
0.7363999999999999
1.0483
1.4837
1.7891
1.4154
0.5589999999999999
0.5839000000000001
0.5893999999999999
0.5987
0.626
0.6951
0.6788
0.5722
0.5377000000000001
0.5409999999999999
0.39880000000000004
0.355
0.37760000000000005
0.5028
0.41169999999999995
0.2515
1.0864
0.1925
0.17759999999999998
0.1748
0.11699999999999999
0.06970000000000001
0.0884
0.0681
0.0253
0.0286
0.0148
0.0118
0.0662
0.5337000000000001
0.0345
0.0398
0.0279
0.057800000000000004
0.0323
0.0502
0.0458
0.0514
0.0349
0.028399999999999998
0.0365
0.0295
0.016399999999999998
0.0294
0.0083
0.0
0.0049
0.0084
1.2296
6.0615000000000006
5.1158
1.3255
0.39880000000000004
0.1977
0.2049
0.21960000000000002
0.22949999999999998
0.2285
0.2216
0.2373
0.2733
0.3242
0.3778
0.44589999999999996
0.437
0.7686
0.8491
0.9074
0.7791
0.6544000000000001
0.5337000000000001
0.4465
0.6922
1.3566
2.7164
1.4226999999999999
0.37829999999999997
0.1741
0.1215
0.1296
0.12440000000000001
0.1189
0.1212
0.1481
0.1599
0.2022
0.256
0.436
0.2968
0.31079999999999997
0.3704
0.39
0.3864
0.41769999999999996
0.4899
0.5338
0.7233
0.9428000000000001
0.6758
1.0201
2.3144
1.7936999999999999
1.9467
0.49670000000000003
0.4006
0.32299999999999995
0.31930000000000003
0.3043
0.3238
0.3446
2.3847
1.5076999999999998
1.3917
1.4435
1.8925999999999998
1.6515999999999997
0.2325
0.0
0.0194
0.0779
0.0
0.0
0.01
0.0
0.0
0.0281
0.09920000000000001
0.18869999999999998
0.0812
0.0050999999999999995
0.0053
0.004
0.0085
1.5254999999999999
2.3114
0.0965
0.0156
0.0
0.10250000000000001
0.2322
0.5677000000000001
0.0176
0.0
0.0
4.5692
4.5793
3.2348
0.29469999999999996
0.2844
0.3845
0.5390999999999999
0.2752
0.0718
0.0349
0.0327
0.0287
0.027299999999999998
0.0262
0.0279
0.0504
0.2411
0.18209999999999998
0.1659
0.2223
0.2539
0.25670000000000004
0.2324
0.743
0.6082
0.8207
1.7795
2.3809
0.2895
0.1835
0.1839
0.21839999999999998
0.2207
0.2248
0.2811
0.5015000000000001
0.9074
0.7796000000000001
0.8056
0.6203000000000001
0.9928000000000001
1.2569
0.9954
0.40149999999999997
0.3951
0.39159999999999995
0.36819999999999997
0.3347
0.0253
0.0286
0.0148
0.0118
0.0662
0.5337000000000001
0.0345
0.0398
0.0279
0.057800000000000004
0.0323
0.0502
0.0458
0.0514
0.0349
0.028399999999999998
0.0365
0.0295
0.016399999999999998
0.0294
0.0083
0.0
0.0049
0.0084
1.2296
6.0615000000000006
5.1158
1.3255
0.39880000000000004
0.1977
0.2049
0.21960000000000002
0.22949999999999998
0.2285
0.2216
0.2373
0.2733
0.3242
0.3778
0.44589999999999996
0.437
0.7686
0.8491
0.9074
0.7791
0.6544000000000001
0.5337000000000001
0.4465
0.6922
1.3566
2.7164
1.4226999999999999
0.37829999999999997
0.1741
0.1215
0.1296
0.12440000000000001
0.1189
0.1212
0.1481
0.1599
0.2022
0.256
0.436
0.2968
0.31079999999999997
0.3704
0.39
0.3864
0.41769999999999996
0.4899
0.5338
0.7233
0.9428000000000001
0.6758
1.0201
2.3144
1.7936999999999999
1.9467
0.49670000000000003
0.4006
0.32299999999999995
0.31930000000000003
0.3043
0.3238
0.3446
2.3847
1.5076999999999998
1.3917
1.4435
1.8925999999999998
1.6515999999999997
0.2325
0.0
0.0194
0.0779
0.0
0.0
0.01
0.0
0.0
0.0281
0.09920000000000001
0.18869999999999998
0.0812
0.0050999999999999995
0.0053
0.004
0.0085
1.5254999999999999
2.3114
0.0965
0.0156
0.0
0.10250000000000001
0.2322
0.5677000000000001
0.0176
0.0
0.0
4.5692
4.5793
3.2348
0.29469999999999996
0.2844
0.3845
0.5390999999999999
0.2752
0.0718
0.0349
0.0327
0.0287
0.027299999999999998
0.0262
0.0279
0.0504
0.2411
0.18209999999999998
0.1659
0.2223
0.2539
0.25670000000000004
0.2324
0.743
0.6082
0.8207
1.7795
2.3809
0.2895
0.1835
0.1839
0.21839999999999998
0.2207
0.2248
0.2811
0.5015000000000001
0.9074
0.7796000000000001
0.8056
0.6203000000000001
0.9928000000000001
1.2569
0.9954
0.40149999999999997
0.3951
0.39159999999999995
0.36819999999999997
0.3347
0.0253
0.0286
0.0148
0.0118
0.0662
0.5337000000000001
0.0345
0.0398
0.0279
0.057800000000000004
0.0323
0.0502
0.0458
0.0514
0.0349
0.028399999999999998
0.0365
0.0295
0.016399999999999998
0.0294
0.0083
0.0
0.0049
0.0084
1.2296
6.0615000000000006
5.1158
1.3255
0.39880000000000004
0.1977
0.2049
0.21960000000000002
0.22949999999999998
0.2285
0.2216
0.2373
0.2733
0.3242
0.3778
0.44589999999999996
0.437
0.7686
0.8491
0.9074
0.7791
0.6544000000000001
0.5337000000000001
0.4465
0.6922
1.3566
2.7164
1.4226999999999999
0.37829999999999997
0.1741
0.1215
0.1296
0.12440000000000001
0.1189
0.1212
0.1481
0.1599
0.2022
0.256
0.436
0.2968
0.31079999999999997
0.3704
0.39
0.3864
0.41769999999999996
0.4899
0.5338
0.7233
0.9428000000000001
0.6758
1.0201
2.3144
1.7936999999999999
1.9467
0.49670000000000003
0.4006
0.32299999999999995
0.31930000000000003
0.3043
0.3238
0.3446
2.3847
1.5076999999999998
1.3917
1.4435
1.8925999999999998
1.6515999999999997
0.2325
0.0
0.0194
0.0779
0.0
0.0
0.01
0.0
0.0
0.0281
0.09920000000000001
0.18869999999999998
0.0812
0.0050999999999999995
0.0053
0.004
0.0085
1.5254999999999999
2.3114
0.0965
0.0156
0.0
0.10250000000000001
0.2322
0.5677000000000001
0.0176
0.0
0.0
4.5692
4.5793
3.2348
0.29469999999999996
0.2844
0.3845
0.5390999999999999
0.2752
0.0718
0.0349
0.0327
0.0287
0.027299999999999998
0.0262
0.0279
0.0504
0.2411
0.18209999999999998
0.1659
0.2223
0.2539
0.25670000000000004
0.2324
0.743
0.6082
0.8207
1.7795
2.3809
0.2895
0.1835
0.1839
0.21839999999999998
0.2207
0.2248
0.2811
0.5015000000000001
0.9074
0.7796000000000001
0.8056
0.6203000000000001
0.9928000000000001
1.2569
0.9954
0.40149999999999997
0.3951
0.39159999999999995
0.36819999999999997
0.3347
0.0253
0.0286
0.0148
0.0118
0.0662
0.5337000000000001
0.0345
0.0398
0.0279
0.057800000000000004
0.0323
0.0502
0.0458
0.0514
0.0349
0.028399999999999998
0.0365
0.0295
0.016399999999999998
0.0294
0.0083
0.0
0.0049
0.0084
1.2296
6.0615000000000006
5.1158
1.3255
0.39880000000000004
0.1977
0.2049
0.21960000000000002
0.22949999999999998
0.2285
0.2216
0.2373
0.2733
0.3242
0.3778
0.44589999999999996
0.437
0.7686
0.8491
0.9074
0.7791
0.6544000000000001
0.5337000000000001
0.4465
0.6922
1.3566
2.7164
1.4226999999999999
0.37829999999999997
0.1741
0.1215
0.1296
0.12440000000000001
0.1189
0.1212
0.1481
0.1599
0.2022
0.256
0.436
0.2968
0.31079999999999997
0.3704
0.39
0.3864
0.41769999999999996
0.4899
0.5338
0.7233
0.9428000000000001
0.6758
1.0201
2.3144
1.7936999999999999
1.9467
0.49670000000000003
0.4006
0.32299999999999995
0.31930000000000003
0.3043
0.3238
0.3446
2.3847
1.5076999999999998
1.3917
1.4435
1.8925999999999998
1.6515999999999997
0.2325
0.0
0.0194
0.0779
0.0
0.0
0.01
0.0
0.0
0.0281
0.09920000000000001
0.18869999999999998
0.0812
0.0050999999999999995
0.0053
0.004
0.0085
1.5254999999999999
2.3114
0.0965
0.0156
0.0
0.10250000000000001
0.2322
0.5677000000000001
0.0176
0.0
0.0
4.5692
4.5793
3.2348
0.29469999999999996
0.2844
0.3845
0.5390999999999999
0.2752
0.0718
0.0349
0.0327
0.0287
0.027299999999999998
0.0262
0.0279
0.0504
0.2411
0.18209999999999998
0.1659
0.2223
0.2539
0.25670000000000004
0.2324
0.743
0.6082
0.8207
1.7795
2.3809
0.2895
0.1835
0.1839
0.21839999999999998
0.2207
0.2248
0.2811
0.5015000000000001
0.9074
0.7796000000000001
0.8056
0.6203000000000001
0.9928000000000001
1.2569
0.9954
0.40149999999999997
0.3951
0.39159999999999995
0.36819999999999997
0.3347
0.0253
0.0286
0.0148
0.0118
0.0662
0.5337000000000001
0.0345
0.0398
0.0279
0.057800000000000004
0.0323
0.0502
0.0458
0.0514
0.0349
0.028399999999999998
0.0365
0.0295
0.016399999999999998
0.0294
0.0083
0.0
0.0049
0.0084
1.2296
6.0615000000000006
5.1158
1.3255
0.39880000000000004
0.1977
0.2049
0.21960000000000002
0.22949999999999998
0.2285
0.2216
0.2373
0.2733
0.3242
0.3778
0.44589999999999996
0.437
0.7686
0.8491
0.9074
0.7791
0.6544000000000001
0.5337000000000001
0.4465
0.6922
1.3566
2.7164
1.4226999999999999
0.37829999999999997
0.1741
0.1215
0.1296
0.12440000000000001
0.1189
0.1212
0.1481
0.1599
0.2022
0.256
0.436
0.2968
0.31079999999999997
0.3704
0.39
0.3864
0.41769999999999996
0.4899
0.5338
0.8576
1.9896
3.3907
2.533
0.4529
0.5738
1.2676
0.23399999999999999
0.3351
0.3738
0.4626
0.4507
0.41859999999999997
0.41559999999999997
3.0451
0.0507
0.07680000000000001
0.14950000000000002
0.583
0.4641
0.1669
0.0324
0.01
0.0
0.0989
0.0933
0.0919
0.0922
0.0895
0.077
0.0585
0.0672
0.0958
0.0975
0.0746
0.0616
0.0607
0.0562
0.0626
0.0696
0.0823
0.1
0.0968
0.09609999999999999
0.0887
0.0928
0.1184
0.1241
0.7025
0.5690999999999999
0.5435
0.467
0.39649999999999996
0.3483
0.2724
0.5994999999999999
1.143
0.8275
0.23550000000000001
0.0123
0.0
0.0
0.0
0.3902
0.525
0.2277
0.2774
0.3284
0.34440000000000004
0.4131
0.9138
2.7354
4.7673
3.0087
1.2217
0.2525
0.0029
0.027700000000000002
0.1427
0.2694
0.27480000000000004
0.2727
0.2788
0.28359999999999996
0.27959999999999996
0.2435
0.37749999999999995
0.6892
0.2252
0.33089999999999997
1.0721
0.22970000000000002
0.0404
0.07070000000000001
0.023200000000000002
3.5355
4.1131
3.4551
0.46919999999999995
0.1575
0.0732
0.058300000000000005
0.0572
0.0623
0.1122
0.111
0.1023
0.074
0.0482
0.0353
0.0372
0.0755
0.1864
0.7509
0.5881000000000001
0.32530000000000003
0.296
0.3217
0.4812
1.1501000000000001
1.6333
1.6233
1.5333999999999999
0.213
0.2301
0.2983
0.5975
0.7294
0.4789
0.3868
0.38780000000000003
0.3791
0.3771
0.369
0.3972
0.6005
0.9742
0.847
1.1306
1.7446000000000002
1.8906
0.4944
0.2589
1.8032
0.2493
0.2589
0.2383
0.2465
0.2659
0.238
0.2023
0.2276
0.1676
1.1217
0.3821
0.23220000000000002
0.26
0.25270000000000004
0.2477
0.8846
0.26039999999999996
0.3125
0.36819999999999997
0.7017
0.3396
0.1366
0.20240000000000002
0.19640000000000002
0.8576
1.9896
3.3907
2.533
0.4529
0.5738
1.2676
0.23399999999999999
0.3351
0.3738
0.4626
0.4507
0.41859999999999997
0.41559999999999997
3.0451
0.0507
0.07680000000000001
0.14950000000000002
0.583
0.4641
0.1669
0.0324
0.01
0.0
0.0989
0.0933
0.0919
0.0922
0.0895
0.077
0.0585
0.0672
0.0958
0.0975
0.0746
0.0616
0.0607
0.0562
0.0626
0.0696
0.0823
0.1
0.0968
0.09609999999999999
0.0887
0.0928
0.1184
0.1241
0.7025
0.5690999999999999
0.5435
0.467
0.39649999999999996
0.3483
0.2724
0.5994999999999999
1.143
0.8275
0.23550000000000001
0.0123
0.0
0.0
0.0
0.3902
0.525
0.2277
0.2774
0.3284
0.34440000000000004
0.4131
0.9138
2.7354
4.7673
3.0087
1.2217
0.2525
0.0029
0.027700000000000002
0.1427
0.2694
0.27480000000000004
0.2727
0.2788
0.28359999999999996
0.27959999999999996
0.2435
0.37749999999999995
0.6892
0.2252
0.33089999999999997
1.0721
0.22970000000000002
0.0404
0.07070000000000001
0.023200000000000002
3.5355
4.1131
3.4551
0.46919999999999995
0.1575
0.0732
0.058300000000000005
0.0572
0.0623
0.1122
0.111
0.1023
0.074
0.0482
0.0353
0.0372
0.0755
0.1864
0.7509
0.5881000000000001
0.32530000000000003
0.296
0.3217
0.4812
1.1501000000000001
1.6333
1.6233
1.5333999999999999
0.213
0.2301
0.2983
0.5975
0.7294
0.4789
0.3868
0.38780000000000003
0.3791
0.3771
0.369
0.3972
0.6005
0.9742
0.847
1.1306
1.7446000000000002
1.8906
0.4944
0.2589
1.8032
0.2493
0.2589
0.2383
0.2465
0.2659
0.238
0.2023
0.2276
0.1676
1.1217
0.3821
0.23220000000000002
0.26
0.25270000000000004
0.2477
0.8846
0.26039999999999996
0.3125
0.36819999999999997
0.7017
0.3396
0.1366
0.20240000000000002
0.19640000000000002
0.8576
1.9896
3.3907
2.533
0.4529
0.5738
1.2676
0.23399999999999999
0.3351
0.3738
0.4626
0.4507
0.41859999999999997
0.41559999999999997
3.0451
0.0507
0.07680000000000001
0.14950000000000002
0.583
0.4641
0.1669
0.0324
0.01
0.0
0.0989
0.0933
0.0919
0.0922
0.0895
0.077
0.0585
0.0672
0.0958
0.0975
0.0746
0.0616
0.0607
0.0562
0.0626
0.0696
0.0823
0.1
0.0968
0.09609999999999999
0.0887
0.0928
0.1184
0.1241
0.7025
0.5690999999999999
0.5435
0.467
0.39649999999999996
0.3483
0.2724
0.5994999999999999
1.143
0.8275
0.23550000000000001
0.0123
0.0
0.0
0.0
0.3902
0.525
0.2277
0.2774
0.3284
0.34440000000000004
0.4131
0.9138
2.7354
4.7673
3.0087
1.2217
0.2525
0.0029
0.027700000000000002
0.1427
0.2694
0.27480000000000004
0.2727
0.2788
0.28359999999999996
0.27959999999999996
0.2435
0.37749999999999995
0.6892
0.2252
0.33089999999999997
1.0721
0.22970000000000002
0.0404
0.07070000000000001
0.023200000000000002
3.5355
4.1131
3.4551
0.46919999999999995
0.1575
0.0732
0.058300000000000005
0.0572
0.0623
0.1122
0.111
0.1023
0.074
0.0482
0.0353
0.0372
0.0755
0.1864
0.7509
0.5881000000000001
0.32530000000000003
0.296
0.3217
0.4812
1.1501000000000001
1.6333
1.6233
1.5333999999999999
0.213
0.2301
0.2983
0.5975
0.7294
0.4789
0.3868
0.38780000000000003
0.3791
0.3771
0.369
0.3972
0.6005
0.9742
0.847
1.1306
1.7446000000000002
1.8906
0.4944
0.2589
1.8032
0.2493
0.2589
0.2383
0.2465
0.2659
0.238
0.2023
0.2276
0.1676
1.1217
0.3821
0.23220000000000002
0.26
0.25270000000000004
0.2477
0.8846
0.26039999999999996
0.3125
0.36819999999999997
0.7017
0.3396
0.1366
0.20240000000000002
0.19640000000000002
0.8576
1.9896
3.3907
2.533
0.4529
0.5738
1.2676
0.23399999999999999
0.3351
0.3738
0.4626
0.4507
0.41859999999999997
0.41559999999999997
3.0451
0.0507
0.07680000000000001
0.14950000000000002
0.583
0.4641
0.1669
0.0324
0.01
0.0
0.0989
0.0933
0.0919
0.0922
0.0895
0.077
0.0585
0.0672
0.0958
0.0975
0.0746
0.0616
0.0607
0.0562
0.0626
0.0696
0.0823
0.1
0.0968
0.09609999999999999
0.0887
0.0928
0.1184
0.1241
0.7025
0.5690999999999999
0.5435
0.467
0.39649999999999996
0.3483
0.2724
0.5994999999999999
1.143
0.8275
0.23550000000000001
0.0123
0.0
0.0
0.0
0.3902
0.525
0.2277
0.2774
0.3284
0.34440000000000004
0.4131
0.9138
2.7354
4.7673
3.0087
1.2217
0.2525
0.0029
0.027700000000000002
0.1427
0.2694
0.27480000000000004
0.2727
0.2788
0.28359999999999996
0.27959999999999996
0.2435
0.37749999999999995
0.6892
0.2252
0.33089999999999997
1.0721
0.22970000000000002
0.0404
0.07070000000000001
0.023200000000000002
3.5355
4.1131
3.4551
0.46919999999999995
0.1575
0.0732
0.058300000000000005
0.0572
0.0623
0.1122
0.111
0.1023
0.074
0.0482
0.0353
0.0372
0.0755
0.1864
0.7509
0.5881000000000001
0.32530000000000003
0.296
0.3217
0.4812
1.1501000000000001
1.6333
1.6233
1.5333999999999999
0.213
0.2301
0.2983
0.5975
0.7294
0.4789
0.3868
0.38780000000000003
0.3791
0.3771
0.369
0.3972
0.6005
0.9742
0.847
1.1306
1.7446000000000002
1.8906
0.4944
0.2589
1.8032
0.2493
0.2589
0.2383
0.2465
0.2659
0.238
0.2023
0.2276
0.1676
1.1217
0.3821
0.23220000000000002
0.26
0.25270000000000004
0.2477
0.8846
0.26039999999999996
0.3125
0.36819999999999997
0.7017
0.3396
0.1366
0.20240000000000002
0.19640000000000002
0.8576
1.9896
3.3907
2.533
0.4529
0.5738
1.2676
0.23399999999999999
0.3351
0.3738
0.4626
0.4507
0.41859999999999997
0.41559999999999997
3.0451
0.0507
0.07680000000000001
0.14950000000000002
0.583
0.4641
0.1669
0.0324
0.01
0.0
0.0989
0.0933
0.0919
0.0922
0.0895
0.077
0.0585
0.0672
0.0958
0.0975
0.0746
0.0616
0.0607
0.0562
0.0626
0.0696
0.0823
0.1
0.0968
0.09609999999999999
0.0887
0.0928
0.1184
0.1241
6.1278
3.863
0.1828
0.0872
0.0
0.0408
0.09570000000000001
0.0334
0.0283
0.0072
0.0229
0.025599999999999998
0.0406
0.0659
0.09809999999999999
0.0095
0.0019
0.0072
0.0015
0.027200000000000002
0.0
0.0
0.0
4.1672
0.5024
0.2072
2.2657
1.4129
0.0
0.0974
0.0995
0.06470000000000001
0.0509
0.0558
0.037
0.020499999999999997
0.0271
0.0469
0.0623
0.0862
0.0827
0.1162
0.1158
0.0875
0.07780000000000001
0.0591
0.021
0.0
0.6221
1.4444
1.9912999999999998
2.1217
0.0
0.5844999999999999
0.47709999999999997
0.048600000000000004
0.053
0.0383
0.0397
0.06520000000000001
0.07089999999999999
0.0711
0.002
0.0
0.0
0.0
0.0
0.0539
0.0
0.0
0.0
0.0
3.8541
3.9226
3.8607
2.8151
0.11910000000000001
0.0885
0.0687
0.088
0.0645
0.0586
0.0364
0.0397
0.0335
0.0237
0.052700000000000004
0.20980000000000001
0.22860000000000003
0.3568
0.4797
0.5454
2.1936999999999998
0.37360000000000004
0.3391
2.0252
0.9021999999999999
0.5452
0.4588
0.305
0.10450000000000001
0.11030000000000001
0.088
0.0353
0.0098
0.0
0.147
1.1315
0.1271
0.0
0.0
0.7157
1.9220000000000002
0.8163
0.1507
0.1905
0.2182
0.27149999999999996
0.4151
0.4573
0.1817
0.17930000000000001
0.18309999999999998
0.2218
0.23550000000000001
0.36560000000000004
0.30110000000000003
0.2237
0.1047
0.034999999999999996
0.0577
0.0487
0.0572
0.0629
0.0645
0.0431
0.0422
0.1819
0.2015
0.28190000000000004
0.3418
0.3284
0.3161
0.2892
0.10969999999999999
0.1068
0.1079
0.1071
0.105
0.1068
0.1154
0.15719999999999998
0.016
0.0357
0.0191
0.021900000000000003
0.024399999999999998
0.0232
0.03
0.043899999999999995
0.08650000000000001
0.26139999999999997
0.2288
0.0969
0.1258
0.1167
0.1091
0.12
6.1278
3.863
0.1828
0.0872
0.0
0.0408
0.09570000000000001
0.0334
0.0283
0.0072
0.0229
0.025599999999999998
0.0406
0.0659
0.09809999999999999
0.0095
0.0019
0.0072
0.0015
0.027200000000000002
0.0
0.0
0.0
4.1672
0.5024
0.2072
2.2657
1.4129
0.0
0.0974
0.0995
0.06470000000000001
0.0509
0.0558
0.037
0.020499999999999997
0.0271
0.0469
0.0623
0.0862
0.0827
0.1162
0.1158
0.0875
0.07780000000000001
0.0591
0.021
0.0
0.6221
1.4444
1.9912999999999998
2.1217
0.0
0.5844999999999999
0.47709999999999997
0.048600000000000004
0.053
0.0383
0.0397
0.06520000000000001
0.07089999999999999
0.0711
0.002
0.0
0.0
0.0
0.0
0.0539
0.0
0.0
0.0
0.0
3.8541
3.9226
3.8607
2.8151
0.11910000000000001
0.0885
0.0687
0.088
0.0645
0.0586
0.0364
0.0397
0.0335
0.0237
0.052700000000000004
0.20980000000000001
0.22860000000000003
0.3568
0.4797
0.5454
2.1936999999999998
0.37360000000000004
0.3391
2.0252
0.9021999999999999
0.5452
0.4588
0.305
0.10450000000000001
0.11030000000000001
0.088
0.0353
0.0098
0.0
0.147
1.1315
0.1271
0.0
0.0
0.7157
1.9220000000000002
0.8163
0.1507
0.1905
0.2182
0.27149999999999996
0.4151
0.4573
0.1817
0.17930000000000001
0.18309999999999998
0.2218
0.23550000000000001
0.36560000000000004
0.30110000000000003
0.2237
0.1047
0.034999999999999996
0.0577
0.0487
0.0572
0.0629
0.0645
0.0431
0.0422
0.1819
0.2015
0.28190000000000004
0.3418
0.3284
0.3161
0.2892
0.10969999999999999
0.1068
0.1079
0.1071
0.105
0.1068
0.1154
0.15719999999999998
0.016
0.0357
0.0191
0.021900000000000003
0.024399999999999998
0.0232
0.03
0.043899999999999995
0.08650000000000001
0.26139999999999997
0.2288
0.0969
0.1258
0.1167
0.1091
0.12
6.1278
3.863
0.1828
0.0872
0.0
0.0408
0.09570000000000001
0.0334
0.0283
0.0072
0.0229
0.025599999999999998
0.0406
0.0659
0.09809999999999999
0.0095
0.0019
0.0072
0.0015
0.027200000000000002
0.0
0.0
0.0
4.1672
0.5024
0.2072
2.2657
1.4129
0.0
0.0974
0.0995
0.06470000000000001
0.0509
0.0558
0.037
0.020499999999999997
0.0271
0.0469
0.0623
0.0862
0.0827
0.1162
0.1158
0.0875
0.07780000000000001
0.0591
0.021
0.0
0.6221
1.4444
1.9912999999999998
2.1217
0.0
0.5844999999999999
0.47709999999999997
0.048600000000000004
0.053
0.0383
0.0397
0.06520000000000001
0.07089999999999999
0.0711
0.002
0.0
0.0
0.0
0.0
0.0539
0.0
0.0
0.0
0.0
3.8541
3.9226
3.8607
2.8151
0.11910000000000001
0.0885
0.0687
0.088
0.0645
0.0586
0.0364
0.0397
0.0335
0.0237
0.052700000000000004
0.20980000000000001
0.22860000000000003
0.3568
0.4797
0.5454
2.1936999999999998
0.37360000000000004
0.3391
2.0252
0.9021999999999999
0.5452
0.4588
0.305
0.10450000000000001
0.11030000000000001
0.088
0.0353
0.0098
0.0
0.147
1.1315
0.1271
0.0
0.0
0.7157
1.9220000000000002
0.8163
0.1507
0.1905
0.2182
0.27149999999999996
0.4151
0.4573
0.1817
0.17930000000000001
0.18309999999999998
0.2218
0.23550000000000001
0.36560000000000004
0.30110000000000003
0.2237
0.1047
0.034999999999999996
0.0577
0.0487
0.0572
0.0629
0.0645
0.0431
0.0422
0.1819
0.2015
0.28190000000000004
0.3418
0.3284
0.3161
0.2892
0.10969999999999999
0.1068
0.1079
0.1071
0.105
0.1068
0.1154
0.15719999999999998
0.016
0.0357
0.0191
0.021900000000000003
0.024399999999999998
0.0232
0.03
0.043899999999999995
0.08650000000000001
0.26139999999999997
0.2288
0.0969
0.1258
0.1167
0.1091
0.12
6.1278
3.863
0.1828
0.0872
0.0
0.0408
0.09570000000000001
0.0334
0.0283
0.0072
0.0229
0.025599999999999998
0.0406
0.0659
0.09809999999999999
0.0095
0.0019
0.0072
0.0015
0.027200000000000002
0.0
0.0
0.0
4.1672
0.5024
0.2072
2.2657
1.4129
0.0
0.0974
0.0995
0.06470000000000001
0.0509
0.0558
0.037
0.020499999999999997
0.0271
0.0469
0.0623
0.0862
0.0827
0.1162
0.1158
0.0875
0.07780000000000001
0.0591
0.021
0.0
0.6221
1.4444
1.9912999999999998
2.1217
0.0
0.5844999999999999
0.47709999999999997
0.048600000000000004
0.053
0.0383
0.0397
0.06520000000000001
0.07089999999999999
0.0711
0.002
0.0
0.0
0.0
0.0
0.0539
0.0
0.0
0.0
0.0
3.8541
3.9226
3.8607
2.8151
0.11910000000000001
0.0885
0.0687
0.088
0.0645
0.0586
0.0364
0.0397
0.0335
0.0237
0.052700000000000004
0.20980000000000001
0.22860000000000003
0.3568
0.4797
0.5454
2.1936999999999998
0.37360000000000004
0.3391
2.0252
0.9021999999999999
0.5452
0.4588
0.305
0.10450000000000001
0.11030000000000001
0.088
0.0353
0.0098
0.0
0.147
1.1315
0.1271
0.0
0.0
0.7157
1.9220000000000002
0.8163
0.1507
0.1905
0.2182
0.27149999999999996
0.4151
0.4573
0.1817
0.17930000000000001
0.18309999999999998
0.2218
0.23550000000000001
0.36560000000000004
0.30110000000000003
0.2237
0.1047
0.034999999999999996
0.0577
0.0487
0.0572
0.0629
0.0645
0.0431
0.0422
0.1819
0.2015
0.28190000000000004
0.3418
0.3284
0.3161
0.2892
0.10969999999999999
0.1068
0.1079
0.1071
0.105
0.1068
0.1154
0.15719999999999998
0.016
0.0357
0.0191
0.021900000000000003
0.024399999999999998
0.0232
0.03
0.043899999999999995
0.08650000000000001
0.26139999999999997
0.2288
0.0969
0.1258
0.1167
0.1091
0.12
6.1278
3.863
0.1828
0.0872
0.0
0.0408
0.09570000000000001
0.0334
0.0283
0.0072
0.0229
0.025599999999999998
0.0406
0.0659
0.09809999999999999
0.0095
0.0019
0.0072
0.0015
0.027200000000000002
0.0
0.0
0.0
4.1672
0.5024
0.2072
2.2657
1.4129
0.0
0.0974
0.0995
0.06470000000000001
0.0509
0.0558
0.037
0.020499999999999997
0.0271
0.0469
0.0623
0.0862
0.0827
0.1162
0.1158
0.0875
0.07780000000000001
0.0591
0.021
0.0
0.6221
1.4444
1.9912999999999998
2.1217
0.0
0.5844999999999999
0.47709999999999997
0.048600000000000004
0.053
0.0383
0.0397
0.06520000000000001
0.07089999999999999
0.0711
0.002
0.0
0.0
0.0
0.0
0.0539
0.0
0.0
0.0
0.0
