0.19
0.19019999999999998
0.18880000000000002
0.20079999999999998
2.25
0.1994
0.3991
0.7898000000000001
0.9096
0.7072
0.5554
0.6798
1.1036000000000001
0.8539
0.30779999999999996
0.06709999999999999
0.043899999999999995
0.0641
0.043
0.056
0.0
0.0
0.0042
0.0044
0.47929999999999995
0.4538
0.39890000000000003
0.3826
0.3789
0.36850000000000005
0.3501
0.2982
0.25170000000000003
0.24180000000000001
0.2233
0.2563
0.23299999999999998
0.2754
0.3363
0.8682
0.5679000000000001
0.7717
0.9811
0.7985
0.5473
0.5
0.4672
0.46730000000000005
4.0472
6.4816
6.0024
3.2694
0.9693
0.2179
0.16010000000000002
0.2852
0.2522
0.10089999999999999
0.0779
0.057300000000000004
0.0625
0.0548
0.0455
0.0375
0.0017
0.0
0.0
0.1034
0.6355999999999999
0.7601
1.0857
1.0535
3.8063
2.3494
0.936
0.4922
0.2567
0.1742
0.1243
0.0936
0.06739999999999999
0.0619
0.07200000000000001
0.0636
0.0649
0.0613
0.1086
0.1935
0.1583
0.1885
0.23709999999999998
0.31179999999999997
1.1085
1.1117
0.9654
3.2266
0.7118
0.22449999999999998
0.139
0.3105
3.2149
0.0
2.4363
0.0859
0.1978
0.2502
0.3973
0.2027
0.1483
0.1241
0.4325
0.5957
0.1671
0.20700000000000002
0.1457
0.17880000000000001
0.08560000000000001
0.1327
0.13119999999999998
0.1493
0.2755
0.27059999999999995
0.26449999999999996
0.26990000000000003
0.26770000000000005
0.24480000000000002
0.18830000000000002
0.22859999999999997
0.3077
0.1256
0.053500000000000006
0.0453
0.0419
0.038500000000000006
0.0474
0.0586
0.0816
0.1906
0.2232
0.21100000000000002
0.2101
0.22139999999999999
0.2584
0.27590000000000003
2.2709
2.502
2.3239
2.2276
1.4322000000000001
0.3212
0.3513
0.4155
0.5345
0.6869000000000001
0.8158
0.7775000000000001
0.6727000000000001
0.6486000000000001
0.6609
0.7052
0.7888
1.4219
1.4176
0.9103
0.8029
0.8038000000000001
0.9173
0.9973
0.19
0.19019999999999998
0.18880000000000002
0.20079999999999998
2.25
0.1994
0.3991
0.7898000000000001
0.9096
0.7072
0.5554
0.6798
1.1036000000000001
0.8539
0.30779999999999996
0.06709999999999999
0.043899999999999995
0.0641
0.043
0.056
0.0
0.0
0.0042
0.0044
0.47929999999999995
0.4538
0.39890000000000003
0.3826
0.3789
0.36850000000000005
0.3501
0.2982
0.25170000000000003
0.24180000000000001
0.2233
0.2563
0.23299999999999998
0.2754
0.3363
0.8682
0.5679000000000001
0.7717
0.9811
0.7985
0.5473
0.5
0.4672
0.46730000000000005
4.0472
6.4816
6.0024
3.2694
0.9693
0.2179
0.16010000000000002
0.2852
0.2522
0.10089999999999999
0.0779
0.057300000000000004
0.0625
0.0548
0.0455
0.0375
0.0017
0.0
0.0
0.1034
0.6355999999999999
0.7601
1.0857
1.0535
3.8063
2.3494
0.936
0.4922
0.2567
0.1742
0.1243
0.0936
0.06739999999999999
0.0619
0.07200000000000001
0.0636
0.0649
0.0613
0.1086
0.1935
0.1583
0.1885
0.23709999999999998
0.31179999999999997
1.1085
1.1117
0.9654
3.2266
0.7118
0.22449999999999998
0.139
0.3105
3.2149
0.0
2.4363
0.0859
0.1978
0.2502
0.3973
0.2027
0.1483
0.1241
0.4325
0.5957
0.1671
0.20700000000000002
0.1457
0.17880000000000001
0.08560000000000001
0.1327
0.13119999999999998
0.1493
0.2755
0.27059999999999995
0.26449999999999996
0.26990000000000003
0.26770000000000005
0.24480000000000002
0.18830000000000002
0.22859999999999997
0.3077
0.1256
0.053500000000000006
0.0453
0.0419
0.038500000000000006
0.0474
0.0586
0.0816
0.1906
0.2232
0.21100000000000002
0.2101
0.22139999999999999
0.2584
0.27590000000000003
2.2709
2.502
2.3239
2.2276
1.4322000000000001
0.3212
0.3513
0.4155
0.5345
0.6869000000000001
0.8158
0.7775000000000001
0.6727000000000001
0.6486000000000001
0.6609
0.7052
0.7888
1.4219
1.4176
0.9103
0.8029
0.8038000000000001
0.9173
0.9973
0.19
0.19019999999999998
0.18880000000000002
0.20079999999999998
2.25
0.1994
0.3991
0.7898000000000001
0.9096
0.7072
0.5554
0.6798
1.1036000000000001
0.8539
0.30779999999999996
0.06709999999999999
0.043899999999999995
0.0641
0.043
0.056
0.0
0.0
0.0042
0.0044
0.47929999999999995
0.4538
0.39890000000000003
0.3826
0.3789
0.36850000000000005
0.3501
0.2982
0.25170000000000003
0.24180000000000001
0.2233
0.2563
0.23299999999999998
0.2754
0.3363
0.8682
0.5679000000000001
0.7717
0.9811
0.7985
0.5473
0.5
0.4672
0.46730000000000005
4.0472
6.4816
6.0024
3.2694
0.9693
0.2179
0.16010000000000002
0.2852
0.2522
0.10089999999999999
0.0779
0.057300000000000004
0.0625
0.0548
0.0455
0.0375
0.0017
0.0
0.0
0.1034
0.6355999999999999
0.7601
1.0857
1.0535
3.8063
2.3494
0.936
0.4922
0.2567
0.1742
0.1243
0.0936
0.06739999999999999
0.0619
0.07200000000000001
0.0636
0.0649
0.0613
0.1086
0.1935
0.1583
0.1885
0.23709999999999998
0.31179999999999997
1.1085
1.1117
0.9654
3.2266
0.7118
0.22449999999999998
0.139
0.3105
3.2149
0.0
2.4363
0.0859
0.1978
0.2502
0.3973
0.2027
0.1483
0.1241
0.4325
0.5957
0.1671
0.20700000000000002
0.1457
0.17880000000000001
0.08560000000000001
0.1327
0.13119999999999998
0.1493
0.2755
0.27059999999999995
0.26449999999999996
0.26990000000000003
0.26770000000000005
0.24480000000000002
0.18830000000000002
0.22859999999999997
0.3077
0.1256
0.053500000000000006
0.0453
0.0419
0.038500000000000006
0.0474
0.0586
0.0816
0.1906
0.2232
0.21100000000000002
0.2101
0.22139999999999999
0.2584
0.27590000000000003
2.2709
2.502
2.3239
2.2276
1.4322000000000001
0.3212
0.3513
0.4155
0.5345
0.6869000000000001
0.8158
0.7775000000000001
0.6727000000000001
0.6486000000000001
0.6609
0.7052
0.7888
1.4219
1.4176
0.9103
0.8029
0.8038000000000001
0.9173
0.9973
0.19
0.19019999999999998
0.18880000000000002
0.20079999999999998
2.25
0.1994
0.3991
0.7898000000000001
0.9096
0.7072
0.5554
0.6798
1.1036000000000001
0.8539
0.30779999999999996
0.06709999999999999
0.043899999999999995
0.0641
0.043
0.056
0.0
0.0
0.0042
0.0044
0.47929999999999995
0.4538
0.39890000000000003
0.3826
0.3789
0.36850000000000005
0.3501
0.2982
0.25170000000000003
0.24180000000000001
0.2233
0.2563
0.23299999999999998
0.2754
0.3363
0.8682
0.5679000000000001
0.7717
0.9811
0.7985
0.5473
0.5
0.4672
0.46730000000000005
4.0472
6.4816
6.0024
3.2694
0.9693
0.2179
0.16010000000000002
0.2852
0.2522
0.10089999999999999
0.0779
0.057300000000000004
0.0625
0.0548
0.0455
0.0375
0.0017
0.0
0.0
0.1034
0.6355999999999999
0.7601
1.0857
1.0535
3.8063
2.3494
0.936
0.4922
0.2567
0.1742
0.1243
0.0936
0.06739999999999999
0.0619
0.07200000000000001
0.0636
0.0649
0.0613
0.1086
0.1935
0.1583
0.1885
0.23709999999999998
0.31179999999999997
1.1085
1.1117
0.9654
3.2266
0.7118
0.22449999999999998
0.139
0.3105
3.2149
0.0
2.4363
0.0859
0.1978
0.2502
0.3973
0.2027
0.1483
0.1241
0.4325
0.5957
0.1671
0.20700000000000002
0.1457
0.17880000000000001
0.08560000000000001
0.1327
0.13119999999999998
0.1493
0.2755
0.27059999999999995
0.26449999999999996
0.26990000000000003
0.26770000000000005
0.24480000000000002
0.18830000000000002
0.22859999999999997
0.3077
0.1256
0.053500000000000006
0.0453
0.0419
0.038500000000000006
0.0474
0.0586
0.0816
0.1906
0.2232
0.21100000000000002
0.2101
0.22139999999999999
0.2584
0.27590000000000003
2.2709
2.502
2.3239
2.2276
1.4322000000000001
0.3212
0.3513
0.4155
0.5345
0.6869000000000001
0.8158
0.7775000000000001
0.6727000000000001
0.6486000000000001
0.6609
0.7052
0.7888
1.4219
1.4176
0.9103
0.8029
0.8038000000000001
0.9173
0.9973
0.19
0.19019999999999998
0.18880000000000002
0.20079999999999998
2.25
0.1994
0.3991
0.7898000000000001
0.9096
0.7072
0.5554
0.6798
1.1036000000000001
0.8539
0.30779999999999996
0.06709999999999999
0.043899999999999995
0.0641
0.043
0.056
0.0
0.0
0.0042
0.0044
0.47929999999999995
0.4538
0.39890000000000003
0.3826
0.3789
0.36850000000000005
0.3501
0.2982
0.25170000000000003
0.24180000000000001
0.2233
0.2563
0.23299999999999998
0.2754
0.3363
0.8682
0.5679000000000001
0.7717
0.9811
0.7985
0.5473
0.5
0.4672
0.46730000000000005
4.0472
6.4816
6.0024
3.2694
0.9693
0.2179
0.16010000000000002
0.2852
0.2522
0.10089999999999999
0.0779
0.057300000000000004
0.0625
0.0548
0.0455
0.0375
0.0017
0.0
0.0
0.1034
0.6355999999999999
0.7601
1.0857
1.0535
1.6287
2.1157000000000004
1.4649
0.5467
0.3524
0.2496
0.2467
0.41600000000000004
1.133
1.0299
0.5154000000000001
0.1192
0.0808
0.0674
0.07819999999999999
0.41069999999999995
0.392
0.352
0.4456
0.5921
1.1707999999999998
1.2955
1.0183
0.6805
0.1708
0.1499
0.16970000000000002
0.1701
0.15239999999999998
0.2041
0.26990000000000003
0.1013
0.061900000000000004
0.0397
0.025
0.6702
0.4693
0.0349
0.0487
0.3417
0.0581
0.7752
0.5936
0.9679
1.5065
1.5048
0.8991
0.3886
2.4207
3.3970000000000002
3.5956
4.4162
0.5477
0.0635
0.0165
0.0342
0.08299999999999999
0.1322
0.19319999999999998
0.29590000000000005
0.2931
0.3146
0.4051
0.3184
0.28969999999999996
0.3493
0.40180000000000005
0.5596
0.5668
0.7214
1.347
1.3152
3.612
5.2469
5.1837
1.4901
0.3443
0.328
0.5746
0.819
0.1449
0.0111
0.0153
0.0247
0.0237
0.0241
0.0348
0.0577
0.31899999999999995
1.7416999999999998
1.3135
1.0915
0.8725
0.7121999999999999
0.5448999999999999
0.4777
1.9607999999999999
2.2143
2.2340999999999998
2.2744999999999997
2.2743
1.5139999999999998
0.3387
0.46
0.7581
0.9964
1.1674
1.21
1.0466
0.979
1.3119999999999998
1.2631000000000001
1.1085
1.3152
1.6973
2.5433000000000003
2.2496
1.6933
1.7509000000000001
1.8744
0.8432999999999999
0.8115
0.7943
0.8008
0.9068
0.7218
0.7919
1.0678
0.0
0.0606
0.11019999999999999
0.1797
0.1414
0.0968
0.078
0.1383
0.6687000000000001
0.6228
0.391
1.4041
0.8066
0.5883
0.7283999999999999
0.8003
4.7961
9.9164
10.98
4.7615
0.4812
0.035
0.05499999999999999
0.053500000000000006
0.0436
0.046200000000000005
0.048
0.0182
0.045700000000000005
0.0678
0.0748
0.0713
0.07600000000000001
0.06409999999999999
0.066
0.044899999999999995
0.033
0.0473
0.1209
0.12840000000000001
1.6287
2.1157000000000004
1.4649
0.5467
0.3524
0.2496
0.2467
0.41600000000000004
1.133
1.0299
0.5154000000000001
0.1192
0.0808
0.0674
0.07819999999999999
0.41069999999999995
0.392
0.352
0.4456
0.5921
1.1707999999999998
1.2955
1.0183
0.6805
0.1708
0.1499
0.16970000000000002
0.1701
0.15239999999999998
0.2041
0.26990000000000003
0.1013
0.061900000000000004
0.0397
0.025
0.6702
0.4693
0.0349
0.0487
0.3417
0.0581
0.7752
0.5936
0.9679
1.5065
1.5048
0.8991
0.3886
2.4207
3.3970000000000002
3.5956
4.4162
0.5477
0.0635
0.0165
0.0342
0.08299999999999999
0.1322
0.19319999999999998
0.29590000000000005
0.2931
0.3146
0.4051
0.3184
0.28969999999999996
0.3493
0.40180000000000005
0.5596
0.5668
0.7214
1.347
1.3152
3.612
5.2469
5.1837
1.4901
0.3443
0.328
0.5746
0.819
0.1449
0.0111
0.0153
0.0247
0.0237
0.0241
0.0348
0.0577
0.31899999999999995
1.7416999999999998
1.3135
1.0915
0.8725
0.7121999999999999
0.5448999999999999
0.4777
1.9607999999999999
2.2143
2.2340999999999998
2.2744999999999997
2.2743
1.5139999999999998
0.3387
0.46
0.7581
0.9964
1.1674
1.21
1.0466
0.979
1.3119999999999998
1.2631000000000001
1.1085
1.3152
1.6973
2.5433000000000003
2.2496
1.6933
1.7509000000000001
1.8744
0.8432999999999999
0.8115
0.7943
0.8008
0.9068
0.7218
0.7919
1.0678
0.0
0.0606
0.11019999999999999
0.1797
0.1414
0.0968
0.078
0.1383
0.6687000000000001
0.6228
0.391
1.4041
0.8066
0.5883
0.7283999999999999
0.8003
4.7961
9.9164
10.98
4.7615
0.4812
0.035
0.05499999999999999
0.053500000000000006
0.0436
0.046200000000000005
0.048
0.0182
0.045700000000000005
0.0678
0.0748
0.0713
0.07600000000000001
0.06409999999999999
0.066
0.044899999999999995
0.033
0.0473
0.1209
0.12840000000000001
1.6287
2.1157000000000004
1.4649
0.5467
0.3524
0.2496
0.2467
0.41600000000000004
1.133
1.0299
0.5154000000000001
0.1192
0.0808
0.0674
0.07819999999999999
0.41069999999999995
0.392
0.352
0.4456
0.5921
1.1707999999999998
1.2955
1.0183
0.6805
0.1708
0.1499
0.16970000000000002
0.1701
0.15239999999999998
0.2041
0.26990000000000003
0.1013
0.061900000000000004
0.0397
0.025
0.6702
0.4693
0.0349
0.0487
0.3417
0.0581
0.7752
0.5936
0.9679
1.5065
1.5048
0.8991
0.3886
2.4207
3.3970000000000002
3.5956
4.4162
0.5477
0.0635
0.0165
0.0342
0.08299999999999999
0.1322
0.19319999999999998
0.29590000000000005
0.2931
0.3146
0.4051
0.3184
0.28969999999999996
0.3493
0.40180000000000005
0.5596
0.5668
0.7214
1.347
1.3152
3.612
5.2469
5.1837
1.4901
0.3443
0.328
0.5746
0.819
0.1449
0.0111
0.0153
0.0247
0.0237
0.0241
0.0348
0.0577
0.31899999999999995
1.7416999999999998
1.3135
1.0915
0.8725
0.7121999999999999
0.5448999999999999
0.4777
1.9607999999999999
2.2143
2.2340999999999998
2.2744999999999997
2.2743
1.5139999999999998
0.3387
0.46
0.7581
0.9964
1.1674
1.21
1.0466
0.979
1.3119999999999998
1.2631000000000001
1.1085
1.3152
1.6973
2.5433000000000003
2.2496
1.6933
1.7509000000000001
1.8744
0.8432999999999999
0.8115
0.7943
0.8008
0.9068
0.7218
0.7919
1.0678
0.0
0.0606
0.11019999999999999
0.1797
0.1414
0.0968
0.078
0.1383
0.6687000000000001
0.6228
0.391
1.4041
0.8066
0.5883
0.7283999999999999
0.8003
4.7961
9.9164
10.98
4.7615
0.4812
0.035
0.05499999999999999
0.053500000000000006
0.0436
0.046200000000000005
0.048
0.0182
0.045700000000000005
0.0678
0.0748
0.0713
0.07600000000000001
0.06409999999999999
0.066
0.044899999999999995
0.033
0.0473
0.1209
0.12840000000000001
1.6287
2.1157000000000004
1.4649
0.5467
0.3524
0.2496
0.2467
0.41600000000000004
1.133
1.0299
0.5154000000000001
0.1192
0.0808
0.0674
0.07819999999999999
0.41069999999999995
0.392
0.352
0.4456
0.5921
1.1707999999999998
1.2955
1.0183
0.6805
0.1708
0.1499
0.16970000000000002
0.1701
0.15239999999999998
0.2041
0.26990000000000003
0.1013
0.061900000000000004
0.0397
0.025
0.6702
0.4693
0.0349
0.0487
0.3417
0.0581
0.7752
0.5936
0.9679
1.5065
1.5048
0.8991
0.3886
2.4207
3.3970000000000002
3.5956
4.4162
0.5477
0.0635
0.0165
0.0342
0.08299999999999999
0.1322
0.19319999999999998
0.29590000000000005
0.2931
0.3146
0.4051
0.3184
0.28969999999999996
0.3493
0.40180000000000005
0.5596
0.5668
0.7214
1.347
1.3152
3.612
5.2469
5.1837
1.4901
0.3443
0.328
0.5746
0.819
0.1449
0.0111
0.0153
0.0247
0.0237
0.0241
0.0348
0.0577
0.31899999999999995
1.7416999999999998
1.3135
1.0915
0.8725
0.7121999999999999
0.5448999999999999
0.4777
1.9607999999999999
2.2143
2.2340999999999998
2.2744999999999997
2.2743
1.5139999999999998
0.3387
0.46
0.7581
0.9964
1.1674
1.21
1.0466
0.979
1.3119999999999998
1.2631000000000001
1.1085
1.3152
1.6973
2.5433000000000003
2.2496
1.6933
1.7509000000000001
1.8744
0.8432999999999999
0.8115
0.7943
0.8008
0.9068
0.7218
0.7919
1.0678
0.0
0.0606
0.11019999999999999
0.1797
0.1414
0.0968
0.078
0.1383
0.6687000000000001
0.6228
0.391
1.4041
0.8066
0.5883
0.7283999999999999
0.8003
4.7961
9.9164
10.98
4.7615
0.4812
0.035
0.05499999999999999
0.053500000000000006
0.0436
0.046200000000000005
0.048
0.0182
0.045700000000000005
0.0678
0.0748
0.0713
0.07600000000000001
0.06409999999999999
0.066
0.044899999999999995
0.033
0.0473
0.1209
0.12840000000000001
0.044
0.0446
0.0453
0.0463
0.0479
0.0429
0.0293
0.0201
0.0062
0.024
0.0257
0.0206
0.0212
0.0275
0.0319
0.0395
0.0332
0.0327
0.031
0.0448
0.0402
0.0361
0.0442
0.0499
0.428
1.9327
3.2404
2.5269000000000004
1.9813
0.2712
0.7969999999999999
0.7251000000000001
0.5059
0.3994
0.278
0.2399
0.25279999999999997
0.24580000000000002
0.2887
0.2651
0.2638
0.26859999999999995
0.2606
1.4472999999999998
0.09709999999999999
0.1381
0.12390000000000001
0.12569999999999998
1.4058000000000002
1.157
0.8867
0.7639
0.9495
0.9016
0.2027
0.0591
0.0652
0.0588
0.0537
0.027999999999999997
0.0377
0.0223
0.0168
0.0
0.0
0.0678
0.7803
0.9439000000000001
1.0762
0.8824
0.7558
0.779
2.3890000000000002
3.5153
3.3286
1.7190999999999999
0.8323
0.4051
0.1869
0.2087
0.1728
0.2198
0.23259999999999997
0.22920000000000001
0.1926
0.1728
0.1651
0.10769999999999999
0.0606
0.043399999999999994
0.10139999999999999
1.4226999999999999
0.20900000000000002
0.2656
0.4367
0.5298
0.4083
0.4619
1.0284
0.5962000000000001
0.0892
0.039599999999999996
0.0532
0.07289999999999999
0.0399
0.059500000000000004
0.0571
0.0492
0.055099999999999996
0.048799999999999996
0.0376
0.0687
0.13069999999999998
0.2009
0.2568
0.6745
2.5722
1.2402
0.6178
2.361
0.2641
0.2673
0.2632
0.263
0.2353
0.1429
0.0691
0.0428
0.0961
0.0937
0.0582
0.0152
0.0166
0.0186
0.0323
0.0571
0.0397
0.039599999999999996
0.12209999999999999
0.15589999999999998
0.1512
0.1482
0.1631
0.1839
0.827
1.0135
0.5104
4.0839
0.2415
0.3624
0.3345
0.3209
0.2893
0.27070000000000005
0.24209999999999998
0.2573
0.26170000000000004
0.2683
0.262
0.2846
0.3116
0.9775
0.6252
0.6835
0.5672
0.4077
0.3363
0.2712
0.044
0.0446
0.0453
0.0463
0.0479
0.0429
0.0293
0.0201
0.0062
0.024
0.0257
0.0206
0.0212
0.0275
0.0319
0.0395
0.0332
0.0327
0.031
0.0448
0.0402
0.0361
0.0442
0.0499
0.428
1.9327
3.2404
2.5269000000000004
1.9813
0.2712
0.7969999999999999
0.7251000000000001
0.5059
0.3994
0.278
0.2399
0.25279999999999997
0.24580000000000002
0.2887
0.2651
0.2638
0.26859999999999995
0.2606
1.4472999999999998
0.09709999999999999
0.1381
0.12390000000000001
0.12569999999999998
1.4058000000000002
1.157
0.8867
0.7639
0.9495
0.9016
0.2027
0.0591
0.0652
0.0588
0.0537
0.027999999999999997
0.0377
0.0223
0.0168
0.0
0.0
0.0678
0.7803
0.9439000000000001
1.0762
0.8824
0.7558
0.779
2.3890000000000002
3.5153
3.3286
1.7190999999999999
0.8323
0.4051
0.1869
0.2087
0.1728
0.2198
0.23259999999999997
0.22920000000000001
0.1926
0.1728
0.1651
0.10769999999999999
0.0606
0.043399999999999994
0.10139999999999999
1.4226999999999999
0.20900000000000002
0.2656
0.4367
0.5298
0.4083
0.4619
1.0284
0.5962000000000001
0.0892
0.039599999999999996
0.0532
0.07289999999999999
0.0399
0.059500000000000004
0.0571
0.0492
0.055099999999999996
0.048799999999999996
0.0376
0.0687
0.13069999999999998
0.2009
0.2568
0.6745
2.5722
1.2402
0.6178
2.361
0.2641
0.2673
0.2632
0.263
0.2353
0.1429
0.0691
0.0428
0.0961
0.0937
0.0582
0.0152
0.0166
0.0186
0.0323
0.0571
0.0397
0.039599999999999996
0.12209999999999999
0.15589999999999998
0.1512
0.1482
0.1631
0.1839
0.827
1.0135
0.5104
4.0839
0.2415
0.3624
0.3345
0.3209
0.2893
0.27070000000000005
0.24209999999999998
0.2573
0.26170000000000004
0.2683
0.262
0.2846
0.3116
0.9775
0.6252
0.6835
0.5672
0.4077
0.3363
0.2712
0.044
0.0446
0.0453
0.0463
0.0479
0.0429
0.0293
0.0201
0.0062
0.024
0.0257
0.0206
0.0212
0.0275
0.0319
0.0395
0.0332
0.0327
0.031
0.0448
0.0402
0.0361
0.0442
0.0499
0.428
1.9327
3.2404
2.5269000000000004
1.9813
0.2712
0.7969999999999999
0.7251000000000001
0.5059
0.3994
0.278
0.2399
0.25279999999999997
0.24580000000000002
0.2887
0.2651
0.2638
0.26859999999999995
0.2606
1.4472999999999998
0.09709999999999999
0.1381
0.12390000000000001
0.12569999999999998
1.4058000000000002
1.157
0.8867
0.7639
0.9495
0.9016
0.2027
0.0591
0.0652
0.0588
0.0537
0.027999999999999997
0.0377
0.0223
0.0168
0.0
0.0
0.0678
0.7803
0.9439000000000001
1.0762
0.8824
0.7558
0.779
2.3890000000000002
3.5153
3.3286
1.7190999999999999
0.8323
0.4051
0.1869
0.2087
0.1728
0.2198
0.23259999999999997
0.22920000000000001
0.1926
0.1728
0.1651
0.10769999999999999
0.0606
0.043399999999999994
0.10139999999999999
1.4226999999999999
0.20900000000000002
0.2656
0.4367
0.5298
0.4083
0.4619
1.0284
0.5962000000000001
0.0892
0.039599999999999996
0.0532
0.07289999999999999
0.0399
0.059500000000000004
0.0571
0.0492
0.055099999999999996
0.048799999999999996
0.0376
0.0687
0.13069999999999998
0.2009
0.2568
0.6745
2.5722
1.2402
0.6178
2.361
0.2641
0.2673
0.2632
0.263
0.2353
0.1429
0.0691
0.0428
0.0961
0.0937
0.0582
0.0152
0.0166
0.0186
0.0323
0.0571
0.0397
0.039599999999999996
0.12209999999999999
0.15589999999999998
0.1512
0.1482
0.1631
0.1839
0.827
1.0135
0.5104
4.0839
0.2415
0.3624
0.3345
0.3209
0.2893
0.27070000000000005
0.24209999999999998
0.2573
0.26170000000000004
0.2683
0.262
0.2846
0.3116
0.9775
0.6252
0.6835
0.5672
0.4077
0.3363
0.2712
0.044
0.0446
0.0453
0.0463
0.0479
0.0429
0.0293
0.0201
0.0062
0.024
0.0257
0.0206
0.0212
0.0275
0.0319
0.0395
0.0332
0.0327
0.031
0.0448
0.0402
0.0361
0.0442
0.0499
0.428
1.9327
3.2404
2.5269000000000004
1.9813
0.2712
0.7969999999999999
0.7251000000000001
0.5059
0.3994
0.278
0.2399
0.25279999999999997
0.24580000000000002
0.2887
0.2651
0.2638
0.26859999999999995
0.2606
1.4472999999999998
0.09709999999999999
0.1381
0.12390000000000001
0.12569999999999998
1.4058000000000002
1.157
0.8867
0.7639
0.9495
0.9016
0.2027
0.0591
0.0652
0.0588
0.0537
0.027999999999999997
0.0377
0.0223
0.0168
0.0
0.0
0.0678
0.7803
0.9439000000000001
1.0762
0.8824
0.7558
0.779
2.3890000000000002
3.5153
3.3286
1.7190999999999999
0.8323
0.4051
0.1869
0.2087
0.1728
0.2198
0.23259999999999997
0.22920000000000001
0.1926
0.1728
0.1651
0.10769999999999999
0.0606
0.043399999999999994
0.10139999999999999
1.4226999999999999
0.20900000000000002
0.2656
0.4367
0.5298
0.4083
0.4619
1.0284
0.5962000000000001
0.0892
0.039599999999999996
0.0532
0.07289999999999999
0.0399
0.059500000000000004
0.0571
0.0492
0.055099999999999996
0.048799999999999996
0.0376
0.0687
0.13069999999999998
0.2009
0.2568
0.6745
2.5722
1.2402
0.6178
2.361
0.2641
0.2673
0.2632
0.263
0.2353
0.1429
0.0691
0.0428
0.0961
0.0937
0.0582
0.0152
0.0166
0.0186
0.0323
0.0571
0.0397
0.039599999999999996
0.12209999999999999
0.15589999999999998
0.1512
0.1482
0.1631
0.1839
0.827
1.0135
0.5104
4.0839
0.2415
0.3624
0.3345
0.3209
0.2893
0.27070000000000005
0.24209999999999998
0.2573
0.26170000000000004
0.2683
0.262
0.2846
0.3116
0.9775
0.6252
0.6835
0.5672
0.4077
0.3363
0.2712
0.044
0.0446
0.0453
0.0463
0.0479
0.0429
0.0293
0.0201
0.0062
0.024
0.0257
0.0206
0.0212
0.0275
0.0319
0.0395
0.0332
0.0327
0.031
0.0448
0.0402
0.0361
0.0442
0.0499
0.428
1.9327
3.2404
2.5269000000000004
1.9813
0.2712
0.7969999999999999
0.7251000000000001
0.5059
0.3994
0.278
0.2399
0.25279999999999997
0.24580000000000002
0.2887
0.2651
0.2638
0.26859999999999995
0.2606
1.4472999999999998
0.09709999999999999
0.1381
0.12390000000000001
0.12569999999999998
1.4058000000000002
1.157
0.8867
0.7639
0.9495
0.9016
0.2027
0.0591
0.0652
0.0588
0.0537
0.027999999999999997
0.0377
0.0223
0.0168
0.0
0.0
0.0678
0.7803
0.9439000000000001
1.0762
0.8824
0.7558
0.779
0.0311
0.028999999999999998
0.028499999999999998
0.0276
0.0283
0.0295
0.0258
0.0253
0.0253
0.028200000000000003
0.024399999999999998
0.024599999999999997
0.0267
0.0254
0.0258
0.0275
0.0266
0.0359
0.031
0.0325
0.034
0.0305
0.038599999999999995
0.0445
1.3256999999999999
8.0752
7.788600000000001
3.6439
0.3535
0.0
0.001
0.0558
0.019799999999999998
0.0055
0.028900000000000002
0.0478
0.0401
0.5527
1.1978
0.0866
0.3879
0.7052
0.3537
0.2992
0.2841
0.2527
0.1759
0.13540000000000002
4.35
10.4205
9.334499999999998
6.9248
2.7835
1.263
1.2646000000000002
1.3435
1.3274
1.6440000000000001
2.1603000000000003
1.9211
1.934
1.6434
1.6211
1.5639
1.7224
4.381600000000001
1.7662
1.1009
1.0723
1.2095
1.5888
1.6525
3.4692000000000003
2.0033
7.889200000000001
8.160599999999999
2.333
0.9025000000000001
0.7498
1.0362
0.3859
0.5466
0.593
1.04
0.5077
0.1583
0.1714
0.0119
1.8679
0.6208
0.35019999999999996
0.4733
0.6321000000000001
0.8127
0.7263
0.8629
3.445
3.0843
2.9053
2.8289
2.7915
2.6155
0.8578
0.6093
0.605
0.8754
1.7300999999999997
2.7254
0.8635999999999999
0.2778
0.24880000000000002
0.3507
1.1522999999999999
1.4436
1.5059
1.474
3.1237
3.9287
4.0386
4.2115
0.20040000000000002
1.8406
3.0863
2.1757999999999997
0.2882
0.0628
0.103
0.4112
0.7029000000000001
0.4446
0.1007
0.030900000000000004
0.0115
0.0117
0.0246
0.0419
0.0611
0.0704
0.09870000000000001
0.2365
0.15239999999999998
0.030600000000000002
0.0566
0.0911
0.1252
0.161
0.1634
0.1616
0.1728
0.1971
0.48839999999999995
0.6699999999999999
0.5776
1.4743
1.5785
0.31120000000000003
0.3312
0.3466
0.3607
0.77
0.4647
0.6675
1.1985999999999999
0.8025
0.0
0.0272
0.045899999999999996
0.0073
0.0311
0.028999999999999998
0.028499999999999998
0.0276
0.0283
0.0295
0.0258
0.0253
0.0253
0.028200000000000003
0.024399999999999998
0.024599999999999997
0.0267
0.0254
0.0258
0.0275
0.0266
0.0359
0.031
0.0325
0.034
0.0305
0.038599999999999995
0.0445
1.3256999999999999
8.0752
7.788600000000001
3.6439
0.3535
0.0
0.001
0.0558
0.019799999999999998
0.0055
0.028900000000000002
0.0478
0.0401
0.5527
1.1978
0.0866
0.3879
0.7052
0.3537
0.2992
0.2841
0.2527
0.1759
0.13540000000000002
4.35
10.4205
9.334499999999998
6.9248
2.7835
1.263
1.2646000000000002
1.3435
1.3274
1.6440000000000001
2.1603000000000003
1.9211
1.934
1.6434
1.6211
1.5639
1.7224
4.381600000000001
1.7662
1.1009
1.0723
1.2095
1.5888
1.6525
3.4692000000000003
2.0033
7.889200000000001
8.160599999999999
2.333
0.9025000000000001
0.7498
1.0362
0.3859
0.5466
0.593
1.04
0.5077
0.1583
0.1714
0.0119
1.8679
0.6208
0.35019999999999996
0.4733
0.6321000000000001
0.8127
0.7263
0.8629
3.445
3.0843
2.9053
2.8289
2.7915
2.6155
0.8578
0.6093
0.605
0.8754
1.7300999999999997
2.7254
0.8635999999999999
0.2778
0.24880000000000002
0.3507
1.1522999999999999
1.4436
1.5059
1.474
3.1237
3.9287
4.0386
4.2115
0.20040000000000002
1.8406
3.0863
2.1757999999999997
0.2882
0.0628
0.103
0.4112
0.7029000000000001
0.4446
0.1007
0.030900000000000004
0.0115
0.0117
0.0246
0.0419
0.0611
0.0704
0.09870000000000001
0.2365
0.15239999999999998
0.030600000000000002
0.0566
0.0911
0.1252
0.161
0.1634
0.1616
0.1728
0.1971
0.48839999999999995
0.6699999999999999
0.5776
1.4743
1.5785
0.31120000000000003
0.3312
0.3466
0.3607
0.77
0.4647
0.6675
1.1985999999999999
0.8025
0.0
0.0272
0.045899999999999996
0.0073
0.0311
0.028999999999999998
0.028499999999999998
0.0276
0.0283
0.0295
0.0258
0.0253
0.0253
0.028200000000000003
0.024399999999999998
0.024599999999999997
0.0267
0.0254
0.0258
0.0275
0.0266
0.0359
0.031
0.0325
0.034
0.0305
0.038599999999999995
0.0445
1.3256999999999999
8.0752
7.788600000000001
3.6439
0.3535
0.0
0.001
0.0558
0.019799999999999998
0.0055
0.028900000000000002
0.0478
0.0401
0.5527
1.1978
0.0866
0.3879
0.7052
0.3537
0.2992
0.2841
0.2527
0.1759
0.13540000000000002
4.35
10.4205
9.334499999999998
6.9248
2.7835
1.263
1.2646000000000002
1.3435
1.3274
1.6440000000000001
2.1603000000000003
1.9211
1.934
1.6434
1.6211
1.5639
1.7224
4.381600000000001
1.7662
1.1009
1.0723
1.2095
1.5888
1.6525
3.4692000000000003
2.0033
7.889200000000001
8.160599999999999
2.333
0.9025000000000001
0.7498
1.0362
0.3859
0.5466
0.593
1.04
0.5077
0.1583
0.1714
0.0119
1.8679
0.6208
0.35019999999999996
0.4733
0.6321000000000001
0.8127
0.7263
0.8629
3.445
3.0843
2.9053
2.8289
2.7915
2.6155
0.8578
0.6093
0.605
0.8754
1.7300999999999997
2.7254
0.8635999999999999
0.2778
0.24880000000000002
0.3507
1.1522999999999999
1.4436
1.5059
1.474
3.1237
3.9287
4.0386
4.2115
0.20040000000000002
1.8406
3.0863
2.1757999999999997
0.2882
0.0628
0.103
0.4112
0.7029000000000001
0.4446
0.1007
0.030900000000000004
0.0115
0.0117
0.0246
0.0419
0.0611
0.0704
0.09870000000000001
0.2365
0.15239999999999998
0.030600000000000002
0.0566
0.0911
0.1252
0.161
0.1634
0.1616
0.1728
0.1971
0.48839999999999995
0.6699999999999999
0.5776
1.4743
1.5785
0.31120000000000003
0.3312
0.3466
0.3607
0.77
0.4647
0.6675
1.1985999999999999
0.8025
0.0
0.0272
0.045899999999999996
0.0073
0.0311
0.028999999999999998
0.028499999999999998
0.0276
0.0283
0.0295
0.0258
0.0253
0.0253
0.028200000000000003
0.024399999999999998
0.024599999999999997
0.0267
0.0254
0.0258
0.0275
0.0266
0.0359
0.031
0.0325
0.034
0.0305
0.038599999999999995
0.0445
1.3256999999999999
8.0752
7.788600000000001
3.6439
0.3535
0.0
0.001
0.0558
0.019799999999999998
0.0055
0.028900000000000002
0.0478
0.0401
0.5527
1.1978
0.0866
0.3879
0.7052
0.3537
0.2992
0.2841
0.2527
0.1759
0.13540000000000002
4.35
10.4205
9.334499999999998
6.9248
2.7835
1.263
1.2646000000000002
1.3435
1.3274
1.6440000000000001
2.1603000000000003
1.9211
1.934
1.6434
1.6211
1.5639
1.7224
4.381600000000001
1.7662
1.1009
1.0723
1.2095
1.5888
1.6525
3.4692000000000003
2.0033
7.889200000000001
8.160599999999999
2.333
0.9025000000000001
0.7498
1.0362
0.3859
0.5466
0.593
1.04
0.5077
0.1583
0.1714
0.0119
1.8679
0.6208
0.35019999999999996
0.4733
0.6321000000000001
0.8127
0.7263
0.8629
3.445
3.0843
2.9053
2.8289
2.7915
2.6155
0.8578
0.6093
0.605
0.8754
1.7300999999999997
2.7254
0.8635999999999999
0.2778
0.24880000000000002
0.3507
1.1522999999999999
1.4436
1.5059
1.474
3.1237
3.9287
4.0386
4.2115
0.20040000000000002
1.8406
3.0863
2.1757999999999997
0.2882
0.0628
0.103
0.4112
0.7029000000000001
0.4446
0.1007
0.030900000000000004
0.0115
0.0117
0.0246
0.0419
0.0611
0.0704
0.09870000000000001
0.2365
0.15239999999999998
0.030600000000000002
0.0566
0.0911
0.1252
0.161
0.1634
0.1616
0.1728
0.1971
0.48839999999999995
0.6699999999999999
0.5776
1.4743
1.5785
0.31120000000000003
0.3312
0.3466
0.3607
0.77
0.4647
0.6675
1.1985999999999999
0.8025
0.0
0.0272
0.045899999999999996
0.0073
0.0311
0.028999999999999998
0.028499999999999998
0.0276
0.0283
0.0295
0.0258
0.0253
0.0253
0.028200000000000003
0.024399999999999998
0.024599999999999997
0.0267
0.0254
0.0258
0.0275
0.0266
0.0359
0.031
0.0325
0.034
0.0305
0.038599999999999995
0.0445
1.3256999999999999
8.0752
7.788600000000001
3.6439
0.3535
0.0
0.001
0.0558
0.019799999999999998
0.0055
0.028900000000000002
0.0478
0.0401
0.5527
1.1978
0.0866
0.3879
0.7052
0.3537
0.2992
0.2841
0.2527
0.1759
0.13540000000000002
0.2082
0.0143
0.0105
0.0
0.0037
0.0669
0.09179999999999999
0.0388
0.0293
0.21509999999999999
0.045
0.0491
0.0427
0.0699
0.0547
0.26070000000000004
0.1285
0.0716
0.0406
0.0722
0.0781
0.0573
0.0
2.6954
0.0667
0.0649
0.0717
0.0698
0.0741
0.0393
0.021599999999999998
0.0217
0.0021
0.0274
0.0266
0.022699999999999998
0.0251
0.026299999999999997
0.0259
0.035699999999999996
0.0286
0.0249
0.0242
0.021900000000000003
0.0172
0.0102
0.0136
0.020499999999999997
0.038400000000000004
0.036699999999999997
0.0324
0.0353
0.045200000000000004
0.08990000000000001
0.1731
0.1459
0.0948
0.0922
0.0668
0.0504
0.0555
0.0539
0.0593
0.0784
0.0552
0.0731
0.0567
0.0284
0.0167
0.0
0.0058
0.0265
1.6471
1.7015
1.7216
1.3201
0.1779
0.165
0.1845
0.1577
0.1622
0.1359
0.12090000000000001
0.113
0.12279999999999999
0.12459999999999999
0.1298
0.1454
0.174
0.2428
1.6925
0.6133
0.4962
0.9759
1.3748
1.6158000000000001
0.1335
0.121
0.11629999999999999
0.1125
0.0953
0.0571
0.0419
0.0674
0.0643
0.07500000000000001
0.055900000000000005
0.0392
0.0363
0.028999999999999998
0.0309
0.038400000000000004
0.0374
0.0246
0.0763
0.134
0.1997
0.2127
0.1961
0.1659
0.0332
0.0046
0.0034000000000000002
0.0
0.0
0.0
0.0
0.0
0.0308
0.058499999999999996
0.11019999999999999
0.20779999999999998
0.1749
0.5454
3.2857
0.0839
0.1807
0.6407
0.6827000000000001
0.3483
0.6314
0.24530000000000002
0.0
0.6258
3.1765999999999996
3.098
2.4932
0.3416
0.1235
0.0771
0.0638
0.1069
0.8432
0.5469999999999999
0.0999
0.0369
0.0026
0.01
0.0076
0.0232
0.44089999999999996
1.3494000000000002
1.8199
1.7117
1.2114
1.1503
1.2532
1.6086
0.2082
0.0143
0.0105
0.0
0.0037
0.0669
0.09179999999999999
0.0388
0.0293
0.21509999999999999
0.045
0.0491
0.0427
0.0699
0.0547
0.26070000000000004
0.1285
0.0716
0.0406
0.0722
0.0781
0.0573
0.0
2.6954
0.0667
0.0649
0.0717
0.0698
0.0741
0.0393
0.021599999999999998
0.0217
0.0021
0.0274
0.0266
0.022699999999999998
0.0251
0.026299999999999997
0.0259
0.035699999999999996
0.0286
0.0249
0.0242
0.021900000000000003
0.0172
0.0102
0.0136
0.020499999999999997
0.038400000000000004
0.036699999999999997
0.0324
0.0353
0.045200000000000004
0.08990000000000001
0.1731
0.1459
0.0948
0.0922
0.0668
0.0504
0.0555
0.0539
0.0593
0.0784
0.0552
0.0731
0.0567
0.0284
0.0167
0.0
0.0058
0.0265
1.6471
1.7015
1.7216
1.3201
0.1779
0.165
0.1845
0.1577
0.1622
0.1359
0.12090000000000001
0.113
0.12279999999999999
0.12459999999999999
0.1298
0.1454
0.174
0.2428
1.6925
0.6133
0.4962
0.9759
1.3748
1.6158000000000001
0.1335
0.121
0.11629999999999999
0.1125
0.0953
0.0571
0.0419
0.0674
0.0643
0.07500000000000001
0.055900000000000005
0.0392
0.0363
0.028999999999999998
0.0309
0.038400000000000004
0.0374
0.0246
0.0763
0.134
0.1997
0.2127
0.1961
0.1659
0.0332
0.0046
0.0034000000000000002
0.0
0.0
0.0
0.0
0.0
0.0308
0.058499999999999996
0.11019999999999999
0.20779999999999998
0.1749
0.5454
3.2857
0.0839
0.1807
0.6407
0.6827000000000001
0.3483
0.6314
0.24530000000000002
0.0
0.6258
3.1765999999999996
3.098
2.4932
0.3416
0.1235
0.0771
0.0638
0.1069
0.8432
0.5469999999999999
0.0999
0.0369
0.0026
0.01
0.0076
0.0232
0.44089999999999996
1.3494000000000002
1.8199
1.7117
1.2114
1.1503
1.2532
1.6086
0.2082
0.0143
0.0105
0.0
0.0037
0.0669
0.09179999999999999
0.0388
0.0293
0.21509999999999999
0.045
0.0491
0.0427
0.0699
0.0547
0.26070000000000004
0.1285
0.0716
0.0406
0.0722
0.0781
0.0573
0.0
2.6954
0.0667
0.0649
0.0717
0.0698
0.0741
0.0393
0.021599999999999998
0.0217
0.0021
0.0274
0.0266
0.022699999999999998
0.0251
0.026299999999999997
0.0259
0.035699999999999996
0.0286
0.0249
0.0242
0.021900000000000003
0.0172
0.0102
0.0136
0.020499999999999997
0.038400000000000004
0.036699999999999997
0.0324
0.0353
0.045200000000000004
0.08990000000000001
0.1731
0.1459
0.0948
0.0922
0.0668
0.0504
0.0555
0.0539
0.0593
0.0784
0.0552
0.0731
0.0567
0.0284
0.0167
0.0
0.0058
0.0265
1.6471
1.7015
1.7216
1.3201
0.1779
0.165
0.1845
0.1577
0.1622
0.1359
0.12090000000000001
0.113
0.12279999999999999
0.12459999999999999
0.1298
0.1454
0.174
0.2428
1.6925
0.6133
0.4962
0.9759
1.3748
1.6158000000000001
0.1335
0.121
0.11629999999999999
0.1125
0.0953
0.0571
0.0419
0.0674
0.0643
0.07500000000000001
0.055900000000000005
0.0392
0.0363
0.028999999999999998
0.0309
0.038400000000000004
0.0374
0.0246
0.0763
0.134
0.1997
0.2127
0.1961
0.1659
0.0332
0.0046
0.0034000000000000002
0.0
0.0
0.0
0.0
0.0
0.0308
0.058499999999999996
0.11019999999999999
0.20779999999999998
0.1749
0.5454
3.2857
0.0839
0.1807
0.6407
0.6827000000000001
0.3483
0.6314
0.24530000000000002
0.0
0.6258
3.1765999999999996
3.098
2.4932
0.3416
0.1235
0.0771
0.0638
0.1069
0.8432
0.5469999999999999
0.0999
0.0369
0.0026
0.01
0.0076
0.0232
0.44089999999999996
1.3494000000000002
1.8199
1.7117
1.2114
1.1503
1.2532
1.6086
0.2082
0.0143
0.0105
0.0
0.0037
0.0669
0.09179999999999999
0.0388
0.0293
0.21509999999999999
0.045
0.0491
0.0427
0.0699
0.0547
0.26070000000000004
0.1285
0.0716
0.0406
0.0722
0.0781
0.0573
0.0
2.6954
0.0667
0.0649
0.0717
0.0698
0.0741
0.0393
0.021599999999999998
0.0217
0.0021
0.0274
0.0266
0.022699999999999998
0.0251
0.026299999999999997
0.0259
0.035699999999999996
0.0286
0.0249
0.0242
0.021900000000000003
0.0172
0.0102
0.0136
0.020499999999999997
0.038400000000000004
0.036699999999999997
0.0324
0.0353
0.045200000000000004
0.08990000000000001
0.1731
0.1459
0.0948
0.0922
0.0668
0.0504
0.0555
0.0539
0.0593
0.0784
0.0552
0.0731
0.0567
0.0284
0.0167
0.0
0.0058
0.0265
1.6471
1.7015
1.7216
1.3201
0.1779
0.165
0.1845
0.1577
0.1622
0.1359
0.12090000000000001
0.113
0.12279999999999999
0.12459999999999999
0.1298
0.1454
0.174
0.2428
1.6925
0.6133
0.4962
0.9759
1.3748
1.6158000000000001
0.1335
0.121
0.11629999999999999
0.1125
0.0953
0.0571
0.0419
0.0674
0.0643
0.07500000000000001
0.055900000000000005
0.0392
0.0363
0.028999999999999998
0.0309
0.038400000000000004
0.0374
0.0246
0.0763
0.134
0.1997
0.2127
0.1961
0.1659
0.0332
0.0046
0.0034000000000000002
0.0
0.0
0.0
0.0
0.0
0.0308
0.058499999999999996
0.11019999999999999
0.20779999999999998
0.1749
0.5454
3.2857
0.0839
0.1807
0.6407
0.6827000000000001
0.3483
0.6314
0.24530000000000002
0.0
0.6258
3.1765999999999996
3.098
2.4932
0.3416
0.1235
0.0771
0.0638
0.1069
0.8432
0.5469999999999999
0.0999
0.0369
0.0026
0.01
0.0076
0.0232
0.44089999999999996
1.3494000000000002
1.8199
1.7117
1.2114
1.1503
1.2532
1.6086
0.2082
0.0143
0.0105
0.0
0.0037
0.0669
0.09179999999999999
0.0388
0.0293
0.21509999999999999
0.045
0.0491
0.0427
0.0699
0.0547
0.26070000000000004
0.1285
0.0716
0.0406
0.0722
0.0781
0.0573
0.0
2.6954
0.0667
0.0649
0.0717
0.0698
0.0741
0.0393
0.021599999999999998
0.0217
0.0021
0.0274
0.0266
0.022699999999999998
0.0251
0.026299999999999997
0.0259
0.035699999999999996
0.0286
0.0249
0.0242
0.021900000000000003
0.0172
0.0102
0.0136
0.020499999999999997
0.038400000000000004
0.036699999999999997
0.0324
0.0353
0.045200000000000004
0.08990000000000001
0.1731
0.1459
0.0948
0.0922
0.0668
0.0504
0.0555
0.0539
0.0593
0.0784
0.0552
0.0731
0.0567
0.0284
0.0167
0.0
0.0058
0.0265
0.425
0.0628
0.0263
0.016399999999999998
0.0133
0.0084
0.0095
0.0235
0.0552
0.0546
0.0649
0.0252
0.0587
0.2409
0.053000000000000005
0.0076
0.0
0.0
0.2074
0.3373
0.2031
1.0758
0.3876
1.8851
0.6689
0.7243999999999999
0.6405000000000001
0.5816
0.5555
0.5086999999999999
1.9085
0.4848
0.19219999999999998
0.1808
0.22260000000000002
0.2184
0.2319
0.1577
0.5411
0.27490000000000003
0.12040000000000001
0.0852
0.1772
1.3995
0.0
0.0481
0.0
0.0
4.923299999999999
3.3813
3.5594
2.6887
0.4407
0.251
0.7025999999999999
0.0359
0.0062
0.0296
0.0338
0.035500000000000004
0.024
0.014
0.0086
0.0013
0.0006
0.0053
0.0
0.023600000000000003
0.022699999999999998
0.009600000000000001
0.0
1.8585
0.059
0.057499999999999996
0.046
0.0532
0.0621
0.2503
0.0456
0.0594
0.050100000000000006
0.0839
0.06709999999999999
0.046700000000000005
0.0513
0.046200000000000005
0.0406
0.0359
0.038099999999999995
0.0339
0.031
0.0536
0.061399999999999996
0.0432
0.0514
0.058399999999999994
0.7362
0.6865
0.6179
0.5576
0.4599
0.1324
0.0
0.0206
0.0385
0.0373
0.0598
0.043300000000000005
0.0339
0.0369
0.0293
0.0003
0.0
0.0927
2.0542000000000002
2.5536
1.9743
1.7975
2.0854
1.5968
0.9461999999999999
0.0307
0.4477
1.0154
0.0757
0.5041
0.4028
0.314
0.2092
0.3088
0.5344
0.29410000000000003
0.1336
0.6498
1.1503
0.04
1.1067
0.1237
0.0528
0.0445
0.0136
0.0052
0.0902
0.2113
3.8033
3.4946
1.4757
0.0233
0.0229
0.0406
0.1688
0.0796
0.0569
0.0743
0.0839
0.0896
0.088
0.0698
0.2918
0.5704
0.2834
0.5697
0.5036
0.1212
0.0153
0.0
0.0
0.7888999999999999
0.425
0.0628
0.0263
0.016399999999999998
0.0133
0.0084
0.0095
0.0235
0.0552
0.0546
0.0649
0.0252
0.0587
0.2409
0.053000000000000005
0.0076
0.0
0.0
0.2074
0.3373
0.2031
1.0758
0.3876
1.8851
0.6689
0.7243999999999999
0.6405000000000001
0.5816
0.5555
0.5086999999999999
1.9085
0.4848
0.19219999999999998
0.1808
0.22260000000000002
0.2184
0.2319
0.1577
0.5411
0.27490000000000003
0.12040000000000001
0.0852
0.1772
1.3995
0.0
0.0481
0.0
0.0
4.923299999999999
3.3813
3.5594
2.6887
0.4407
0.251
0.7025999999999999
0.0359
0.0062
0.0296
0.0338
0.035500000000000004
0.024
0.014
0.0086
0.0013
0.0006
0.0053
0.0
0.023600000000000003
0.022699999999999998
0.009600000000000001
0.0
1.8585
0.059
0.057499999999999996
0.046
0.0532
0.0621
0.2503
0.0456
0.0594
0.050100000000000006
0.0839
0.06709999999999999
0.046700000000000005
0.0513
0.046200000000000005
0.0406
0.0359
0.038099999999999995
0.0339
0.031
0.0536
0.061399999999999996
0.0432
0.0514
0.058399999999999994
0.7362
0.6865
0.6179
0.5576
0.4599
0.1324
0.0
0.0206
0.0385
0.0373
0.0598
0.043300000000000005
0.0339
0.0369
0.0293
0.0003
0.0
0.0927
2.0542000000000002
2.5536
1.9743
1.7975
2.0854
1.5968
0.9461999999999999
0.0307
0.4477
1.0154
0.0757
0.5041
0.4028
0.314
0.2092
0.3088
0.5344
0.29410000000000003
0.1336
0.6498
1.1503
0.04
1.1067
0.1237
0.0528
0.0445
0.0136
0.0052
0.0902
0.2113
3.8033
3.4946
1.4757
0.0233
0.0229
0.0406
0.1688
0.0796
0.0569
0.0743
0.0839
0.0896
0.088
0.0698
0.2918
0.5704
0.2834
0.5697
0.5036
0.1212
0.0153
0.0
0.0
0.7888999999999999
0.425
0.0628
0.0263
0.016399999999999998
0.0133
0.0084
0.0095
0.0235
0.0552
0.0546
0.0649
0.0252
0.0587
0.2409
0.053000000000000005
0.0076
0.0
0.0
0.2074
0.3373
0.2031
1.0758
0.3876
1.8851
0.6689
0.7243999999999999
0.6405000000000001
0.5816
0.5555
0.5086999999999999
1.9085
0.4848
0.19219999999999998
0.1808
0.22260000000000002
0.2184
0.2319
0.1577
0.5411
0.27490000000000003
0.12040000000000001
0.0852
0.1772
1.3995
0.0
0.0481
0.0
0.0
4.923299999999999
3.3813
3.5594
2.6887
0.4407
0.251
0.7025999999999999
0.0359
0.0062
0.0296
0.0338
0.035500000000000004
0.024
0.014
0.0086
0.0013
0.0006
0.0053
0.0
0.023600000000000003
0.022699999999999998
0.009600000000000001
0.0
1.8585
0.059
0.057499999999999996
0.046
0.0532
0.0621
0.2503
0.0456
0.0594
0.050100000000000006
0.0839
0.06709999999999999
0.046700000000000005
0.0513
0.046200000000000005
0.0406
0.0359
0.038099999999999995
0.0339
0.031
0.0536
0.061399999999999996
0.0432
0.0514
0.058399999999999994
0.7362
0.6865
0.6179
0.5576
0.4599
0.1324
0.0
0.0206
0.0385
0.0373
0.0598
0.043300000000000005
0.0339
0.0369
0.0293
0.0003
0.0
0.0927
2.0542000000000002
2.5536
1.9743
1.7975
2.0854
1.5968
0.9461999999999999
0.0307
0.4477
1.0154
0.0757
0.5041
0.4028
0.314
0.2092
0.3088
0.5344
0.29410000000000003
0.1336
0.6498
1.1503
0.04
1.1067
0.1237
0.0528
0.0445
0.0136
0.0052
0.0902
0.2113
3.8033
3.4946
1.4757
0.0233
0.0229
0.0406
0.1688
0.0796
0.0569
0.0743
0.0839
0.0896
0.088
0.0698
0.2918
0.5704
0.2834
0.5697
0.5036
0.1212
0.0153
0.0
0.0
0.7888999999999999
0.425
0.0628
0.0263
0.016399999999999998
0.0133
0.0084
0.0095
0.0235
0.0552
0.0546
0.0649
0.0252
0.0587
0.2409
0.053000000000000005
0.0076
0.0
0.0
0.2074
0.3373
0.2031
1.0758
0.3876
1.8851
0.6689
0.7243999999999999
0.6405000000000001
0.5816
0.5555
0.5086999999999999
1.9085
0.4848
0.19219999999999998
0.1808
0.22260000000000002
0.2184
0.2319
0.1577
0.5411
0.27490000000000003
0.12040000000000001
0.0852
0.1772
1.3995
0.0
0.0481
0.0
0.0
4.923299999999999
3.3813
3.5594
2.6887
0.4407
0.251
0.7025999999999999
0.0359
0.0062
0.0296
0.0338
0.035500000000000004
0.024
0.014
0.0086
0.0013
0.0006
0.0053
0.0
0.023600000000000003
0.022699999999999998
0.009600000000000001
0.0
1.8585
0.059
0.057499999999999996
0.046
0.0532
0.0621
0.2503
0.0456
0.0594
0.050100000000000006
0.0839
0.06709999999999999
0.046700000000000005
0.0513
0.046200000000000005
0.0406
0.0359
0.038099999999999995
0.0339
0.031
0.0536
0.061399999999999996
0.0432
0.0514
0.058399999999999994
0.7362
0.6865
0.6179
0.5576
0.4599
0.1324
0.0
0.0206
0.0385
0.0373
0.0598
0.043300000000000005
0.0339
0.0369
0.0293
0.0003
0.0
0.0927
2.0542000000000002
2.5536
1.9743
1.7975
2.0854
1.5968
0.9461999999999999
0.0307
0.4477
1.0154
0.0757
0.5041
0.4028
0.314
0.2092
0.3088
0.5344
0.29410000000000003
0.1336
0.6498
1.1503
0.04
1.1067
0.1237
0.0528
0.0445
0.0136
0.0052
0.0902
0.2113
3.8033
3.4946
1.4757
0.0233
0.0229
0.0406
0.1688
0.0796
0.0569
0.0743
0.0839
0.0896
0.088
0.0698
0.2918
0.5704
0.2834
0.5697
0.5036
0.1212
0.0153
0.0
0.0
0.7888999999999999
0.425
0.0628
0.0263
0.016399999999999998
0.0133
0.0084
0.0095
0.0235
0.0552
0.0546
0.0649
0.0252
0.0587
0.2409
0.053000000000000005
0.0076
0.0
0.0
0.2074
0.3373
0.2031
1.0758
0.3876
1.8851
0.6689
0.7243999999999999
0.6405000000000001
0.5816
0.5555
0.5086999999999999
1.9085
0.4848
0.19219999999999998
0.1808
0.22260000000000002
0.2184
0.2319
0.1577
0.5411
0.27490000000000003
0.12040000000000001
0.0852
0.1772
1.3995
0.0
0.0481
0.0
0.0
0.0205
0.0204
0.019999999999999997
0.0187
0.019200000000000002
0.022400000000000003
0.0207
0.020499999999999997
0.0175
0.0224
0.022
0.0262
0.0283
0.0264
0.0281
0.0267
0.0291
0.0345
0.0236
0.023100000000000002
0.021400000000000002
0.0189
0.022600000000000002
0.029400000000000003
1.1728
1.3820000000000001
1.346
1.4270999999999998
1.3126
2.1757999999999997
1.5537
1.3952
1.1469
1.5607
1.8411
0.9253
0.6767
0.7338
0.7641
0.9842
2.2843
0.4325
0.40590000000000004
0.8454
0.6872
0.1243
0.18230000000000002
0.09250000000000001
0.5046999999999999
0.5472
1.436
1.3641
0.3955
0.3493
0.34209999999999996
0.34519999999999995
0.3185
0.3184
0.3243
0.3207
0.35119999999999996
0.38039999999999996
0.49870000000000003
0.5566
0.3732
0.3703
0.368
0.4373
0.5325
0.44589999999999996
0.4558
0.461
0.0
0.0
0.0
0.0
0.0
0.0
0.0
0.0
0.0
0.0
0.0
0.0171
0.0012
0.0
2.684
0.0
0.0104
0.8116
0.2274
0.35450000000000004
0.5073
0.1501
0.0
0.0
2.4957
2.5543
2.4594
0.186
0.1377
0.10139999999999999
0.0785
0.5331
0.1338
0.0547
0.0455
0.0441
0.0489
0.0505
0.0448
0.0105
0.0049
0.47959999999999997
0.0548
0.2104
0.2869
0.2762
0.1987
0.724
0.6162
0.8156000000000001
0.9215
0.47130000000000005
0.6322
1.184
0.4213
0.1115
0.0327
0.0106
0.0063
0.0
0.0082
0.0079
0.8816999999999999
0.7674
0.5999000000000001
0.6845
1.0188
1.2893
1.0324
0.7790999999999999
0.5924
0.5401
0.0629
0.0636
0.061399999999999996
0.0605
0.0557
0.035500000000000004
0.0144
0.018099999999999998
0.0091
0.023899999999999998
0.0245
0.0414
0.037500000000000006
0.0296
0.029900000000000003
0.0182
0.026099999999999998
0.0345
0.1164
0.0532
0.1106
0.1293
0.1027
0.0759
0.0205
0.0204
0.019999999999999997
0.0187
0.019200000000000002
0.022400000000000003
0.0207
0.020499999999999997
0.0175
0.0224
0.022
0.0262
0.0283
0.0264
0.0281
0.0267
0.0291
0.0345
0.0236
0.023100000000000002
0.021400000000000002
0.0189
0.022600000000000002
0.029400000000000003
1.1728
1.3820000000000001
1.346
1.4270999999999998
1.3126
2.1757999999999997
1.5537
1.3952
1.1469
1.5607
1.8411
0.9253
0.6767
0.7338
0.7641
0.9842
2.2843
0.4325
0.40590000000000004
0.8454
0.6872
0.1243
0.18230000000000002
0.09250000000000001
0.5046999999999999
0.5472
1.436
1.3641
0.3955
0.3493
0.34209999999999996
0.34519999999999995
0.3185
0.3184
0.3243
0.3207
0.35119999999999996
0.38039999999999996
0.49870000000000003
0.5566
0.3732
0.3703
0.368
0.4373
0.5325
0.44589999999999996
0.4558
0.461
0.0
0.0
0.0
0.0
0.0
0.0
0.0
0.0
0.0
0.0
0.0
0.0171
0.0012
0.0
2.684
0.0
0.0104
0.8116
0.2274
0.35450000000000004
0.5073
0.1501
0.0
0.0
2.4957
2.5543
2.4594
0.186
0.1377
0.10139999999999999
0.0785
0.5331
0.1338
0.0547
0.0455
0.0441
0.0489
0.0505
0.0448
0.0105
0.0049
0.47959999999999997
0.0548
0.2104
0.2869
0.2762
0.1987
0.724
0.6162
0.8156000000000001
0.9215
0.47130000000000005
0.6322
1.184
0.4213
0.1115
0.0327
0.0106
0.0063
0.0
0.0082
0.0079
0.8816999999999999
0.7674
0.5999000000000001
0.6845
1.0188
1.2893
1.0324
0.7790999999999999
0.5924
0.5401
0.0629
0.0636
0.061399999999999996
0.0605
0.0557
0.035500000000000004
0.0144
0.018099999999999998
0.0091
0.023899999999999998
0.0245
0.0414
0.037500000000000006
0.0296
0.029900000000000003
0.0182
0.026099999999999998
0.0345
0.1164
0.0532
0.1106
0.1293
0.1027
0.0759
0.0205
0.0204
0.019999999999999997
0.0187
0.019200000000000002
0.022400000000000003
0.0207
0.020499999999999997
0.0175
0.0224
0.022
0.0262
0.0283
0.0264
0.0281
0.0267
0.0291
0.0345
0.0236
0.023100000000000002
0.021400000000000002
0.0189
0.022600000000000002
0.029400000000000003
1.1728
1.3820000000000001
1.346
1.4270999999999998
1.3126
2.1757999999999997
1.5537
1.3952
1.1469
1.5607
1.8411
0.9253
0.6767
0.7338
0.7641
0.9842
2.2843
0.4325
0.40590000000000004
0.8454
0.6872
0.1243
0.18230000000000002
0.09250000000000001
0.5046999999999999
0.5472
1.436
1.3641
0.3955
0.3493
0.34209999999999996
0.34519999999999995
0.3185
0.3184
0.3243
0.3207
0.35119999999999996
0.38039999999999996
0.49870000000000003
0.5566
0.3732
0.3703
0.368
0.4373
0.5325
0.44589999999999996
0.4558
0.461
0.0
0.0
0.0
0.0
0.0
0.0
0.0
0.0
0.0
0.0
0.0
0.0171
0.0012
0.0
2.684
0.0
0.0104
0.8116
0.2274
0.35450000000000004
0.5073
0.1501
0.0
0.0
2.4957
2.5543
2.4594
0.186
0.1377
0.10139999999999999
0.0785
0.5331
0.1338
0.0547
0.0455
0.0441
0.0489
0.0505
0.0448
0.0105
0.0049
0.47959999999999997
0.0548
0.2104
0.2869
0.2762
0.1987
0.724
0.6162
0.8156000000000001
0.9215
0.47130000000000005
0.6322
1.184
0.4213
0.1115
0.0327
0.0106
0.0063
0.0
0.0082
0.0079
0.8816999999999999
0.7674
0.5999000000000001
0.6845
1.0188
1.2893
1.0324
0.7790999999999999
0.5924
0.5401
0.0629
0.0636
0.061399999999999996
0.0605
0.0557
0.035500000000000004
0.0144
0.018099999999999998
0.0091
0.023899999999999998
0.0245
0.0414
0.037500000000000006
0.0296
0.029900000000000003
0.0182
0.026099999999999998
0.0345
0.1164
0.0532
0.1106
0.1293
0.1027
0.0759
0.0205
0.0204
0.019999999999999997
0.0187
0.019200000000000002
0.022400000000000003
0.0207
0.020499999999999997
0.0175
0.0224
0.022
0.0262
0.0283
0.0264
0.0281
0.0267
0.0291
0.0345
0.0236
0.023100000000000002
0.021400000000000002
0.0189
0.022600000000000002
0.029400000000000003
1.1728
1.3820000000000001
1.346
1.4270999999999998
1.3126
2.1757999999999997
1.5537
1.3952
1.1469
1.5607
1.8411
0.9253
0.6767
0.7338
0.7641
0.9842
2.2843
0.4325
0.40590000000000004
0.8454
0.6872
0.1243
0.18230000000000002
0.09250000000000001
0.5046999999999999
0.5472
1.436
1.3641
0.3955
0.3493
0.34209999999999996
0.34519999999999995
0.3185
0.3184
0.3243
0.3207
0.35119999999999996
0.38039999999999996
0.49870000000000003
0.5566
0.3732
0.3703
0.368
0.4373
0.5325
0.44589999999999996
0.4558
0.461
0.0
0.0
0.0
0.0
0.0
0.0
0.0
0.0
0.0
0.0
0.0
0.0171
0.0012
0.0
2.684
0.0
0.0104
0.8116
0.2274
0.35450000000000004
0.5073
0.1501
0.0
0.0
2.4957
2.5543
2.4594
0.186
0.1377
0.10139999999999999
0.0785
0.5331
0.1338
0.0547
0.0455
0.0441
0.0489
0.0505
0.0448
0.0105
0.0049
0.47959999999999997
0.0548
0.2104
0.2869
0.2762
0.1987
0.724
0.6162
0.8156000000000001
0.9215
0.47130000000000005
0.6322
1.184
0.4213
0.1115
0.0327
0.0106
0.0063
0.0
0.0082
0.0079
0.8816999999999999
0.7674
0.5999000000000001
0.6845
1.0188
1.2893
1.0324
0.7790999999999999
0.5924
0.5401
0.0629
0.0636
0.061399999999999996
0.0605
0.0557
0.035500000000000004
0.0144
0.018099999999999998
0.0091
0.023899999999999998
0.0245
0.0414
0.037500000000000006
0.0296
0.029900000000000003
0.0182
0.026099999999999998
0.0345
0.1164
0.0532
0.1106
0.1293
0.1027
0.0759
0.0205
0.0204
0.019999999999999997
0.0187
0.019200000000000002
0.022400000000000003
0.0207
0.020499999999999997
0.0175
0.0224
0.022
0.0262
0.0283
0.0264
0.0281
0.0267
0.0291
0.0345
0.0236
0.023100000000000002
0.021400000000000002
0.0189
0.022600000000000002
0.029400000000000003
1.1728
1.3820000000000001
1.346
1.4270999999999998
1.3126
2.1757999999999997
1.5537
1.3952
1.1469
1.5607
1.8411
0.9253
0.6767
0.7338
0.7641
0.9842
2.2843
0.4325
0.40590000000000004
0.8454
0.6872
0.1243
0.18230000000000002
0.09250000000000001
0.5046999999999999
0.5472
1.436
1.3641
0.3955
0.3493
0.34209999999999996
0.34519999999999995
0.3185
0.3184
0.3243
0.3207
0.35119999999999996
0.38039999999999996
0.49870000000000003
0.5566
0.3732
0.3703
0.368
0.4373
0.5325
0.44589999999999996
0.4558
0.461
0.0034
0.0154
0.038
0.0325
0.0288
0.0493
0.07730000000000001
0.3405
0.37749999999999995
0.3888
2.0536
0.33340000000000003
0.31420000000000003
2.7434
0.8497999999999999
0.1118
0.8422999999999999
0.4032
0.1173
0.1108
0.0092
0.0
0.0
0.0
0.8192
5.7346
5.3491
0.6179
0.0082
0.0925
0.1583
0.0554
0.0174
0.0461
0.043399999999999994
0.05449999999999999
0.0406
0.0548
0.0433
0.030899999999999997
0.0277
0.0266
0.015
0.0373
0.009600000000000001
0.0134
0.0356
0.0182
0.0
0.0
0.0
0.0
0.0047
0.0
0.0191
0.0132
0.058499999999999996
0.087
0.061799999999999994
0.06409999999999999
0.07100000000000001
0.09670000000000001
0.1205
0.17529999999999998
0.5164
0.0335
0.016
0.0
0.0
0.0017
0.5577
1.9081000000000001
1.2537999999999998
3.356
1.7868
0.3356
0.0
0.036
0.023
0.0356
0.062
0.0755
0.0755
0.0563
0.0949
0.0615
0.0496
0.062200000000000005
0.0745
0.0823
0.0645
0.0201
0.2629
0.8466
0.6407
0.58
2.6865
4.4081
4.2357
1.9205999999999999
0.5513
0.1166
0.0799
0.1191
0.1346
0.1744
0.2025
0.23420000000000002
0.225
0.1829
0.1837
0.1036
0.0965
0.1096
0.3286
1.4886
0.8575999999999999
0.6526000000000001
0.49540000000000006
0.4219
4.028700000000001
3.8932
3.7777000000000003
1.7787
0.15489999999999998
0.1237
0.13169999999999998
0.4265
0.5973999999999999
0.3915
0.153
0.045700000000000005
0.038400000000000004
0.020900000000000002
0.0123
0.0455
0.04
0.0369
0.0204
0.0441
0.4036
1.3807
1.6174
0.872
4.8696
6.7942
4.5556
0.2993
0.136
0.0563
0.057499999999999996
0.0624
0.0441
0.0364
0.0461
0.0592
0.08560000000000001
0.11349999999999999
0.1001
0.0772
0.08080000000000001
0.1864
0.46740000000000004
0.19240000000000002
0.17149999999999999
0.2238
0.5776
0.5718000000000001
0.0034
0.0154
0.038
0.0325
0.0288
0.0493
0.07730000000000001
0.3405
0.37749999999999995
0.3888
2.0536
0.33340000000000003
0.31420000000000003
2.7434
0.8497999999999999
0.1118
0.8422999999999999
0.4032
0.1173
0.1108
0.0092
0.0
0.0
0.0
0.8192
5.7346
5.3491
0.6179
0.0082
0.0925
0.1583
0.0554
0.0174
0.0461
0.043399999999999994
0.05449999999999999
0.0406
0.0548
0.0433
0.030899999999999997
0.0277
0.0266
0.015
0.0373
0.009600000000000001
0.0134
0.0356
0.0182
0.0
0.0
0.0
0.0
0.0047
0.0
0.0191
0.0132
0.058499999999999996
0.087
0.061799999999999994
0.06409999999999999
0.07100000000000001
0.09670000000000001
0.1205
0.17529999999999998
0.5164
0.0335
0.016
0.0
0.0
0.0017
0.5577
1.9081000000000001
1.2537999999999998
3.356
1.7868
0.3356
0.0
0.036
0.023
0.0356
0.062
0.0755
0.0755
0.0563
0.0949
0.0615
0.0496
0.062200000000000005
0.0745
0.0823
0.0645
0.0201
0.2629
0.8466
0.6407
0.58
2.6865
4.4081
4.2357
1.9205999999999999
0.5513
0.1166
0.0799
0.1191
0.1346
0.1744
0.2025
0.23420000000000002
0.225
0.1829
0.1837
0.1036
0.0965
0.1096
0.3286
1.4886
0.8575999999999999
0.6526000000000001
0.49540000000000006
0.4219
4.028700000000001
3.8932
3.7777000000000003
1.7787
0.15489999999999998
0.1237
0.13169999999999998
0.4265
0.5973999999999999
0.3915
0.153
0.045700000000000005
0.038400000000000004
0.020900000000000002
0.0123
0.0455
0.04
0.0369
0.0204
0.0441
0.4036
1.3807
1.6174
0.872
4.8696
6.7942
4.5556
0.2993
0.136
0.0563
0.057499999999999996
0.0624
0.0441
0.0364
0.0461
0.0592
0.08560000000000001
0.11349999999999999
0.1001
0.0772
0.08080000000000001
0.1864
0.46740000000000004
0.19240000000000002
0.17149999999999999
0.2238
0.5776
0.5718000000000001
0.0034
0.0154
0.038
0.0325
0.0288
0.0493
0.07730000000000001
0.3405
0.37749999999999995
0.3888
2.0536
0.33340000000000003
0.31420000000000003
2.7434
0.8497999999999999
0.1118
0.8422999999999999
0.4032
0.1173
0.1108
0.0092
0.0
0.0
0.0
0.8192
5.7346
5.3491
0.6179
0.0082
0.0925
0.1583
0.0554
0.0174
0.0461
0.043399999999999994
0.05449999999999999
0.0406
0.0548
0.0433
0.030899999999999997
0.0277
0.0266
0.015
0.0373
0.009600000000000001
0.0134
0.0356
0.0182
0.0
0.0
0.0
0.0
0.0047
0.0
0.0191
0.0132
0.058499999999999996
0.087
0.061799999999999994
0.06409999999999999
0.07100000000000001
0.09670000000000001
0.1205
0.17529999999999998
0.5164
0.0335
0.016
0.0
0.0
0.0017
0.5577
1.9081000000000001
1.2537999999999998
3.356
1.7868
0.3356
0.0
0.036
0.023
0.0356
0.062
0.0755
0.0755
0.0563
0.0949
0.0615
0.0496
0.062200000000000005
0.0745
0.0823
0.0645
0.0201
0.2629
0.8466
0.6407
0.58
2.6865
4.4081
4.2357
1.9205999999999999
0.5513
0.1166
0.0799
0.1191
0.1346
0.1744
0.2025
0.23420000000000002
0.225
0.1829
0.1837
0.1036
0.0965
0.1096
0.3286
1.4886
0.8575999999999999
0.6526000000000001
0.49540000000000006
0.4219
4.028700000000001
3.8932
3.7777000000000003
1.7787
0.15489999999999998
0.1237
0.13169999999999998
0.4265
0.5973999999999999
0.3915
0.153
0.045700000000000005
0.038400000000000004
0.020900000000000002
0.0123
0.0455
0.04
0.0369
0.0204
0.0441
0.4036
1.3807
1.6174
0.872
4.8696
6.7942
4.5556
0.2993
0.136
0.0563
0.057499999999999996
0.0624
0.0441
0.0364
0.0461
0.0592
0.08560000000000001
0.11349999999999999
0.1001
0.0772
0.08080000000000001
0.1864
0.46740000000000004
0.19240000000000002
0.17149999999999999
0.2238
0.5776
0.5718000000000001
0.0034
0.0154
0.038
0.0325
0.0288
0.0493
0.07730000000000001
0.3405
0.37749999999999995
0.3888
2.0536
0.33340000000000003
0.31420000000000003
2.7434
0.8497999999999999
0.1118
0.8422999999999999
0.4032
0.1173
0.1108
0.0092
0.0
0.0
0.0
0.8192
5.7346
5.3491
0.6179
0.0082
0.0925
0.1583
0.0554
0.0174
0.0461
0.043399999999999994
0.05449999999999999
0.0406
0.0548
0.0433
0.030899999999999997
0.0277
0.0266
0.015
0.0373
0.009600000000000001
0.0134
0.0356
0.0182
0.0
0.0
0.0
0.0
0.0047
0.0
0.0191
0.0132
0.058499999999999996
0.087
0.061799999999999994
0.06409999999999999
0.07100000000000001
0.09670000000000001
0.1205
0.17529999999999998
0.5164
0.0335
0.016
0.0
0.0
0.0017
0.5577
1.9081000000000001
1.2537999999999998
3.356
1.7868
0.3356
0.0
0.036
0.023
0.0356
0.062
0.0755
0.0755
0.0563
0.0949
0.0615
0.0496
0.062200000000000005
0.0745
0.0823
0.0645
0.0201
0.2629
0.8466
0.6407
0.58
2.6865
4.4081
4.2357
1.9205999999999999
0.5513
0.1166
0.0799
0.1191
0.1346
0.1744
0.2025
0.23420000000000002
0.225
0.1829
0.1837
0.1036
0.0965
0.1096
0.3286
1.4886
0.8575999999999999
0.6526000000000001
0.49540000000000006
0.4219
4.028700000000001
3.8932
3.7777000000000003
1.7787
0.15489999999999998
0.1237
0.13169999999999998
0.4265
0.5973999999999999
0.3915
0.153
0.045700000000000005
0.038400000000000004
0.020900000000000002
0.0123
0.0455
0.04
0.0369
0.0204
0.0441
0.4036
1.3807
1.6174
0.872
4.8696
6.7942
4.5556
0.2993
0.136
0.0563
0.057499999999999996
0.0624
0.0441
0.0364
0.0461
0.0592
0.08560000000000001
0.11349999999999999
0.1001
0.0772
0.08080000000000001
0.1864
0.46740000000000004
0.19240000000000002
0.17149999999999999
0.2238
0.5776
0.5718000000000001
0.0034
0.0154
0.038
0.0325
0.0288
0.0493
0.07730000000000001
0.3405
0.37749999999999995
0.3888
2.0536
0.33340000000000003
0.31420000000000003
2.7434
0.8497999999999999
0.1118
0.8422999999999999
0.4032
0.1173
0.1108
0.0092
0.0
0.0
0.0
0.8192
5.7346
5.3491
0.6179
0.0082
0.0925
0.1583
0.0554
0.0174
0.0461
0.043399999999999994
0.05449999999999999
0.0406
0.0548
0.0433
0.030899999999999997
0.0277
0.0266
0.015
0.0373
0.009600000000000001
0.0134
0.0356
0.0182
0.0
0.0
0.0
0.0
0.0047
0.0
0.0191
0.0132
0.058499999999999996
0.087
0.061799999999999994
0.06409999999999999
0.07100000000000001
0.09670000000000001
0.1205
0.17529999999999998
0.5164
0.0335
0.016
0.0
0.0
0.0017
0.5577
1.9081000000000001
0.9211
1.2629000000000001
1.5114
1.9898
1.9028999999999998
0.9064000000000001
0.1389
0.4856
0.5032000000000001
0.2907
0.11729999999999999
0.1256
0.124
0.11330000000000001
0.12190000000000001
0.14479999999999998
0.7039000000000001
0.4657
0.2056
0.2255
0.26670000000000005
0.3118
0.3156
0.2694
0.1776
0.17109999999999997
0.1714
0.1692
0.1609
0.1379
0.1026
0.0938
0.07100000000000001
0.08729999999999999
0.23099999999999998
0.1404
0.1466
0.1057
0.08249999999999999
0.0913
0.1361
0.14529999999999998
0.1516
0.15739999999999998
0.1533
0.14350000000000002
0.1538
0.163
3.9192
3.6972
3.6961
2.299
0.4278
0.372
0.5241
1.3587
0.19629999999999997
0.07039999999999999
0.0363
0.0374
0.0369
0.0321
0.0404
0.056
0.1931
0.3006
0.3407
0.3487
0.33530000000000004
0.3791
0.488
0.48440000000000005
0.0587
0.0545
0.062
0.0605
0.061399999999999996
0.039
0.0322
0.0315
0.0005
0.0231
0.024300000000000002
0.024599999999999997
0.0283
0.0234
0.025599999999999998
0.013300000000000001
0.1276
0.0241
0.023
0.0327
0.0375
0.0295
0.0377
0.043899999999999995
0.6079
2.3605
1.7492999999999999
0.1732
0.0616
0.0
0.0
0.0495
0.0189
0.0519
0.0938
0.0267
0.0911
0.8195
0.5241
0.03
0.0
0.0
7.0154
0.1116
0.6056
7.0678
5.4734
2.3178
1.3122
0.9969
4.146100000000001
0.2359
0.0
0.0135
0.0197
0.0
0.0438
0.054599999999999996
0.044
0.0727
0.0567
0.045200000000000004
0.0253
0.0115
0.0
0.0
0.0
0.006699999999999999
0.0
0.0
0.0
0.0
0.0862
0.0814
0.0786
0.0774
0.0748
0.0601
0.036000000000000004
0.0366
0.060300000000000006
0.0759
0.0566
0.0377
0.0372
0.0288
0.033600000000000005
0.062299999999999994
0.1091
0.18419999999999997
0.38180000000000003
0.2355
0.2922
0.2446
0.1496
0.1117
0.9211
1.2629000000000001
1.5114
1.9898
1.9028999999999998
0.9064000000000001
0.1389
0.4856
0.5032000000000001
0.2907
0.11729999999999999
0.1256
0.124
0.11330000000000001
0.12190000000000001
0.14479999999999998
0.7039000000000001
0.4657
0.2056
0.2255
0.26670000000000005
0.3118
0.3156
0.2694
0.1776
0.17109999999999997
0.1714
0.1692
0.1609
0.1379
0.1026
0.0938
0.07100000000000001
0.08729999999999999
0.23099999999999998
0.1404
0.1466
0.1057
0.08249999999999999
0.0913
0.1361
0.14529999999999998
0.1516
0.15739999999999998
0.1533
0.14350000000000002
0.1538
0.163
3.9192
3.6972
3.6961
2.299
0.4278
0.372
0.5241
1.3587
0.19629999999999997
0.07039999999999999
0.0363
0.0374
0.0369
0.0321
0.0404
0.056
0.1931
0.3006
0.3407
0.3487
0.33530000000000004
0.3791
0.488
0.48440000000000005
0.0587
0.0545
0.062
0.0605
0.061399999999999996
0.039
0.0322
0.0315
0.0005
0.0231
0.024300000000000002
0.024599999999999997
0.0283
0.0234
0.025599999999999998
0.013300000000000001
0.1276
0.0241
0.023
0.0327
0.0375
0.0295
0.0377
0.043899999999999995
0.6079
2.3605
1.7492999999999999
0.1732
0.0616
0.0
0.0
0.0495
0.0189
0.0519
0.0938
0.0267
0.0911
0.8195
0.5241
0.03
0.0
0.0
7.0154
0.1116
0.6056
7.0678
5.4734
2.3178
1.3122
0.9969
4.146100000000001
0.2359
0.0
0.0135
0.0197
0.0
0.0438
0.054599999999999996
0.044
0.0727
0.0567
0.045200000000000004
0.0253
0.0115
0.0
0.0
0.0
0.006699999999999999
0.0
0.0
0.0
0.0
0.0862
0.0814
0.0786
0.0774
0.0748
0.0601
0.036000000000000004
0.0366
0.060300000000000006
0.0759
0.0566
0.0377
0.0372
0.0288
0.033600000000000005
0.062299999999999994
0.1091
0.18419999999999997
0.38180000000000003
0.2355
0.2922
0.2446
0.1496
0.1117
0.9211
1.2629000000000001
1.5114
1.9898
1.9028999999999998
0.9064000000000001
0.1389
0.4856
0.5032000000000001
0.2907
0.11729999999999999
0.1256
0.124
0.11330000000000001
0.12190000000000001
0.14479999999999998
0.7039000000000001
0.4657
0.2056
0.2255
0.26670000000000005
0.3118
0.3156
0.2694
0.1776
0.17109999999999997
0.1714
0.1692
0.1609
0.1379
0.1026
0.0938
0.07100000000000001
0.08729999999999999
0.23099999999999998
0.1404
0.1466
0.1057
0.08249999999999999
0.0913
0.1361
0.14529999999999998
0.1516
0.15739999999999998
0.1533
0.14350000000000002
0.1538
0.163
3.9192
3.6972
3.6961
2.299
0.4278
0.372
0.5241
1.3587
0.19629999999999997
0.07039999999999999
0.0363
0.0374
0.0369
0.0321
0.0404
0.056
0.1931
0.3006
0.3407
0.3487
0.33530000000000004
0.3791
0.488
0.48440000000000005
0.0587
0.0545
0.062
0.0605
0.061399999999999996
0.039
0.0322
0.0315
0.0005
0.0231
0.024300000000000002
0.024599999999999997
0.0283
0.0234
0.025599999999999998
0.013300000000000001
0.1276
0.0241
0.023
0.0327
0.0375
0.0295
0.0377
0.043899999999999995
0.6079
2.3605
1.7492999999999999
0.1732
0.0616
0.0
0.0
0.0495
0.0189
0.0519
0.0938
0.0267
0.0911
0.8195
0.5241
0.03
0.0
0.0
7.0154
0.1116
0.6056
7.0678
5.4734
2.3178
1.3122
0.9969
4.146100000000001
0.2359
0.0
0.0135
0.0197
0.0
0.0438
0.054599999999999996
0.044
0.0727
0.0567
0.045200000000000004
0.0253
0.0115
0.0
0.0
0.0
0.006699999999999999
0.0
0.0
0.0
0.0
0.0862
0.0814
0.0786
0.0774
0.0748
0.0601
0.036000000000000004
0.0366
0.060300000000000006
0.0759
0.0566
0.0377
0.0372
0.0288
0.033600000000000005
0.062299999999999994
0.1091
0.18419999999999997
0.38180000000000003
0.2355
0.2922
0.2446
0.1496
0.1117
0.9211
1.2629000000000001
1.5114
1.9898
1.9028999999999998
0.9064000000000001
0.1389
0.4856
0.5032000000000001
0.2907
0.11729999999999999
0.1256
0.124
0.11330000000000001
0.12190000000000001
0.14479999999999998
0.7039000000000001
0.4657
0.2056
0.2255
0.26670000000000005
0.3118
0.3156
0.2694
0.1776
0.17109999999999997
0.1714
0.1692
0.1609
0.1379
0.1026
0.0938
0.07100000000000001
0.08729999999999999
0.23099999999999998
0.1404
0.1466
0.1057
0.08249999999999999
0.0913
0.1361
0.14529999999999998
0.1516
0.15739999999999998
0.1533
0.14350000000000002
0.1538
0.163
3.9192
3.6972
3.6961
2.299
0.4278
0.372
0.5241
1.3587
0.19629999999999997
0.07039999999999999
0.0363
0.0374
0.0369
0.0321
0.0404
0.056
0.1931
0.3006
0.3407
0.3487
0.33530000000000004
0.3791
0.488
0.48440000000000005
0.0587
0.0545
0.062
0.0605
0.061399999999999996
0.039
0.0322
0.0315
0.0005
0.0231
0.024300000000000002
0.024599999999999997
0.0283
0.0234
0.025599999999999998
0.013300000000000001
0.1276
0.0241
0.023
0.0327
0.0375
0.0295
0.0377
0.043899999999999995
0.6079
2.3605
1.7492999999999999
0.1732
0.0616
0.0
0.0
0.0495
0.0189
0.0519
0.0938
0.0267
0.0911
0.8195
0.5241
0.03
0.0
0.0
7.0154
0.1116
0.6056
7.0678
5.4734
2.3178
1.3122
0.9969
4.146100000000001
0.2359
0.0
0.0135
0.0197
0.0
0.0438
0.054599999999999996
0.044
0.0727
0.0567
0.045200000000000004
0.0253
0.0115
0.0
0.0
0.0
0.006699999999999999
0.0
0.0
0.0
0.0
0.0862
0.0814
0.0786
0.0774
0.0748
0.0601
0.036000000000000004
0.0366
0.060300000000000006
0.0759
0.0566
0.0377
0.0372
0.0288
0.033600000000000005
0.062299999999999994
0.1091
0.18419999999999997
0.38180000000000003
0.2355
0.2922
0.2446
0.1496
0.1117
0.9211
1.2629000000000001
1.5114
1.9898
1.9028999999999998
0.9064000000000001
0.1389
0.4856
0.5032000000000001
0.2907
0.11729999999999999
0.1256
0.124
0.11330000000000001
0.12190000000000001
0.14479999999999998
0.7039000000000001
0.4657
0.2056
0.2255
0.26670000000000005
0.3118
0.3156
0.2694
0.1776
0.17109999999999997
0.1714
0.1692
0.1609
0.1379
0.1026
0.0938
0.07100000000000001
0.08729999999999999
0.23099999999999998
0.1404
0.1466
0.1057
0.08249999999999999
0.0913
0.1361
0.14529999999999998
0.1516
0.15739999999999998
0.1533
0.14350000000000002
0.1538
0.163
0.195
1.6762
4.1777999999999995
2.4899
0.1737
0.9584999999999999
0.7255
0.0342
0.0829
0.0964
0.0935
0.0866
0.09179999999999999
0.0939
0.195
0.2791
0.18319999999999997
0.6515
0.8159
0.45589999999999997
0.33540000000000003
0.2504
0.17930000000000001
0.1886
0.19069999999999998
0.1159
0.0959
0.1154
0.12000000000000001
0.2208
0.6825
0.833
0.5705
0.2164
0.0286
0.004
0.015
0.0
0.0387
1.36
1.0384
0.56
0.41000000000000003
0.7612
1.4059
1.3243
0.7611
0.8509
0.427
0.4948
0.49979999999999997
0.4174
0.32720000000000005
0.8561
1.2281
0.3845
0.24930000000000002
0.2728
0.0465
2.8569
0.254
0.5844
0.8666
0.225
0.1846
0.8008000000000001
0.0794
0.1122
0.108
0.1835
0.2645
0.2679
0.3478
5.4986
4.9911
4.0361
0.4333
0.4361
0.1742
0.0391
0.0259
0.0337
0.0427
0.0194
0.0214
0.0323
0.0279
0.0043
0.0009
0.0
0.0
1.0089
0.294
0.42569999999999997
0.2102
0.1758
0.075
0.1961
1.1512
2.3371
0.6788
0.0555
0.11030000000000001
0.0791
0.078
0.138
0.12340000000000001
0.1501
0.14889999999999998
0.18980000000000002
0.241
0.1139
0.0624
0.058
0.0556
0.0526
0.035
0.01
0.0038
0.0
4.4199
4.206799999999999
2.359
0.5241
0.4491
0.4439
0.5017
0.5896
0.7612
1.0204
1.3178999999999998
1.2163
0.5881000000000001
0.4879
0.5031
1.0438
1.4919
0.8512
0.7883
0.76
0.8731
1.4773
1.9945
1.6714
2.2471
2.5244999999999997
2.8396
1.7702
0.0356
0.0347
0.0065
0.009600000000000001
0.0045
0.0294
0.0125
0.2476
0.8036000000000001
0.0678
0.0017
0.5403
0.6575
0.0473
0.0067
0.0
0.0676
1.5973
2.1705
0.721
0.195
1.6762
4.1777999999999995
2.4899
0.1737
0.9584999999999999
0.7255
0.0342
0.0829
0.0964
0.0935
0.0866
0.09179999999999999
0.0939
0.195
0.2791
0.18319999999999997
0.6515
0.8159
0.45589999999999997
0.33540000000000003
0.2504
0.17930000000000001
0.1886
0.19069999999999998
0.1159
0.0959
0.1154
0.12000000000000001
0.2208
0.6825
0.833
0.5705
0.2164
0.0286
0.004
0.015
0.0
0.0387
1.36
1.0384
0.56
0.41000000000000003
0.7612
1.4059
1.3243
0.7611
0.8509
0.427
0.4948
0.49979999999999997
0.4174
0.32720000000000005
0.8561
1.2281
0.3845
0.24930000000000002
0.2728
0.0465
2.8569
0.254
0.5844
0.8666
0.225
0.1846
0.8008000000000001
0.0794
0.1122
0.108
0.1835
0.2645
0.2679
0.3478
5.4986
4.9911
4.0361
0.4333
0.4361
0.1742
0.0391
0.0259
0.0337
0.0427
0.0194
0.0214
0.0323
0.0279
0.0043
0.0009
0.0
0.0
1.0089
0.294
0.42569999999999997
0.2102
0.1758
0.075
0.1961
1.1512
2.3371
0.6788
0.0555
0.11030000000000001
0.0791
0.078
0.138
0.12340000000000001
0.1501
0.14889999999999998
0.18980000000000002
0.241
0.1139
0.0624
0.058
0.0556
0.0526
0.035
0.01
0.0038
0.0
4.4199
4.206799999999999
2.359
0.5241
0.4491
0.4439
0.5017
0.5896
0.7612
1.0204
1.3178999999999998
1.2163
0.5881000000000001
0.4879
0.5031
1.0438
1.4919
0.8512
0.7883
0.76
0.8731
1.4773
1.9945
1.6714
2.2471
2.5244999999999997
2.8396
1.7702
0.0356
0.0347
0.0065
0.009600000000000001
0.0045
0.0294
0.0125
0.2476
0.8036000000000001
0.0678
0.0017
0.5403
0.6575
0.0473
0.0067
0.0
0.0676
1.5973
2.1705
0.721
0.195
1.6762
4.1777999999999995
2.4899
0.1737
0.9584999999999999
0.7255
0.0342
0.0829
0.0964
0.0935
0.0866
0.09179999999999999
0.0939
0.195
0.2791
0.18319999999999997
0.6515
0.8159
0.45589999999999997
0.33540000000000003
0.2504
0.17930000000000001
0.1886
0.19069999999999998
0.1159
0.0959
0.1154
0.12000000000000001
0.2208
0.6825
0.833
0.5705
0.2164
0.0286
0.004
0.015
0.0
0.0387
1.36
1.0384
0.56
0.41000000000000003
0.7612
1.4059
1.3243
0.7611
0.8509
0.427
0.4948
0.49979999999999997
0.4174
0.32720000000000005
0.8561
1.2281
0.3845
0.24930000000000002
0.2728
0.0465
2.8569
0.254
0.5844
0.8666
0.225
0.1846
0.8008000000000001
0.0794
0.1122
0.108
0.1835
0.2645
0.2679
0.3478
5.4986
4.9911
4.0361
0.4333
0.4361
0.1742
0.0391
0.0259
0.0337
0.0427
0.0194
0.0214
0.0323
0.0279
0.0043
0.0009
0.0
0.0
1.0089
0.294
0.42569999999999997
0.2102
0.1758
0.075
0.1961
1.1512
2.3371
0.6788
0.0555
0.11030000000000001
0.0791
0.078
0.138
0.12340000000000001
0.1501
0.14889999999999998
0.18980000000000002
0.241
0.1139
0.0624
0.058
0.0556
0.0526
0.035
0.01
0.0038
0.0
4.4199
4.206799999999999
2.359
0.5241
0.4491
0.4439
0.5017
0.5896
0.7612
1.0204
1.3178999999999998
1.2163
0.5881000000000001
0.4879
0.5031
1.0438
1.4919
0.8512
0.7883
0.76
0.8731
1.4773
1.9945
1.6714
2.2471
2.5244999999999997
2.8396
1.7702
0.0356
0.0347
0.0065
0.009600000000000001
0.0045
0.0294
0.0125
0.2476
0.8036000000000001
0.0678
0.0017
0.5403
0.6575
0.0473
0.0067
0.0
0.0676
1.5973
2.1705
0.721
0.195
1.6762
4.1777999999999995
2.4899
0.1737
0.9584999999999999
0.7255
0.0342
0.0829
0.0964
0.0935
0.0866
0.09179999999999999
0.0939
0.195
0.2791
0.18319999999999997
0.6515
0.8159
0.45589999999999997
0.33540000000000003
0.2504
0.17930000000000001
0.1886
0.19069999999999998
0.1159
0.0959
0.1154
0.12000000000000001
0.2208
0.6825
0.833
0.5705
0.2164
0.0286
0.004
0.015
0.0
0.0387
1.36
1.0384
0.56
0.41000000000000003
0.7612
1.4059
1.3243
0.7611
0.8509
0.427
0.4948
0.49979999999999997
0.4174
0.32720000000000005
0.8561
1.2281
0.3845
0.24930000000000002
0.2728
0.0465
2.8569
0.254
0.5844
0.8666
0.225
0.1846
0.8008000000000001
0.0794
0.1122
0.108
0.1835
0.2645
0.2679
0.3478
5.4986
4.9911
4.0361
0.4333
0.4361
0.1742
0.0391
0.0259
0.0337
0.0427
0.0194
0.0214
0.0323
0.0279
0.0043
0.0009
0.0
0.0
1.0089
0.294
0.42569999999999997
0.2102
0.1758
0.075
0.1961
1.1512
2.3371
0.6788
0.0555
0.11030000000000001
0.0791
0.078
0.138
0.12340000000000001
0.1501
0.14889999999999998
0.18980000000000002
0.241
0.1139
0.0624
0.058
0.0556
0.0526
0.035
0.01
0.0038
0.0
4.4199
4.206799999999999
2.359
0.5241
0.4491
0.4439
0.5017
0.5896
0.7612
1.0204
1.3178999999999998
1.2163
0.5881000000000001
0.4879
0.5031
1.0438
1.4919
0.8512
0.7883
0.76
0.8731
1.4773
1.9945
1.6714
2.2471
2.5244999999999997
2.8396
1.7702
0.0356
0.0347
0.0065
0.009600000000000001
0.0045
0.0294
0.0125
0.2476
0.8036000000000001
0.0678
0.0017
0.5403
0.6575
0.0473
0.0067
0.0
0.0676
1.5973
2.1705
0.721
0.195
1.6762
4.1777999999999995
2.4899
0.1737
0.9584999999999999
0.7255
0.0342
0.0829
0.0964
0.0935
0.0866
0.09179999999999999
0.0939
0.195
0.2791
0.18319999999999997
0.6515
0.8159
0.45589999999999997
0.33540000000000003
0.2504
0.17930000000000001
0.1886
0.19069999999999998
0.1159
0.0959
0.1154
0.12000000000000001
0.2208
0.6825
0.833
0.5705
0.2164
0.0286
0.004
0.015
0.0
0.0387
1.36
1.0384
0.56
0.41000000000000003
0.7612
1.4059
1.3243
0.7611
0.8509
0.427
0.4948
0.49979999999999997
0.4174
0.32720000000000005
0.8561
1.2281
0.3845
0.24930000000000002
0.2728
0.0465
2.8569
0.254
0.5844
0.8666
0.225
0.1846
0.8008000000000001
0.0794
0.1122
0.108
0.1835
0.2645
0.2679
0.2543
1.5882999999999998
1.2216
1.4989
1.7147999999999999
2.214
2.2757
0.0
0.1142
0.09179999999999999
0.08940000000000001
0.07669999999999999
0.049699999999999994
0.0625
0.075
0.0938
0.0681
0.11199999999999999
0.15960000000000002
0.10139999999999999
0.0959
0.0057
0.181
1.0289
4.4811
4.6195
2.6466000000000003
0.3021
0.0
0.0023
0.0077
0.0
0.007
0.0095
0.0167
0.0618
0.0577
0.047299999999999995
0.038
0.0242
0.0022
0.0
0.0015
0.0042
0.0
0.0
0.0
0.0
2.6813000000000002
2.2405
1.359
1.8611
0.8857999999999999
0.47019999999999995
0.5704
1.1668
0.005
0.0021
0.0559
0.0898
0.0571
0.0357
0.030699999999999998
0.0112
0.0081
0.0
0.0113
0.2434
1.1281
1.6958
1.5351
1.6058
0.6184000000000001
1.1545
1.0756
0.5873999999999999
0.1261
0.1232
0.0849
0.11460000000000001
0.2379
0.2422
0.19640000000000002
0.1282
0.09
0.0712
0.0659
0.10469999999999999
0.1364
0.2258
0.31179999999999997
0.615
1.3129
1.2698
1.2178
1.934
0.9621999999999999
1.0489000000000002
1.0044
0.8869
0.7455
0.6822999999999999
0.7963
1.4295
3.5081999999999995
0.6169
0.5343
0.5773
0.915
1.8857000000000002
0.0816
0.16090000000000002
1.7658
0.806
0.14550000000000002
0.1597
0.042800000000000005
0.025900000000000003
0.0359
0.0
1.6421000000000001
1.7545000000000002
0.39949999999999997
0.315
0.3214
0.22870000000000001
0.1362
0.1033
0.1096
0.12359999999999999
0.1164
0.0915
0.07680000000000001
0.0726
0.11889999999999999
0.13269999999999998
0.10880000000000001
0.13
0.1371
0.1847
0.3054
0.4139
0.7264999999999999
0.7014
0.096
0.0928
0.0912
0.0935
0.0959
0.09620000000000001
0.0876
0.07289999999999999
0.0684
0.0663
0.054
0.044
0.0469
0.051100000000000007
0.0562
0.0665
0.061
0.0849
0.122
0.0805
0.0635
0.0729
0.0969
0.1134
0.2543
1.5882999999999998
1.2216
1.4989
1.7147999999999999
2.214
2.2757
0.0
0.1142
0.09179999999999999
0.08940000000000001
0.07669999999999999
0.049699999999999994
0.0625
0.075
0.0938
0.0681
0.11199999999999999
0.15960000000000002
0.10139999999999999
0.0959
0.0057
0.181
1.0289
4.4811
4.6195
2.6466000000000003
0.3021
0.0
0.0023
0.0077
0.0
0.007
0.0095
0.0167
0.0618
0.0577
0.047299999999999995
0.038
0.0242
0.0022
0.0
0.0015
0.0042
0.0
0.0
0.0
0.0
2.6813000000000002
2.2405
1.359
1.8611
0.8857999999999999
0.47019999999999995
0.5704
1.1668
0.005
0.0021
0.0559
0.0898
0.0571
0.0357
0.030699999999999998
0.0112
0.0081
0.0
0.0113
0.2434
1.1281
1.6958
1.5351
1.6058
0.6184000000000001
1.1545
1.0756
0.5873999999999999
0.1261
0.1232
0.0849
0.11460000000000001
0.2379
0.2422
0.19640000000000002
0.1282
0.09
0.0712
0.0659
0.10469999999999999
0.1364
0.2258
0.31179999999999997
0.615
1.3129
1.2698
1.2178
1.934
0.9621999999999999
1.0489000000000002
1.0044
0.8869
0.7455
0.6822999999999999
0.7963
1.4295
3.5081999999999995
0.6169
0.5343
0.5773
0.915
1.8857000000000002
0.0816
0.16090000000000002
1.7658
0.806
0.14550000000000002
0.1597
0.042800000000000005
0.025900000000000003
0.0359
0.0
1.6421000000000001
1.7545000000000002
0.39949999999999997
0.315
0.3214
0.22870000000000001
0.1362
0.1033
0.1096
0.12359999999999999
0.1164
0.0915
0.07680000000000001
0.0726
0.11889999999999999
0.13269999999999998
0.10880000000000001
0.13
0.1371
0.1847
0.3054
0.4139
0.7264999999999999
0.7014
0.096
0.0928
0.0912
0.0935
0.0959
0.09620000000000001
0.0876
0.07289999999999999
0.0684
0.0663
0.054
0.044
0.0469
0.051100000000000007
0.0562
0.0665
0.061
0.0849
0.122
0.0805
0.0635
0.0729
0.0969
0.1134
0.2543
1.5882999999999998
1.2216
1.4989
1.7147999999999999
2.214
2.2757
0.0
0.1142
0.09179999999999999
0.08940000000000001
0.07669999999999999
0.049699999999999994
0.0625
0.075
0.0938
0.0681
0.11199999999999999
0.15960000000000002
0.10139999999999999
0.0959
0.0057
0.181
1.0289
4.4811
4.6195
2.6466000000000003
0.3021
0.0
0.0023
0.0077
0.0
0.007
0.0095
0.0167
0.0618
0.0577
0.047299999999999995
0.038
0.0242
0.0022
0.0
0.0015
0.0042
0.0
0.0
0.0
0.0
2.6813000000000002
2.2405
1.359
1.8611
0.8857999999999999
0.47019999999999995
0.5704
1.1668
0.005
0.0021
0.0559
0.0898
0.0571
0.0357
0.030699999999999998
0.0112
0.0081
0.0
0.0113
0.2434
1.1281
1.6958
1.5351
1.6058
0.6184000000000001
1.1545
1.0756
0.5873999999999999
0.1261
0.1232
0.0849
0.11460000000000001
0.2379
0.2422
0.19640000000000002
0.1282
0.09
0.0712
0.0659
0.10469999999999999
0.1364
0.2258
0.31179999999999997
0.615
1.3129
1.2698
1.2178
1.934
0.9621999999999999
1.0489000000000002
1.0044
0.8869
0.7455
0.6822999999999999
0.7963
1.4295
3.5081999999999995
0.6169
0.5343
0.5773
0.915
1.8857000000000002
0.0816
0.16090000000000002
1.7658
0.806
0.14550000000000002
0.1597
0.042800000000000005
0.025900000000000003
0.0359
0.0
1.6421000000000001
1.7545000000000002
0.39949999999999997
0.315
0.3214
0.22870000000000001
0.1362
0.1033
0.1096
0.12359999999999999
0.1164
0.0915
0.07680000000000001
0.0726
0.11889999999999999
0.13269999999999998
0.10880000000000001
0.13
0.1371
0.1847
0.3054
0.4139
0.7264999999999999
0.7014
0.096
0.0928
0.0912
0.0935
0.0959
0.09620000000000001
0.0876
0.07289999999999999
0.0684
0.0663
0.054
0.044
0.0469
0.051100000000000007
0.0562
0.0665
0.061
0.0849
0.122
0.0805
0.0635
0.0729
0.0969
0.1134
0.2543
1.5882999999999998
1.2216
1.4989
1.7147999999999999
2.214
2.2757
0.0
0.1142
0.09179999999999999
0.08940000000000001
0.07669999999999999
0.049699999999999994
0.0625
0.075
0.0938
0.0681
0.11199999999999999
0.15960000000000002
0.10139999999999999
0.0959
0.0057
0.181
1.0289
4.4811
4.6195
2.6466000000000003
0.3021
0.0
0.0023
0.0077
0.0
0.007
0.0095
0.0167
0.0618
0.0577
0.047299999999999995
0.038
0.0242
0.0022
0.0
0.0015
0.0042
0.0
0.0
0.0
0.0
2.6813000000000002
2.2405
1.359
1.8611
0.8857999999999999
0.47019999999999995
0.5704
1.1668
0.005
0.0021
0.0559
0.0898
0.0571
0.0357
0.030699999999999998
0.0112
0.0081
0.0
0.0113
0.2434
1.1281
1.6958
1.5351
1.6058
0.6184000000000001
1.1545
1.0756
0.5873999999999999
0.1261
0.1232
0.0849
0.11460000000000001
0.2379
0.2422
0.19640000000000002
0.1282
0.09
0.0712
0.0659
0.10469999999999999
0.1364
0.2258
0.31179999999999997
0.615
1.3129
1.2698
1.2178
1.934
0.9621999999999999
1.0489000000000002
1.0044
0.8869
0.7455
0.6822999999999999
0.7963
1.4295
3.5081999999999995
0.6169
0.5343
0.5773
0.915
1.8857000000000002
0.0816
0.16090000000000002
1.7658
0.806
0.14550000000000002
0.1597
0.042800000000000005
0.025900000000000003
0.0359
0.0
1.6421000000000001
1.7545000000000002
0.39949999999999997
0.315
0.3214
0.22870000000000001
0.1362
0.1033
0.1096
0.12359999999999999
0.1164
0.0915
0.07680000000000001
0.0726
0.11889999999999999
0.13269999999999998
0.10880000000000001
0.13
0.1371
0.1847
0.3054
0.4139
0.7264999999999999
0.7014
0.096
0.0928
0.0912
0.0935
0.0959
0.09620000000000001
0.0876
0.07289999999999999
0.0684
0.0663
0.054
0.044
0.0469
0.051100000000000007
0.0562
0.0665
0.061
0.0849
0.122
0.0805
0.0635
0.0729
0.0969
0.1134
0.2543
1.5882999999999998
1.2216
1.4989
1.7147999999999999
2.214
2.2757
0.0
0.1142
0.09179999999999999
0.08940000000000001
0.07669999999999999
0.049699999999999994
0.0625
0.075
0.0938
0.0681
0.11199999999999999
0.15960000000000002
0.10139999999999999
0.0959
0.0057
0.181
1.0289
4.4811
4.6195
2.6466000000000003
0.3021
0.0
0.0023
0.0077
0.0
0.007
0.0095
0.0167
0.0618
0.0577
0.047299999999999995
0.038
0.0242
0.0022
0.0
0.0015
0.0042
0.0
0.0
0.0
0.0
0.1212
0.11549999999999999
0.1121
0.1222
0.1237
0.1367
0.22110000000000002
0.2029
0.0613
0.0402
0.0286
0.019000000000000003
0.0221
0.0211
0.0285
0.030699999999999998
0.030100000000000002
0.0523
0.1136
0.1268
0.1195
0.1234
0.1387
0.1452
0.317
0.32030000000000003
0.479
2.6063
0.1701
0.2395
0.19419999999999998
0.2041
0.22399999999999998
0.24
0.21610000000000001
0.2349
0.2373
0.2694
0.5617
0.4931
0.3096
0.3304
0.363
0.5134000000000001
1.1886
0.3562
0.29769999999999996
0.30920000000000003
0.899
0.1737
0.1157
0.22849999999999998
0.8261000000000001
0.0
0.5589
0.2251
0.0306
0.0
1.864
0.0983
0.08979999999999999
0.0984
0.034
0.0123
0.0015
0.0029
0.3232
0.13770000000000002
0.0516
0.0075
0.0
0.0
4.925700000000001
4.1023
0.3726
0.0
0.0
0.0053
0.005
0.018500000000000003
0.0004
0.007
0.025599999999999998
0.025500000000000002
0.0035
0.0017000000000000001
0.0281
0.4442
0.1456
0.0595
0.003
0.0032
0.0
0.0132
0.0
1.5655
1.8514
1.6122
0.8283
0.2537
0.0298
0.055
0.024300000000000002
0.0493
0.0649
0.0376
0.3208
0.7673
0.0053
0.0029
0.0041
0.08929999999999999
0.3192
0.47740000000000005
0.6882
0.7055
0.6069
0.722
1.2172
2.0474
4.3343
6.3894
5.7622
2.0278
0.3524
0.0542
0.052000000000000005
0.0443
0.0358
0.040900000000000006
0.0336
0.0237
0.0341
0.0495
0.0596
0.0444
0.0489
0.0299
0.0067
0.003
0.382
1.3388
1.1065999999999998
0.8495
0.255
3.7752
1.9987
1.8485999999999998
1.1394
0.4275
0.4407
0.4894
0.2671
0.20929999999999999
0.1884
0.1639
0.1642
0.1492
0.1669
0.5509
0.2683
0.2729
0.29159999999999997
0.28459999999999996
0.2722
0.2072
0.13840000000000002
0.1061
0.1212
0.11549999999999999
0.1121
0.1222
0.1237
0.1367
0.22110000000000002
0.2029
0.0613
0.0402
0.0286
0.019000000000000003
0.0221
0.0211
0.0285
0.030699999999999998
0.030100000000000002
0.0523
0.1136
0.1268
0.1195
0.1234
0.1387
0.1452
0.317
0.32030000000000003
0.479
2.6063
0.1701
0.2395
0.19419999999999998
0.2041
0.22399999999999998
0.24
0.21610000000000001
0.2349
0.2373
0.2694
0.5617
0.4931
0.3096
0.3304
0.363
0.5134000000000001
1.1886
0.3562
0.29769999999999996
0.30920000000000003
0.899
0.1737
0.1157
0.22849999999999998
0.8261000000000001
0.0
0.5589
0.2251
0.0306
0.0
1.864
0.0983
0.08979999999999999
0.0984
0.034
0.0123
0.0015
0.0029
0.3232
0.13770000000000002
0.0516
0.0075
0.0
0.0
4.925700000000001
4.1023
0.3726
0.0
0.0
0.0053
0.005
0.018500000000000003
0.0004
0.007
0.025599999999999998
0.025500000000000002
0.0035
0.0017000000000000001
0.0281
0.4442
0.1456
0.0595
0.003
0.0032
0.0
0.0132
0.0
1.5655
1.8514
1.6122
0.8283
0.2537
0.0298
0.055
0.024300000000000002
0.0493
0.0649
0.0376
0.3208
0.7673
0.0053
0.0029
0.0041
0.08929999999999999
0.3192
0.47740000000000005
0.6882
0.7055
0.6069
0.722
1.2172
2.0474
4.3343
6.3894
5.7622
2.0278
0.3524
0.0542
0.052000000000000005
0.0443
0.0358
0.040900000000000006
0.0336
0.0237
0.0341
0.0495
0.0596
0.0444
0.0489
0.0299
0.0067
0.003
0.382
1.3388
1.1065999999999998
0.8495
0.255
3.7752
1.9987
1.8485999999999998
1.1394
0.4275
0.4407
0.4894
0.2671
0.20929999999999999
0.1884
0.1639
0.1642
0.1492
0.1669
0.5509
0.2683
0.2729
0.29159999999999997
0.28459999999999996
0.2722
0.2072
0.13840000000000002
0.1061
0.1212
0.11549999999999999
0.1121
0.1222
0.1237
0.1367
0.22110000000000002
0.2029
0.0613
0.0402
0.0286
0.019000000000000003
0.0221
0.0211
0.0285
0.030699999999999998
0.030100000000000002
0.0523
0.1136
0.1268
0.1195
0.1234
0.1387
0.1452
0.317
0.32030000000000003
0.479
2.6063
0.1701
0.2395
0.19419999999999998
0.2041
0.22399999999999998
0.24
0.21610000000000001
0.2349
0.2373
0.2694
0.5617
0.4931
0.3096
0.3304
0.363
0.5134000000000001
1.1886
0.3562
0.29769999999999996
0.30920000000000003
0.899
0.1737
0.1157
0.22849999999999998
0.8261000000000001
0.0
0.5589
0.2251
0.0306
0.0
1.864
0.0983
0.08979999999999999
0.0984
0.034
0.0123
0.0015
0.0029
0.3232
0.13770000000000002
0.0516
0.0075
0.0
0.0
4.925700000000001
4.1023
0.3726
0.0
0.0
0.0053
0.005
0.018500000000000003
0.0004
0.007
0.025599999999999998
0.025500000000000002
0.0035
0.0017000000000000001
0.0281
0.4442
0.1456
0.0595
0.003
0.0032
0.0
0.0132
0.0
1.5655
1.8514
1.6122
0.8283
0.2537
0.0298
0.055
0.024300000000000002
0.0493
0.0649
0.0376
0.3208
0.7673
0.0053
0.0029
0.0041
0.08929999999999999
0.3192
0.47740000000000005
0.6882
0.7055
0.6069
0.722
1.2172
2.0474
4.3343
6.3894
5.7622
2.0278
0.3524
0.0542
0.052000000000000005
0.0443
0.0358
0.040900000000000006
0.0336
0.0237
0.0341
0.0495
0.0596
0.0444
0.0489
0.0299
0.0067
0.003
0.382
1.3388
1.1065999999999998
0.8495
0.255
3.7752
1.9987
1.8485999999999998
1.1394
0.4275
0.4407
0.4894
0.2671
0.20929999999999999
0.1884
0.1639
0.1642
0.1492
0.1669
0.5509
0.2683
0.2729
0.29159999999999997
0.28459999999999996
0.2722
0.2072
0.13840000000000002
0.1061
0.1212
0.11549999999999999
0.1121
0.1222
0.1237
0.1367
0.22110000000000002
0.2029
0.0613
0.0402
0.0286
0.019000000000000003
0.0221
0.0211
0.0285
0.030699999999999998
0.030100000000000002
0.0523
0.1136
0.1268
0.1195
0.1234
0.1387
0.1452
0.317
0.32030000000000003
0.479
2.6063
0.1701
0.2395
0.19419999999999998
0.2041
0.22399999999999998
0.24
0.21610000000000001
0.2349
0.2373
0.2694
0.5617
0.4931
0.3096
0.3304
0.363
0.5134000000000001
1.1886
0.3562
0.29769999999999996
0.30920000000000003
0.899
0.1737
0.1157
0.22849999999999998
0.8261000000000001
0.0
0.5589
0.2251
0.0306
0.0
1.864
0.0983
0.08979999999999999
0.0984
0.034
0.0123
0.0015
0.0029
0.3232
0.13770000000000002
0.0516
0.0075
0.0
0.0
4.925700000000001
4.1023
0.3726
0.0
0.0
0.0053
0.005
0.018500000000000003
0.0004
0.007
0.025599999999999998
0.025500000000000002
0.0035
0.0017000000000000001
0.0281
0.4442
0.1456
0.0595
0.003
0.0032
0.0
0.0132
0.0
1.5655
1.8514
1.6122
0.8283
0.2537
0.0298
0.055
0.024300000000000002
0.0493
0.0649
0.0376
0.3208
0.7673
0.0053
0.0029
0.0041
0.08929999999999999
0.3192
0.47740000000000005
0.6882
0.7055
0.6069
0.722
1.2172
2.0474
4.3343
6.3894
5.7622
2.0278
0.3524
0.0542
0.052000000000000005
0.0443
0.0358
0.040900000000000006
0.0336
0.0237
0.0341
0.0495
0.0596
0.0444
0.0489
0.0299
0.0067
0.003
0.382
1.3388
1.1065999999999998
0.8495
0.255
3.7752
1.9987
1.8485999999999998
1.1394
0.4275
0.4407
0.4894
0.2671
0.20929999999999999
0.1884
0.1639
0.1642
0.1492
0.1669
0.5509
0.2683
0.2729
0.29159999999999997
0.28459999999999996
0.2722
0.2072
0.13840000000000002
0.1061
0.1212
0.11549999999999999
0.1121
0.1222
0.1237
0.1367
0.22110000000000002
0.2029
0.0613
0.0402
0.0286
0.019000000000000003
0.0221
0.0211
0.0285
0.030699999999999998
0.030100000000000002
0.0523
0.1136
0.1268
0.1195
0.1234
0.1387
0.1452
0.317
0.32030000000000003
0.479
2.6063
0.1701
0.2395
0.19419999999999998
0.2041
0.22399999999999998
0.24
0.21610000000000001
0.2349
0.2373
0.2694
0.5617
0.4931
0.3096
0.3304
0.363
0.5134000000000001
1.1886
0.3562
0.29769999999999996
0.30920000000000003
0.899
0.1737
0.1157
0.22849999999999998
0.8261000000000001
0.0
0.5589
0.2251
0.0306
0.0
1.864
0.0983
0.08979999999999999
0.0984
0.034
0.0123
0.0015
0.0029
0.3232
0.13770000000000002
0.0516
0.0075
0.0
0.0
