2.3682
2.9125
1.8201999999999998
0.25329999999999997
0.35209999999999997
0.3522
0.2145
0.2258
0.0791
0.054400000000000004
0.040999999999999995
0.024300000000000002
0.0296
0.0218
0.015600000000000001
0.0231
0.0322
0.0385
0.498
0.29700000000000004
0.1764
0.122
0.1424
0.845
0.8521000000000001
0.7182999999999999
0.6894
0.87
0.4888
0.13670000000000002
0.0
0.0043
0.0056
0.0
0.0112
0.0
0.054400000000000004
0.2198
0.3832
0.1612
0.1402
0.4747
0.7929999999999999
1.1221
1.4674
1.518
1.5143
5.2442
1.2042
1.8931
0.5005999999999999
0.0
0.0
0.0
0.0
0.0
0.0
0.0
0.0021
0.003
0.063
0.4294
0.2213
0.0
0.0029
0.0325
0.0555
0.0031
0.0335
0.036199999999999996
0.0
0.0
3.3562000000000003
5.0326
4.6866
1.6151
0.2934
0.0624
0.0606
0.06
0.0673
0.07150000000000001
0.0721
0.06659999999999999
0.077
0.0738
0.0994
0.1834
0.4387
0.30110000000000003
0.3452
0.37070000000000003
0.44020000000000004
0.6856
0.9865999999999999
0.9384
2.5601000000000003
2.6066000000000003
1.7833999999999999
0.32889999999999997
0.201
0.14550000000000002
0.1153
0.1295
0.1202
0.1189
0.1205
0.1022
0.0877
0.0849
0.0849
0.0901
0.2579
0.1182
0.0754
0.043300000000000005
0.0591
0.046299999999999994
0.336
1.7328
1.2305000000000001
1.3618000000000001
0.9391
0.3896
0.2912
0.3335
0.4002
0.8715
1.0763
0.8049999999999999
0.4619
0.2374
0.1774
0.1523
0.13429999999999997
0.1618
0.1928
0.2875
1.4990999999999999
0.7161
1.2099
2.0676
1.8556
3.9996
0.1663
0.165
0.1553
0.1338
0.1428
0.1371
0.1916
1.5453
0.4647
0.0912
0.2469
0.371
0.36360000000000003
0.3831
0.5652999999999999
0.31279999999999997
0.615
1.4512
1.411
0.6489
0.1554
0.0014
0.0
0.0152
2.3682
2.9125
1.8201999999999998
0.25329999999999997
0.35209999999999997
0.3522
0.2145
0.2258
0.0791
0.054400000000000004
0.040999999999999995
0.024300000000000002
0.0296
0.0218
0.015600000000000001
0.0231
0.0322
0.0385
0.498
0.29700000000000004
0.1764
0.122
0.1424
0.845
0.8521000000000001
0.7182999999999999
0.6894
0.87
0.4888
0.13670000000000002
0.0
0.0043
0.0056
0.0
0.0112
0.0
0.054400000000000004
0.2198
0.3832
0.1612
0.1402
0.4747
0.7929999999999999
1.1221
1.4674
1.518
1.5143
5.2442
1.2042
1.8931
0.5005999999999999
0.0
0.0
0.0
0.0
0.0
0.0
0.0
0.0021
0.003
0.063
0.4294
0.2213
0.0
0.0029
0.0325
0.0555
0.0031
0.0335
0.036199999999999996
0.0
0.0
3.3562000000000003
5.0326
4.6866
1.6151
0.2934
0.0624
0.0606
0.06
0.0673
0.07150000000000001
0.0721
0.06659999999999999
0.077
0.0738
0.0994
0.1834
0.4387
0.30110000000000003
0.3452
0.37070000000000003
0.44020000000000004
0.6856
0.9865999999999999
0.9384
2.5601000000000003
2.6066000000000003
1.7833999999999999
0.32889999999999997
0.201
0.14550000000000002
0.1153
0.1295
0.1202
0.1189
0.1205
0.1022
0.0877
0.0849
0.0849
0.0901
0.2579
0.1182
0.0754
0.043300000000000005
0.0591
0.046299999999999994
0.336
1.7328
1.2305000000000001
1.3618000000000001
0.9391
0.3896
0.2912
0.3335
0.4002
0.8715
1.0763
0.8049999999999999
0.4619
0.2374
0.1774
0.1523
0.13429999999999997
0.1618
0.1928
0.2875
1.4990999999999999
0.7161
1.2099
2.0676
1.8556
3.9996
0.1663
0.165
0.1553
0.1338
0.1428
0.1371
0.1916
1.5453
0.4647
0.0912
0.2469
0.371
0.36360000000000003
0.3831
0.5652999999999999
0.31279999999999997
0.615
1.4512
1.411
0.6489
0.1554
0.0014
0.0
0.0152
2.3682
2.9125
1.8201999999999998
0.25329999999999997
0.35209999999999997
0.3522
0.2145
0.2258
0.0791
0.054400000000000004
0.040999999999999995
0.024300000000000002
0.0296
0.0218
0.015600000000000001
0.0231
0.0322
0.0385
0.498
0.29700000000000004
0.1764
0.122
0.1424
0.845
0.8521000000000001
0.7182999999999999
0.6894
0.87
0.4888
0.13670000000000002
0.0
0.0043
0.0056
0.0
0.0112
0.0
0.054400000000000004
0.2198
0.3832
0.1612
0.1402
0.4747
0.7929999999999999
1.1221
1.4674
1.518
1.5143
5.2442
1.2042
1.8931
0.5005999999999999
0.0
0.0
0.0
0.0
0.0
0.0
0.0
0.0021
0.003
0.063
0.4294
0.2213
0.0
0.0029
0.0325
0.0555
0.0031
0.0335
0.036199999999999996
0.0
0.0
3.3562000000000003
5.0326
4.6866
1.6151
0.2934
0.0624
0.0606
0.06
0.0673
0.07150000000000001
0.0721
0.06659999999999999
0.077
0.0738
0.0994
0.1834
0.4387
0.30110000000000003
0.3452
0.37070000000000003
0.44020000000000004
0.6856
0.9865999999999999
0.9384
2.5601000000000003
2.6066000000000003
1.7833999999999999
0.32889999999999997
0.201
0.14550000000000002
0.1153
0.1295
0.1202
0.1189
0.1205
0.1022
0.0877
0.0849
0.0849
0.0901
0.2579
0.1182
0.0754
0.043300000000000005
0.0591
0.046299999999999994
0.336
1.7328
1.2305000000000001
1.3618000000000001
0.9391
0.3896
0.2912
0.3335
0.4002
0.8715
1.0763
0.8049999999999999
0.4619
0.2374
0.1774
0.1523
0.13429999999999997
0.1618
0.1928
0.2875
1.4990999999999999
0.7161
1.2099
2.0676
1.8556
3.9996
0.1663
0.165
0.1553
0.1338
0.1428
0.1371
0.1916
1.5453
0.4647
0.0912
0.2469
0.371
0.36360000000000003
0.3831
0.5652999999999999
0.31279999999999997
0.615
1.4512
1.411
0.6489
0.1554
0.0014
0.0
0.0152
2.3682
2.9125
1.8201999999999998
0.25329999999999997
0.35209999999999997
0.3522
0.2145
0.2258
0.0791
0.054400000000000004
0.040999999999999995
0.024300000000000002
0.0296
0.0218
0.015600000000000001
0.0231
0.0322
0.0385
0.498
0.29700000000000004
0.1764
0.122
0.1424
0.845
0.8521000000000001
0.7182999999999999
0.6894
0.87
0.4888
0.13670000000000002
0.0
0.0043
0.0056
0.0
0.0112
0.0
0.054400000000000004
0.2198
0.3832
0.1612
0.1402
0.4747
0.7929999999999999
1.1221
1.4674
1.518
1.5143
5.2442
1.2042
1.8931
0.5005999999999999
0.0
0.0
0.0
0.0
0.0
0.0
0.0
0.0021
0.003
0.063
0.4294
0.2213
0.0
0.0029
0.0325
0.0555
0.0031
0.0335
0.036199999999999996
0.0
0.0
3.3562000000000003
5.0326
4.6866
1.6151
0.2934
0.0624
0.0606
0.06
0.0673
0.07150000000000001
0.0721
0.06659999999999999
0.077
0.0738
0.0994
0.1834
0.4387
0.30110000000000003
0.3452
0.37070000000000003
0.44020000000000004
0.6856
0.9865999999999999
0.9384
2.5601000000000003
2.6066000000000003
1.7833999999999999
0.32889999999999997
0.201
0.14550000000000002
0.1153
0.1295
0.1202
0.1189
0.1205
0.1022
0.0877
0.0849
0.0849
0.0901
0.2579
0.1182
0.0754
0.043300000000000005
0.0591
0.046299999999999994
0.336
1.7328
1.2305000000000001
1.3618000000000001
0.9391
0.3896
0.2912
0.3335
0.4002
0.8715
1.0763
0.8049999999999999
0.4619
0.2374
0.1774
0.1523
0.13429999999999997
0.1618
0.1928
0.2875
1.4990999999999999
0.7161
1.2099
2.0676
1.8556
3.9996
0.1663
0.165
0.1553
0.1338
0.1428
0.1371
0.1916
1.5453
0.4647
0.0912
0.2469
0.371
0.36360000000000003
0.3831
0.5652999999999999
0.31279999999999997
0.615
1.4512
1.411
0.6489
0.1554
0.0014
0.0
0.0152
2.3682
2.9125
1.8201999999999998
0.25329999999999997
0.35209999999999997
0.3522
0.2145
0.2258
0.0791
0.054400000000000004
0.040999999999999995
0.024300000000000002
0.0296
0.0218
0.015600000000000001
0.0231
0.0322
0.0385
0.498
0.29700000000000004
0.1764
0.122
0.1424
0.845
0.8521000000000001
0.7182999999999999
0.6894
0.87
0.4888
0.13670000000000002
0.0
0.0043
0.0056
0.0
0.0112
0.0
0.054400000000000004
0.2198
0.3832
0.1612
0.1402
0.4747
0.7929999999999999
1.1221
1.4674
1.518
1.5143
5.2442
1.2042
1.8931
0.5005999999999999
0.0
0.0
0.0
0.0
0.0
0.0
0.0
0.0021
0.003
0.063
0.4294
0.2213
0.0
0.0029
0.0325
0.0555
0.0031
0.0335
0.036199999999999996
0.0
0.0
4.3709
0.2757
0.0
0.0
0.0
0.0045
0.0893
0.0415
0.0369
0.015
0.0001
0.0
0.0054
0.0
0.9756
0.4145
0.009
0.0
0.0
0.0028
0.0
0.0
0.022000000000000002
3.7495
0.7885
5.0773
6.0238
3.6806
0.7625000000000001
0.0689
0.0793
0.0935
0.11810000000000001
0.1009
0.0898
0.0814
0.0942
0.0756
0.0854
0.09390000000000001
0.22419999999999998
0.6358
0.2049
0.2084
0.219
0.1732
0.2085
0.2713
3.0231999999999997
4.4796
4.4895
2.3673
0.1773
0.20629999999999998
0.25579999999999997
0.3479
0.3597
0.3675
0.3699
0.375
0.39
0.3881
0.3873
0.3955
0.4511
0.7633
1.5852
1.959
1.5122
0.4248
0.267
0.2314
2.1833
3.0808
2.6928
0.6287
0.1614
0.0738
0.0696
0.08449999999999999
0.38380000000000003
0.3755
0.2218
0.10600000000000001
0.062299999999999994
0.0387
0.035699999999999996
0.3589
0.1617
0.1478
0.12430000000000001
0.09309999999999999
0.0949
0.0482
0.6052
1.1885
0.7616
0.9873000000000001
0.9857
0.8553
0.7746
1.7572
4.849
0.0
0.1137
0.049
0.018
0.0
0.0
0.1787
1.167
0.1492
0.1252
0.1472
0.023
0.0
0.0
0.0212
0.0343
0.4738
0.1691
0.45749999999999996
0.5395
0.0706
0.0834
0.09920000000000001
0.1036
0.3869
0.7643
0.5195000000000001
0.07669999999999999
0.061399999999999996
0.0706
0.0794
0.089
0.1477
0.28
0.49470000000000003
1.5093
0.7591
0.5622
0.5723
0.5353
0.39990000000000003
0.0699
2.6231
4.992
1.7153
0.0923
0.078
0.2355
0.10930000000000001
0.0679
0.0645
0.06820000000000001
0.0674
0.0781
0.0723
0.0786
0.23329999999999998
0.15489999999999998
0.2147
0.3034
1.4051
1.3054000000000001
0.0353
0.0126
0.0995
4.3709
0.2757
0.0
0.0
0.0
0.0045
0.0893
0.0415
0.0369
0.015
0.0001
0.0
0.0054
0.0
0.9756
0.4145
0.009
0.0
0.0
0.0028
0.0
0.0
0.022000000000000002
3.7495
0.7885
5.0773
6.0238
3.6806
0.7625000000000001
0.0689
0.0793
0.0935
0.11810000000000001
0.1009
0.0898
0.0814
0.0942
0.0756
0.0854
0.09390000000000001
0.22419999999999998
0.6358
0.2049
0.2084
0.219
0.1732
0.2085
0.2713
3.0231999999999997
4.4796
4.4895
2.3673
0.1773
0.20629999999999998
0.25579999999999997
0.3479
0.3597
0.3675
0.3699
0.375
0.39
0.3881
0.3873
0.3955
0.4511
0.7633
1.5852
1.959
1.5122
0.4248
0.267
0.2314
2.1833
3.0808
2.6928
0.6287
0.1614
0.0738
0.0696
0.08449999999999999
0.38380000000000003
0.3755
0.2218
0.10600000000000001
0.062299999999999994
0.0387
0.035699999999999996
0.3589
0.1617
0.1478
0.12430000000000001
0.09309999999999999
0.0949
0.0482
0.6052
1.1885
0.7616
0.9873000000000001
0.9857
0.8553
0.7746
1.7572
4.849
0.0
0.1137
0.049
0.018
0.0
0.0
0.1787
1.167
0.1492
0.1252
0.1472
0.023
0.0
0.0
0.0212
0.0343
0.4738
0.1691
0.45749999999999996
0.5395
0.0706
0.0834
0.09920000000000001
0.1036
0.3869
0.7643
0.5195000000000001
0.07669999999999999
0.061399999999999996
0.0706
0.0794
0.089
0.1477
0.28
0.49470000000000003
1.5093
0.7591
0.5622
0.5723
0.5353
0.39990000000000003
0.0699
2.6231
4.992
1.7153
0.0923
0.078
0.2355
0.10930000000000001
0.0679
0.0645
0.06820000000000001
0.0674
0.0781
0.0723
0.0786
0.23329999999999998
0.15489999999999998
0.2147
0.3034
1.4051
1.3054000000000001
0.0353
0.0126
0.0995
4.3709
0.2757
0.0
0.0
0.0
0.0045
0.0893
0.0415
0.0369
0.015
0.0001
0.0
0.0054
0.0
0.9756
0.4145
0.009
0.0
0.0
0.0028
0.0
0.0
0.022000000000000002
3.7495
0.7885
5.0773
6.0238
3.6806
0.7625000000000001
0.0689
0.0793
0.0935
0.11810000000000001
0.1009
0.0898
0.0814
0.0942
0.0756
0.0854
0.09390000000000001
0.22419999999999998
0.6358
0.2049
0.2084
0.219
0.1732
0.2085
0.2713
3.0231999999999997
4.4796
4.4895
2.3673
0.1773
0.20629999999999998
0.25579999999999997
0.3479
0.3597
0.3675
0.3699
0.375
0.39
0.3881
0.3873
0.3955
0.4511
0.7633
1.5852
1.959
1.5122
0.4248
0.267
0.2314
2.1833
3.0808
2.6928
0.6287
0.1614
0.0738
0.0696
0.08449999999999999
0.38380000000000003
0.3755
0.2218
0.10600000000000001
0.062299999999999994
0.0387
0.035699999999999996
0.3589
0.1617
0.1478
0.12430000000000001
0.09309999999999999
0.0949
0.0482
0.6052
1.1885
0.7616
0.9873000000000001
0.9857
0.8553
0.7746
1.7572
4.849
0.0
0.1137
0.049
0.018
0.0
0.0
0.1787
1.167
0.1492
0.1252
0.1472
0.023
0.0
0.0
0.0212
0.0343
0.4738
0.1691
0.45749999999999996
0.5395
0.0706
0.0834
0.09920000000000001
0.1036
0.3869
0.7643
0.5195000000000001
0.07669999999999999
0.061399999999999996
0.0706
0.0794
0.089
0.1477
0.28
0.49470000000000003
1.5093
0.7591
0.5622
0.5723
0.5353
0.39990000000000003
0.0699
2.6231
4.992
1.7153
0.0923
0.078
0.2355
0.10930000000000001
0.0679
0.0645
0.06820000000000001
0.0674
0.0781
0.0723
0.0786
0.23329999999999998
0.15489999999999998
0.2147
0.3034
1.4051
1.3054000000000001
0.0353
0.0126
0.0995
4.3709
0.2757
0.0
0.0
0.0
0.0045
0.0893
0.0415
0.0369
0.015
0.0001
0.0
0.0054
0.0
0.9756
0.4145
0.009
0.0
0.0
0.0028
0.0
0.0
0.022000000000000002
3.7495
0.7885
5.0773
6.0238
3.6806
0.7625000000000001
0.0689
0.0793
0.0935
0.11810000000000001
0.1009
0.0898
0.0814
0.0942
0.0756
0.0854
0.09390000000000001
0.22419999999999998
0.6358
0.2049
0.2084
0.219
0.1732
0.2085
0.2713
3.0231999999999997
4.4796
4.4895
2.3673
0.1773
0.20629999999999998
0.25579999999999997
0.3479
0.3597
0.3675
0.3699
0.375
0.39
0.3881
0.3873
0.3955
0.4511
0.7633
1.5852
1.959
1.5122
0.4248
0.267
0.2314
2.1833
3.0808
2.6928
0.6287
0.1614
0.0738
0.0696
0.08449999999999999
0.38380000000000003
0.3755
0.2218
0.10600000000000001
0.062299999999999994
0.0387
0.035699999999999996
0.3589
0.1617
0.1478
0.12430000000000001
0.09309999999999999
0.0949
0.0482
0.6052
1.1885
0.7616
0.9873000000000001
0.9857
0.8553
0.7746
1.7572
4.849
0.0
0.1137
0.049
0.018
0.0
0.0
0.1787
1.167
0.1492
0.1252
0.1472
0.023
0.0
0.0
0.0212
0.0343
0.4738
0.1691
0.45749999999999996
0.5395
0.0706
0.0834
0.09920000000000001
0.1036
0.3869
0.7643
0.5195000000000001
0.07669999999999999
0.061399999999999996
0.0706
0.0794
0.089
0.1477
0.28
0.49470000000000003
1.5093
0.7591
0.5622
0.5723
0.5353
0.39990000000000003
0.0699
2.6231
4.992
1.7153
0.0923
0.078
0.2355
0.10930000000000001
0.0679
0.0645
0.06820000000000001
0.0674
0.0781
0.0723
0.0786
0.23329999999999998
0.15489999999999998
0.2147
0.3034
1.4051
1.3054000000000001
0.0353
0.0126
0.0995
0.011200000000000002
0.0184
0.019
0.019
0.0166
0.025500000000000002
0.0345
0.0178
0.0011
0.0166
0.0281
0.0287
0.0421
0.0698
0.0847
0.0369
0.0332
0.0463
0.027
0.028200000000000003
0.025
0.0156
0.0127
0.0096
0.036199999999999996
0.0428
0.0446
0.0346
0.028399999999999998
0.034199999999999994
0.0221
0.0213
0.0047
0.0267
0.0279
0.0336
0.029199999999999997
0.0338
0.0345
0.0308
0.079
0.0613
0.0205
0.0125
0.0060999999999999995
0.0
0.0009
0.0051
0.0217
0.0217
0.0211
0.0206
0.022199999999999998
0.0271
0.023399999999999997
0.0225
0.0211
0.0235
0.0211
0.025099999999999997
0.027200000000000002
0.026099999999999998
0.0269
0.0281
0.028900000000000002
0.0376
0.0258
0.0225
0.022
0.0176
0.0217
0.030600000000000002
2.3135
4.1256
3.6645000000000003
2.5059
0.7643
0.36019999999999996
0.23170000000000002
0.0912
0.059800000000000006
0.036199999999999996
0.042300000000000004
0.036000000000000004
0.0392
0.0364
0.0626
0.122
0.6934
2.2889
1.9381
1.5748000000000002
1.1137000000000001
0.8521000000000001
0.6554
0.5564
0.23020000000000002
0.2348
0.2293
0.23659999999999998
0.2254
0.15810000000000002
0.0566
0.5494
0.122
0.0174
0.027700000000000002
0.0293
0.0338
0.026099999999999998
0.030600000000000002
0.0276
0.0172
0.0187
0.0697
0.2464
0.255
0.2223
0.202
0.2054
5.335
5.1068
4.3997
2.7504999999999997
0.2619
0.1288
0.0697
0.0533
0.0592
0.0534
0.0518
0.0476
0.0427
0.042499999999999996
0.028999999999999998
0.04
0.0443
0.0442
0.0517
0.07719999999999999
0.2394
1.0494999999999999
0.9424
0.837
0.0518
0.0511
0.0511
0.0539
0.0556
0.04869999999999999
0.0406
0.0483
0.041999999999999996
0.0477
0.0392
0.0397
0.0378
0.0358
0.0373
0.035500000000000004
0.0312
0.039999999999999994
0.0381
0.0404
0.0363
0.0317
0.0422
0.053
0.011200000000000002
0.0184
0.019
0.019
0.0166
0.025500000000000002
0.0345
0.0178
0.0011
0.0166
0.0281
0.0287
0.0421
0.0698
0.0847
0.0369
0.0332
0.0463
0.027
0.028200000000000003
0.025
0.0156
0.0127
0.0096
0.036199999999999996
0.0428
0.0446
0.0346
0.028399999999999998
0.034199999999999994
0.0221
0.0213
0.0047
0.0267
0.0279
0.0336
0.029199999999999997
0.0338
0.0345
0.0308
0.079
0.0613
0.0205
0.0125
0.0060999999999999995
0.0
0.0009
0.0051
0.0217
0.0217
0.0211
0.0206
0.022199999999999998
0.0271
0.023399999999999997
0.0225
0.0211
0.0235
0.0211
0.025099999999999997
0.027200000000000002
0.026099999999999998
0.0269
0.0281
0.028900000000000002
0.0376
0.0258
0.0225
0.022
0.0176
0.0217
0.030600000000000002
2.3135
4.1256
3.6645000000000003
2.5059
0.7643
0.36019999999999996
0.23170000000000002
0.0912
0.059800000000000006
0.036199999999999996
0.042300000000000004
0.036000000000000004
0.0392
0.0364
0.0626
0.122
0.6934
2.2889
1.9381
1.5748000000000002
1.1137000000000001
0.8521000000000001
0.6554
0.5564
0.23020000000000002
0.2348
0.2293
0.23659999999999998
0.2254
0.15810000000000002
0.0566
0.5494
0.122
0.0174
0.027700000000000002
0.0293
0.0338
0.026099999999999998
0.030600000000000002
0.0276
0.0172
0.0187
0.0697
0.2464
0.255
0.2223
0.202
0.2054
5.335
5.1068
4.3997
2.7504999999999997
0.2619
0.1288
0.0697
0.0533
0.0592
0.0534
0.0518
0.0476
0.0427
0.042499999999999996
0.028999999999999998
0.04
0.0443
0.0442
0.0517
0.07719999999999999
0.2394
1.0494999999999999
0.9424
0.837
0.0518
0.0511
0.0511
0.0539
0.0556
0.04869999999999999
0.0406
0.0483
0.041999999999999996
0.0477
0.0392
0.0397
0.0378
0.0358
0.0373
0.035500000000000004
0.0312
0.039999999999999994
0.0381
0.0404
0.0363
0.0317
0.0422
0.053
0.011200000000000002
0.0184
0.019
0.019
0.0166
0.025500000000000002
0.0345
0.0178
0.0011
0.0166
0.0281
0.0287
0.0421
0.0698
0.0847
0.0369
0.0332
0.0463
0.027
0.028200000000000003
0.025
0.0156
0.0127
0.0096
0.036199999999999996
0.0428
0.0446
0.0346
0.028399999999999998
0.034199999999999994
0.0221
0.0213
0.0047
0.0267
0.0279
0.0336
0.029199999999999997
0.0338
0.0345
0.0308
0.079
0.0613
0.0205
0.0125
0.0060999999999999995
0.0
0.0009
0.0051
0.0217
0.0217
0.0211
0.0206
0.022199999999999998
0.0271
0.023399999999999997
0.0225
0.0211
0.0235
0.0211
0.025099999999999997
0.027200000000000002
0.026099999999999998
0.0269
0.0281
0.028900000000000002
0.0376
0.0258
0.0225
0.022
0.0176
0.0217
0.030600000000000002
2.3135
4.1256
3.6645000000000003
2.5059
0.7643
0.36019999999999996
0.23170000000000002
0.0912
0.059800000000000006
0.036199999999999996
0.042300000000000004
0.036000000000000004
0.0392
0.0364
0.0626
0.122
0.6934
2.2889
1.9381
1.5748000000000002
1.1137000000000001
0.8521000000000001
0.6554
0.5564
0.23020000000000002
0.2348
0.2293
0.23659999999999998
0.2254
0.15810000000000002
0.0566
0.5494
0.122
0.0174
0.027700000000000002
0.0293
0.0338
0.026099999999999998
0.030600000000000002
0.0276
0.0172
0.0187
0.0697
0.2464
0.255
0.2223
0.202
0.2054
5.335
5.1068
4.3997
2.7504999999999997
0.2619
0.1288
0.0697
0.0533
0.0592
0.0534
0.0518
0.0476
0.0427
0.042499999999999996
0.028999999999999998
0.04
0.0443
0.0442
0.0517
0.07719999999999999
0.2394
1.0494999999999999
0.9424
0.837
0.0518
0.0511
0.0511
0.0539
0.0556
0.04869999999999999
0.0406
0.0483
0.041999999999999996
0.0477
0.0392
0.0397
0.0378
0.0358
0.0373
0.035500000000000004
0.0312
0.039999999999999994
0.0381
0.0404
0.0363
0.0317
0.0422
0.053
0.011200000000000002
0.0184
0.019
0.019
0.0166
0.025500000000000002
0.0345
0.0178
0.0011
0.0166
0.0281
0.0287
0.0421
0.0698
0.0847
0.0369
0.0332
0.0463
0.027
0.028200000000000003
0.025
0.0156
0.0127
0.0096
0.036199999999999996
0.0428
0.0446
0.0346
0.028399999999999998
0.034199999999999994
0.0221
0.0213
0.0047
0.0267
0.0279
0.0336
0.029199999999999997
0.0338
0.0345
0.0308
0.079
0.0613
0.0205
0.0125
0.0060999999999999995
0.0
0.0009
0.0051
0.0217
0.0217
0.0211
0.0206
0.022199999999999998
0.0271
0.023399999999999997
0.0225
0.0211
0.0235
0.0211
0.025099999999999997
0.027200000000000002
0.026099999999999998
0.0269
0.0281
0.028900000000000002
0.0376
0.0258
0.0225
0.022
0.0176
0.0217
0.030600000000000002
2.3135
4.1256
3.6645000000000003
2.5059
0.7643
0.36019999999999996
0.23170000000000002
0.0912
0.059800000000000006
0.036199999999999996
0.042300000000000004
0.036000000000000004
0.0392
0.0364
0.0626
0.122
0.6934
2.2889
1.9381
1.5748000000000002
1.1137000000000001
0.8521000000000001
0.6554
0.5564
0.23020000000000002
0.2348
0.2293
0.23659999999999998
0.2254
0.15810000000000002
0.0566
0.5494
0.122
0.0174
0.027700000000000002
0.0293
0.0338
0.026099999999999998
0.030600000000000002
0.0276
0.0172
0.0187
0.0697
0.2464
0.255
0.2223
0.202
0.2054
5.335
5.1068
4.3997
2.7504999999999997
0.2619
0.1288
0.0697
0.0533
0.0592
0.0534
0.0518
0.0476
0.0427
0.042499999999999996
0.028999999999999998
0.04
0.0443
0.0442
0.0517
0.07719999999999999
0.2394
1.0494999999999999
0.9424
0.837
0.0518
0.0511
0.0511
0.0539
0.0556
0.04869999999999999
0.0406
0.0483
0.041999999999999996
0.0477
0.0392
0.0397
0.0378
0.0358
0.0373
0.035500000000000004
0.0312
0.039999999999999994
0.0381
0.0404
0.0363
0.0317
0.0422
0.053
0.011200000000000002
0.0184
0.019
0.019
0.0166
0.025500000000000002
0.0345
0.0178
0.0011
0.0166
0.0281
0.0287
0.0421
0.0698
0.0847
0.0369
0.0332
0.0463
0.027
0.028200000000000003
0.025
0.0156
0.0127
0.0096
0.036199999999999996
0.0428
0.0446
0.0346
0.028399999999999998
0.034199999999999994
0.0221
0.0213
0.0047
0.0267
0.0279
0.0336
0.029199999999999997
0.0338
0.0345
0.0308
0.079
0.0613
0.0205
0.0125
0.0060999999999999995
0.0
0.0009
0.0051
0.0217
0.0217
0.0211
0.0206
0.022199999999999998
0.0271
0.023399999999999997
0.0225
0.0211
0.0235
0.0211
0.025099999999999997
0.027200000000000002
0.026099999999999998
0.0269
0.0281
0.028900000000000002
0.0376
0.0258
0.0225
0.022
0.0176
0.0217
0.030600000000000002
1.2683
1.4992999999999999
0.0
0.3778
0.7301
0.43400000000000005
0.6358999999999999
0.8055000000000001
0.316
0.19110000000000002
0.12100000000000001
1.3783999999999998
0.1112
0.2242
0.18030000000000002
0.202
0.2274
0.2361
0.2546
0.7108
1.202
0.3479
0.3536
0.23170000000000002
5.346500000000001
6.2742
6.2063
3.3724
0.6057
0.3366
0.1716
0.1629
0.153
0.1606
0.1416
0.1397
0.15139999999999998
0.1392
0.1341
0.122
1.7694999999999999
0.21989999999999998
0.2128
0.2052
0.20340000000000003
0.2618
0.39039999999999997
0.4163
0.9882000000000001
2.0716
1.9395
1.272
0.2686
0.1833
0.1628
0.1594
0.1384
0.1547
0.1774
0.306
0.2864
0.2158
0.2579
0.6213
0.6206
0.2781
0.2965
0.4936
1.8342
2.247
1.0574
0.48750000000000004
0.4661
0.7089000000000001
1.4282
3.2054
1.6033
0.2612
0.7842
0.5159
0.5694
0.5955999999999999
0.6559999999999999
0.6986
0.6620999999999999
0.644
0.9508
0.45720000000000005
0.2821
0.8272999999999999
0.1923
0.272
0.1336
0.0356
0.0339
0.019200000000000002
4.3319
7.2506
2.7805999999999997
0.4648
0.2831
0.1775
0.1834
0.2057
0.2008
0.1899
0.1915
0.1911
0.1864
0.195
0.19669999999999999
0.2133
0.2101
0.4535
0.2478
0.2519
0.2686
0.2975
0.4104
0.4464
0.10389999999999999
0.1446
0.1405
0.1062
0.1351
2.4039
0.1232
0.41500000000000004
0.2827
0.5676
0.3769
0.3171
0.30100000000000005
0.30820000000000003
0.3851
0.9943
0.5145
0.4673
0.6975
0.616
0.1791
0.07669999999999999
0.07089999999999999
0.06820000000000001
4.2197000000000005
5.073
1.3606
0.1036
0.0
0.0
0.0027
0.0
0.0017
0.0203
0.0317
0.0298
0.0316
0.028999999999999998
0.0144
0.032
0.0072
0.0077
0.0154
0.0
0.0
0.0045
0.0
5.2827
1.2683
1.4992999999999999
0.0
0.3778
0.7301
0.43400000000000005
0.6358999999999999
0.8055000000000001
0.316
0.19110000000000002
0.12100000000000001
1.3783999999999998
0.1112
0.2242
0.18030000000000002
0.202
0.2274
0.2361
0.2546
0.7108
1.202
0.3479
0.3536
0.23170000000000002
5.346500000000001
6.2742
6.2063
3.3724
0.6057
0.3366
0.1716
0.1629
0.153
0.1606
0.1416
0.1397
0.15139999999999998
0.1392
0.1341
0.122
1.7694999999999999
0.21989999999999998
0.2128
0.2052
0.20340000000000003
0.2618
0.39039999999999997
0.4163
0.9882000000000001
2.0716
1.9395
1.272
0.2686
0.1833
0.1628
0.1594
0.1384
0.1547
0.1774
0.306
0.2864
0.2158
0.2579
0.6213
0.6206
0.2781
0.2965
0.4936
1.8342
2.247
1.0574
0.48750000000000004
0.4661
0.7089000000000001
1.4282
3.2054
1.6033
0.2612
0.7842
0.5159
0.5694
0.5955999999999999
0.6559999999999999
0.6986
0.6620999999999999
0.644
0.9508
0.45720000000000005
0.2821
0.8272999999999999
0.1923
0.272
0.1336
0.0356
0.0339
0.019200000000000002
4.3319
7.2506
2.7805999999999997
0.4648
0.2831
0.1775
0.1834
0.2057
0.2008
0.1899
0.1915
0.1911
0.1864
0.195
0.19669999999999999
0.2133
0.2101
0.4535
0.2478
0.2519
0.2686
0.2975
0.4104
0.4464
0.10389999999999999
0.1446
0.1405
0.1062
0.1351
2.4039
0.1232
0.41500000000000004
0.2827
0.5676
0.3769
0.3171
0.30100000000000005
0.30820000000000003
0.3851
0.9943
0.5145
0.4673
0.6975
0.616
0.1791
0.07669999999999999
0.07089999999999999
0.06820000000000001
4.2197000000000005
5.073
1.3606
0.1036
0.0
0.0
0.0027
0.0
0.0017
0.0203
0.0317
0.0298
0.0316
0.028999999999999998
0.0144
0.032
0.0072
0.0077
0.0154
0.0
0.0
0.0045
0.0
5.2827
1.2683
1.4992999999999999
0.0
0.3778
0.7301
0.43400000000000005
0.6358999999999999
0.8055000000000001
0.316
0.19110000000000002
0.12100000000000001
1.3783999999999998
0.1112
0.2242
0.18030000000000002
0.202
0.2274
0.2361
0.2546
0.7108
1.202
0.3479
0.3536
0.23170000000000002
5.346500000000001
6.2742
6.2063
3.3724
0.6057
0.3366
0.1716
0.1629
0.153
0.1606
0.1416
0.1397
0.15139999999999998
0.1392
0.1341
0.122
1.7694999999999999
0.21989999999999998
0.2128
0.2052
0.20340000000000003
0.2618
0.39039999999999997
0.4163
0.9882000000000001
2.0716
1.9395
1.272
0.2686
0.1833
0.1628
0.1594
0.1384
0.1547
0.1774
0.306
0.2864
0.2158
0.2579
0.6213
0.6206
0.2781
0.2965
0.4936
1.8342
2.247
1.0574
0.48750000000000004
0.4661
0.7089000000000001
1.4282
3.2054
1.6033
0.2612
0.7842
0.5159
0.5694
0.5955999999999999
0.6559999999999999
0.6986
0.6620999999999999
0.644
0.9508
0.45720000000000005
0.2821
0.8272999999999999
0.1923
0.272
0.1336
0.0356
0.0339
0.019200000000000002
4.3319
7.2506
2.7805999999999997
0.4648
0.2831
0.1775
0.1834
0.2057
0.2008
0.1899
0.1915
0.1911
0.1864
0.195
0.19669999999999999
0.2133
0.2101
0.4535
0.2478
0.2519
0.2686
0.2975
0.4104
0.4464
0.10389999999999999
0.1446
0.1405
0.1062
0.1351
2.4039
0.1232
0.41500000000000004
0.2827
0.5676
0.3769
0.3171
0.30100000000000005
0.30820000000000003
0.3851
0.9943
0.5145
0.4673
0.6975
0.616
0.1791
0.07669999999999999
0.07089999999999999
0.06820000000000001
4.2197000000000005
5.073
1.3606
0.1036
0.0
0.0
0.0027
0.0
0.0017
0.0203
0.0317
0.0298
0.0316
0.028999999999999998
0.0144
0.032
0.0072
0.0077
0.0154
0.0
0.0
0.0045
0.0
5.2827
1.2683
1.4992999999999999
0.0
0.3778
0.7301
0.43400000000000005
0.6358999999999999
0.8055000000000001
0.316
0.19110000000000002
0.12100000000000001
1.3783999999999998
0.1112
0.2242
0.18030000000000002
0.202
0.2274
0.2361
0.2546
0.7108
1.202
0.3479
0.3536
0.23170000000000002
5.346500000000001
6.2742
6.2063
3.3724
0.6057
0.3366
0.1716
0.1629
0.153
0.1606
0.1416
0.1397
0.15139999999999998
0.1392
0.1341
0.122
1.7694999999999999
0.21989999999999998
0.2128
0.2052
0.20340000000000003
0.2618
0.39039999999999997
0.4163
0.9882000000000001
2.0716
1.9395
1.272
0.2686
0.1833
0.1628
0.1594
0.1384
0.1547
0.1774
0.306
0.2864
0.2158
0.2579
0.6213
0.6206
0.2781
0.2965
0.4936
1.8342
2.247
1.0574
0.48750000000000004
0.4661
0.7089000000000001
1.4282
3.2054
1.6033
0.2612
0.7842
0.5159
0.5694
0.5955999999999999
0.6559999999999999
0.6986
0.6620999999999999
0.644
0.9508
0.45720000000000005
0.2821
0.8272999999999999
0.1923
0.272
0.1336
0.0356
0.0339
0.019200000000000002
4.3319
7.2506
2.7805999999999997
0.4648
0.2831
0.1775
0.1834
0.2057
0.2008
0.1899
0.1915
0.1911
0.1864
0.195
0.19669999999999999
0.2133
0.2101
0.4535
0.2478
0.2519
0.2686
0.2975
0.4104
0.4464
0.10389999999999999
0.1446
0.1405
0.1062
0.1351
2.4039
0.1232
0.41500000000000004
0.2827
0.5676
0.3769
0.3171
0.30100000000000005
0.30820000000000003
0.3851
0.9943
0.5145
0.4673
0.6975
0.616
0.1791
0.07669999999999999
0.07089999999999999
0.06820000000000001
4.2197000000000005
5.073
1.3606
0.1036
0.0
0.0
0.0027
0.0
0.0017
0.0203
0.0317
0.0298
0.0316
0.028999999999999998
0.0144
0.032
0.0072
0.0077
0.0154
0.0
0.0
0.0045
0.0
5.2827
1.2683
1.4992999999999999
0.0
0.3778
0.7301
0.43400000000000005
0.6358999999999999
0.8055000000000001
0.316
0.19110000000000002
0.12100000000000001
1.3783999999999998
0.1112
0.2242
0.18030000000000002
0.202
0.2274
0.2361
0.2546
0.7108
1.202
0.3479
0.3536
0.23170000000000002
5.346500000000001
6.2742
6.2063
3.3724
0.6057
0.3366
0.1716
0.1629
0.153
0.1606
0.1416
0.1397
0.15139999999999998
0.1392
0.1341
0.122
1.7694999999999999
0.21989999999999998
0.2128
0.2052
0.20340000000000003
0.2618
0.39039999999999997
0.4163
0.0959
0.0891
0.0917
0.0891
0.08399999999999999
0.095
0.0944
0.0592
0.0591
0.0611
0.052199999999999996
0.0484
0.048799999999999996
0.0509
0.0513
0.0696
0.0531
0.0576
0.055499999999999994
0.0574
0.0717
0.058499999999999996
0.060700000000000004
0.0749
0.0157
0.0186
0.019700000000000002
0.0206
0.0238
0.0183
0.0173
0.0002
0.0
0.0114
0.029400000000000003
0.0249
0.0269
0.0296
0.0376
0.028200000000000003
0.0245
0.027700000000000002
0.0206
0.0267
0.020900000000000002
0.0019
0.0115
0.0108
1.6440000000000001
1.6433
1.6883
0.5485
0.1648
0.163
0.1765
0.1966
0.2157
0.2476
0.27690000000000003
0.2728
0.2845
0.2389
0.24130000000000001
0.25229999999999997
0.2869
0.3315
2.0863
1.4904
1.4852
1.4175
1.1431
3.3106
0.133
0.1343
0.1531
0.0988
0.11050000000000001
0.0483
0.0469
0.036000000000000004
0.0037
0.0106
0.042300000000000004
0.029400000000000003
0.0622
0.16549999999999998
0.1671
0.0154
0.0
0.0
1.0832
0.3435
0.2687
0.1279
0.079
0.1005
0.138
0.1205
0.1227
0.115
0.1121
0.1233
0.1407
0.2929
0.2329
0.46099999999999997
0.1712
0.1278
0.1506
0.1494
0.177
1.1376
0.0532
0.0776
0.08860000000000001
0.08310000000000001
0.2607
0.4457
0.504
0.2583
0.0406
0.041800000000000004
0.0417
0.045200000000000004
0.0438
0.045
0.0356
0.09709999999999999
0.4621
0.09129999999999999
0.1079
0.1137
0.0827
0.046200000000000005
0.0449
0.0447
0.044
0.06079999999999999
0.104
0.049
0.0421
0.030199999999999998
0.034
0.0431
3.2576
3.1319
3.0063
0.582
0.24109999999999998
0.2087
0.1617
0.1378
0.1158
0.1114
0.1081
0.1182
0.1199
0.1194
0.1384
0.1611
0.148
0.2344
0.2591
0.2701
0.258
0.23759999999999998
0.2761
2.8230999999999997
0.0959
0.0891
0.0917
0.0891
0.08399999999999999
0.095
0.0944
0.0592
0.0591
0.0611
0.052199999999999996
0.0484
0.048799999999999996
0.0509
0.0513
0.0696
0.0531
0.0576
0.055499999999999994
0.0574
0.0717
0.058499999999999996
0.060700000000000004
0.0749
0.0157
0.0186
0.019700000000000002
0.0206
0.0238
0.0183
0.0173
0.0002
0.0
0.0114
0.029400000000000003
0.0249
0.0269
0.0296
0.0376
0.028200000000000003
0.0245
0.027700000000000002
0.0206
0.0267
0.020900000000000002
0.0019
0.0115
0.0108
1.6440000000000001
1.6433
1.6883
0.5485
0.1648
0.163
0.1765
0.1966
0.2157
0.2476
0.27690000000000003
0.2728
0.2845
0.2389
0.24130000000000001
0.25229999999999997
0.2869
0.3315
2.0863
1.4904
1.4852
1.4175
1.1431
3.3106
0.133
0.1343
0.1531
0.0988
0.11050000000000001
0.0483
0.0469
0.036000000000000004
0.0037
0.0106
0.042300000000000004
0.029400000000000003
0.0622
0.16549999999999998
0.1671
0.0154
0.0
0.0
1.0832
0.3435
0.2687
0.1279
0.079
0.1005
0.138
0.1205
0.1227
0.115
0.1121
0.1233
0.1407
0.2929
0.2329
0.46099999999999997
0.1712
0.1278
0.1506
0.1494
0.177
1.1376
0.0532
0.0776
0.08860000000000001
0.08310000000000001
0.2607
0.4457
0.504
0.2583
0.0406
0.041800000000000004
0.0417
0.045200000000000004
0.0438
0.045
0.0356
0.09709999999999999
0.4621
0.09129999999999999
0.1079
0.1137
0.0827
0.046200000000000005
0.0449
0.0447
0.044
0.06079999999999999
0.104
0.049
0.0421
0.030199999999999998
0.034
0.0431
3.2576
3.1319
3.0063
0.582
0.24109999999999998
0.2087
0.1617
0.1378
0.1158
0.1114
0.1081
0.1182
0.1199
0.1194
0.1384
0.1611
0.148
0.2344
0.2591
0.2701
0.258
0.23759999999999998
0.2761
2.8230999999999997
0.0959
0.0891
0.0917
0.0891
0.08399999999999999
0.095
0.0944
0.0592
0.0591
0.0611
0.052199999999999996
0.0484
0.048799999999999996
0.0509
0.0513
0.0696
0.0531
0.0576
0.055499999999999994
0.0574
0.0717
0.058499999999999996
0.060700000000000004
0.0749
0.0157
0.0186
0.019700000000000002
0.0206
0.0238
0.0183
0.0173
0.0002
0.0
0.0114
0.029400000000000003
0.0249
0.0269
0.0296
0.0376
0.028200000000000003
0.0245
0.027700000000000002
0.0206
0.0267
0.020900000000000002
0.0019
0.0115
0.0108
1.6440000000000001
1.6433
1.6883
0.5485
0.1648
0.163
0.1765
0.1966
0.2157
0.2476
0.27690000000000003
0.2728
0.2845
0.2389
0.24130000000000001
0.25229999999999997
0.2869
0.3315
2.0863
1.4904
1.4852
1.4175
1.1431
3.3106
0.133
0.1343
0.1531
0.0988
0.11050000000000001
0.0483
0.0469
0.036000000000000004
0.0037
0.0106
0.042300000000000004
0.029400000000000003
0.0622
0.16549999999999998
0.1671
0.0154
0.0
0.0
1.0832
0.3435
0.2687
0.1279
0.079
0.1005
0.138
0.1205
0.1227
0.115
0.1121
0.1233
0.1407
0.2929
0.2329
0.46099999999999997
0.1712
0.1278
0.1506
0.1494
0.177
1.1376
0.0532
0.0776
0.08860000000000001
0.08310000000000001
0.2607
0.4457
0.504
0.2583
0.0406
0.041800000000000004
0.0417
0.045200000000000004
0.0438
0.045
0.0356
0.09709999999999999
0.4621
0.09129999999999999
0.1079
0.1137
0.0827
0.046200000000000005
0.0449
0.0447
0.044
0.06079999999999999
0.104
0.049
0.0421
0.030199999999999998
0.034
0.0431
3.2576
3.1319
3.0063
0.582
0.24109999999999998
0.2087
0.1617
0.1378
0.1158
0.1114
0.1081
0.1182
0.1199
0.1194
0.1384
0.1611
0.148
0.2344
0.2591
0.2701
0.258
0.23759999999999998
0.2761
2.8230999999999997
0.0959
0.0891
0.0917
0.0891
0.08399999999999999
0.095
0.0944
0.0592
0.0591
0.0611
0.052199999999999996
0.0484
0.048799999999999996
0.0509
0.0513
0.0696
0.0531
0.0576
0.055499999999999994
0.0574
0.0717
0.058499999999999996
0.060700000000000004
0.0749
0.0157
0.0186
0.019700000000000002
0.0206
0.0238
0.0183
0.0173
0.0002
0.0
0.0114
0.029400000000000003
0.0249
0.0269
0.0296
0.0376
0.028200000000000003
0.0245
0.027700000000000002
0.0206
0.0267
0.020900000000000002
0.0019
0.0115
0.0108
1.6440000000000001
1.6433
1.6883
0.5485
0.1648
0.163
0.1765
0.1966
0.2157
0.2476
0.27690000000000003
0.2728
0.2845
0.2389
0.24130000000000001
0.25229999999999997
0.2869
0.3315
2.0863
1.4904
1.4852
1.4175
1.1431
3.3106
0.133
0.1343
0.1531
0.0988
0.11050000000000001
0.0483
0.0469
0.036000000000000004
0.0037
0.0106
0.042300000000000004
0.029400000000000003
0.0622
0.16549999999999998
0.1671
0.0154
0.0
0.0
1.0832
0.3435
0.2687
0.1279
0.079
0.1005
0.138
0.1205
0.1227
0.115
0.1121
0.1233
0.1407
0.2929
0.2329
0.46099999999999997
0.1712
0.1278
0.1506
0.1494
0.177
1.1376
0.0532
0.0776
0.08860000000000001
0.08310000000000001
0.2607
0.4457
0.504
0.2583
0.0406
0.041800000000000004
0.0417
0.045200000000000004
0.0438
0.045
0.0356
0.09709999999999999
0.4621
0.09129999999999999
0.1079
0.1137
0.0827
0.046200000000000005
0.0449
0.0447
0.044
0.06079999999999999
0.104
0.049
0.0421
0.030199999999999998
0.034
0.0431
3.2576
3.1319
3.0063
0.582
0.24109999999999998
0.2087
0.1617
0.1378
0.1158
0.1114
0.1081
0.1182
0.1199
0.1194
0.1384
0.1611
0.148
0.2344
0.2591
0.2701
0.258
0.23759999999999998
0.2761
2.8230999999999997
0.0959
0.0891
0.0917
0.0891
0.08399999999999999
0.095
0.0944
0.0592
0.0591
0.0611
0.052199999999999996
0.0484
0.048799999999999996
0.0509
0.0513
0.0696
0.0531
0.0576
0.055499999999999994
0.0574
0.0717
0.058499999999999996
0.060700000000000004
0.0749
0.0157
0.0186
0.019700000000000002
0.0206
0.0238
0.0183
0.0173
0.0002
0.0
0.0114
0.029400000000000003
0.0249
0.0269
0.0296
0.0376
0.028200000000000003
0.0245
0.027700000000000002
0.0206
0.0267
0.020900000000000002
0.0019
0.0115
0.0108
1.6440000000000001
1.6433
1.6883
0.5485
0.1648
0.163
0.1765
0.1966
0.2157
0.2476
0.27690000000000003
0.2728
0.2845
0.2389
0.24130000000000001
0.25229999999999997
0.2869
0.3315
2.0863
1.4904
1.4852
1.4175
1.1431
3.3106
2.5468
2.766
2.9370000000000003
3.2014
3.1402
1.5776
0.5584
0.0087
0.0298
0.0552
0.0535
0.055099999999999996
0.0587
0.0605
0.07139999999999999
0.1132
0.37860000000000005
0.4324
0.4133
0.4835
0.3488
0.17709999999999998
0.10250000000000001
0.07680000000000001
5.6406
6.4655000000000005
6.2895
2.3449999999999998
0.2883
0.1931
0.1748
0.19619999999999999
0.2131
0.2414
0.3389
0.6141
0.29059999999999997
0.2128
0.2062
0.2246
0.2569
0.3043
1.8868
0.4506
0.41759999999999997
0.6085
0.9229
0.6484000000000001
0.157
0.1593
0.1582
0.1623
0.156
0.17020000000000002
0.09820000000000001
0.0809
0.0869
0.10339999999999999
0.0907
0.06770000000000001
0.0607
0.0443
0.0487
0.0527
0.17880000000000001
0.25429999999999997
0.1643
0.1488
0.1461
0.1318
0.1349
0.1506
0.11900000000000001
0.193
1.4844
1.5133999999999999
1.5024
0.9654
0.156
0.1768
0.2062
0.1835
0.1895
0.2752
0.4628
0.3687
0.2835
0.8733
0.0439
0.08929999999999999
0.1265
0.1394
0.5373
0.8036000000000001
0.1901
0.1248
1.9466
1.2995
1.2875999999999999
0.8346
0.2572
0.24330000000000002
0.46309999999999996
0.5135
0.15050000000000002
0.27549999999999997
0.1407
0.055900000000000005
0.0393
0.034699999999999995
0.0363
0.0397
0.0672
0.1227
0.2044
0.313
0.47719999999999996
0.3618
0.2196
1.0728
0.915
1.8887
2.0455
2.0433000000000003
2.0006
0.3088
0.09129999999999999
0.0691
0.0795
0.08499999999999999
0.068
0.0545
0.06989999999999999
0.1128
0.3081
0.1325
0.0454
0.3271
0.0429
0.06709999999999999
0.07050000000000001
0.052000000000000005
0.035699999999999996
0.0383
1.8963999999999999
1.8773
1.8524
1.6237
0.21089999999999998
0.15860000000000002
0.1427
0.1666
0.1764
0.1963
0.2535
0.5082
0.3434
0.215
0.2355
0.2086
0.2099
0.21710000000000002
0.8601000000000001
1.5838999999999999
1.5734
1.6349
1.0209000000000001
0.5864
2.5468
2.766
2.9370000000000003
3.2014
3.1402
1.5776
0.5584
0.0087
0.0298
0.0552
0.0535
0.055099999999999996
0.0587
0.0605
0.07139999999999999
0.1132
0.37860000000000005
0.4324
0.4133
0.4835
0.3488
0.17709999999999998
0.10250000000000001
0.07680000000000001
5.6406
6.4655000000000005
6.2895
2.3449999999999998
0.2883
0.1931
0.1748
0.19619999999999999
0.2131
0.2414
0.3389
0.6141
0.29059999999999997
0.2128
0.2062
0.2246
0.2569
0.3043
1.8868
0.4506
0.41759999999999997
0.6085
0.9229
0.6484000000000001
0.157
0.1593
0.1582
0.1623
0.156
0.17020000000000002
0.09820000000000001
0.0809
0.0869
0.10339999999999999
0.0907
0.06770000000000001
0.0607
0.0443
0.0487
0.0527
0.17880000000000001
0.25429999999999997
0.1643
0.1488
0.1461
0.1318
0.1349
0.1506
0.11900000000000001
0.193
1.4844
1.5133999999999999
1.5024
0.9654
0.156
0.1768
0.2062
0.1835
0.1895
0.2752
0.4628
0.3687
0.2835
0.8733
0.0439
0.08929999999999999
0.1265
0.1394
0.5373
0.8036000000000001
0.1901
0.1248
1.9466
1.2995
1.2875999999999999
0.8346
0.2572
0.24330000000000002
0.46309999999999996
0.5135
0.15050000000000002
0.27549999999999997
0.1407
0.055900000000000005
0.0393
0.034699999999999995
0.0363
0.0397
0.0672
0.1227
0.2044
0.313
0.47719999999999996
0.3618
0.2196
1.0728
0.915
1.8887
2.0455
2.0433000000000003
2.0006
0.3088
0.09129999999999999
0.0691
0.0795
0.08499999999999999
0.068
0.0545
0.06989999999999999
0.1128
0.3081
0.1325
0.0454
0.3271
0.0429
0.06709999999999999
0.07050000000000001
0.052000000000000005
0.035699999999999996
0.0383
1.8963999999999999
1.8773
1.8524
1.6237
0.21089999999999998
0.15860000000000002
0.1427
0.1666
0.1764
0.1963
0.2535
0.5082
0.3434
0.215
0.2355
0.2086
0.2099
0.21710000000000002
0.8601000000000001
1.5838999999999999
1.5734
1.6349
1.0209000000000001
0.5864
2.5468
2.766
2.9370000000000003
3.2014
3.1402
1.5776
0.5584
0.0087
0.0298
0.0552
0.0535
0.055099999999999996
0.0587
0.0605
0.07139999999999999
0.1132
0.37860000000000005
0.4324
0.4133
0.4835
0.3488
0.17709999999999998
0.10250000000000001
0.07680000000000001
5.6406
6.4655000000000005
6.2895
2.3449999999999998
0.2883
0.1931
0.1748
0.19619999999999999
0.2131
0.2414
0.3389
0.6141
0.29059999999999997
0.2128
0.2062
0.2246
0.2569
0.3043
1.8868
0.4506
0.41759999999999997
0.6085
0.9229
0.6484000000000001
0.157
0.1593
0.1582
0.1623
0.156
0.17020000000000002
0.09820000000000001
0.0809
0.0869
0.10339999999999999
0.0907
0.06770000000000001
0.0607
0.0443
0.0487
0.0527
0.17880000000000001
0.25429999999999997
0.1643
0.1488
0.1461
0.1318
0.1349
0.1506
0.11900000000000001
0.193
1.4844
1.5133999999999999
1.5024
0.9654
0.156
0.1768
0.2062
0.1835
0.1895
0.2752
0.4628
0.3687
0.2835
0.8733
0.0439
0.08929999999999999
0.1265
0.1394
0.5373
0.8036000000000001
0.1901
0.1248
1.9466
1.2995
1.2875999999999999
0.8346
0.2572
0.24330000000000002
0.46309999999999996
0.5135
0.15050000000000002
0.27549999999999997
0.1407
0.055900000000000005
0.0393
0.034699999999999995
0.0363
0.0397
0.0672
0.1227
0.2044
0.313
0.47719999999999996
0.3618
0.2196
1.0728
0.915
1.8887
2.0455
2.0433000000000003
2.0006
0.3088
0.09129999999999999
0.0691
0.0795
0.08499999999999999
0.068
0.0545
0.06989999999999999
0.1128
0.3081
0.1325
0.0454
0.3271
0.0429
0.06709999999999999
0.07050000000000001
0.052000000000000005
0.035699999999999996
0.0383
1.8963999999999999
1.8773
1.8524
1.6237
0.21089999999999998
0.15860000000000002
0.1427
0.1666
0.1764
0.1963
0.2535
0.5082
0.3434
0.215
0.2355
0.2086
0.2099
0.21710000000000002
0.8601000000000001
1.5838999999999999
1.5734
1.6349
1.0209000000000001
0.5864
2.5468
2.766
2.9370000000000003
3.2014
3.1402
1.5776
0.5584
0.0087
0.0298
0.0552
0.0535
0.055099999999999996
0.0587
0.0605
0.07139999999999999
0.1132
0.37860000000000005
0.4324
0.4133
0.4835
0.3488
0.17709999999999998
0.10250000000000001
0.07680000000000001
5.6406
6.4655000000000005
6.2895
2.3449999999999998
0.2883
0.1931
0.1748
0.19619999999999999
0.2131
0.2414
0.3389
0.6141
0.29059999999999997
0.2128
0.2062
0.2246
0.2569
0.3043
1.8868
0.4506
0.41759999999999997
0.6085
0.9229
0.6484000000000001
0.157
0.1593
0.1582
0.1623
0.156
0.17020000000000002
0.09820000000000001
0.0809
0.0869
0.10339999999999999
0.0907
0.06770000000000001
0.0607
0.0443
0.0487
0.0527
0.17880000000000001
0.25429999999999997
0.1643
0.1488
0.1461
0.1318
0.1349
0.1506
0.11900000000000001
0.193
1.4844
1.5133999999999999
1.5024
0.9654
0.156
0.1768
0.2062
0.1835
0.1895
0.2752
0.4628
0.3687
0.2835
0.8733
0.0439
0.08929999999999999
0.1265
0.1394
0.5373
0.8036000000000001
0.1901
0.1248
1.9466
1.2995
1.2875999999999999
0.8346
0.2572
0.24330000000000002
0.46309999999999996
0.5135
0.15050000000000002
0.27549999999999997
0.1407
0.055900000000000005
0.0393
0.034699999999999995
0.0363
0.0397
0.0672
0.1227
0.2044
0.313
0.47719999999999996
0.3618
0.2196
1.0728
0.915
1.8887
2.0455
2.0433000000000003
2.0006
0.3088
0.09129999999999999
0.0691
0.0795
0.08499999999999999
0.068
0.0545
0.06989999999999999
0.1128
0.3081
0.1325
0.0454
0.3271
0.0429
0.06709999999999999
0.07050000000000001
0.052000000000000005
0.035699999999999996
0.0383
1.8963999999999999
1.8773
1.8524
1.6237
0.21089999999999998
0.15860000000000002
0.1427
0.1666
0.1764
0.1963
0.2535
0.5082
0.3434
0.215
0.2355
0.2086
0.2099
0.21710000000000002
0.8601000000000001
1.5838999999999999
1.5734
1.6349
1.0209000000000001
0.5864
2.5468
2.766
2.9370000000000003
3.2014
3.1402
1.5776
0.5584
0.0087
0.0298
0.0552
0.0535
0.055099999999999996
0.0587
0.0605
0.07139999999999999
0.1132
0.37860000000000005
0.4324
0.4133
0.4835
0.3488
0.17709999999999998
0.10250000000000001
0.07680000000000001
5.6406
6.4655000000000005
6.2895
2.3449999999999998
0.2883
0.1931
0.1748
0.19619999999999999
0.2131
0.2414
0.3389
0.6141
0.29059999999999997
0.2128
0.2062
0.2246
0.2569
0.3043
1.8868
0.4506
0.41759999999999997
0.6085
0.9229
0.6484000000000001
3.9401
6.6304
6.5035
1.8495
0.176
0.08879999999999999
0.08399999999999999
0.0932
0.0622
0.044700000000000004
0.047
0.037599999999999995
0.035500000000000004
0.0304
0.027500000000000004
0.0403
0.0254
0.052899999999999996
0.249
0.3725
0.2409
0.2556
0.2717
0.2631
2.0324
3.1513
4.0726
2.9290000000000003
0.15599999999999997
0.0761
0.0445
0.0555
0.0398
0.0356
0.0279
0.021400000000000002
0.0331
0.0368
0.0137
0.0152
0.019299999999999998
0.0336
0.1324
0.19669999999999999
0.0104
0.0628
1.3544999999999998
0.7339
0.0837
0.0813
0.0798
0.0816
0.0833
0.0819
0.0698
0.06409999999999999
0.09720000000000001
0.0769
0.057800000000000004
0.0453
0.0493
0.051699999999999996
0.0559
0.062200000000000005
0.0547
0.0656
0.0757
0.081
0.0711
0.0742
0.09459999999999999
0.1032
1.4195000000000002
5.011699999999999
2.1192
0.4791
0.3436
0.31820000000000004
0.3387
0.3992
0.433
0.4355
0.4204
0.4093
0.42379999999999995
0.43820000000000003
0.43979999999999997
0.4542
0.49350000000000005
1.2816999999999998
0.474
0.399
0.38180000000000003
0.3781
0.6644
0.8523000000000001
0.1692
0.1668
0.1652
0.16449999999999998
0.1622
0.1603
0.1451
0.0814
0.1785
0.018500000000000003
0.0225
0.0212
0.024
0.0247
0.0305
0.042499999999999996
0.0699
0.3122
0.2717
0.29100000000000004
0.3069
0.2568
0.20179999999999998
0.1834
0.3276
0.0097
0.015099999999999999
0.0208
0.041499999999999995
0.0456
0.0631
0.0562
0.0664
0.07730000000000001
0.063
0.0636
0.0626
0.07050000000000001
0.0862
0.1129
0.07600000000000001
0.0723
0.062299999999999994
0.0049
0.7517
0.1763
0.14229999999999998
5.6848
0.0387
0.0349
0.0349
0.038099999999999995
0.0398
0.0286
0.026
0.0557
0.0288
0.0421
0.0336
0.0345
0.0325
0.0301
0.0327
0.0345
0.0341
0.042499999999999996
0.0465
0.051000000000000004
0.0424
0.0395
0.0507
0.0571
3.9401
6.6304
6.5035
1.8495
0.176
0.08879999999999999
0.08399999999999999
0.0932
0.0622
0.044700000000000004
0.047
0.037599999999999995
0.035500000000000004
0.0304
0.027500000000000004
0.0403
0.0254
0.052899999999999996
0.249
0.3725
0.2409
0.2556
0.2717
0.2631
2.0324
3.1513
4.0726
2.9290000000000003
0.15599999999999997
0.0761
0.0445
0.0555
0.0398
0.0356
0.0279
0.021400000000000002
0.0331
0.0368
0.0137
0.0152
0.019299999999999998
0.0336
0.1324
0.19669999999999999
0.0104
0.0628
1.3544999999999998
0.7339
0.0837
0.0813
0.0798
0.0816
0.0833
0.0819
0.0698
0.06409999999999999
0.09720000000000001
0.0769
0.057800000000000004
0.0453
0.0493
0.051699999999999996
0.0559
0.062200000000000005
0.0547
0.0656
0.0757
0.081
0.0711
0.0742
0.09459999999999999
0.1032
1.4195000000000002
5.011699999999999
2.1192
0.4791
0.3436
0.31820000000000004
0.3387
0.3992
0.433
0.4355
0.4204
0.4093
0.42379999999999995
0.43820000000000003
0.43979999999999997
0.4542
0.49350000000000005
1.2816999999999998
0.474
0.399
0.38180000000000003
0.3781
0.6644
0.8523000000000001
0.1692
0.1668
0.1652
0.16449999999999998
0.1622
0.1603
0.1451
0.0814
0.1785
0.018500000000000003
0.0225
0.0212
0.024
0.0247
0.0305
0.042499999999999996
0.0699
0.3122
0.2717
0.29100000000000004
0.3069
0.2568
0.20179999999999998
0.1834
0.3276
0.0097
0.015099999999999999
0.0208
0.041499999999999995
0.0456
0.0631
0.0562
0.0664
0.07730000000000001
0.063
0.0636
0.0626
0.07050000000000001
0.0862
0.1129
0.07600000000000001
0.0723
0.062299999999999994
0.0049
0.7517
0.1763
0.14229999999999998
5.6848
0.0387
0.0349
0.0349
0.038099999999999995
0.0398
0.0286
0.026
0.0557
0.0288
0.0421
0.0336
0.0345
0.0325
0.0301
0.0327
0.0345
0.0341
0.042499999999999996
0.0465
0.051000000000000004
0.0424
0.0395
0.0507
0.0571
3.9401
6.6304
6.5035
1.8495
0.176
0.08879999999999999
0.08399999999999999
0.0932
0.0622
0.044700000000000004
0.047
0.037599999999999995
0.035500000000000004
0.0304
0.027500000000000004
0.0403
0.0254
0.052899999999999996
0.249
0.3725
0.2409
0.2556
0.2717
0.2631
2.0324
3.1513
4.0726
2.9290000000000003
0.15599999999999997
0.0761
0.0445
0.0555
0.0398
0.0356
0.0279
0.021400000000000002
0.0331
0.0368
0.0137
0.0152
0.019299999999999998
0.0336
0.1324
0.19669999999999999
0.0104
0.0628
1.3544999999999998
0.7339
0.0837
0.0813
0.0798
0.0816
0.0833
0.0819
0.0698
0.06409999999999999
0.09720000000000001
0.0769
0.057800000000000004
0.0453
0.0493
0.051699999999999996
0.0559
0.062200000000000005
0.0547
0.0656
0.0757
0.081
0.0711
0.0742
0.09459999999999999
0.1032
1.4195000000000002
5.011699999999999
2.1192
0.4791
0.3436
0.31820000000000004
0.3387
0.3992
0.433
0.4355
0.4204
0.4093
0.42379999999999995
0.43820000000000003
0.43979999999999997
0.4542
0.49350000000000005
1.2816999999999998
0.474
0.399
0.38180000000000003
0.3781
0.6644
0.8523000000000001
0.1692
0.1668
0.1652
0.16449999999999998
0.1622
0.1603
0.1451
0.0814
0.1785
0.018500000000000003
0.0225
0.0212
0.024
0.0247
0.0305
0.042499999999999996
0.0699
0.3122
0.2717
0.29100000000000004
0.3069
0.2568
0.20179999999999998
0.1834
0.3276
0.0097
0.015099999999999999
0.0208
0.041499999999999995
0.0456
0.0631
0.0562
0.0664
0.07730000000000001
0.063
0.0636
0.0626
0.07050000000000001
0.0862
0.1129
0.07600000000000001
0.0723
0.062299999999999994
0.0049
0.7517
0.1763
0.14229999999999998
5.6848
0.0387
0.0349
0.0349
0.038099999999999995
0.0398
0.0286
0.026
0.0557
0.0288
0.0421
0.0336
0.0345
0.0325
0.0301
0.0327
0.0345
0.0341
0.042499999999999996
0.0465
0.051000000000000004
0.0424
0.0395
0.0507
0.0571
3.9401
6.6304
6.5035
1.8495
0.176
0.08879999999999999
0.08399999999999999
0.0932
0.0622
0.044700000000000004
0.047
0.037599999999999995
0.035500000000000004
0.0304
0.027500000000000004
0.0403
0.0254
0.052899999999999996
0.249
0.3725
0.2409
0.2556
0.2717
0.2631
2.0324
3.1513
4.0726
2.9290000000000003
0.15599999999999997
0.0761
0.0445
0.0555
0.0398
0.0356
0.0279
0.021400000000000002
0.0331
0.0368
0.0137
0.0152
0.019299999999999998
0.0336
0.1324
0.19669999999999999
0.0104
0.0628
1.3544999999999998
0.7339
0.0837
0.0813
0.0798
0.0816
0.0833
0.0819
0.0698
0.06409999999999999
0.09720000000000001
0.0769
0.057800000000000004
0.0453
0.0493
0.051699999999999996
0.0559
0.062200000000000005
0.0547
0.0656
0.0757
0.081
0.0711
0.0742
0.09459999999999999
0.1032
1.4195000000000002
5.011699999999999
2.1192
0.4791
0.3436
0.31820000000000004
0.3387
0.3992
0.433
0.4355
0.4204
0.4093
0.42379999999999995
0.43820000000000003
0.43979999999999997
0.4542
0.49350000000000005
1.2816999999999998
0.474
0.399
0.38180000000000003
0.3781
0.6644
0.8523000000000001
0.1692
0.1668
0.1652
0.16449999999999998
0.1622
0.1603
0.1451
0.0814
0.1785
0.018500000000000003
0.0225
0.0212
0.024
0.0247
0.0305
0.042499999999999996
0.0699
0.3122
0.2717
0.29100000000000004
0.3069
0.2568
0.20179999999999998
0.1834
0.3276
0.0097
0.015099999999999999
0.0208
0.041499999999999995
0.0456
0.0631
0.0562
0.0664
0.07730000000000001
0.063
0.0636
0.0626
0.07050000000000001
0.0862
0.1129
0.07600000000000001
0.0723
0.062299999999999994
0.0049
0.7517
0.1763
0.14229999999999998
5.6848
0.0387
0.0349
0.0349
0.038099999999999995
0.0398
0.0286
0.026
0.0557
0.0288
0.0421
0.0336
0.0345
0.0325
0.0301
0.0327
0.0345
0.0341
0.042499999999999996
0.0465
0.051000000000000004
0.0424
0.0395
0.0507
0.0571
3.9401
6.6304
6.5035
1.8495
0.176
0.08879999999999999
0.08399999999999999
0.0932
0.0622
0.044700000000000004
0.047
0.037599999999999995
0.035500000000000004
0.0304
0.027500000000000004
0.0403
0.0254
0.052899999999999996
0.249
0.3725
0.2409
0.2556
0.2717
0.2631
2.0324
3.1513
4.0726
2.9290000000000003
0.15599999999999997
0.0761
0.0445
0.0555
0.0398
0.0356
0.0279
0.021400000000000002
0.0331
0.0368
0.0137
0.0152
0.019299999999999998
0.0336
0.1324
0.19669999999999999
0.0104
0.0628
1.3544999999999998
0.7339
0.0837
0.0813
0.0798
0.0816
0.0833
0.0819
0.0698
0.06409999999999999
0.09720000000000001
0.0769
0.057800000000000004
0.0453
0.0493
0.051699999999999996
0.0559
0.062200000000000005
0.0547
0.0656
0.0757
0.081
0.0711
0.0742
0.09459999999999999
0.1032
0.2313
0.22060000000000002
0.2141
0.1975
0.19690000000000002
0.2192
0.28
0.35860000000000003
0.40700000000000003
0.4079
0.40249999999999997
0.4434
0.41659999999999997
2.9609
1.9838
0.5584
1.0739
1.0715999999999999
0.7223999999999999
0.7387999999999999
0.9175
0.7536
0.33440000000000003
0.2622
2.9158999999999997
3.0659
3.0641
2.7456
0.312
0.1492
0.2731
0.6343
0.0
0.0
0.0279
0.025599999999999998
0.0373
0.0363
0.056400000000000006
0.69
0.0885
0.0108
0.0184
0.0758
0.0892
0.060700000000000004
0.0839
1.1322999999999999
1.8171
2.0881
2.4848
1.4149
0.017
0.0
0.0
0.0122
0.035
0.0406
0.060200000000000004
0.0503
0.067
0.09409999999999999
0.1721
0.15389999999999998
0.509
0.6134999999999999
0.1553
0.2342
0.23820000000000002
0.1689
0.1262
0.11530000000000001
2.6077
1.9432999999999998
1.9604
1.0975000000000001
0.0798
0.0618
0.045200000000000004
0.0528
0.043
0.044700000000000004
0.0542
0.0525
0.0485
0.048100000000000004
0.063
0.0758
0.08249999999999999
0.1796
0.33089999999999997
0.7928999999999999
0.8035
0.5535
0.4988
2.3157
0.0525
0.053000000000000005
0.0525
0.0547
0.0561
0.0509
0.039599999999999996
0.0537
0.0804
0.0669
0.0499
0.0489
0.046799999999999994
0.041499999999999995
0.0424
0.040499999999999994
0.0401
0.0471
0.0428
0.0469
0.0414
0.0336
0.042499999999999996
0.052500000000000005
4.5681
4.831099999999999
1.1623
0.08929999999999999
0.10089999999999999
0.1161
0.16
0.1832
0.1794
0.1731
0.172
0.1502
1.2917
0.6159
0.1389
0.17909999999999998
0.3073
0.9576
0.25
0.2276
0.3262
1.0094
1.4174
0.33409999999999995
0.11599999999999999
0.1054
0.10389999999999999
0.10089999999999999
0.0975
0.10469999999999999
0.1027
0.077
0.0767
0.0733
0.0527
0.0431
0.035
0.037599999999999995
0.048
0.0695
0.0788
0.2113
0.1059
0.1206
0.1493
0.1769
0.2012
0.173
0.2313
0.22060000000000002
0.2141
0.1975
0.19690000000000002
0.2192
0.28
0.35860000000000003
0.40700000000000003
0.4079
0.40249999999999997
0.4434
0.41659999999999997
2.9609
1.9838
0.5584
1.0739
1.0715999999999999
0.7223999999999999
0.7387999999999999
0.9175
0.7536
0.33440000000000003
0.2622
2.9158999999999997
3.0659
3.0641
2.7456
0.312
0.1492
0.2731
0.6343
0.0
0.0
0.0279
0.025599999999999998
0.0373
0.0363
0.056400000000000006
0.69
0.0885
0.0108
0.0184
0.0758
0.0892
0.060700000000000004
0.0839
1.1322999999999999
1.8171
2.0881
2.4848
1.4149
0.017
0.0
0.0
0.0122
0.035
0.0406
0.060200000000000004
0.0503
0.067
0.09409999999999999
0.1721
0.15389999999999998
0.509
0.6134999999999999
0.1553
0.2342
0.23820000000000002
0.1689
0.1262
0.11530000000000001
2.6077
1.9432999999999998
1.9604
1.0975000000000001
0.0798
0.0618
0.045200000000000004
0.0528
0.043
0.044700000000000004
0.0542
0.0525
0.0485
0.048100000000000004
0.063
0.0758
0.08249999999999999
0.1796
0.33089999999999997
0.7928999999999999
0.8035
0.5535
0.4988
2.3157
0.0525
0.053000000000000005
0.0525
0.0547
0.0561
0.0509
0.039599999999999996
0.0537
0.0804
0.0669
0.0499
0.0489
0.046799999999999994
0.041499999999999995
0.0424
0.040499999999999994
0.0401
0.0471
0.0428
0.0469
0.0414
0.0336
0.042499999999999996
0.052500000000000005
4.5681
4.831099999999999
1.1623
0.08929999999999999
0.10089999999999999
0.1161
0.16
0.1832
0.1794
0.1731
0.172
0.1502
1.2917
0.6159
0.1389
0.17909999999999998
0.3073
0.9576
0.25
0.2276
0.3262
1.0094
1.4174
0.33409999999999995
0.11599999999999999
0.1054
0.10389999999999999
0.10089999999999999
0.0975
0.10469999999999999
0.1027
0.077
0.0767
0.0733
0.0527
0.0431
0.035
0.037599999999999995
0.048
0.0695
0.0788
0.2113
0.1059
0.1206
0.1493
0.1769
0.2012
0.173
0.2313
0.22060000000000002
0.2141
0.1975
0.19690000000000002
0.2192
0.28
0.35860000000000003
0.40700000000000003
0.4079
0.40249999999999997
0.4434
0.41659999999999997
2.9609
1.9838
0.5584
1.0739
1.0715999999999999
0.7223999999999999
0.7387999999999999
0.9175
0.7536
0.33440000000000003
0.2622
2.9158999999999997
3.0659
3.0641
2.7456
0.312
0.1492
0.2731
0.6343
0.0
0.0
0.0279
0.025599999999999998
0.0373
0.0363
0.056400000000000006
0.69
0.0885
0.0108
0.0184
0.0758
0.0892
0.060700000000000004
0.0839
1.1322999999999999
1.8171
2.0881
2.4848
1.4149
0.017
0.0
0.0
0.0122
0.035
0.0406
0.060200000000000004
0.0503
0.067
0.09409999999999999
0.1721
0.15389999999999998
0.509
0.6134999999999999
0.1553
0.2342
0.23820000000000002
0.1689
0.1262
0.11530000000000001
2.6077
1.9432999999999998
1.9604
1.0975000000000001
0.0798
0.0618
0.045200000000000004
0.0528
0.043
0.044700000000000004
0.0542
0.0525
0.0485
0.048100000000000004
0.063
0.0758
0.08249999999999999
0.1796
0.33089999999999997
0.7928999999999999
0.8035
0.5535
0.4988
2.3157
0.0525
0.053000000000000005
0.0525
0.0547
0.0561
0.0509
0.039599999999999996
0.0537
0.0804
0.0669
0.0499
0.0489
0.046799999999999994
0.041499999999999995
0.0424
0.040499999999999994
0.0401
0.0471
0.0428
0.0469
0.0414
0.0336
0.042499999999999996
0.052500000000000005
4.5681
4.831099999999999
1.1623
0.08929999999999999
0.10089999999999999
0.1161
0.16
0.1832
0.1794
0.1731
0.172
0.1502
1.2917
0.6159
0.1389
0.17909999999999998
0.3073
0.9576
0.25
0.2276
0.3262
1.0094
1.4174
0.33409999999999995
0.11599999999999999
0.1054
0.10389999999999999
0.10089999999999999
0.0975
0.10469999999999999
0.1027
0.077
0.0767
0.0733
0.0527
0.0431
0.035
0.037599999999999995
0.048
0.0695
0.0788
0.2113
0.1059
0.1206
0.1493
0.1769
0.2012
0.173
0.2313
0.22060000000000002
0.2141
0.1975
0.19690000000000002
0.2192
0.28
0.35860000000000003
0.40700000000000003
0.4079
0.40249999999999997
0.4434
0.41659999999999997
2.9609
1.9838
0.5584
1.0739
1.0715999999999999
0.7223999999999999
0.7387999999999999
0.9175
0.7536
0.33440000000000003
0.2622
2.9158999999999997
3.0659
3.0641
2.7456
0.312
0.1492
0.2731
0.6343
0.0
0.0
0.0279
0.025599999999999998
0.0373
0.0363
0.056400000000000006
0.69
0.0885
0.0108
0.0184
0.0758
0.0892
0.060700000000000004
0.0839
1.1322999999999999
1.8171
2.0881
2.4848
1.4149
0.017
0.0
0.0
0.0122
0.035
0.0406
0.060200000000000004
0.0503
0.067
0.09409999999999999
0.1721
0.15389999999999998
0.509
0.6134999999999999
0.1553
0.2342
0.23820000000000002
0.1689
0.1262
0.11530000000000001
2.6077
1.9432999999999998
1.9604
1.0975000000000001
0.0798
0.0618
0.045200000000000004
0.0528
0.043
0.044700000000000004
0.0542
0.0525
0.0485
0.048100000000000004
0.063
0.0758
0.08249999999999999
0.1796
0.33089999999999997
0.7928999999999999
0.8035
0.5535
0.4988
2.3157
0.0525
0.053000000000000005
0.0525
0.0547
0.0561
0.0509
0.039599999999999996
0.0537
0.0804
0.0669
0.0499
0.0489
0.046799999999999994
0.041499999999999995
0.0424
0.040499999999999994
0.0401
0.0471
0.0428
0.0469
0.0414
0.0336
0.042499999999999996
0.052500000000000005
4.5681
4.831099999999999
1.1623
0.08929999999999999
0.10089999999999999
0.1161
0.16
0.1832
0.1794
0.1731
0.172
0.1502
1.2917
0.6159
0.1389
0.17909999999999998
0.3073
0.9576
0.25
0.2276
0.3262
1.0094
1.4174
0.33409999999999995
0.11599999999999999
0.1054
0.10389999999999999
0.10089999999999999
0.0975
0.10469999999999999
0.1027
0.077
0.0767
0.0733
0.0527
0.0431
0.035
0.037599999999999995
0.048
0.0695
0.0788
0.2113
0.1059
0.1206
0.1493
0.1769
0.2012
0.173
0.2313
0.22060000000000002
0.2141
0.1975
0.19690000000000002
0.2192
0.28
0.35860000000000003
0.40700000000000003
0.4079
0.40249999999999997
0.4434
0.41659999999999997
2.9609
1.9838
0.5584
1.0739
1.0715999999999999
0.7223999999999999
0.7387999999999999
0.9175
0.7536
0.33440000000000003
0.2622
2.9158999999999997
3.0659
3.0641
2.7456
0.312
0.1492
0.2731
0.6343
0.0
0.0
0.0279
0.025599999999999998
0.0373
0.0363
0.056400000000000006
0.69
0.0885
0.0108
0.0184
0.0758
0.0892
0.060700000000000004
0.0839
1.1322999999999999
1.8171
2.0881
2.4848
1.4149
0.017
0.0
0.0
0.0122
0.035
0.0406
0.060200000000000004
0.0503
0.067
0.09409999999999999
0.1721
0.15389999999999998
0.509
0.6134999999999999
0.1553
0.2342
0.23820000000000002
0.1689
0.1262
0.11530000000000001
0.0741
0.0729
0.0717
0.077
0.07150000000000001
0.043
0.0
0.3118
0.0
0.0387
0.0332
0.0372
0.0368
0.0249
0.0265
0.0262
0.025
0.0119
0.0577
0.032100000000000004
0.04239999999999999
0.0391
0.0509
0.058
0.06920000000000001
0.0639
0.064
0.0673
0.06709999999999999
0.0597
0.0352
0.34390000000000004
0.0862
0.046700000000000005
0.0675
0.0872
0.0861
0.0754
0.0775
0.0606
0.2155
0.0391
0.046
0.0687
0.0852
0.0809
0.07050000000000001
0.0707
0.1
0.10550000000000001
0.1023
0.0984
0.07669999999999999
0.0334
0.009
0.0208
0.0032
0.07239999999999999
0.0639
0.024399999999999998
0.031
0.0291
0.0315
0.09459999999999999
0.0282
0.026799999999999997
0.0172
0.0481
0.0651
0.0429
0.025799999999999997
0.0332
1.6024
0.0828
0.1757
0.0
0.0
0.6948
0.0706
0.0174
0.0075
0.0123
0.0206
0.0051
0.0022
0.0138
0.025
0.0082
0.012199999999999999
0.045700000000000005
0.0338
0.0187
0.0
0.021
0.1066
1.139
0.028999999999999998
0.0287
0.0279
0.0254
0.0229
0.023899999999999998
0.0204
0.0211
0.0189
0.022699999999999998
0.0219
0.0266
0.028999999999999998
0.0262
0.0279
0.027000000000000003
0.027299999999999998
0.0339
0.0207
0.0251
0.0245
0.0216
0.0278
0.0338
0.6058
1.6629999999999998
3.2918000000000003
2.0076
0.2119
0.0357
0.038400000000000004
0.0633
0.0282
0.0462
0.028900000000000002
0.027
0.0423
0.0332
0.043300000000000005
0.0254
0.0139
0.032
0.0341
0.0592
0.044899999999999995
0.056400000000000006
0.0329
0.0332
4.797599999999999
4.1594
1.7422
0.0982
0.0
0.0
0.0
0.0191
0.0359
0.0567
0.07300000000000001
0.060899999999999996
0.06129999999999999
0.0678
0.0849
0.0155
0.44510000000000005
0.0689
0.10800000000000001
0.1743
0.519
0.9216
0.7827
0.8219
0.0741
0.0729
0.0717
0.077
0.07150000000000001
0.043
0.0
0.3118
0.0
0.0387
0.0332
0.0372
0.0368
0.0249
0.0265
0.0262
0.025
0.0119
0.0577
0.032100000000000004
0.04239999999999999
0.0391
0.0509
0.058
0.06920000000000001
0.0639
0.064
0.0673
0.06709999999999999
0.0597
0.0352
0.34390000000000004
0.0862
0.046700000000000005
0.0675
0.0872
0.0861
0.0754
0.0775
0.0606
0.2155
0.0391
0.046
0.0687
0.0852
0.0809
0.07050000000000001
0.0707
0.1
0.10550000000000001
0.1023
0.0984
0.07669999999999999
0.0334
0.009
0.0208
0.0032
0.07239999999999999
0.0639
0.024399999999999998
0.031
0.0291
0.0315
0.09459999999999999
0.0282
0.026799999999999997
0.0172
0.0481
0.0651
0.0429
0.025799999999999997
0.0332
1.6024
0.0828
0.1757
0.0
0.0
0.6948
0.0706
0.0174
0.0075
0.0123
0.0206
0.0051
0.0022
0.0138
0.025
0.0082
0.012199999999999999
0.045700000000000005
0.0338
0.0187
0.0
0.021
0.1066
1.139
0.028999999999999998
0.0287
0.0279
0.0254
0.0229
0.023899999999999998
0.0204
0.0211
0.0189
0.022699999999999998
0.0219
0.0266
0.028999999999999998
0.0262
0.0279
0.027000000000000003
0.027299999999999998
0.0339
0.0207
0.0251
0.0245
0.0216
0.0278
0.0338
0.6058
1.6629999999999998
3.2918000000000003
2.0076
0.2119
0.0357
0.038400000000000004
0.0633
0.0282
0.0462
0.028900000000000002
0.027
0.0423
0.0332
0.043300000000000005
0.0254
0.0139
0.032
0.0341
0.0592
0.044899999999999995
0.056400000000000006
0.0329
0.0332
4.797599999999999
4.1594
1.7422
0.0982
0.0
0.0
0.0
0.0191
0.0359
0.0567
0.07300000000000001
0.060899999999999996
0.06129999999999999
0.0678
0.0849
0.0155
0.44510000000000005
0.0689
0.10800000000000001
0.1743
0.519
0.9216
0.7827
0.8219
0.0741
0.0729
0.0717
0.077
0.07150000000000001
0.043
0.0
0.3118
0.0
0.0387
0.0332
0.0372
0.0368
0.0249
0.0265
0.0262
0.025
0.0119
0.0577
0.032100000000000004
0.04239999999999999
0.0391
0.0509
0.058
0.06920000000000001
0.0639
0.064
0.0673
0.06709999999999999
0.0597
0.0352
0.34390000000000004
0.0862
0.046700000000000005
0.0675
0.0872
0.0861
0.0754
0.0775
0.0606
0.2155
0.0391
0.046
0.0687
0.0852
0.0809
0.07050000000000001
0.0707
0.1
0.10550000000000001
0.1023
0.0984
0.07669999999999999
0.0334
0.009
0.0208
0.0032
0.07239999999999999
0.0639
0.024399999999999998
0.031
0.0291
0.0315
0.09459999999999999
0.0282
0.026799999999999997
0.0172
0.0481
0.0651
0.0429
0.025799999999999997
0.0332
1.6024
0.0828
0.1757
0.0
0.0
0.6948
0.0706
0.0174
0.0075
0.0123
0.0206
0.0051
0.0022
0.0138
0.025
0.0082
0.012199999999999999
0.045700000000000005
0.0338
0.0187
0.0
0.021
0.1066
1.139
0.028999999999999998
0.0287
0.0279
0.0254
0.0229
0.023899999999999998
0.0204
0.0211
0.0189
0.022699999999999998
0.0219
0.0266
0.028999999999999998
0.0262
0.0279
0.027000000000000003
0.027299999999999998
0.0339
0.0207
0.0251
0.0245
0.0216
0.0278
0.0338
0.6058
1.6629999999999998
3.2918000000000003
2.0076
0.2119
0.0357
0.038400000000000004
0.0633
0.0282
0.0462
0.028900000000000002
0.027
0.0423
0.0332
0.043300000000000005
0.0254
0.0139
0.032
0.0341
0.0592
0.044899999999999995
0.056400000000000006
0.0329
0.0332
4.797599999999999
4.1594
1.7422
0.0982
0.0
0.0
0.0
0.0191
0.0359
0.0567
0.07300000000000001
0.060899999999999996
0.06129999999999999
0.0678
0.0849
0.0155
0.44510000000000005
0.0689
0.10800000000000001
0.1743
0.519
0.9216
0.7827
0.8219
0.0741
0.0729
0.0717
0.077
0.07150000000000001
0.043
0.0
0.3118
0.0
0.0387
0.0332
0.0372
0.0368
0.0249
0.0265
0.0262
0.025
0.0119
0.0577
0.032100000000000004
0.04239999999999999
0.0391
0.0509
0.058
0.06920000000000001
0.0639
0.064
0.0673
0.06709999999999999
0.0597
0.0352
0.34390000000000004
0.0862
0.046700000000000005
0.0675
0.0872
0.0861
0.0754
0.0775
0.0606
0.2155
0.0391
0.046
0.0687
0.0852
0.0809
0.07050000000000001
0.0707
0.1
0.10550000000000001
0.1023
0.0984
0.07669999999999999
0.0334
0.009
0.0208
0.0032
0.07239999999999999
0.0639
0.024399999999999998
0.031
0.0291
0.0315
0.09459999999999999
0.0282
0.026799999999999997
0.0172
0.0481
0.0651
0.0429
0.025799999999999997
0.0332
1.6024
0.0828
0.1757
0.0
0.0
0.6948
0.0706
0.0174
0.0075
0.0123
0.0206
0.0051
0.0022
0.0138
0.025
0.0082
0.012199999999999999
0.045700000000000005
0.0338
0.0187
0.0
0.021
0.1066
1.139
0.028999999999999998
0.0287
0.0279
0.0254
0.0229
0.023899999999999998
0.0204
0.0211
0.0189
0.022699999999999998
0.0219
0.0266
0.028999999999999998
0.0262
0.0279
0.027000000000000003
0.027299999999999998
0.0339
0.0207
0.0251
0.0245
0.0216
0.0278
0.0338
0.6058
1.6629999999999998
3.2918000000000003
2.0076
0.2119
0.0357
0.038400000000000004
0.0633
0.0282
0.0462
0.028900000000000002
0.027
0.0423
0.0332
0.043300000000000005
0.0254
0.0139
0.032
0.0341
0.0592
0.044899999999999995
0.056400000000000006
0.0329
0.0332
4.797599999999999
4.1594
1.7422
0.0982
0.0
0.0
0.0
0.0191
0.0359
0.0567
0.07300000000000001
0.060899999999999996
0.06129999999999999
0.0678
0.0849
0.0155
0.44510000000000005
0.0689
0.10800000000000001
0.1743
0.519
0.9216
0.7827
0.8219
0.0741
0.0729
0.0717
0.077
0.07150000000000001
0.043
0.0
0.3118
0.0
0.0387
0.0332
0.0372
0.0368
0.0249
0.0265
0.0262
0.025
0.0119
0.0577
0.032100000000000004
0.04239999999999999
0.0391
0.0509
0.058
0.06920000000000001
0.0639
0.064
0.0673
0.06709999999999999
0.0597
0.0352
0.34390000000000004
0.0862
0.046700000000000005
0.0675
0.0872
0.0861
0.0754
0.0775
0.0606
0.2155
0.0391
0.046
0.0687
0.0852
0.0809
0.07050000000000001
0.0707
2.097
3.0218
2.6608
1.8077
0.3008
0.3377
0.6947000000000001
0.3446
0.0871
0.035
0.0394
0.0406
0.0439
0.0493
0.0649
0.0965
0.2005
1.1108
1.1393
1.0285
0.7991999999999999
0.61
0.4639
0.4018
6.5593
6.5808
2.9759
0.33799999999999997
0.0925
0.0416
0.025300000000000003
0.0373
0.0445
0.0458
0.055900000000000005
0.057300000000000004
0.036699999999999997
0.0411
0.034199999999999994
0.033
0.0939
0.6476
0.155
0.1477
0.2597
0.9359999999999999
1.4232
2.4242
0.453
2.0775
4.806900000000001
1.6236
0.0
0.0
1.2039
0.0
0.0
0.0215
0.045399999999999996
0.0424
0.0236
0.0177
0.0
0.0
0.0
0.0
0.0
0.0003
0.0
0.0
0.0
0.0212
0.5489999999999999
2.778
2.5521000000000003
1.3794
0.26080000000000003
0.2686
0.9484
0.352
0.3046
0.2837
0.2777
0.27559999999999996
0.2969
0.3023
0.402
0.5855
0.8896999999999999
1.2575
0.3636
0.1479
0.1883
0.21860000000000002
0.2233
0.2344
1.5179
4.9459
4.9848
3.3558
0.3757
0.1124
0.099
0.265
0.08499999999999999
0.0504
0.0457
0.0331
0.0259
0.0218
0.015
0.3042
0.1858
0.04
0.0
0.002
0.0503
0.0969
0.1741
0.1799
2.4360999999999997
1.2252
0.0688
0.1947
0.0
0.022
0.595
0.0198
0.0422
0.057800000000000004
0.0751
0.0167
0.0019
0.014700000000000001
0.0
0.0
0.0
0.0
0.0
0.07930000000000001
0.0441
0.0086
0.0
1.9823
1.6185
0.0
0.2066
0.1405
0.0803
0.0953
0.0316
0.33039999999999997
0.9082
0.8835999999999999
0.2748
0.0
0.0278
0.038400000000000004
0.024399999999999998
0.0373
0.19820000000000002
0.5499
0.6561
0.6608
0.6176
0.7686
1.1145999999999998
0.923
2.097
3.0218
2.6608
1.8077
0.3008
0.3377
0.6947000000000001
0.3446
0.0871
0.035
0.0394
0.0406
0.0439
0.0493
0.0649
0.0965
0.2005
1.1108
1.1393
1.0285
0.7991999999999999
0.61
0.4639
0.4018
6.5593
6.5808
2.9759
0.33799999999999997
0.0925
0.0416
0.025300000000000003
0.0373
0.0445
0.0458
0.055900000000000005
0.057300000000000004
0.036699999999999997
0.0411
0.034199999999999994
0.033
0.0939
0.6476
0.155
0.1477
0.2597
0.9359999999999999
1.4232
2.4242
0.453
2.0775
4.806900000000001
1.6236
0.0
0.0
1.2039
0.0
0.0
0.0215
0.045399999999999996
0.0424
0.0236
0.0177
0.0
0.0
0.0
0.0
0.0
0.0003
0.0
0.0
0.0
0.0212
0.5489999999999999
2.778
2.5521000000000003
1.3794
0.26080000000000003
0.2686
0.9484
0.352
0.3046
0.2837
0.2777
0.27559999999999996
0.2969
0.3023
0.402
0.5855
0.8896999999999999
1.2575
0.3636
0.1479
0.1883
0.21860000000000002
0.2233
0.2344
1.5179
4.9459
4.9848
3.3558
0.3757
0.1124
0.099
0.265
0.08499999999999999
0.0504
0.0457
0.0331
0.0259
0.0218
0.015
0.3042
0.1858
0.04
0.0
0.002
0.0503
0.0969
0.1741
0.1799
2.4360999999999997
1.2252
0.0688
0.1947
0.0
0.022
0.595
0.0198
0.0422
0.057800000000000004
0.0751
0.0167
0.0019
0.014700000000000001
0.0
0.0
0.0
0.0
0.0
0.07930000000000001
0.0441
0.0086
0.0
1.9823
1.6185
0.0
0.2066
0.1405
0.0803
0.0953
0.0316
0.33039999999999997
0.9082
0.8835999999999999
0.2748
0.0
0.0278
0.038400000000000004
0.024399999999999998
0.0373
0.19820000000000002
0.5499
0.6561
0.6608
0.6176
0.7686
1.1145999999999998
0.923
2.097
3.0218
2.6608
1.8077
0.3008
0.3377
0.6947000000000001
0.3446
0.0871
0.035
0.0394
0.0406
0.0439
0.0493
0.0649
0.0965
0.2005
1.1108
1.1393
1.0285
0.7991999999999999
0.61
0.4639
0.4018
6.5593
6.5808
2.9759
0.33799999999999997
0.0925
0.0416
0.025300000000000003
0.0373
0.0445
0.0458
0.055900000000000005
0.057300000000000004
0.036699999999999997
0.0411
0.034199999999999994
0.033
0.0939
0.6476
0.155
0.1477
0.2597
0.9359999999999999
1.4232
2.4242
0.453
2.0775
4.806900000000001
1.6236
0.0
0.0
1.2039
0.0
0.0
0.0215
0.045399999999999996
0.0424
0.0236
0.0177
0.0
0.0
0.0
0.0
0.0
0.0003
0.0
0.0
0.0
0.0212
0.5489999999999999
2.778
2.5521000000000003
1.3794
0.26080000000000003
0.2686
0.9484
0.352
0.3046
0.2837
0.2777
0.27559999999999996
0.2969
0.3023
0.402
0.5855
0.8896999999999999
1.2575
0.3636
0.1479
0.1883
0.21860000000000002
0.2233
0.2344
1.5179
4.9459
4.9848
3.3558
0.3757
0.1124
0.099
0.265
0.08499999999999999
0.0504
0.0457
0.0331
0.0259
0.0218
0.015
0.3042
0.1858
0.04
0.0
0.002
0.0503
0.0969
0.1741
0.1799
2.4360999999999997
1.2252
0.0688
0.1947
0.0
0.022
0.595
0.0198
0.0422
0.057800000000000004
0.0751
0.0167
0.0019
0.014700000000000001
0.0
0.0
0.0
0.0
0.0
0.07930000000000001
0.0441
0.0086
0.0
1.9823
1.6185
0.0
0.2066
0.1405
0.0803
0.0953
0.0316
0.33039999999999997
0.9082
0.8835999999999999
0.2748
0.0
0.0278
0.038400000000000004
0.024399999999999998
0.0373
0.19820000000000002
0.5499
0.6561
0.6608
0.6176
0.7686
1.1145999999999998
0.923
2.097
3.0218
2.6608
1.8077
0.3008
0.3377
0.6947000000000001
0.3446
0.0871
0.035
0.0394
0.0406
0.0439
0.0493
0.0649
0.0965
0.2005
1.1108
1.1393
1.0285
0.7991999999999999
0.61
0.4639
0.4018
6.5593
6.5808
2.9759
0.33799999999999997
0.0925
0.0416
0.025300000000000003
0.0373
0.0445
0.0458
0.055900000000000005
0.057300000000000004
0.036699999999999997
0.0411
0.034199999999999994
0.033
0.0939
0.6476
0.155
0.1477
0.2597
0.9359999999999999
1.4232
2.4242
0.453
2.0775
4.806900000000001
1.6236
0.0
0.0
1.2039
0.0
0.0
0.0215
0.045399999999999996
0.0424
0.0236
0.0177
0.0
0.0
0.0
0.0
0.0
0.0003
0.0
0.0
0.0
0.0212
0.5489999999999999
2.778
2.5521000000000003
1.3794
0.26080000000000003
0.2686
0.9484
0.352
0.3046
0.2837
0.2777
0.27559999999999996
0.2969
0.3023
0.402
0.5855
0.8896999999999999
1.2575
0.3636
0.1479
0.1883
0.21860000000000002
0.2233
0.2344
1.5179
4.9459
4.9848
3.3558
0.3757
0.1124
0.099
0.265
0.08499999999999999
0.0504
0.0457
0.0331
0.0259
0.0218
0.015
0.3042
0.1858
0.04
0.0
0.002
0.0503
0.0969
0.1741
0.1799
2.4360999999999997
1.2252
0.0688
0.1947
0.0
0.022
0.595
0.0198
0.0422
0.057800000000000004
0.0751
0.0167
0.0019
0.014700000000000001
0.0
0.0
0.0
0.0
0.0
0.07930000000000001
0.0441
0.0086
0.0
1.9823
1.6185
0.0
0.2066
0.1405
0.0803
0.0953
0.0316
0.33039999999999997
0.9082
0.8835999999999999
0.2748
0.0
0.0278
0.038400000000000004
0.024399999999999998
0.0373
0.19820000000000002
0.5499
0.6561
0.6608
0.6176
0.7686
1.1145999999999998
0.923
2.097
3.0218
2.6608
1.8077
0.3008
0.3377
0.6947000000000001
0.3446
0.0871
0.035
0.0394
0.0406
0.0439
0.0493
0.0649
0.0965
0.2005
1.1108
1.1393
1.0285
0.7991999999999999
0.61
0.4639
0.4018
6.5593
6.5808
2.9759
0.33799999999999997
0.0925
0.0416
0.025300000000000003
0.0373
0.0445
0.0458
0.055900000000000005
0.057300000000000004
0.036699999999999997
0.0411
0.034199999999999994
0.033
0.0939
0.6476
0.155
0.1477
0.2597
0.9359999999999999
1.4232
2.4242
0.453
2.0775
4.806900000000001
1.6236
0.0
0.0
1.2039
0.0
0.0
0.0215
0.045399999999999996
0.0424
0.0236
0.0177
0.0
0.0
0.0
0.0
0.0
0.0003
0.0
0.0
0.0
0.0212
0.035500000000000004
0.0342
0.034
0.0356
0.039599999999999996
0.045700000000000005
0.0407
0.057499999999999996
0.1464
0.0762
0.0505
0.039400000000000004
0.043399999999999994
0.0494
0.052500000000000005
0.0558
0.1306
0.1263
0.0675
0.0448
0.0424
0.0464
0.055400000000000005
0.0569
0.3161
0.304
0.3062
0.2976
0.2747
0.2024
0.14379999999999998
0.7699
0.1359
0.1731
0.21910000000000002
0.2882
0.19469999999999998
0.11549999999999999
0.1108
0.1142
0.47829999999999995
1.3074000000000001
1.3591
1.1776
0.9916
0.9978
1.1572
0.7255
0.0758
0.18430000000000002
0.1822
0.0736
1.0014
0.4929
0.2761
0.2007
0.1474
0.12819999999999998
0.6881999999999999
0.2354
0.0445
0.4865
2.3076
0.6522
0.43
1.9527999999999999
1.5903
0.423
0.2303
0.1913
0.1396
0.1059
4.427899999999999
4.431100000000001
2.7607
0.6408
0.0085
0.039099999999999996
0.0486
0.0482
0.0184
0.0281
0.030699999999999998
0.030199999999999998
0.022899999999999997
0.0257
0.0
0.006
0.0089
0.012
0.0036
0.0099
0.0134
0.0175
0.0074
2.2267
10.1558
9.8608
9.1944
8.4036
2.0645000000000002
0.39139999999999997
1.5589
3.2207999999999997
0.3537
0.3789
0.363
0.3519
0.3545
0.32199999999999995
0.3637
0.3902
0.527
0.6174
0.6999
0.7313000000000001
0.6597999999999999
0.5167
0.3821
4.1895
0.0351
0.0046
0.7516
1.6831
1.584
0.4471
0.4147
0.348
0.23959999999999998
0.2006
0.1958
0.1916
0.1901
0.194
0.1887
0.4015
0.1728
0.1671
0.1815
0.3062
0.5826
0.1614
0.092
0.10969999999999999
0.7257
0.7987
1.0295
1.4627
1.3491
1.2734999999999999
0.2887
0.20299999999999999
0.1655
0.1923
0.1958
0.1805
0.1831
0.174
0.1315
0.3892
0.6658
0.1221
0.09620000000000001
0.0605
0.1066
0.2784
0.4052
0.3655
0.035500000000000004
0.0342
0.034
0.0356
0.039599999999999996
0.045700000000000005
0.0407
0.057499999999999996
0.1464
0.0762
0.0505
0.039400000000000004
0.043399999999999994
0.0494
0.052500000000000005
0.0558
0.1306
0.1263
0.0675
0.0448
0.0424
0.0464
0.055400000000000005
0.0569
0.3161
0.304
0.3062
0.2976
0.2747
0.2024
0.14379999999999998
0.7699
0.1359
0.1731
0.21910000000000002
0.2882
0.19469999999999998
0.11549999999999999
0.1108
0.1142
0.47829999999999995
1.3074000000000001
1.3591
1.1776
0.9916
0.9978
1.1572
0.7255
0.0758
0.18430000000000002
0.1822
0.0736
1.0014
0.4929
0.2761
0.2007
0.1474
0.12819999999999998
0.6881999999999999
0.2354
0.0445
0.4865
2.3076
0.6522
0.43
1.9527999999999999
1.5903
0.423
0.2303
0.1913
0.1396
0.1059
4.427899999999999
4.431100000000001
2.7607
0.6408
0.0085
0.039099999999999996
0.0486
0.0482
0.0184
0.0281
0.030699999999999998
0.030199999999999998
0.022899999999999997
0.0257
0.0
0.006
0.0089
0.012
0.0036
0.0099
0.0134
0.0175
0.0074
2.2267
10.1558
9.8608
9.1944
8.4036
2.0645000000000002
0.39139999999999997
1.5589
3.2207999999999997
0.3537
0.3789
0.363
0.3519
0.3545
0.32199999999999995
0.3637
0.3902
0.527
0.6174
0.6999
0.7313000000000001
0.6597999999999999
0.5167
0.3821
4.1895
0.0351
0.0046
0.7516
1.6831
1.584
0.4471
0.4147
0.348
0.23959999999999998
0.2006
0.1958
0.1916
0.1901
0.194
0.1887
0.4015
0.1728
0.1671
0.1815
0.3062
0.5826
0.1614
0.092
0.10969999999999999
0.7257
0.7987
1.0295
1.4627
1.3491
1.2734999999999999
0.2887
0.20299999999999999
0.1655
0.1923
0.1958
0.1805
0.1831
0.174
0.1315
0.3892
0.6658
0.1221
0.09620000000000001
0.0605
0.1066
0.2784
0.4052
0.3655
0.035500000000000004
0.0342
0.034
0.0356
0.039599999999999996
0.045700000000000005
0.0407
0.057499999999999996
0.1464
0.0762
0.0505
0.039400000000000004
0.043399999999999994
0.0494
0.052500000000000005
0.0558
0.1306
0.1263
0.0675
0.0448
0.0424
0.0464
0.055400000000000005
0.0569
0.3161
0.304
0.3062
0.2976
0.2747
0.2024
0.14379999999999998
0.7699
0.1359
0.1731
0.21910000000000002
0.2882
0.19469999999999998
0.11549999999999999
0.1108
0.1142
0.47829999999999995
1.3074000000000001
1.3591
1.1776
0.9916
0.9978
1.1572
0.7255
0.0758
0.18430000000000002
0.1822
0.0736
1.0014
0.4929
0.2761
0.2007
0.1474
0.12819999999999998
0.6881999999999999
0.2354
0.0445
0.4865
2.3076
0.6522
0.43
1.9527999999999999
1.5903
0.423
0.2303
0.1913
0.1396
0.1059
4.427899999999999
4.431100000000001
2.7607
0.6408
0.0085
0.039099999999999996
0.0486
0.0482
0.0184
0.0281
0.030699999999999998
0.030199999999999998
0.022899999999999997
0.0257
0.0
0.006
0.0089
0.012
0.0036
0.0099
0.0134
0.0175
0.0074
2.2267
10.1558
9.8608
9.1944
8.4036
2.0645000000000002
0.39139999999999997
1.5589
3.2207999999999997
0.3537
0.3789
0.363
0.3519
0.3545
0.32199999999999995
0.3637
0.3902
0.527
0.6174
0.6999
0.7313000000000001
0.6597999999999999
0.5167
0.3821
4.1895
0.0351
0.0046
0.7516
1.6831
1.584
0.4471
0.4147
0.348
0.23959999999999998
0.2006
0.1958
0.1916
0.1901
0.194
0.1887
0.4015
0.1728
0.1671
0.1815
0.3062
0.5826
0.1614
0.092
0.10969999999999999
0.7257
0.7987
1.0295
1.4627
1.3491
1.2734999999999999
0.2887
0.20299999999999999
0.1655
0.1923
0.1958
0.1805
0.1831
0.174
0.1315
0.3892
0.6658
0.1221
0.09620000000000001
0.0605
0.1066
0.2784
0.4052
0.3655
0.035500000000000004
0.0342
0.034
0.0356
0.039599999999999996
0.045700000000000005
0.0407
0.057499999999999996
0.1464
0.0762
0.0505
0.039400000000000004
0.043399999999999994
0.0494
0.052500000000000005
0.0558
0.1306
0.1263
0.0675
0.0448
0.0424
0.0464
0.055400000000000005
0.0569
0.3161
0.304
0.3062
0.2976
0.2747
0.2024
0.14379999999999998
0.7699
0.1359
0.1731
0.21910000000000002
0.2882
0.19469999999999998
0.11549999999999999
0.1108
0.1142
0.47829999999999995
1.3074000000000001
1.3591
1.1776
0.9916
0.9978
1.1572
0.7255
0.0758
0.18430000000000002
0.1822
0.0736
1.0014
0.4929
0.2761
0.2007
0.1474
0.12819999999999998
0.6881999999999999
0.2354
0.0445
0.4865
2.3076
0.6522
0.43
1.9527999999999999
1.5903
0.423
0.2303
0.1913
0.1396
0.1059
4.427899999999999
4.431100000000001
2.7607
0.6408
0.0085
0.039099999999999996
0.0486
0.0482
0.0184
0.0281
0.030699999999999998
0.030199999999999998
0.022899999999999997
0.0257
0.0
0.006
0.0089
0.012
0.0036
0.0099
0.0134
0.0175
0.0074
2.2267
10.1558
9.8608
9.1944
8.4036
2.0645000000000002
0.39139999999999997
1.5589
3.2207999999999997
0.3537
0.3789
0.363
0.3519
0.3545
0.32199999999999995
0.3637
0.3902
0.527
0.6174
0.6999
0.7313000000000001
0.6597999999999999
0.5167
0.3821
4.1895
0.0351
0.0046
0.7516
1.6831
1.584
0.4471
0.4147
0.348
0.23959999999999998
0.2006
0.1958
0.1916
0.1901
0.194
0.1887
0.4015
0.1728
0.1671
0.1815
0.3062
0.5826
0.1614
0.092
0.10969999999999999
0.7257
0.7987
1.0295
1.4627
1.3491
1.2734999999999999
0.2887
0.20299999999999999
0.1655
0.1923
0.1958
0.1805
0.1831
0.174
0.1315
0.3892
0.6658
0.1221
0.09620000000000001
0.0605
0.1066
0.2784
0.4052
0.3655
0.035500000000000004
0.0342
0.034
0.0356
0.039599999999999996
0.045700000000000005
0.0407
0.057499999999999996
0.1464
0.0762
0.0505
0.039400000000000004
0.043399999999999994
0.0494
0.052500000000000005
0.0558
0.1306
0.1263
0.0675
0.0448
0.0424
0.0464
0.055400000000000005
0.0569
0.3161
0.304
0.3062
0.2976
0.2747
0.2024
0.14379999999999998
0.7699
0.1359
0.1731
0.21910000000000002
0.2882
0.19469999999999998
0.11549999999999999
0.1108
0.1142
0.47829999999999995
1.3074000000000001
1.3591
1.1776
0.9916
0.9978
1.1572
0.7255
4.1137
3.6798
3.0728
1.4774
0.181
0.1427
0.15639999999999998
0.18480000000000002
0.0983
0.0626
0.055099999999999996
0.023399999999999997
0.022600000000000002
0.023399999999999997
0.0372
0.1495
0.1052
0.0547
0.1102
0.24559999999999998
0.4168
0.4931
0.5038
2.4909
0.0545
0.0649
0.0692
0.0864
0.07719999999999999
0.0621
0.1663
0.8212
0.6528
0.0
0.0
0.2268
0.4524
0.0
0.0268
0.0
0.562
0.0
0.4405
0.0
0.0151
0.0615
0.5876
0.17420000000000002
1.943
2.3333
2.3741000000000003
2.4554
0.5532
0.1546
0.262
0.45840000000000003
0.4194
0.3197
0.26049999999999995
0.2445
0.25029999999999997
0.258
0.27849999999999997
0.318
0.3125
0.6308
0.6301
0.44530000000000003
0.3159
0.2429
0.1851
1.4129
0.0867
0.25
3.0444
3.3226
3.0039
0.2259
2.2811
0.0
0.0706
0.0897
0.0639
0.0529
0.0664
0.051500000000000004
0.028200000000000003
0.0396
0.1548
0.14200000000000002
0.17559999999999998
0.7397
2.2245999999999997
0.0131
0.10969999999999999
0.1108
5.2174
6.2595
6.242
5.027200000000001
0.6105
0.07680000000000001
0.0269
0.0259
0.0256
0.021900000000000003
0.034600000000000006
0.0281
0.027000000000000003
0.028900000000000002
0.0304
0.0415
0.0581
0.1637
1.6761
1.0977999999999999
1.2296
0.9451
0.4837
0.3217
1.0891
1.3311000000000002
1.1473
0.6936
0.6034999999999999
0.5558000000000001
0.5613
0.6689
0.48119999999999996
0.266
0.2112
0.19440000000000002
0.1938
0.1848
0.1988
0.5549
1.3737
1.3727
1.8107
1.7235
1.3276
1.0433
0.8246
4.3854
1.4855
0.1387
0.1184
0.0643
0.0306
0.6087
0.2521
0.1324
0.0775
0.0804
0.1017
0.10569999999999999
0.0996
0.079
0.0232
0.0
0.0
0.0
0.0
0.0829
0.2544
0.4621
0.0
0.0
4.1137
3.6798
3.0728
1.4774
0.181
0.1427
0.15639999999999998
0.18480000000000002
0.0983
0.0626
0.055099999999999996
0.023399999999999997
0.022600000000000002
0.023399999999999997
0.0372
0.1495
0.1052
0.0547
0.1102
0.24559999999999998
0.4168
0.4931
0.5038
2.4909
0.0545
0.0649
0.0692
0.0864
0.07719999999999999
0.0621
0.1663
0.8212
0.6528
0.0
0.0
0.2268
0.4524
0.0
0.0268
0.0
0.562
0.0
0.4405
0.0
0.0151
0.0615
0.5876
0.17420000000000002
1.943
2.3333
2.3741000000000003
2.4554
0.5532
0.1546
0.262
0.45840000000000003
0.4194
0.3197
0.26049999999999995
0.2445
0.25029999999999997
0.258
0.27849999999999997
0.318
0.3125
0.6308
0.6301
0.44530000000000003
0.3159
0.2429
0.1851
1.4129
0.0867
0.25
3.0444
3.3226
3.0039
0.2259
2.2811
0.0
0.0706
0.0897
0.0639
0.0529
0.0664
0.051500000000000004
0.028200000000000003
0.0396
0.1548
0.14200000000000002
0.17559999999999998
0.7397
2.2245999999999997
0.0131
0.10969999999999999
0.1108
5.2174
6.2595
6.242
5.027200000000001
0.6105
0.07680000000000001
0.0269
0.0259
0.0256
0.021900000000000003
0.034600000000000006
0.0281
0.027000000000000003
0.028900000000000002
0.0304
0.0415
0.0581
0.1637
1.6761
1.0977999999999999
1.2296
0.9451
0.4837
0.3217
1.0891
1.3311000000000002
1.1473
0.6936
0.6034999999999999
0.5558000000000001
0.5613
0.6689
0.48119999999999996
0.266
0.2112
0.19440000000000002
0.1938
0.1848
0.1988
0.5549
1.3737
1.3727
1.8107
1.7235
1.3276
1.0433
0.8246
4.3854
1.4855
0.1387
0.1184
0.0643
0.0306
0.6087
0.2521
0.1324
0.0775
0.0804
0.1017
0.10569999999999999
0.0996
0.079
0.0232
0.0
0.0
0.0
0.0
0.0829
0.2544
0.4621
0.0
0.0
4.1137
3.6798
3.0728
1.4774
0.181
0.1427
0.15639999999999998
0.18480000000000002
0.0983
0.0626
0.055099999999999996
0.023399999999999997
0.022600000000000002
0.023399999999999997
0.0372
0.1495
0.1052
0.0547
0.1102
0.24559999999999998
0.4168
0.4931
0.5038
2.4909
0.0545
0.0649
0.0692
0.0864
0.07719999999999999
0.0621
0.1663
0.8212
0.6528
0.0
0.0
0.2268
0.4524
0.0
0.0268
0.0
0.562
0.0
0.4405
0.0
0.0151
0.0615
0.5876
0.17420000000000002
1.943
2.3333
2.3741000000000003
2.4554
0.5532
0.1546
0.262
0.45840000000000003
0.4194
0.3197
0.26049999999999995
0.2445
0.25029999999999997
0.258
0.27849999999999997
0.318
0.3125
0.6308
0.6301
0.44530000000000003
0.3159
0.2429
0.1851
1.4129
0.0867
0.25
3.0444
3.3226
3.0039
0.2259
2.2811
0.0
0.0706
0.0897
0.0639
0.0529
0.0664
0.051500000000000004
0.028200000000000003
0.0396
0.1548
0.14200000000000002
0.17559999999999998
0.7397
2.2245999999999997
0.0131
0.10969999999999999
0.1108
5.2174
6.2595
6.242
5.027200000000001
0.6105
0.07680000000000001
0.0269
0.0259
0.0256
0.021900000000000003
0.034600000000000006
0.0281
0.027000000000000003
0.028900000000000002
0.0304
0.0415
0.0581
0.1637
1.6761
1.0977999999999999
1.2296
0.9451
0.4837
0.3217
1.0891
1.3311000000000002
1.1473
0.6936
0.6034999999999999
0.5558000000000001
0.5613
0.6689
0.48119999999999996
0.266
0.2112
0.19440000000000002
0.1938
0.1848
0.1988
0.5549
1.3737
1.3727
1.8107
1.7235
1.3276
1.0433
0.8246
4.3854
1.4855
0.1387
0.1184
0.0643
0.0306
0.6087
0.2521
0.1324
0.0775
0.0804
0.1017
0.10569999999999999
0.0996
0.079
0.0232
0.0
0.0
0.0
0.0
0.0829
0.2544
0.4621
0.0
0.0
4.1137
3.6798
3.0728
1.4774
0.181
0.1427
0.15639999999999998
0.18480000000000002
0.0983
0.0626
0.055099999999999996
0.023399999999999997
0.022600000000000002
0.023399999999999997
0.0372
0.1495
0.1052
0.0547
0.1102
0.24559999999999998
0.4168
0.4931
0.5038
2.4909
0.0545
0.0649
0.0692
0.0864
0.07719999999999999
0.0621
0.1663
0.8212
0.6528
0.0
0.0
0.2268
0.4524
0.0
0.0268
0.0
0.562
0.0
0.4405
0.0
0.0151
0.0615
0.5876
0.17420000000000002
1.943
2.3333
2.3741000000000003
2.4554
0.5532
0.1546
0.262
0.45840000000000003
0.4194
0.3197
0.26049999999999995
0.2445
0.25029999999999997
0.258
0.27849999999999997
0.318
0.3125
0.6308
0.6301
0.44530000000000003
0.3159
0.2429
0.1851
1.4129
0.0867
0.25
3.0444
3.3226
3.0039
0.2259
2.2811
0.0
0.0706
0.0897
0.0639
0.0529
0.0664
0.051500000000000004
0.028200000000000003
0.0396
0.1548
0.14200000000000002
0.17559999999999998
0.7397
2.2245999999999997
0.0131
0.10969999999999999
0.1108
5.2174
6.2595
6.242
5.027200000000001
0.6105
0.07680000000000001
0.0269
0.0259
0.0256
0.021900000000000003
0.034600000000000006
0.0281
0.027000000000000003
0.028900000000000002
0.0304
0.0415
0.0581
0.1637
1.6761
1.0977999999999999
1.2296
0.9451
0.4837
0.3217
1.0891
1.3311000000000002
1.1473
0.6936
0.6034999999999999
0.5558000000000001
0.5613
0.6689
0.48119999999999996
0.266
0.2112
0.19440000000000002
0.1938
0.1848
0.1988
0.5549
1.3737
1.3727
1.8107
1.7235
1.3276
1.0433
0.8246
4.3854
1.4855
0.1387
0.1184
0.0643
0.0306
0.6087
0.2521
0.1324
0.0775
0.0804
0.1017
0.10569999999999999
0.0996
0.079
0.0232
0.0
0.0
0.0
0.0
0.0829
0.2544
0.4621
0.0
0.0
4.1137
3.6798
3.0728
1.4774
0.181
0.1427
0.15639999999999998
0.18480000000000002
0.0983
0.0626
0.055099999999999996
0.023399999999999997
0.022600000000000002
0.023399999999999997
0.0372
0.1495
0.1052
0.0547
0.1102
0.24559999999999998
0.4168
0.4931
0.5038
2.4909
0.0545
0.0649
0.0692
0.0864
0.07719999999999999
0.0621
0.1663
0.8212
0.6528
0.0
0.0
0.2268
0.4524
0.0
0.0268
0.0
0.562
0.0
0.4405
0.0
0.0151
0.0615
0.5876
0.17420000000000002
1.943
2.3333
2.3741000000000003
2.4554
0.5532
0.1546
0.262
0.45840000000000003
0.4194
0.3197
0.26049999999999995
0.2445
0.25029999999999997
0.258
0.27849999999999997
0.318
0.3125
0.6308
0.6301
0.44530000000000003
0.3159
0.2429
0.1851
1.4129
