0.1877
0.2036
0.21339999999999998
0.20629999999999998
0.1764
0.0374
2.4742
0.067
0.0895
0.0708
0.0564
0.0362
0.0258
0.0435
0.0151
0.0427
0.0283
0.027800000000000002
0.3147
0.5743
0.203
0.20379999999999998
0.1622
0.1684
0.0113
3.2583
2.7929999999999997
0.3545
0.0634
0.0005
0.0003
0.0
0.0
0.0
0.0066
0.0078
0.056799999999999996
0.5315000000000001
0.7806
0.2665
0.37979999999999997
1.0571
0.23879999999999998
0.0
0.0156
0.0439
0.0373
0.059899999999999995
3.3502
3.363
0.6273
0.2696
0.2162
0.2056
0.1862
0.19490000000000002
0.1499
0.10139999999999999
0.1015
0.09709999999999999
0.0884
0.08560000000000001
0.1109
0.15860000000000002
0.2455
0.6587000000000001
0.7596
0.532
0.4061
0.37070000000000003
0.3488
3.5196
3.2378
1.8672
1.1456
0.4517
0.2167
0.2757
0.5704
0.4508
0.10300000000000001
0.054400000000000004
0.0582
0.044
0.0379
0.0414
0.0471
0.0327
0.7165
0.9994000000000001
1.7393999999999998
2.8198
0.9679
0.3739
0.25470000000000004
1.7988
0.5567
0.6313
5.2181999999999995
1.3874
0.5243
0.5738
0.7511
0.399
0.1338
0.0732
0.0701
0.0726
0.0531
0.0644
0.0834
0.1358
0.27190000000000003
0.7645
1.1305
1.1040999999999999
0.8501000000000001
0.739
0.8161
0.8878999999999999
0.0473
0.0182
0.018
0.0012
0.008
0.0077
0.0362
0.0046
0.0
0.0
0.0
0.0113
0.0338
0.1977
2.3225
0.0
0.097
0.4779
0.0497
0.2366
0.37
0.0693
0.0
0.1938
0.15339999999999998
0.1213
0.2108
0.26239999999999997
3.2821
0.8903000000000001
0.1494
0.017300000000000003
0.0067
0.0
0.009000000000000001
0.0316
0.0401
0.1379
1.4978
0.0
0.0
0.0
0.0
0.0
0.0
0.0
0.0
0.0
0.1877
0.2036
0.21339999999999998
0.20629999999999998
0.1764
0.0374
2.4742
0.067
0.0895
0.0708
0.0564
0.0362
0.0258
0.0435
0.0151
0.0427
0.0283
0.027800000000000002
0.3147
0.5743
0.203
0.20379999999999998
0.1622
0.1684
0.0113
3.2583
2.7929999999999997
0.3545
0.0634
0.0005
0.0003
0.0
0.0
0.0
0.0066
0.0078
0.056799999999999996
0.5315000000000001
0.7806
0.2665
0.37979999999999997
1.0571
0.23879999999999998
0.0
0.0156
0.0439
0.0373
0.059899999999999995
3.3502
3.363
0.6273
0.2696
0.2162
0.2056
0.1862
0.19490000000000002
0.1499
0.10139999999999999
0.1015
0.09709999999999999
0.0884
0.08560000000000001
0.1109
0.15860000000000002
0.2455
0.6587000000000001
0.7596
0.532
0.4061
0.37070000000000003
0.3488
3.5196
3.2378
1.8672
1.1456
0.4517
0.2167
0.2757
0.5704
0.4508
0.10300000000000001
0.054400000000000004
0.0582
0.044
0.0379
0.0414
0.0471
0.0327
0.7165
0.9994000000000001
1.7393999999999998
2.8198
0.9679
0.3739
0.25470000000000004
1.7988
0.5567
0.6313
5.2181999999999995
1.3874
0.5243
0.5738
0.7511
0.399
0.1338
0.0732
0.0701
0.0726
0.0531
0.0644
0.0834
0.1358
0.27190000000000003
0.7645
1.1305
1.1040999999999999
0.8501000000000001
0.739
0.8161
0.8878999999999999
0.0473
0.0182
0.018
0.0012
0.008
0.0077
0.0362
0.0046
0.0
0.0
0.0
0.0113
0.0338
0.1977
2.3225
0.0
0.097
0.4779
0.0497
0.2366
0.37
0.0693
0.0
0.1938
0.15339999999999998
0.1213
0.2108
0.26239999999999997
3.2821
0.8903000000000001
0.1494
0.017300000000000003
0.0067
0.0
0.009000000000000001
0.0316
0.0401
0.1379
1.4978
0.0
0.0
0.0
0.0
0.0
0.0
0.0
0.0
0.0
0.1877
0.2036
0.21339999999999998
0.20629999999999998
0.1764
0.0374
2.4742
0.067
0.0895
0.0708
0.0564
0.0362
0.0258
0.0435
0.0151
0.0427
0.0283
0.027800000000000002
0.3147
0.5743
0.203
0.20379999999999998
0.1622
0.1684
0.0113
3.2583
2.7929999999999997
0.3545
0.0634
0.0005
0.0003
0.0
0.0
0.0
0.0066
0.0078
0.056799999999999996
0.5315000000000001
0.7806
0.2665
0.37979999999999997
1.0571
0.23879999999999998
0.0
0.0156
0.0439
0.0373
0.059899999999999995
3.3502
3.363
0.6273
0.2696
0.2162
0.2056
0.1862
0.19490000000000002
0.1499
0.10139999999999999
0.1015
0.09709999999999999
0.0884
0.08560000000000001
0.1109
0.15860000000000002
0.2455
0.6587000000000001
0.7596
0.532
0.4061
0.37070000000000003
0.3488
3.5196
3.2378
1.8672
1.1456
0.4517
0.2167
0.2757
0.5704
0.4508
0.10300000000000001
0.054400000000000004
0.0582
0.044
0.0379
0.0414
0.0471
0.0327
0.7165
0.9994000000000001
1.7393999999999998
2.8198
0.9679
0.3739
0.25470000000000004
1.7988
0.5567
0.6313
5.2181999999999995
1.3874
0.5243
0.5738
0.7511
0.399
0.1338
0.0732
0.0701
0.0726
0.0531
0.0644
0.0834
0.1358
0.27190000000000003
0.7645
1.1305
1.1040999999999999
0.8501000000000001
0.739
0.8161
0.8878999999999999
0.0473
0.0182
0.018
0.0012
0.008
0.0077
0.0362
0.0046
0.0
0.0
0.0
0.0113
0.0338
0.1977
2.3225
0.0
0.097
0.4779
0.0497
0.2366
0.37
0.0693
0.0
0.1938
0.15339999999999998
0.1213
0.2108
0.26239999999999997
3.2821
0.8903000000000001
0.1494
0.017300000000000003
0.0067
0.0
0.009000000000000001
0.0316
0.0401
0.1379
1.4978
0.0
0.0
0.0
0.0
0.0
0.0
0.0
0.0
0.0
0.1877
0.2036
0.21339999999999998
0.20629999999999998
0.1764
0.0374
2.4742
0.067
0.0895
0.0708
0.0564
0.0362
0.0258
0.0435
0.0151
0.0427
0.0283
0.027800000000000002
0.3147
0.5743
0.203
0.20379999999999998
0.1622
0.1684
0.0113
3.2583
2.7929999999999997
0.3545
0.0634
0.0005
0.0003
0.0
0.0
0.0
0.0066
0.0078
0.056799999999999996
0.5315000000000001
0.7806
0.2665
0.37979999999999997
1.0571
0.23879999999999998
0.0
0.0156
0.0439
0.0373
0.059899999999999995
3.3502
3.363
0.6273
0.2696
0.2162
0.2056
0.1862
0.19490000000000002
0.1499
0.10139999999999999
0.1015
0.09709999999999999
0.0884
0.08560000000000001
0.1109
0.15860000000000002
0.2455
0.6587000000000001
0.7596
0.532
0.4061
0.37070000000000003
0.3488
3.5196
3.2378
1.8672
1.1456
0.4517
0.2167
0.2757
0.5704
0.4508
0.10300000000000001
0.054400000000000004
0.0582
0.044
0.0379
0.0414
0.0471
0.0327
0.7165
0.9994000000000001
1.7393999999999998
2.8198
0.9679
0.3739
0.25470000000000004
1.7988
0.5567
0.6313
5.2181999999999995
1.3874
0.5243
0.5738
0.7511
0.399
0.1338
0.0732
0.0701
0.0726
0.0531
0.0644
0.0834
0.1358
0.27190000000000003
0.7645
1.1305
1.1040999999999999
0.8501000000000001
0.739
0.8161
0.8878999999999999
0.0473
0.0182
0.018
0.0012
0.008
0.0077
0.0362
0.0046
0.0
0.0
0.0
0.0113
0.0338
0.1977
2.3225
0.0
0.097
0.4779
0.0497
0.2366
0.37
0.0693
0.0
0.1938
0.15339999999999998
0.1213
0.2108
0.26239999999999997
3.2821
0.8903000000000001
0.1494
0.017300000000000003
0.0067
0.0
0.009000000000000001
0.0316
0.0401
0.1379
1.4978
0.0
0.0
0.0
0.0
0.0
0.0
0.0
0.0
0.0
0.1877
0.2036
0.21339999999999998
0.20629999999999998
0.1764
0.0374
2.4742
0.067
0.0895
0.0708
0.0564
0.0362
0.0258
0.0435
0.0151
0.0427
0.0283
0.027800000000000002
0.3147
0.5743
0.203
0.20379999999999998
0.1622
0.1684
0.0113
3.2583
2.7929999999999997
0.3545
0.0634
0.0005
0.0003
0.0
0.0
0.0
0.0066
0.0078
0.056799999999999996
0.5315000000000001
0.7806
0.2665
0.37979999999999997
1.0571
0.23879999999999998
0.0
0.0156
0.0439
0.0373
0.059899999999999995
3.3502
3.363
0.6273
0.2696
0.2162
0.2056
0.1862
0.19490000000000002
0.1499
0.10139999999999999
0.1015
0.09709999999999999
0.0884
0.08560000000000001
0.1109
0.15860000000000002
0.2455
0.6587000000000001
0.7596
0.532
0.4061
0.37070000000000003
0.3488
3.5196
0.3154
1.317
4.8117
3.4205
0.35340000000000005
0.2972
0.5322
0.2403
0.27549999999999997
0.2833
0.28290000000000004
0.277
0.2713
0.2832
1.657
0.3447
0.6777
0.5798
0.46799999999999997
0.48650000000000004
0.3184
0.1873
0.1326
0.1508
2.9252000000000002
2.9004000000000003
2.8188
2.7885
1.8569
0.1508
0.2161
0.2463
0.09190000000000001
0.1306
0.10219999999999999
0.046
0.0263
0.0288
0.0225
0.0212
0.0049
0.021900000000000003
0.07469999999999999
0.22909999999999997
0.6119
0.5849
0.3295
1.6089
0.1784
0.19
0.1874
0.1875
0.1904
0.41879999999999995
0.5236
0.29159999999999997
0.1333
0.0927
0.052199999999999996
0.038000000000000006
0.037
0.033
0.0439
0.0416
0.0505
0.0726
0.12819999999999998
0.2097
0.1055
0.09290000000000001
0.0924
0.10830000000000001
5.1365
4.7272
4.4352
2.4619999999999997
0.24459999999999998
0.1281
0.10189999999999999
0.1895
0.1865
0.0691
0.0658
0.0513
0.0457
0.0411
0.0271
0.0115
0.0087
0.0292
1.0003
0.7045
0.6135999999999999
0.9264
1.9762
2.3679
0.1647
0.1674
0.1409
0.10389999999999999
0.0326
0.31679999999999997
1.2736999999999998
0.0
0.0455
0.1543
0.5696
0.19469999999999998
0.23049999999999998
0.1261
0.2488
1.189
0.7943
0.9855
1.7379
1.0574999999999999
0.0538
0.0
0.0
0.0181
3.2934
5.0009
4.8111999999999995
1.8108
0.2127
0.08199999999999999
0.049
0.0409
0.0022
0.10110000000000001
0.30510000000000004
0.4089
0.21539999999999998
0.08460000000000001
0.053000000000000005
0.0482
0.0411
0.045
0.0324
0.0707
0.08
0.2706
1.9133
1.8096
1.1856
2.0807
5.0525
0.7634
0.0
0.0417
0.0223
0.0173
0.015300000000000001
0.0132
0.0259
0.048100000000000004
0.0457
0.1433
0.1524
0.0597
0.0534
0.054
0.0044
0.0055
0.002
0.021500000000000002
0.0137
0.0
0.3154
1.317
4.8117
3.4205
0.35340000000000005
0.2972
0.5322
0.2403
0.27549999999999997
0.2833
0.28290000000000004
0.277
0.2713
0.2832
1.657
0.3447
0.6777
0.5798
0.46799999999999997
0.48650000000000004
0.3184
0.1873
0.1326
0.1508
2.9252000000000002
2.9004000000000003
2.8188
2.7885
1.8569
0.1508
0.2161
0.2463
0.09190000000000001
0.1306
0.10219999999999999
0.046
0.0263
0.0288
0.0225
0.0212
0.0049
0.021900000000000003
0.07469999999999999
0.22909999999999997
0.6119
0.5849
0.3295
1.6089
0.1784
0.19
0.1874
0.1875
0.1904
0.41879999999999995
0.5236
0.29159999999999997
0.1333
0.0927
0.052199999999999996
0.038000000000000006
0.037
0.033
0.0439
0.0416
0.0505
0.0726
0.12819999999999998
0.2097
0.1055
0.09290000000000001
0.0924
0.10830000000000001
5.1365
4.7272
4.4352
2.4619999999999997
0.24459999999999998
0.1281
0.10189999999999999
0.1895
0.1865
0.0691
0.0658
0.0513
0.0457
0.0411
0.0271
0.0115
0.0087
0.0292
1.0003
0.7045
0.6135999999999999
0.9264
1.9762
2.3679
0.1647
0.1674
0.1409
0.10389999999999999
0.0326
0.31679999999999997
1.2736999999999998
0.0
0.0455
0.1543
0.5696
0.19469999999999998
0.23049999999999998
0.1261
0.2488
1.189
0.7943
0.9855
1.7379
1.0574999999999999
0.0538
0.0
0.0
0.0181
3.2934
5.0009
4.8111999999999995
1.8108
0.2127
0.08199999999999999
0.049
0.0409
0.0022
0.10110000000000001
0.30510000000000004
0.4089
0.21539999999999998
0.08460000000000001
0.053000000000000005
0.0482
0.0411
0.045
0.0324
0.0707
0.08
0.2706
1.9133
1.8096
1.1856
2.0807
5.0525
0.7634
0.0
0.0417
0.0223
0.0173
0.015300000000000001
0.0132
0.0259
0.048100000000000004
0.0457
0.1433
0.1524
0.0597
0.0534
0.054
0.0044
0.0055
0.002
0.021500000000000002
0.0137
0.0
0.3154
1.317
4.8117
3.4205
0.35340000000000005
0.2972
0.5322
0.2403
0.27549999999999997
0.2833
0.28290000000000004
0.277
0.2713
0.2832
1.657
0.3447
0.6777
0.5798
0.46799999999999997
0.48650000000000004
0.3184
0.1873
0.1326
0.1508
2.9252000000000002
2.9004000000000003
2.8188
2.7885
1.8569
0.1508
0.2161
0.2463
0.09190000000000001
0.1306
0.10219999999999999
0.046
0.0263
0.0288
0.0225
0.0212
0.0049
0.021900000000000003
0.07469999999999999
0.22909999999999997
0.6119
0.5849
0.3295
1.6089
0.1784
0.19
0.1874
0.1875
0.1904
0.41879999999999995
0.5236
0.29159999999999997
0.1333
0.0927
0.052199999999999996
0.038000000000000006
0.037
0.033
0.0439
0.0416
0.0505
0.0726
0.12819999999999998
0.2097
0.1055
0.09290000000000001
0.0924
0.10830000000000001
5.1365
4.7272
4.4352
2.4619999999999997
0.24459999999999998
0.1281
0.10189999999999999
0.1895
0.1865
0.0691
0.0658
0.0513
0.0457
0.0411
0.0271
0.0115
0.0087
0.0292
1.0003
0.7045
0.6135999999999999
0.9264
1.9762
2.3679
0.1647
0.1674
0.1409
0.10389999999999999
0.0326
0.31679999999999997
1.2736999999999998
0.0
0.0455
0.1543
0.5696
0.19469999999999998
0.23049999999999998
0.1261
0.2488
1.189
0.7943
0.9855
1.7379
1.0574999999999999
0.0538
0.0
0.0
0.0181
3.2934
5.0009
4.8111999999999995
1.8108
0.2127
0.08199999999999999
0.049
0.0409
0.0022
0.10110000000000001
0.30510000000000004
0.4089
0.21539999999999998
0.08460000000000001
0.053000000000000005
0.0482
0.0411
0.045
0.0324
0.0707
0.08
0.2706
1.9133
1.8096
1.1856
2.0807
5.0525
0.7634
0.0
0.0417
0.0223
0.0173
0.015300000000000001
0.0132
0.0259
0.048100000000000004
0.0457
0.1433
0.1524
0.0597
0.0534
0.054
0.0044
0.0055
0.002
0.021500000000000002
0.0137
0.0
0.3154
1.317
4.8117
3.4205
0.35340000000000005
0.2972
0.5322
0.2403
0.27549999999999997
0.2833
0.28290000000000004
0.277
0.2713
0.2832
1.657
0.3447
0.6777
0.5798
0.46799999999999997
0.48650000000000004
0.3184
0.1873
0.1326
0.1508
2.9252000000000002
2.9004000000000003
2.8188
2.7885
1.8569
0.1508
0.2161
0.2463
0.09190000000000001
0.1306
0.10219999999999999
0.046
0.0263
0.0288
0.0225
0.0212
0.0049
0.021900000000000003
0.07469999999999999
0.22909999999999997
0.6119
0.5849
0.3295
1.6089
0.1784
0.19
0.1874
0.1875
0.1904
0.41879999999999995
0.5236
0.29159999999999997
0.1333
0.0927
0.052199999999999996
0.038000000000000006
0.037
0.033
0.0439
0.0416
0.0505
0.0726
0.12819999999999998
0.2097
0.1055
0.09290000000000001
0.0924
0.10830000000000001
5.1365
4.7272
4.4352
2.4619999999999997
0.24459999999999998
0.1281
0.10189999999999999
0.1895
0.1865
0.0691
0.0658
0.0513
0.0457
0.0411
0.0271
0.0115
0.0087
0.0292
1.0003
0.7045
0.6135999999999999
0.9264
1.9762
2.3679
0.1647
0.1674
0.1409
0.10389999999999999
0.0326
0.31679999999999997
1.2736999999999998
0.0
0.0455
0.1543
0.5696
0.19469999999999998
0.23049999999999998
0.1261
0.2488
1.189
0.7943
0.9855
1.7379
1.0574999999999999
0.0538
0.0
0.0
0.0181
3.2934
5.0009
4.8111999999999995
1.8108
0.2127
0.08199999999999999
0.049
0.0409
0.0022
0.10110000000000001
0.30510000000000004
0.4089
0.21539999999999998
0.08460000000000001
0.053000000000000005
0.0482
0.0411
0.045
0.0324
0.0707
0.08
0.2706
1.9133
1.8096
1.1856
2.0807
5.0525
0.7634
0.0
0.0417
0.0223
0.0173
0.015300000000000001
0.0132
0.0259
0.048100000000000004
0.0457
0.1433
0.1524
0.0597
0.0534
0.054
0.0044
0.0055
0.002
0.021500000000000002
0.0137
0.0
2.8213
2.7358000000000002
2.5309999999999997
0.4248
0.012499999999999999
0.0063
0.0
0.0183
0.0277
0.0309
0.048299999999999996
0.0417
0.0417
0.043399999999999994
0.0383
0.0407
0.0508
0.1376
0.49779999999999996
1.0237
1.3554
0.6779000000000001
0.2898
2.6333
0.046900000000000004
0.0808
0.077
0.0736
0.0509
0.4351
0.2732
1.0368000000000002
0.8652000000000001
0.775
0.2746
0.41159999999999997
0.33089999999999997
0.3351
0.38170000000000004
0.3184
0.2318
0.25539999999999996
0.6548
0.13
0.0
0.0
0.0
0.0
4.7942
1.7461
2.0975
0.0
0.0038
0.0134
0.0359
0.053000000000000005
0.0469
0.045399999999999996
0.0471
0.0461
0.0306
0.0266
0.0174
0.07039999999999999
0.07880000000000001
0.0581
0.0421
0.0371
0.0
0.0
0.0
0.6091
0.411
0.4018
0.4021
0.38770000000000004
0.3951
0.4051
0.3749
0.3579
0.38170000000000004
0.8351
0.6972
0.6295999999999999
0.54
0.48760000000000003
2.5256
0.31310000000000004
0.3634
0.49340000000000006
0.5146999999999999
0.4542
0.389
0.31720000000000004
0.2741
0.2853
2.2609
2.5559000000000003
2.4835000000000003
2.6141
2.7582000000000004
0.6071
0.0179
0.0
0.0
0.0
0.0036
0.0748
0.3351
0.0584
0.062299999999999994
0.7439
0.3671
0.23959999999999998
0.1198
0.1659
0.2124
0.2861
0.5105
0.7293000000000001
2.0647
7.146
9.3646
1.3363
0.2878
0.10200000000000001
0.09759999999999999
0.1412
0.1288
0.1585
0.15410000000000001
0.1621
0.1774
0.1557
0.15639999999999998
0.15839999999999999
0.1807
0.43679999999999997
0.5498999999999999
0.2425
0.2704
0.235
0.35250000000000004
0.5649
1.0207
1.3697
1.5421
0.6608
0.2925
0.3631
0.6269
0.32989999999999997
0.12059999999999998
0.0471
0.0471
0.0511
0.0592
0.057300000000000004
0.0764
0.1524
1.0488
1.9351
1.6309
0.9457
0.7276
0.6533
0.5131
1.2709000000000001
2.8213
2.7358000000000002
2.5309999999999997
0.4248
0.012499999999999999
0.0063
0.0
0.0183
0.0277
0.0309
0.048299999999999996
0.0417
0.0417
0.043399999999999994
0.0383
0.0407
0.0508
0.1376
0.49779999999999996
1.0237
1.3554
0.6779000000000001
0.2898
2.6333
0.046900000000000004
0.0808
0.077
0.0736
0.0509
0.4351
0.2732
1.0368000000000002
0.8652000000000001
0.775
0.2746
0.41159999999999997
0.33089999999999997
0.3351
0.38170000000000004
0.3184
0.2318
0.25539999999999996
0.6548
0.13
0.0
0.0
0.0
0.0
4.7942
1.7461
2.0975
0.0
0.0038
0.0134
0.0359
0.053000000000000005
0.0469
0.045399999999999996
0.0471
0.0461
0.0306
0.0266
0.0174
0.07039999999999999
0.07880000000000001
0.0581
0.0421
0.0371
0.0
0.0
0.0
0.6091
0.411
0.4018
0.4021
0.38770000000000004
0.3951
0.4051
0.3749
0.3579
0.38170000000000004
0.8351
0.6972
0.6295999999999999
0.54
0.48760000000000003
2.5256
0.31310000000000004
0.3634
0.49340000000000006
0.5146999999999999
0.4542
0.389
0.31720000000000004
0.2741
0.2853
2.2609
2.5559000000000003
2.4835000000000003
2.6141
2.7582000000000004
0.6071
0.0179
0.0
0.0
0.0
0.0036
0.0748
0.3351
0.0584
0.062299999999999994
0.7439
0.3671
0.23959999999999998
0.1198
0.1659
0.2124
0.2861
0.5105
0.7293000000000001
2.0647
7.146
9.3646
1.3363
0.2878
0.10200000000000001
0.09759999999999999
0.1412
0.1288
0.1585
0.15410000000000001
0.1621
0.1774
0.1557
0.15639999999999998
0.15839999999999999
0.1807
0.43679999999999997
0.5498999999999999
0.2425
0.2704
0.235
0.35250000000000004
0.5649
1.0207
1.3697
1.5421
0.6608
0.2925
0.3631
0.6269
0.32989999999999997
0.12059999999999998
0.0471
0.0471
0.0511
0.0592
0.057300000000000004
0.0764
0.1524
1.0488
1.9351
1.6309
0.9457
0.7276
0.6533
0.5131
1.2709000000000001
2.8213
2.7358000000000002
2.5309999999999997
0.4248
0.012499999999999999
0.0063
0.0
0.0183
0.0277
0.0309
0.048299999999999996
0.0417
0.0417
0.043399999999999994
0.0383
0.0407
0.0508
0.1376
0.49779999999999996
1.0237
1.3554
0.6779000000000001
0.2898
2.6333
0.046900000000000004
0.0808
0.077
0.0736
0.0509
0.4351
0.2732
1.0368000000000002
0.8652000000000001
0.775
0.2746
0.41159999999999997
0.33089999999999997
0.3351
0.38170000000000004
0.3184
0.2318
0.25539999999999996
0.6548
0.13
0.0
0.0
0.0
0.0
4.7942
1.7461
2.0975
0.0
0.0038
0.0134
0.0359
0.053000000000000005
0.0469
0.045399999999999996
0.0471
0.0461
0.0306
0.0266
0.0174
0.07039999999999999
0.07880000000000001
0.0581
0.0421
0.0371
0.0
0.0
0.0
0.6091
0.411
0.4018
0.4021
0.38770000000000004
0.3951
0.4051
0.3749
0.3579
0.38170000000000004
0.8351
0.6972
0.6295999999999999
0.54
0.48760000000000003
2.5256
0.31310000000000004
0.3634
0.49340000000000006
0.5146999999999999
0.4542
0.389
0.31720000000000004
0.2741
0.2853
2.2609
2.5559000000000003
2.4835000000000003
2.6141
2.7582000000000004
0.6071
0.0179
0.0
0.0
0.0
0.0036
0.0748
0.3351
0.0584
0.062299999999999994
0.7439
0.3671
0.23959999999999998
0.1198
0.1659
0.2124
0.2861
0.5105
0.7293000000000001
2.0647
7.146
9.3646
1.3363
0.2878
0.10200000000000001
0.09759999999999999
0.1412
0.1288
0.1585
0.15410000000000001
0.1621
0.1774
0.1557
0.15639999999999998
0.15839999999999999
0.1807
0.43679999999999997
0.5498999999999999
0.2425
0.2704
0.235
0.35250000000000004
0.5649
1.0207
1.3697
1.5421
0.6608
0.2925
0.3631
0.6269
0.32989999999999997
0.12059999999999998
0.0471
0.0471
0.0511
0.0592
0.057300000000000004
0.0764
0.1524
1.0488
1.9351
1.6309
0.9457
0.7276
0.6533
0.5131
1.2709000000000001
2.8213
2.7358000000000002
2.5309999999999997
0.4248
0.012499999999999999
0.0063
0.0
0.0183
0.0277
0.0309
0.048299999999999996
0.0417
0.0417
0.043399999999999994
0.0383
0.0407
0.0508
0.1376
0.49779999999999996
1.0237
1.3554
0.6779000000000001
0.2898
2.6333
0.046900000000000004
0.0808
0.077
0.0736
0.0509
0.4351
0.2732
1.0368000000000002
0.8652000000000001
0.775
0.2746
0.41159999999999997
0.33089999999999997
0.3351
0.38170000000000004
0.3184
0.2318
0.25539999999999996
0.6548
0.13
0.0
0.0
0.0
0.0
4.7942
1.7461
2.0975
0.0
0.0038
0.0134
0.0359
0.053000000000000005
0.0469
0.045399999999999996
0.0471
0.0461
0.0306
0.0266
0.0174
0.07039999999999999
0.07880000000000001
0.0581
0.0421
0.0371
0.0
0.0
0.0
0.6091
0.411
0.4018
0.4021
0.38770000000000004
0.3951
0.4051
0.3749
0.3579
0.38170000000000004
0.8351
0.6972
0.6295999999999999
0.54
0.48760000000000003
2.5256
0.31310000000000004
0.3634
0.49340000000000006
0.5146999999999999
0.4542
0.389
0.31720000000000004
0.2741
0.2853
2.2609
2.5559000000000003
2.4835000000000003
2.6141
2.7582000000000004
0.6071
0.0179
0.0
0.0
0.0
0.0036
0.0748
0.3351
0.0584
0.062299999999999994
0.7439
0.3671
0.23959999999999998
0.1198
0.1659
0.2124
0.2861
0.5105
0.7293000000000001
2.0647
7.146
9.3646
1.3363
0.2878
0.10200000000000001
0.09759999999999999
0.1412
0.1288
0.1585
0.15410000000000001
0.1621
0.1774
0.1557
0.15639999999999998
0.15839999999999999
0.1807
0.43679999999999997
0.5498999999999999
0.2425
0.2704
0.235
0.35250000000000004
0.5649
1.0207
1.3697
1.5421
0.6608
0.2925
0.3631
0.6269
0.32989999999999997
0.12059999999999998
0.0471
0.0471
0.0511
0.0592
0.057300000000000004
0.0764
0.1524
1.0488
1.9351
1.6309
0.9457
0.7276
0.6533
0.5131
1.2709000000000001
2.8213
2.7358000000000002
2.5309999999999997
0.4248
0.012499999999999999
0.0063
0.0
0.0183
0.0277
0.0309
0.048299999999999996
0.0417
0.0417
0.043399999999999994
0.0383
0.0407
0.0508
0.1376
0.49779999999999996
1.0237
1.3554
0.6779000000000001
0.2898
2.6333
0.046900000000000004
0.0808
0.077
0.0736
0.0509
0.4351
0.2732
1.0368000000000002
0.8652000000000001
0.775
0.2746
0.41159999999999997
0.33089999999999997
0.3351
0.38170000000000004
0.3184
0.2318
0.25539999999999996
0.6548
0.13
0.0
0.0
0.0
0.0
4.7942
1.7461
2.0975
0.0
0.0038
0.0134
0.0359
0.053000000000000005
0.0469
0.045399999999999996
0.0471
0.0461
0.0306
0.0266
0.0174
0.07039999999999999
0.07880000000000001
0.0581
0.0421
0.0371
0.0
0.0
0.0
0.6091
0.0222
0.021
0.0201
0.0196
0.0199
0.0237
0.0212
0.0223
0.022
0.023100000000000002
0.0207
0.025500000000000002
0.028499999999999998
0.026000000000000002
0.027200000000000002
0.027700000000000002
0.029699999999999997
0.032600000000000004
0.0263
0.0224
0.0269
0.024
0.032100000000000004
0.037500000000000006
0.0665
0.06839999999999999
0.069
0.0701
0.0733
0.0992
0.114
0.0338
0.0196
0.027200000000000002
0.0217
0.0242
0.0312
0.030100000000000002
0.0392
0.1001
0.0843
0.2723
0.057
0.0523
0.1414
0.0799
0.1484
0.1061
1.344
4.0008
3.7655
0.5959
0.2436
0.0246
0.01
0.0263
0.0204
0.0383
0.036000000000000004
0.0347
0.0361
0.0492
0.0393
0.0108
0.0632
0.0173
0.0122
0.011300000000000001
0.0377
0.035699999999999996
0.0132
0.0
4.1856
5.2437000000000005
6.473599999999999
4.7401
0.34800000000000003
0.0457
0.0369
0.0505
0.0469
0.0529
0.0426
0.036500000000000005
0.038400000000000004
0.0419
0.0375
0.0426
0.046700000000000005
0.0482
0.0276
0.037
0.0278
0.030899999999999997
0.0691
0.1136
0.7109
1.716
1.6148
1.3753
0.29410000000000003
0.2697
0.46509999999999996
0.5178
0.1038
0.0245
0.0168
0.0131
0.0191
0.033600000000000005
0.056299999999999996
0.12029999999999999
0.23829999999999998
0.389
0.5214
0.7152000000000001
0.5461
0.4596
0.4377
0.42779999999999996
2.8257000000000003
3.0372000000000003
2.9976000000000003
0.6183
0.1177
0.09620000000000001
0.37
0.3056
0.036699999999999997
0.0297
0.0375
0.0398
0.0353
0.0381
0.0739
0.0717
0.1057
0.1762
0.2385
0.29810000000000003
0.8762
0.2925
0.20729999999999998
1.0963
0.792
0.2476
0.177
0.17570000000000002
0.1557
0.11510000000000001
0.1241
0.1593
0.41159999999999997
0.262
0.0
0.025599999999999998
0.0789
0.08399999999999999
0.0703
0.1963
0.1417
0.2013
0.3065
1.0144
1.267
0.7861
1.1261999999999999
1.7513
0.0222
0.021
0.0201
0.0196
0.0199
0.0237
0.0212
0.0223
0.022
0.023100000000000002
0.0207
0.025500000000000002
0.028499999999999998
0.026000000000000002
0.027200000000000002
0.027700000000000002
0.029699999999999997
0.032600000000000004
0.0263
0.0224
0.0269
0.024
0.032100000000000004
0.037500000000000006
0.0665
0.06839999999999999
0.069
0.0701
0.0733
0.0992
0.114
0.0338
0.0196
0.027200000000000002
0.0217
0.0242
0.0312
0.030100000000000002
0.0392
0.1001
0.0843
0.2723
0.057
0.0523
0.1414
0.0799
0.1484
0.1061
1.344
4.0008
3.7655
0.5959
0.2436
0.0246
0.01
0.0263
0.0204
0.0383
0.036000000000000004
0.0347
0.0361
0.0492
0.0393
0.0108
0.0632
0.0173
0.0122
0.011300000000000001
0.0377
0.035699999999999996
0.0132
0.0
4.1856
5.2437000000000005
6.473599999999999
4.7401
0.34800000000000003
0.0457
0.0369
0.0505
0.0469
0.0529
0.0426
0.036500000000000005
0.038400000000000004
0.0419
0.0375
0.0426
0.046700000000000005
0.0482
0.0276
0.037
0.0278
0.030899999999999997
0.0691
0.1136
0.7109
1.716
1.6148
1.3753
0.29410000000000003
0.2697
0.46509999999999996
0.5178
0.1038
0.0245
0.0168
0.0131
0.0191
0.033600000000000005
0.056299999999999996
0.12029999999999999
0.23829999999999998
0.389
0.5214
0.7152000000000001
0.5461
0.4596
0.4377
0.42779999999999996
2.8257000000000003
3.0372000000000003
2.9976000000000003
0.6183
0.1177
0.09620000000000001
0.37
0.3056
0.036699999999999997
0.0297
0.0375
0.0398
0.0353
0.0381
0.0739
0.0717
0.1057
0.1762
0.2385
0.29810000000000003
0.8762
0.2925
0.20729999999999998
1.0963
0.792
0.2476
0.177
0.17570000000000002
0.1557
0.11510000000000001
0.1241
0.1593
0.41159999999999997
0.262
0.0
0.025599999999999998
0.0789
0.08399999999999999
0.0703
0.1963
0.1417
0.2013
0.3065
1.0144
1.267
0.7861
1.1261999999999999
1.7513
0.0222
0.021
0.0201
0.0196
0.0199
0.0237
0.0212
0.0223
0.022
0.023100000000000002
0.0207
0.025500000000000002
0.028499999999999998
0.026000000000000002
0.027200000000000002
0.027700000000000002
0.029699999999999997
0.032600000000000004
0.0263
0.0224
0.0269
0.024
0.032100000000000004
0.037500000000000006
0.0665
0.06839999999999999
0.069
0.0701
0.0733
0.0992
0.114
0.0338
0.0196
0.027200000000000002
0.0217
0.0242
0.0312
0.030100000000000002
0.0392
0.1001
0.0843
0.2723
0.057
0.0523
0.1414
0.0799
0.1484
0.1061
1.344
4.0008
3.7655
0.5959
0.2436
0.0246
0.01
0.0263
0.0204
0.0383
0.036000000000000004
0.0347
0.0361
0.0492
0.0393
0.0108
0.0632
0.0173
0.0122
0.011300000000000001
0.0377
0.035699999999999996
0.0132
0.0
4.1856
5.2437000000000005
6.473599999999999
4.7401
0.34800000000000003
0.0457
0.0369
0.0505
0.0469
0.0529
0.0426
0.036500000000000005
0.038400000000000004
0.0419
0.0375
0.0426
0.046700000000000005
0.0482
0.0276
0.037
0.0278
0.030899999999999997
0.0691
0.1136
0.7109
1.716
1.6148
1.3753
0.29410000000000003
0.2697
0.46509999999999996
0.5178
0.1038
0.0245
0.0168
0.0131
0.0191
0.033600000000000005
0.056299999999999996
0.12029999999999999
0.23829999999999998
0.389
0.5214
0.7152000000000001
0.5461
0.4596
0.4377
0.42779999999999996
2.8257000000000003
3.0372000000000003
2.9976000000000003
0.6183
0.1177
0.09620000000000001
0.37
0.3056
0.036699999999999997
0.0297
0.0375
0.0398
0.0353
0.0381
0.0739
0.0717
0.1057
0.1762
0.2385
0.29810000000000003
0.8762
0.2925
0.20729999999999998
1.0963
0.792
0.2476
0.177
0.17570000000000002
0.1557
0.11510000000000001
0.1241
0.1593
0.41159999999999997
0.262
0.0
0.025599999999999998
0.0789
0.08399999999999999
0.0703
0.1963
0.1417
0.2013
0.3065
1.0144
1.267
0.7861
1.1261999999999999
1.7513
0.0222
0.021
0.0201
0.0196
0.0199
0.0237
0.0212
0.0223
0.022
0.023100000000000002
0.0207
0.025500000000000002
0.028499999999999998
0.026000000000000002
0.027200000000000002
0.027700000000000002
0.029699999999999997
0.032600000000000004
0.0263
0.0224
0.0269
0.024
0.032100000000000004
0.037500000000000006
0.0665
0.06839999999999999
0.069
0.0701
0.0733
0.0992
0.114
0.0338
0.0196
0.027200000000000002
0.0217
0.0242
0.0312
0.030100000000000002
0.0392
0.1001
0.0843
0.2723
0.057
0.0523
0.1414
0.0799
0.1484
0.1061
1.344
4.0008
3.7655
0.5959
0.2436
0.0246
0.01
0.0263
0.0204
0.0383
0.036000000000000004
0.0347
0.0361
0.0492
0.0393
0.0108
0.0632
0.0173
0.0122
0.011300000000000001
0.0377
0.035699999999999996
0.0132
0.0
4.1856
5.2437000000000005
6.473599999999999
4.7401
0.34800000000000003
0.0457
0.0369
0.0505
0.0469
0.0529
0.0426
0.036500000000000005
0.038400000000000004
0.0419
0.0375
0.0426
0.046700000000000005
0.0482
0.0276
0.037
0.0278
0.030899999999999997
0.0691
0.1136
0.7109
1.716
1.6148
1.3753
0.29410000000000003
0.2697
0.46509999999999996
0.5178
0.1038
0.0245
0.0168
0.0131
0.0191
0.033600000000000005
0.056299999999999996
0.12029999999999999
0.23829999999999998
0.389
0.5214
0.7152000000000001
0.5461
0.4596
0.4377
0.42779999999999996
2.8257000000000003
3.0372000000000003
2.9976000000000003
0.6183
0.1177
0.09620000000000001
0.37
0.3056
0.036699999999999997
0.0297
0.0375
0.0398
0.0353
0.0381
0.0739
0.0717
0.1057
0.1762
0.2385
0.29810000000000003
0.8762
0.2925
0.20729999999999998
1.0963
0.792
0.2476
0.177
0.17570000000000002
0.1557
0.11510000000000001
0.1241
0.1593
0.41159999999999997
0.262
0.0
0.025599999999999998
0.0789
0.08399999999999999
0.0703
0.1963
0.1417
0.2013
0.3065
1.0144
1.267
0.7861
1.1261999999999999
1.7513
0.0222
0.021
0.0201
0.0196
0.0199
0.0237
0.0212
0.0223
0.022
0.023100000000000002
0.0207
0.025500000000000002
0.028499999999999998
0.026000000000000002
0.027200000000000002
0.027700000000000002
0.029699999999999997
0.032600000000000004
0.0263
0.0224
0.0269
0.024
0.032100000000000004
0.037500000000000006
0.0665
0.06839999999999999
0.069
0.0701
0.0733
0.0992
0.114
0.0338
0.0196
0.027200000000000002
0.0217
0.0242
0.0312
0.030100000000000002
0.0392
0.1001
0.0843
0.2723
0.057
0.0523
0.1414
0.0799
0.1484
0.1061
0.0233
0.025
0.0257
0.023899999999999998
0.028499999999999998
0.0199
0.024300000000000002
0.0057
0.0
0.0351
0.0479
0.0429
0.0438
0.0369
0.0407
0.0308
0.0417
0.0378
0.0397
0.0366
0.046
0.0266
0.0298
0.0208
0.0316
0.0286
0.0278
0.031100000000000003
0.035
0.0232
0.024300000000000002
0.0346
0.0149
0.041800000000000004
0.0305
0.0269
0.0274
0.0288
0.0299
0.030400000000000003
0.029599999999999998
0.034100000000000005
0.0406
0.0515
0.039900000000000005
0.0325
0.042499999999999996
0.051500000000000004
2.0723000000000003
2.6824
2.5359
1.0948
0.6728000000000001
0.34650000000000003
0.1028
0.0542
0.0431
0.0431
0.0484
0.0453
0.0479
0.0392
0.0395
0.0235
0.012299999999999998
0.024399999999999998
1.3672
0.33640000000000003
0.3801
0.4276
0.38870000000000005
0.3941
0.2252
0.14800000000000002
0.1331
0.1321
0.0961
0.0858
0.0593
0.0467
0.0456
0.0476
0.037500000000000006
0.036000000000000004
0.0341
0.0316
0.036699999999999997
0.038599999999999995
0.0348
0.07619999999999999
0.0472
0.044899999999999995
0.0444
0.0372
0.0421
0.4363
2.8257
6.283200000000001
8.9301
5.1656
0.40049999999999997
0.0558
0.041999999999999996
0.0458
0.0309
0.0464
0.0388
0.030100000000000002
0.0316
0.0441
0.0345
0.024800000000000003
0.029900000000000003
0.0
0.095
0.0
0.0308
0.2118
0.4274
0.448
0.1085
0.0947
0.0779
0.0945
0.1192
0.12360000000000002
0.1225
2.9661999999999997
0.2792
0.174
0.4021
0.8133
0.3416
0.26239999999999997
0.2603
0.2772
0.26839999999999997
0.9718
1.2332
1.2149
0.22899999999999998
0.1279
0.1025
0.10389999999999999
0.0
0.0145
0.0
0.0022
0.0126
0.0
0.0172
0.062400000000000004
2.829
0.0
0.0134
0.1117
2.013
1.3474
0.0
0.0
0.0
0.0
0.8359
0.0
0.5881000000000001
1.2109
0.0
0.0
0.0233
0.025
0.0257
0.023899999999999998
0.028499999999999998
0.0199
0.024300000000000002
0.0057
0.0
0.0351
0.0479
0.0429
0.0438
0.0369
0.0407
0.0308
0.0417
0.0378
0.0397
0.0366
0.046
0.0266
0.0298
0.0208
0.0316
0.0286
0.0278
0.031100000000000003
0.035
0.0232
0.024300000000000002
0.0346
0.0149
0.041800000000000004
0.0305
0.0269
0.0274
0.0288
0.0299
0.030400000000000003
0.029599999999999998
0.034100000000000005
0.0406
0.0515
0.039900000000000005
0.0325
0.042499999999999996
0.051500000000000004
2.0723000000000003
2.6824
2.5359
1.0948
0.6728000000000001
0.34650000000000003
0.1028
0.0542
0.0431
0.0431
0.0484
0.0453
0.0479
0.0392
0.0395
0.0235
0.012299999999999998
0.024399999999999998
1.3672
0.33640000000000003
0.3801
0.4276
0.38870000000000005
0.3941
0.2252
0.14800000000000002
0.1331
0.1321
0.0961
0.0858
0.0593
0.0467
0.0456
0.0476
0.037500000000000006
0.036000000000000004
0.0341
0.0316
0.036699999999999997
0.038599999999999995
0.0348
0.07619999999999999
0.0472
0.044899999999999995
0.0444
0.0372
0.0421
0.4363
2.8257
6.283200000000001
8.9301
5.1656
0.40049999999999997
0.0558
0.041999999999999996
0.0458
0.0309
0.0464
0.0388
0.030100000000000002
0.0316
0.0441
0.0345
0.024800000000000003
0.029900000000000003
0.0
0.095
0.0
0.0308
0.2118
0.4274
0.448
0.1085
0.0947
0.0779
0.0945
0.1192
0.12360000000000002
0.1225
2.9661999999999997
0.2792
0.174
0.4021
0.8133
0.3416
0.26239999999999997
0.2603
0.2772
0.26839999999999997
0.9718
1.2332
1.2149
0.22899999999999998
0.1279
0.1025
0.10389999999999999
0.0
0.0145
0.0
0.0022
0.0126
0.0
0.0172
0.062400000000000004
2.829
0.0
0.0134
0.1117
2.013
1.3474
0.0
0.0
0.0
0.0
0.8359
0.0
0.5881000000000001
1.2109
0.0
0.0
0.0233
0.025
0.0257
0.023899999999999998
0.028499999999999998
0.0199
0.024300000000000002
0.0057
0.0
0.0351
0.0479
0.0429
0.0438
0.0369
0.0407
0.0308
0.0417
0.0378
0.0397
0.0366
0.046
0.0266
0.0298
0.0208
0.0316
0.0286
0.0278
0.031100000000000003
0.035
0.0232
0.024300000000000002
0.0346
0.0149
0.041800000000000004
0.0305
0.0269
0.0274
0.0288
0.0299
0.030400000000000003
0.029599999999999998
0.034100000000000005
0.0406
0.0515
0.039900000000000005
0.0325
0.042499999999999996
0.051500000000000004
2.0723000000000003
2.6824
2.5359
1.0948
0.6728000000000001
0.34650000000000003
0.1028
0.0542
0.0431
0.0431
0.0484
0.0453
0.0479
0.0392
0.0395
0.0235
0.012299999999999998
0.024399999999999998
1.3672
0.33640000000000003
0.3801
0.4276
0.38870000000000005
0.3941
0.2252
0.14800000000000002
0.1331
0.1321
0.0961
0.0858
0.0593
0.0467
0.0456
0.0476
0.037500000000000006
0.036000000000000004
0.0341
0.0316
0.036699999999999997
0.038599999999999995
0.0348
0.07619999999999999
0.0472
0.044899999999999995
0.0444
0.0372
0.0421
0.4363
2.8257
6.283200000000001
8.9301
5.1656
0.40049999999999997
0.0558
0.041999999999999996
0.0458
0.0309
0.0464
0.0388
0.030100000000000002
0.0316
0.0441
0.0345
0.024800000000000003
0.029900000000000003
0.0
0.095
0.0
0.0308
0.2118
0.4274
0.448
0.1085
0.0947
0.0779
0.0945
0.1192
0.12360000000000002
0.1225
2.9661999999999997
0.2792
0.174
0.4021
0.8133
0.3416
0.26239999999999997
0.2603
0.2772
0.26839999999999997
0.9718
1.2332
1.2149
0.22899999999999998
0.1279
0.1025
0.10389999999999999
0.0
0.0145
0.0
0.0022
0.0126
0.0
0.0172
0.062400000000000004
2.829
0.0
0.0134
0.1117
2.013
1.3474
0.0
0.0
0.0
0.0
0.8359
0.0
0.5881000000000001
1.2109
0.0
0.0
0.0233
0.025
0.0257
0.023899999999999998
0.028499999999999998
0.0199
0.024300000000000002
0.0057
0.0
0.0351
0.0479
0.0429
0.0438
0.0369
0.0407
0.0308
0.0417
0.0378
0.0397
0.0366
0.046
0.0266
0.0298
0.0208
0.0316
0.0286
0.0278
0.031100000000000003
0.035
0.0232
0.024300000000000002
0.0346
0.0149
0.041800000000000004
0.0305
0.0269
0.0274
0.0288
0.0299
0.030400000000000003
0.029599999999999998
0.034100000000000005
0.0406
0.0515
0.039900000000000005
0.0325
0.042499999999999996
0.051500000000000004
2.0723000000000003
2.6824
2.5359
1.0948
0.6728000000000001
0.34650000000000003
0.1028
0.0542
0.0431
0.0431
0.0484
0.0453
0.0479
0.0392
0.0395
0.0235
0.012299999999999998
0.024399999999999998
1.3672
0.33640000000000003
0.3801
0.4276
0.38870000000000005
0.3941
0.2252
0.14800000000000002
0.1331
0.1321
0.0961
0.0858
0.0593
0.0467
0.0456
0.0476
0.037500000000000006
0.036000000000000004
0.0341
0.0316
0.036699999999999997
0.038599999999999995
0.0348
0.07619999999999999
0.0472
0.044899999999999995
0.0444
0.0372
0.0421
0.4363
2.8257
6.283200000000001
8.9301
5.1656
0.40049999999999997
0.0558
0.041999999999999996
0.0458
0.0309
0.0464
0.0388
0.030100000000000002
0.0316
0.0441
0.0345
0.024800000000000003
0.029900000000000003
0.0
0.095
0.0
0.0308
0.2118
0.4274
0.448
0.1085
0.0947
0.0779
0.0945
0.1192
0.12360000000000002
0.1225
2.9661999999999997
0.2792
0.174
0.4021
0.8133
0.3416
0.26239999999999997
0.2603
0.2772
0.26839999999999997
0.9718
1.2332
1.2149
0.22899999999999998
0.1279
0.1025
0.10389999999999999
0.0
0.0145
0.0
0.0022
0.0126
0.0
0.0172
0.062400000000000004
2.829
0.0
0.0134
0.1117
2.013
1.3474
0.0
0.0
0.0
0.0
0.8359
0.0
0.5881000000000001
1.2109
0.0
0.0
0.0233
0.025
0.0257
0.023899999999999998
0.028499999999999998
0.0199
0.024300000000000002
0.0057
0.0
0.0351
0.0479
0.0429
0.0438
0.0369
0.0407
0.0308
0.0417
0.0378
0.0397
0.0366
0.046
0.0266
0.0298
0.0208
0.0316
0.0286
0.0278
0.031100000000000003
0.035
0.0232
0.024300000000000002
0.0346
0.0149
0.041800000000000004
0.0305
0.0269
0.0274
0.0288
0.0299
0.030400000000000003
0.029599999999999998
0.034100000000000005
0.0406
0.0515
0.039900000000000005
0.0325
0.042499999999999996
0.051500000000000004
2.0723000000000003
2.6824
2.5359
1.0948
0.6728000000000001
0.34650000000000003
0.1028
0.0542
0.0431
0.0431
0.0484
0.0453
0.0479
0.0392
0.0395
0.0235
0.012299999999999998
0.024399999999999998
1.3672
0.33640000000000003
0.3801
0.4276
0.38870000000000005
0.3941
0.3927
0.39690000000000003
0.372
0.30469999999999997
0.2804
0.2569
0.2212
0.4065
0.307
0.28859999999999997
0.2596
0.241
0.2233
0.1979
0.2065
0.2215
0.2904
0.8596
0.7755
0.6247
0.6808
0.7476
0.7812
0.9418
0.0387
0.0366
0.035500000000000004
0.034600000000000006
0.0383
0.0314
0.0225
0.0274
0.0382
0.1356
0.0477
0.0298
0.0316
0.0358
0.0392
0.0341
0.1477
0.148
0.0465
0.0161
0.0156
0.022699999999999998
0.0526
0.07869999999999999
2.0931
0.0
0.036699999999999997
0.0603
0.0742
0.0712
0.09759999999999999
0.1555
0.1697
0.1949
0.242
0.34909999999999997
0.1947
0.11910000000000001
0.0747
0.0566
0.0328
0.277
0.5725
0.1713
0.24780000000000002
0.1999
0.0482
0.0496
2.9509
0.3346
0.0
0.0
0.0
0.0128
0.0527
0.0034
0.0082
0.0307
0.0
0.0
0.0656
0.43499999999999994
0.0
0.0
0.0
0.0
0.0172
0.0338
0.0375
0.0
0.0
0.0
0.48269999999999996
1.0767
1.7051
0.4625
0.5964
0.5962
0.41369999999999996
0.26780000000000004
0.2307
0.2415
0.22999999999999998
0.2099
0.1977
0.2274
0.21939999999999998
0.2315
0.31179999999999997
0.5167
0.7066
0.9207000000000001
1.6101
1.8416000000000001
0.9554
0.6516
4.8632
4.4773
4.0168
0.2845
0.0
0.0167
0.011600000000000001
0.016300000000000002
0.0284
0.043399999999999994
0.0419
0.052000000000000005
0.042499999999999996
0.058899999999999994
0.049100000000000005
0.056400000000000006
0.0527
0.0373
0.03
0.0327
0.0161
0.032100000000000004
0.0166
0.0
1.2962
0.2838
0.2642
0.22660000000000002
0.1398
0.0315
0.0
0.0056
0.0448
0.0516
0.0491
0.0487
0.054099999999999995
0.0528
0.0596
0.1487
0.1021
1.1985
0.7457
0.776
0.6567
0.4719
0.4057
3.3129999999999997
0.3927
0.39690000000000003
0.372
0.30469999999999997
0.2804
0.2569
0.2212
0.4065
0.307
0.28859999999999997
0.2596
0.241
0.2233
0.1979
0.2065
0.2215
0.2904
0.8596
0.7755
0.6247
0.6808
0.7476
0.7812
0.9418
0.0387
0.0366
0.035500000000000004
0.034600000000000006
0.0383
0.0314
0.0225
0.0274
0.0382
0.1356
0.0477
0.0298
0.0316
0.0358
0.0392
0.0341
0.1477
0.148
0.0465
0.0161
0.0156
0.022699999999999998
0.0526
0.07869999999999999
2.0931
0.0
0.036699999999999997
0.0603
0.0742
0.0712
0.09759999999999999
0.1555
0.1697
0.1949
0.242
0.34909999999999997
0.1947
0.11910000000000001
0.0747
0.0566
0.0328
0.277
0.5725
0.1713
0.24780000000000002
0.1999
0.0482
0.0496
2.9509
0.3346
0.0
0.0
0.0
0.0128
0.0527
0.0034
0.0082
0.0307
0.0
0.0
0.0656
0.43499999999999994
0.0
0.0
0.0
0.0
0.0172
0.0338
0.0375
0.0
0.0
0.0
0.48269999999999996
1.0767
1.7051
0.4625
0.5964
0.5962
0.41369999999999996
0.26780000000000004
0.2307
0.2415
0.22999999999999998
0.2099
0.1977
0.2274
0.21939999999999998
0.2315
0.31179999999999997
0.5167
0.7066
0.9207000000000001
1.6101
1.8416000000000001
0.9554
0.6516
4.8632
4.4773
4.0168
0.2845
0.0
0.0167
0.011600000000000001
0.016300000000000002
0.0284
0.043399999999999994
0.0419
0.052000000000000005
0.042499999999999996
0.058899999999999994
0.049100000000000005
0.056400000000000006
0.0527
0.0373
0.03
0.0327
0.0161
0.032100000000000004
0.0166
0.0
1.2962
0.2838
0.2642
0.22660000000000002
0.1398
0.0315
0.0
0.0056
0.0448
0.0516
0.0491
0.0487
0.054099999999999995
0.0528
0.0596
0.1487
0.1021
1.1985
0.7457
0.776
0.6567
0.4719
0.4057
3.3129999999999997
0.3927
0.39690000000000003
0.372
0.30469999999999997
0.2804
0.2569
0.2212
0.4065
0.307
0.28859999999999997
0.2596
0.241
0.2233
0.1979
0.2065
0.2215
0.2904
0.8596
0.7755
0.6247
0.6808
0.7476
0.7812
0.9418
0.0387
0.0366
0.035500000000000004
0.034600000000000006
0.0383
0.0314
0.0225
0.0274
0.0382
0.1356
0.0477
0.0298
0.0316
0.0358
0.0392
0.0341
0.1477
0.148
0.0465
0.0161
0.0156
0.022699999999999998
0.0526
0.07869999999999999
2.0931
0.0
0.036699999999999997
0.0603
0.0742
0.0712
0.09759999999999999
0.1555
0.1697
0.1949
0.242
0.34909999999999997
0.1947
0.11910000000000001
0.0747
0.0566
0.0328
0.277
0.5725
0.1713
0.24780000000000002
0.1999
0.0482
0.0496
2.9509
0.3346
0.0
0.0
0.0
0.0128
0.0527
0.0034
0.0082
0.0307
0.0
0.0
0.0656
0.43499999999999994
0.0
0.0
0.0
0.0
0.0172
0.0338
0.0375
0.0
0.0
0.0
0.48269999999999996
1.0767
1.7051
0.4625
0.5964
0.5962
0.41369999999999996
0.26780000000000004
0.2307
0.2415
0.22999999999999998
0.2099
0.1977
0.2274
0.21939999999999998
0.2315
0.31179999999999997
0.5167
0.7066
0.9207000000000001
1.6101
1.8416000000000001
0.9554
0.6516
4.8632
4.4773
4.0168
0.2845
0.0
0.0167
0.011600000000000001
0.016300000000000002
0.0284
0.043399999999999994
0.0419
0.052000000000000005
0.042499999999999996
0.058899999999999994
0.049100000000000005
0.056400000000000006
0.0527
0.0373
0.03
0.0327
0.0161
0.032100000000000004
0.0166
0.0
1.2962
0.2838
0.2642
0.22660000000000002
0.1398
0.0315
0.0
0.0056
0.0448
0.0516
0.0491
0.0487
0.054099999999999995
0.0528
0.0596
0.1487
0.1021
1.1985
0.7457
0.776
0.6567
0.4719
0.4057
3.3129999999999997
0.3927
0.39690000000000003
0.372
0.30469999999999997
0.2804
0.2569
0.2212
0.4065
0.307
0.28859999999999997
0.2596
0.241
0.2233
0.1979
0.2065
0.2215
0.2904
0.8596
0.7755
0.6247
0.6808
0.7476
0.7812
0.9418
0.0387
0.0366
0.035500000000000004
0.034600000000000006
0.0383
0.0314
0.0225
0.0274
0.0382
0.1356
0.0477
0.0298
0.0316
0.0358
0.0392
0.0341
0.1477
0.148
0.0465
0.0161
0.0156
0.022699999999999998
0.0526
0.07869999999999999
2.0931
0.0
0.036699999999999997
0.0603
0.0742
0.0712
0.09759999999999999
0.1555
0.1697
0.1949
0.242
0.34909999999999997
0.1947
0.11910000000000001
0.0747
0.0566
0.0328
0.277
0.5725
0.1713
0.24780000000000002
0.1999
0.0482
0.0496
2.9509
0.3346
0.0
0.0
0.0
0.0128
0.0527
0.0034
0.0082
0.0307
0.0
0.0
0.0656
0.43499999999999994
0.0
0.0
0.0
0.0
0.0172
0.0338
0.0375
0.0
0.0
0.0
0.48269999999999996
1.0767
1.7051
0.4625
0.5964
0.5962
0.41369999999999996
0.26780000000000004
0.2307
0.2415
0.22999999999999998
0.2099
0.1977
0.2274
0.21939999999999998
0.2315
0.31179999999999997
0.5167
0.7066
0.9207000000000001
1.6101
1.8416000000000001
0.9554
0.6516
4.8632
4.4773
4.0168
0.2845
0.0
0.0167
0.011600000000000001
0.016300000000000002
0.0284
0.043399999999999994
0.0419
0.052000000000000005
0.042499999999999996
0.058899999999999994
0.049100000000000005
0.056400000000000006
0.0527
0.0373
0.03
0.0327
0.0161
0.032100000000000004
0.0166
0.0
1.2962
0.2838
0.2642
0.22660000000000002
0.1398
0.0315
0.0
0.0056
0.0448
0.0516
0.0491
0.0487
0.054099999999999995
0.0528
0.0596
0.1487
0.1021
1.1985
0.7457
0.776
0.6567
0.4719
0.4057
3.3129999999999997
0.3927
0.39690000000000003
0.372
0.30469999999999997
0.2804
0.2569
0.2212
0.4065
0.307
0.28859999999999997
0.2596
0.241
0.2233
0.1979
0.2065
0.2215
0.2904
0.8596
0.7755
0.6247
0.6808
0.7476
0.7812
0.9418
0.0387
0.0366
0.035500000000000004
0.034600000000000006
0.0383
0.0314
0.0225
0.0274
0.0382
0.1356
0.0477
0.0298
0.0316
0.0358
0.0392
0.0341
0.1477
0.148
0.0465
0.0161
0.0156
0.022699999999999998
0.0526
0.07869999999999999
2.2529
4.8337
5.3967
5.3824000000000005
0.0985
0.08460000000000001
0.1034
0.2479
0.5791
0.4275
0.1047
0.0749
0.0697
0.0704
0.061
0.0949
0.10819999999999999
0.1343
0.3665
0.268
0.2066
0.1827
0.4226
0.5913999999999999
0.0763
0.0693
0.058300000000000005
0.045200000000000004
0.0371
0.0237
0.0051
0.0
0.040600000000000004
0.049100000000000005
0.0383
0.06899999999999999
0.1984
0.0299
2.4036
0.0455
0.07250000000000001
0.3606
0.6041
0.2696
0.361
0.2767
0.10799999999999998
0.0857
0.058699999999999995
0.0826
0.08399999999999999
0.0703
0.0801
0.081
0.1696
0.5264
0.7156
0.7622
0.7319
0.6445
0.3426
0.9219
2.2104
0.054599999999999996
0.5556
0.0
0.0
0.0027
0.0249
0.0
0.21150000000000002
0.7395
4.2546
4.2558
4.4045000000000005
2.6927999999999996
0.1561
0.1664
0.24159999999999998
1.133
1.3767
1.0211000000000001
0.5403
0.41259999999999997
0.3664
0.3332
0.4018
1.1477
0.4472
0.4409
0.5786
0.9955
0.7611
0.1891
0.11599999999999999
1.9705000000000001
0.0295
0.0261
0.0704
0.027
0.0037
0.7082
0.3611
0.0821
0.1358
0.1839
0.1274
0.133
0.1426
0.10800000000000001
0.4787
0.0462
0.0281
0.0
0.0
0.005
0.0369
0.19119999999999998
0.0531
1.0459
7.2484
7.5999
6.4577
5.0168
1.9249
0.33980000000000005
0.0
0.0
0.037
0.0469
0.057999999999999996
0.0627
0.0741
0.07500000000000001
0.057999999999999996
0.0453
0.0568
0.0397
0.0454
0.0941
0.0672
0.0521
0.1227
2.6315999999999997
0.1348
0.1466
0.153
0.1595
0.1618
0.21100000000000002
0.1634
0.032299999999999995
0.0023
0.0339
0.0344
0.0337
0.0434
0.042899999999999994
0.0479
0.0354
0.0351
0.0393
0.0377
0.0779
0.09209999999999999
0.1074
0.1271
0.1401
2.2529
4.8337
5.3967
5.3824000000000005
0.0985
0.08460000000000001
0.1034
0.2479
0.5791
0.4275
0.1047
0.0749
0.0697
0.0704
0.061
0.0949
0.10819999999999999
0.1343
0.3665
0.268
0.2066
0.1827
0.4226
0.5913999999999999
0.0763
0.0693
0.058300000000000005
0.045200000000000004
0.0371
0.0237
0.0051
0.0
0.040600000000000004
0.049100000000000005
0.0383
0.06899999999999999
0.1984
0.0299
2.4036
0.0455
0.07250000000000001
0.3606
0.6041
0.2696
0.361
0.2767
0.10799999999999998
0.0857
0.058699999999999995
0.0826
0.08399999999999999
0.0703
0.0801
0.081
0.1696
0.5264
0.7156
0.7622
0.7319
0.6445
0.3426
0.9219
2.2104
0.054599999999999996
0.5556
0.0
0.0
0.0027
0.0249
0.0
0.21150000000000002
0.7395
4.2546
4.2558
4.4045000000000005
2.6927999999999996
0.1561
0.1664
0.24159999999999998
1.133
1.3767
1.0211000000000001
0.5403
0.41259999999999997
0.3664
0.3332
0.4018
1.1477
0.4472
0.4409
0.5786
0.9955
0.7611
0.1891
0.11599999999999999
1.9705000000000001
0.0295
0.0261
0.0704
0.027
0.0037
0.7082
0.3611
0.0821
0.1358
0.1839
0.1274
0.133
0.1426
0.10800000000000001
0.4787
0.0462
0.0281
0.0
0.0
0.005
0.0369
0.19119999999999998
0.0531
1.0459
7.2484
7.5999
6.4577
5.0168
1.9249
0.33980000000000005
0.0
0.0
0.037
0.0469
0.057999999999999996
0.0627
0.0741
0.07500000000000001
0.057999999999999996
0.0453
0.0568
0.0397
0.0454
0.0941
0.0672
0.0521
0.1227
2.6315999999999997
0.1348
0.1466
0.153
0.1595
0.1618
0.21100000000000002
0.1634
0.032299999999999995
0.0023
0.0339
0.0344
0.0337
0.0434
0.042899999999999994
0.0479
0.0354
0.0351
0.0393
0.0377
0.0779
0.09209999999999999
0.1074
0.1271
0.1401
2.2529
4.8337
5.3967
5.3824000000000005
0.0985
0.08460000000000001
0.1034
0.2479
0.5791
0.4275
0.1047
0.0749
0.0697
0.0704
0.061
0.0949
0.10819999999999999
0.1343
0.3665
0.268
0.2066
0.1827
0.4226
0.5913999999999999
0.0763
0.0693
0.058300000000000005
0.045200000000000004
0.0371
0.0237
0.0051
0.0
0.040600000000000004
0.049100000000000005
0.0383
0.06899999999999999
0.1984
0.0299
2.4036
0.0455
0.07250000000000001
0.3606
0.6041
0.2696
0.361
0.2767
0.10799999999999998
0.0857
0.058699999999999995
0.0826
0.08399999999999999
0.0703
0.0801
0.081
0.1696
0.5264
0.7156
0.7622
0.7319
0.6445
0.3426
0.9219
2.2104
0.054599999999999996
0.5556
0.0
0.0
0.0027
0.0249
0.0
0.21150000000000002
0.7395
4.2546
4.2558
4.4045000000000005
2.6927999999999996
0.1561
0.1664
0.24159999999999998
1.133
1.3767
1.0211000000000001
0.5403
0.41259999999999997
0.3664
0.3332
0.4018
1.1477
0.4472
0.4409
0.5786
0.9955
0.7611
0.1891
0.11599999999999999
1.9705000000000001
0.0295
0.0261
0.0704
0.027
0.0037
0.7082
0.3611
0.0821
0.1358
0.1839
0.1274
0.133
0.1426
0.10800000000000001
0.4787
0.0462
0.0281
0.0
0.0
0.005
0.0369
0.19119999999999998
0.0531
1.0459
7.2484
7.5999
6.4577
5.0168
1.9249
0.33980000000000005
0.0
0.0
0.037
0.0469
0.057999999999999996
0.0627
0.0741
0.07500000000000001
0.057999999999999996
0.0453
0.0568
0.0397
0.0454
0.0941
0.0672
0.0521
0.1227
2.6315999999999997
0.1348
0.1466
0.153
0.1595
0.1618
0.21100000000000002
0.1634
0.032299999999999995
0.0023
0.0339
0.0344
0.0337
0.0434
0.042899999999999994
0.0479
0.0354
0.0351
0.0393
0.0377
0.0779
0.09209999999999999
0.1074
0.1271
0.1401
2.2529
4.8337
5.3967
5.3824000000000005
0.0985
0.08460000000000001
0.1034
0.2479
0.5791
0.4275
0.1047
0.0749
0.0697
0.0704
0.061
0.0949
0.10819999999999999
0.1343
0.3665
0.268
0.2066
0.1827
0.4226
0.5913999999999999
0.0763
0.0693
0.058300000000000005
0.045200000000000004
0.0371
0.0237
0.0051
0.0
0.040600000000000004
0.049100000000000005
0.0383
0.06899999999999999
0.1984
0.0299
2.4036
0.0455
0.07250000000000001
0.3606
0.6041
0.2696
0.361
0.2767
0.10799999999999998
0.0857
0.058699999999999995
0.0826
0.08399999999999999
0.0703
0.0801
0.081
0.1696
0.5264
0.7156
0.7622
0.7319
0.6445
0.3426
0.9219
2.2104
0.054599999999999996
0.5556
0.0
0.0
0.0027
0.0249
0.0
0.21150000000000002
0.7395
4.2546
4.2558
4.4045000000000005
2.6927999999999996
0.1561
0.1664
0.24159999999999998
1.133
1.3767
1.0211000000000001
0.5403
0.41259999999999997
0.3664
0.3332
0.4018
1.1477
0.4472
0.4409
0.5786
0.9955
0.7611
0.1891
0.11599999999999999
1.9705000000000001
0.0295
0.0261
0.0704
0.027
0.0037
0.7082
0.3611
0.0821
0.1358
0.1839
0.1274
0.133
0.1426
0.10800000000000001
0.4787
0.0462
0.0281
0.0
0.0
0.005
0.0369
0.19119999999999998
0.0531
1.0459
7.2484
7.5999
6.4577
5.0168
1.9249
0.33980000000000005
0.0
0.0
0.037
0.0469
0.057999999999999996
0.0627
0.0741
0.07500000000000001
0.057999999999999996
0.0453
0.0568
0.0397
0.0454
0.0941
0.0672
0.0521
0.1227
2.6315999999999997
0.1348
0.1466
0.153
0.1595
0.1618
0.21100000000000002
0.1634
0.032299999999999995
0.0023
0.0339
0.0344
0.0337
0.0434
0.042899999999999994
0.0479
0.0354
0.0351
0.0393
0.0377
0.0779
0.09209999999999999
0.1074
0.1271
0.1401
2.2529
4.8337
5.3967
5.3824000000000005
0.0985
0.08460000000000001
0.1034
0.2479
0.5791
0.4275
0.1047
0.0749
0.0697
0.0704
0.061
0.0949
0.10819999999999999
0.1343
0.3665
0.268
0.2066
0.1827
0.4226
0.5913999999999999
0.0763
0.0693
0.058300000000000005
0.045200000000000004
0.0371
0.0237
0.0051
0.0
0.040600000000000004
0.049100000000000005
0.0383
0.06899999999999999
0.1984
0.0299
2.4036
0.0455
0.07250000000000001
0.3606
0.6041
0.2696
0.361
0.2767
0.10799999999999998
0.0857
0.058699999999999995
0.0826
0.08399999999999999
0.0703
0.0801
0.081
0.1696
0.5264
0.7156
0.7622
0.7319
0.6445
0.3426
0.9219
2.2104
0.054599999999999996
0.5556
0.0
0.0
0.0027
0.0249
0.0
0.21150000000000002
0.7395
0.0563
0.0528
0.0599
0.061799999999999994
0.0606
0.055600000000000004
0.0822
0.08149999999999999
0.0083
0.027700000000000002
0.032
0.036000000000000004
0.042300000000000004
0.0456
0.0462
0.0456
0.033100000000000004
0.030400000000000003
0.0149
0.044
0.0464
0.046200000000000005
0.0508
0.0527
2.6576
5.0949
5.383
3.4938000000000002
0.4481
0.505
0.3469
0.32730000000000004
0.3127
0.3204
0.3073
0.3141
0.3234
0.3093
0.3086
0.30820000000000003
0.8929
0.315
0.2821
0.2622
0.25760000000000005
0.2917
0.37629999999999997
0.4246
2.2753
3.7721999999999998
3.7667
1.0004
0.14300000000000002
0.08929999999999999
0.0919
0.11249999999999999
0.1632
0.178
0.1399
0.11230000000000001
0.0763
0.0552
0.0458
0.0511
0.0432
0.0485
0.051500000000000004
0.105
0.1192
0.1423
0.17120000000000002
0.175
0.8429
0.7376
1.6021999999999998
0.5816
0.7972
1.1614
0.7232000000000001
0.5654
0.3201
0.6752
0.6561
0.358
0.49039999999999995
0.7152000000000001
0.1676
0.0378
0.0353
0.044399999999999995
0.0588
0.1852
0.13779999999999998
0.0282
0.0505
0.0138
0.0806
0.0771
0.0769
0.0769
0.0721
0.0592
0.0503
0.0346
0.0064
0.0537
0.0494
0.0516
0.0502
0.0451
0.057300000000000004
0.0556
0.0528
0.0402
0.075
0.0742
0.1127
0.0999
0.08810000000000001
0.0813
3.7597
3.492
3.1412
0.9609
0.0
0.0129
0.0162
0.020499999999999997
0.0225
0.0282
0.0347
0.025599999999999998
0.0361
0.0449
0.044399999999999995
0.036500000000000005
0.0379
0.0347
0.013
0.0276
0.2841
0.5295
0.4234
3.1703
0.2661
0.4981
0.6397999999999999
0.4114
0.24159999999999998
0.1316
0.0884
0.1691
0.1735
0.1133
0.0596
0.056499999999999995
0.0421
0.0424
0.0254
0.017599999999999998
0.0098
0.0065
0.1072
0.067
0.0732
0.067
0.1849
4.064
0.0563
0.0528
0.0599
0.061799999999999994
0.0606
0.055600000000000004
0.0822
0.08149999999999999
0.0083
0.027700000000000002
0.032
0.036000000000000004
0.042300000000000004
0.0456
0.0462
0.0456
0.033100000000000004
0.030400000000000003
0.0149
0.044
0.0464
0.046200000000000005
0.0508
0.0527
2.6576
5.0949
5.383
3.4938000000000002
0.4481
0.505
0.3469
0.32730000000000004
0.3127
0.3204
0.3073
0.3141
0.3234
0.3093
0.3086
0.30820000000000003
0.8929
0.315
0.2821
0.2622
0.25760000000000005
0.2917
0.37629999999999997
0.4246
2.2753
3.7721999999999998
3.7667
1.0004
0.14300000000000002
0.08929999999999999
0.0919
0.11249999999999999
0.1632
0.178
0.1399
0.11230000000000001
0.0763
0.0552
0.0458
0.0511
0.0432
0.0485
0.051500000000000004
0.105
0.1192
0.1423
0.17120000000000002
0.175
0.8429
0.7376
1.6021999999999998
0.5816
0.7972
1.1614
0.7232000000000001
0.5654
0.3201
0.6752
0.6561
0.358
0.49039999999999995
0.7152000000000001
0.1676
0.0378
0.0353
0.044399999999999995
0.0588
0.1852
0.13779999999999998
0.0282
0.0505
0.0138
0.0806
0.0771
0.0769
0.0769
0.0721
0.0592
0.0503
0.0346
0.0064
0.0537
0.0494
0.0516
0.0502
0.0451
0.057300000000000004
0.0556
0.0528
0.0402
0.075
0.0742
0.1127
0.0999
0.08810000000000001
0.0813
3.7597
3.492
3.1412
0.9609
0.0
0.0129
0.0162
0.020499999999999997
0.0225
0.0282
0.0347
0.025599999999999998
0.0361
0.0449
0.044399999999999995
0.036500000000000005
0.0379
0.0347
0.013
0.0276
0.2841
0.5295
0.4234
3.1703
0.2661
0.4981
0.6397999999999999
0.4114
0.24159999999999998
0.1316
0.0884
0.1691
0.1735
0.1133
0.0596
0.056499999999999995
0.0421
0.0424
0.0254
0.017599999999999998
0.0098
0.0065
0.1072
0.067
0.0732
0.067
0.1849
4.064
0.0563
0.0528
0.0599
0.061799999999999994
0.0606
0.055600000000000004
0.0822
0.08149999999999999
0.0083
0.027700000000000002
0.032
0.036000000000000004
0.042300000000000004
0.0456
0.0462
0.0456
0.033100000000000004
0.030400000000000003
0.0149
0.044
0.0464
0.046200000000000005
0.0508
0.0527
2.6576
5.0949
5.383
3.4938000000000002
0.4481
0.505
0.3469
0.32730000000000004
0.3127
0.3204
0.3073
0.3141
0.3234
0.3093
0.3086
0.30820000000000003
0.8929
0.315
0.2821
0.2622
0.25760000000000005
0.2917
0.37629999999999997
0.4246
2.2753
3.7721999999999998
3.7667
1.0004
0.14300000000000002
0.08929999999999999
0.0919
0.11249999999999999
0.1632
0.178
0.1399
0.11230000000000001
0.0763
0.0552
0.0458
0.0511
0.0432
0.0485
0.051500000000000004
0.105
0.1192
0.1423
0.17120000000000002
0.175
0.8429
0.7376
1.6021999999999998
0.5816
0.7972
1.1614
0.7232000000000001
0.5654
0.3201
0.6752
0.6561
0.358
0.49039999999999995
0.7152000000000001
0.1676
0.0378
0.0353
0.044399999999999995
0.0588
0.1852
0.13779999999999998
0.0282
0.0505
0.0138
0.0806
0.0771
0.0769
0.0769
0.0721
0.0592
0.0503
0.0346
0.0064
0.0537
0.0494
0.0516
0.0502
0.0451
0.057300000000000004
0.0556
0.0528
0.0402
0.075
0.0742
0.1127
0.0999
0.08810000000000001
0.0813
3.7597
3.492
3.1412
0.9609
0.0
0.0129
0.0162
0.020499999999999997
0.0225
0.0282
0.0347
0.025599999999999998
0.0361
0.0449
0.044399999999999995
0.036500000000000005
0.0379
0.0347
0.013
0.0276
0.2841
0.5295
0.4234
3.1703
0.2661
0.4981
0.6397999999999999
0.4114
0.24159999999999998
0.1316
0.0884
0.1691
0.1735
0.1133
0.0596
0.056499999999999995
0.0421
0.0424
0.0254
0.017599999999999998
0.0098
0.0065
0.1072
0.067
0.0732
0.067
0.1849
4.064
0.0563
0.0528
0.0599
0.061799999999999994
0.0606
0.055600000000000004
0.0822
0.08149999999999999
0.0083
0.027700000000000002
0.032
0.036000000000000004
0.042300000000000004
0.0456
0.0462
0.0456
0.033100000000000004
0.030400000000000003
0.0149
0.044
0.0464
0.046200000000000005
0.0508
0.0527
2.6576
5.0949
5.383
3.4938000000000002
0.4481
0.505
0.3469
0.32730000000000004
0.3127
0.3204
0.3073
0.3141
0.3234
0.3093
0.3086
0.30820000000000003
0.8929
0.315
0.2821
0.2622
0.25760000000000005
0.2917
0.37629999999999997
0.4246
2.2753
3.7721999999999998
3.7667
1.0004
0.14300000000000002
0.08929999999999999
0.0919
0.11249999999999999
0.1632
0.178
0.1399
0.11230000000000001
0.0763
0.0552
0.0458
0.0511
0.0432
0.0485
0.051500000000000004
0.105
0.1192
0.1423
0.17120000000000002
0.175
0.8429
0.7376
1.6021999999999998
0.5816
0.7972
1.1614
0.7232000000000001
0.5654
0.3201
0.6752
0.6561
0.358
0.49039999999999995
0.7152000000000001
0.1676
0.0378
0.0353
0.044399999999999995
0.0588
0.1852
0.13779999999999998
0.0282
0.0505
0.0138
0.0806
0.0771
0.0769
0.0769
0.0721
0.0592
0.0503
0.0346
0.0064
0.0537
0.0494
0.0516
0.0502
0.0451
0.057300000000000004
0.0556
0.0528
0.0402
0.075
0.0742
0.1127
0.0999
0.08810000000000001
0.0813
3.7597
3.492
3.1412
0.9609
0.0
0.0129
0.0162
0.020499999999999997
0.0225
0.0282
0.0347
0.025599999999999998
0.0361
0.0449
0.044399999999999995
0.036500000000000005
0.0379
0.0347
0.013
0.0276
0.2841
0.5295
0.4234
3.1703
0.2661
0.4981
0.6397999999999999
0.4114
0.24159999999999998
0.1316
0.0884
0.1691
0.1735
0.1133
0.0596
0.056499999999999995
0.0421
0.0424
0.0254
0.017599999999999998
0.0098
0.0065
0.1072
0.067
0.0732
0.067
0.1849
4.064
0.0563
0.0528
0.0599
0.061799999999999994
0.0606
0.055600000000000004
0.0822
0.08149999999999999
0.0083
0.027700000000000002
0.032
0.036000000000000004
0.042300000000000004
0.0456
0.0462
0.0456
0.033100000000000004
0.030400000000000003
0.0149
0.044
0.0464
0.046200000000000005
0.0508
0.0527
2.6576
5.0949
5.383
3.4938000000000002
0.4481
0.505
0.3469
0.32730000000000004
0.3127
0.3204
0.3073
0.3141
0.3234
0.3093
0.3086
0.30820000000000003
0.8929
0.315
0.2821
0.2622
0.25760000000000005
0.2917
0.37629999999999997
0.4246
2.2753
3.7721999999999998
3.7667
1.0004
0.14300000000000002
0.08929999999999999
0.0919
0.11249999999999999
0.1632
0.178
0.1399
0.11230000000000001
0.0763
0.0552
0.0458
0.0511
0.0432
0.0485
0.051500000000000004
0.105
0.1192
0.1423
0.17120000000000002
0.175
0.826
0.37370000000000003
0.2769
0.1509
0.060700000000000004
0.0426
0.0417
0.049100000000000005
0.0393
0.0528
0.0503
0.0475
0.0414
0.0324
0.032200000000000006
0.0361
0.039
0.06770000000000001
0.039099999999999996
0.0319
0.0316
0.033100000000000004
0.0588
1.3047
0.9990000000000001
0.5365
2.1141
0.683
0.9388
0.9420999999999999
1.7304
0.7377
3.5917000000000003
0.5985
1.0774
0.6555
0.5261
0.3768
0.2126
0.13069999999999998
0.0647
0.0
0.21000000000000002
0.5622
0.309
0.0
0.0
0.0
0.0884
0.14150000000000001
0.1279
0.10389999999999999
0.0935
0.2881
0.2827
0.0969
0.0036
0.09570000000000001
0.06
0.0921
0.095
0.0945
0.1753
0.0215
0.0
0.009999999999999998
0.0027
0.012299999999999998
0.0
0.0
0.0
0.0
0.0
0.0
0.0003
0.0068
0.0141
0.012799999999999999
0.0586
0.15910000000000002
1.1125
0.2571
0.4254
0.7556
0.2994
0.0564
0.0091
0.0
0.0
0.0
0.0
0.5054
0.10239999999999999
0.12669999999999998
0.0284
0.0
6.4534
5.6844
3.0894000000000004
0.4336
0.0098
0.0216
0.0445
0.047
0.032100000000000004
0.0235
0.0271
0.0398
0.027
0.024900000000000002
0.0
0.0045
0.0072
0.0108
0.0097
0.0092
0.0014
0.023899999999999998
0.018
3.7861
4.6346
4.9617
5.4208
3.8207
0.22449999999999998
0.1903
0.2793
0.7511
0.5472
0.274
0.203
0.2049
0.2057
0.2031
0.20450000000000002
0.2974
1.2582
1.8706999999999998
0.7873
0.7314
0.7074
0.9244
1.2307000000000001
1.1641
3.2827
5.8739
5.7358
3.4616
0.3597
0.1421
0.15400000000000003
0.18430000000000002
0.2518
0.29069999999999996
0.4339
0.4926
0.16299999999999998
0.13290000000000002
0.1207
0.1444
0.1498
0.1867
0.5194
0.4309
0.3709
0.3052
0.24059999999999998
0.17570000000000002
0.826
0.37370000000000003
0.2769
0.1509
0.060700000000000004
0.0426
0.0417
0.049100000000000005
0.0393
0.0528
0.0503
0.0475
0.0414
0.0324
0.032200000000000006
0.0361
0.039
0.06770000000000001
0.039099999999999996
0.0319
0.0316
0.033100000000000004
0.0588
1.3047
0.9990000000000001
0.5365
2.1141
0.683
0.9388
0.9420999999999999
1.7304
0.7377
3.5917000000000003
0.5985
1.0774
0.6555
0.5261
0.3768
0.2126
0.13069999999999998
0.0647
0.0
0.21000000000000002
0.5622
0.309
0.0
0.0
0.0
0.0884
0.14150000000000001
0.1279
0.10389999999999999
0.0935
0.2881
0.2827
0.0969
0.0036
0.09570000000000001
0.06
0.0921
0.095
0.0945
0.1753
0.0215
0.0
0.009999999999999998
0.0027
0.012299999999999998
0.0
0.0
0.0
0.0
0.0
0.0
0.0003
0.0068
0.0141
0.012799999999999999
0.0586
0.15910000000000002
1.1125
0.2571
0.4254
0.7556
0.2994
0.0564
0.0091
0.0
0.0
0.0
0.0
0.5054
0.10239999999999999
0.12669999999999998
0.0284
0.0
6.4534
5.6844
3.0894000000000004
0.4336
0.0098
0.0216
0.0445
0.047
0.032100000000000004
0.0235
0.0271
0.0398
0.027
0.024900000000000002
0.0
0.0045
0.0072
0.0108
0.0097
0.0092
0.0014
0.023899999999999998
0.018
3.7861
4.6346
4.9617
5.4208
3.8207
0.22449999999999998
0.1903
0.2793
0.7511
0.5472
0.274
0.203
0.2049
0.2057
0.2031
0.20450000000000002
0.2974
1.2582
1.8706999999999998
0.7873
0.7314
0.7074
0.9244
1.2307000000000001
1.1641
3.2827
5.8739
5.7358
3.4616
0.3597
0.1421
0.15400000000000003
0.18430000000000002
0.2518
0.29069999999999996
0.4339
0.4926
0.16299999999999998
0.13290000000000002
0.1207
0.1444
0.1498
0.1867
0.5194
0.4309
0.3709
0.3052
0.24059999999999998
0.17570000000000002
0.826
0.37370000000000003
0.2769
0.1509
0.060700000000000004
0.0426
0.0417
0.049100000000000005
0.0393
0.0528
0.0503
0.0475
0.0414
0.0324
0.032200000000000006
0.0361
0.039
0.06770000000000001
0.039099999999999996
0.0319
0.0316
0.033100000000000004
0.0588
1.3047
0.9990000000000001
0.5365
2.1141
0.683
0.9388
0.9420999999999999
1.7304
0.7377
3.5917000000000003
0.5985
1.0774
0.6555
0.5261
0.3768
0.2126
0.13069999999999998
0.0647
0.0
0.21000000000000002
0.5622
0.309
0.0
0.0
0.0
0.0884
0.14150000000000001
0.1279
0.10389999999999999
0.0935
0.2881
0.2827
0.0969
0.0036
0.09570000000000001
0.06
0.0921
0.095
0.0945
0.1753
0.0215
0.0
0.009999999999999998
0.0027
0.012299999999999998
0.0
0.0
0.0
0.0
0.0
0.0
0.0003
0.0068
0.0141
0.012799999999999999
0.0586
0.15910000000000002
1.1125
0.2571
0.4254
0.7556
0.2994
0.0564
0.0091
0.0
0.0
0.0
0.0
0.5054
0.10239999999999999
0.12669999999999998
0.0284
0.0
6.4534
5.6844
3.0894000000000004
0.4336
0.0098
0.0216
0.0445
0.047
0.032100000000000004
0.0235
0.0271
0.0398
0.027
0.024900000000000002
0.0
0.0045
0.0072
0.0108
0.0097
0.0092
0.0014
0.023899999999999998
0.018
3.7861
4.6346
4.9617
5.4208
3.8207
0.22449999999999998
0.1903
0.2793
0.7511
0.5472
0.274
0.203
0.2049
0.2057
0.2031
0.20450000000000002
0.2974
1.2582
1.8706999999999998
0.7873
0.7314
0.7074
0.9244
1.2307000000000001
1.1641
3.2827
5.8739
5.7358
3.4616
0.3597
0.1421
0.15400000000000003
0.18430000000000002
0.2518
0.29069999999999996
0.4339
0.4926
0.16299999999999998
0.13290000000000002
0.1207
0.1444
0.1498
0.1867
0.5194
0.4309
0.3709
0.3052
0.24059999999999998
0.17570000000000002
0.826
0.37370000000000003
0.2769
0.1509
0.060700000000000004
0.0426
0.0417
0.049100000000000005
0.0393
0.0528
0.0503
0.0475
0.0414
0.0324
0.032200000000000006
0.0361
0.039
0.06770000000000001
0.039099999999999996
0.0319
0.0316
0.033100000000000004
0.0588
1.3047
0.9990000000000001
0.5365
2.1141
0.683
0.9388
0.9420999999999999
1.7304
0.7377
3.5917000000000003
0.5985
1.0774
0.6555
0.5261
0.3768
0.2126
0.13069999999999998
0.0647
0.0
0.21000000000000002
0.5622
0.309
0.0
0.0
0.0
0.0884
0.14150000000000001
0.1279
0.10389999999999999
0.0935
0.2881
0.2827
0.0969
0.0036
0.09570000000000001
0.06
0.0921
0.095
0.0945
0.1753
0.0215
0.0
0.009999999999999998
0.0027
0.012299999999999998
0.0
0.0
0.0
0.0
0.0
0.0
0.0003
0.0068
0.0141
0.012799999999999999
0.0586
0.15910000000000002
1.1125
0.2571
0.4254
0.7556
0.2994
0.0564
0.0091
0.0
0.0
0.0
0.0
0.5054
0.10239999999999999
0.12669999999999998
0.0284
0.0
6.4534
5.6844
3.0894000000000004
0.4336
0.0098
0.0216
0.0445
0.047
0.032100000000000004
0.0235
0.0271
0.0398
0.027
0.024900000000000002
0.0
0.0045
0.0072
0.0108
0.0097
0.0092
0.0014
0.023899999999999998
0.018
3.7861
4.6346
4.9617
5.4208
3.8207
0.22449999999999998
0.1903
0.2793
0.7511
0.5472
0.274
0.203
0.2049
0.2057
0.2031
0.20450000000000002
0.2974
1.2582
1.8706999999999998
0.7873
0.7314
0.7074
0.9244
1.2307000000000001
1.1641
3.2827
5.8739
5.7358
3.4616
0.3597
0.1421
0.15400000000000003
0.18430000000000002
0.2518
0.29069999999999996
0.4339
0.4926
0.16299999999999998
0.13290000000000002
0.1207
0.1444
0.1498
0.1867
0.5194
0.4309
0.3709
0.3052
0.24059999999999998
0.17570000000000002
0.826
0.37370000000000003
0.2769
0.1509
0.060700000000000004
0.0426
0.0417
0.049100000000000005
0.0393
0.0528
0.0503
0.0475
0.0414
0.0324
0.032200000000000006
0.0361
0.039
0.06770000000000001
0.039099999999999996
0.0319
0.0316
0.033100000000000004
0.0588
1.3047
0.9990000000000001
0.5365
2.1141
0.683
0.9388
0.9420999999999999
1.7304
0.7377
3.5917000000000003
0.5985
1.0774
0.6555
0.5261
0.3768
0.2126
0.13069999999999998
0.0647
0.0
0.21000000000000002
0.5622
0.309
0.0
0.0
0.0
3.0583
3.2828
3.2706999999999997
3.4198
0.49639999999999995
0.12940000000000002
0.13369999999999999
0.022
0.030900000000000004
0.0421
0.0493
0.027
0.017099999999999997
0.0297
0.0305
0.0245
0.0043
0.0
0.010599999999999998
0.125
0.36560000000000004
0.36350000000000005
0.0889
1.4829
0.2319
1.2348
1.7513999999999998
2.0149
2.1257
2.5202999999999998
3.2127
0.1319
0.0921
0.1383
0.1304
0.22010000000000002
0.6581
1.1909999999999998
1.0471
0.3963
0.4548
0.6545000000000001
0.7948999999999999
0.627
0.4518
0.43479999999999996
0.37729999999999997
0.3827
0.0518
0.9672
0.0318
0.2618
0.1258
0.1169
0.19340000000000002
0.05
0.0185
0.0126
0.0034999999999999996
0.0
0.0253
0.0227
0.0104
2.2258
0.0156
0.1056
0.2377
0.2353
0.0212
0.0
0.0
0.0127
5.2324
1.1808
0.8074
0.41090000000000004
0.0607
0.048799999999999996
0.0979
0.1747
0.16620000000000001
0.0751
0.053000000000000005
0.023
0.020200000000000003
0.0207
0.0327
0.019
0.0005
0.0297
0.057300000000000004
0.1461
0.2238
0.216
0.21239999999999998
2.0604999999999998
0.1936
0.1976
0.19219999999999998
0.19690000000000002
0.1951
0.253
0.5811999999999999
0.5357
0.3164
0.21239999999999998
0.5945
0.1624
0.11599999999999999
0.1315
0.1898
1.2610000000000001
0.48019999999999996
1.383
0.9544
0.1838
0.281
0.2775
0.28800000000000003
0.25980000000000003
0.0011
0.0121
0.043
0.0107
0.0
0.0122
0.0865
0.1484
0.1777
0.2843
0.4245
0.7435
1.1755
2.3318
0.44320000000000004
0.1742
0.9815
0.8766
1.763
1.1453
0.0244
0.0
0.0
0.0
0.4797
0.4588
0.4313
0.4339
0.4214
0.4389
1.6349999999999998
1.1622
0.4692
0.19090000000000001
0.13929999999999998
0.10450000000000001
0.09989999999999999
0.1148
0.1406
0.4436
0.4692
0.5905
0.8155
1.2082000000000002
0.7032
0.5807
0.5382
0.5395
3.0583
3.2828
3.2706999999999997
3.4198
0.49639999999999995
0.12940000000000002
0.13369999999999999
0.022
0.030900000000000004
0.0421
0.0493
0.027
0.017099999999999997
0.0297
0.0305
0.0245
0.0043
0.0
0.010599999999999998
0.125
0.36560000000000004
0.36350000000000005
0.0889
1.4829
0.2319
1.2348
1.7513999999999998
2.0149
2.1257
2.5202999999999998
3.2127
0.1319
0.0921
0.1383
0.1304
0.22010000000000002
0.6581
1.1909999999999998
1.0471
0.3963
0.4548
0.6545000000000001
0.7948999999999999
0.627
0.4518
0.43479999999999996
0.37729999999999997
0.3827
0.0518
0.9672
0.0318
0.2618
0.1258
0.1169
0.19340000000000002
0.05
0.0185
0.0126
0.0034999999999999996
0.0
0.0253
0.0227
0.0104
2.2258
0.0156
0.1056
0.2377
0.2353
0.0212
0.0
0.0
0.0127
5.2324
1.1808
0.8074
0.41090000000000004
0.0607
0.048799999999999996
0.0979
0.1747
0.16620000000000001
0.0751
0.053000000000000005
0.023
0.020200000000000003
0.0207
0.0327
0.019
0.0005
0.0297
0.057300000000000004
0.1461
0.2238
0.216
0.21239999999999998
2.0604999999999998
0.1936
0.1976
0.19219999999999998
0.19690000000000002
0.1951
0.253
0.5811999999999999
0.5357
0.3164
0.21239999999999998
0.5945
0.1624
0.11599999999999999
0.1315
0.1898
1.2610000000000001
0.48019999999999996
1.383
0.9544
0.1838
0.281
0.2775
0.28800000000000003
0.25980000000000003
0.0011
0.0121
0.043
0.0107
0.0
0.0122
0.0865
0.1484
0.1777
0.2843
0.4245
0.7435
1.1755
2.3318
0.44320000000000004
0.1742
0.9815
0.8766
1.763
1.1453
0.0244
0.0
0.0
0.0
0.4797
0.4588
0.4313
0.4339
0.4214
0.4389
1.6349999999999998
1.1622
0.4692
0.19090000000000001
0.13929999999999998
0.10450000000000001
0.09989999999999999
0.1148
0.1406
0.4436
0.4692
0.5905
0.8155
1.2082000000000002
0.7032
0.5807
0.5382
0.5395
3.0583
3.2828
3.2706999999999997
3.4198
0.49639999999999995
0.12940000000000002
0.13369999999999999
0.022
0.030900000000000004
0.0421
0.0493
0.027
0.017099999999999997
0.0297
0.0305
0.0245
0.0043
0.0
0.010599999999999998
0.125
0.36560000000000004
0.36350000000000005
0.0889
1.4829
0.2319
1.2348
1.7513999999999998
2.0149
2.1257
2.5202999999999998
3.2127
0.1319
0.0921
0.1383
0.1304
0.22010000000000002
0.6581
1.1909999999999998
1.0471
0.3963
0.4548
0.6545000000000001
0.7948999999999999
0.627
0.4518
0.43479999999999996
0.37729999999999997
0.3827
0.0518
0.9672
0.0318
0.2618
0.1258
0.1169
0.19340000000000002
0.05
0.0185
0.0126
0.0034999999999999996
0.0
0.0253
0.0227
0.0104
2.2258
0.0156
0.1056
0.2377
0.2353
0.0212
0.0
0.0
0.0127
5.2324
1.1808
0.8074
0.41090000000000004
0.0607
0.048799999999999996
0.0979
0.1747
0.16620000000000001
0.0751
0.053000000000000005
0.023
0.020200000000000003
0.0207
0.0327
0.019
0.0005
0.0297
0.057300000000000004
0.1461
0.2238
0.216
0.21239999999999998
2.0604999999999998
0.1936
0.1976
0.19219999999999998
0.19690000000000002
0.1951
0.253
0.5811999999999999
0.5357
0.3164
0.21239999999999998
0.5945
0.1624
0.11599999999999999
0.1315
0.1898
1.2610000000000001
0.48019999999999996
1.383
0.9544
0.1838
0.281
0.2775
0.28800000000000003
0.25980000000000003
0.0011
0.0121
0.043
0.0107
0.0
0.0122
0.0865
0.1484
0.1777
0.2843
0.4245
0.7435
1.1755
2.3318
0.44320000000000004
0.1742
0.9815
0.8766
1.763
1.1453
0.0244
0.0
0.0
0.0
0.4797
0.4588
0.4313
0.4339
0.4214
0.4389
1.6349999999999998
1.1622
0.4692
0.19090000000000001
0.13929999999999998
0.10450000000000001
0.09989999999999999
0.1148
0.1406
0.4436
0.4692
0.5905
0.8155
1.2082000000000002
0.7032
0.5807
0.5382
0.5395
3.0583
3.2828
3.2706999999999997
3.4198
0.49639999999999995
0.12940000000000002
0.13369999999999999
0.022
0.030900000000000004
0.0421
0.0493
0.027
0.017099999999999997
0.0297
0.0305
0.0245
0.0043
0.0
0.010599999999999998
0.125
0.36560000000000004
0.36350000000000005
0.0889
1.4829
0.2319
1.2348
1.7513999999999998
2.0149
2.1257
2.5202999999999998
3.2127
0.1319
0.0921
0.1383
0.1304
0.22010000000000002
0.6581
1.1909999999999998
1.0471
0.3963
0.4548
0.6545000000000001
0.7948999999999999
0.627
0.4518
0.43479999999999996
0.37729999999999997
0.3827
0.0518
0.9672
0.0318
0.2618
0.1258
0.1169
0.19340000000000002
0.05
0.0185
0.0126
0.0034999999999999996
0.0
0.0253
0.0227
0.0104
2.2258
0.0156
0.1056
0.2377
0.2353
0.0212
0.0
0.0
0.0127
5.2324
1.1808
0.8074
0.41090000000000004
0.0607
0.048799999999999996
0.0979
0.1747
0.16620000000000001
0.0751
0.053000000000000005
0.023
0.020200000000000003
0.0207
0.0327
0.019
0.0005
0.0297
0.057300000000000004
0.1461
0.2238
0.216
0.21239999999999998
2.0604999999999998
0.1936
0.1976
0.19219999999999998
0.19690000000000002
0.1951
0.253
0.5811999999999999
0.5357
0.3164
0.21239999999999998
0.5945
0.1624
0.11599999999999999
0.1315
0.1898
1.2610000000000001
0.48019999999999996
1.383
0.9544
0.1838
0.281
0.2775
0.28800000000000003
0.25980000000000003
0.0011
0.0121
0.043
0.0107
0.0
0.0122
0.0865
0.1484
0.1777
0.2843
0.4245
0.7435
1.1755
2.3318
0.44320000000000004
0.1742
0.9815
0.8766
1.763
1.1453
0.0244
0.0
0.0
0.0
0.4797
0.4588
0.4313
0.4339
0.4214
0.4389
1.6349999999999998
1.1622
0.4692
0.19090000000000001
0.13929999999999998
0.10450000000000001
0.09989999999999999
0.1148
0.1406
0.4436
0.4692
0.5905
0.8155
1.2082000000000002
0.7032
0.5807
0.5382
0.5395
3.0583
3.2828
3.2706999999999997
3.4198
0.49639999999999995
0.12940000000000002
0.13369999999999999
0.022
0.030900000000000004
0.0421
0.0493
0.027
0.017099999999999997
0.0297
0.0305
0.0245
0.0043
0.0
0.010599999999999998
0.125
0.36560000000000004
0.36350000000000005
0.0889
1.4829
0.2319
1.2348
1.7513999999999998
2.0149
2.1257
2.5202999999999998
3.2127
0.1319
0.0921
0.1383
0.1304
0.22010000000000002
0.6581
1.1909999999999998
1.0471
0.3963
0.4548
0.6545000000000001
0.7948999999999999
0.627
0.4518
0.43479999999999996
0.37729999999999997
0.3827
0.0518
0.9672
0.0318
0.2618
0.1258
0.1169
0.19340000000000002
0.05
0.0185
0.0126
0.0034999999999999996
0.0
0.0253
0.0227
0.0104
2.2258
0.0156
0.1056
0.2377
0.2353
0.0212
0.0
0.0
0.0127
0.0712
3.6664000000000003
4.9254
4.7088
2.7603999999999997
1.1582000000000001
0.18030000000000002
0.0293
0.0407
0.038
0.0422
0.040400000000000005
0.0253
0.0232
0.0204
0.0207
0.051699999999999996
0.0484
0.051699999999999996
0.0692
0.08960000000000001
0.0923
0.1198
0.089
2.6942000000000004
4.1262
3.9551000000000003
3.6752
3.6723999999999997
3.2344999999999997
0.029
0.0819
0.0911
0.0119
0.0054
0.0
0.185
1.0857
2.4359
2.6969
3.9547999999999996
4.0539
0.5873
0.010700000000000001
0.0597
0.2815
2.5824
1.4598
0.4403
4.6583000000000006
0.7938000000000001
0.9476
0.5844
0.3127
0.18919999999999998
0.1144
0.0784
0.0455
0.0746
0.0817
0.0431
0.0439
0.0516
0.0718
0.1023
0.1124
0.4583
0.5598
0.47319999999999995
0.7928999999999999
2.9276
2.1063
4.4656
4.5313
3.6545
0.32189999999999996
0.3625
0.5277000000000001
0.8402000000000001
0.26990000000000003
0.06359999999999999
0.0289
0.030100000000000002
0.0334
0.0235
0.0143
0.0179
0.0469
0.22870000000000001
2.0159000000000002
1.0787
1.026
1.0763
1.2533
1.2302
0.8889
6.2524999999999995
6.9190000000000005
6.7928
3.7316
0.041999999999999996
0.0088
0.0051
0.0
0.0
0.0176
0.0317
0.0663
0.042300000000000004
0.0523
0.0733
0.0402
0.0171
0.038400000000000004
0.0382
0.012
0.0025
0.0169
0.004399999999999999
0.0
0.135
0.1285
0.1273
0.1301
0.1282
0.12619999999999998
0.1238
0.1393
0.1128
0.1235
0.1074
0.0988
0.10200000000000001
0.0984
0.10389999999999999
0.1122
0.1049
0.1413
0.1331
0.1272
0.12179999999999999
0.1248
0.14250000000000002
0.1493
0.893
0.9219999999999999
0.9017999999999999
0.9092
0.9282
1.2184
0.8983
0.8193
0.5735
1.25
0.4551
0.4734
0.44689999999999996
0.372
0.2778
0.1543
0.5772999999999999
0.10950000000000001
0.06920000000000001
0.041800000000000004
0.0371
0.0953
0.15660000000000002
0.2343
0.0712
3.6664000000000003
4.9254
4.7088
2.7603999999999997
1.1582000000000001
0.18030000000000002
0.0293
0.0407
0.038
0.0422
0.040400000000000005
0.0253
0.0232
0.0204
0.0207
0.051699999999999996
0.0484
0.051699999999999996
0.0692
0.08960000000000001
0.0923
0.1198
0.089
2.6942000000000004
4.1262
3.9551000000000003
3.6752
3.6723999999999997
3.2344999999999997
0.029
0.0819
0.0911
0.0119
0.0054
0.0
0.185
1.0857
2.4359
2.6969
3.9547999999999996
4.0539
0.5873
0.010700000000000001
0.0597
0.2815
2.5824
1.4598
0.4403
4.6583000000000006
0.7938000000000001
0.9476
0.5844
0.3127
0.18919999999999998
0.1144
0.0784
0.0455
0.0746
0.0817
0.0431
0.0439
0.0516
0.0718
0.1023
0.1124
0.4583
0.5598
0.47319999999999995
0.7928999999999999
2.9276
2.1063
4.4656
4.5313
3.6545
0.32189999999999996
0.3625
0.5277000000000001
0.8402000000000001
0.26990000000000003
0.06359999999999999
0.0289
0.030100000000000002
0.0334
0.0235
0.0143
0.0179
0.0469
0.22870000000000001
2.0159000000000002
1.0787
1.026
1.0763
1.2533
1.2302
0.8889
6.2524999999999995
6.9190000000000005
6.7928
3.7316
0.041999999999999996
0.0088
0.0051
0.0
0.0
0.0176
0.0317
0.0663
0.042300000000000004
0.0523
0.0733
0.0402
0.0171
0.038400000000000004
0.0382
0.012
0.0025
0.0169
0.004399999999999999
0.0
0.135
0.1285
0.1273
0.1301
0.1282
0.12619999999999998
0.1238
0.1393
0.1128
0.1235
0.1074
0.0988
0.10200000000000001
0.0984
0.10389999999999999
0.1122
0.1049
0.1413
0.1331
0.1272
0.12179999999999999
0.1248
0.14250000000000002
0.1493
0.893
0.9219999999999999
0.9017999999999999
0.9092
0.9282
1.2184
0.8983
0.8193
0.5735
1.25
0.4551
0.4734
0.44689999999999996
0.372
0.2778
0.1543
0.5772999999999999
0.10950000000000001
0.06920000000000001
0.041800000000000004
0.0371
0.0953
0.15660000000000002
0.2343
0.0712
3.6664000000000003
4.9254
4.7088
2.7603999999999997
1.1582000000000001
0.18030000000000002
0.0293
0.0407
0.038
0.0422
0.040400000000000005
0.0253
0.0232
0.0204
0.0207
0.051699999999999996
0.0484
0.051699999999999996
0.0692
0.08960000000000001
0.0923
0.1198
0.089
2.6942000000000004
4.1262
3.9551000000000003
3.6752
3.6723999999999997
3.2344999999999997
0.029
0.0819
0.0911
0.0119
0.0054
0.0
0.185
1.0857
2.4359
2.6969
3.9547999999999996
4.0539
0.5873
0.010700000000000001
0.0597
0.2815
2.5824
1.4598
0.4403
4.6583000000000006
0.7938000000000001
0.9476
0.5844
0.3127
0.18919999999999998
0.1144
0.0784
0.0455
0.0746
0.0817
0.0431
0.0439
0.0516
0.0718
0.1023
0.1124
0.4583
0.5598
0.47319999999999995
0.7928999999999999
2.9276
2.1063
4.4656
4.5313
3.6545
0.32189999999999996
0.3625
0.5277000000000001
0.8402000000000001
0.26990000000000003
0.06359999999999999
0.0289
0.030100000000000002
0.0334
0.0235
0.0143
0.0179
0.0469
0.22870000000000001
2.0159000000000002
1.0787
1.026
1.0763
1.2533
1.2302
0.8889
6.2524999999999995
6.9190000000000005
6.7928
3.7316
0.041999999999999996
0.0088
0.0051
0.0
0.0
0.0176
0.0317
0.0663
0.042300000000000004
0.0523
0.0733
0.0402
0.0171
0.038400000000000004
0.0382
0.012
0.0025
0.0169
0.004399999999999999
0.0
0.135
0.1285
0.1273
0.1301
0.1282
0.12619999999999998
0.1238
0.1393
0.1128
0.1235
0.1074
0.0988
0.10200000000000001
0.0984
0.10389999999999999
0.1122
0.1049
0.1413
0.1331
0.1272
0.12179999999999999
0.1248
0.14250000000000002
0.1493
0.893
0.9219999999999999
0.9017999999999999
0.9092
0.9282
1.2184
0.8983
0.8193
0.5735
1.25
0.4551
0.4734
0.44689999999999996
0.372
0.2778
0.1543
0.5772999999999999
0.10950000000000001
0.06920000000000001
0.041800000000000004
0.0371
0.0953
0.15660000000000002
0.2343
0.0712
3.6664000000000003
4.9254
4.7088
2.7603999999999997
1.1582000000000001
0.18030000000000002
0.0293
0.0407
0.038
0.0422
0.040400000000000005
0.0253
0.0232
0.0204
0.0207
0.051699999999999996
0.0484
0.051699999999999996
0.0692
0.08960000000000001
0.0923
0.1198
0.089
2.6942000000000004
4.1262
3.9551000000000003
3.6752
3.6723999999999997
3.2344999999999997
0.029
0.0819
0.0911
0.0119
0.0054
0.0
0.185
1.0857
2.4359
2.6969
3.9547999999999996
4.0539
0.5873
0.010700000000000001
0.0597
0.2815
2.5824
1.4598
0.4403
4.6583000000000006
0.7938000000000001
0.9476
0.5844
0.3127
0.18919999999999998
0.1144
0.0784
0.0455
0.0746
0.0817
0.0431
0.0439
0.0516
0.0718
0.1023
0.1124
0.4583
0.5598
0.47319999999999995
0.7928999999999999
2.9276
2.1063
4.4656
4.5313
3.6545
0.32189999999999996
0.3625
0.5277000000000001
0.8402000000000001
0.26990000000000003
0.06359999999999999
0.0289
0.030100000000000002
0.0334
0.0235
0.0143
0.0179
0.0469
0.22870000000000001
2.0159000000000002
1.0787
1.026
1.0763
1.2533
1.2302
0.8889
6.2524999999999995
6.9190000000000005
6.7928
3.7316
0.041999999999999996
0.0088
0.0051
0.0
0.0
0.0176
0.0317
0.0663
0.042300000000000004
0.0523
0.0733
0.0402
0.0171
0.038400000000000004
0.0382
0.012
0.0025
0.0169
0.004399999999999999
0.0
0.135
0.1285
0.1273
0.1301
0.1282
0.12619999999999998
0.1238
0.1393
0.1128
0.1235
0.1074
0.0988
0.10200000000000001
0.0984
0.10389999999999999
0.1122
0.1049
0.1413
0.1331
0.1272
0.12179999999999999
0.1248
0.14250000000000002
0.1493
0.893
0.9219999999999999
0.9017999999999999
0.9092
0.9282
1.2184
0.8983
0.8193
0.5735
1.25
0.4551
0.4734
0.44689999999999996
0.372
0.2778
0.1543
0.5772999999999999
0.10950000000000001
0.06920000000000001
0.041800000000000004
0.0371
0.0953
0.15660000000000002
0.2343
0.0712
3.6664000000000003
4.9254
4.7088
2.7603999999999997
1.1582000000000001
0.18030000000000002
0.0293
0.0407
0.038
0.0422
0.040400000000000005
0.0253
0.0232
0.0204
0.0207
0.051699999999999996
0.0484
0.051699999999999996
0.0692
0.08960000000000001
0.0923
0.1198
0.089
2.6942000000000004
4.1262
3.9551000000000003
3.6752
3.6723999999999997
3.2344999999999997
0.029
0.0819
0.0911
0.0119
0.0054
0.0
0.185
1.0857
2.4359
2.6969
3.9547999999999996
4.0539
0.5873
0.010700000000000001
0.0597
0.2815
2.5824
1.4598
3.5986000000000002
4.3878
4.668
3.1924
0.13840000000000002
0.055099999999999996
0.0566
0.0532
0.0401
0.0332
0.042800000000000005
0.041499999999999995
0.0402
0.0329
0.0375
0.5414
0.8397000000000001
0.8280000000000001
1.588
2.0538
1.2846
0.7047
0.4595
0.7244
0.6394
2.3082
3.6496000000000004
1.6271
0.8189
0.6507000000000001
0.6856
0.6667000000000001
0.2934
0.12060000000000001
0.0693
0.0524
0.0713
0.07020000000000001
0.10619999999999999
1.1329
0.5204
0.7612000000000001
0.949
1.0004
0.8577
0.7578
0.6671
0.6996
0.01
0.0212
0.0173
0.029500000000000002
0.0373
0.0188
0.0101
0.022799999999999997
1.5713
0.8303
0.1224
0.0819
0.0524
0.057300000000000004
0.9969
0.5767
0.6999
0.6214999999999999
0.7082999999999999
0.5206
0.2019
0.0455
0.0291
0.029900000000000003
0.1286
0.18309999999999998
0.1578
0.08349999999999999
0.087
0.18380000000000002
1.0807
0.8986
0.9361999999999999
0.7212000000000001
0.6462
0.46619999999999995
0.5423
0.6824
1.113
1.0871
1.4552
0.4195
0.5625
1.4361000000000002
1.0915
0.1103
0.0
0.018
5.6695
5.152200000000001
4.772
0.5166999999999999
0.1137
0.1699
1.1432
0.8546
0.1369
0.20500000000000002
0.2074
0.21610000000000001
0.2177
0.1837
0.23020000000000002
0.5863
0.3454
0.3562
0.4274
0.5977
0.5539000000000001
0.2832
0.1577
2.3683
3.0212000000000003
4.2486
4.1459
3.5080999999999998
1.1638
0.5042
0.47509999999999997
0.32599999999999996
0.1819
0.1049
0.0893
0.0816
0.08979999999999999
0.09179999999999999
0.12240000000000001
0.22920000000000001
0.476
2.0761000000000003
1.7983
1.27
1.0079
0.9188000000000001
0.8896
0.9229
0.5562
0.6276999999999999
4.7325
3.5475000000000003
0.4194
0.4592
0.536
0.6164000000000001
0.5769
0.5749
0.5864
0.5826
0.5309
1.2763
1.1683
0.4004
0.2798
0.2113
0.19540000000000002
0.1711
0.19390000000000002
0.2028
0.2061
0.2149
3.5986000000000002
4.3878
4.668
3.1924
0.13840000000000002
0.055099999999999996
0.0566
0.0532
0.0401
0.0332
0.042800000000000005
0.041499999999999995
0.0402
0.0329
0.0375
0.5414
0.8397000000000001
0.8280000000000001
1.588
2.0538
1.2846
0.7047
0.4595
0.7244
0.6394
2.3082
3.6496000000000004
1.6271
0.8189
0.6507000000000001
0.6856
0.6667000000000001
0.2934
0.12060000000000001
0.0693
0.0524
0.0713
0.07020000000000001
0.10619999999999999
1.1329
0.5204
0.7612000000000001
0.949
1.0004
0.8577
0.7578
0.6671
0.6996
0.01
0.0212
0.0173
0.029500000000000002
0.0373
0.0188
0.0101
0.022799999999999997
1.5713
0.8303
0.1224
0.0819
0.0524
0.057300000000000004
0.9969
0.5767
0.6999
0.6214999999999999
0.7082999999999999
0.5206
0.2019
0.0455
0.0291
0.029900000000000003
0.1286
0.18309999999999998
0.1578
0.08349999999999999
0.087
0.18380000000000002
1.0807
0.8986
0.9361999999999999
0.7212000000000001
0.6462
0.46619999999999995
0.5423
0.6824
1.113
1.0871
1.4552
0.4195
0.5625
1.4361000000000002
1.0915
0.1103
0.0
0.018
5.6695
5.152200000000001
4.772
0.5166999999999999
0.1137
0.1699
1.1432
0.8546
0.1369
0.20500000000000002
0.2074
0.21610000000000001
0.2177
0.1837
0.23020000000000002
0.5863
0.3454
0.3562
0.4274
0.5977
0.5539000000000001
0.2832
0.1577
2.3683
3.0212000000000003
4.2486
4.1459
3.5080999999999998
1.1638
0.5042
0.47509999999999997
0.32599999999999996
0.1819
0.1049
0.0893
0.0816
0.08979999999999999
0.09179999999999999
0.12240000000000001
0.22920000000000001
0.476
2.0761000000000003
1.7983
1.27
1.0079
0.9188000000000001
0.8896
0.9229
0.5562
0.6276999999999999
4.7325
3.5475000000000003
0.4194
0.4592
0.536
0.6164000000000001
0.5769
0.5749
0.5864
0.5826
0.5309
1.2763
1.1683
0.4004
0.2798
0.2113
0.19540000000000002
0.1711
0.19390000000000002
0.2028
0.2061
0.2149
3.5986000000000002
4.3878
4.668
3.1924
0.13840000000000002
0.055099999999999996
0.0566
0.0532
0.0401
0.0332
0.042800000000000005
0.041499999999999995
0.0402
0.0329
0.0375
0.5414
0.8397000000000001
0.8280000000000001
1.588
2.0538
1.2846
0.7047
0.4595
0.7244
0.6394
2.3082
3.6496000000000004
1.6271
0.8189
0.6507000000000001
0.6856
0.6667000000000001
0.2934
0.12060000000000001
0.0693
0.0524
0.0713
0.07020000000000001
0.10619999999999999
1.1329
0.5204
0.7612000000000001
0.949
1.0004
0.8577
0.7578
0.6671
0.6996
0.01
0.0212
0.0173
0.029500000000000002
0.0373
0.0188
0.0101
0.022799999999999997
1.5713
0.8303
0.1224
0.0819
0.0524
0.057300000000000004
0.9969
0.5767
0.6999
0.6214999999999999
0.7082999999999999
0.5206
0.2019
0.0455
0.0291
0.029900000000000003
0.1286
0.18309999999999998
0.1578
0.08349999999999999
0.087
0.18380000000000002
1.0807
0.8986
0.9361999999999999
0.7212000000000001
0.6462
0.46619999999999995
0.5423
0.6824
1.113
1.0871
1.4552
0.4195
0.5625
1.4361000000000002
1.0915
0.1103
0.0
0.018
5.6695
5.152200000000001
4.772
0.5166999999999999
0.1137
0.1699
1.1432
0.8546
0.1369
0.20500000000000002
0.2074
0.21610000000000001
0.2177
0.1837
0.23020000000000002
0.5863
0.3454
0.3562
0.4274
0.5977
0.5539000000000001
0.2832
0.1577
2.3683
3.0212000000000003
4.2486
4.1459
3.5080999999999998
1.1638
0.5042
0.47509999999999997
0.32599999999999996
0.1819
0.1049
0.0893
0.0816
0.08979999999999999
0.09179999999999999
0.12240000000000001
0.22920000000000001
0.476
2.0761000000000003
1.7983
1.27
1.0079
0.9188000000000001
0.8896
0.9229
0.5562
0.6276999999999999
4.7325
3.5475000000000003
0.4194
0.4592
0.536
0.6164000000000001
0.5769
0.5749
0.5864
0.5826
0.5309
1.2763
1.1683
0.4004
0.2798
0.2113
0.19540000000000002
0.1711
0.19390000000000002
0.2028
0.2061
0.2149
3.5986000000000002
4.3878
4.668
3.1924
0.13840000000000002
0.055099999999999996
0.0566
0.0532
0.0401
0.0332
0.042800000000000005
0.041499999999999995
0.0402
0.0329
0.0375
0.5414
0.8397000000000001
0.8280000000000001
1.588
2.0538
1.2846
0.7047
0.4595
0.7244
0.6394
2.3082
3.6496000000000004
1.6271
0.8189
0.6507000000000001
0.6856
0.6667000000000001
0.2934
0.12060000000000001
0.0693
0.0524
0.0713
0.07020000000000001
0.10619999999999999
1.1329
0.5204
0.7612000000000001
0.949
1.0004
0.8577
0.7578
0.6671
0.6996
0.01
0.0212
0.0173
0.029500000000000002
0.0373
0.0188
0.0101
0.022799999999999997
1.5713
0.8303
0.1224
0.0819
0.0524
0.057300000000000004
0.9969
0.5767
0.6999
0.6214999999999999
0.7082999999999999
0.5206
0.2019
0.0455
0.0291
0.029900000000000003
0.1286
0.18309999999999998
0.1578
0.08349999999999999
0.087
0.18380000000000002
1.0807
0.8986
0.9361999999999999
0.7212000000000001
0.6462
0.46619999999999995
0.5423
0.6824
1.113
1.0871
1.4552
0.4195
0.5625
1.4361000000000002
1.0915
0.1103
0.0
0.018
5.6695
5.152200000000001
4.772
0.5166999999999999
0.1137
0.1699
1.1432
0.8546
0.1369
0.20500000000000002
0.2074
0.21610000000000001
0.2177
0.1837
0.23020000000000002
0.5863
0.3454
0.3562
0.4274
0.5977
0.5539000000000001
0.2832
0.1577
2.3683
3.0212000000000003
4.2486
4.1459
3.5080999999999998
1.1638
0.5042
0.47509999999999997
0.32599999999999996
0.1819
0.1049
0.0893
0.0816
0.08979999999999999
0.09179999999999999
0.12240000000000001
0.22920000000000001
0.476
2.0761000000000003
1.7983
1.27
1.0079
0.9188000000000001
0.8896
0.9229
0.5562
0.6276999999999999
4.7325
3.5475000000000003
0.4194
0.4592
0.536
0.6164000000000001
0.5769
0.5749
0.5864
0.5826
0.5309
1.2763
1.1683
0.4004
0.2798
0.2113
0.19540000000000002
0.1711
0.19390000000000002
0.2028
0.2061
0.2149
3.5986000000000002
4.3878
4.668
3.1924
0.13840000000000002
0.055099999999999996
0.0566
0.0532
0.0401
0.0332
0.042800000000000005
0.041499999999999995
0.0402
0.0329
0.0375
0.5414
0.8397000000000001
0.8280000000000001
1.588
2.0538
1.2846
0.7047
0.4595
0.7244
0.6394
2.3082
3.6496000000000004
1.6271
0.8189
0.6507000000000001
0.6856
0.6667000000000001
0.2934
0.12060000000000001
0.0693
0.0524
0.0713
0.07020000000000001
0.10619999999999999
1.1329
0.5204
0.7612000000000001
0.949
1.0004
0.8577
0.7578
0.6671
0.6996
0.01
0.0212
0.0173
0.029500000000000002
0.0373
0.0188
0.0101
0.022799999999999997
1.5713
0.8303
0.1224
0.0819
0.0524
0.057300000000000004
0.9969
0.5767
0.6999
0.6214999999999999
0.7082999999999999
0.5206
0.2019
0.0455
0.0291
0.029900000000000003
