0.1325
0.1259
0.1265
0.1252
0.1154
0.0974
0.0869
0.0769
0.143
0.0358
0.024
0.0212
0.0217
0.0238
0.0279
0.0377
0.0518
0.15039999999999998
0.16720000000000002
0.21760000000000002
0.2469
0.2107
0.16770000000000002
0.1498
0.3247
1.0544
0.9948999999999999
1.1654
0.297
0.1432
0.1309
0.3003
0.9818
1.1503999999999999
0.8836
0.0277
0.0872
0.0905
0.1251
0.1723
0.2476
0.3145
0.3438
0.4053
0.3473
0.3599
0.7541
0.9325
0.0113
0.0014
0.0088
0.0
0.0013
0.057
0.5085
0.7077
0.7179
0.5477
0.33940000000000003
0.269
0.507
1.5515
0.4494
0.3479
0.9213
0.6499999999999999
0.4479
0.7713
1.4515
0.1225
0.0315
0.0
0.6396999999999999
0.6551
0.3598
0.33330000000000004
0.3335
0.41769999999999996
0.4353
0.4171
0.2908
0.1778
0.14350000000000002
0.4065
0.19920000000000002
0.0675
0.0949
0.0743
0.0954
0.1401
0.2702
0.8374
0.3218
0.45330000000000004
0.9372
0.9529000000000001
0.754
0.29700000000000004
3.1117999999999997
0.1863
0.0
0.0032
0.043800000000000006
0.0494
0.0781
0.12210000000000001
0.1235
0.08979999999999999
0.1179
0.09759999999999999
0.10540000000000001
0.0925
0.049
0.0351
0.0694
0.0505
0.0274
0.0344
0.0114
0.0
0.048799999999999996
0.09179999999999999
0.0775
0.0647
0.1116
0.1416
1.0952000000000002
1.1209
0.5666
0.4273
2.16
0.5869
0.5843
1.1397
0.7949999999999999
0.3563
0.2319
0.1878
0.1627
0.923
1.3866
0.0338
0.0
0.0
5.2095
5.7451
3.6271
0.8229
0.2745
0.12419999999999999
0.1052
0.0998
0.0775
0.051699999999999996
0.046299999999999994
0.0268
0.023100000000000002
0.024
0.0265
0.0273
0.0169
0.0060999999999999995
0.0307
0.2485
0.6991
0.6972
0.5554
0.444
0.1325
0.1259
0.1265
0.1252
0.1154
0.0974
0.0869
0.0769
0.143
0.0358
0.024
0.0212
0.0217
0.0238
0.0279
0.0377
0.0518
0.15039999999999998
0.16720000000000002
0.21760000000000002
0.2469
0.2107
0.16770000000000002
0.1498
0.3247
1.0544
0.9948999999999999
1.1654
0.297
0.1432
0.1309
0.3003
0.9818
1.1503999999999999
0.8836
0.0277
0.0872
0.0905
0.1251
0.1723
0.2476
0.3145
0.3438
0.4053
0.3473
0.3599
0.7541
0.9325
0.0113
0.0014
0.0088
0.0
0.0013
0.057
0.5085
0.7077
0.7179
0.5477
0.33940000000000003
0.269
0.507
1.5515
0.4494
0.3479
0.9213
0.6499999999999999
0.4479
0.7713
1.4515
0.1225
0.0315
0.0
0.6396999999999999
0.6551
0.3598
0.33330000000000004
0.3335
0.41769999999999996
0.4353
0.4171
0.2908
0.1778
0.14350000000000002
0.4065
0.19920000000000002
0.0675
0.0949
0.0743
0.0954
0.1401
0.2702
0.8374
0.3218
0.45330000000000004
0.9372
0.9529000000000001
0.754
0.29700000000000004
3.1117999999999997
0.1863
0.0
0.0032
0.043800000000000006
0.0494
0.0781
0.12210000000000001
0.1235
0.08979999999999999
0.1179
0.09759999999999999
0.10540000000000001
0.0925
0.049
0.0351
0.0694
0.0505
0.0274
0.0344
0.0114
0.0
0.048799999999999996
0.09179999999999999
0.0775
0.0647
0.1116
0.1416
1.0952000000000002
1.1209
0.5666
0.4273
2.16
0.5869
0.5843
1.1397
0.7949999999999999
0.3563
0.2319
0.1878
0.1627
0.923
1.3866
0.0338
0.0
0.0
5.2095
5.7451
3.6271
0.8229
0.2745
0.12419999999999999
0.1052
0.0998
0.0775
0.051699999999999996
0.046299999999999994
0.0268
0.023100000000000002
0.024
0.0265
0.0273
0.0169
0.0060999999999999995
0.0307
0.2485
0.6991
0.6972
0.5554
0.444
0.1325
0.1259
0.1265
0.1252
0.1154
0.0974
0.0869
0.0769
0.143
0.0358
0.024
0.0212
0.0217
0.0238
0.0279
0.0377
0.0518
0.15039999999999998
0.16720000000000002
0.21760000000000002
0.2469
0.2107
0.16770000000000002
0.1498
0.3247
1.0544
0.9948999999999999
1.1654
0.297
0.1432
0.1309
0.3003
0.9818
1.1503999999999999
0.8836
0.0277
0.0872
0.0905
0.1251
0.1723
0.2476
0.3145
0.3438
0.4053
0.3473
0.3599
0.7541
0.9325
0.0113
0.0014
0.0088
0.0
0.0013
0.057
0.5085
0.7077
0.7179
0.5477
0.33940000000000003
0.269
0.507
1.5515
0.4494
0.3479
0.9213
0.6499999999999999
0.4479
0.7713
1.4515
0.1225
0.0315
0.0
0.6396999999999999
0.6551
0.3598
0.33330000000000004
0.3335
0.41769999999999996
0.4353
0.4171
0.2908
0.1778
0.14350000000000002
0.4065
0.19920000000000002
0.0675
0.0949
0.0743
0.0954
0.1401
0.2702
0.8374
0.3218
0.45330000000000004
0.9372
0.9529000000000001
0.754
0.29700000000000004
3.1117999999999997
0.1863
0.0
0.0032
0.043800000000000006
0.0494
0.0781
0.12210000000000001
0.1235
0.08979999999999999
0.1179
0.09759999999999999
0.10540000000000001
0.0925
0.049
0.0351
0.0694
0.0505
0.0274
0.0344
0.0114
0.0
0.048799999999999996
0.09179999999999999
0.0775
0.0647
0.1116
0.1416
1.0952000000000002
1.1209
0.5666
0.4273
2.16
0.5869
0.5843
1.1397
0.7949999999999999
0.3563
0.2319
0.1878
0.1627
0.923
1.3866
0.0338
0.0
0.0
5.2095
5.7451
3.6271
0.8229
0.2745
0.12419999999999999
0.1052
0.0998
0.0775
0.051699999999999996
0.046299999999999994
0.0268
0.023100000000000002
0.024
0.0265
0.0273
0.0169
0.0060999999999999995
0.0307
0.2485
0.6991
0.6972
0.5554
0.444
0.1325
0.1259
0.1265
0.1252
0.1154
0.0974
0.0869
0.0769
0.143
0.0358
0.024
0.0212
0.0217
0.0238
0.0279
0.0377
0.0518
0.15039999999999998
0.16720000000000002
0.21760000000000002
0.2469
0.2107
0.16770000000000002
0.1498
0.3247
1.0544
0.9948999999999999
1.1654
0.297
0.1432
0.1309
0.3003
0.9818
1.1503999999999999
0.8836
0.0277
0.0872
0.0905
0.1251
0.1723
0.2476
0.3145
0.3438
0.4053
0.3473
0.3599
0.7541
0.9325
0.0113
0.0014
0.0088
0.0
0.0013
0.057
0.5085
0.7077
0.7179
0.5477
0.33940000000000003
0.269
0.507
1.5515
0.4494
0.3479
0.9213
0.6499999999999999
0.4479
0.7713
1.4515
0.1225
0.0315
0.0
0.6396999999999999
0.6551
0.3598
0.33330000000000004
0.3335
0.41769999999999996
0.4353
0.4171
0.2908
0.1778
0.14350000000000002
0.4065
0.19920000000000002
0.0675
0.0949
0.0743
0.0954
0.1401
0.2702
0.8374
0.3218
0.45330000000000004
0.9372
0.9529000000000001
0.754
0.29700000000000004
3.1117999999999997
0.1863
0.0
0.0032
0.043800000000000006
0.0494
0.0781
0.12210000000000001
0.1235
0.08979999999999999
0.1179
0.09759999999999999
0.10540000000000001
0.0925
0.049
0.0351
0.0694
0.0505
0.0274
0.0344
0.0114
0.0
0.048799999999999996
0.09179999999999999
0.0775
0.0647
0.1116
0.1416
1.0952000000000002
1.1209
0.5666
0.4273
2.16
0.5869
0.5843
1.1397
0.7949999999999999
0.3563
0.2319
0.1878
0.1627
0.923
1.3866
0.0338
0.0
0.0
5.2095
5.7451
3.6271
0.8229
0.2745
0.12419999999999999
0.1052
0.0998
0.0775
0.051699999999999996
0.046299999999999994
0.0268
0.023100000000000002
0.024
0.0265
0.0273
0.0169
0.0060999999999999995
0.0307
0.2485
0.6991
0.6972
0.5554
0.444
0.1325
0.1259
0.1265
0.1252
0.1154
0.0974
0.0869
0.0769
0.143
0.0358
0.024
0.0212
0.0217
0.0238
0.0279
0.0377
0.0518
0.15039999999999998
0.16720000000000002
0.21760000000000002
0.2469
0.2107
0.16770000000000002
0.1498
0.3247
1.0544
0.9948999999999999
1.1654
0.297
0.1432
0.1309
0.3003
0.9818
1.1503999999999999
0.8836
0.0277
0.0872
0.0905
0.1251
0.1723
0.2476
0.3145
0.3438
0.4053
0.3473
0.3599
0.7541
0.9325
0.0113
0.0014
0.0088
0.0
0.0013
0.057
0.5085
0.7077
0.7179
0.5477
0.33940000000000003
0.269
0.507
1.5515
0.4494
0.3479
0.9213
0.6499999999999999
0.4479
0.7713
1.4515
0.1225
0.0315
0.0
0.9684999999999999
2.0356
3.2416
1.5567000000000002
0.1786
0.10869999999999999
0.195
0.38939999999999997
0.1339
0.1334
0.7645000000000001
0.0721
0.0097
0.0309
0.0183
0.035
0.0349
0.0373
0.034
0.0755
0.074
0.07919999999999999
0.058800000000000005
0.0423
1.3309
0.7163999999999999
0.8479
0.8461
0.7745
0.6273
0.2813
0.15899999999999997
0.1293
0.14429999999999998
0.1263
0.1496
0.1521
0.1416
0.15839999999999999
0.5272
2.1282
0.30479999999999996
0.22299999999999998
0.1882
0.1697
0.1549
0.18369999999999997
1.7166
1.6362999999999999
0.5583
0.4589
0.9873000000000001
1.3045
1.7257
0.8784000000000001
1.0278
0.3438
0.2399
0.4666
0.4619
0.2976
0.22089999999999999
0.1305
0.2243
0.471
0.0382
0.0
0.0219
0.0
0.0
0.0
0.0
5.1108
5.1168
5.1948
3.0189
0.40159999999999996
0.5889
0.7937000000000001
0.33630000000000004
0.15589999999999998
0.10289999999999999
0.10250000000000001
0.082
0.08979999999999999
0.0711
0.0674
0.07919999999999999
0.1423
0.28900000000000003
1.3364
2.1656
1.7987
1.3669
0.6938
5.228800000000001
7.0507
5.9615
5.1734
2.3196000000000003
0.0383
0.0364
0.0479
0.0916
0.12830000000000003
0.09720000000000001
0.06559999999999999
0.0449
0.026000000000000002
0.0267
0.0278
0.073
0.1995
0.31920000000000004
0.4211
0.6503
1.8492
1.9804
1.9943
1.4441000000000002
0.24789999999999998
0.2397
0.2217
0.2
0.2012
0.2056
0.2109
0.2137
0.2591
0.2781
0.27480000000000004
0.2692
0.2365
0.48339999999999994
0.6534
0.0976
1.2741
0.1355
0.1703
0.1765
0.1853
0.2764
0.35309999999999997
0.647
2.0943
3.4984
3.5366999999999997
3.6754
3.8733
1.9360000000000002
0.0
0.0
0.0581
0.08
0.07
0.0406
0.046
0.0669
1.2747
0.8052
0.0339
0.0052
0.0
0.0338
0.034699999999999995
0.0025
0.0
0.0151
0.9684999999999999
2.0356
3.2416
1.5567000000000002
0.1786
0.10869999999999999
0.195
0.38939999999999997
0.1339
0.1334
0.7645000000000001
0.0721
0.0097
0.0309
0.0183
0.035
0.0349
0.0373
0.034
0.0755
0.074
0.07919999999999999
0.058800000000000005
0.0423
1.3309
0.7163999999999999
0.8479
0.8461
0.7745
0.6273
0.2813
0.15899999999999997
0.1293
0.14429999999999998
0.1263
0.1496
0.1521
0.1416
0.15839999999999999
0.5272
2.1282
0.30479999999999996
0.22299999999999998
0.1882
0.1697
0.1549
0.18369999999999997
1.7166
1.6362999999999999
0.5583
0.4589
0.9873000000000001
1.3045
1.7257
0.8784000000000001
1.0278
0.3438
0.2399
0.4666
0.4619
0.2976
0.22089999999999999
0.1305
0.2243
0.471
0.0382
0.0
0.0219
0.0
0.0
0.0
0.0
5.1108
5.1168
5.1948
3.0189
0.40159999999999996
0.5889
0.7937000000000001
0.33630000000000004
0.15589999999999998
0.10289999999999999
0.10250000000000001
0.082
0.08979999999999999
0.0711
0.0674
0.07919999999999999
0.1423
0.28900000000000003
1.3364
2.1656
1.7987
1.3669
0.6938
5.228800000000001
7.0507
5.9615
5.1734
2.3196000000000003
0.0383
0.0364
0.0479
0.0916
0.12830000000000003
0.09720000000000001
0.06559999999999999
0.0449
0.026000000000000002
0.0267
0.0278
0.073
0.1995
0.31920000000000004
0.4211
0.6503
1.8492
1.9804
1.9943
1.4441000000000002
0.24789999999999998
0.2397
0.2217
0.2
0.2012
0.2056
0.2109
0.2137
0.2591
0.2781
0.27480000000000004
0.2692
0.2365
0.48339999999999994
0.6534
0.0976
1.2741
0.1355
0.1703
0.1765
0.1853
0.2764
0.35309999999999997
0.647
2.0943
3.4984
3.5366999999999997
3.6754
3.8733
1.9360000000000002
0.0
0.0
0.0581
0.08
0.07
0.0406
0.046
0.0669
1.2747
0.8052
0.0339
0.0052
0.0
0.0338
0.034699999999999995
0.0025
0.0
0.0151
0.9684999999999999
2.0356
3.2416
1.5567000000000002
0.1786
0.10869999999999999
0.195
0.38939999999999997
0.1339
0.1334
0.7645000000000001
0.0721
0.0097
0.0309
0.0183
0.035
0.0349
0.0373
0.034
0.0755
0.074
0.07919999999999999
0.058800000000000005
0.0423
1.3309
0.7163999999999999
0.8479
0.8461
0.7745
0.6273
0.2813
0.15899999999999997
0.1293
0.14429999999999998
0.1263
0.1496
0.1521
0.1416
0.15839999999999999
0.5272
2.1282
0.30479999999999996
0.22299999999999998
0.1882
0.1697
0.1549
0.18369999999999997
1.7166
1.6362999999999999
0.5583
0.4589
0.9873000000000001
1.3045
1.7257
0.8784000000000001
1.0278
0.3438
0.2399
0.4666
0.4619
0.2976
0.22089999999999999
0.1305
0.2243
0.471
0.0382
0.0
0.0219
0.0
0.0
0.0
0.0
5.1108
5.1168
5.1948
3.0189
0.40159999999999996
0.5889
0.7937000000000001
0.33630000000000004
0.15589999999999998
0.10289999999999999
0.10250000000000001
0.082
0.08979999999999999
0.0711
0.0674
0.07919999999999999
0.1423
0.28900000000000003
1.3364
2.1656
1.7987
1.3669
0.6938
5.228800000000001
7.0507
5.9615
5.1734
2.3196000000000003
0.0383
0.0364
0.0479
0.0916
0.12830000000000003
0.09720000000000001
0.06559999999999999
0.0449
0.026000000000000002
0.0267
0.0278
0.073
0.1995
0.31920000000000004
0.4211
0.6503
1.8492
1.9804
1.9943
1.4441000000000002
0.24789999999999998
0.2397
0.2217
0.2
0.2012
0.2056
0.2109
0.2137
0.2591
0.2781
0.27480000000000004
0.2692
0.2365
0.48339999999999994
0.6534
0.0976
1.2741
0.1355
0.1703
0.1765
0.1853
0.2764
0.35309999999999997
0.647
2.0943
3.4984
3.5366999999999997
3.6754
3.8733
1.9360000000000002
0.0
0.0
0.0581
0.08
0.07
0.0406
0.046
0.0669
1.2747
0.8052
0.0339
0.0052
0.0
0.0338
0.034699999999999995
0.0025
0.0
0.0151
0.9684999999999999
2.0356
3.2416
1.5567000000000002
0.1786
0.10869999999999999
0.195
0.38939999999999997
0.1339
0.1334
0.7645000000000001
0.0721
0.0097
0.0309
0.0183
0.035
0.0349
0.0373
0.034
0.0755
0.074
0.07919999999999999
0.058800000000000005
0.0423
1.3309
0.7163999999999999
0.8479
0.8461
0.7745
0.6273
0.2813
0.15899999999999997
0.1293
0.14429999999999998
0.1263
0.1496
0.1521
0.1416
0.15839999999999999
0.5272
2.1282
0.30479999999999996
0.22299999999999998
0.1882
0.1697
0.1549
0.18369999999999997
1.7166
1.6362999999999999
0.5583
0.4589
0.9873000000000001
1.3045
1.7257
0.8784000000000001
1.0278
0.3438
0.2399
0.4666
0.4619
0.2976
0.22089999999999999
0.1305
0.2243
0.471
0.0382
0.0
0.0219
0.0
0.0
0.0
0.0
5.1108
5.1168
5.1948
3.0189
0.40159999999999996
0.5889
0.7937000000000001
0.33630000000000004
0.15589999999999998
0.10289999999999999
0.10250000000000001
0.082
0.08979999999999999
0.0711
0.0674
0.07919999999999999
0.1423
0.28900000000000003
1.3364
2.1656
1.7987
1.3669
0.6938
5.228800000000001
7.0507
5.9615
5.1734
2.3196000000000003
0.0383
0.0364
0.0479
0.0916
0.12830000000000003
0.09720000000000001
0.06559999999999999
0.0449
0.026000000000000002
0.0267
0.0278
0.073
0.1995
0.31920000000000004
0.4211
0.6503
1.8492
1.9804
1.9943
1.4441000000000002
0.24789999999999998
0.2397
0.2217
0.2
0.2012
0.2056
0.2109
0.2137
0.2591
0.2781
0.27480000000000004
0.2692
0.2365
0.48339999999999994
0.6534
0.0976
1.2741
0.1355
0.1703
0.1765
0.1853
0.2764
0.35309999999999997
0.647
2.0943
3.4984
3.5366999999999997
3.6754
3.8733
1.9360000000000002
0.0
0.0
0.0581
0.08
0.07
0.0406
0.046
0.0669
1.2747
0.8052
0.0339
0.0052
0.0
0.0338
0.034699999999999995
0.0025
0.0
0.0151
0.1134
0.1072
0.1027
0.1042
0.0974
0.0821
0.061399999999999996
0.3253
0.22210000000000002
0.098
0.08499999999999999
0.08
0.0738
0.0587
0.0653
0.077
0.0863
0.1217
0.1507
0.21289999999999998
0.2169
0.18730000000000002
0.16260000000000002
0.1416
0.0
0.0
0.0
0.0
0.0
0.0
0.0
0.0142
0.0407
0.0
0.0102
0.060899999999999996
0.0467
1.8387
3.0535
0.0475
0.0453
0.0546
1.2814
0.3705
0.24130000000000001
0.0
0.0
0.0
1.0473000000000001
1.4464000000000001
1.4922
0.665
0.5498000000000001
0.6226
0.6832
0.6103000000000001
0.5441
0.5351
0.5331
0.5498
0.5912999999999999
0.6454
0.812
0.8876
1.1747
2.5581
0.7846
0.7323
0.7531
0.9047000000000001
1.3599
1.097
0.4801
0.3487
0.3181
0.3261
0.2281
0.1866
0.0998
0.0498
0.0118
0.0334
0.0496
0.1782
0.0945
0.7659
0.14989999999999998
0.0282
0.020399999999999998
0.111
0.5539
0.1058
0.06420000000000001
0.09559999999999999
0.1444
0.18769999999999998
6.1872
6.901999999999999
5.978
0.973
0.1216
0.0076
0.0174
0.034100000000000005
0.0246
0.0403
0.0524
0.0416
0.0381
0.033
0.0288
0.0222
0.016399999999999998
0.0
0.0374
0.2731
0.1653
0.3375
0.4967
0.5066
0.0417
0.0377
0.0347
0.0406
0.033299999999999996
0.0155
0.0
0.49360000000000004
0.1067
0.0387
0.07780000000000001
0.11180000000000001
0.0807
0.0317
0.022699999999999998
0.0085
0.0314
0.0237
0.0038
0.011
0.0158
0.0068000000000000005
0.0174
0.0267
0.0308
0.041499999999999995
0.0434
0.059899999999999995
0.0759
0.0771
0.1498
0.5765
2.2086
0.9263
0.2041
0.1664
0.1478
1.8512000000000002
1.9569
0.4708
0.37070000000000003
0.3936
0.6155999999999999
0.6481
0.1404
0.0046
0.0048
0.0119
0.1134
0.1072
0.1027
0.1042
0.0974
0.0821
0.061399999999999996
0.3253
0.22210000000000002
0.098
0.08499999999999999
0.08
0.0738
0.0587
0.0653
0.077
0.0863
0.1217
0.1507
0.21289999999999998
0.2169
0.18730000000000002
0.16260000000000002
0.1416
0.0
0.0
0.0
0.0
0.0
0.0
0.0
0.0142
0.0407
0.0
0.0102
0.060899999999999996
0.0467
1.8387
3.0535
0.0475
0.0453
0.0546
1.2814
0.3705
0.24130000000000001
0.0
0.0
0.0
1.0473000000000001
1.4464000000000001
1.4922
0.665
0.5498000000000001
0.6226
0.6832
0.6103000000000001
0.5441
0.5351
0.5331
0.5498
0.5912999999999999
0.6454
0.812
0.8876
1.1747
2.5581
0.7846
0.7323
0.7531
0.9047000000000001
1.3599
1.097
0.4801
0.3487
0.3181
0.3261
0.2281
0.1866
0.0998
0.0498
0.0118
0.0334
0.0496
0.1782
0.0945
0.7659
0.14989999999999998
0.0282
0.020399999999999998
0.111
0.5539
0.1058
0.06420000000000001
0.09559999999999999
0.1444
0.18769999999999998
6.1872
6.901999999999999
5.978
0.973
0.1216
0.0076
0.0174
0.034100000000000005
0.0246
0.0403
0.0524
0.0416
0.0381
0.033
0.0288
0.0222
0.016399999999999998
0.0
0.0374
0.2731
0.1653
0.3375
0.4967
0.5066
0.0417
0.0377
0.0347
0.0406
0.033299999999999996
0.0155
0.0
0.49360000000000004
0.1067
0.0387
0.07780000000000001
0.11180000000000001
0.0807
0.0317
0.022699999999999998
0.0085
0.0314
0.0237
0.0038
0.011
0.0158
0.0068000000000000005
0.0174
0.0267
0.0308
0.041499999999999995
0.0434
0.059899999999999995
0.0759
0.0771
0.1498
0.5765
2.2086
0.9263
0.2041
0.1664
0.1478
1.8512000000000002
1.9569
0.4708
0.37070000000000003
0.3936
0.6155999999999999
0.6481
0.1404
0.0046
0.0048
0.0119
0.1134
0.1072
0.1027
0.1042
0.0974
0.0821
0.061399999999999996
0.3253
0.22210000000000002
0.098
0.08499999999999999
0.08
0.0738
0.0587
0.0653
0.077
0.0863
0.1217
0.1507
0.21289999999999998
0.2169
0.18730000000000002
0.16260000000000002
0.1416
0.0
0.0
0.0
0.0
0.0
0.0
0.0
0.0142
0.0407
0.0
0.0102
0.060899999999999996
0.0467
1.8387
3.0535
0.0475
0.0453
0.0546
1.2814
0.3705
0.24130000000000001
0.0
0.0
0.0
1.0473000000000001
1.4464000000000001
1.4922
0.665
0.5498000000000001
0.6226
0.6832
0.6103000000000001
0.5441
0.5351
0.5331
0.5498
0.5912999999999999
0.6454
0.812
0.8876
1.1747
2.5581
0.7846
0.7323
0.7531
0.9047000000000001
1.3599
1.097
0.4801
0.3487
0.3181
0.3261
0.2281
0.1866
0.0998
0.0498
0.0118
0.0334
0.0496
0.1782
0.0945
0.7659
0.14989999999999998
0.0282
0.020399999999999998
0.111
0.5539
0.1058
0.06420000000000001
0.09559999999999999
0.1444
0.18769999999999998
6.1872
6.901999999999999
5.978
0.973
0.1216
0.0076
0.0174
0.034100000000000005
0.0246
0.0403
0.0524
0.0416
0.0381
0.033
0.0288
0.0222
0.016399999999999998
0.0
0.0374
0.2731
0.1653
0.3375
0.4967
0.5066
0.0417
0.0377
0.0347
0.0406
0.033299999999999996
0.0155
0.0
0.49360000000000004
0.1067
0.0387
0.07780000000000001
0.11180000000000001
0.0807
0.0317
0.022699999999999998
0.0085
0.0314
0.0237
0.0038
0.011
0.0158
0.0068000000000000005
0.0174
0.0267
0.0308
0.041499999999999995
0.0434
0.059899999999999995
0.0759
0.0771
0.1498
0.5765
2.2086
0.9263
0.2041
0.1664
0.1478
1.8512000000000002
1.9569
0.4708
0.37070000000000003
0.3936
0.6155999999999999
0.6481
0.1404
0.0046
0.0048
0.0119
0.1134
0.1072
0.1027
0.1042
0.0974
0.0821
0.061399999999999996
0.3253
0.22210000000000002
0.098
0.08499999999999999
0.08
0.0738
0.0587
0.0653
0.077
0.0863
0.1217
0.1507
0.21289999999999998
0.2169
0.18730000000000002
0.16260000000000002
0.1416
0.0
0.0
0.0
0.0
0.0
0.0
0.0
0.0142
0.0407
0.0
0.0102
0.060899999999999996
0.0467
1.8387
3.0535
0.0475
0.0453
0.0546
1.2814
0.3705
0.24130000000000001
0.0
0.0
0.0
1.0473000000000001
1.4464000000000001
1.4922
0.665
0.5498000000000001
0.6226
0.6832
0.6103000000000001
0.5441
0.5351
0.5331
0.5498
0.5912999999999999
0.6454
0.812
0.8876
1.1747
2.5581
0.7846
0.7323
0.7531
0.9047000000000001
1.3599
1.097
0.4801
0.3487
0.3181
0.3261
0.2281
0.1866
0.0998
0.0498
0.0118
0.0334
0.0496
0.1782
0.0945
0.7659
0.14989999999999998
0.0282
0.020399999999999998
0.111
0.5539
0.1058
0.06420000000000001
0.09559999999999999
0.1444
0.18769999999999998
6.1872
6.901999999999999
5.978
0.973
0.1216
0.0076
0.0174
0.034100000000000005
0.0246
0.0403
0.0524
0.0416
0.0381
0.033
0.0288
0.0222
0.016399999999999998
0.0
0.0374
0.2731
0.1653
0.3375
0.4967
0.5066
0.0417
0.0377
0.0347
0.0406
0.033299999999999996
0.0155
0.0
0.49360000000000004
0.1067
0.0387
0.07780000000000001
0.11180000000000001
0.0807
0.0317
0.022699999999999998
0.0085
0.0314
0.0237
0.0038
0.011
0.0158
0.0068000000000000005
0.0174
0.0267
0.0308
0.041499999999999995
0.0434
0.059899999999999995
0.0759
0.0771
0.1498
0.5765
2.2086
0.9263
0.2041
0.1664
0.1478
1.8512000000000002
1.9569
0.4708
0.37070000000000003
0.3936
0.6155999999999999
0.6481
0.1404
0.0046
0.0048
0.0119
0.1134
0.1072
0.1027
0.1042
0.0974
0.0821
0.061399999999999996
0.3253
0.22210000000000002
0.098
0.08499999999999999
0.08
0.0738
0.0587
0.0653
0.077
0.0863
0.1217
0.1507
0.21289999999999998
0.2169
0.18730000000000002
0.16260000000000002
0.1416
0.0
0.0
0.0
0.0
0.0
0.0
0.0
0.0142
0.0407
0.0
0.0102
0.060899999999999996
0.0467
1.8387
3.0535
0.0475
0.0453
0.0546
1.2814
0.3705
0.24130000000000001
0.0
0.0
0.0
1.0473000000000001
1.4464000000000001
1.4922
0.665
0.5498000000000001
0.6226
0.6832
0.6103000000000001
0.5441
0.5351
0.5331
0.5498
0.5912999999999999
0.6454
0.812
0.8876
1.1747
2.5581
0.7846
0.7323
0.7531
0.9047000000000001
1.3599
1.097
1.9224999999999999
2.0058000000000002
2.0083
0.5231
0.49019999999999997
0.6833
1.087
0.20479999999999998
0.07400000000000001
0.0672
0.0569
0.048299999999999996
0.052000000000000005
0.0407
0.0656
0.0877
0.16
0.35209999999999997
0.5527
0.6625000000000001
0.6902999999999999
0.736
1.5341
3.0418000000000003
3.8292
3.8144
3.1734
0.7152000000000001
0.9681
0.5307000000000001
0.0747
0.0183
0.0207
0.0274
0.034
0.021400000000000002
0.0288
0.0258
0.0308
0.0283
0.033299999999999996
0.018799999999999997
0.0055
0.4981
0.2232
0.37739999999999996
0.8498
0.5851999999999999
1.2965
1.5276
1.4889000000000001
1.5187
1.4902
0.9459
0.0115
0.243
0.4159
0.10690000000000001
0.0099
0.0024
0.0
0.0
0.0
0.06870000000000001
0.33199999999999996
0.3484
0.6247
0.9101
0.5298
0.3981
0.3751
1.3453
0.0
1.8637000000000001
2.1322
2.3202
2.2824999999999998
1.9081000000000001
0.1372
0.0040999999999999995
0.0422
0.07769999999999999
0.0849
0.0605
0.0864
0.0416
0.5209
0.36900000000000005
0.0034
0.0
0.06459999999999999
1.5655999999999999
0.0
0.0
0.0
0.0
0.2432
0.1972
0.203
0.1639
1.6623999999999999
0.0449
1.9087999999999998
0.23609999999999998
0.3319
0.3381
0.3783
0.46530000000000005
0.4386
0.34909999999999997
0.23199999999999998
0.2229
0.1606
0.5738
0.1965
0.2257
0.0819
0.0
0.0076
0.0271
0.1908
0.182
0.1782
0.17830000000000001
0.163
0.1382
0.0886
0.4931
0.0536
0.07
0.0464
0.043300000000000005
0.038000000000000006
0.0327
0.0443
0.0574
0.061200000000000004
0.46130000000000004
0.2059
0.18869999999999998
0.24109999999999998
0.24630000000000002
0.2701
0.2369
0.4275
0.3899
0.3184
0.2713
0.21960000000000002
0.1499
0.0631
0.0413
0.0529
0.0435
0.0509
0.057300000000000004
0.052700000000000004
0.045899999999999996
0.0527
0.0456
0.1061
0.6743
0.8427
1.0967
0.9721
0.6708000000000001
0.5634
2.9562
1.9224999999999999
2.0058000000000002
2.0083
0.5231
0.49019999999999997
0.6833
1.087
0.20479999999999998
0.07400000000000001
0.0672
0.0569
0.048299999999999996
0.052000000000000005
0.0407
0.0656
0.0877
0.16
0.35209999999999997
0.5527
0.6625000000000001
0.6902999999999999
0.736
1.5341
3.0418000000000003
3.8292
3.8144
3.1734
0.7152000000000001
0.9681
0.5307000000000001
0.0747
0.0183
0.0207
0.0274
0.034
0.021400000000000002
0.0288
0.0258
0.0308
0.0283
0.033299999999999996
0.018799999999999997
0.0055
0.4981
0.2232
0.37739999999999996
0.8498
0.5851999999999999
1.2965
1.5276
1.4889000000000001
1.5187
1.4902
0.9459
0.0115
0.243
0.4159
0.10690000000000001
0.0099
0.0024
0.0
0.0
0.0
0.06870000000000001
0.33199999999999996
0.3484
0.6247
0.9101
0.5298
0.3981
0.3751
1.3453
0.0
1.8637000000000001
2.1322
2.3202
2.2824999999999998
1.9081000000000001
0.1372
0.0040999999999999995
0.0422
0.07769999999999999
0.0849
0.0605
0.0864
0.0416
0.5209
0.36900000000000005
0.0034
0.0
0.06459999999999999
1.5655999999999999
0.0
0.0
0.0
0.0
0.2432
0.1972
0.203
0.1639
1.6623999999999999
0.0449
1.9087999999999998
0.23609999999999998
0.3319
0.3381
0.3783
0.46530000000000005
0.4386
0.34909999999999997
0.23199999999999998
0.2229
0.1606
0.5738
0.1965
0.2257
0.0819
0.0
0.0076
0.0271
0.1908
0.182
0.1782
0.17830000000000001
0.163
0.1382
0.0886
0.4931
0.0536
0.07
0.0464
0.043300000000000005
0.038000000000000006
0.0327
0.0443
0.0574
0.061200000000000004
0.46130000000000004
0.2059
0.18869999999999998
0.24109999999999998
0.24630000000000002
0.2701
0.2369
0.4275
0.3899
0.3184
0.2713
0.21960000000000002
0.1499
0.0631
0.0413
0.0529
0.0435
0.0509
0.057300000000000004
0.052700000000000004
0.045899999999999996
0.0527
0.0456
0.1061
0.6743
0.8427
1.0967
0.9721
0.6708000000000001
0.5634
2.9562
1.9224999999999999
2.0058000000000002
2.0083
0.5231
0.49019999999999997
0.6833
1.087
0.20479999999999998
0.07400000000000001
0.0672
0.0569
0.048299999999999996
0.052000000000000005
0.0407
0.0656
0.0877
0.16
0.35209999999999997
0.5527
0.6625000000000001
0.6902999999999999
0.736
1.5341
3.0418000000000003
3.8292
3.8144
3.1734
0.7152000000000001
0.9681
0.5307000000000001
0.0747
0.0183
0.0207
0.0274
0.034
0.021400000000000002
0.0288
0.0258
0.0308
0.0283
0.033299999999999996
0.018799999999999997
0.0055
0.4981
0.2232
0.37739999999999996
0.8498
0.5851999999999999
1.2965
1.5276
1.4889000000000001
1.5187
1.4902
0.9459
0.0115
0.243
0.4159
0.10690000000000001
0.0099
0.0024
0.0
0.0
0.0
0.06870000000000001
0.33199999999999996
0.3484
0.6247
0.9101
0.5298
0.3981
0.3751
1.3453
0.0
1.8637000000000001
2.1322
2.3202
2.2824999999999998
1.9081000000000001
0.1372
0.0040999999999999995
0.0422
0.07769999999999999
0.0849
0.0605
0.0864
0.0416
0.5209
0.36900000000000005
0.0034
0.0
0.06459999999999999
1.5655999999999999
0.0
0.0
0.0
0.0
0.2432
0.1972
0.203
0.1639
1.6623999999999999
0.0449
1.9087999999999998
0.23609999999999998
0.3319
0.3381
0.3783
0.46530000000000005
0.4386
0.34909999999999997
0.23199999999999998
0.2229
0.1606
0.5738
0.1965
0.2257
0.0819
0.0
0.0076
0.0271
0.1908
0.182
0.1782
0.17830000000000001
0.163
0.1382
0.0886
0.4931
0.0536
0.07
0.0464
0.043300000000000005
0.038000000000000006
0.0327
0.0443
0.0574
0.061200000000000004
0.46130000000000004
0.2059
0.18869999999999998
0.24109999999999998
0.24630000000000002
0.2701
0.2369
0.4275
0.3899
0.3184
0.2713
0.21960000000000002
0.1499
0.0631
0.0413
0.0529
0.0435
0.0509
0.057300000000000004
0.052700000000000004
0.045899999999999996
0.0527
0.0456
0.1061
0.6743
0.8427
1.0967
0.9721
0.6708000000000001
0.5634
2.9562
1.9224999999999999
2.0058000000000002
2.0083
0.5231
0.49019999999999997
0.6833
1.087
0.20479999999999998
0.07400000000000001
0.0672
0.0569
0.048299999999999996
0.052000000000000005
0.0407
0.0656
0.0877
0.16
0.35209999999999997
0.5527
0.6625000000000001
0.6902999999999999
0.736
1.5341
3.0418000000000003
3.8292
3.8144
3.1734
0.7152000000000001
0.9681
0.5307000000000001
0.0747
0.0183
0.0207
0.0274
0.034
0.021400000000000002
0.0288
0.0258
0.0308
0.0283
0.033299999999999996
0.018799999999999997
0.0055
0.4981
0.2232
0.37739999999999996
0.8498
0.5851999999999999
1.2965
1.5276
1.4889000000000001
1.5187
1.4902
0.9459
0.0115
0.243
0.4159
0.10690000000000001
0.0099
0.0024
0.0
0.0
0.0
0.06870000000000001
0.33199999999999996
0.3484
0.6247
0.9101
0.5298
0.3981
0.3751
1.3453
0.0
1.8637000000000001
2.1322
2.3202
2.2824999999999998
1.9081000000000001
0.1372
0.0040999999999999995
0.0422
0.07769999999999999
0.0849
0.0605
0.0864
0.0416
0.5209
0.36900000000000005
0.0034
0.0
0.06459999999999999
1.5655999999999999
0.0
0.0
0.0
0.0
0.2432
0.1972
0.203
0.1639
1.6623999999999999
0.0449
1.9087999999999998
0.23609999999999998
0.3319
0.3381
0.3783
0.46530000000000005
0.4386
0.34909999999999997
0.23199999999999998
0.2229
0.1606
0.5738
0.1965
0.2257
0.0819
0.0
0.0076
0.0271
0.1908
0.182
0.1782
0.17830000000000001
0.163
0.1382
0.0886
0.4931
0.0536
0.07
0.0464
0.043300000000000005
0.038000000000000006
0.0327
0.0443
0.0574
0.061200000000000004
0.46130000000000004
0.2059
0.18869999999999998
0.24109999999999998
0.24630000000000002
0.2701
0.2369
0.4275
0.3899
0.3184
0.2713
0.21960000000000002
0.1499
0.0631
0.0413
0.0529
0.0435
0.0509
0.057300000000000004
0.052700000000000004
0.045899999999999996
0.0527
0.0456
0.1061
0.6743
0.8427
1.0967
0.9721
0.6708000000000001
0.5634
2.9562
1.9224999999999999
2.0058000000000002
2.0083
0.5231
0.49019999999999997
0.6833
1.087
0.20479999999999998
0.07400000000000001
0.0672
0.0569
0.048299999999999996
0.052000000000000005
0.0407
0.0656
0.0877
0.16
0.35209999999999997
0.5527
0.6625000000000001
0.6902999999999999
0.736
1.5341
3.0418000000000003
3.8292
3.8144
3.1734
0.7152000000000001
0.9681
0.5307000000000001
0.0747
0.0183
0.0207
0.0274
0.034
0.021400000000000002
0.0288
0.0258
0.0308
0.0283
0.033299999999999996
0.018799999999999997
0.0055
0.4981
0.2232
0.37739999999999996
0.8498
0.5851999999999999
0.0
0.0184
0.0643
0.0656
0.0
0.0
0.12459999999999999
0.6941999999999999
0.154
0.0274
0.0941
0.4264
0.35919999999999996
0.9525999999999999
1.3392
1.0793
1.6966999999999999
0.8130000000000001
0.0
0.0
0.0
0.0
0.0
0.0
0.2109
0.1698
0.1417
0.1283
0.1207
0.086
0.0533
0.054
0.033
0.061399999999999996
0.1636
0.3377
0.1131
0.1011
0.0952
0.7549
0.1773
0.2234
0.2574
0.8279
0.4054
0.3155
0.43879999999999997
1.2926
0.0108
0.06470000000000001
0.0724
0.06509999999999999
0.0437
0.193
0.5244
0.6881999999999999
2.0281
0.28490000000000004
0.059300000000000005
0.154
0.1525
0.2521
0.3871
0.07419999999999999
0.0
1.0589
0.0702
0.14300000000000002
0.0
0.0
0.0
0.0
1.4304
0.8447
1.1423
0.325
0.1634
0.13440000000000002
0.153
0.1761
0.1786
0.1407
0.11560000000000001
0.1599
0.49019999999999997
0.1914
0.1202
0.118
0.1205
0.1494
0.1528
0.159
0.15460000000000002
0.15039999999999998
0.162
2.3994
0.1066
0.103
0.1024
0.1046
0.10400000000000001
0.0973
0.0834
0.0893
0.1265
0.0925
0.0725
0.062
0.0649
0.0639
0.0708
0.0762
0.0868
0.08249999999999999
0.07239999999999999
0.0681
0.0645
0.07350000000000001
0.0964
0.1131
0.8799
0.9066
0.8953
0.6216
0.13269999999999998
0.1419
0.1879
0.367
0.1109
0.0369
0.0413
0.0291
0.0258
0.0222
0.069
0.2289
0.1777
0.2455
0.3343
0.2703
1.3940000000000001
0.2802
0.2641
1.236
0.2945
0.3084
1.1890999999999998
0.3553
0.2103
0.208
0.20629999999999998
0.2187
0.2364
0.2415
0.24670000000000003
0.1991
1.0083
0.2057
0.26380000000000003
0.2808
0.30800000000000005
1.1827999999999999
0.47329999999999994
0.2702
0.28190000000000004
0.317
0.5022
0.6036
0.0
0.0184
0.0643
0.0656
0.0
0.0
0.12459999999999999
0.6941999999999999
0.154
0.0274
0.0941
0.4264
0.35919999999999996
0.9525999999999999
1.3392
1.0793
1.6966999999999999
0.8130000000000001
0.0
0.0
0.0
0.0
0.0
0.0
0.2109
0.1698
0.1417
0.1283
0.1207
0.086
0.0533
0.054
0.033
0.061399999999999996
0.1636
0.3377
0.1131
0.1011
0.0952
0.7549
0.1773
0.2234
0.2574
0.8279
0.4054
0.3155
0.43879999999999997
1.2926
0.0108
0.06470000000000001
0.0724
0.06509999999999999
0.0437
0.193
0.5244
0.6881999999999999
2.0281
0.28490000000000004
0.059300000000000005
0.154
0.1525
0.2521
0.3871
0.07419999999999999
0.0
1.0589
0.0702
0.14300000000000002
0.0
0.0
0.0
0.0
1.4304
0.8447
1.1423
0.325
0.1634
0.13440000000000002
0.153
0.1761
0.1786
0.1407
0.11560000000000001
0.1599
0.49019999999999997
0.1914
0.1202
0.118
0.1205
0.1494
0.1528
0.159
0.15460000000000002
0.15039999999999998
0.162
2.3994
0.1066
0.103
0.1024
0.1046
0.10400000000000001
0.0973
0.0834
0.0893
0.1265
0.0925
0.0725
0.062
0.0649
0.0639
0.0708
0.0762
0.0868
0.08249999999999999
0.07239999999999999
0.0681
0.0645
0.07350000000000001
0.0964
0.1131
0.8799
0.9066
0.8953
0.6216
0.13269999999999998
0.1419
0.1879
0.367
0.1109
0.0369
0.0413
0.0291
0.0258
0.0222
0.069
0.2289
0.1777
0.2455
0.3343
0.2703
1.3940000000000001
0.2802
0.2641
1.236
0.2945
0.3084
1.1890999999999998
0.3553
0.2103
0.208
0.20629999999999998
0.2187
0.2364
0.2415
0.24670000000000003
0.1991
1.0083
0.2057
0.26380000000000003
0.2808
0.30800000000000005
1.1827999999999999
0.47329999999999994
0.2702
0.28190000000000004
0.317
0.5022
0.6036
0.0
0.0184
0.0643
0.0656
0.0
0.0
0.12459999999999999
0.6941999999999999
0.154
0.0274
0.0941
0.4264
0.35919999999999996
0.9525999999999999
1.3392
1.0793
1.6966999999999999
0.8130000000000001
0.0
0.0
0.0
0.0
0.0
0.0
0.2109
0.1698
0.1417
0.1283
0.1207
0.086
0.0533
0.054
0.033
0.061399999999999996
0.1636
0.3377
0.1131
0.1011
0.0952
0.7549
0.1773
0.2234
0.2574
0.8279
0.4054
0.3155
0.43879999999999997
1.2926
0.0108
0.06470000000000001
0.0724
0.06509999999999999
0.0437
0.193
0.5244
0.6881999999999999
2.0281
0.28490000000000004
0.059300000000000005
0.154
0.1525
0.2521
0.3871
0.07419999999999999
0.0
1.0589
0.0702
0.14300000000000002
0.0
0.0
0.0
0.0
1.4304
0.8447
1.1423
0.325
0.1634
0.13440000000000002
0.153
0.1761
0.1786
0.1407
0.11560000000000001
0.1599
0.49019999999999997
0.1914
0.1202
0.118
0.1205
0.1494
0.1528
0.159
0.15460000000000002
0.15039999999999998
0.162
2.3994
0.1066
0.103
0.1024
0.1046
0.10400000000000001
0.0973
0.0834
0.0893
0.1265
0.0925
0.0725
0.062
0.0649
0.0639
0.0708
0.0762
0.0868
0.08249999999999999
0.07239999999999999
0.0681
0.0645
0.07350000000000001
0.0964
0.1131
0.8799
0.9066
0.8953
0.6216
0.13269999999999998
0.1419
0.1879
0.367
0.1109
0.0369
0.0413
0.0291
0.0258
0.0222
0.069
0.2289
0.1777
0.2455
0.3343
0.2703
1.3940000000000001
0.2802
0.2641
1.236
0.2945
0.3084
1.1890999999999998
0.3553
0.2103
0.208
0.20629999999999998
0.2187
0.2364
0.2415
0.24670000000000003
0.1991
1.0083
0.2057
0.26380000000000003
0.2808
0.30800000000000005
1.1827999999999999
0.47329999999999994
0.2702
0.28190000000000004
0.317
0.5022
0.6036
0.0
0.0184
0.0643
0.0656
0.0
0.0
0.12459999999999999
0.6941999999999999
0.154
0.0274
0.0941
0.4264
0.35919999999999996
0.9525999999999999
1.3392
1.0793
1.6966999999999999
0.8130000000000001
0.0
0.0
0.0
0.0
0.0
0.0
0.2109
0.1698
0.1417
0.1283
0.1207
0.086
0.0533
0.054
0.033
0.061399999999999996
0.1636
0.3377
0.1131
0.1011
0.0952
0.7549
0.1773
0.2234
0.2574
0.8279
0.4054
0.3155
0.43879999999999997
1.2926
0.0108
0.06470000000000001
0.0724
0.06509999999999999
0.0437
0.193
0.5244
0.6881999999999999
2.0281
0.28490000000000004
0.059300000000000005
0.154
0.1525
0.2521
0.3871
0.07419999999999999
0.0
1.0589
0.0702
0.14300000000000002
0.0
0.0
0.0
0.0
1.4304
0.8447
1.1423
0.325
0.1634
0.13440000000000002
0.153
0.1761
0.1786
0.1407
0.11560000000000001
0.1599
0.49019999999999997
0.1914
0.1202
0.118
0.1205
0.1494
0.1528
0.159
0.15460000000000002
0.15039999999999998
0.162
2.3994
0.1066
0.103
0.1024
0.1046
0.10400000000000001
0.0973
0.0834
0.0893
0.1265
0.0925
0.0725
0.062
0.0649
0.0639
0.0708
0.0762
0.0868
0.08249999999999999
0.07239999999999999
0.0681
0.0645
0.07350000000000001
0.0964
0.1131
0.8799
0.9066
0.8953
0.6216
0.13269999999999998
0.1419
0.1879
0.367
0.1109
0.0369
0.0413
0.0291
0.0258
0.0222
0.069
0.2289
0.1777
0.2455
0.3343
0.2703
1.3940000000000001
0.2802
0.2641
1.236
0.2945
0.3084
1.1890999999999998
0.3553
0.2103
0.208
0.20629999999999998
0.2187
0.2364
0.2415
0.24670000000000003
0.1991
1.0083
0.2057
0.26380000000000003
0.2808
0.30800000000000005
1.1827999999999999
0.47329999999999994
0.2702
0.28190000000000004
0.317
0.5022
0.6036
0.0
0.0184
0.0643
0.0656
0.0
0.0
0.12459999999999999
0.6941999999999999
0.154
0.0274
0.0941
0.4264
0.35919999999999996
0.9525999999999999
1.3392
1.0793
1.6966999999999999
0.8130000000000001
0.0
0.0
0.0
0.0
0.0
0.0
0.2109
0.1698
0.1417
0.1283
0.1207
0.086
0.0533
0.054
0.033
0.061399999999999996
0.1636
0.3377
0.1131
0.1011
0.0952
0.7549
0.1773
0.2234
0.2574
0.8279
0.4054
0.3155
0.43879999999999997
1.2926
0.0108
0.06470000000000001
0.0724
0.06509999999999999
0.0437
0.193
0.5244
0.6881999999999999
2.0281
0.28490000000000004
0.059300000000000005
0.154
0.1525
0.2521
0.3871
0.07419999999999999
0.0
1.0589
0.0702
0.14300000000000002
0.0
0.0
0.0
0.0
2.1943
2.2721
2.3898
2.556
0.7519
0.315
0.34940000000000004
0.4299
0.45899999999999996
0.48860000000000003
0.5341
1.2865
1.2377
0.3277
0.2616
0.2683
0.2782
0.784
0.3036
0.35150000000000003
0.386
0.42469999999999997
0.5363
2.8773
0.0695
0.0684
0.06770000000000001
0.0695
0.0668
0.0477
0.0381
0.0456
0.049600000000000005
0.0673
0.0419
0.0309
0.0313
0.022
0.0253
0.022699999999999998
0.023600000000000003
0.0286
0.048100000000000004
0.0615
0.05740000000000001
0.0524
0.0636
0.0739
0.022600000000000002
0.022400000000000003
0.0222
0.0194
0.0172
0.023
0.0206
0.023100000000000002
0.0204
0.0221
0.0218
0.0275
0.031
0.027
0.028700000000000003
0.0283
0.031100000000000003
0.0358
0.0204
0.0252
0.0241
0.0179
0.021
0.0237
0.0
0.0
0.0349
3.187
0.3008
0.0143
0.0376
0.0202
0.047
0.016
0.0314
0.0194
0.1429
0.2761
0.0838
0.0
0.0
0.0
0.0
0.0241
0.0
0.0
0.0
0.0
0.0246
0.25229999999999997
0.565
2.2834
2.6559
3.045
3.4267000000000003
0.0718
0.07579999999999999
0.14329999999999998
0.1907
0.1617
0.2016
0.8228
2.5766999999999998
0.21100000000000002
0.055099999999999996
0.192
0.4404
0.3855
0.0281
0.0
0.0
0.0088
3.4084
2.1577
0.5305
2.4937
0.1542
0.08510000000000001
0.0688
0.0577
0.0703
0.0561
0.0279
0.054599999999999996
0.0477
0.074
0.0902
0.0829
0.1007
0.1356
0.1389
0.10869999999999999
0.1091
0.11249999999999999
0.1346
0.2028
0.1416
0.1341
0.1331
0.1353
0.1336
0.1292
0.126
0.1574
0.1253
0.13690000000000002
0.11960000000000001
0.1114
0.11549999999999999
0.1117
0.1194
0.1285
0.1357
0.13069999999999998
0.134
0.1456
0.1461
0.1461
0.1592
0.1602
2.1943
2.2721
2.3898
2.556
0.7519
0.315
0.34940000000000004
0.4299
0.45899999999999996
0.48860000000000003
0.5341
1.2865
1.2377
0.3277
0.2616
0.2683
0.2782
0.784
0.3036
0.35150000000000003
0.386
0.42469999999999997
0.5363
2.8773
0.0695
0.0684
0.06770000000000001
0.0695
0.0668
0.0477
0.0381
0.0456
0.049600000000000005
0.0673
0.0419
0.0309
0.0313
0.022
0.0253
0.022699999999999998
0.023600000000000003
0.0286
0.048100000000000004
0.0615
0.05740000000000001
0.0524
0.0636
0.0739
0.022600000000000002
0.022400000000000003
0.0222
0.0194
0.0172
0.023
0.0206
0.023100000000000002
0.0204
0.0221
0.0218
0.0275
0.031
0.027
0.028700000000000003
0.0283
0.031100000000000003
0.0358
0.0204
0.0252
0.0241
0.0179
0.021
0.0237
0.0
0.0
0.0349
3.187
0.3008
0.0143
0.0376
0.0202
0.047
0.016
0.0314
0.0194
0.1429
0.2761
0.0838
0.0
0.0
0.0
0.0
0.0241
0.0
0.0
0.0
0.0
0.0246
0.25229999999999997
0.565
2.2834
2.6559
3.045
3.4267000000000003
0.0718
0.07579999999999999
0.14329999999999998
0.1907
0.1617
0.2016
0.8228
2.5766999999999998
0.21100000000000002
0.055099999999999996
0.192
0.4404
0.3855
0.0281
0.0
0.0
0.0088
3.4084
2.1577
0.5305
2.4937
0.1542
0.08510000000000001
0.0688
0.0577
0.0703
0.0561
0.0279
0.054599999999999996
0.0477
0.074
0.0902
0.0829
0.1007
0.1356
0.1389
0.10869999999999999
0.1091
0.11249999999999999
0.1346
0.2028
0.1416
0.1341
0.1331
0.1353
0.1336
0.1292
0.126
0.1574
0.1253
0.13690000000000002
0.11960000000000001
0.1114
0.11549999999999999
0.1117
0.1194
0.1285
0.1357
0.13069999999999998
0.134
0.1456
0.1461
0.1461
0.1592
0.1602
2.1943
2.2721
2.3898
2.556
0.7519
0.315
0.34940000000000004
0.4299
0.45899999999999996
0.48860000000000003
0.5341
1.2865
1.2377
0.3277
0.2616
0.2683
0.2782
0.784
0.3036
0.35150000000000003
0.386
0.42469999999999997
0.5363
2.8773
0.0695
0.0684
0.06770000000000001
0.0695
0.0668
0.0477
0.0381
0.0456
0.049600000000000005
0.0673
0.0419
0.0309
0.0313
0.022
0.0253
0.022699999999999998
0.023600000000000003
0.0286
0.048100000000000004
0.0615
0.05740000000000001
0.0524
0.0636
0.0739
0.022600000000000002
0.022400000000000003
0.0222
0.0194
0.0172
0.023
0.0206
0.023100000000000002
0.0204
0.0221
0.0218
0.0275
0.031
0.027
0.028700000000000003
0.0283
0.031100000000000003
0.0358
0.0204
0.0252
0.0241
0.0179
0.021
0.0237
0.0
0.0
0.0349
3.187
0.3008
0.0143
0.0376
0.0202
0.047
0.016
0.0314
0.0194
0.1429
0.2761
0.0838
0.0
0.0
0.0
0.0
0.0241
0.0
0.0
0.0
0.0
0.0246
0.25229999999999997
0.565
2.2834
2.6559
3.045
3.4267000000000003
0.0718
0.07579999999999999
0.14329999999999998
0.1907
0.1617
0.2016
0.8228
2.5766999999999998
0.21100000000000002
0.055099999999999996
0.192
0.4404
0.3855
0.0281
0.0
0.0
0.0088
3.4084
2.1577
0.5305
2.4937
0.1542
0.08510000000000001
0.0688
0.0577
0.0703
0.0561
0.0279
0.054599999999999996
0.0477
0.074
0.0902
0.0829
0.1007
0.1356
0.1389
0.10869999999999999
0.1091
0.11249999999999999
0.1346
0.2028
0.1416
0.1341
0.1331
0.1353
0.1336
0.1292
0.126
0.1574
0.1253
0.13690000000000002
0.11960000000000001
0.1114
0.11549999999999999
0.1117
0.1194
0.1285
0.1357
0.13069999999999998
0.134
0.1456
0.1461
0.1461
0.1592
0.1602
2.1943
2.2721
2.3898
2.556
0.7519
0.315
0.34940000000000004
0.4299
0.45899999999999996
0.48860000000000003
0.5341
1.2865
1.2377
0.3277
0.2616
0.2683
0.2782
0.784
0.3036
0.35150000000000003
0.386
0.42469999999999997
0.5363
2.8773
0.0695
0.0684
0.06770000000000001
0.0695
0.0668
0.0477
0.0381
0.0456
0.049600000000000005
0.0673
0.0419
0.0309
0.0313
0.022
0.0253
0.022699999999999998
0.023600000000000003
0.0286
0.048100000000000004
0.0615
0.05740000000000001
0.0524
0.0636
0.0739
0.022600000000000002
0.022400000000000003
0.0222
0.0194
0.0172
0.023
0.0206
0.023100000000000002
0.0204
0.0221
0.0218
0.0275
0.031
0.027
0.028700000000000003
0.0283
0.031100000000000003
0.0358
0.0204
0.0252
0.0241
0.0179
0.021
0.0237
0.0
0.0
0.0349
3.187
0.3008
0.0143
0.0376
0.0202
0.047
0.016
0.0314
0.0194
0.1429
0.2761
0.0838
0.0
0.0
0.0
0.0
0.0241
0.0
0.0
0.0
0.0
0.0246
0.25229999999999997
0.565
2.2834
2.6559
3.045
3.4267000000000003
0.0718
0.07579999999999999
0.14329999999999998
0.1907
0.1617
0.2016
0.8228
2.5766999999999998
0.21100000000000002
0.055099999999999996
0.192
0.4404
0.3855
0.0281
0.0
0.0
0.0088
3.4084
2.1577
0.5305
2.4937
0.1542
0.08510000000000001
0.0688
0.0577
0.0703
0.0561
0.0279
0.054599999999999996
0.0477
0.074
0.0902
0.0829
0.1007
0.1356
0.1389
0.10869999999999999
0.1091
0.11249999999999999
0.1346
0.2028
0.1416
0.1341
0.1331
0.1353
0.1336
0.1292
0.126
0.1574
0.1253
0.13690000000000002
0.11960000000000001
0.1114
0.11549999999999999
0.1117
0.1194
0.1285
0.1357
0.13069999999999998
0.134
0.1456
0.1461
0.1461
0.1592
0.1602
2.1943
2.2721
2.3898
2.556
0.7519
0.315
0.34940000000000004
0.4299
0.45899999999999996
0.48860000000000003
0.5341
1.2865
1.2377
0.3277
0.2616
0.2683
0.2782
0.784
0.3036
0.35150000000000003
0.386
0.42469999999999997
0.5363
2.8773
0.0695
0.0684
0.06770000000000001
0.0695
0.0668
0.0477
0.0381
0.0456
0.049600000000000005
0.0673
0.0419
0.0309
0.0313
0.022
0.0253
0.022699999999999998
0.023600000000000003
0.0286
0.048100000000000004
0.0615
0.05740000000000001
0.0524
0.0636
0.0739
2.3531
1.4444000000000001
0.1456
0.14150000000000001
0.1304
0.1031
1.4733999999999998
2.5438
1.4569999999999999
0.9048
0.5897
0.5327999999999999
0.48460000000000003
0.476
0.4743
0.6062000000000001
5.2199
2.6759
0.8664000000000001
0.49050000000000005
0.2491
0.07819999999999999
0.052099999999999994
2.7386999999999997
0.0935
0.0887
0.0869
0.0886
0.0862
0.0779
0.0633
0.0669
0.09190000000000001
0.0995
0.0817
0.0827
0.0759
0.0747
0.0775
0.0771
0.06920000000000001
0.08449999999999999
0.0877
0.0725
0.062299999999999994
0.0696
0.10139999999999999
0.1173
1.0465
3.3895
3.6784
2.0502000000000002
0.4998
0.3638
0.0616
0.0098
0.027299999999999998
0.0318
0.0244
0.0258
0.033
0.0401
0.0305
0.021500000000000002
0.0169
0.0051
0.0186
0.051500000000000004
0.0406
0.011
0.0082
0.0261
5.0148
6.3917
5.0145
0.032299999999999995
0.029
0.0153
0.0257
0.0257
0.0724
0.07730000000000001
0.0658
0.0349
0.028
0.0237
0.014100000000000001
0.0248
0.0146
0.2086
0.0937
0.09
0.1068
0.1437
0.6433
0.7416
0.5212
0.9784999999999999
0.8755999999999999
0.5690999999999999
0.1829
0.1797
0.1681
0.2992
0.4753
0.4193
0.5037
0.1424
0.0738
0.0628
0.0785
0.0755
0.0455
0.0498
0.1927
1.1306
0.0199
0.0664
0.3052
0.9198000000000001
0.0285
0.028900000000000002
0.0275
0.029400000000000003
0.033
0.024800000000000003
0.0231
0.0205
0.0114
0.0395
0.0312
0.032
0.0297
0.0236
0.0264
0.019200000000000002
0.024399999999999998
0.028499999999999998
0.0378
0.0313
0.0327
0.0224
0.0278
0.033100000000000004
0.0158
0.0191
0.0216
0.0188
0.0242
0.012
0.0208
0.0004
0.0
0.022899999999999997
0.0449
0.035500000000000004
0.0382
0.033
0.039
0.0253
0.038
0.0347
0.0264
0.0344
0.033600000000000005
0.0162
0.0199
0.0093
2.3531
1.4444000000000001
0.1456
0.14150000000000001
0.1304
0.1031
1.4733999999999998
2.5438
1.4569999999999999
0.9048
0.5897
0.5327999999999999
0.48460000000000003
0.476
0.4743
0.6062000000000001
5.2199
2.6759
0.8664000000000001
0.49050000000000005
0.2491
0.07819999999999999
0.052099999999999994
2.7386999999999997
0.0935
0.0887
0.0869
0.0886
0.0862
0.0779
0.0633
0.0669
0.09190000000000001
0.0995
0.0817
0.0827
0.0759
0.0747
0.0775
0.0771
0.06920000000000001
0.08449999999999999
0.0877
0.0725
0.062299999999999994
0.0696
0.10139999999999999
0.1173
1.0465
3.3895
3.6784
2.0502000000000002
0.4998
0.3638
0.0616
0.0098
0.027299999999999998
0.0318
0.0244
0.0258
0.033
0.0401
0.0305
0.021500000000000002
0.0169
0.0051
0.0186
0.051500000000000004
0.0406
0.011
0.0082
0.0261
5.0148
6.3917
5.0145
0.032299999999999995
0.029
0.0153
0.0257
0.0257
0.0724
0.07730000000000001
0.0658
0.0349
0.028
0.0237
0.014100000000000001
0.0248
0.0146
0.2086
0.0937
0.09
0.1068
0.1437
0.6433
0.7416
0.5212
0.9784999999999999
0.8755999999999999
0.5690999999999999
0.1829
0.1797
0.1681
0.2992
0.4753
0.4193
0.5037
0.1424
0.0738
0.0628
0.0785
0.0755
0.0455
0.0498
0.1927
1.1306
0.0199
0.0664
0.3052
0.9198000000000001
0.0285
0.028900000000000002
0.0275
0.029400000000000003
0.033
0.024800000000000003
0.0231
0.0205
0.0114
0.0395
0.0312
0.032
0.0297
0.0236
0.0264
0.019200000000000002
0.024399999999999998
0.028499999999999998
0.0378
0.0313
0.0327
0.0224
0.0278
0.033100000000000004
0.0158
0.0191
0.0216
0.0188
0.0242
0.012
0.0208
0.0004
0.0
0.022899999999999997
0.0449
0.035500000000000004
0.0382
0.033
0.039
0.0253
0.038
0.0347
0.0264
0.0344
0.033600000000000005
0.0162
0.0199
0.0093
2.3531
1.4444000000000001
0.1456
0.14150000000000001
0.1304
0.1031
1.4733999999999998
2.5438
1.4569999999999999
0.9048
0.5897
0.5327999999999999
0.48460000000000003
0.476
0.4743
0.6062000000000001
5.2199
2.6759
0.8664000000000001
0.49050000000000005
0.2491
0.07819999999999999
0.052099999999999994
2.7386999999999997
0.0935
0.0887
0.0869
0.0886
0.0862
0.0779
0.0633
0.0669
0.09190000000000001
0.0995
0.0817
0.0827
0.0759
0.0747
0.0775
0.0771
0.06920000000000001
0.08449999999999999
0.0877
0.0725
0.062299999999999994
0.0696
0.10139999999999999
0.1173
1.0465
3.3895
3.6784
2.0502000000000002
0.4998
0.3638
0.0616
0.0098
0.027299999999999998
0.0318
0.0244
0.0258
0.033
0.0401
0.0305
0.021500000000000002
0.0169
0.0051
0.0186
0.051500000000000004
0.0406
0.011
0.0082
0.0261
5.0148
6.3917
5.0145
0.032299999999999995
0.029
0.0153
0.0257
0.0257
0.0724
0.07730000000000001
0.0658
0.0349
0.028
0.0237
0.014100000000000001
0.0248
0.0146
0.2086
0.0937
0.09
0.1068
0.1437
0.6433
0.7416
0.5212
0.9784999999999999
0.8755999999999999
0.5690999999999999
0.1829
0.1797
0.1681
0.2992
0.4753
0.4193
0.5037
0.1424
0.0738
0.0628
0.0785
0.0755
0.0455
0.0498
0.1927
1.1306
0.0199
0.0664
0.3052
0.9198000000000001
0.0285
0.028900000000000002
0.0275
0.029400000000000003
0.033
0.024800000000000003
0.0231
0.0205
0.0114
0.0395
0.0312
0.032
0.0297
0.0236
0.0264
0.019200000000000002
0.024399999999999998
0.028499999999999998
0.0378
0.0313
0.0327
0.0224
0.0278
0.033100000000000004
0.0158
0.0191
0.0216
0.0188
0.0242
0.012
0.0208
0.0004
0.0
0.022899999999999997
0.0449
0.035500000000000004
0.0382
0.033
0.039
0.0253
0.038
0.0347
0.0264
0.0344
0.033600000000000005
0.0162
0.0199
0.0093
2.3531
1.4444000000000001
0.1456
0.14150000000000001
0.1304
0.1031
1.4733999999999998
2.5438
1.4569999999999999
0.9048
0.5897
0.5327999999999999
0.48460000000000003
0.476
0.4743
0.6062000000000001
5.2199
2.6759
0.8664000000000001
0.49050000000000005
0.2491
0.07819999999999999
0.052099999999999994
2.7386999999999997
0.0935
0.0887
0.0869
0.0886
0.0862
0.0779
0.0633
0.0669
0.09190000000000001
0.0995
0.0817
0.0827
0.0759
0.0747
0.0775
0.0771
0.06920000000000001
0.08449999999999999
0.0877
0.0725
0.062299999999999994
0.0696
0.10139999999999999
0.1173
1.0465
3.3895
3.6784
2.0502000000000002
0.4998
0.3638
0.0616
0.0098
0.027299999999999998
0.0318
0.0244
0.0258
0.033
0.0401
0.0305
0.021500000000000002
0.0169
0.0051
0.0186
0.051500000000000004
0.0406
0.011
0.0082
0.0261
5.0148
6.3917
5.0145
0.032299999999999995
0.029
0.0153
0.0257
0.0257
0.0724
0.07730000000000001
0.0658
0.0349
0.028
0.0237
0.014100000000000001
0.0248
0.0146
0.2086
0.0937
0.09
0.1068
0.1437
0.6433
0.7416
0.5212
0.9784999999999999
0.8755999999999999
0.5690999999999999
0.1829
0.1797
0.1681
0.2992
0.4753
0.4193
0.5037
0.1424
0.0738
0.0628
0.0785
0.0755
0.0455
0.0498
0.1927
1.1306
0.0199
0.0664
0.3052
0.9198000000000001
0.0285
0.028900000000000002
0.0275
0.029400000000000003
0.033
0.024800000000000003
0.0231
0.0205
0.0114
0.0395
0.0312
0.032
0.0297
0.0236
0.0264
0.019200000000000002
0.024399999999999998
0.028499999999999998
0.0378
0.0313
0.0327
0.0224
0.0278
0.033100000000000004
0.0158
0.0191
0.0216
0.0188
0.0242
0.012
0.0208
0.0004
0.0
0.022899999999999997
0.0449
0.035500000000000004
0.0382
0.033
0.039
0.0253
0.038
0.0347
0.0264
0.0344
0.033600000000000005
0.0162
0.0199
0.0093
2.3531
1.4444000000000001
0.1456
0.14150000000000001
0.1304
0.1031
1.4733999999999998
2.5438
1.4569999999999999
0.9048
0.5897
0.5327999999999999
0.48460000000000003
0.476
0.4743
0.6062000000000001
5.2199
2.6759
0.8664000000000001
0.49050000000000005
0.2491
0.07819999999999999
0.052099999999999994
2.7386999999999997
0.0935
0.0887
0.0869
0.0886
0.0862
0.0779
0.0633
0.0669
0.09190000000000001
0.0995
0.0817
0.0827
0.0759
0.0747
0.0775
0.0771
0.06920000000000001
0.08449999999999999
0.0877
0.0725
0.062299999999999994
0.0696
0.10139999999999999
0.1173
1.0465
3.3895
3.6784
2.0502000000000002
0.4998
0.3638
0.0616
0.0098
0.027299999999999998
0.0318
0.0244
0.0258
0.033
0.0401
0.0305
0.021500000000000002
0.0169
0.0051
0.0186
0.051500000000000004
0.0406
0.011
0.0082
0.0261
0.0856
0.0879
0.08499999999999999
0.0878
0.0828
0.0637
0.023100000000000002
0.0636
0.1154
0.0294
0.0333
0.0422
0.0373
0.033100000000000004
0.031599999999999996
0.0257
0.1012
0.2633
0.15460000000000002
0.155
0.1417
0.103
0.0847
0.0815
3.3311
1.7890000000000001
1.5432000000000001
1.1005
1.0328
0.5746
0.4635
0.5104
0.7154
0.4966
0.2697
0.0383
0.0101
0.0
0.0
0.1626
0.3825
0.1979
0.19569999999999999
0.2041
0.237
0.3013
1.2082
2.1058
0.0
0.0
0.0008
0.0
0.0028
0.0148
0.028
0.0144
0.0019
0.0164
0.0227
0.0274
0.0314
0.1054
0.0751
0.0681
0.044899999999999995
0.0382
0.0359
0.0267
0.0133
0.0
0.0068
0.009
0.3472
1.3901
0.694
0.0
0.0124
0.1175
0.1144
0.031799999999999995
0.0074
0.0543
0.0146
0.1438
0.2
0.0722
0.022
0.030100000000000002
0.0686
0.112
0.19090000000000001
0.14229999999999998
0.17049999999999998
0.10919999999999999
0.0393
0.0
0.039599999999999996
0.0409
0.045200000000000004
0.0465
0.049
0.0386
0.0498
0.0495
0.0026
0.026099999999999998
0.034
0.0422
0.0361
0.0372
0.0429
0.0648
0.039
0.0092
0.0186
0.0116
0.0054
0.0
0.0019
0.0044
0.0336
0.033699999999999994
0.033100000000000004
0.035699999999999996
0.0377
0.034600000000000006
0.0262
0.0323
0.0615
0.048799999999999996
0.035699999999999996
0.035500000000000004
0.032799999999999996
0.0309
0.032
0.0296
0.0294
0.0364
0.0322
0.0329
0.0282
0.021400000000000002
0.030899999999999997
0.0411
0.9362
0.437
0.8588
0.2924
0.1165
0.037
0.052199999999999996
0.0463
0.0348
0.0394
0.043
0.039
0.0269
0.0153
0.025099999999999997
0.011699999999999999
0.020499999999999997
0.025599999999999998
0.1431
0.2252
0.07819999999999999
0.0822
0.17959999999999998
3.6605
0.0856
0.0879
0.08499999999999999
0.0878
0.0828
0.0637
0.023100000000000002
0.0636
0.1154
0.0294
0.0333
0.0422
0.0373
0.033100000000000004
0.031599999999999996
0.0257
0.1012
0.2633
0.15460000000000002
0.155
0.1417
0.103
0.0847
0.0815
3.3311
1.7890000000000001
1.5432000000000001
1.1005
1.0328
0.5746
0.4635
0.5104
0.7154
0.4966
0.2697
0.0383
0.0101
0.0
0.0
0.1626
0.3825
0.1979
0.19569999999999999
0.2041
0.237
0.3013
1.2082
2.1058
0.0
0.0
0.0008
0.0
0.0028
0.0148
0.028
0.0144
0.0019
0.0164
0.0227
0.0274
0.0314
0.1054
0.0751
0.0681
0.044899999999999995
0.0382
0.0359
0.0267
0.0133
0.0
0.0068
0.009
0.3472
1.3901
0.694
0.0
0.0124
0.1175
0.1144
0.031799999999999995
0.0074
0.0543
0.0146
0.1438
0.2
0.0722
0.022
0.030100000000000002
0.0686
0.112
0.19090000000000001
0.14229999999999998
0.17049999999999998
0.10919999999999999
0.0393
0.0
0.039599999999999996
0.0409
0.045200000000000004
0.0465
0.049
0.0386
0.0498
0.0495
0.0026
0.026099999999999998
0.034
0.0422
0.0361
0.0372
0.0429
0.0648
0.039
0.0092
0.0186
0.0116
0.0054
0.0
0.0019
0.0044
0.0336
0.033699999999999994
0.033100000000000004
0.035699999999999996
0.0377
0.034600000000000006
0.0262
0.0323
0.0615
0.048799999999999996
0.035699999999999996
0.035500000000000004
0.032799999999999996
0.0309
0.032
0.0296
0.0294
0.0364
0.0322
0.0329
0.0282
0.021400000000000002
0.030899999999999997
0.0411
0.9362
0.437
0.8588
0.2924
0.1165
0.037
0.052199999999999996
0.0463
0.0348
0.0394
0.043
0.039
0.0269
0.0153
0.025099999999999997
0.011699999999999999
0.020499999999999997
0.025599999999999998
0.1431
0.2252
0.07819999999999999
0.0822
0.17959999999999998
3.6605
0.0856
0.0879
0.08499999999999999
0.0878
0.0828
0.0637
0.023100000000000002
0.0636
0.1154
0.0294
0.0333
0.0422
0.0373
0.033100000000000004
0.031599999999999996
0.0257
0.1012
0.2633
0.15460000000000002
0.155
0.1417
0.103
0.0847
0.0815
3.3311
1.7890000000000001
1.5432000000000001
1.1005
1.0328
0.5746
0.4635
0.5104
0.7154
0.4966
0.2697
0.0383
0.0101
0.0
0.0
0.1626
0.3825
0.1979
0.19569999999999999
0.2041
0.237
0.3013
1.2082
2.1058
0.0
0.0
0.0008
0.0
0.0028
0.0148
0.028
0.0144
0.0019
0.0164
0.0227
0.0274
0.0314
0.1054
0.0751
0.0681
0.044899999999999995
0.0382
0.0359
0.0267
0.0133
0.0
0.0068
0.009
0.3472
1.3901
0.694
0.0
0.0124
0.1175
0.1144
0.031799999999999995
0.0074
0.0543
0.0146
0.1438
0.2
0.0722
0.022
0.030100000000000002
0.0686
0.112
0.19090000000000001
0.14229999999999998
0.17049999999999998
0.10919999999999999
0.0393
0.0
0.039599999999999996
0.0409
0.045200000000000004
0.0465
0.049
0.0386
0.0498
0.0495
0.0026
0.026099999999999998
0.034
0.0422
0.0361
0.0372
0.0429
0.0648
0.039
0.0092
0.0186
0.0116
0.0054
0.0
0.0019
0.0044
0.0336
0.033699999999999994
0.033100000000000004
0.035699999999999996
0.0377
0.034600000000000006
0.0262
0.0323
0.0615
0.048799999999999996
0.035699999999999996
0.035500000000000004
0.032799999999999996
0.0309
0.032
0.0296
0.0294
0.0364
0.0322
0.0329
0.0282
0.021400000000000002
0.030899999999999997
0.0411
0.9362
0.437
0.8588
0.2924
0.1165
0.037
0.052199999999999996
0.0463
0.0348
0.0394
0.043
0.039
0.0269
0.0153
0.025099999999999997
0.011699999999999999
0.020499999999999997
0.025599999999999998
0.1431
0.2252
0.07819999999999999
0.0822
0.17959999999999998
3.6605
0.0856
0.0879
0.08499999999999999
0.0878
0.0828
0.0637
0.023100000000000002
0.0636
0.1154
0.0294
0.0333
0.0422
0.0373
0.033100000000000004
0.031599999999999996
0.0257
0.1012
0.2633
0.15460000000000002
0.155
0.1417
0.103
0.0847
0.0815
3.3311
1.7890000000000001
1.5432000000000001
1.1005
1.0328
0.5746
0.4635
0.5104
0.7154
0.4966
0.2697
0.0383
0.0101
0.0
0.0
0.1626
0.3825
0.1979
0.19569999999999999
0.2041
0.237
0.3013
1.2082
2.1058
0.0
0.0
0.0008
0.0
0.0028
0.0148
0.028
0.0144
0.0019
0.0164
0.0227
0.0274
0.0314
0.1054
0.0751
0.0681
0.044899999999999995
0.0382
0.0359
0.0267
0.0133
0.0
0.0068
0.009
0.3472
1.3901
0.694
0.0
0.0124
0.1175
0.1144
0.031799999999999995
0.0074
0.0543
0.0146
0.1438
0.2
0.0722
0.022
0.030100000000000002
0.0686
0.112
0.19090000000000001
0.14229999999999998
0.17049999999999998
0.10919999999999999
0.0393
0.0
0.039599999999999996
0.0409
0.045200000000000004
0.0465
0.049
0.0386
0.0498
0.0495
0.0026
0.026099999999999998
0.034
0.0422
0.0361
0.0372
0.0429
0.0648
0.039
0.0092
0.0186
0.0116
0.0054
0.0
0.0019
0.0044
0.0336
0.033699999999999994
0.033100000000000004
0.035699999999999996
0.0377
0.034600000000000006
0.0262
0.0323
0.0615
0.048799999999999996
0.035699999999999996
0.035500000000000004
0.032799999999999996
0.0309
0.032
0.0296
0.0294
0.0364
0.0322
0.0329
0.0282
0.021400000000000002
0.030899999999999997
0.0411
0.9362
0.437
0.8588
0.2924
0.1165
0.037
0.052199999999999996
0.0463
0.0348
0.0394
0.043
0.039
0.0269
0.0153
0.025099999999999997
0.011699999999999999
0.020499999999999997
0.025599999999999998
0.1431
0.2252
0.07819999999999999
0.0822
0.17959999999999998
3.6605
0.0856
0.0879
0.08499999999999999
0.0878
0.0828
0.0637
0.023100000000000002
0.0636
0.1154
0.0294
0.0333
0.0422
0.0373
0.033100000000000004
0.031599999999999996
0.0257
0.1012
0.2633
0.15460000000000002
0.155
0.1417
0.103
0.0847
0.0815
3.3311
1.7890000000000001
1.5432000000000001
1.1005
1.0328
0.5746
0.4635
0.5104
0.7154
0.4966
0.2697
0.0383
0.0101
0.0
0.0
0.1626
0.3825
0.1979
0.19569999999999999
0.2041
0.237
0.3013
1.2082
2.1058
0.0
0.0
0.0008
0.0
0.0028
0.0148
0.028
0.0144
0.0019
0.0164
0.0227
0.0274
0.0314
0.1054
0.0751
0.0681
0.044899999999999995
0.0382
0.0359
0.0267
0.0133
0.0
0.0068
0.009
0.0624
0.038900000000000004
0.0566
0.0508
0.0427
0.039900000000000005
0.1391
0.6241
1.1338
1.3546
1.1221
0.8052999999999999
0.824
1.1160999999999999
0.6854
0.3385
0.7906
1.0601
1.1223999999999998
1.5774
1.496
1.5826
0.3258
0.0116
0.1629
0.23099999999999998
0.2124
0.1745
0.1466
0.2081
0.38770000000000004
0.2763
0.1213
0.0422
0.0
2.4332000000000003
0.1066
0.9813999999999999
1.4008
0.0559
1.29
0.7774000000000001
0.1233
0.0743
0.0141
0.0423
0.1243
0.1037
1.2248
1.2738
1.2856
1.38
1.2932
0.2618
0.21989999999999998
0.1069
0.0682
0.057999999999999996
0.0463
0.0458
0.0421
0.041499999999999995
0.0534
0.0739
0.22959999999999997
0.39339999999999997
0.4994
0.5626
0.7831999999999999
1.3121
1.7303000000000002
4.0695
0.0388
0.0247
0.0247
0.0217
0.0107
0.0172
0.0294
0.0477
0.0204
0.0235
0.0242
0.0333
0.0392
0.037000000000000005
0.03
0.0745
0.042899999999999994
0.039400000000000004
0.019200000000000002
0.0236
0.0263
0.0212
0.04869999999999999
0.0617
1.3103
0.2471
0.1195
0.0431
0.008799999999999999
0.0156
0.0203
0.0237
0.0228
0.0341
0.031100000000000003
0.0421
0.037
0.0314
0.026299999999999997
0.0318
0.027
0.0368
0.0202
0.0215
0.0242
0.0126
0.0034
1.2223
0.0653
0.0691
0.0724
0.0699
0.0538
0.0323
0.022
0.0112
0.0
0.0311
0.039
0.0468
0.0324
0.0216
0.022699999999999998
0.022600000000000002
0.028499999999999998
0.0591
0.0416
0.039099999999999996
0.041999999999999996
0.0213
0.0296
0.0288
0.2047
0.18969999999999998
0.19190000000000002
0.1587
0.0816
0.0713
0.0321
0.0439
0.0413
0.0474
0.030600000000000002
0.0271
0.0245
0.0302
0.0484
0.1123
0.0576
0.0598
0.0412
0.0287
0.0133
0.0001
0.0
0.0048
0.0624
0.038900000000000004
0.0566
0.0508
0.0427
0.039900000000000005
0.1391
0.6241
1.1338
1.3546
1.1221
0.8052999999999999
0.824
1.1160999999999999
0.6854
0.3385
0.7906
1.0601
1.1223999999999998
1.5774
1.496
1.5826
0.3258
0.0116
0.1629
0.23099999999999998
0.2124
0.1745
0.1466
0.2081
0.38770000000000004
0.2763
0.1213
0.0422
0.0
2.4332000000000003
0.1066
0.9813999999999999
1.4008
0.0559
1.29
0.7774000000000001
0.1233
0.0743
0.0141
0.0423
0.1243
0.1037
1.2248
1.2738
1.2856
1.38
1.2932
0.2618
0.21989999999999998
0.1069
0.0682
0.057999999999999996
0.0463
0.0458
0.0421
0.041499999999999995
0.0534
0.0739
0.22959999999999997
0.39339999999999997
0.4994
0.5626
0.7831999999999999
1.3121
1.7303000000000002
4.0695
0.0388
0.0247
0.0247
0.0217
0.0107
0.0172
0.0294
0.0477
0.0204
0.0235
0.0242
0.0333
0.0392
0.037000000000000005
0.03
0.0745
0.042899999999999994
0.039400000000000004
0.019200000000000002
0.0236
0.0263
0.0212
0.04869999999999999
0.0617
1.3103
0.2471
0.1195
0.0431
0.008799999999999999
0.0156
0.0203
0.0237
0.0228
0.0341
0.031100000000000003
0.0421
0.037
0.0314
0.026299999999999997
0.0318
0.027
0.0368
0.0202
0.0215
0.0242
0.0126
0.0034
1.2223
0.0653
0.0691
0.0724
0.0699
0.0538
0.0323
0.022
0.0112
0.0
0.0311
0.039
0.0468
0.0324
0.0216
0.022699999999999998
0.022600000000000002
0.028499999999999998
0.0591
0.0416
0.039099999999999996
0.041999999999999996
0.0213
0.0296
0.0288
0.2047
0.18969999999999998
0.19190000000000002
0.1587
0.0816
0.0713
0.0321
0.0439
0.0413
0.0474
0.030600000000000002
0.0271
0.0245
0.0302
0.0484
0.1123
0.0576
0.0598
0.0412
0.0287
0.0133
0.0001
0.0
0.0048
0.0624
0.038900000000000004
0.0566
0.0508
0.0427
0.039900000000000005
0.1391
0.6241
1.1338
1.3546
1.1221
0.8052999999999999
0.824
1.1160999999999999
0.6854
0.3385
0.7906
1.0601
1.1223999999999998
1.5774
1.496
1.5826
0.3258
0.0116
0.1629
0.23099999999999998
0.2124
0.1745
0.1466
0.2081
0.38770000000000004
0.2763
0.1213
0.0422
0.0
2.4332000000000003
0.1066
0.9813999999999999
1.4008
0.0559
1.29
0.7774000000000001
0.1233
0.0743
0.0141
0.0423
0.1243
0.1037
1.2248
1.2738
1.2856
1.38
1.2932
0.2618
0.21989999999999998
0.1069
0.0682
0.057999999999999996
0.0463
0.0458
0.0421
0.041499999999999995
0.0534
0.0739
0.22959999999999997
0.39339999999999997
0.4994
0.5626
0.7831999999999999
1.3121
1.7303000000000002
4.0695
0.0388
0.0247
0.0247
0.0217
0.0107
0.0172
0.0294
0.0477
0.0204
0.0235
0.0242
0.0333
0.0392
0.037000000000000005
0.03
0.0745
0.042899999999999994
0.039400000000000004
0.019200000000000002
0.0236
0.0263
0.0212
0.04869999999999999
0.0617
1.3103
0.2471
0.1195
0.0431
0.008799999999999999
0.0156
0.0203
0.0237
0.0228
0.0341
0.031100000000000003
0.0421
0.037
0.0314
0.026299999999999997
0.0318
0.027
0.0368
0.0202
0.0215
0.0242
0.0126
0.0034
1.2223
0.0653
0.0691
0.0724
0.0699
0.0538
0.0323
0.022
0.0112
0.0
0.0311
0.039
0.0468
0.0324
0.0216
0.022699999999999998
0.022600000000000002
0.028499999999999998
0.0591
0.0416
0.039099999999999996
0.041999999999999996
0.0213
0.0296
0.0288
0.2047
0.18969999999999998
0.19190000000000002
0.1587
0.0816
0.0713
0.0321
0.0439
0.0413
0.0474
0.030600000000000002
0.0271
0.0245
0.0302
0.0484
0.1123
0.0576
0.0598
0.0412
0.0287
0.0133
0.0001
0.0
0.0048
0.0624
0.038900000000000004
0.0566
0.0508
0.0427
0.039900000000000005
0.1391
0.6241
1.1338
1.3546
1.1221
0.8052999999999999
0.824
1.1160999999999999
0.6854
0.3385
0.7906
1.0601
1.1223999999999998
1.5774
1.496
1.5826
0.3258
0.0116
0.1629
0.23099999999999998
0.2124
0.1745
0.1466
0.2081
0.38770000000000004
0.2763
0.1213
0.0422
0.0
2.4332000000000003
0.1066
0.9813999999999999
1.4008
0.0559
1.29
0.7774000000000001
0.1233
0.0743
0.0141
0.0423
0.1243
0.1037
1.2248
1.2738
1.2856
1.38
1.2932
0.2618
0.21989999999999998
0.1069
0.0682
0.057999999999999996
0.0463
0.0458
0.0421
0.041499999999999995
0.0534
0.0739
0.22959999999999997
0.39339999999999997
0.4994
0.5626
0.7831999999999999
1.3121
1.7303000000000002
4.0695
0.0388
0.0247
0.0247
0.0217
0.0107
0.0172
0.0294
0.0477
0.0204
0.0235
0.0242
0.0333
0.0392
0.037000000000000005
0.03
0.0745
0.042899999999999994
0.039400000000000004
0.019200000000000002
0.0236
0.0263
0.0212
0.04869999999999999
0.0617
1.3103
0.2471
0.1195
0.0431
0.008799999999999999
0.0156
0.0203
0.0237
0.0228
0.0341
0.031100000000000003
0.0421
0.037
0.0314
0.026299999999999997
0.0318
0.027
0.0368
0.0202
0.0215
0.0242
0.0126
0.0034
1.2223
0.0653
0.0691
0.0724
0.0699
0.0538
0.0323
0.022
0.0112
0.0
0.0311
0.039
0.0468
0.0324
0.0216
0.022699999999999998
0.022600000000000002
0.028499999999999998
0.0591
0.0416
0.039099999999999996
0.041999999999999996
0.0213
0.0296
0.0288
0.2047
0.18969999999999998
0.19190000000000002
0.1587
0.0816
0.0713
0.0321
0.0439
0.0413
0.0474
0.030600000000000002
0.0271
0.0245
0.0302
0.0484
0.1123
0.0576
0.0598
0.0412
0.0287
0.0133
0.0001
0.0
0.0048
0.0624
0.038900000000000004
0.0566
0.0508
0.0427
0.039900000000000005
0.1391
0.6241
1.1338
1.3546
1.1221
0.8052999999999999
0.824
1.1160999999999999
0.6854
0.3385
0.7906
1.0601
1.1223999999999998
1.5774
1.496
1.5826
0.3258
0.0116
0.1629
0.23099999999999998
0.2124
0.1745
0.1466
0.2081
0.38770000000000004
0.2763
0.1213
0.0422
0.0
2.4332000000000003
0.1066
0.9813999999999999
1.4008
0.0559
1.29
0.7774000000000001
0.1233
0.0743
0.0141
0.0423
0.1243
0.1037
0.3478
0.28480000000000005
0.4827
2.0278
0.2155
0.5804
1.222
1.5627
1.3406
1.3223
1.3225
1.2372999999999998
1.1583999999999999
1.7409
1.986
1.0466
1.0506
1.2457
1.014
1.2117
1.6381000000000001
1.028
0.4671
0.3797
0.7548
0.2884
2.4647
1.0184
0.2748
0.2102
0.12890000000000001
0.0394
0.0511
0.0606
0.019
0.022699999999999998
0.0203
0.02
0.0034
0.0123
0.0073
0.029099999999999997
0.030699999999999998
0.0584
0.0464
0.0634
0.0444
0.0
0.0175
0.0171
0.0
0.0
0.0
0.0
0.0
0.0
0.0
0.0
0.0
0.035
0.0
0.0
3.2736
0.0
0.0029
0.5461
0.0
0.10930000000000001
0.5779
0.6432
0.35650000000000004
0.6596
0.307
0.2639
0.2673
0.2464
0.2652
0.2804
0.3595
0.48460000000000003
0.5404
0.5542
0.5093
0.5373
0.3984
0.2281
2.4863
0.2158
0.3856
0.517
0.399
0.5645
0.8694
0.8897999999999999
0.4074
0.298
0.13390000000000002
0.1343
0.157
0.2179
2.9057
1.064
0.3101
0.43620000000000003
0.486
0.536
0.605
0.6952
0.7134
0.6759999999999999
0.5079
0.3114
0.30400000000000005
0.5279
0.2066
0.20729999999999998
0.1784
0.1231
0.1168
0.1187
4.2978000000000005
3.8831
0.6085
0.2631
0.26449999999999996
0.27790000000000004
0.3353
0.3498
0.40380000000000005
0.3936
0.6592
1.4954
0.2985
0.2344
0.24869999999999998
0.27980000000000005
0.3207
0.8857
0.43679999999999997
0.34199999999999997
0.3224
0.7107
2.0589
1.194
3.8164
7.4521999999999995
7.3016000000000005
2.7422000000000004
0.7077
0.4731
0.1904
0.1048
0.065
0.057800000000000004
0.0614
0.044399999999999995
0.0417
0.039099999999999996
0.0411
0.0538
0.0565
0.0775
0.1824
0.1839
0.17220000000000002
0.19
0.2762
0.34550000000000003
0.3478
0.28480000000000005
0.4827
2.0278
0.2155
0.5804
1.222
1.5627
1.3406
1.3223
1.3225
1.2372999999999998
1.1583999999999999
1.7409
1.986
1.0466
1.0506
1.2457
1.014
1.2117
1.6381000000000001
1.028
0.4671
0.3797
0.7548
0.2884
2.4647
1.0184
0.2748
0.2102
0.12890000000000001
0.0394
0.0511
0.0606
0.019
0.022699999999999998
0.0203
0.02
0.0034
0.0123
0.0073
0.029099999999999997
0.030699999999999998
0.0584
0.0464
0.0634
0.0444
0.0
0.0175
0.0171
0.0
0.0
0.0
0.0
0.0
0.0
0.0
0.0
0.0
0.035
0.0
0.0
3.2736
0.0
0.0029
0.5461
0.0
0.10930000000000001
0.5779
0.6432
0.35650000000000004
0.6596
0.307
0.2639
0.2673
0.2464
0.2652
0.2804
0.3595
0.48460000000000003
0.5404
0.5542
0.5093
0.5373
0.3984
0.2281
2.4863
0.2158
0.3856
0.517
0.399
0.5645
0.8694
0.8897999999999999
0.4074
0.298
0.13390000000000002
0.1343
0.157
0.2179
2.9057
1.064
0.3101
0.43620000000000003
0.486
0.536
0.605
0.6952
0.7134
0.6759999999999999
0.5079
0.3114
0.30400000000000005
0.5279
0.2066
0.20729999999999998
0.1784
0.1231
0.1168
0.1187
4.2978000000000005
3.8831
0.6085
0.2631
0.26449999999999996
0.27790000000000004
0.3353
0.3498
0.40380000000000005
0.3936
0.6592
1.4954
0.2985
0.2344
0.24869999999999998
0.27980000000000005
0.3207
0.8857
0.43679999999999997
0.34199999999999997
0.3224
0.7107
2.0589
1.194
3.8164
7.4521999999999995
7.3016000000000005
2.7422000000000004
0.7077
0.4731
0.1904
0.1048
0.065
0.057800000000000004
0.0614
0.044399999999999995
0.0417
0.039099999999999996
0.0411
0.0538
0.0565
0.0775
0.1824
0.1839
0.17220000000000002
0.19
0.2762
0.34550000000000003
0.3478
0.28480000000000005
0.4827
2.0278
0.2155
0.5804
1.222
1.5627
1.3406
1.3223
1.3225
1.2372999999999998
1.1583999999999999
1.7409
1.986
1.0466
1.0506
1.2457
1.014
1.2117
1.6381000000000001
1.028
0.4671
0.3797
0.7548
0.2884
2.4647
1.0184
0.2748
0.2102
0.12890000000000001
0.0394
0.0511
0.0606
0.019
0.022699999999999998
0.0203
0.02
0.0034
0.0123
0.0073
0.029099999999999997
0.030699999999999998
0.0584
0.0464
0.0634
0.0444
0.0
0.0175
0.0171
0.0
0.0
0.0
0.0
0.0
0.0
0.0
0.0
0.0
0.035
0.0
0.0
3.2736
0.0
0.0029
0.5461
0.0
0.10930000000000001
0.5779
0.6432
0.35650000000000004
0.6596
0.307
0.2639
0.2673
0.2464
0.2652
0.2804
0.3595
0.48460000000000003
0.5404
0.5542
0.5093
0.5373
0.3984
0.2281
2.4863
0.2158
0.3856
0.517
0.399
0.5645
0.8694
0.8897999999999999
0.4074
0.298
0.13390000000000002
0.1343
0.157
0.2179
2.9057
1.064
0.3101
0.43620000000000003
0.486
0.536
0.605
0.6952
0.7134
0.6759999999999999
0.5079
0.3114
0.30400000000000005
0.5279
0.2066
0.20729999999999998
0.1784
0.1231
0.1168
0.1187
4.2978000000000005
3.8831
0.6085
0.2631
0.26449999999999996
0.27790000000000004
0.3353
0.3498
0.40380000000000005
0.3936
0.6592
1.4954
0.2985
0.2344
0.24869999999999998
0.27980000000000005
0.3207
0.8857
0.43679999999999997
0.34199999999999997
0.3224
0.7107
2.0589
1.194
3.8164
7.4521999999999995
7.3016000000000005
2.7422000000000004
0.7077
0.4731
0.1904
0.1048
0.065
0.057800000000000004
0.0614
0.044399999999999995
0.0417
0.039099999999999996
0.0411
0.0538
0.0565
0.0775
0.1824
0.1839
0.17220000000000002
0.19
0.2762
0.34550000000000003
0.3478
0.28480000000000005
0.4827
2.0278
0.2155
0.5804
1.222
1.5627
1.3406
1.3223
1.3225
1.2372999999999998
1.1583999999999999
1.7409
1.986
1.0466
1.0506
1.2457
1.014
1.2117
1.6381000000000001
1.028
0.4671
0.3797
0.7548
0.2884
2.4647
1.0184
0.2748
0.2102
0.12890000000000001
0.0394
0.0511
0.0606
0.019
0.022699999999999998
0.0203
0.02
0.0034
0.0123
0.0073
0.029099999999999997
0.030699999999999998
0.0584
0.0464
0.0634
0.0444
0.0
0.0175
0.0171
0.0
0.0
0.0
0.0
0.0
0.0
0.0
0.0
0.0
0.035
0.0
0.0
3.2736
0.0
0.0029
0.5461
0.0
0.10930000000000001
0.5779
0.6432
0.35650000000000004
0.6596
0.307
0.2639
0.2673
0.2464
0.2652
0.2804
0.3595
0.48460000000000003
0.5404
0.5542
0.5093
0.5373
0.3984
0.2281
2.4863
0.2158
0.3856
0.517
0.399
0.5645
0.8694
0.8897999999999999
0.4074
0.298
0.13390000000000002
0.1343
0.157
0.2179
2.9057
1.064
0.3101
0.43620000000000003
0.486
0.536
0.605
0.6952
0.7134
0.6759999999999999
0.5079
0.3114
0.30400000000000005
0.5279
0.2066
0.20729999999999998
0.1784
0.1231
0.1168
0.1187
4.2978000000000005
3.8831
0.6085
0.2631
0.26449999999999996
0.27790000000000004
0.3353
0.3498
0.40380000000000005
0.3936
0.6592
1.4954
0.2985
0.2344
0.24869999999999998
0.27980000000000005
0.3207
0.8857
0.43679999999999997
0.34199999999999997
0.3224
0.7107
2.0589
1.194
3.8164
7.4521999999999995
7.3016000000000005
2.7422000000000004
0.7077
0.4731
0.1904
0.1048
0.065
0.057800000000000004
0.0614
0.044399999999999995
0.0417
0.039099999999999996
0.0411
0.0538
0.0565
0.0775
0.1824
0.1839
0.17220000000000002
0.19
0.2762
0.34550000000000003
0.3478
0.28480000000000005
0.4827
2.0278
0.2155
0.5804
1.222
1.5627
1.3406
1.3223
1.3225
1.2372999999999998
1.1583999999999999
1.7409
1.986
1.0466
1.0506
1.2457
1.014
1.2117
1.6381000000000001
1.028
0.4671
0.3797
0.7548
0.2884
2.4647
1.0184
0.2748
0.2102
0.12890000000000001
0.0394
0.0511
0.0606
0.019
0.022699999999999998
0.0203
0.02
0.0034
0.0123
0.0073
0.029099999999999997
0.030699999999999998
0.0584
0.0464
0.0634
0.0444
0.0
0.0175
0.0171
0.0
0.0
0.0
0.0
0.0
0.0
0.0
0.0
0.0
0.035
0.0
0.0
3.2736
0.0
0.0029
0.5461
0.0
0.10930000000000001
0.5779
0.6432
0.35650000000000004
0.6596
1.8222
3.2849
4.922499999999999
3.4193
0.3078
0.0399
0.0468
0.0344
0.0178
0.3041
0.2877
0.035
0.0743
0.0674
0.07100000000000001
0.0541
0.0169
0.0
0.0
0.0535
0.057499999999999996
0.044399999999999995
0.0
0.0
1.1954
1.5879
1.7083
1.464
0.1509
0.1639
0.2077
0.7254
0.6953
0.2457
0.0687
0.0694
0.087
0.0891
0.12140000000000001
0.9472
0.5192
0.6432
1.0821999999999998
1.6192
1.2236
1.1944
1.2635
1.2591
1.1761
0.056499999999999995
0.059399999999999994
0.08679999999999999
0.0895
0.0969
0.09140000000000001
0.1505
0.2502
0.3392
0.4474
0.7436
0.7546999999999999
0.4994
0.536
1.1613
0.2996
0.277
0.2826
0.3277
0.481
0.7291000000000001
0.4606
0.2385
0.2727
2.9789
4.4419
2.5836
0.3063
1.0513
0.6417
0.1348
0.1693
0.1809
0.1828
0.1804
0.1875
0.17809999999999998
0.4048
0.39590000000000003
0.2833
0.5217
0.7421
0.7194
0.46819999999999995
0.2899
0.22139999999999999
0.21810000000000002
1.3351000000000002
2.8918999999999997
2.6215
0.3113
0.1323
0.058800000000000005
0.025099999999999997
0.0315
0.0185
0.33420000000000005
0.7131000000000001
0.4843
0.019799999999999998
0.0075
0.0
0.0
0.0
0.0
0.0278
0.1151
0.22139999999999999
0.4074
0.5587
0.44020000000000004
7.5696
5.1116
2.7351
1.0087
0.1167
0.3374
0.7541
0.1073
0.1124
0.1262
0.12229999999999999
0.13140000000000002
0.1088
0.097
0.091
0.0708
0.0952
0.10769999999999999
0.1081
0.1452
0.1263
0.1013
0.0848
5.0085
0.8481000000000001
0.7148
2.1459
1.555
0.4879
0.4341
0.3779
0.3719
0.42210000000000003
0.4504
0.499
0.5883
0.633
0.6492
0.6732
0.6771
0.9577
2.1108000000000002
2.3654
2.4360999999999997
1.9878
1.4033
1.0001
0.7927
1.8222
3.2849
4.922499999999999
3.4193
0.3078
0.0399
0.0468
0.0344
0.0178
0.3041
0.2877
0.035
0.0743
0.0674
0.07100000000000001
0.0541
0.0169
0.0
0.0
0.0535
0.057499999999999996
0.044399999999999995
0.0
0.0
1.1954
1.5879
1.7083
1.464
0.1509
0.1639
0.2077
0.7254
0.6953
0.2457
0.0687
0.0694
0.087
0.0891
0.12140000000000001
0.9472
0.5192
0.6432
1.0821999999999998
1.6192
1.2236
1.1944
1.2635
1.2591
1.1761
0.056499999999999995
0.059399999999999994
0.08679999999999999
0.0895
0.0969
0.09140000000000001
0.1505
0.2502
0.3392
0.4474
0.7436
0.7546999999999999
0.4994
0.536
1.1613
0.2996
0.277
0.2826
0.3277
0.481
0.7291000000000001
0.4606
0.2385
0.2727
2.9789
4.4419
2.5836
0.3063
1.0513
0.6417
0.1348
0.1693
0.1809
0.1828
0.1804
0.1875
0.17809999999999998
0.4048
0.39590000000000003
0.2833
0.5217
0.7421
0.7194
0.46819999999999995
0.2899
0.22139999999999999
0.21810000000000002
1.3351000000000002
2.8918999999999997
2.6215
0.3113
0.1323
0.058800000000000005
0.025099999999999997
0.0315
0.0185
0.33420000000000005
0.7131000000000001
0.4843
0.019799999999999998
0.0075
0.0
0.0
0.0
0.0
0.0278
0.1151
0.22139999999999999
0.4074
0.5587
0.44020000000000004
7.5696
5.1116
2.7351
1.0087
0.1167
0.3374
0.7541
0.1073
0.1124
0.1262
0.12229999999999999
0.13140000000000002
0.1088
0.097
0.091
0.0708
0.0952
0.10769999999999999
0.1081
0.1452
0.1263
0.1013
0.0848
5.0085
0.8481000000000001
0.7148
2.1459
1.555
0.4879
0.4341
0.3779
0.3719
0.42210000000000003
0.4504
0.499
0.5883
0.633
0.6492
0.6732
0.6771
0.9577
2.1108000000000002
2.3654
2.4360999999999997
1.9878
1.4033
1.0001
0.7927
1.8222
3.2849
4.922499999999999
3.4193
0.3078
0.0399
0.0468
0.0344
0.0178
0.3041
0.2877
0.035
0.0743
0.0674
0.07100000000000001
0.0541
0.0169
0.0
0.0
0.0535
0.057499999999999996
0.044399999999999995
0.0
0.0
1.1954
1.5879
1.7083
1.464
0.1509
0.1639
0.2077
0.7254
0.6953
0.2457
0.0687
0.0694
0.087
0.0891
0.12140000000000001
0.9472
0.5192
0.6432
1.0821999999999998
1.6192
1.2236
1.1944
1.2635
1.2591
1.1761
0.056499999999999995
0.059399999999999994
0.08679999999999999
0.0895
0.0969
0.09140000000000001
0.1505
0.2502
0.3392
0.4474
0.7436
0.7546999999999999
0.4994
0.536
1.1613
0.2996
0.277
0.2826
0.3277
0.481
0.7291000000000001
0.4606
0.2385
0.2727
2.9789
4.4419
2.5836
0.3063
1.0513
0.6417
0.1348
0.1693
0.1809
0.1828
0.1804
0.1875
0.17809999999999998
0.4048
0.39590000000000003
0.2833
0.5217
0.7421
0.7194
0.46819999999999995
0.2899
0.22139999999999999
0.21810000000000002
1.3351000000000002
2.8918999999999997
2.6215
0.3113
0.1323
0.058800000000000005
0.025099999999999997
0.0315
0.0185
0.33420000000000005
0.7131000000000001
0.4843
0.019799999999999998
0.0075
0.0
0.0
0.0
0.0
0.0278
0.1151
0.22139999999999999
0.4074
0.5587
0.44020000000000004
7.5696
5.1116
2.7351
1.0087
0.1167
0.3374
0.7541
0.1073
0.1124
0.1262
0.12229999999999999
0.13140000000000002
0.1088
0.097
0.091
0.0708
0.0952
0.10769999999999999
0.1081
0.1452
0.1263
0.1013
0.0848
5.0085
0.8481000000000001
0.7148
2.1459
1.555
0.4879
0.4341
0.3779
0.3719
0.42210000000000003
0.4504
0.499
0.5883
0.633
0.6492
0.6732
0.6771
0.9577
2.1108000000000002
2.3654
2.4360999999999997
1.9878
1.4033
1.0001
0.7927
1.8222
3.2849
4.922499999999999
3.4193
0.3078
0.0399
0.0468
0.0344
0.0178
0.3041
0.2877
0.035
0.0743
0.0674
0.07100000000000001
0.0541
0.0169
0.0
0.0
0.0535
0.057499999999999996
0.044399999999999995
0.0
0.0
1.1954
1.5879
1.7083
1.464
0.1509
0.1639
0.2077
0.7254
0.6953
0.2457
0.0687
0.0694
0.087
0.0891
0.12140000000000001
0.9472
0.5192
0.6432
1.0821999999999998
1.6192
1.2236
1.1944
1.2635
1.2591
1.1761
0.056499999999999995
0.059399999999999994
0.08679999999999999
0.0895
0.0969
0.09140000000000001
0.1505
0.2502
0.3392
0.4474
0.7436
0.7546999999999999
0.4994
0.536
1.1613
0.2996
0.277
0.2826
0.3277
0.481
0.7291000000000001
0.4606
0.2385
0.2727
2.9789
4.4419
2.5836
0.3063
1.0513
0.6417
0.1348
0.1693
0.1809
0.1828
0.1804
0.1875
0.17809999999999998
0.4048
0.39590000000000003
0.2833
0.5217
0.7421
0.7194
0.46819999999999995
0.2899
0.22139999999999999
0.21810000000000002
1.3351000000000002
2.8918999999999997
2.6215
0.3113
0.1323
0.058800000000000005
0.025099999999999997
0.0315
0.0185
0.33420000000000005
0.7131000000000001
0.4843
0.019799999999999998
0.0075
0.0
0.0
0.0
0.0
0.0278
0.1151
0.22139999999999999
0.4074
0.5587
0.44020000000000004
7.5696
5.1116
2.7351
1.0087
0.1167
0.3374
0.7541
0.1073
0.1124
0.1262
0.12229999999999999
0.13140000000000002
0.1088
0.097
0.091
0.0708
0.0952
0.10769999999999999
0.1081
0.1452
0.1263
0.1013
0.0848
5.0085
0.8481000000000001
0.7148
2.1459
1.555
0.4879
0.4341
0.3779
0.3719
0.42210000000000003
0.4504
0.499
0.5883
0.633
0.6492
0.6732
0.6771
0.9577
2.1108000000000002
2.3654
2.4360999999999997
1.9878
1.4033
1.0001
0.7927
1.8222
3.2849
4.922499999999999
3.4193
0.3078
0.0399
0.0468
0.0344
0.0178
0.3041
0.2877
0.035
0.0743
0.0674
0.07100000000000001
0.0541
0.0169
0.0
0.0
0.0535
0.057499999999999996
0.044399999999999995
0.0
0.0
1.1954
1.5879
1.7083
1.464
0.1509
0.1639
0.2077
0.7254
0.6953
0.2457
0.0687
0.0694
0.087
0.0891
0.12140000000000001
0.9472
0.5192
0.6432
1.0821999999999998
1.6192
1.2236
1.1944
1.2635
1.2591
1.5489
3.8089
3.8131
2.9478999999999997
0.3585
0.1928
0.1799
0.1807
0.1447
0.1175
0.12440000000000001
0.1243
0.1477
0.6159
0.7208
0.4349
1.3927
0.9981
0.6053
0.6748000000000001
0.7444999999999999
0.7648999999999999
0.6305000000000001
0.493
3.7312
3.0221
1.3693
0.3514
0.268
0.31010000000000004
0.4504
0.1687
0.0748
0.0547
0.0524
0.0466
0.040400000000000005
0.0346
0.0419
0.054400000000000004
0.1041
0.8304
0.3753
0.3802
0.3352
0.2697
0.20779999999999998
0.6731
0.094
0.0876
0.0852
0.08979999999999999
0.08879999999999999
0.0876
0.08549999999999999
0.4071
0.148
0.0464
0.0391
0.039099999999999996
0.0364
0.0298
0.0419
0.047700000000000006
0.0652
0.3127
0.1331
0.1595
0.1867
0.178
0.1445
0.1195
0.4959
3.4621999999999997
5.9856
5.7919
1.0222
0.3637
0.2493
0.1361
0.0834
0.0673
0.07369999999999999
0.0742
0.0611
0.0687
0.1075
0.22099999999999997
0.203
0.21689999999999998
0.2691
0.3458
0.4885
0.7371000000000001
0.8595
0.7112
0.1759
0.2312
0.235
0.3294
1.4466
2.1043
1.7611
0.3447
0.27040000000000003
0.3083
0.3416
0.369
0.4413
1.1245
2.356
0.8922
0.2951
0.33509999999999995
0.38180000000000003
0.265
0.15410000000000001
0.0589
0.0513
0.0714
0.4236
0.38980000000000004
0.37460000000000004
0.363
0.3552
0.3435
0.32730000000000004
0.3173
0.3764
0.5481
0.6376
0.739
0.5267
0.4324
0.5182
1.6575
0.8404
0.36
0.7793
0.5904
0.7826
1.2154
1.2448000000000001
0.7071000000000001
0.0287
0.010499999999999999
0.0102
0.0142
0.0427
0.0558
1.7866
0.0912
0.1344
0.06509999999999999
0.1014
0.0958
0.1115
0.1261
0.082
0.0653
0.1996
1.0527
0.7196
0.6135999999999999
0.5935
0.45999999999999996
0.2269
0.1199
1.5489
3.8089
3.8131
2.9478999999999997
0.3585
0.1928
0.1799
0.1807
0.1447
0.1175
0.12440000000000001
0.1243
0.1477
0.6159
0.7208
0.4349
1.3927
0.9981
0.6053
0.6748000000000001
0.7444999999999999
0.7648999999999999
0.6305000000000001
0.493
3.7312
3.0221
1.3693
0.3514
0.268
0.31010000000000004
0.4504
0.1687
0.0748
0.0547
0.0524
0.0466
0.040400000000000005
0.0346
0.0419
0.054400000000000004
0.1041
0.8304
0.3753
0.3802
0.3352
0.2697
0.20779999999999998
0.6731
0.094
0.0876
0.0852
0.08979999999999999
0.08879999999999999
0.0876
0.08549999999999999
0.4071
0.148
0.0464
0.0391
0.039099999999999996
0.0364
0.0298
0.0419
0.047700000000000006
0.0652
0.3127
0.1331
0.1595
0.1867
0.178
0.1445
0.1195
0.4959
3.4621999999999997
5.9856
5.7919
1.0222
0.3637
0.2493
0.1361
0.0834
0.0673
0.07369999999999999
0.0742
0.0611
0.0687
0.1075
0.22099999999999997
0.203
0.21689999999999998
0.2691
0.3458
0.4885
0.7371000000000001
0.8595
0.7112
0.1759
0.2312
0.235
0.3294
1.4466
2.1043
1.7611
0.3447
0.27040000000000003
0.3083
0.3416
0.369
0.4413
1.1245
2.356
0.8922
0.2951
0.33509999999999995
0.38180000000000003
0.265
0.15410000000000001
0.0589
0.0513
0.0714
0.4236
0.38980000000000004
0.37460000000000004
0.363
0.3552
0.3435
0.32730000000000004
0.3173
0.3764
0.5481
0.6376
0.739
0.5267
0.4324
0.5182
1.6575
0.8404
0.36
0.7793
0.5904
0.7826
1.2154
1.2448000000000001
0.7071000000000001
0.0287
0.010499999999999999
0.0102
0.0142
0.0427
0.0558
1.7866
0.0912
0.1344
0.06509999999999999
0.1014
0.0958
0.1115
0.1261
0.082
0.0653
0.1996
1.0527
0.7196
0.6135999999999999
0.5935
0.45999999999999996
0.2269
0.1199
1.5489
3.8089
3.8131
2.9478999999999997
0.3585
0.1928
0.1799
0.1807
0.1447
0.1175
0.12440000000000001
0.1243
0.1477
0.6159
0.7208
0.4349
1.3927
0.9981
0.6053
0.6748000000000001
0.7444999999999999
0.7648999999999999
0.6305000000000001
0.493
3.7312
3.0221
1.3693
0.3514
0.268
0.31010000000000004
0.4504
0.1687
0.0748
0.0547
0.0524
0.0466
0.040400000000000005
0.0346
0.0419
0.054400000000000004
0.1041
0.8304
0.3753
0.3802
0.3352
0.2697
0.20779999999999998
0.6731
0.094
0.0876
0.0852
0.08979999999999999
0.08879999999999999
0.0876
0.08549999999999999
0.4071
0.148
0.0464
0.0391
0.039099999999999996
0.0364
0.0298
0.0419
0.047700000000000006
0.0652
0.3127
0.1331
0.1595
0.1867
0.178
0.1445
0.1195
0.4959
3.4621999999999997
5.9856
5.7919
1.0222
0.3637
0.2493
0.1361
0.0834
0.0673
0.07369999999999999
0.0742
0.0611
0.0687
0.1075
0.22099999999999997
0.203
0.21689999999999998
0.2691
0.3458
0.4885
0.7371000000000001
0.8595
0.7112
0.1759
0.2312
0.235
0.3294
1.4466
2.1043
1.7611
0.3447
0.27040000000000003
0.3083
0.3416
0.369
0.4413
1.1245
2.356
0.8922
0.2951
0.33509999999999995
0.38180000000000003
0.265
0.15410000000000001
0.0589
0.0513
0.0714
0.4236
0.38980000000000004
0.37460000000000004
0.363
0.3552
0.3435
0.32730000000000004
0.3173
0.3764
0.5481
0.6376
0.739
0.5267
0.4324
0.5182
1.6575
0.8404
0.36
0.7793
0.5904
0.7826
1.2154
1.2448000000000001
0.7071000000000001
0.0287
0.010499999999999999
0.0102
0.0142
0.0427
0.0558
1.7866
0.0912
0.1344
0.06509999999999999
0.1014
0.0958
0.1115
0.1261
0.082
0.0653
0.1996
1.0527
0.7196
0.6135999999999999
0.5935
0.45999999999999996
0.2269
0.1199
1.5489
3.8089
3.8131
2.9478999999999997
0.3585
0.1928
0.1799
0.1807
0.1447
0.1175
0.12440000000000001
0.1243
0.1477
0.6159
0.7208
0.4349
1.3927
0.9981
0.6053
0.6748000000000001
0.7444999999999999
0.7648999999999999
0.6305000000000001
0.493
3.7312
3.0221
1.3693
0.3514
0.268
0.31010000000000004
0.4504
0.1687
0.0748
0.0547
0.0524
0.0466
0.040400000000000005
0.0346
0.0419
0.054400000000000004
0.1041
0.8304
0.3753
0.3802
0.3352
0.2697
0.20779999999999998
0.6731
0.094
0.0876
0.0852
0.08979999999999999
0.08879999999999999
0.0876
0.08549999999999999
0.4071
0.148
0.0464
0.0391
0.039099999999999996
0.0364
0.0298
0.0419
0.047700000000000006
0.0652
0.3127
0.1331
0.1595
0.1867
0.178
0.1445
0.1195
0.4959
3.4621999999999997
5.9856
5.7919
1.0222
0.3637
0.2493
0.1361
0.0834
0.0673
0.07369999999999999
0.0742
0.0611
0.0687
0.1075
0.22099999999999997
0.203
0.21689999999999998
0.2691
0.3458
0.4885
0.7371000000000001
0.8595
0.7112
0.1759
0.2312
0.235
0.3294
1.4466
2.1043
1.7611
0.3447
0.27040000000000003
0.3083
0.3416
0.369
0.4413
1.1245
2.356
0.8922
0.2951
0.33509999999999995
0.38180000000000003
0.265
0.15410000000000001
0.0589
0.0513
0.0714
0.4236
0.38980000000000004
0.37460000000000004
0.363
0.3552
0.3435
0.32730000000000004
0.3173
0.3764
0.5481
0.6376
0.739
0.5267
0.4324
0.5182
1.6575
0.8404
0.36
0.7793
0.5904
0.7826
1.2154
1.2448000000000001
0.7071000000000001
0.0287
0.010499999999999999
0.0102
0.0142
0.0427
0.0558
1.7866
0.0912
0.1344
0.06509999999999999
0.1014
0.0958
0.1115
0.1261
0.082
0.0653
0.1996
1.0527
0.7196
0.6135999999999999
0.5935
0.45999999999999996
0.2269
0.1199
1.5489
3.8089
3.8131
2.9478999999999997
0.3585
0.1928
0.1799
0.1807
0.1447
0.1175
0.12440000000000001
0.1243
0.1477
0.6159
0.7208
0.4349
1.3927
0.9981
0.6053
0.6748000000000001
0.7444999999999999
0.7648999999999999
0.6305000000000001
0.493
3.7312
3.0221
1.3693
0.3514
0.268
0.31010000000000004
0.4504
0.1687
0.0748
0.0547
0.0524
0.0466
0.040400000000000005
0.0346
0.0419
0.054400000000000004
0.1041
0.8304
0.3753
0.3802
0.3352
0.2697
0.20779999999999998
0.6731
0.094
0.0876
0.0852
0.08979999999999999
0.08879999999999999
0.0876
0.08549999999999999
0.4071
0.148
0.0464
0.0391
0.039099999999999996
0.0364
0.0298
0.0419
0.047700000000000006
0.0652
0.3127
0.1331
0.1595
0.1867
0.178
0.1445
0.1195
