0.008
0.0149
0.0034999999999999996
0.0085
0.011
0.0292
0.1119
0.3944
0.5942
0.38280000000000003
0.1118
0.0
0.0
0.0
0.0
0.0
0.9004000000000001
0.1245
0.1599
0.8245
0.2263
0.547
0.0311
0.0239
0.1167
0.1035
0.10350000000000001
0.09989999999999999
0.1047
0.12719999999999998
0.28859999999999997
0.5815
0.2622
0.23399999999999999
0.35960000000000003
0.3661
0.2537
0.2449
0.2781
0.6158
1.1880000000000002
0.3973
0.8329
0.6508
0.9418
0.2979
0.1974
0.1508
0.1706
0.1416
0.132
0.1237
0.12079999999999999
0.1244
0.15339999999999998
0.2064
0.249
0.29669999999999996
0.2754
0.3591
0.4442
0.32389999999999997
0.3591
0.292
0.8415
1.5285
0.508
1.2402
0.662
0.5797
1.5747
0.6301
0.1266
0.1134
0.06910000000000001
0.07289999999999999
0.031
0.036699999999999997
0.0865
0.2208
0.1332
0.0528
0.0143
0.026600000000000002
0.0361
0.003
0.12179999999999999
0.0796
0.0599
0.6938
0.3788
0.2979
0.0572
0.07150000000000001
0.2486
0.2177
0.14800000000000002
0.1402
0.1353
0.13319999999999999
0.1333
0.132
0.1385
0.135
0.1496
0.1774
0.1208
0.1279
0.151
0.18009999999999998
0.1876
0.6603
0.2006
0.1974
0.901
0.9258
0.8755999999999999
0.4548
0.25529999999999997
0.198
0.19269999999999998
0.15739999999999998
0.1464
0.1421
0.13
0.13290000000000002
0.1393
0.2531
0.3829
0.18130000000000002
0.1522
0.23720000000000002
0.1987
0.1676
0.14279999999999998
0.9262
0.5156
0.675
1.4689999999999999
0.4266
0.5464
0.3845
0.3326
0.2682
0.0237
0.0187
0.019200000000000002
0.0179
0.0231
0.22769999999999999
0.35309999999999997
0.1563
0.1272
0.0926
0.1502
0.16060000000000002
0.23659999999999998
0.1481
0.1249
0.1061
0.1054
0.2149
0.3268
0.6526000000000001
0.1879
0.0438
0.0347
0.0291
0.0879
0.07469999999999999
0.0615
0.061700000000000005
0.064
0.07250000000000001
0.07089999999999999
0.1568
0.1614
0.0933
0.07419999999999999
0.045
0.049100000000000005
0.051500000000000004
0.07239999999999999
0.0723
0.6022
1.4264000000000001
1.3619999999999999
0.2455
0.29969999999999997
0.5489
0.2653
0.11449999999999999
0.0
0.0
0.0
0.0126
0.0163
0.0
1.3871
0.0955
0.0762
0.4807
1.2835
0.8999999999999999
1.5959
0.195
0.0
0.7541
0.5763
0.0168
0.26439999999999997
0.0483
0.0
0.0
0.0
0.0
0.122
0.10869999999999999
0.1069
0.101
0.10139999999999999
0.093
0.1297
0.15639999999999998
0.18159999999999998
0.2406
0.45999999999999996
0.417
0.7881
0.3827
0.33520000000000005
0.4729
0.4542
0.3123
0.2571
0.24939999999999998
0.2309
0.22089999999999999
0.1936
0.1512
0.2581
0.30500000000000005
0.27949999999999997
0.29279999999999995
0.5645
2.0403000000000002
0.477
0.2343
0.2686
0.1743
0.2222
0.242
0.28459999999999996
0.1998
0.2724
2.5585
2.5114
1.5451
1.8843
2.4114
3.6338
2.9036999999999997
2.5620000000000003
3.6058
0.13119999999999998
0.1191
0.12190000000000001
0.1222
0.1212
0.12029999999999999
0.15889999999999999
0.2979
0.0721
0.0671
0.055900000000000005
0.0474
0.0445
0.0402
0.0399
0.08410000000000001
0.1172
0.0467
0.0852
0.1013
0.0854
0.0902
0.1163
0.1281
0.0323
0.0173
0.0112
0.024
0.0162
0.017099999999999997
0.0166
0.0343
0.0675
0.128
0.2273
0.0994
0.0891
0.6582
0.1856
0.053599999999999995
0.0633
0.2918
0.48
0.4337
0.23660000000000003
0.7260000000000001
0.5976999999999999
0.07730000000000001
0.2318
0.19119999999999998
0.1694
0.155
0.1482
0.1542
0.16870000000000002
0.1809
0.1764
0.19290000000000002
0.4214
0.9782
0.4042
0.344
0.4989
0.3862
0.3967
0.3477
0.3034
0.5607
0.4215
0.47650000000000003
0.5755
0.42489999999999994
0.1154
0.10569999999999999
0.0998
0.0922
0.0998
0.20929999999999999
0.6746000000000001
0.3221
0.2219
0.1972
0.1815
0.14850000000000002
0.15389999999999998
0.1631
0.1743
0.2008
0.30000000000000004
1.0945
1.0072999999999999
1.0998
0.9008
0.3631
0.198
0.1289
0.2193
0.19390000000000002
0.1891
0.2137
0.22310000000000002
0.2009
0.1953
0.2249
0.24170000000000003
0.2811
0.1915
0.2279
0.6473
0.4375
0.1985
0.2205
0.31079999999999997
0.6811999999999999
0.8149
0.16110000000000002
0.1893
0.2087
0.2344
0.2227
0.0056
0.0035
0.008
0.0068000000000000005
0.0059
0.0049
0.0211
0.061700000000000005
0.18209999999999998
0.0703
0.0766
0.0592
0.0577
0.0557
0.0886
0.14329999999999998
0.4816
0.7712
0.1711
0.8395
0.37639999999999996
0.32930000000000004
0.8271
0.4593
0.0996
0.0942
0.0857
0.0811
0.0817
0.0965
0.3425
0.3327
0.1732
0.1982
0.1935
0.211
0.2023
0.1731
0.14939999999999998
0.15660000000000002
0.2578
0.5702
0.3814
0.3268
0.3579
0.3373
0.2435
0.1411
0.429
0.36970000000000003
0.39039999999999997
0.3534
0.2774
0.23099999999999998
0.19290000000000002
0.1722
0.1642
0.18930000000000002
0.2111
0.2892
0.4374
0.3331
0.3196
2.8457
0.2979
0.2124
0.4656
0.5845
0.381
0.3105
0.3024
0.3093
0.0
0.0
0.0
0.0
0.0
0.0
0.0015
0.0177
0.0023
0.0
0.0
0.0
0.0
0.0
0.0129
0.4573
0.20090000000000002
0.5537
0.1511
0.34929999999999994
0.1649
0.36810000000000004
0.2808
0.0053
0.1714
0.1555
0.1555
0.149
0.14279999999999998
0.1679
0.9467
0.40769999999999995
0.0905
0.0896
0.0762
0.0717
0.07400000000000001
0.064
0.0547
0.058699999999999995
0.6292
0.1743
0.2635
0.2982
0.3185
0.2933
0.31389999999999996
0.26239999999999997
0.1168
0.0926
0.0843
0.0832
0.07869999999999999
0.07819999999999999
0.08199999999999999
0.1053
0.1288
0.13529999999999998
0.13490000000000002
0.5052
0.9538
0.5863
0.1805
0.15610000000000002
0.14529999999999998
1.2106
0.3421
0.3674
0.402
0.3746
0.295
0.1956
0.1874
0.164
0.1471
0.1414
0.137
0.14450000000000002
0.15539999999999998
0.2067
0.23099999999999998
0.2023
0.2133
0.2734
0.22549999999999998
0.21660000000000001
0.2619
0.2908
0.4772
0.702
0.2021
0.2326
0.25839999999999996
0.2552
0.21889999999999998
0.18569999999999998
0.1359
0.1212
0.12580000000000002
0.12769999999999998
0.12040000000000001
0.1301
0.1534
0.1778
0.2281
0.1995
0.159
0.25870000000000004
0.3352
0.3912
0.6812
0.3165
0.3014
0.7771
0.19540000000000002
0.19119999999999998
0.18369999999999997
0.15460000000000002
0.1367
0.1229
0.22
0.2069
0.1896
0.17880000000000001
0.17209999999999998
0.1696
0.1676
0.1674
0.1673
0.3392
0.6009
0.5025
0.24930000000000002
0.2671
0.202
0.2164
0.3936
0.4653
0.3778
0.3382
0.3369
0.3502
0.34299999999999997
0.2914
0.1175
0.1066
0.0963
0.0933
0.0901
0.1018
0.1179
0.1372
0.1306
0.1365
0.1587
0.26649999999999996
0.37670000000000003
0.3453
0.7205
0.402
0.4342
1.2214
0.3742
0.4989
0.3729
0.2077
0.1422
0.118
0.3214
0.29000000000000004
0.2615
0.258
0.2455
0.2644
0.28090000000000004
0.3255
0.3597
1.5398
0.731
0.44389999999999996
1.1635
1.3696000000000002
0.6165
0.5467
0.9511000000000001
1.0209000000000001
0.6643
0.8267
0.6906
0.6311
0.7374
0.4907
0.32689999999999997
0.39790000000000003
0.4486
0.46940000000000004
0.3613
0.2819
0.3176
0.29259999999999997
0.5072
0.7218
0.4397
0.1646
0.1754
0.2207
0.36350000000000005
0.2898
1.1022
0.6824
0.26949999999999996
0.35550000000000004
0.28049999999999997
0.27080000000000004
0.2132
0.1751
0.0795
0.0781
0.07200000000000001
0.0717
0.06789999999999999
0.08310000000000001
0.1068
0.7264999999999999
0.41
0.09609999999999999
0.09259999999999999
0.08549999999999999
0.1006
0.1105
0.1043
0.09140000000000001
0.079
0.1259
0.1524
0.3801
0.3554
0.1794
0.1126
0.0791
0.2185
0.1824
0.1796
0.1658
0.1528
0.164
0.17709999999999998
0.5496
1.1935
0.3107
0.24230000000000002
0.2428
0.2247
0.2753
0.46140000000000003
1.6364999999999998
0.6474
0.6785000000000001
0.8452999999999999
0.6766000000000001
0.9504
2.7104999999999997
1.9521
0.5524
0.2355
0.2086
0.2202
0.2496
0.288
0.5751999999999999
0.4961
0.2213
0.14350000000000002
0.097
0.058399999999999994
0.0741
0.118
0.1834
0.7548
0.8942000000000001
0.4907
0.5807
0.2868
0.496
0.5612999999999999
0.548
0.6049
0.4516
0.1379
0.1266
0.1208
0.11510000000000001
0.1152
0.1274
0.7302
0.8712
0.23199999999999998
0.2235
0.2345
0.2812
0.2501
0.24280000000000002
0.2128
0.20800000000000002
0.5694
0.7015
0.6442
0.4937
0.5032000000000001
0.2915
0.17770000000000002
0.1467
0.1882
0.1619
0.1511
0.15189999999999998
0.1523
0.1622
0.1844
0.2148
0.237
0.2698
0.2791
0.265
0.416
0.4626
0.44830000000000003
0.4379
0.5044
1.6511
0.8232999999999999
0.7345999999999999
0.6167
0.5836
0.42169999999999996
0.2741
0.4337
0.38870000000000005
0.363
0.3563
0.3532
0.3537
0.35960000000000003
0.3962
0.5931
2.1201
0.9561
1.3984999999999999
1.3073000000000001
0.8467
0.6964
0.5877
0.5177
0.5887
0.7131000000000001
0.6045
0.6515
0.6417999999999999
0.6409
0.5641
0.1036
0.0936
0.091
0.0857
0.0775
0.0822
0.1033
0.2963
1.1437
1.5869
1.6812
0.8258000000000001
0.5737
0.5530999999999999
0.8974
0.7061
1.1902
0.8884000000000001
0.7008
0.6161
0.4582
0.30800000000000005
0.2015
0.14629999999999999
0.0011
0.0
0.0042
0.0
0.0
0.009
0.038400000000000004
0.1128
0.617
0.4262
0.053599999999999995
0.6204999999999999
0.7122999999999999
0.107
0.2979
1.3086
0.1483
0.0273
0.07239999999999999
0.708
0.0
0.0
0.0
0.0
0.1791
0.1595
0.1592
0.1531
0.1587
0.1718
0.30200000000000005
0.2968
0.2095
0.40459999999999996
0.3146
0.3182
0.2279
0.2277
0.2259
0.24730000000000002
0.1995
0.2818
0.4379
0.1622
0.216
0.2691
0.3577
0.2839
0.24720000000000003
0.2447
0.2278
0.21589999999999998
0.2031
0.2018
0.201
0.22399999999999998
0.7519
0.3439
0.1886
0.1631
0.1655
0.2022
0.2647
0.3181
0.258
0.2852
0.6244000000000001
0.3985
0.41400000000000003
0.5275000000000001
0.4405
0.3215
0.1591
0.1596
0.1563
0.1578
0.1484
0.1278
0.1237
0.1134
0.11080000000000001
0.12129999999999999
0.1956
0.08879999999999999
0.0905
0.1368
0.249
0.1593
0.387
0.1689
0.11760000000000001
0.1253
0.161
0.4761
0.1046
0.10930000000000001
0.0338
0.0292
0.023
0.0325
0.026000000000000002
0.0256
0.0347
0.3416
0.3591
0.0921
0.07629999999999999
0.062
0.2477
0.0857
0.0622
0.0314
0.665
0.1288
0.14500000000000002
0.3593
0.24570000000000003
0.24130000000000001
0.1709
0.0709
0.0794
0.0297
0.019799999999999998
0.038400000000000004
0.0232
0.0258
0.0235
0.0346
0.0089
1.2982
0.0696
0.2835
0.6113
0.6649
1.5987
0.22310000000000002
0.0406
0.0816
0.1489
0.1312
0.16199999999999998
0.2146
0.3506
0.1532
0.001
0.0008
0.0026
0.0009
0.0053
0.0186
0.0383
0.0668
0.0579
0.0107
0.0073
0.084
0.6385000000000001
0.238
0.1773
0.3134
0.8165
0.9450999999999999
0.5405
0.376
0.0784
0.0
0.0
0.0
0.3285
0.2565
0.26480000000000004
0.2572
0.2641
1.3060999999999998
1.3077999999999999
0.1814
0.117
0.12090000000000001
0.1354
0.1512
0.1482
0.16160000000000002
0.2845
0.7395
1.1388
2.2645
0.9878
0.6293
0.8592
0.492
0.3628
0.31410000000000005
0.2136
0.2006
0.19590000000000002
0.1859
0.1805
0.19280000000000003
0.2163
0.24580000000000002
0.2713
0.2835
0.28059999999999996
0.5205
0.8953
0.5986
0.3372
0.7053
0.4522
0.3431
0.4383
0.4712
0.6346
0.4181
0.2972
0.24369999999999997
0.3691
0.3208
0.30500000000000005
0.26739999999999997
0.2835
0.43100000000000005
0.8095
0.22039999999999998
0.1434
0.0946
0.17920000000000003
0.5498
0.2044
0.2198
0.22410000000000002
0.6867
0.40900000000000003
0.0878
0.0285
0.1472
0.22089999999999999
0.17009999999999997
0.1503
0.1848
0.0521
0.046200000000000005
0.0232
0.0526
0.0206
0.0405
0.0868
0.0875
0.5844
1.4807000000000001
0.6781
0.2905
0.0564
0.17670000000000002
0.5277
0.0817
0.2156
0.1778
0.6365000000000001
1.4020000000000001
0.0939
0.0182
0.0382
0.0339
0.07089999999999999
0.0615
0.054900000000000004
0.0519
0.055
0.0627
0.06989999999999999
0.0843
0.0784
0.0807
0.0937
0.132
0.4662
0.21150000000000002
0.2891
0.2283
0.2297
0.5645
0.312
0.3276
0.216
0.146
0.10089999999999999
0.0774
0.0482
0.038500000000000006
0.036199999999999996
0.0291
0.0316
0.0329
0.044
0.0627
0.0718
0.2236
0.4891
0.4335
0.69
0.5852
0.1456
0.158
0.1568
0.3268
0.2081
0.15639999999999998
0.12460000000000002
0.09140000000000001
0.08099999999999999
0.0631
0.1091
0.08310000000000001
0.07089999999999999
0.06820000000000001
0.0576
0.0605
0.0635
0.0737
0.19249999999999998
0.1999
0.1912
0.3909
0.21
0.1933
0.29610000000000003
0.3096
0.8257
1.3657
0.522
0.7143999999999999
0.6990000000000001
0.5126
0.40959999999999996
0.2244
0.1066
0.1047
0.0963
0.093
0.0901
0.0968
0.1368
0.3185
0.6911
0.3468
0.5047999999999999
0.3754
0.4094
0.2862
0.223
0.1928
0.2074
0.358
0.21889999999999998
0.2551
0.2711
0.2234
0.158
0.1175
0.16749999999999998
0.1604
0.15760000000000002
0.15649999999999997
0.1587
0.1747
0.2888
0.4682
0.2504
0.2041
0.1718
0.1671
0.16620000000000001
0.1721
0.1686
0.18430000000000002
0.2339
0.271
0.29410000000000003
0.2727
0.2828
0.2611
0.20700000000000002
0.175
0.0958
0.09459999999999999
0.0799
0.0654
0.0645
0.0509
0.0946
0.7377
0.16099999999999998
0.5056
0.39530000000000004
0.2002
0.10400000000000001
0.052599999999999994
0.0144
0.0086
0.0279
0.0387
0.0444
0.0564
0.07919999999999999
0.1041
0.12329999999999999
0.1033
0.14529999999999998
0.1301
0.14679999999999999
0.14279999999999998
0.1477
0.1691
0.235
0.3139
0.3859
0.39139999999999997
0.2725
0.1592
0.2091
0.8966
1.4158
1.8306
1.366
1.6796
1.0318
0.6656
0.5159
0.31120000000000003
0.1941
0.1642
0.09839999999999999
0.0745
0.0657
0.0612
0.0509
0.0346
0.44949999999999996
0.26880000000000004
0.0747
0.08940000000000001
0.0916
0.0969
0.1754
0.1227
0.122
0.5606
1.1475
0.535
0.29200000000000004
0.2401
0.2061
0.2219
0.314
0.246
0.1518
0.0986
0.1061
0.12040000000000001
0.08610000000000001
0.151
0.6547000000000001
0.7744
0.2395
0.15489999999999998
0.2123
0.2065
0.24230000000000002
0.2669
0.2729
0.8585
3.3235
3.4076
2.8819
2.2862
1.2287
1.0296
1.7844000000000002
0.6453
0.09759999999999999
0.1008
0.0922
0.0809
0.10220000000000001
0.0628
0.9725
0.6664
0.2002
0.26380000000000003
0.3618
0.6552
0.47
0.3153
0.2544
0.8971
0.8982
0.2683
0.3459
0.45299999999999996
0.6479999999999999
0.5435
0.3347
0.172
0.0659
0.0432
0.037599999999999995
0.0435
0.0419
0.0437
0.0453
0.0996
0.2476
0.3472
0.193
0.0906
0.0779
0.0634
0.0674
0.0837
0.0949
0.7459
1.5486
0.2571
0.2228
0.26880000000000004
0.4897
0.19090000000000001
0.1349
0.1249
0.13140000000000002
0.1236
0.13019999999999998
0.14329999999999998
0.17880000000000001
0.2589
0.2575
0.572
0.2626
1.3780000000000001
0.5228
0.2344
0.1728
0.7463
0.3013
0.4134
0.1647
0.15
0.17559999999999998
0.16449999999999998
0.1668
0.1449
0.9139
0.8775
0.4344
0.4817
0.501
0.8739
1.0692
0.3622
0.0854
0.0548
0.0374
0.035500000000000004
0.0551
0.0533
0.0532
0.0818
0.12380000000000001
0.9727000000000001
0.7773
0.5972
0.3587
0.3275
0.25980000000000003
0.1932
0.032
0.0
0.0492
0.0464
0.032
0.023799999999999998
0.02
0.0102
0.030699999999999998
0.0026
0.0
0.0065
0.0
1.0211999999999999
0.8229000000000001
2.0812
0.5912
0.2979
0.5062
0.6629
2.9317
1.1047
0.19529999999999997
0.0819
0.5023
0.6213
1.5846
1.3986999999999998
0.7954
0.6308
0.7854
0.739
0.2042
0.0932
0.07919999999999999
0.0706
0.0743
0.076
0.1573
0.889
1.1759
0.402
0.5065999999999999
1.17
0.7356
0.38739999999999997
0.2956
0.23170000000000002
0.14679999999999999
0.1313
0.1195
0.119
0.11530000000000001
0.1189
0.1081
0.1306
0.4141
0.1865
0.1573
0.12210000000000001
0.0816
0.0877
0.09
0.1194
0.3414
0.4254
0.191
0.1405
0.1983
0.24919999999999998
0.19779999999999998
0.16620000000000001
0.0036
0.0131
0.0048
0.0013
0.0087
0.0121
0.0327
0.0794
0.24220000000000003
0.5685
0.8082
0.7178
0.5465
0.3088
0.12340000000000001
0.0802
0.131
0.3542
0.33999999999999997
0.3923
0.087
0.0022
0.0
0.0
0.07350000000000001
0.0605
0.0557
0.0516
0.051000000000000004
0.0547
0.067
0.0983
0.1439
0.2109
0.44930000000000003
0.2529
0.2128
0.19090000000000001
0.2263
0.45289999999999997
0.9187000000000001
0.3319
0.4891
0.5932
0.3961
0.3329
0.1971
0.10519999999999999
0.12869999999999998
0.11879999999999999
0.1076
0.1069
0.1081
0.1096
0.1232
0.1558
0.3046
0.7377
0.6314
0.7214
0.6866
0.2561
0.20350000000000001
0.1748
0.19319999999999998
0.3297
0.3929
0.5728
0.501
0.43069999999999997
0.3006
0.17880000000000001
0.2283
0.199
0.1749
0.173
0.1631
0.19069999999999998
0.2593
0.19490000000000002
0.1206
0.1062
0.12990000000000002
0.1362
0.12840000000000001
0.12669999999999998
0.1843
0.2554
0.5379
0.4095
0.25770000000000004
0.3417
0.4525
0.9069
0.5740000000000001
0.2764
0.2385
0.24280000000000002
0.36040000000000005
0.1747
0.1285
0.0852
0.0566
0.0558
0.0441
0.0781
0.0859
0.0815
0.077
0.0959
0.1242
0.2931
0.2938
0.2449
0.387
0.1232
0.062
1.5032
0.1359
0.2323
0.2484
0.2259
0.20989999999999998
0.2019
0.19140000000000001
0.19940000000000002
0.2108
0.2342
0.2522
0.2777
0.3326
0.6223
0.3711
0.4718
0.5993999999999999
0.4314
0.7368999999999999
0.8968
0.3654
0.34750000000000003
0.3528
0.32989999999999997
0.2834
0.252
0.0844
0.0758
0.0685
0.0674
0.0658
0.069
0.07680000000000001
0.1399
0.16060000000000002
0.1607
0.1273
0.13890000000000002
0.1078
0.0887
0.07650000000000001
0.08510000000000001
0.12079999999999999
0.22240000000000001
0.1765
0.1544
0.1381
0.135
0.12140000000000001
0.09809999999999999
0.0153
0.0115
0.016300000000000002
0.0079
0.0178
0.0045
0.0577
1.5035
0.5797
0.0
0.0
0.0
0.0
0.0
0.0
0.0
0.3386
1.3569
1.5136
2.448
0.3169
0.0935
0.0165
0.0063
0.0234
0.0034000000000000002
0.0009
0.0058
0.0054
0.0011
0.0057
0.0138
0.020200000000000003
0.0417
0.038400000000000004
0.0879
0.1704
0.40069999999999995
0.062299999999999994
0.1119
0.279
0.08510000000000001
0.3945
0.3763
0.739
0.2577
0.2037
0.1303
0.048799999999999996
0.036199999999999996
0.0212
0.0222
0.0216
0.0172
0.017599999999999998
0.020999999999999998
0.0131
0.7705
0.12840000000000001
0.0865
0.0805
0.0952
0.1042
0.11610000000000001
0.1208
0.11230000000000001
0.2037
0.3447
0.35450000000000004
0.3635
0.1811
0.0837
0.1661
0.1483
0.1063
0.11069999999999999
0.1131
0.15139999999999998
0.0758
0.047
0.044
0.039
0.0666
0.043
0.055
0.07200000000000001
0.1252
0.1512
0.1053
0.4807
0.22200000000000003
0.31079999999999997
0.8489
0.383
0.20450000000000002
0.159
0.1357
0.1125
0.1197
0.1084
0.1111
0.12459999999999999
0.16599999999999998
1.3161
0.6774
0.27349999999999997
0.4092
0.8432999999999999
0.6516
0.4199
0.3265
1.4251
1.6844000000000001
1.9663
0.7563
0.3938
0.3421
0.2713
0.21000000000000002
0.16649999999999998
0.13040000000000002
0.1159
0.1133
0.1106
0.1115
0.0856
0.6717
0.3846
0.1078
0.09129999999999999
0.0925
0.0889
0.0883
0.08710000000000001
0.0793
0.0941
0.0953
1.2706
1.2149
0.6804
0.31279999999999997
0.2727
0.20179999999999998
0.1575
0.0726
0.0513
0.054900000000000004
0.04820000000000001
0.0586
0.0181
0.8327
0.5913
0.0
0.0
0.0
0.0
0.0
0.0
0.0
0.0
0.0599
0.7012
2.9095
1.1179999999999999
0.3694
0.2505
0.1855
0.15
0.201
0.191
0.1436
0.0917
0.072
0.0635
0.0613
0.0791
0.0867
0.08940000000000001
0.12210000000000001
0.1646
0.21710000000000002
0.21050000000000002
0.20879999999999999
0.12789999999999999
0.1452
0.3024
1.2384
0.7701
0.29209999999999997
0.1488
0.133
0.12840000000000001
0.09970000000000001
0.10239999999999999
0.1074
0.1066
0.1157
0.20190000000000002
0.21739999999999998
0.1676
0.155
0.18209999999999998
0.3366
0.0854
0.09820000000000001
0.1275
0.1503
0.8323
1.3593
1.069
0.36160000000000003
0.2072
0.20929999999999999
0.16720000000000002
0.1049
0.09620000000000001
2.4338
0.6443
0.3812
1.0343
0.1314
0.0164
0.078
0.09739999999999999
0.0454
0.051199999999999996
0.022699999999999998
0.0089
1.5886999999999998
0.19190000000000002
0.1291
0.10289999999999999
0.1845
0.14800000000000002
0.9466000000000001
0.4235
0.1193
0.121
0.0451
0.0082
0.24159999999999998
0.24209999999999998
0.25370000000000004
0.2759
0.27590000000000003
0.29800000000000004
0.3538
0.49870000000000003
1.5754000000000001
0.9968999999999999
0.4444
0.35550000000000004
0.2586
0.2389
0.2266
0.2569
0.8118
0.7256
0.6930000000000001
0.2557
0.2949
0.2296
0.19090000000000001
0.1948
0.040400000000000005
0.044
0.0078
0.0
0.0
0.0
0.0
0.0
0.0015
0.0453
0.145
0.051699999999999996
0.076
0.126
0.0151
0.0
0.0
0.0
0.0927
0.7185
0.1774
0.1709
0.1444
0.0866
0.11599999999999999
0.1073
0.09770000000000001
0.0938
0.0916
0.0931
0.129
0.3267
0.5416000000000001
0.35419999999999996
0.3901
0.4505
0.4394
0.3321
0.32530000000000003
0.3348
1.02
0.5357000000000001
0.49219999999999997
0.6625
0.5804
0.5052
0.3392
0.17980000000000002
0.0167
0.0
0.0
0.0
0.0
0.0
0.6119
0.5761
0.0
0.0
0.0064
0.0
0.0
0.0
0.0
0.0
0.0
0.0
0.0
0.0
0.0386
0.10619999999999999
0.0614
0.0
0.37829999999999997
0.32389999999999997
0.29979999999999996
0.2867
0.27490000000000003
0.262
0.2475
0.24969999999999998
0.2361
0.24
0.241
0.2801
0.7736000000000001
0.47350000000000003
0.3756
0.366
0.357
0.3629
0.39759999999999995
0.6482
0.6372
0.43820000000000003
0.4075
0.39890000000000003
0.2471
0.2331
0.2416
0.26039999999999996
0.31579999999999997
0.39170000000000005
0.3378
0.2783
0.23800000000000002
0.2286
0.2265
0.2693
0.47759999999999997
0.3911
0.4357
0.5679000000000001
0.9610000000000001
1.5106000000000002
0.5961
1.0518
0.45189999999999997
0.2326
0.2008
0.197
0.5396
0.0977
0.0
0.0
0.0
0.0
0.0
0.0134
0.0435
0.011600000000000001
0.0011
0.1464
0.063
0.5191
0.4575
0.20940000000000003
0.1879
0.591
1.2813999999999999
0.1063
0.1173
0.1264
0.17959999999999998
0.18630000000000002
0.1512
0.1406
0.1341
0.13479999999999998
0.1452
0.15289999999999998
0.1808
0.2324
0.24180000000000001
0.273
0.1884
0.1429
0.9027999999999999
0.8534999999999999
0.212
0.2405
0.3741
0.39849999999999997
0.5054000000000001
0.4354
0.272
0.2486
0.2137
0.173
0.40559999999999996
0.253
0.2399
0.2383
0.22799999999999998
0.2599
0.2818
1.0577
0.5066
0.7789
0.2943
0.2086
0.16299999999999998
0.1117
0.0834
0.11479999999999999
0.16749999999999998
0.2721
0.5926
0.4468
0.3996
0.3275
0.4734
0.3954
0.0812
0.07680000000000001
0.07680000000000001
0.0676
0.0698
0.0763
0.11599999999999999
0.2513
0.4003
0.5149
0.2933
0.7915000000000001
0.33340000000000003
0.1617
0.1659
0.2188
0.49970000000000003
0.31589999999999996
0.2647
0.2192
0.20850000000000002
0.18280000000000002
0.1578
0.10930000000000001
0.1106
0.1138
0.1085
0.1067
0.1037
0.1206
0.1743
0.5367
0.5994
0.32010000000000005
0.3346
0.24769999999999998
0.2966
0.2788
0.2606
0.2667
0.5958
0.7575000000000001
0.3662
0.445
0.2863
0.2031
0.1431
0.1174
0.1411
0.1441
0.1607
0.18430000000000002
0.2041
0.3143
0.3076
0.3538
0.32630000000000003
0.21799999999999997
0.1436
0.08940000000000001
0.0901
0.1047
1.6336
0.9164
0.5775
0.606
0.47850000000000004
1.1412
1.6743999999999999
0.0671
0.1328
0.1015
0.0953
0.109
0.12079999999999999
0.1245
0.1283
0.18480000000000002
0.2625
0.3123
0.4392
0.1603
0.1946
1.2177
0.4848
0.3236
0.7069000000000001
0.3461
0.48319999999999996
0.346
0.2872
0.3447
0.1711
0.0824
0.057300000000000004
0.07780000000000001
0.2153
0.1961
0.19030000000000002
0.1861
0.1881
0.1918
0.2165
0.2579
0.3579
0.4215
0.37670000000000003
0.30920000000000003
0.303
0.3307
0.34909999999999997
0.366
0.3899
0.7295999999999999
1.1534
0.6259
0.6971
0.9802000000000001
0.41259999999999997
0.2417
0.0144
0.0464
0.0385
0.0188
0.0276
0.2031
0.374
0.02
0.0048
0.23
0.0146
0.0
0.0
0.0
0.0
0.0
0.0
0.0
0.1267
0.1359
0.06989999999999999
0.5698000000000001
0.08410000000000001
0.0168
0.1492
0.1328
0.127
0.12459999999999999
0.1251
0.13440000000000002
0.14629999999999999
0.13440000000000002
0.12110000000000001
0.1335
0.1349
0.1893
0.20529999999999998
0.1681
0.1597
0.2244
0.20350000000000001
0.1515
0.17009999999999997
0.20779999999999998
0.2889
0.2408
0.21239999999999998
0.1881
0.08099999999999999
0.0655
0.06559999999999999
0.0597
0.0495
0.057300000000000004
0.0361
0.059300000000000005
0.13999999999999999
1.6172
1.0732
0.3973
0.3386
0.5635
0.23009999999999997
0.1505
0.127
0.1131
0.1412
0.6384000000000001
1.585
1.2559999999999998
0.3837
0.134
0.1477
0.12819999999999998
0.1195
0.1147
0.1085
0.1192
0.1396
0.1906
0.24739999999999998
0.40490000000000004
0.47640000000000005
1.1239
0.44099999999999995
0.5857
0.44589999999999996
0.2848
0.6237
0.5026
0.4622
1.1367
0.6414
0.5295000000000001
0.3811
0.2348
0.0654
0.0598
0.0533
0.0571
0.0629
0.257
0.3276
0.0833
0.0654
0.0843
0.088
0.08410000000000001
0.0795
0.0903
0.0842
0.1978
0.5271
0.6644
0.3922
1.0866
0.674
0.1412
0.07300000000000001
0.0741
0.1104
0.10550000000000001
0.1037
0.1021
0.10020000000000001
0.1105
0.1523
0.2143
0.419
0.263
0.7343
0.25939999999999996
0.5991
0.2036
1.1570999999999998
0.2192
0.253
0.394
0.32689999999999997
0.387
0.2025
0.14529999999999998
0.1195
0.1073
0.0698
0.0623
0.0586
0.0618
0.063
0.066
0.0679
0.0683
0.0681
0.0774
0.06520000000000001
0.0509
0.0969
0.1105
0.1185
0.126
0.1199
0.0977
0.1041
0.176
0.137
0.1479
0.1369
0.0955
0.25
0.2671
0.3029
0.4686
0.4782
0.3632
0.4397
0.5038
0.5858
0.46340000000000003
0.4365
0.365
0.8309
2.1054
1.4119000000000002
0.4284
0.3769
0.345
0.6507000000000001
1.1414
0.431
0.27959999999999996
0.2218
0.22210000000000002
0.1064
0.0826
0.06689999999999999
0.07400000000000001
0.0742
0.0933
0.156
0.21199999999999997
0.261
0.1777
0.6494
1.58
2.7086
0.2833
0.1331
0.0619
1.0148
0.20329999999999998
0.059000000000000004
0.0659
0.1827
0.6263000000000001
0.6589
0.1615
0.039099999999999996
0.0335
0.0297
0.0346
0.0377
0.0335
0.0341
0.0233
0.0185
0.039
0.0387
0.0186
0.0328
0.0988
0.0404
0.050600000000000006
0.0529
0.07780000000000001
0.1969
0.1006
0.0996
0.10339999999999999
0.0663
0.0443
0.0
0.0004
0.0115
0.0145
0.0183
0.019
0.0435
0.1187
0.4821
1.6793
2.4279
2.0985
0.8852
1.0312000000000001
1.1412
1.0361
1.3368
0.6157
0.2942
0.1183
0.021400000000000002
0.0022
0.030699999999999998
0.016399999999999998
0.067
0.0623
0.0548
0.0565
0.058300000000000005
0.0582
0.07819999999999999
0.1558
0.243
0.2269
0.2718
0.2573
0.213
0.1996
0.29900000000000004
0.31579999999999997
0.349
0.8375
0.5504
0.6561999999999999
0.8353
0.5253
0.23260000000000003
0.1081
0.0921
0.0731
0.061
0.058399999999999994
0.052199999999999996
0.054400000000000004
0.0445
0.0495
0.1131
0.4183
0.1154
0.3236
0.0574
0.10880000000000001
0.485
0.1514
0.4537
0.3915
0.0876
0.0412
0.0544
0.0625
0.1053
0.1038
0.0043
0.0014
0.0
0.003
0.0028
0.0013
0.0005
0.036199999999999996
0.1256
0.0866
0.0774
0.09140000000000001
0.066
0.0612
0.07339999999999999
0.132
0.1488
0.1395
0.2555
0.29969999999999997
0.4337
0.2847
0.12459999999999999
0.0311
0.0126
0.0208
0.0358
0.0536
0.062
0.09559999999999999
0.1773
0.27659999999999996
0.5855
0.5405
0.2354
0.3287
1.0304
0.4528
0.7536
0.3163
0.30779999999999996
2.3007
0.5704
0.0921
0.0094
0.0039
0.0034
0.0131
0.1997
0.181
0.1648
0.1387
0.097
0.6366999999999999
0.6353
0.35109999999999997
0.2831
1.655
0.7581
0.5202
1.0463
0.3179
0.315
1.1649
0.6972
0.45620000000000005
0.35450000000000004
0.3508
0.3675
0.4134
0.4084
0.3282
0.2439
0.2119
0.2311
0.21539999999999998
0.1951
0.2193
0.2492
0.2986
0.2904
0.2814
0.9115
1.506
0.7107
3.2968
0.4959
0.98
0.9875
0.4374
0.3745
0.4441
0.3402
0.2575
0.2255
0.20700000000000002
0.1775
0.1572
0.1473
0.1414
0.1361
0.1272
0.1315
0.1393
0.1446
0.5877
0.1461
0.36779999999999996
0.37029999999999996
0.312
0.132
0.1306
0.1785
0.171
0.344
0.156
0.19340000000000002
0.2233
0.36660000000000004
0.3014
0.0786
0.0587
0.0533
0.0484
0.045399999999999996
0.042499999999999996
0.045799999999999993
0.0466
0.0456
0.0722
0.2201
0.178
0.1215
0.5388999999999999
0.3925
0.225
0.3535
0.3983
0.26
0.40059999999999996
0.48719999999999997
0.5071
0.1867
0.1184
0.0
0.0
0.0
0.0
0.0
0.0
0.0007
0.41579999999999995
0.6423
0.4334
0.8424
0.2413
0.4383
0.0
0.428
0.042899999999999994
0.0
0.023100000000000002
0.0568
0.0
0.0
0.0
0.0
0.0
0.1622
0.1552
0.15560000000000002
0.1533
0.14629999999999999
0.15510000000000002
0.4413
0.45740000000000003
0.1128
0.0806
0.06
0.0514
0.0445
0.057999999999999996
0.0934
0.18409999999999999
0.2488
1.8154
0.9503999999999999
0.7658
0.46699999999999997
0.4916
0.32130000000000003
0.2168
0.0078
0.0
0.0
0.0
0.0
0.0
0.0
0.0
0.0
0.0
0.0
0.001
0.0547
0.0
0.0
0.0
0.0
0.0091
0.0
0.08410000000000001
0.05450000000000001
0.0178
0.0117
0.0016
0.1224
0.1382
0.2394
0.17420000000000002
0.122
0.1293
0.1477
0.1624
0.1166
1.0748
1.1723
1.2414999999999998
0.6316999999999999
1.3719999999999999
0.3621
0.1976
0.1496
0.1699
0.2067
0.1839
0.1121
0.096
0.0859
0.0736
0.059
0.056999999999999995
0.06459999999999999
0.0656
0.0784
0.094
0.1244
0.1047
0.0797
0.0649
0.0543
0.062
0.14229999999999998
0.2885
0.2932
0.8704000000000001
0.704
0.6242
0.4083
0.5159
0.3389
0.10850000000000001
0.050100000000000006
0.056
0.0
0.0
0.0
0.0096
0.0027
0.0
1.2775
0.0
0.0
0.005
0.0032
0.0
0.0119
0.0
0.0149
0.582
1.6159
1.2846
0.0955
0.1557
0.1583
0.1101
0.0
0.0
0.1269
0.1511
0.1247
0.1185
0.1177
0.1238
0.15710000000000002
0.24620000000000003
0.31020000000000003
0.2606
0.8647
0.3687
0.5384
0.26180000000000003
0.2395
0.22699999999999998
0.2355
0.7635000000000001
1.6145
0.521
0.3891
0.3435
0.2651
0.1804
0.1787
0.1281
0.1132
0.10830000000000001
0.11649999999999999
0.1402
0.2656
0.1769
0.1074
0.14029999999999998
0.1472
0.1414
0.12990000000000002
0.11699999999999999
0.11
0.1253
0.2448
0.7531
0.3303
0.45899999999999996
0.9382999999999999
0.325
0.3214
0.2344
0.0598
0.059300000000000005
0.061
0.07150000000000001
0.1042
0.1758
0.3877
0.5139
0.5573
0.6193
0.4244
0.6121
1.5693
0.3917
0.6099
0.4406
0.2463
0.2741
0.7894
0.2762
0.11779999999999999
0.07819999999999999
0.0886
0.06659999999999999
0.6797
0.2273
0.11000000000000001
0.1267
0.10669999999999999
0.1143
0.1144
0.24369999999999997
0.4253
0.12819999999999998
0.0532
0.036199999999999996
0.045399999999999996
0.0284
0.0266
0.0445
0.1044
1.7045
1.6526
1.329
0.4544
0.371
0.3446
0.8607
0.11610000000000001
0.0972
0.3053
0.0965
0.093
0.0834
0.089
0.09659999999999999
0.0885
0.081
0.018099999999999998
0.0465
0.0952
0.4658
0.7274
0.2364
0.0746
0.2846
0.32949999999999996
0.0972
0.1129
0.1359
0.2369
0.2485
0.4762
0.47640000000000005
0.4586
0.4601
0.47240000000000004
0.45840000000000003
0.5572999999999999
0.6274
0.5595
0.4625
0.6217
0.5186999999999999
0.41790000000000005
0.41369999999999996
0.4636
0.5342
1.0911
2.8327
2.2691
0.5607
0.5209
0.4495
0.3559
0.3433
0.0017
0.0
0.0
0.0
0.0
0.0
0.0
0.0
0.0079
0.1895
0.23620000000000002
0.39680000000000004
0.2823
0.3993
0.3769
1.0038
0.5643
0.2433
0.1899
0.2104
0.1834
0.1865
0.12619999999999998
0.0327
0.0385
0.0275
0.027299999999999998
0.0281
0.0266
0.0334
0.0494
0.0576
0.0699
0.07780000000000001
0.1074
0.023
0.0349
0.2756
0.2296
0.0505
0.044700000000000004
0.10289999999999999
0.07050000000000001
0.1832
0.1491
0.12129999999999999
0.0606
0.0256
0.0634
0.0539
0.0526
0.0525
0.051199999999999996
0.056499999999999995
0.06709999999999999
0.11699999999999999
0.1795
0.243
0.3884
0.3317
0.1572
0.14529999999999998
0.1634
0.5225
0.4046
0.2399
0.1723
0.182
0.2502
0.4061
0.2435
0.1149
0.3515
0.3195
0.2985
0.27980000000000005
0.2693
0.2772
0.28159999999999996
0.27390000000000003
0.5773
1.1791
0.4666
1.2894999999999999
0.6014999999999999
0.5312
0.8961
0.3911
0.3292
0.39549999999999996
0.49119999999999997
0.4058
0.4995
0.7494000000000001
0.9659
0.7043999999999999
0.0963
0.0947
0.09079999999999999
0.0878
0.1048
0.161
0.158
0.1544
0.16699999999999998
0.46099999999999997
0.4833
0.2576
0.2404
0.1839
0.12
0.1486
0.19979999999999998
0.2119
0.3156
0.2428
0.21589999999999998
0.14279999999999998
0.10139999999999999
0.092
0.1725
0.1451
0.1274
0.13040000000000002
0.1283
0.13690000000000002
0.1815
0.1629
0.13879999999999998
0.1478
0.1621
0.1442
0.1805
0.1612
0.187
0.19840000000000002
0.1857
0.3278
0.573
0.44220000000000004
0.9702
0.28290000000000004
0.2375
0.1952
0.0327
0.023899999999999998
0.0227
0.022699999999999998
0.0211
0.038900000000000004
0.1028
0.211
0.16749999999999998
0.1612
0.1353
0.0949
0.1051
0.1056
0.0902
0.0664
1.3375
1.6007
0.3325
0.1832
0.1284
0.055900000000000005
0.0213
0.0191
0.1057
0.0973
0.0986
0.0928
0.0985
0.1115
0.184
0.3002
0.46629999999999994
0.751
0.5923
0.9513
0.9068
0.4043
0.3299
0.3512
0.599
0.5454
0.5047
0.4589
0.4606
0.36060000000000003
0.2192
0.13579999999999998
0.08
0.0678
0.0505
0.0656
0.0263
0.028499999999999998
0.0541
0.0761
0.1031
0.22299999999999998
0.16820000000000002
0.1252
0.1951
0.2757
0.2307
0.1442
2.2927
0.6865
1.681
0.5639
0.7494
2.1151
0.0707
0.08729999999999999
0.0805
0.07350000000000001
0.06870000000000001
0.0684
0.0691
0.2167
0.3588
0.1303
0.1052
0.1091
0.12990000000000002
0.11410000000000001
0.14190000000000003
0.1533
0.2389
0.2123
0.2033
0.41579999999999995
0.3009
0.5227999999999999
0.4208
0.1935
0.1008
0.0806
0.09440000000000001
0.08679999999999999
0.08990000000000001
0.08199999999999999
0.0769
0.087
0.1115
0.1403
0.13679999999999998
0.1366
0.1285
0.1168
0.7832
0.6257999999999999
0.5932999999999999
0.8836999999999999
0.385
0.2437
0.29100000000000004
0.7637
0.3739
0.19979999999999998
0.134
0.1051
0.101
0.0853
0.0774
0.07769999999999999
0.07830000000000001
0.0814
0.0953
0.1202
0.2833
0.5859
0.2219
0.2554
0.2784
0.5084
0.2324
0.0716
0.086
0.1329
0.11939999999999999
0.1357
0.1983
0.2518
0.2021
0.1253
0.20579999999999998
0.18309999999999998
0.18480000000000002
0.1777
0.17149999999999999
0.191
0.2275
0.26080000000000003
0.4013
0.4064
0.6783
1.5447000000000002
0.5221
0.4006
0.5094
1.328
1.7673
0.4341
0.3836
0.473
0.44899999999999995
0.41459999999999997
0.31120000000000003
0.2359
0.1115
0.1133
0.1147
0.11779999999999999
0.12279999999999999
0.13319999999999999
0.1405
0.14379999999999998
0.16670000000000001
0.1682
0.11399999999999999
0.0955
0.1037
0.1189
0.1242
0.1279
0.4294
0.2025
0.1502
0.1556
0.13269999999999998
0.12159999999999999
0.1053
0.0983
0.1248
0.1038
0.0988
0.0942
0.0898
0.093
0.1169
0.2727
0.19019999999999998
0.1435
0.14229999999999998
0.1755
0.16720000000000002
0.1361
0.1213
0.492
0.4504
0.33430000000000004
0.6659
0.21839999999999998
0.2328
0.25529999999999997
0.3016
0.24130000000000001
0.3792
0.3526
0.3319
0.3166
0.29410000000000003
0.2952
0.29910000000000003
0.3761
0.614
1.4441
1.0127
1.011
0.1832
0.19340000000000002
0.2366
0.3435
0.3247
0.3699
0.522
0.3738
0.4135
0.8472999999999999
0.7065
0.6849
0.17149999999999999
0.15439999999999998
0.1485
0.1461
0.13779999999999998
0.27890000000000004
0.5357999999999999
0.31589999999999996
0.2761
0.2565
0.2786
0.35860000000000003
0.6615
0.3563
0.3493
1.0813000000000001
0.2945
0.4881
0.5184
0.3351
0.7526999999999999
0.5206
0.34550000000000003
0.2238
0.1601
0.14429999999999998
0.1375
0.1353
0.1311
0.1308
0.1306
0.278
0.1971
0.187
0.1567
0.1306
0.1048
0.097
0.08979999999999999
0.1016
0.0936
0.1031
0.1871
0.1908
0.19090000000000001
0.2072
0.2258
0.1982
0.1663
0.183
0.22820000000000001
0.3105
0.21889999999999998
0.1556
0.1343
0.12990000000000002
0.13119999999999998
0.1244
0.1279
0.0928
0.3426
0.4369
0.175
0.1509
0.1623
0.3066
0.9181999999999999
1.0503
1.0401
0.5304
0.4471
1.0733
0.1275
0.1267
0.1386
0.14279999999999998
0.14300000000000002
0.1618
0.1906
0.19729999999999998
0.1795
0.1056
0.0771
0.0582
0.1082
0.1334
0.7232
0.9153
1.6211
0.5472
0.1028
0.20340000000000003
0.4129
0.2693
0.1588
0.1205
0.0867
0.0758
0.0716
0.0669
0.0634
0.19369999999999998
0.3759
0.1041
0.0859
0.0839
0.1639
0.0926
0.5976
0.0704
0.08510000000000001
0.1219
0.0975
1.1663
0.3245
0.6755
0.711
0.09290000000000001
0.10020000000000001
0.0769
0.2301
0.2004
0.2015
0.2177
0.1987
0.3648
1.9659
0.46220000000000006
0.184
0.1114
0.667
0.1875
0.22699999999999998
0.21439999999999998
0.23270000000000002
0.22999999999999998
0.2243
0.3079
0.1999
1.1607
0.34740000000000004
0.47659999999999997
0.4214
0.2958
0.1714
0.161
0.15439999999999998
0.1479
0.14529999999999998
0.1561
0.1764
0.19690000000000002
0.2308
0.2656
0.2807
0.6557999999999999
0.3526
0.3194
0.3114
0.26139999999999997
0.7028
0.49150000000000005
0.4718
0.5164
0.461
0.3189
0.2196
0.17880000000000001
0.5219
0.5322
0.52
0.5168999999999999
0.49939999999999996
0.4727
0.47919999999999996
0.479
1.2744
0.44730000000000003
0.3003
0.319
0.3225
0.302
0.3012
0.3591
0.589
1.2918
0.7622
1.3199999999999998
0.9779
0.5593
0.5214000000000001
0.495
0.1005
0.0906
0.0865
0.0784
0.0827
0.0691
0.0853
0.1369
0.1587
0.1378
0.0276
0.3324
1.173
0.1886
0.0212
0.0412
0.2114
0.4759
0.1028
0.0511
0.0935
0.1113
0.1206
0.1149
0.0364
0.0234
0.0245
0.0211
0.0146
0.0221
0.0312
0.0337
0.48900000000000005
0.25880000000000003
0.1506
0.2318
0.0684
0.0561
0.0308
0.0296
0.3017
0.2814
0.137
0.2355
0.38739999999999997
0.9506999999999999
0.317
0.0745
0.055400000000000005
0.051199999999999996
0.047
0.0479
0.0461
0.0536
0.0641
0.1166
0.20929999999999999
0.14639999999999997
0.09090000000000001
0.06129999999999999
0.0703
0.0797
0.09029999999999999
0.1407
0.19
0.2079
0.3611
0.1972
0.1383
0.1132
0.0796
0.0569
0.0401
0.0343
0.029
0.0293
0.03
0.0368
0.1136
0.15259999999999999
0.0639
0.0759
0.0688
0.051699999999999996
0.0552
0.0562
0.0537
0.06609999999999999
0.10969999999999999
0.1216
0.1407
0.1704
0.1787
0.2126
0.1621
0.0762
0.0184
0.0124
0.0039000000000000003
0.0082
0.0066
0.0
0.006
0.0177
0.0252
0.0051
0.0005
0.0
0.8799
0.18630000000000002
0.0439
0.045899999999999996
0.447
1.4131
0.7234
0.6932
0.5772999999999999
0.4154
0.4742
0.0994
0.0751
0.0592
0.0806
0.0634
0.0707
0.0727
0.08199999999999999
0.0758
0.1064
0.39260000000000006
0.1849
0.8030999999999999
1.1093
0.4208
0.1905
1.2893
0.2313
0.24280000000000002
0.8296
2.8102
1.4912
0.2889
0.1746
0.1293
0.1076
0.0657
0.0433
0.023399999999999997
0.019200000000000002
0.0124
0.0124
0.0079
0.0012
0.0045000000000000005
0.0586
0.0936
0.3156
0.3261
0.3258
0.0568
0.0292
0.0168
0.0955
0.2631
0.2401
0.1562
0.15589999999999998
0.1376
0.1582
0.1389
0.13240000000000002
0.3527
0.599
0.3181
0.3187
0.3549
0.27449999999999997
0.1758
0.0221
0.0
0.0039000000000000003
0.0
0.0
0.0478
0.4576
0.6314
1.8784
0.4028
0.15589999999999998
0.2307
0.294
0.1936
0.34199999999999997
0.4204
0.351
0.3063
0.2835
0.2864
0.3035
0.38870000000000005
0.4717
0.5597
0.4353
0.2311
0.2403
0.2618
0.3232
0.31220000000000003
0.2747
0.2889
0.3941
0.5724
0.3889
0.436
0.512
0.34950000000000003
0.0352
0.0336
0.0316
0.0329
0.0359
0.051500000000000004
0.09159999999999999
0.2081
0.14479999999999998
0.1355
0.1178
0.1701
0.0859
0.0877
0.07550000000000001
0.0945
0.1114
0.0892
0.1043
0.0766
0.0503
0.0258
0.022600000000000002
0.0242
0.13419999999999999
0.0974
0.0997
0.0975
0.097
0.0959
0.1432
0.3637
0.4139
0.5089
1.1435
0.5727
0.5908
0.1691
0.112
0.1048
0.20479999999999998
0.7846
0.2778
0.3363
0.31820000000000004
0.2528
0.1885
0.1331
0.1609
0.1538
0.1385
0.1353
0.1261
0.1402
0.1886
0.6950000000000001
0.9020999999999999
0.3826
0.3382
0.4606
0.3442
0.2457
0.1656
0.1588
0.155
0.2732
0.8775
0.5838
0.6601
0.48109999999999997
0.3474
0.2168
0.1155
0.1073
0.1049
0.1018
0.1086
0.1303
0.1849
0.24
0.32089999999999996
0.4091
0.3268
0.4217
0.6029
0.2881
0.217
0.2042
0.927
0.749
0.497
0.32499999999999996
0.36960000000000004
0.2619
0.15739999999999998
0.1136
0.22549999999999998
0.21639999999999998
0.2102
0.2079
0.2022
0.212
0.23559999999999998
0.41070000000000007
0.5706
0.38
0.44720000000000004
0.5216000000000001
0.4057
0.39659999999999995
0.8007000000000001
0.8589
0.5223
0.40290000000000004
0.4071
0.46199999999999997
0.4293
0.3813
0.3021
0.2494
0.4314
0.3026
0.138
0.1372
0.1071
0.1109
0.1086
0.125
0.1361
0.0907
0.3687
0.2016
0.1831
1.0064
1.2038
0.7754000000000001
0.4861
1.362
1.6974999999999998
0.36519999999999997
0.42810000000000004
0.38139999999999996
0.2929
0.24819999999999998
0.1979
0.0996
0.093
0.0865
0.073
0.07930000000000001
0.07289999999999999
0.0842
0.0885
0.0999
0.2932
1.5509
1.2248
2.0255
1.4119000000000002
0.6351
1.2405
0.8516999999999999
0.7696000000000001
0.8253999999999999
0.778
0.8654
0.9655
0.5855
0.4599
0.4264
0.41700000000000004
0.4124
0.3901
0.3849
0.4014
0.4288
0.45289999999999997
0.4198
0.3528
0.3507
0.4583
0.6232
0.7708999999999999
0.5072
1.5246
2.4351
0.5223
0.7263
1.8381
0.5782
0.4662
0.4052
0.2446
0.1533
0.09970000000000001
0.07980000000000001
0.0732
0.077
0.0887
0.12840000000000001
0.1721
0.1104
0.3664
0.2119
0.2793
0.1381
0.20679999999999998
0.1485
0.11149999999999999
0.1302
0.075
0.09670000000000001
0.11399999999999999
0.144
0.1596
0.14029999999999998
0.0257
0.0264
0.0224
0.023
0.0138
0.019
0.027999999999999997
0.1424
0.1066
0.0186
0.0
0.0
0.0
0.0
0.3752
0.008
0.002
0.0189
0.0058
0.209
0.0527
0.1222
0.1203
0.049100000000000005
0.139
0.1288
0.12719999999999998
0.12129999999999999
0.1281
0.16849999999999998
0.2435
0.1893
0.12940000000000002
0.1265
0.1255
0.12040000000000001
0.12229999999999999
0.1282
0.1316
0.1734
0.8495999999999999
0.3584
0.8987999999999999
0.9052
0.47540000000000004
0.4738
0.3129
0.19890000000000002
0.1577
0.1435
0.1327
0.1512
0.2087
0.6664000000000001
0.3393
0.1931
0.1774
0.172
0.2056
0.1763
0.28590000000000004
0.2766
0.3619
0.3029
0.3952
0.1943
0.1529
0.1944
0.1863
0.2142
0.2152
0.1907
0.0
0.0
0.0
0.0
0.0
0.0
0.0313
0.1139
0.4353
0.7962
1.1834
0.11510000000000001
0.6104999999999999
1.4531
0.6165
0.1133
0.2997
0.0202
0.0173
0.0
0.0
0.0
0.0
0.0
0.0339
0.030100000000000002
0.0225
0.021400000000000002
0.0176
0.0169
0.0159
0.012
0.0064
0.0139
0.0636
0.052199999999999996
0.0203
0.0283
0.055
0.0489
0.0218
0.0349
0.1147
0.1032
0.1006
0.055400000000000005
0.0227
0.0196
0.0885
0.0739
0.0764
0.07200000000000001
0.0743
0.07200000000000001
0.0859
0.1487
0.3539
1.9467
0.6279
0.5389999999999999
0.9287
0.5015
0.2131
0.1652
0.1895
0.3487
1.2436
1.3084
0.6499
0.20839999999999997
0.1354
0.1202
0.1153
0.1051
0.1012
0.1002
0.0997
0.1091
0.15389999999999998
0.2415
0.15739999999999998
0.20729999999999998
0.16199999999999998
0.148
0.1565
0.13679999999999998
0.13069999999999998
0.14789999999999998
0.1316
0.09920000000000001
0.09809999999999999
0.09889999999999999
0.1017
0.12969999999999998
0.1522
0.13829999999999998
0.0311
0.027
0.0228
0.026099999999999998
0.0293
0.0303
0.0772
0.2409
0.2067
0.193
0.1046
0.0793
0.1824
0.1227
0.0971
0.0817
0.3345
1.3507
0.4014
0.18280000000000002
0.20079999999999998
0.15489999999999998
0.0794
0.0328
0.0276
0.0242
0.024300000000000002
0.0144
0.0179
0.015
0.0199
0.04
0.1382
0.3603
0.5315
0.5509999999999999
0.4171
0.18309999999999998
0.8111999999999999
0.2274
0.2978
0.349
0.2389
0.22410000000000002
0.19
0.1278
0.0811
0.0437
0.0575
0.0576
0.0584
0.0507
0.0514
0.066
0.1106
0.1807
0.2768
0.3572
0.2683
0.16749999999999998
0.3304
0.604
0.4075
0.3926
0.8908
0.6274
0.507
0.8156
0.3228
0.1703
0.0827
0.07100000000000001
0.127
0.12029999999999999
0.1157
0.1135
0.1111
0.107
0.10880000000000001
0.1111
0.11249999999999999
0.22060000000000002
0.1396
0.19080000000000003
0.1669
0.138
0.1145
0.14079999999999998
0.1864
0.1694
0.2173
0.1225
0.10830000000000001
0.1117
0.1286
0.1338
0.2015
0.18669999999999998
0.178
0.1721
0.1595
0.17049999999999998
0.17959999999999998
0.8893
0.2853
0.1027
0.0965
0.0898
0.0886
0.10300000000000001
0.12819999999999998
0.24480000000000002
0.5806
1.2715
0.4981
0.9215
0.3886
0.2905
0.2298
0.2036
0.1444
0.1264
0.1143
0.106
0.098
0.0878
0.07930000000000001
0.0821
0.0761
0.0837
0.0907
0.09490000000000001
0.0802
0.0875
0.0923
0.0995
0.1046
0.127
0.12329999999999999
0.1475
0.1609
0.1555
0.143
0.1352
0.1497
0.1048
0.0978
0.0887
0.0912
0.0926
0.096
0.1051
0.1151
1.0931
0.5627
0.35309999999999997
1.1562000000000001
1.5292
0.7387
0.5001
0.2551
0.2118
0.2771
0.31020000000000003
0.3176
0.3393
0.42979999999999996
0.2842
2.4006
3.3887
2.641
1.1716000000000002
1.1360000000000001
1.3780999999999999
1.6616
1.9207999999999998
1.7431
1.5415999999999999
1.5829
1.7295
2.5224
2.349
1.7779
1.4059
1.3606
1.9729
2.1668
1.7797999999999998
1.5011
1.5766
2.4753
2.4846
0.0455
0.0322
0.0312
0.0166
0.0236
0.023
0.6004
0.5784
0.0
0.0258
0.0615
0.20600000000000002
0.0876
0.0672
0.039
0.0413
0.8451
0.44530000000000003
0.8346
0.14429999999999998
0.2987
0.1552
0.0991
0.048100000000000004
0.0371
0.028900000000000002
0.0279
0.0278
0.0268
0.0691
0.5609
0.0361
0.0369
0.054599999999999996
0.0568
0.049
0.0539
0.055099999999999996
0.053000000000000005
0.4838
1.0321
0.7322
0.4376
0.1791
0.178
0.15860000000000002
0.1006
0.0566
0.198
0.22920000000000001
0.2143
0.14750000000000002
0.1165
0.1023
0.09870000000000001
0.1021
0.1244
0.19130000000000003
0.1166
0.1102
0.10969999999999999
0.2552
0.1467
0.0822
0.08130000000000001
0.10719999999999999
0.3724
0.2271
0.2901
0.40700000000000003
0.45310000000000006
0.2682
0.1133
0.1113
0.1069
0.1072
0.1091
0.1223
0.1455
0.1703
0.20500000000000002
0.2813
0.2758
0.2795
0.2979
0.2052
0.191
0.1855
0.1607
0.1765
0.2144
0.21239999999999998
0.17959999999999998
0.14300000000000002
0.11549999999999999
0.1029
0.5466
0.4992
0.4647
0.4756
0.4555
0.5031
0.4256
1.2095
1.2913999999999999
0.3739
0.47709999999999997
1.2389000000000001
0.3409
0.36250000000000004
0.2373
1.5163
0.6157
0.489
0.4093
0.35750000000000004
0.3604
0.3319
0.329
0.34909999999999997
0.48219999999999996
0.2736
0.1971
0.193
0.18780000000000002
0.20529999999999998
0.2532
0.31579999999999997
0.31789999999999996
0.1918
1.2208999999999999
0.238
0.362
0.3849
1.2823
0.4086
0.2867
0.8316
0.2059
0.45020000000000004
0.7316
0.5946
0.33499999999999996
0.24020000000000002
0.06520000000000001
0.0565
0.052500000000000005
0.056499999999999995
0.0554
0.0625
0.0809
0.1207
0.11460000000000001
0.11349999999999999
0.10619999999999999
0.0931
0.08990000000000001
0.10339999999999999
0.1378
0.1509
0.1177
1.1713
0.3419
0.4007
0.37939999999999996
0.2443
0.132
0.0785
0.0732
0.0656
0.0672
0.0643
0.0652
0.0775
0.1054
0.15
0.1898
0.1695
0.1782
0.2931
0.4296
1.0811
0.4438
0.4744
0.4296
0.35650000000000004
0.5488
0.6266
0.3048
0.1762
0.1106
0.08679999999999999
0.0574
0.0455
0.0392
0.0347
0.033299999999999996
0.0364
0.048600000000000004
0.0536
0.032799999999999996
0.0025
0.0025
0.0207
0.3067
0.5018
0.0986
0.0741
0.3769
0.8838999999999999
0.7057
0.319
0.1622
0.087
0.0619
0.0578
0.0697
0.0741
0.07150000000000001
0.06989999999999999
0.0655
0.0843
0.1011
0.3849
0.7575999999999999
0.5861000000000001
0.3288
0.17880000000000001
0.19269999999999998
0.2178
0.19
0.1973
0.3173
0.292
0.2893
0.3272
0.6053
0.2758
0.0869
0.0752
0.1501
0.1355
0.1349
0.1338
0.1371
0.1567
0.2877
0.1669
0.0954
0.1131
0.1089
0.1412
0.109
0.0936
0.0816
0.0985
0.1032
0.0954
0.20700000000000002
0.1576
0.13290000000000002
0.12260000000000001
0.1305
0.1365
0.0968
0.0995
0.1077
0.11549999999999999
0.3017
0.8503000000000001
0.3907
0.4655
0.6288
1.5408
1.2194
0.6429
0.6052
0.6142
0.5463
0.5714
0.7138
1.5287
1.1021999999999998
0.23670000000000002
0.11549999999999999
0.0706
0.0685
0.0683
0.20229999999999998
0.17930000000000001
0.16999999999999998
0.17209999999999998
0.1601
0.1378
0.1288
0.11710000000000001
0.0925
0.0989
0.0858
0.0828
0.0906
0.4435
0.1903
0.2016
0.37039999999999995
0.5237
0.6339
0.6874
0.3801
0.4534
0.3589
0.24930000000000002
0.1696
0.1607
0.15610000000000002
0.15150000000000002
0.14950000000000002
0.1521
0.1777
0.2131
0.3139
0.3915
1.0733000000000001
0.5696
0.2956
0.3276
0.3095
0.2391
0.2827
0.5389
0.9287
0.5108999999999999
0.6043000000000001
0.3957
0.24070000000000003
0.18359999999999999
0.3041
0.2526
0.238
0.23170000000000002
0.2261
0.236
0.2798
0.3607
0.3008
0.27490000000000003
0.30820000000000003
0.36419999999999997
0.3079
0.2532
0.2203
0.2184
0.2182
0.24280000000000002
0.21050000000000002
0.2258
0.2672
0.3107
0.355
0.3319
0.3115
0.2845
0.2726
0.26170000000000004
0.2512
0.2449
0.2571
0.2849
0.29669999999999996
0.3984
0.33809999999999996
0.31789999999999996
0.35409999999999997
0.527
0.3905
0.3355
0.3684
1.0787
0.9019999999999999
0.6523
0.47150000000000003
0.4927
0.7432000000000001
0.41769999999999996
0.3247
0.33540000000000003
0.35519999999999996
0.3284
0.2732
0.26839999999999997
0.27190000000000003
0.23320000000000002
0.5943
0.8010999999999999
0.6196
0.15539999999999998
0.1296
0.0477
1.766
1.0138
0.6876
0.45699999999999996
0.7923
0.7939
0.3507
0.39959999999999996
0.3468
0.3222
0.18880000000000002
0.139
0.1153
0.1215
0.0865
1.1879
0.622
0.1451
0.2284
0.20279999999999998
0.2218
0.2049
0.3534
0.2419
0.2378
1.203
0.8677
2.1567
1.4008999999999998
1.1416
1.1412
0.7602
0.5377
0.2861
0.2919
0.2537
0.2486
0.2361
0.2244
0.2378
0.2547
0.2834
0.3198
0.315
0.37460000000000004
0.5788
1.222
0.8572
0.8067
1.1561
0.7623
0.9598
2.0588
1.1913
0.606
0.5161
0.4121
0.3478
0.0
0.0
0.0
0.0
0.0
0.0
0.1359
0.2717
0.0
0.0027
0.0
0.0
0.0012
0.0
0.0
0.0022
0.10880000000000001
0.0125
0.026799999999999997
0.207
0.1577
0.0843
0.0131
0.0
0.0594
0.0485
0.0567
0.051500000000000004
0.052199999999999996
0.0571
0.0678
0.09040000000000001
0.0958
0.4073
0.5825
0.7619
0.1965
0.4607
0.4367
0.6703
1.411
0.2255
0.2207
0.19519999999999998
0.1538
0.1143
0.0917
0.0717
0.10830000000000001
0.10239999999999999
0.1039
0.0978
0.0983
0.1134
0.1654
0.21939999999999998
0.2753
0.31
0.37260000000000004
0.3066
0.6491
0.4699
0.3998
0.7318
1.321
0.5508
0.6856
0.7738
0.6265000000000001
0.3366
0.1699
0.12459999999999999
0.2125
0.202
0.195
0.1921
0.1902
0.1976
0.2589
0.596
0.743
0.6283000000000001
0.6334
0.5648
0.5123
0.5055000000000001
0.4747
0.7
0.8273999999999999
0.7841
1.1709
0.9867999999999999
1.5496
0.9944999999999999
0.4187
0.2561
1.008
0.473
0.4686
0.4528
0.4434
0.48430000000000006
0.4665
0.6823
1.3475
1.4159
1.4665
1.4225
0.3516
0.3598
0.3681
0.4915
0.5678000000000001
1.1844999999999999
0.7687999999999999
0.5926
0.4897
0.4027
0.3641
0.6761
0.2113
0.1843
0.1697
0.16610000000000003
0.1614
0.1527
0.1353
0.1095
0.1002
0.1106
0.0906
0.0995
0.099
0.1185
0.1377
0.18819999999999998
0.42210000000000003
0.9433
0.42700000000000005
0.843
0.6041
0.4426
0.4075
0.33430000000000004
0.0199
0.018600000000000002
0.0186
0.0125
0.011
0.014
0.7027
0.3544
0.10519999999999999
0.2367
0.0397
0.045399999999999996
0.063
0.06570000000000001
0.0911
0.1966
0.3427
0.07579999999999999
0.8428
0.216
0.13999999999999999
0.0695
0.0347
0.025599999999999998
0.153
0.1436
0.138
0.1366
0.1335
0.168
0.6212
0.6860999999999999
0.5848
0.40969999999999995
0.266
0.2228
0.1792
0.20650000000000002
0.1978
0.2291
0.3024
0.6000000000000001
0.6542
1.1193
0.346
0.28049999999999997
0.1935
0.16870000000000002
0.0947
0.1041
0.08979999999999999
0.0922
0.082
0.09609999999999999
0.1105
0.167
0.7404
0.0731
0.5194
0.30110000000000003
0.1293
0.1575
0.3261
0.2585
0.264
0.5511999999999999
0.1362
0.3388
0.2685
0.1594
0.1012
0.0923
0.249
0.21999999999999997
0.2163
0.2108
0.202
0.2132
0.3439
0.5246999999999999
0.24209999999999998
0.8046
0.3486
0.1338
0.0629
0.0395
0.025500000000000002
0.035
0.0434
0.1265
0.8259
0.5812999999999999
0.6524000000000001
0.8238
0.4341
0.29400000000000004
0.2549
0.9144000000000001
1.5018
1.249
0.3542
0.20350000000000001
0.2679
0.24109999999999998
0.19190000000000002
0.2217
0.1966
0.1654
0.1485
0.12940000000000002
0.1152
0.1227
0.0922
0.1009
0.14
0.1857
0.1905
0.2085
0.2657
0.2646
0.0
0.0
0.0
0.0
0.0
0.0
0.0
0.2828
0.42100000000000004
0.0686
0.1956
0.0
0.0087
0.0265
0.24819999999999998
0.058800000000000005
0.0404
0.17020000000000002
0.0201
0.045700000000000005
0.0125
0.06659999999999999
0.0507
0.0
0.0756
0.0692
0.0655
0.066
0.0663
0.0755
0.0929
0.1384
0.1897
0.1683
0.1198
0.10439999999999999
0.09390000000000001
0.1038
0.0958
0.11660000000000001
0.21889999999999998
0.1609
0.1886
0.16720000000000002
0.1718
0.14950000000000002
0.10350000000000001
0.0779
0.0
0.0
0.0
0.0
0.0
0.0
0.0006
0.0019
0.0
0.0
0.0
0.0629
0.4864
0.0076
0.0094
0.0376
0.1069
0.1166
0.3115
0.3146
0.165
0.1973
0.2113
0.0801
0.18030000000000002
0.17759999999999998
0.1704
0.16210000000000002
0.17020000000000002
0.1784
0.2252
0.26539999999999997
0.3637
0.5301
0.3953
0.5618
0.6581
0.3506
0.2368
0.2252
0.217
0.3238
0.6417999999999999
0.8923
0.6068
0.3392
0.2278
0.1787
0.2123
0.1973
0.1915
0.1994
0.2111
0.24320000000000003
0.34509999999999996
0.3523
0.39280000000000004
0.9142999999999999
0.5973999999999999
0.3507
0.29259999999999997
0.3375
0.312
0.32989999999999997
0.5315000000000001
1.421
0.26270000000000004
0.2703
0.3264
0.2998
0.2559
0.218
0.0349
0.0267
0.0208
0.022
0.020999999999999998
0.020999999999999998
0.0219
0.056100000000000004
0.1136
0.0833
0.0885
0.1734
0.086
0.0795
0.0922
0.12279999999999999
0.1457
0.1608
0.1651
0.194
0.3165
0.2314
0.1387
0.0701
0.0346
0.0309
0.030600000000000002
0.0311
0.0335
0.054
0.16899999999999998
0.0806
0.016
0.0139
0.0054
0.0055
0.0034999999999999996
0.0038
0.0024000000000000002
0.0097
0.0838
0.1026
0.0625
0.07100000000000001
0.0621
0.0353
0.0254
0.024
0.035
0.0298
0.0288
0.0281
0.0315
0.0497
0.1252
0.42619999999999997
0.22060000000000002
0.157
0.25170000000000003
0.16049999999999998
0.1116
0.1196
0.1117
0.3161
0.7617
1.1046
0.6839999999999999
0.16870000000000002
0.1111
0.0433
0.0225
0.03
0.13390000000000002
0.1182
0.10930000000000001
0.09820000000000001
0.0849
0.0872
0.09309999999999999
0.11510000000000001
0.1225
0.1535
0.2975
0.5347999999999999
0.2012
0.1614
0.3214
0.15360000000000001
0.1076
0.0806
1.0339
0.3325
0.3895
0.3135
0.29359999999999997
0.2264
0.2303
0.2028
0.2276
0.1197
0.0305
0.0116
0.0
0.0
0.0
0.0
0.0
0.0
0.0
0.0
0.0
1.0182
0.32830000000000004
0.0
1.5036999999999998
0.49369999999999997
0.1869
0.5564
1.1789
0.4387
0.07200000000000001
0.07
0.07
0.0627
0.0626
0.0743
0.11130000000000001
0.8416
0.3415
0.5292
0.40790000000000004
0.4086
0.2792
0.2158
0.1885
0.2175
0.6752
0.28400000000000003
0.2296
0.1873
0.1512
0.1023
0.0883
0.0764
0.1409
0.1347
0.1333
0.13190000000000002
0.12840000000000001
0.1609
0.2076
0.4898
0.48460000000000003
0.157
0.1363
0.28559999999999997
0.1953
0.2351
0.20129999999999998
0.1477
0.192
0.4649
0.0864
0.0678
0.07200000000000001
0.0639
0.0829
0.0861
0.1361
0.1217
0.1104
0.1122
0.10669999999999999
0.1835
0.4835
0.1558
0.1038
0.108
0.1009
0.10500000000000001
0.1416
0.14800000000000002
0.1687
0.3785
1.2863
0.9815
0.3335
0.4861
0.5201
0.32230000000000003
0.2469
0.191
0.514
0.2853
0.2341
0.2162
0.21050000000000002
0.19619999999999999
0.1861
0.3553
0.6243000000000001
0.1363
0.0726
0.060399999999999995
0.07039999999999999
0.065
0.0684
0.08349999999999999
0.1379
0.2559
0.3602
0.7709999999999999
1.5118
1.4841000000000002
0.6794
0.4339
0.0653
0.0437
0.0446
0.0325
0.037000000000000005
0.0372
0.0499
0.035500000000000004
0.4897
0.7581
0.12240000000000001
0.673
0.0766
0.07289999999999999
0.1218
0.1312
0.0921
0.062
0.9907
0.0621
0.0819
0.10200000000000001
0.11699999999999999
0.0796
0.1037
0.1121
0.11
0.1086
0.11380000000000001
0.1614
0.25279999999999997
0.768
0.4769
0.0
0.0
0.0
0.0
0.0
0.0
0.0
0.3873
0.0628
0.3964
0.49639999999999995
0.24569999999999997
0.3036
0.24130000000000001
0.15089999999999998
0.4917
0.43579999999999997
0.4111
0.4145
0.4001
0.403
0.47219999999999995
1.0041
1.1044
0.488
0.4456
0.40049999999999997
0.40659999999999996
0.4585
0.5298
0.6637
1.4406
0.7955
1.3377999999999999
1.63
0.8163
0.8638
1.309
0.7363999999999999
0.21389999999999998
0.1828
0.1767
0.1683
0.1629
0.1751
0.1928
0.201
0.1719
0.20700000000000002
0.24020000000000002
0.7696000000000001
0.3685
0.2253
0.2146
0.5287
0.9442999999999999
0.3254
0.2367
0.2066
0.22699999999999998
0.2362
0.2613
0.248
0.0931
0.0885
0.083
0.0804
0.0775
0.0852
0.2817
0.46540000000000004
0.0798
0.056799999999999996
0.05
0.0401
0.043
0.0379
0.0406
0.0577
0.2175
0.6288
0.3415
0.3465
0.28080000000000005
0.2439
0.1859
0.12840000000000001
0.0796
0.07619999999999999
0.0802
0.08330000000000001
0.08510000000000001
0.11939999999999999
0.1796
0.0906
0.0557
0.046
0.0401
0.0306
0.0332
0.047299999999999995
0.087
0.135
0.0776
0.047799999999999995
0.050699999999999995
0.0786
0.0915
0.0871
0.0692
0.06420000000000001
0.28049999999999997
0.2268
0.19340000000000002
0.1846
0.1735
0.1809
0.1899
0.1978
0.29309999999999997
0.1935
0.41900000000000004
0.8253
0.2204
0.2381
0.54
0.4195
0.3438
0.6238
0.2742
0.39690000000000003
0.3941
0.2813
0.2222
0.1997
0.044
0.044700000000000004
0.016800000000000002
0.014499999999999999
0.0262
0.0328
0.050199999999999995
0.6463
0.196
0.15639999999999998
0.33540000000000003
0.5962000000000001
0.2286
0.0618
0.0832
0.0807
0.6867000000000001
1.732
1.7073
0.2126
0.7005
0.6812
0.5577
0.045
0.093
0.0932
0.0871
0.08529999999999999
0.08230000000000001
0.0998
0.1618
0.40449999999999997
1.2227999999999999
0.453
0.22649999999999998
0.1934
0.20079999999999998
0.1694
0.1377
0.13369999999999999
0.1364
0.7097
0.7941999999999999
0.35629999999999995
0.256
0.1674
0.1179
0.0958
0.29690000000000005
0.2883
0.2863
0.2912
0.2976
0.3301
0.4249
0.3954
0.3397
0.3061
0.2743
0.2659
0.28659999999999997
0.3125
0.3519
0.4088
0.4744
0.6089
0.49729999999999996
0.5617000000000001
1.2151
0.8472999999999999
0.3761
0.29810000000000003
0.0867
0.0615
0.0389
0.0776
0.075
0.2879
0.3266
0.2982
0.5126000000000001
1.4146
1.7492999999999999
0.5672
1.3215999999999999
0.3523
0.2217
0.1814
1.4337
0.4694
1.8396
1.5676
0.547
0.0393
0.0814
0.0951
0.1791
0.16770000000000002
0.1653
0.16849999999999998
0.1656
0.1725
0.1915
0.2183
0.2394
0.17559999999999998
0.1447
0.1471
0.2067
0.22060000000000002
0.40159999999999996
0.3046
0.3926
0.35609999999999997
0.1931
0.3367
0.2576
0.26649999999999996
0.2636
0.2128
0.3684
0.3578
0.35009999999999997
0.3336
0.3242
0.34309999999999996
0.357
0.3823
0.37770000000000004
0.3126
0.3317
0.5892999999999999
1.1155
0.49670000000000003
0.6597
0.4918
0.4547
0.8486
0.5307999999999999
0.5836
0.5598
0.4192
0.3375
0.3133
0.1479
0.1473
0.14040000000000002
0.1404
0.1367
0.1525
0.1706
0.201
0.6657
0.4379
0.21639999999999998
0.3779
0.238
0.2436
0.2424
0.5979
0.2817
0.24580000000000002
0.7532
0.34450000000000003
0.3156
0.2354
0.172
0.1487
0.07339999999999999
0.039900000000000005
0.034
0.020999999999999998
0.0055000000000000005
0.0
0.0014
0.0
0.007
0.0
0.0
0.0
0.0
0.0
0.0
0.06269999999999999
0.5668
0.4185
1.2414999999999998
0.4597
0.1906
0.3655
0.3062
0.16060000000000002
0.7061
0.1497
0.0956
0.1298
0.1291
0.2875
0.7847999999999999
0.19019999999999998
0.0
0.0821
0.0176
0.0
0.0007
0.0
0.0
0.0
0.0
0.0
1.2607
0.0465
0.08860000000000001
0.0779
0.2067
0.428
0.3087
0.3543
0.211
0.2396
0.2441
0.8189
0.3808
0.27149999999999996
0.2708
0.26180000000000003
0.5993999999999999
0.2609
0.5271
0.32
0.391
0.3719
0.34319999999999995
0.6588
1.3628
0.5846
0.2989
0.3012
0.272
0.2238
0.0525
0.0512
0.0655
0.0605
0.0659
0.0939
0.1354
0.16060000000000002
0.2005
0.34109999999999996
0.3126
0.7149
0.3077
0.2117
0.2269
0.27690000000000003
1.2003
0.4479
0.3063
0.1517
0.0629
0.022600000000000002
0.031599999999999996
0.0359
0.2946
0.2486
0.2241
0.1976
0.18159999999999998
0.18769999999999998
0.1937
0.2002
0.2011
0.2036
0.1978
0.2405
0.3169
0.7702
0.5283
0.8418000000000001
0.4638
0.6878
0.4901
0.4671
0.5377
0.4239
0.3681
0.5024
0.0932
0.0754
0.1013
0.0881
0.1038
0.0934
0.023
0.0
0.0
0.0
0.0
0.0
0.0
0.0
0.0
0.8395
0.3528
0.34219999999999995
0.21589999999999998
1.8199
1.5333
0.7698
0.2453
0.16110000000000002
0.1926
0.177
0.18180000000000002
0.1659
0.2013
0.5474
0.4134
0.1992
0.1555
0.9137000000000001
0.2754
0.317
0.1021
0.1106
0.0822
0.1062
0.29969999999999997
0.1946
0.2137
0.2145
0.2633
0.2606
0.1965
0.1847
0.2641
0.2514
0.2538
0.2651
0.2833
0.3133
0.44930000000000003
0.6337999999999999
0.2232
0.0743
0.0451
0.0371
0.0389
0.0475
0.0429
0.055099999999999996
0.1
0.3033
0.3852
0.7026
0.6329
0.3153
0.29200000000000004
0.30569999999999997
0.0054
0.0
0.0215
0.023
0.0172
0.0422
0.0242
0.0132
0.02
0.1396
0.3317
0.8509
0.9747999999999999
1.6295
1.2662
1.1058
1.3105
0.37229999999999996
0.37270000000000003
0.43010000000000004
0.3809
0.5448999999999999
1.1643
0.1277
0.054
0.040499999999999994
0.0287
0.0265
0.023
0.0223
0.024399999999999998
0.0258
0.014499999999999999
0.0347
0.0415
0.0158
0.019700000000000002
0.0349
0.08760000000000001
0.0815
0.0542
0.1336
0.0726
0.0542
0.052000000000000005
0.0901
0.10289999999999999
0.07100000000000001
0.3395
0.306
0.3005
0.307
0.30710000000000004
0.3318
0.3968
0.7683
0.5862
0.7442
0.2028
0.13119999999999998
0.08030000000000001
0.0807
0.10830000000000001
0.1106
0.29410000000000003
0.24130000000000001
1.376
0.5853999999999999
0.6977
1.001
0.5755
0.4143
0.0
0.0
0.0
0.0
0.0
0.0
0.0
0.5422
0.3856
0.8324
0.0736
0.47019999999999995
0.1459
0.0401
0.062200000000000005
0.0432
0.0
0.0354
0.016
0.0
0.0
0.0
0.0
0.0
0.0081
0.0
0.0
0.0
0.0
0.0
0.19820000000000002
0.1785
0.0
0.0
0.0
0.0
0.0
0.0
0.0
0.0315
1.0587
0.43829999999999997
1.8741
2.5798
2.1315999999999997
0.0
0.0
0.0
0.9741
1.6387
1.6711
1.7043
1.3979
0.6102000000000001
0.5135
0.7865
0.8054
0.5896
0.3274
0.2059
0.1396
0.1403
0.1308
0.3574
2.2548
1.9482
3.144
2.0652
1.3068
0.7367
0.3557
0.2735
0.159
0.155
0.1603
0.1661
0.16570000000000001
0.19390000000000002
0.43810000000000004
1.1120999999999999
0.4245
0.12279999999999999
0.0818
0.0636
0.0653
0.0796
0.1147
0.4551
0.7903
0.8643000000000001
0.5900000000000001
0.6027
0.47729999999999995
0.3892
0.24059999999999998
0.17559999999999998
0.0748
0.0451
0.0428
0.0339
0.025500000000000002
0.0263
0.0246
0.0081
0.0832
0.062299999999999994
0.1331
0.2149
0.045
0.0648
0.17020000000000002
0.2663
0.5732
0.1067
0.092
0.454
0.2756
0.2932
0.249
0.1588
0.1877
0.1834
0.17930000000000001
0.1822
0.185
0.2289
0.3358
0.8437
0.4964
0.5417000000000001
0.3094
0.2724
0.2862
0.25739999999999996
0.2398
0.2649
0.7975000000000001
1.1225
0.5091
0.34119999999999995
0.2769
0.2231
0.1815
0.16849999999999998
0.0316
0.0449
0.2129
0.1426
0.0881
0.1548
0.2353
0.3297
0.436
1.3212000000000002
1.5918999999999999
0.375
0.1992
1.2122
1.4489
0.418
0.4693
0.4178
1.245
0.0
0.0
0.0
0.0
0.0
0.0635
0.0485
0.0472
0.0473
0.0411
0.047700000000000006
0.052500000000000005
0.0828
0.10389999999999999
0.10669999999999999
0.1115
0.2699
0.6535
0.4457
0.3993
0.2227
1.4827
0.8637
0.2973
0.5079
0.4749
0.3796
0.2617
0.14029999999999998
0.1118
0.1071
0.097
0.0996
0.1109
0.1152
0.1191
0.1122
0.1049
0.1111
0.08349999999999999
0.0843
0.1297
0.14129999999999998
0.1318
0.1471
0.8791
1.4123999999999999
1.0814
0.9785999999999999
1.1299000000000001
0.4193
0.2264
0.1333
0.2026
0.2145
0.2107
0.195
0.18030000000000002
0.1874
0.2051
0.2559
0.26839999999999997
0.249
0.2593
0.4628
0.20029999999999998
0.203
0.2558
0.4253
0.37770000000000004
0.42179999999999995
0.2897
0.176
0.12440000000000001
0.0938
0.09809999999999999
0.09659999999999999
0.155
0.1378
0.136
0.1292
0.12090000000000001
0.1068
0.6557000000000001
0.222
0.0445
0.0175
0.0
0.0031
0.0199
0.0134
0.0074
0.042800000000000005
0.599
0.41600000000000004
1.1381
0.21350000000000002
0.2739
0.2349
0.2197
0.196
0.2913
0.3272
0.4011
0.4215
0.4256
0.23879999999999998
0.1205
0.1007
0.0667
0.0898
0.1112
0.19269999999999998
0.2623
0.3033
0.21739999999999998
0.2655
0.2521
0.26280000000000003
0.1599
0.1454
0.13379999999999997
0.08760000000000001
0.0573
0.0422
0.1884
0.14450000000000002
0.1286
0.11499999999999999
0.1064
0.1392
0.1479
0.9186
0.8833
0.4125
0.35660000000000003
0.6276999999999999
0.092
0.0837
0.0834
0.0965
0.0124
0.9365000000000001
1.1432
0.0654
0.1416
0.139
0.1473
0.1263
0.1023
0.0827
0.0745
0.0707
0.066
0.0615
0.054
0.064
0.1479
0.27749999999999997
0.0474
0.0101
0.0
0.004699999999999999
0.0133
0.0473
0.1683
0.6769000000000001
0.5164
0.1669
0.1754
0.236
0.4306
0.1653
0.367
0.3392
0.3267
0.3088
0.29169999999999996
0.29190000000000005
0.28500000000000003
0.3019
0.3124
0.2881
0.22910000000000003
0.21860000000000002
0.2092
0.2427
0.3151
0.6629
1.3101
1.0553
0.7717
0.9274
0.9418
1.0598
0.5857
0.3883
0.2309
0.2291
0.2249
0.22820000000000001
0.249
0.3093
0.2673
0.22949999999999998
0.2122
0.23709999999999998
0.21539999999999998
0.1785
0.1775
0.188
0.1813
0.1903
0.242
0.5146999999999999
0.7733
0.46519999999999995
0.3338
0.3247
0.2579
0.22199999999999998
0.1338
0.1277
0.12940000000000002
0.1236
0.1247
0.3679
0.4828
0.1925
0.16499999999999998
0.1559
0.23120000000000002
0.4755
0.2563
0.2111
0.19729999999999998
0.3386
0.2992
0.2096
0.2167
0.24580000000000002
0.27359999999999995
0.195
0.1412
0.1326
0.10200000000000001
0.0999
0.1001
0.1023
0.1057
0.1207
0.1547
0.1704
0.2097
0.1643
0.1363
0.1123
0.1207
0.1571
0.1843
0.2111
0.22139999999999999
0.2202
0.2084
0.2211
0.1866
0.1464
0.1021
0.0888
0.0713
0.0272
0.0018
0.0004
0.0
0.0
0.0
0.0012
0.0155
0.2473
0.5519
0.311
0.0127
0.45030000000000003
0.0
0.0
0.0
0.0
0.0024
0.1115
0.0995
0.10189999999999999
0.0749
0.039599999999999996
0.1598
0.0881
0.06989999999999999
0.0707
0.0595
0.0668
0.0755
0.088
0.1592
0.1652
0.7322
0.723
0.3195
0.2738
0.1975
0.043800000000000006
0.1079
0.4321
0.0847
0.1825
0.2751
0.29490000000000005
0.231
0.1383
0.1508
0.1454
0.14079999999999998
0.1404
0.14479999999999998
0.1706
0.2289
0.2269
0.2146
0.20400000000000001
0.2014
0.2142
0.2919
0.24
0.2367
0.2322
0.2385
0.2623
0.2442
0.2976
0.2831
0.2393
0.1883
0.15910000000000002
0.2234
0.1276
0.0752
0.0663
0.0456
0.0348
0.026699999999999998
0.033
0.0485
0.057800000000000004
0.0644
0.0698
0.0075
0.7956
1.5496
0.3129
0.0827
0.0794
0.4467
0.7923
0.5724
0.6856
0.7099
0.847
0.124
0.114
0.1069
0.1058
0.10089999999999999
0.10500000000000001
0.1189
0.2423
0.2467
0.17109999999999997
0.1822
0.2365
0.2011
0.1838
0.1862
0.1733
0.1362
0.1493
0.17020000000000002
0.2055
0.2756
0.2582
0.2074
0.1547
0.3956
0.756
0.4115
0.3774
0.32789999999999997
0.387
2.3754
1.7715
1.1655
1.2258
1.7376
0.2366
0.2747
0.3733
0.9273
0.5585
0.4054
0.5604
0.4097
0.4839
0.4537
0.435
0.348
0.2879
0.0
0.0
0.0
0.0
0.0
0.0
0.0
0.0
0.0
0.0
0.0
0.0
0.2281
0.4551
0.007
0.0
0.9509
2.4059
1.3145
0.5012
1.0386
0.0
0.0
0.0
0.0323
0.0
0.0342
0.0113
0.007500000000000001
0.4697
1.2239
0.08610000000000001
0.030399999999999996
0.0264
0.0417
0.0796
0.1054
0.0229
0.0
0.0
0.0892
0.0302
0.0
0.1975
0.4275
0.1385
0.15689999999999998
0.0783
0.030100000000000002
0.022400000000000003
0.025
0.025099999999999997
0.024399999999999998
0.0279
0.0781
0.1719
0.14100000000000001
0.1573
0.1718
0.1532
0.2212
0.1446
0.1355
0.23650000000000002
0.8561
0.8406
0.6194
0.6283
0.406
0.3425
0.17409999999999998
0.0602
0.1185
0.0938
0.0896
0.07869999999999999
0.0816
0.0887
0.0986
0.129
0.16570000000000001
0.2241
0.20500000000000002
0.1963
0.5458999999999999
1.0647
0.7101999999999999
0.69
0.3301
0.3866
0.2894
0.2235
0.222
0.2968
0.6391
0.2376
0.0562
0.0475
0.054400000000000004
0.0513
0.0525
0.0681
0.11180000000000001
0.1618
0.2455
0.1518
0.613
0.1293
0.1127
0.4817
0.5021
0.1764
0.2661
0.21760000000000002
0.1795
0.3599
0.2192
0.1022
0.0616
0.050600000000000006
0.2433
0.2344
0.2308
0.2286
0.23020000000000002
0.24530000000000002
0.3055
0.31379999999999997
0.2856
0.2879
0.2621
0.2311
0.2309
0.2552
0.2733
0.3545
0.3834
0.4476
0.5277000000000001
0.385
0.3641
0.37260000000000004
0.3271
0.2744
0.1837
0.14579999999999999
0.1362
0.14229999999999998
0.129
0.1489
0.1787
0.2556
0.2811
0.7721
1.4452
1.1508
0.7183999999999999
0.3666
1.1247
1.0444
1.2085
0.5542
0.31510000000000005
0.33899999999999997
0.3987
0.44899999999999995
0.7930999999999999
0.5603
0.0897
0.07919999999999999
0.0794
0.07780000000000001
0.0827
0.1111
0.22460000000000002
0.2163
0.1565
0.19090000000000001
0.1914
0.1623
0.18309999999999998
0.1607
0.161
0.9714
0.4535
0.33140000000000003
0.6123
0.5445
0.43779999999999997
0.6245
0.4248
0.1543
0.008199999999999999
0.0012000000000000001
0.0
0.0003
0.0004
0.002
0.0131
0.0109
0.0025
0.0865
0.0819
0.0745
0.0807
0.0248
0.0097
0.0081
0.0
0.0
0.0
0.0
0.0
0.0011
0.0103
0.006200000000000001
0.1481
0.1313
0.12129999999999999
0.1149
0.1171
0.1203
0.1285
0.1538
0.1535
0.1945
0.1703
0.14329999999999998
0.4577
0.2651
0.2792
0.36219999999999997
0.7955
0.6381
0.22510000000000002
0.19090000000000001
0.18380000000000002
0.2096
0.28300000000000003
0.2288
0.1402
0.1271
0.1385
0.1427
0.11679999999999999
0.1907
1.4929999999999999
1.6808999999999998
1.0973
0.41859999999999997
0.3195
0.2703
0.2402
0.4038
0.5756
1.2726
1.2833
0.4501
0.2157
1.8581999999999999
0.46830000000000005
0.33299999999999996
0.21989999999999998
0.1837
0.0934
0.0963
0.0892
0.0876
0.0925
0.11030000000000001
0.1383
0.18080000000000002
0.2089
0.1328
0.47040000000000004
0.23770000000000002
0.7867999999999999
0.32189999999999996
0.2877
0.2103
0.1908
0.2485
0.2653
0.4217
0.189
0.1157
0.07880000000000001
0.0755
0.1597
0.1414
0.12930000000000003
0.1205
0.1139
0.1236
0.131
0.139
0.2419
0.3368
0.3116
0.3703
0.2104
0.2408
0.3692
0.22999999999999998
0.5729
0.3978
0.4365
0.8047
0.5156000000000001
0.4021
0.2867
0.2123
0.0444
0.0419
0.043800000000000006
0.0461
0.076
0.1144
0.0725
0.0534
0.05
0.062200000000000005
0.1163
0.0314
0.0422
0.1471
0.027299999999999998
0.0201
0.0
0.625
0.2892
0.29159999999999997
0.2265
0.1278
0.0499
0.0343
0.14579999999999999
0.136
0.1297
0.1243
0.12359999999999999
0.13269999999999998
0.14839999999999998
0.1528
0.153
0.18480000000000002
0.1935
0.1748
0.2244
0.3235
0.26839999999999997
0.6734
0.6915
0.2875
0.5345
0.4937
0.42369999999999997
0.3537
0.2298
0.1768
0.1284
0.0915
0.0824
0.0863
0.0802
0.0877
0.0945
0.12129999999999999
0.1417
0.15589999999999998
0.18580000000000002
0.2335
0.3055
1.6564
0.3822
0.4305
0.49420000000000003
1.1804000000000001
1.0004
0.5936
0.5741
0.48160000000000003
0.39070000000000005
0.25780000000000003
0.17070000000000002
0.1653
0.1607
0.16010000000000002
0.16360000000000002
0.1889
0.3942
0.5217
0.411
0.4595
0.3339
0.2092
0.21300000000000002
0.24619999999999997
0.2645
0.2976
0.3732
0.8011
0.75
0.5324
0.4953
0.4668
0.2574
0.1788
0.0892
0.08099999999999999
0.0805
0.0812
0.0821
0.10250000000000001
0.18869999999999998
0.097
0.0494
0.0417
0.029599999999999998
0.0372
0.0295
0.0296
0.0255
0.0397
0.047799999999999995
0.0648
0.055400000000000005
0.0251
0.0577
0.0819
0.0896
0.0876
0.1447
0.1286
0.1247
0.1185
0.1091
0.1143
0.1371
0.12440000000000001
0.3286
0.3909
0.4563
0.8804000000000001
0.1749
0.1884
0.28600000000000003
0.5087
0.3905
0.3114
0.3015
0.31020000000000003
0.25429999999999997
0.2612
0.2455
0.1936
0.0137
0.0
0.0
0.0
0.013600000000000001
0.0091
0.0
0.0
0.0
0.9305
0.7912999999999999
0.0332
0.4462
0.3957
1.3291
0.0652
0.0896
0.2587
1.7764
0.214
0.3453
0.5549999999999999
0.2671
0.0182
0.4001
0.1037
0.09720000000000001
0.0688
0.074
0.0776
0.09609999999999999
0.1132
0.12969999999999998
0.0754
1.4656
1.0581
0.3122
0.2556
0.3191
0.3621
0.41190000000000004
0.5564
0.9597
0.7668
0.5116
1.0147
1.6953
0.5776
0.2678
0.19180000000000003
0.1668
0.1598
0.1543
0.1418
0.1296
0.1396
0.1316
0.1504
0.1049
0.4899
1.7372
0.42579999999999996
0.9022
0.8009999999999999
1.4248
1.8805
1.1918
0.5561
1.099
0.3337
0.2914
0.309
0.11460000000000001
0.1016
0.0926
0.0906
0.0885
0.0917
0.1018
0.1519
0.1749
0.1565
0.13779999999999998
0.1272
0.1486
0.14539999999999997
0.1604
0.1787
0.2331
0.2945
0.2415
0.3382
0.2429
0.25060000000000004
0.2506
0.1701
0.3443
0.3217
0.2741
0.2845
0.3931
0.47709999999999997
0.1578
0.0858
0.0569
0.029900000000000003
0.0
0.0119
0.0422
0.0053
0.0
0.011099999999999999
0.0704
0.2002
2.3856
2.129
1.4675
0.5999
0.6472
0.4975
0.0774
0.0731
0.0887
0.07350000000000001
0.07120000000000001
0.08940000000000001
0.12940000000000002
0.3103
0.3065
0.6097
0.3176
0.6748
0.6907000000000001
0.1741
0.14450000000000002
1.3055
0.2531
0.2551
0.2839
0.2949
0.2686
0.1976
0.1412
0.1001
0.2147
0.1911
0.1607
0.1528
0.14450000000000002
0.1497
0.1594
0.1789
0.2004
0.2839
0.3649
0.22760000000000002
0.2345
0.253
0.36760000000000004
0.269
0.2491
0.3852
0.5304
0.5179
0.37870000000000004
0.49639999999999995
0.5105
0.2927
0.9305
0.4466
0.3569
0.3436
0.3306
0.3434
0.3396
1.5807
1.1233
0.3154
0.2969
0.3819
0.38060000000000005
0.276
0.21289999999999998
0.2182
0.248
0.2996
0.734
1.3714
0.616
0.3677
0.2634
0.2278
0.030100000000000002
0.0263
0.022
0.0265
0.0157
0.0089
0.0078
0.022600000000000002
0.0475
0.0253
0.0102
0.0045
0.0
0.0
0.0332
0.5497
0.6789
0.2409
0.6273
0.302
0.3136
0.2534
0.15289999999999998
0.0705
0.1316
0.109
0.0996
0.0946
0.0902
0.0925
0.1001
0.1167
0.13419999999999999
0.248
0.41500000000000004
0.573
0.28600000000000003
0.6095999999999999
0.6560999999999999
0.4286
0.2798
0.212
0.2025
0.20929999999999999
0.21500000000000002
0.2587
0.3544
0.2529
0.049600000000000005
0.0572
0.0536
0.0547
0.0525
0.0712
0.1058
0.3499
0.3289
0.09659999999999999
0.2908
0.4459
0.15510000000000002
0.1091
0.0839
0.075
0.093
0.449
0.265
0.22760000000000002
0.1452
0.0644
0.045
0.0466
0.015799999999999998
0.0177
0.0139
0.0154
0.0125
0.0118
0.0107
0.18159999999999998
0.3639
0.0815
0.0
0.0
0.0106
0.0159
0.1492
0.10840000000000001
0.0
0.0112
0.0999
0.0994
0.1664
0.12430000000000001
0.08990000000000001
0.0421
0.17320000000000002
0.1377
0.1212
0.1195
0.14029999999999998
0.1467
2.1579
0.4781
0.1609
0.0812
0.1192
0.12190000000000001
0.11760000000000001
0.1137
0.1162
0.15810000000000002
0.2516
0.648
0.2703
0.5926
3.4566
1.3013
0.3126
0.19669999999999999
0.11929999999999999
0.1123
0.12040000000000001
0.1196
0.1354
0.15789999999999998
0.2391
0.19119999999999998
0.1297
0.10120000000000001
0.4458
0.8459
0.16260000000000002
0.15889999999999999
0.0557
0.9517
0.188
0.6821999999999999
0.4837
0.1553
0.1352
0.1265
0.11230000000000001
0.0988
0.036699999999999997
0.034100000000000005
0.0314
0.0301
0.026000000000000002
0.0259
0.028
0.0415
0.0265
0.0519
0.0195
0.0406
0.029900000000000003
0.0256
0.0436
0.0698
0.0217
0.007500000000000001
0.0771
0.0812
0.07569999999999999
0.050199999999999995
0.0429
0.039400000000000004
0.21639999999999998
0.2132
0.2123
0.2039
0.2031
0.2258
0.31620000000000004
0.3467
0.3039
0.32320000000000004
0.2864
0.2894
0.2747
0.26070000000000004
0.2132
1.6566999999999998
0.3067
0.3265
1.0697
0.9715
0.6308
0.39749999999999996
0.2793
0.2374
0.0334
0.0195
0.019200000000000002
0.026799999999999997
0.0309
0.0371
0.0427
0.0606
0.0811
0.0708
0.10250000000000001
0.38830000000000003
0.098
1.1877
0.09559999999999999
0.0706
0.0596
0.8075
1.0338
0.4024
0.3124
0.15489999999999998
0.0879
0.0538
0.2305
0.1874
0.1648
0.15910000000000002
0.1444
0.13690000000000002
0.13790000000000002
0.18230000000000002
0.1585
0.1268
0.091
0.11149999999999999
0.0953
0.093
0.0953
0.14689999999999998
0.25129999999999997
1.0761
1.0563
1.0767
0.3798
0.2882
0.32799999999999996
0.3546
0.2439
0.1796
0.14300000000000002
0.12259999999999999
0.11510000000000001
0.11410000000000001
0.1167
0.1315
0.1298
0.14350000000000002
0.1449
0.1936
0.6102000000000001
0.9895999999999999
0.1731
0.22160000000000002
0.35550000000000004
1.22
0.6796
0.45399999999999996
0.7136
0.41859999999999997
0.3978
0.4089
0.15660000000000002
0.152
0.1457
0.1446
0.1467
0.1596
0.1869
0.2022
0.251
0.3288
0.32020000000000004
0.2375
0.2368
0.2274
0.1985
0.1844
0.19519999999999998
0.2662
0.22710000000000002
0.2686
0.2811
0.2616
0.2056
0.1628
0.1258
0.11499999999999999
0.0993
0.1024
0.1041
0.10769999999999999
0.1372
0.24
0.42079999999999995
0.35240000000000005
0.5477
0.4995
0.3079
0.3029
0.613
0.4285
0.38739999999999997
0.9104000000000001
0.8744
0.6715
0.8073
0.6846
0.3537
0.1953
0.1197
0.1107
0.10650000000000001
0.0998
0.0968
0.1086
0.1251
0.14379999999999998
0.13690000000000002
0.12190000000000001
0.16260000000000002
0.3063
0.6576
1.1703999999999999
0.7016
0.3414
0.3112
0.24180000000000001
0.2192
0.2646
0.3123
0.196
0.1493
0.1277
0.1201
0.1356
0.136
0.1358
0.21700000000000003
0.3736
0.1183
0.1079
0.1097
0.1258
0.1282
0.092
0.10469999999999999
0.1154
0.1132
0.1225
0.118
1.288
1.1844000000000001
0.0863
0.149
0.1386
0.1068
0.1019
0.1163
0.1086
0.10200000000000001
0.1003
0.09620000000000001
0.10350000000000001
0.1142
0.23909999999999998
0.30710000000000004
0.1784
0.15839999999999999
0.1508
0.1497
0.15839999999999999
0.17149999999999999
0.2763
0.44789999999999996
0.4161
0.4137
0.34409999999999996
0.374
0.3012
0.1971
0.1404
0.1469
0.1526
0.15150000000000002
0.1531
0.15949999999999998
0.1955
0.21660000000000001
0.172
0.15360000000000001
0.1464
0.1346
0.1136
0.1133
0.119
0.11560000000000001
0.1137
0.1066
0.1743
0.3289
0.209
0.1895
0.1764
0.1493
0.1341
0.1166
0.0871
0.07050000000000001
0.08310000000000001
0.0772
0.0489
0.0548
0.08280000000000001
0.1255
0.1431
0.4702
0.2761
0.9384
0.4499
0.778
0.9841
0.1933
0.1385
0.2713
0.24919999999999998
1.3197
0.6221000000000001
0.2691
0.13620000000000002
0.1606
0.1466
0.1367
0.1356
0.13340000000000002
0.1432
0.1742
0.3264
0.8198000000000001
0.5208999999999999
0.9148000000000001
0.5306
0.3589
0.32689999999999997
0.2815
0.2647
0.29200000000000004
0.5941
1.2854
0.5701
0.4427
0.34230000000000005
0.2412
0.1872
0.1283
0.10200000000000001
0.07819999999999999
0.0577
0.0381
0.0408
0.0349
0.0228
0.0018
0.0031
0.0048
0.061399999999999996
0.0345
0.4709
0.1231
0.1414
0.3749
0.6678999999999999
0.1155
0.1227
0.2167
0.0687
0.038599999999999995
0.047
0.1817
0.1659
0.15910000000000002
0.1575
0.1607
0.4831
0.6784
0.2711
0.24630000000000002
0.2925
0.3316
0.23970000000000002
0.2449
0.265
0.30689999999999995
0.2859
0.2705
0.34240000000000004
0.5155
0.4097
0.3133
0.3097
0.2601
0.2015
0.0503
0.042
0.0294
0.0288
0.0253
0.024300000000000002
0.0467
0.0246
0.7354
0.13690000000000002
0.0852
0.5692
0.1297
0.07350000000000001
0.0668
0.0939
0.6213
0.5799
0.8765000000000001
0.7219
0.8169
0.4471
0.2832
0.1203
0.10869999999999999
0.0586
0.0528
0.0499
0.0464
0.048799999999999996
0.0558
0.0742
0.0923
0.11829999999999999
0.20479999999999998
0.2584
0.4612
0.5268
0.1701
0.1401
0.1055
1.4402
1.0358
0.6020000000000001
0.4213
0.42969999999999997
1.3405
0.25379999999999997
0.16260000000000002
0.1573
0.1683
0.2096
0.1419
0.0355
0.0
0.0
0.0
0.19920000000000002
0.0
0.0
0.0171
0.0437
0.0
0.0
0.5715
0.0
0.4791
0.2699
0.5375
1.7296
0.5725
0.2679
0.0534
0.0453
0.047
0.0449
0.044300000000000006
0.0489
0.0766
0.46240000000000003
0.4517
0.2545
0.13090000000000002
0.0952
0.1958
0.1519
0.16449999999999998
0.40780000000000005
1.0394
0.8724000000000001
0.2822
0.31389999999999996
0.2251
0.2137
0.1387
0.07500000000000001
0.0753
0.0562
0.0426
0.0521
0.052500000000000005
0.035699999999999996
0.088
0.1997
0.1171
0.0387
0.392
1.1383999999999999
0.7492000000000001
0.07139999999999999
0.6042000000000001
0.1919
0.12719999999999998
1.3482
1.2001
0.2797
0.4161
0.3268
0.2403
0.1446
0.0569
0.0528
0.049600000000000005
0.0457
0.0432
0.039999999999999994
0.0479
0.0501
0.486
0.5466
0.3408
0.3955
0.132
0.11499999999999999
0.14150000000000001
0.5289
0.5136000000000001
0.17149999999999999
0.1663
0.1928
0.1699
0.1637
0.1363
0.093
0.0466
0.062
0.0679
0.0906
0.08460000000000001
0.0935
0.1738
0.2879
0.39790000000000003
1.0179
0.49329999999999996
0.2392
0.2915
0.40159999999999996
0.5715
1.3542
0.8313999999999999
0.7624
3.2056
1.6936
1.3793
0.48950000000000005
0.0996
0.0658
0.1345
0.1104
0.0984
0.0621
0.08510000000000001
1.0512000000000001
0.45840000000000003
0.41869999999999996
0.7773
1.6143
1.7913000000000001
0.4211
1.3293000000000001
0.9904000000000001
0.6633
0.6645
1.0616
1.0671
1.1907
1.1109
0.9742999999999999
0.661
0.24170000000000003
0.1958
0.1161
0.09970000000000001
0.0906
0.0863
0.0843
0.0885
0.097
0.1339
0.3663
0.2557
0.2282
0.1542
0.1548
0.17830000000000001
0.3329
0.2716
0.3027
0.29359999999999997
0.19940000000000002
0.5346
0.2516
0.2862
0.3034
0.1829
0.4215
0.364
0.3612
0.3477
0.31120000000000003
0.3345
0.3581
0.3528
0.6342
0.7011000000000001
0.5556
0.9095
0.9597
0.5486
0.6887
0.8977999999999999
2.7157
1.6456
1.6401
1.8545
0.8366
0.7547
0.6153
0.519
0.2441
0.23220000000000002
0.2223
0.2193
0.21760000000000002
0.2272
0.24780000000000002
0.3097
0.6332
0.6124
0.7134
0.3262
0.36260000000000003
0.3983
0.4572
0.6568
1.2586
0.49420000000000003
0.4303
0.6252
0.6021000000000001
0.5455
0.4568
0.318
0.0132
0.0078
0.0060999999999999995
0.0064
0.0078
0.0052
0.008
0.060700000000000004
0.2444
0.1481
0.1021
0.35
0.1587
0.0689
0.048799999999999996
0.0658
0.3316
0.891
0.3549
0.2515
0.28969999999999996
0.2327
0.1142
0.0261
0.1316
0.1296
0.1273
0.12830000000000003
0.1338
0.1526
0.2031
0.22349999999999998
0.2389
0.2047
0.1933
0.1894
0.1819
0.19269999999999998
0.1805
0.1834
0.251
0.215
0.2025
0.2343
0.22249999999999998
0.18030000000000002
0.1348
0.12090000000000001
0.0188
0.0
0.0015
0.0159
0.0259
0.0
0.021
0.049699999999999994
0.1642
2.8337
2.3588
0.4
0.1638
0.5292
1.2793999999999999
1.6359
0.8456
0.4353
0.48629999999999995
0.44289999999999996
0.1666
0.0176
0.0097
0.0151
0.0866
0.0801
0.07500000000000001
0.07289999999999999
0.0736
0.08779999999999999
0.22010000000000002
0.5198
0.2314
0.3289
0.136
0.08860000000000001
0.10650000000000001
0.1396
0.28049999999999997
0.2889
0.1077
0.0943
0.0839
0.1007
0.1078
0.1254
0.1168
0.0892
0.0
0.0
0.0
0.0
0.0
0.0
0.1298
0.2628
0.0312
0.3825
0.0
0.0
0.0
0.0212
0.1708
0.0
0.0
0.0198
0.2381
0.0
0.0707
0.028
0.0074
0.0
0.5736
1.5734
1.9977999999999998
1.6418
0.9505000000000001
0.8515
0.8795999999999999
0.9279
0.9693
1.316
1.2595999999999998
0.7883
0.7325
0.716
0.6648000000000001
0.5314
0.4534
0.4824
2.6122
2.3489
1.2688000000000001
1.5695999999999999
1.9209
0.8877
0.2156
0.2006
0.1925
0.1865
0.1847
0.18969999999999998
0.2181
0.3655
0.41190000000000004
0.7978
0.4292
0.382
0.4072
0.31379999999999997
0.3161
0.4688
1.2416
1.023
0.5533
0.4303
0.3895
0.3538
0.3385
0.27249999999999996
0.029400000000000003
0.0242
0.023
0.0247
0.0229
0.0218
0.118
0.48660000000000003
0.099
0.0828
0.15460000000000002
0.34650000000000003
0.1645
0.1428
0.1577
0.3346
0.1763
0.1428
0.8316
0.19779999999999998
0.2679
0.20600000000000002
0.1306
0.0668
0.1889
0.1709
0.1661
0.1628
0.1637
0.17120000000000002
0.2062
0.2267
0.2672
0.2363
0.2151
0.2268
0.3895
0.2809
0.3019
0.3241
0.4752
0.8086
1.0735
0.6131
0.48819999999999997
0.3631
0.26789999999999997
0.2017
0.191
0.1744
0.16210000000000002
0.1604
0.1627
0.1568
0.1436
0.14150000000000001
0.1288
0.1535
0.1824
0.1939
0.2094
0.2617
0.1846
0.1962
0.2183
0.2775
0.16249999999999998
0.1454
0.1652
0.1774
0.1789
0.17059999999999997
0.177
0.3402
0.6434
1.1856
0.1344
0.108
0.1124
0.1343
0.13019999999999998
0.0948
0.1043
0.1158
0.0561
1.4492
0.0189
0.0594
0.2208
0.7119
0.3628
0.2288
0.5321
0.4021
0.2454
0.18009999999999998
0.10969999999999999
0.09620000000000001
0.08990000000000001
0.09190000000000001
0.0863
0.088
0.1238
1.2604000000000002
0.1068
0.1106
0.1078
0.1047
0.097
0.085
0.0556
0.07769999999999999
0.3685
0.19290000000000002
0.2195
0.2846
0.6660999999999999
0.2577
0.2338
0.16799999999999998
0.0892
0.0857
0.084
0.0869
0.08779999999999999
0.0859
0.06079999999999999
0.0523
0.0469
0.054400000000000004
0.042300000000000004
0.036199999999999996
0.0332
0.044
0.0389
0.0465
0.08399999999999999
0.1481
0.163
0.1516
0.1789
0.16670000000000001
0.1223
0.1011
0.0148
0.009399999999999999
0.0017000000000000001
0.006200000000000001
0.0060999999999999995
0.0022
0.0152
0.1659
0.1365
0.20249999999999999
0.0543
0.0563
0.0375
0.0221
0.0
0.0
0.0039000000000000003
0.0244
0.46809999999999996
0.24659999999999999
0.3086
0.26780000000000004
0.2046
0.0647
0.0079
0.0023
0.0014
0.0054
0.008
0.0049
0.0041
0.019200000000000002
0.0678
0.0754
0.0845
0.1578
0.147
1.0524
0.1552
0.1686
0.41759999999999997
0.2194
0.7495
1.2112
2.3346999999999998
1.1496
0.1472
0.028900000000000002
0.052000000000000005
0.0334
0.0317
0.018099999999999998
0.0137
0.017
0.007699999999999999
0.0013
0.0599
0.25270000000000004
0.0371
0.1753
0.0733
0.0437
0.305
0.7796
0.42790000000000006
0.2113
0.0185
0.0085
0.0002
0.0068
0.039099999999999996
0.0611
0.1481
0.1163
0.0933
0.08510000000000001
0.07930000000000001
0.0808
0.07780000000000001
0.07930000000000001
0.0466
0.0297
0.358
0.6975
1.1424
1.2421
0.6606
0.1921
0.1755
0.2227
0.1847
0.2455
0.2996
0.1861
0.15889999999999999
0.1283
0.5067999999999999
0.1866
0.1444
0.1434
0.1212
0.139
0.1381
0.1526
0.9241
1.0293999999999999
0.2955
0.21889999999999998
0.2955
0.1792
0.1144
0.058800000000000005
0.1433
1.4643000000000002
0.4097
0.5685
0.6914
0.6192
0.888
0.3197
0.06670000000000001
0.051100000000000007
0.0455
0.0416
0.041999999999999996
0.0441
0.0533
0.06720000000000001
0.074
0.0854
0.09190000000000001
0.1179
0.2139
0.3312
0.1774
0.1737
0.1743
0.1557
0.1538
0.1653
0.1753
0.1757
0.1529
0.1051
0.2261
0.2012
0.1932
0.19090000000000001
0.1794
0.1956
0.3109
0.8533
0.18380000000000002
0.1429
0.1459
0.1354
0.1464
0.15889999999999999
0.1868
0.39770000000000005
0.7151000000000001
0.3147
0.3242
0.4158
0.41259999999999997
0.3821
0.43010000000000004
0.3421
0.26570000000000005
0.2339
0.2481
0.2459
0.25970000000000004
0.24620000000000003
0.9560000000000001
1.2675
0.17930000000000001
0.1471
0.1148
0.1291
0.15639999999999998
0.1391
0.12340000000000001
0.1537
0.1923
0.2067
0.2726
0.2426
0.6328
0.4518
0.40580000000000005
0.3862
0.1414
0.1477
0.1513
0.1627
0.17559999999999998
0.19629999999999997
0.14600000000000002
0.1371
0.1357
0.1291
0.1152
0.1076
0.1127
0.1361
0.1346
0.1248
0.1305
0.1777
0.1436
0.14679999999999999
0.1544
0.14750000000000002
0.12440000000000001
0.11699999999999999
0.12210000000000001
0.10819999999999999
0.1123
0.09820000000000001
0.0969
0.1012
0.09340000000000001
0.0906
0.1918
1.1193
0.1096
0.07669999999999999
0.0605
0.0692
0.0764
0.848
0.2269
0.24230000000000002
0.24080000000000001
0.2501
0.2365
0.2364
0.20650000000000002
0.1421
0.0
0.0
0.0011
0.008
0.010700000000000001
0.0057
0.0
0.0105
0.0884
0.6682
0.48310000000000003
0.1632
0.31989999999999996
0.1527
0.197
0.8927
1.1679
0.929
0.38160000000000005
0.2666
0.1718
0.0313
0.0
0.0
0.1358
0.123
0.11760000000000001
0.10350000000000001
0.10350000000000001
0.1122
0.3294
0.6769000000000001
0.09090000000000001
0.0872
0.1167
0.12279999999999999
0.1207
0.12029999999999999
0.1171
0.1128
0.111
0.4688
0.1608
0.21400000000000002
0.2868
0.15339999999999998
0.1116
0.1013
0.2203
0.4104
0.2443
0.1894
0.1718
0.1281
0.9526
1.2562
0.2353
0.4991
0.5292
0.2074
0.2063
0.1699
0.1305
0.14029999999999998
0.1496
0.1542
0.2255
0.2658
0.28049999999999997
0.3629
0.5261
0.32089999999999996
0.12840000000000001
0.0781
0.1896
0.256
0.8233
0.21109999999999998
0.0058
0.0
0.0085
0.0237
0.0081
0.0067
0.0028
0.0172
0.0907
0.10500000000000001
0.1147
2.1045
0.0
0.0
0.060200000000000004
0.185
0.133
0.2031
0.06559999999999999
0.0581
0.0506
0.0498
0.047
0.0536
0.0688
0.11019999999999999
0.47739999999999994
0.131
0.0781
0.3618
0.2462
0.15339999999999998
0.1336
0.1175
0.3962
0.5562
0.1202
0.11879999999999999
0.1883
0.2103
0.1791
0.1074
0.1989
0.1668
0.1436
0.1436
0.1451
0.1402
0.13219999999999998
0.1293
0.1154
0.1189
0.10830000000000001
0.1173
0.2949
0.2651
0.1819
0.1963
0.18769999999999998
0.5884
0.6472
0.42560000000000003
0.3107
0.31020000000000003
0.2945
0.2424
0.1608
0.22949999999999998
0.1349
0.0818
0.0761
0.07139999999999999
0.15719999999999998
0.7891
0.0762
0.7546999999999999
0.1548
0.0066
0.1104
0.0
0.0
0.0
0.0
0.0
0.0472
0.08310000000000001
0.1106
0.0375
0.0097
0.020999999999999998
0.0055000000000000005
0.0
0.0
0.0
0.0
0.0
0.0
0.0
0.038400000000000004
0.0447
0.0167
0.0118
0.0
0.0
0.0
0.0
0.0
0.0
0.0
0.0073999999999999995
0.0402
0.09040000000000001
0.0999
0.0494
0.10400000000000001
0.09609999999999999
0.0952
0.0965
0.09620000000000001
0.10389999999999999
0.12990000000000002
0.1573
0.3128
0.355
0.23550000000000001
0.17980000000000002
0.21889999999999998
0.2754
0.24780000000000002
0.1283
0.12669999999999998
0.2575
0.1935
0.1626
0.2137
0.1948
0.1339
0.0985
