0.1206
0.1217
0.1244
0.11349999999999999
0.1236
0.1541
0.2067
0.6106
0.4293
0.4279
0.2565
0.2156
0.4489
0.2239
0.224
0.6799999999999999
0.7571
0.7156
0.9632
0.2798
0.1982
0.1605
0.1269
0.1152
0.0752
0.0693
0.0653
0.06739999999999999
0.0675
0.08049999999999999
0.25039999999999996
0.31379999999999997
0.15789999999999998
0.1375
0.0947
0.0534
0.0667
0.08310000000000001
0.1235
0.4198
1.1251
1.1909
0.22820000000000001
0.2974
0.21250000000000002
0.23220000000000002
0.1769
0.1008
0.1013
0.08399999999999999
0.0802
0.0879
0.0722
0.105
0.5278
0.18719999999999998
0.11069999999999999
0.1082
0.0945
0.0963
0.1041
0.1002
0.10300000000000001
0.2462
0.5119
0.418
0.2121
0.0751
0.0979
0.4346
0.4478
0.2579
0.3034
0.1961
0.174
0.1519
0.1302
0.1426
0.1659
0.1433
0.5418
0.7101999999999999
1.483
1.2895
0.135
0.1806
0.2701
0.08310000000000001
0.2339
0.3923
0.14029999999999998
0.25429999999999997
0.6001000000000001
1.0949
0.5486
0.34140000000000004
0.049100000000000005
0.031299999999999994
0.0139
0.034499999999999996
0.032
0.11359999999999999
0.0597
0.0499
0.0638
0.0562
0.0
0.0
0.7389
1.036
0.0728
0.0278
1.399
0.5156000000000001
0.2002
1.1756000000000002
0.875
0.1381
0.0541
0.0438
0.09670000000000001
0.0848
0.0749
0.077
0.07669999999999999
0.0854
0.09540000000000001
0.1174
0.1605
0.3631
0.2071
0.2175
0.1027
0.6266
0.1213
0.1197
0.21960000000000002
0.1562
0.6983999999999999
0.24020000000000002
0.25329999999999997
0.202
0.1479
0.11449999999999999
0.0
0.10629999999999999
0.15910000000000002
0.1364
0.0591
0.08349999999999999
0.1377
0.1871
0.2725
0.32830000000000004
0.3853
0.036199999999999996
0.6572
0.3226
0.3269
0.1008
0.046799999999999994
0.09709999999999999
0.36639999999999995
0.045200000000000004
0.014799999999999999
0.0056
0.017
0.0051
0.0893
0.082
0.0786
0.0751
0.07730000000000001
0.0844
0.1046
0.1372
0.1766
0.21989999999999998
0.2239
0.2067
0.40759999999999996
0.312
0.2405
0.3447
0.3136
0.2027
0.2115
0.2426
0.2393
0.20400000000000001
0.14150000000000001
0.1027
0.20600000000000002
0.1874
0.18109999999999998
0.1724
0.1655
0.1703
0.17959999999999998
0.1901
0.207
0.2207
0.23809999999999998
0.2816
0.2834
0.41990000000000005
0.4425
0.6024
0.3434
0.2526
0.2336
0.34650000000000003
0.6357999999999999
0.3594
0.2569
0.22160000000000002
0.1349
0.12209999999999999
0.1173
0.1111
0.1054
0.0973
0.5092
0.3615
0.0819
0.3592
0.18280000000000002
0.601
0.16670000000000001
0.11829999999999999
0.11030000000000001
0.1467
0.1735
0.1297
0.21789999999999998
0.2142
0.2272
0.242
0.2469
0.20939999999999998
0.8207
0.2255
0.16599999999999998
0.2099
0.1389
0.14650000000000002
0.1376
1.1835
0.6176999999999999
0.1213
0.1174
0.09720000000000001
0.276
0.0928
0.0915
0.1159
0.12279999999999999
0.07100000000000001
0.046400000000000004
0.6271
0.226
0.2336
0.1684
0.1719
0.0448
0.041800000000000004
0.0448
0.044899999999999995
0.0417
0.0558
0.07050000000000001
0.1101
0.2618
0.6837
1.0748
2.548
0.5315
0.1609
0.14479999999999998
0.1711
0.24580000000000002
1.6944
0.8032999999999999
0.9495
0.9550000000000001
0.6095999999999999
0.23170000000000002
0.0649
0.0165
0.0225
0.0606
0.1068
0.2747
0.1933
0.0
0.0
0.0
0.1445
0.0
0.0
0.0
0.0
0.0
0.0
0.0
0.0
0.0393
0.7062
0.5189
0.8626
0.9896
0.2163
0.095
0.0766
0.06989999999999999
0.0693
0.0683
0.0693
0.07239999999999999
0.0895
0.263
0.1362
0.1
0.1119
0.1721
0.1373
0.3462
0.1243
0.1257
0.128
0.1178
0.1474
0.1649
0.22310000000000002
0.2613
0.1382
0.2754
0.2219
0.2425
0.27790000000000004
0.3406
0.5587
0.5779
0.35009999999999997
0.16010000000000002
0.1267
0.0978
0.0847
0.0937
0.0842
0.1277
0.2879
0.6044
1.7318
1.0002
0.46040000000000003
0.4088
0.3408
0.2897
0.245
0.1782
0.1792
0.1817
0.1653
0.1578
0.1618
0.1963
0.2362
0.3075
0.8351000000000001
1.3561999999999999
0.21760000000000002
0.2229
0.3796
0.7395
0.33240000000000003
0.3066
0.7059
1.0583
0.3186
0.3322
0.26480000000000004
0.22310000000000002
0.1908
0.0513
0.0379
0.0287
0.024399999999999998
0.019799999999999998
0.0138
0.013
0.0104
0.0041
0.0168
0.0297
0.0433
0.024
0.0895
0.08549999999999999
0.066
0.0799
0.1315
0.1126
0.1252
0.17170000000000002
0.1215
0.0698
0.0579
0.1055
0.1052
0.1136
0.11699999999999999
0.1175
0.1593
0.2343
0.1766
0.14850000000000002
0.193
0.053
0.0228
0.014599999999999998
0.0157
0.0046
0.0265
0.0611
0.6851
0.2562
0.17520000000000002
0.2606
0.5251
0.2329
0.1172
0.0649
0.0636
0.0634
0.0565
0.061799999999999994
0.0736
0.1572
0.6001000000000001
0.4898
0.5675
0.6515
0.2263
0.29769999999999996
0.28600000000000003
0.4912
0.4364
0.7445
0.305
0.2061
0.18180000000000002
0.1449
0.0954
0.0796
0.0716
0.1513
0.38580000000000003
0.43179999999999996
0.24070000000000003
0.1639
0.1641
0.1727
0.22820000000000001
0.22349999999999998
0.8438
0.7569
1.4289
0.3024
0.0703
0.0663
0.052500000000000005
0.075
0.13340000000000002
0.7198
0.3833
0.2279
0.2001
0.1696
0.124
0.1617
0.146
0.1578
0.1513
0.1476
0.17070000000000002
0.2311
0.3406
0.5028
0.41359999999999997
1.1781
0.3163
0.2904
0.922
1.6000999999999999
0.9391
0.7827
0.5135000000000001
0.5021
1.0288
0.3816
0.1963
0.1671
0.15439999999999998
0.28959999999999997
0.2836
0.2774
0.2929
0.27380000000000004
0.34640000000000004
0.41190000000000004
2.8933999999999997
1.5146
0.2501
0.16770000000000002
0.173
0.18209999999999998
0.18109999999999998
0.16260000000000002
0.1978
0.9443999999999999
0.7690999999999999
0.8804000000000001
0.6196999999999999
0.63
0.6386000000000001
0.5478000000000001
0.39849999999999997
0.1387
0.07269999999999999
0.0593
0.0605
0.0588
0.058800000000000005
0.0712
0.055900000000000005
0.0514
0.048100000000000004
0.42679999999999996
0.095
0.0301
0.032100000000000004
0.0149
0.0051
0.0495
0.1814
0.0324
0.08710000000000001
0.1513
0.13640000000000002
0.0611
0.0442
0.0928
0.0736
0.064
0.0568
0.051000000000000004
0.0424
0.0385
0.044899999999999995
0.044700000000000004
0.055
0.053000000000000005
0.0635
0.06720000000000001
0.1
0.1123
0.1094
0.1348
0.1064
0.1352
0.2003
0.2163
0.1869
0.1716
0.1386
0.08399999999999999
0.07139999999999999
0.0662
0.0676
0.0616
0.0696
0.0701
0.2803
0.23049999999999998
0.0139
0.0011
0.0017
0.0079
0.0194
0.0455
0.1733
0.22139999999999999
0.30920000000000003
0.0849
0.24270000000000003
0.1493
0.15839999999999999
0.2177
0.1501
0.1303
0.1068
0.10289999999999999
0.118
0.10669999999999999
0.1131
0.2275
1.9247
0.45830000000000004
0.2616
0.2628
0.2373
0.4129
0.4618
0.4052
0.24259999999999998
0.2411
1.9447
0.5354
0.41269999999999996
1.2534
0.4739
0.2102
0.1293
0.1409
0.13
0.1427
0.1577
0.198
0.2959
1.1066
1.1672
0.5891
0.26749999999999996
0.2452
0.31779999999999997
0.568
0.4209
0.4843
1.0950000000000002
0.541
0.8969
0.7312000000000001
0.6433
0.3035
0.2251
0.16720000000000002
0.15639999999999998
0.1376
0.1291
0.1225
0.1189
0.11649999999999999
0.1169
0.1397
0.16970000000000002
0.1387
0.1273
0.1243
0.10819999999999999
0.0888
0.091
0.08410000000000001
0.0912
0.0866
0.1086
0.162
0.2008
0.25830000000000003
0.2393
0.1696
0.14179999999999998
0.0867
0.0897
0.08660000000000001
0.0887
0.1023
0.14100000000000001
0.22849999999999998
0.1818
0.13
0.2441
0.152
0.1531
0.2781
0.1277
0.1112
0.1351
0.3059
0.22510000000000002
0.4082
0.14500000000000002
0.10070000000000001
0.0791
0.08199999999999999
0.07769999999999999
0.3664
0.2983
0.2858
0.2774
0.2766
0.2803
0.7102
0.5932
0.2953
0.3626
0.32689999999999997
0.28069999999999995
0.2506
0.23759999999999998
0.2403
0.34550000000000003
0.4523
1.7085000000000001
1.229
0.2658
0.2119
0.2106
0.35150000000000003
0.5198
0.0
0.9791000000000001
1.4029
0.0889
0.0
0.0
0.037599999999999995
0.0505
0.0126
0.0
0.0
0.0236
0.0049
0.0049
0.4357
1.0174
1.3761999999999999
0.6997
1.6526999999999998
0.0
0.0
0.0
0.0
0.0121
0.0213
0.0178
0.013399999999999999
0.012900000000000002
0.0126
0.0173
0.089
0.1612
0.0416
0.042899999999999994
0.0431
0.1274
0.09
0.0463
0.028900000000000002
0.030100000000000002
0.0666
0.09079999999999999
0.1066
0.1559
0.17370000000000002
0.09820000000000001
0.0593
0.0317
0.08979999999999999
0.08130000000000001
0.07300000000000001
0.075
0.07730000000000001
0.09240000000000001
0.2562
0.3021
0.19290000000000002
0.3086
0.1606
0.1927
0.2971
0.1827
0.1286
0.1452
0.1651
0.1789
0.7093
1.1694
0.6419
0.3133
0.2011
0.1212
0.0472
0.0756
0.1131
0.0701
0.0177
0.0999
0.2211
1.2889
1.6038999999999999
0.23120000000000002
0.3098
0.08499999999999999
0.0982
0.0371
0.019
0.0
0.0
0.0178
1.3674
0.3929
0.06609999999999999
0.0
0.0137
0.037
0.26239999999999997
0.3428
0.3604
0.4318
0.4504
0.6411
1.1277
1.3489
1.7023000000000001
0.5467
0.1953
0.1645
0.2346
0.2696
0.27580000000000005
0.3424
0.49849999999999994
1.5187000000000002
0.34640000000000004
1.8421
1.4024999999999999
1.4872
0.4203
0.2348
0.1426
0.11069999999999999
0.093
0.0857
0.07089999999999999
0.07600000000000001
0.0606
0.0663
0.0455
0.035699999999999996
0.0282
0.2145
0.29159999999999997
0.4575
0.10819999999999999
0.5054
0.6317
0.7866
1.2228999999999999
0.1227
0.2047
0.1446
0.122
0.1222
0.29359999999999997
0.24430000000000002
0.226
0.2243
0.215
0.2175
0.2268
0.2535
0.3389
0.386
0.3647
0.5044
0.4225
0.5223
0.6617
0.3778
0.38580000000000003
0.7163
0.5182
0.4129
0.5041
0.6051
0.6928
0.47050000000000003
0.20350000000000001
0.1781
0.1653
0.1607
0.1603
0.1607
0.1794
0.2048
0.3043
0.3952
0.36050000000000004
0.3876
0.6613
0.324
0.35419999999999996
0.3272
0.3275
1.5900999999999998
1.4657
0.5457
0.397
0.3768
0.3196
0.2523
0.3392
0.3256
0.3183
0.32709999999999995
0.40959999999999996
0.4561
1.0149
1.157
0.4982
0.1424
0.1034
0.1018
0.0905
0.09179999999999999
0.0858
0.1157
0.1105
0.0825
0.0408
0.6427
0.7097
0.4768
0.4588
0.39280000000000004
0.8168
0.32989999999999997
0.24059999999999998
0.185
0.217
1.4595
0.7206
0.4065
0.1926
0.8926
1.5051999999999999
0.5769
0.2253
0.0229
0.068
0.0755
0.1309
0.4112
0.663
0.9206
0.7877000000000001
0.6692
0.6834
0.4578
0.0676
0.0308
0.0678
0.0532
0.037599999999999995
0.025300000000000003
0.0406
0.1392
0.0977
0.6142
0.6049
0.8976
0.0
0.0
0.5415
0.0703
0.01
0.0135
0.18810000000000002
0.1694
0.2264
0.0864
0.0628
0.065
0.1827
0.1661
0.16749999999999998
0.16499999999999998
0.16260000000000002
0.16260000000000002
0.1651
0.1975
0.1592
0.5396
0.1064
0.119
0.1094
0.1221
0.129
0.2122
0.1975
0.14500000000000002
0.5764
0.1802
0.2715
0.3298
0.2903
0.2336
0.2922
0.2553
0.2404
0.2306
0.21939999999999998
0.2126
0.22820000000000001
0.2804
0.32630000000000003
0.2607
0.24109999999999998
0.26449999999999996
0.3284
0.2393
0.24509999999999998
0.279
0.41859999999999997
0.6798
1.5609
1.0852
0.3734
0.3709
0.41069999999999995
0.36550000000000005
0.0946
0.0608
0.0784
0.0591
0.0824
0.0692
0.5815
1.7736999999999998
0.5324
1.104
0.2631
0.2637
0.8001
0.7499
0.3208
0.9309000000000001
0.879
0.40180000000000005
0.437
0.201
0.31610000000000005
0.43210000000000004
0.2333
0.0816
0.09839999999999999
0.0975
0.09079999999999999
0.0907
0.0846
0.097
0.1149
0.2146
0.636
0.1238
0.1418
0.1027
0.11030000000000001
0.1412
0.1676
0.2137
0.3609
0.2112
0.20850000000000002
0.3029
0.2406
0.18180000000000002
0.1222
0.0959
0.7898
1.405
2.3552
1.8044
1.3657
1.7831000000000001
1.2232
0.5172
0.3701
0.20400000000000001
0.1104
0.0879
0.2743
0.5765
2.2582999999999998
1.7184
1.8317
3.7701
4.0092
3.5324999999999998
2.3459000000000003
2.8337
3.4450000000000003
5.1983
0.0912
0.047200000000000006
0.08360000000000001
0.093
0.0615
0.0826
0.0842
0.1045
0.16460000000000002
0.19490000000000002
0.24380000000000002
1.0141
0.6207
2.4413
1.0193
0.8911
1.7791
1.1969
0.6133
0.8387
1.2315999999999998
0.741
0.3512
0.1647
0.057300000000000004
0.0392
0.0357
0.0286
0.049199999999999994
0.1305
0.0945
0.0463
0.0497
0.10800000000000001
0.0824
0.0353
0.2702
0.0578
0.042499999999999996
0.07869999999999999
0.1431
1.6108
0.9369000000000001
0.0892
0.0965
0.1552
0.2445
0.1352
0.0531
0.0435
0.053599999999999995
0.045
0.0465
0.0627
0.0992
0.1477
0.2146
0.31
0.487
0.5834999999999999
0.48969999999999997
0.8201
0.5932999999999999
0.5096
0.7086
0.4524
0.3698
0.2384
0.1531
0.08
0.0668
0.0595
0.0907
0.08099999999999999
0.0751
0.0756
0.0759
0.0785
0.095
0.1168
0.1525
0.1446
0.1353
0.1411
0.1877
0.2293
0.3704
0.5026999999999999
0.5869
1.3566
0.3806
1.4591
1.8740999999999999
1.0286
0.2892
0.13590000000000002
0.08399999999999999
0.0748
0.0806
0.0804
0.07669999999999999
0.0983
0.4461
0.577
0.05
0.0279
0.0372
0.0352
0.0465
0.052000000000000005
0.067
0.1625
1.2713
0.8239000000000001
0.7958000000000001
0.2521
0.1728
0.0916
0.063
0.0687
0.121
0.1184
0.11649999999999999
0.118
0.1073
0.1258
0.1558
0.19140000000000001
1.1114
0.1886
0.1397
0.14500000000000002
0.1809
0.223
0.2898
0.9574
0.5395
0.4624
0.5711
0.7219
0.4192
0.2739
0.1852
0.1464
0.0616
0.055
0.051500000000000004
0.0514
0.0526
0.0624
0.095
0.1394
0.1293
0.1154
0.1002
0.1106
0.1114
0.0973
0.0802
0.0796
0.1355
0.10719999999999999
0.09129999999999999
0.1269
0.1429
0.13169999999999998
0.0978
0.0707
0.07039999999999999
0.0548
0.0518
0.0635
0.0731
0.1355
0.1905
0.13779999999999998
0.10930000000000001
0.0902
0.0956
0.0633
0.07039999999999999
0.0702
0.1113
0.4062
0.5781000000000001
1.8103
0.7026
0.501
0.5125
0.8436
0.1272
0.028199999999999996
0.218
0.201
0.18530000000000002
0.1859
0.18419999999999997
0.1896
0.1985
0.2415
0.4234
0.7035
0.4605
0.4213
0.256
0.2825
0.2515
0.1945
0.5235
0.4313
0.1756
0.1813
0.259
0.3358
0.31930000000000003
0.2535
0.0718
0.0663
0.0614
0.0635
0.0584
0.059899999999999995
0.07880000000000001
0.1158
0.5282
0.2121
0.1376
0.1043
0.10339999999999999
0.1108
0.132
0.2688
0.7376
1.1694
0.4488
0.9339999999999999
0.8400000000000001
0.6617
0.1789
0.10339999999999999
0.0821
0.0681
0.0538
0.062
0.0533
0.0468
0.0476
0.0561
0.1048
0.6139
0.2534
0.1104
0.0831
0.9068
0.1596
0.0496
0.0746
0.10120000000000001
0.2436
0.7421
0.6837
0.455
0.1583
0.1013
0.3116
0.30269999999999997
0.2907
0.28459999999999996
0.322
0.4294
0.4001
0.4023
0.4027
0.9257
0.5519000000000001
0.3826
0.5672
0.5490999999999999
0.5022
1.1762000000000001
0.5501
0.482
1.127
0.5467
0.5800000000000001
0.6517999999999999
0.56
0.383
0.23020000000000002
0.2113
0.19740000000000002
0.1855
0.17770000000000002
0.1734
0.17859999999999998
0.18919999999999998
0.16770000000000002
0.33440000000000003
0.4995
0.3784
0.3158
0.31579999999999997
0.2224
0.2889
1.196
1.1527
0.5225
0.26990000000000003
0.2662
0.2634
0.32799999999999996
0.3095
0.13629999999999998
0.132
0.1282
0.1229
0.1285
0.1972
0.2636
0.27380000000000004
0.3076
0.7524
0.4044
0.239
0.45799999999999996
0.3759
0.3527
0.7950999999999999
0.9285000000000001
0.4123
0.2509
0.2754
0.3365
0.3407
0.26580000000000004
0.172
0.1694
0.1412
0.1308
0.14250000000000002
0.1207
0.1378
0.17049999999999998
0.1721
0.7408
0.37439999999999996
0.24180000000000001
0.2106
0.20529999999999998
0.2072
0.2102
0.2483
0.23299999999999998
0.2359
0.3468
1.6531
1.2457
1.1652
0.3527
0.2548
0.23309999999999997
0.3134
0.2363
0.1931
0.1709
0.16949999999999998
0.16449999999999998
0.2579
0.4213
0.3063
0.1282
0.0923
0.1022
0.0871
0.0774
0.0771
0.0611
0.09179999999999999
0.23929999999999998
0.2802
0.27790000000000004
0.31679999999999997
0.4304
0.27780000000000005
0.06420000000000001
0.0499
0.042499999999999996
0.0523
0.037099999999999994
0.0531
0.0737
0.0748
0.07289999999999999
0.1179
1.2969
1.5354999999999999
0.3138
0.1885
0.4819
0.2768
0.113
0.0956
0.12329999999999999
0.207
0.2165
0.1991
0.11649999999999999
0.087
0.0993
0.1148
0.1296
0.14600000000000002
0.1827
0.3466
0.3443
0.2452
0.15489999999999998
0.0865
0.0769
0.0646
0.0553
0.0503
0.0553
0.054599999999999996
0.486
0.4965
0.2441
0.49570000000000003
0.15789999999999998
0.1086
0.0796
0.07869999999999999
0.2265
0.2052
0.19779999999999998
0.1911
0.1814
0.19240000000000002
0.2046
0.24330000000000002
0.2499
0.27090000000000003
0.2491
0.23970000000000002
0.5585
0.6023000000000001
0.3768
0.3355
1.2945
0.9324
0.6173
0.4903
0.4002
0.39680000000000004
0.3941
0.3088
0.0789
0.0636
0.06559999999999999
0.0534
0.057800000000000004
0.048799999999999996
0.6742
0.6601
0.1784
0.4575
0.46549999999999997
0.2144
0.1067
0.0516
0.0262
0.0278
0.0368
0.0749
0.2029
0.2911
0.5236000000000001
0.3843
0.2128
0.1114
0.1076
0.095
0.095
0.09609999999999999
0.099
0.1076
0.1283
0.1508
0.1412
0.4453
0.1158
0.8757
0.7989999999999999
0.6797
0.4415
0.49420000000000003
0.277
0.1904
1.1097000000000001
0.5984
0.4445
0.2762
0.19
0.1334
0.1813
0.1173
0.0949
0.1046
0.1383
0.1989
0.8091
0.2671
0.0048
1.1400000000000001
0.2534
0.2788
0.0
0.0
0.0
0.0
0.0
0.0093
0.1047
0.0364
0.0157
0.0235
0.0252
0.0814
0.1603
0.1457
0.13540000000000002
0.1343
0.13
0.13290000000000002
0.182
0.819
0.2752
0.16999999999999998
0.1628
0.19590000000000002
0.2764
0.3109
0.3879
0.28559999999999997
0.266
0.5791
0.2274
0.2518
0.3386
0.3335
0.2835
0.1972
0.2711
0.2812
0.28359999999999996
0.27749999999999997
0.2678
0.2572
0.2668
0.27190000000000003
0.3671
0.5542
0.38839999999999997
0.26739999999999997
0.2535
0.35529999999999995
0.3639
0.27590000000000003
0.2898
0.3963
0.33940000000000003
0.3552
0.3647
0.3471
0.2681
0.236
0.3084
0.2435
0.239
0.2236
0.2057
0.2047
0.2185
0.2424
0.3084
0.37560000000000004
0.4869
0.9692000000000001
1.5190000000000001
1.5464
2.1035
1.7163
1.8006
0.867
1.0419
2.0208
2.1127000000000002
0.8843000000000001
0.6228
0.44920000000000004
0.010700000000000001
0.0047
0.0036
0.0128
0.012900000000000002
0.0191
0.0408
0.0474
0.019700000000000002
0.0022
0.003
0.044700000000000004
0.1492
0.2253
0.326
0.3016
0.42179999999999995
1.1804999999999999
0.44530000000000003
0.5996
0.062
0.001
0.0035
0.0135
0.12440000000000001
0.1162
0.1068
0.1071
0.1086
0.132
0.2353
0.2264
0.1805
0.155
0.14179999999999998
0.14800000000000002
0.1895
0.1992
0.20650000000000002
0.2108
0.5087
0.36060000000000003
0.20440000000000003
0.2339
0.3722
0.48029999999999995
0.3893
0.1743
0.0721
0.0697
0.0658
0.06290000000000001
0.0733
0.20989999999999998
0.2784
0.1504
0.13369999999999999
0.1388
0.1842
0.1632
0.1558
0.1575
0.1422
0.15839999999999999
0.3359
1.0406
0.48969999999999997
0.3288
0.3928
0.17370000000000002
0.076
0.0647
0.1348
0.1121
0.10519999999999999
0.1017
0.0942
0.1064
0.3267
0.2883
0.1043
0.131
0.21710000000000002
0.34209999999999996
0.1674
0.14529999999999998
0.1301
0.3082
0.5539000000000001
0.8548
0.3308
0.2293
0.2369
0.2619
0.2673
0.20629999999999998
0.0146
0.0083
0.0025
0.0026
0.0007
0.0
0.0
0.0156
0.020499999999999997
0.0131
0.0097
0.035500000000000004
0.0123
0.008
0.014499999999999999
0.0228
0.0
0.008
0.051000000000000004
0.0437
0.068
0.0615
0.0537
0.035500000000000004
0.1069
0.1041
0.11199999999999999
0.1149
0.1321
0.1805
0.3029
0.15410000000000001
0.0553
0.044399999999999995
0.0285
0.015600000000000001
0.019700000000000002
0.0137
0.0112
0.0352
0.1106
0.0912
0.2524
0.1317
0.11929999999999999
0.1172
0.1124
0.1068
0.1467
0.1432
0.1449
0.1377
0.1492
0.1771
0.2033
0.1903
0.1972
0.2861
0.1121
0.0769
0.0717
0.0887
0.0932
0.1199
0.2221
0.17020000000000002
0.6314
1.0150000000000001
0.2001
0.2353
0.1775
0.14989999999999998
0.1601
0.1449
0.1381
0.13419999999999999
0.1349
0.1413
0.1555
0.24409999999999998
0.3335
0.7879
0.2268
0.4319
0.2296
0.21710000000000002
0.2284
0.2474
0.2474
0.519
0.1291
0.1283
0.13690000000000002
0.1255
0.14
0.1519
0.2212
0.22
0.2054
0.1993
0.1968
0.2195
0.3627
0.5308999999999999
0.3605
0.3298
0.5047
0.2995
0.31079999999999997
0.3034
0.3066
0.2801
0.2642
0.3238
1.0289
0.5946
0.7399
0.9043
0.4084
0.2502
0.3789
0.3695
0.3359
0.36960000000000004
0.5424
0.46720000000000006
0.4113
0.4376
0.4344
0.5198
0.4595
0.30269999999999997
1.2743
1.5753
0.669
0.6073
0.949
0.8438
0.7088
0.7086
0.5014
0.5688
0.5745
0.4482
0.188
0.17470000000000002
0.1674
0.1643
0.1604
0.16599999999999998
0.17559999999999998
0.25880000000000003
0.31420000000000003
0.2837
0.2057
0.1975
0.21339999999999998
0.2027
0.1992
0.23420000000000002
0.3427
0.33130000000000004
0.2694
0.24130000000000001
0.23320000000000002
0.24919999999999998
0.2742
0.2353
0.0025
0.015
0.0007
0.0106
0.0
0.0
0.0
0.0
0.0024
0.3737
1.4663
1.2269
0.0328
0.5077
0.2231
0.0
0.0
0.0
0.0
0.08739999999999999
0.1391
0.1519
0.1377
0.0378
0.1005
0.097
0.0996
0.1014
0.1011
0.14889999999999998
0.3518
0.23600000000000002
0.1154
0.1037
0.0949
0.09490000000000001
0.0935
0.0959
0.1021
0.6386
0.9398
0.3134
0.32989999999999997
0.7476
0.2502
0.2097
0.1429
0.1215
0.1185
0.1008
0.0937
0.093
0.0862
0.0928
0.1321
0.28890000000000005
0.2269
0.20079999999999998
0.1898
0.1669
0.18059999999999998
0.15660000000000002
0.1416
0.1866
0.9372
0.5359
1.0762
0.31479999999999997
0.2958
0.3339
0.5171
0.2556
0.0659
0.0769
0.0653
0.0466
0.033299999999999996
0.0402
0.0432
0.0205
0.2288
0.10880000000000001
0.0796
0.07289999999999999
0.0256
0.0459
0.097
0.0986
0.2526
1.1149
0.2914
0.0874
0.0432
0.0245
0.0263
0.0291
0.0
0.0
0.0
0.0
0.0
0.0
0.0
0.0
0.0
0.0
0.0
0.0
1.0779999999999998
0.2443
0.0
0.0
0.0
0.0
0.0153
0.0
0.0
0.0
0.0
1.1522000000000001
0.5749
0.18130000000000002
0.1475
0.1522
0.1521
0.2506
0.32420000000000004
0.2113
0.22110000000000002
1.1543999999999999
1.2664
0.0642
0.1042
0.0877
0.0752
0.0516
0.151
0.2972
0.0875
0.1038
0.1351
0.22010000000000002
0.1567
0.1154
0.0801
0.06659999999999999
0.074
0.0566
0.0804
0.08199999999999999
0.0875
1.7132999999999998
0.4778
1.1078999999999999
0.8848
0.5242
0.7169
0.7991999999999999
0.9798
1.4661
0.4652
0.3177
0.3684
0.44520000000000004
0.5242
0.7343
0.5106
0.1288
0.0737
0.0706
0.067
0.0655
0.0655
0.0727
0.109
0.273
0.35829999999999995
0.2913
0.1938
0.2404
0.2677
0.1951
0.1692
0.1775
0.2808
0.2562
0.2313
0.20440000000000003
0.1895
0.1504
0.1068
0.0807
0.45389999999999997
0.4403
0.43220000000000003
0.4383
0.4512
0.4635
0.5075000000000001
0.7887
1.1791999999999998
0.58
0.3127
0.3817
0.44220000000000004
0.3038
0.2313
0.2593
0.6609
0.2999
0.31479999999999997
0.5449
0.4631
0.47550000000000003
0.5276000000000001
0.5194
0.026799999999999997
0.026099999999999998
0.0224
0.0212
0.0172
0.0176
0.035199999999999995
0.20350000000000001
0.16620000000000001
0.0154
0.0364
0.23520000000000002
0.14150000000000001
0.0695
0.1308
0.0868
0.0461
0.138
0.0429
0.038900000000000004
0.0572
0.0337
0.033600000000000005
0.0266
0.3156
0.30569999999999997
0.2934
0.2858
0.27090000000000003
0.2774
0.2807
0.2852
0.309
0.4653
0.3226
0.7032
0.4796
0.6219
0.4755
0.7924
0.3438
0.3318
0.3131
0.327
0.37250000000000005
0.3845
0.36619999999999997
0.33440000000000003
0.0358
0.032799999999999996
0.0283
0.0304
0.0191
0.025099999999999997
0.0615
0.8593999999999999
0.3515
0.1457
0.0316
0.0071
0.01
0.011
0.0221
0.053
0.1224
0.2355
0.1178
0.0858
0.060700000000000004
0.0782
0.0859
0.0498
0.10339999999999999
0.0988
0.0991
0.095
0.0925
0.1007
0.1407
0.3916
0.8734
0.9627
0.3951
0.32030000000000003
0.584
0.5223
0.5474
0.4467
0.2939
0.2969
0.2602
0.7333000000000001
0.4646
0.29610000000000003
0.1901
0.12990000000000002
0.17509999999999998
0.1476
0.15189999999999998
0.1431
0.1398
0.1508
0.2718
1.028
0.4849
0.8093999999999999
0.11710000000000001
0.1069
0.0407
0.041999999999999996
0.044700000000000004
0.06720000000000001
0.1523
0.15589999999999998
0.37870000000000004
0.5169
0.5833
0.7323
0.3579
0.2268
0.0021
0.0093
0.0106
0.0023
0.0073
0.0089
0.0126
0.0247
0.21810000000000002
0.856
0.9508
0.9571
0.6096
0.2245
0.1367
0.1068
0.12040000000000001
0.2124
0.1602
0.2126
0.2116
0.099
0.0134
0.0029
0.2368
0.2213
0.21589999999999998
0.20650000000000002
0.2011
0.2147
0.2341
0.2614
0.2705
0.2833
0.3731
0.7909999999999999
0.9253
0.6858
0.3734
0.46919999999999995
0.6166
0.3853
0.6607
0.6844
0.4783
0.38180000000000003
0.28859999999999997
0.2474
0.10400000000000001
0.0975
0.1001
0.0926
0.0897
0.09409999999999999
0.1031
0.1153
0.1018
0.3434
0.2236
0.8114
0.3469
0.3477
0.1848
0.3708
0.7796
0.2247
0.2222
0.16210000000000002
0.1328
0.1232
0.1212
0.1143
0.1239
0.1112
0.0998
0.0964
0.0889
0.0929
0.0991
0.11460000000000001
0.1482
0.5037
0.5594
0.34719999999999995
0.2279
0.7729999999999999
0.2752
0.4538
0.3114
0.2592
0.31920000000000004
0.3659
0.33399999999999996
0.32499999999999996
0.27749999999999997
0.1923
0.1333
0.12940000000000002
0.14229999999999998
0.1247
0.1299
0.1253
0.1565
0.19490000000000002
0.7805
0.046
0.0087
0.0
0.0076
0.0346
0.0518
0.0685
0.4044
0.5490999999999999
0.6682
2.3939
0.4953
0.1935
0.1904
0.14739999999999998
0.0055
0.0027
0.0228
0.0013
0.0095
0.0066
0.0
0.0
0.0
0.0
0.1133
1.1220999999999999
1.324
0.9176
1.7571
2.3682999999999996
1.0401
0.6763
1.1697
1.1265
1.4143
1.0158999999999998
0.6555
0.201
0.18
0.1756
0.1739
0.1719
0.15639999999999998
0.1864
0.1984
1.0029
0.4567
0.2049
0.21739999999999998
0.3009
0.24259999999999998
0.2228
0.2064
0.5144
1.0713
0.3617
0.4595
0.3034
0.27590000000000003
0.2375
0.2047
0.1855
0.20450000000000002
0.1592
0.1701
0.1628
0.1517
0.1638
0.1663
0.1735
0.2118
0.3715
0.7662
2.1164
0.4635
1.6883
0.7457
0.5309
0.21760000000000002
0.20400000000000001
0.17959999999999998
1.1016
1.124
0.3657
0.2932
0.22590000000000002
0.0549
0.047
0.0441
0.0413
0.041999999999999996
0.0461
0.055099999999999996
0.07189999999999999
0.1066
0.1373
0.1388
0.1867
0.19190000000000002
0.18580000000000002
0.2754
0.3426
0.20029999999999998
0.1767
0.2903
0.2763
0.2037
0.14300000000000002
0.08879999999999999
0.06290000000000001
0.1054
0.09709999999999999
0.09240000000000001
0.08879999999999999
0.0879
0.0973
0.308
0.25029999999999997
0.131
0.1243
0.1152
0.1014
0.1104
0.1113
0.1102
0.1087
0.1251
0.24710000000000001
0.1548
0.1894
0.2393
0.2693
0.2024
0.1291
0.0
0.025
0.0327
0.0083
0.0193
0.0726
0.1462
0.8755
0.4739
0.0278
0.0
0.9533
0.33599999999999997
0.1568
0.40049999999999997
0.5029
0.0
0.2319
0.3138
0.0102
0.0069
0.0
0.0
0.0037
0.1646
0.1394
0.13440000000000002
0.1286
0.1163
0.1243
0.1335
0.1487
0.1696
0.2511
0.37339999999999995
0.7133
0.1839
0.25270000000000004
0.3422
0.4028
0.2914
0.2434
0.3086
0.1844
0.2319
0.5271
0.2721
0.21710000000000002
0.123
0.1115
0.1003
0.092
0.098
0.1
0.3088
0.4898
0.16620000000000001
0.1859
0.27590000000000003
0.4131
0.251
0.2022
0.16949999999999998
0.1904
0.9590000000000001
0.6484
0.5663
0.34130000000000005
0.3876
0.42469999999999997
0.3788
0.22810000000000002
0.101
0.0723
0.0627
0.064
0.0548
1.2132
0.3415
0.1503
0.10969999999999999
0.0505
0.4268
0.11699999999999999
0.1471
0.1023
0.0705
0.0252
0.0472
0.0935
1.0522
1.7882
0.4523
0.1583
0.1122
0.08979999999999999
0.0167
0.0
0.04
0.0367
0.0663
0.0
2.0869
1.0388
1.0751
3.0956
2.1619
0.851
1.8785
1.0279
0.5181
0.9287000000000001
0.9386
0.5633
0.9793000000000001
0.891
0.1091
0.0
0.0
0.0232
0.0579
0.0494
0.038599999999999995
0.036699999999999997
0.041
0.0354
0.043800000000000006
0.0651
0.0889
0.4724
0.2011
0.1855
0.29510000000000003
0.239
0.0875
0.1047
0.1578
0.2541
0.49570000000000003
0.3627
0.3329
0.27149999999999996
0.164
0.0767
0.0311
0.0475
0.049600000000000005
0.0408
0.033
0.0728
0.0771
0.5233
2.0277
0.0867
0.0163
0.0185
0.028999999999999998
0.032
0.0528
0.0548
0.0691
0.5514
0.9879
1.1788
0.6129
0.2465
0.1371
0.0741
0.049
0.055900000000000005
0.049
0.0501
0.0485
0.087
0.09359999999999999
0.06130000000000001
0.0471
0.0398
0.057800000000000004
0.0327
0.045899999999999996
0.0495
0.052000000000000005
0.0375
0.0144
0.0535
0.069
0.0655
0.0698
0.0446
0.030199999999999998
0.025
0.021400000000000002
0.017
0.011
0.0115
0.0067
0.003
0.0
0.05
0.1086
0.0231
0.0368
0.0017
0.0
0.0
0.0051
0.0117
0.0
0.0
0.0255
0.05500000000000001
0.0558
0.0571
0.0436
0.0265
0.4333
0.4374
0.4275
0.4334
0.4333
0.4796
0.6835
1.0495
0.9597
0.6214
0.6506000000000001
1.3638
2.2137
0.7841
0.5024
0.4817
0.47350000000000003
2.1355
0.7059
0.6885
0.7735
0.6906
0.5592999999999999
0.4671
0.0529
0.0492
0.054
0.054900000000000004
0.0678
0.1861
0.489
0.1362
0.0794
0.07189999999999999
0.0395
0.0271
0.0292
0.0394
0.042800000000000005
0.1063
0.42119999999999996
0.1389
0.3883
0.8916999999999999
0.8343
0.21589999999999998
0.0634
0.058499999999999996
0.5964
0.34319999999999995
0.3968
0.399
0.3741
0.2577
1.9697
1.4118
0.22820000000000001
0.2531
0.3663
1.0079
0.3649
0.2883
0.2817
0.2914
0.31310000000000004
0.2771
0.4507
0.3005
0.2641
0.2274
0.1533
0.2145
0.2884
0.2601
0.24760000000000001
0.2255
0.20279999999999998
0.3019
0.8332999999999999
0.9717
0.3285
0.8948999999999999
0.5643
0.06319999999999999
0.0383
0.0415
0.0031
0.0
1.5226000000000002
0.0726
1.0593
0.2403
0.2959
0.3101
0.3447
0.3285
0.0862
0.0748
0.0756
0.0784
0.0747
0.0881
0.1305
0.8554999999999999
0.2813
0.18109999999999998
0.1719
0.1472
0.2071
0.2248
0.2358
0.31179999999999997
0.8766
0.32730000000000004
0.26480000000000004
0.6753
1.021
0.2665
0.1614
0.1076
0.1513
0.132
0.07089999999999999
0.0663
0.059899999999999995
0.0635
0.0849
0.1567
0.08860000000000001
0.0529
0.0842
0.0428
0.0357
0.0325
0.0291
0.04
0.056499999999999995
0.2237
0.26780000000000004
0.5971
0.5743
0.4263
0.1862
0.1122
0.1573
0.1835
0.1261
0.1372
0.09820000000000001
0.1069
0.1296
0.2179
0.7131
0.1855
0.15610000000000002
0.10350000000000001
0.1304
0.1875
0.7264999999999999
0.1563
0.1452
0.3726
1.507
0.7805
1.2328000000000001
0.5297000000000001
0.4404
0.2782
0.41589999999999994
0.2767
0.2679
0.2752
0.2215
0.20450000000000002
0.1844
0.1547
0.1372
0.2495
0.1647
0.1372
0.1127
0.0744
0.0713
0.0861
0.1988
0.1953
3.776
0.8522000000000001
1.0514000000000001
0.8488
0.7423
0.4851
0.121
0.1132
0.10919999999999999
0.108
0.1119
0.1086
1.1101
0.6606
0.2748
0.1941
0.2717
0.2167
0.4609
0.4165
0.4589
0.5856
0.7291
0.2363
0.2123
0.5587
0.39239999999999997
0.3387
0.2106
0.1505
0.1578
0.1499
0.1307
0.11929999999999999
0.109
0.10439999999999999
0.1065
0.11699999999999999
0.2058
0.4497
0.3379
0.5813
0.2218
0.1185
0.0925
0.0798
0.0879
0.1191
0.1895
0.1509
0.1781
0.2013
0.19619999999999999
0.1754
0.2797
0.2842
0.2712
0.3029
0.3307
0.6567000000000001
0.554
0.37839999999999996
0.4825
0.5435
0.5047999999999999
0.42200000000000004
0.7549999999999999
0.5629
0.4207
1.6702
1.1344
0.4416
0.9903000000000001
2.2522
2.7995
0.5184
0.401
0.312
0.1018
0.0842
0.0776
0.0707
0.065
0.06659999999999999
0.0659
0.07419999999999999
0.0902
0.1341
0.2837
0.4348
0.1316
0.1938
0.2077
0.1482
0.4617
0.1846
0.3001
0.3261
0.22099999999999997
0.19929999999999998
0.16
0.1278
0.6431
0.8949
2.0401
1.1515
0.4028
0.3801
0.5488
0.5446
0.4016
0.3614
0.5005999999999999
0.5838
0.6233
0.4084
0.5867
0.6279
0.16699999999999998
0.1635
0.165
0.21810000000000002
0.2373
0.2494
0.2357
0.23520000000000002
0.26
0.2311
0.2175
0.21000000000000002
0.2067
0.2099
0.2301
0.3684
0.435
0.6043000000000001
0.4127
0.5176
0.3448
0.2676
0.26580000000000004
0.3237
0.8486
1.4868999999999999
0.8559
0.3319
0.3158
0.3164
0.39239999999999997
0.35629999999999995
0.1149
0.0681
0.1115
0.1112
0.127
0.2031
1.2797
0.6344
0.3339
0.9542
0.4608
0.4475
0.6517999999999999
0.39280000000000004
0.5856
1.6025
0.35119999999999996
0.27090000000000003
0.7203
1.2008
0.1597
0.1424
0.0947
0.09570000000000001
0.2165
0.2072
0.2
0.1941
0.213
0.25980000000000003
0.36450000000000005
0.3194
0.3133
0.42910000000000004
0.3654
0.2745
1.0102
0.32120000000000004
0.3603
0.7122999999999999
0.4658
0.39790000000000003
0.8155
0.5771000000000001
0.3688
0.387
0.35450000000000004
0.2841
0.30789999999999995
0.29359999999999997
0.27959999999999996
0.2687
0.2687
0.31679999999999997
0.5337000000000001
0.4709
0.4077
0.5205
0.4729
0.507
1.4707
0.2293
0.2129
0.2512
0.3208
0.5249
0.497
0.5493
0.5805
0.6347
0.7437
0.4758
0.2548
0.20929999999999999
0.1898
0.2173
0.2116
0.25270000000000004
0.3157
0.9758
0.8671
0.553
0.1766
0.0964
0.12440000000000001
0.1344
0.1664
0.3396
0.498
0.43220000000000003
0.1593
0.11989999999999999
0.0685
0.0723
0.1369
0.7614
0.1493
0.1405
0.1306
0.1486
0.188
0.1545
0.11710000000000001
0.0858
0.0772
0.0758
0.0848
0.0643
0.08940000000000001
0.2693
0.2389
0.23349999999999999
0.2271
0.7951999999999999
0.8054999999999999
0.5955
1.1819
0.3089
0.19619999999999999
0.16620000000000001
0.0365
0.0485
0.05449999999999999
0.0436
0.0342
0.022
0.0292
0.20270000000000002
0.2266
0.0
0.0
0.0
0.0
0.0
0.1066
0.2955
0.0024
0.0
0.0
0.1377
0.1104
0.19
0.488
0.1633
0.1047
0.0926
0.08729999999999999
0.08149999999999999
0.07569999999999999
0.07039999999999999
0.0694
0.06620000000000001
0.041499999999999995
0.329
0.0336
0.06420000000000001
0.0935
0.10600000000000001
0.0654
0.0664
0.2534
0.32220000000000004
0.3312
0.1177
0.1224
0.1484
0.2613
0.1819
0.25880000000000003
0.2338
0.2197
0.2037
0.1893
0.1858
0.1895
0.2012
0.2246
0.26230000000000003
0.2673
0.42990000000000006
0.3295
0.6185
0.18730000000000002
0.17420000000000002
0.2098
0.3621
0.3851
0.34609999999999996
0.3366
0.31220000000000003
0.2881
0.26580000000000004
0.0878
0.0682
0.0612
0.0571
0.054599999999999996
0.0577
0.0738
0.2247
0.119
0.1195
0.0577
0.039099999999999996
0.0257
0.011300000000000001
0.0
0.0
0.0
0.036699999999999997
0.0535
0.0262
0.0292
0.045399999999999996
0.0537
0.0535
0.0766
0.0539
0.0736
0.0806
0.0774
0.09209999999999999
0.2054
0.3787
0.8632
0.7687999999999999
0.38780000000000003
0.3113
0.9767999999999999
0.9903
1.4346
1.5507
1.3222
2.3124
1.0801
0.8071
0.2133
0.1073
0.0833
0.0626
0.1295
0.1402
0.1382
0.14179999999999998
0.1474
0.27290000000000003
0.29600000000000004
0.1862
0.1547
0.1547
0.1543
0.1348
0.1384
0.1623
0.19519999999999998
0.2496
0.5088
1.0039
0.3341
0.6794
0.569
0.3079
0.1709
0.1385
0.0372
0.0464
0.0401
0.026799999999999997
0.0588
0.044899999999999995
0.0618
0.08399999999999999
0.44930000000000003
1.5544
0.8180000000000001
0.5623
0.798
0.5061
0.32430000000000003
0.3824
1.0734
1.2203
1.7782
2.7748
0.6099
0.0567
0.0524
0.07239999999999999
0.09079999999999999
0.08460000000000001
0.0906
0.10120000000000001
0.1114
0.3201
0.4426
0.0852
0.0208
0.0147
0.0054
0.0028
0.0036
0.0
0.0237
0.30369999999999997
0.9207000000000001
0.5569
0.27070000000000005
0.3357
0.226
0.2733
0.24309999999999998
0.1507
0.6104
0.4573
0.3639
0.3776
0.41190000000000004
0.3964
0.36760000000000004
0.4153
0.4505
0.4777
0.5492
0.3617
0.9346
0.7355
0.355
0.3077
0.2891
2.1673999999999998
0.4064
0.4257
0.4685
0.5108
0.5222
0.4316
0.060399999999999995
0.056499999999999995
0.0606
0.059
0.0595
0.0691
0.09
0.0833
0.0755
0.0772
0.0626
0.08030000000000001
0.1257
0.2149
0.21950000000000003
0.7303999999999999
0.3443
0.2871
0.3769
0.5593
0.3667
0.1117
0.0557
0.058300000000000005
0.093
0.08460000000000001
0.0829
0.0946
0.123
0.13999999999999999
0.1419
0.1228
0.12060000000000001
0.2183
0.4154
0.052
0.1111
0.2128
0.20650000000000002
0.19990000000000002
0.2254
0.44620000000000004
0.2177
0.1699
0.19140000000000001
0.5113
0.0329
0.06
0.3124
0.2268
0.2143
0.21789999999999998
0.1983
0.19469999999999998
0.2344
0.2948
0.3039
0.2657
0.28990000000000005
0.2339
1.7665
1.2279
0.6368
0.4374
0.3181
2.3135
0.611
0.7045
0.6315999999999999
0.6289
1.7285
0.5346
0.1283
0.10880000000000001
0.0973
0.0874
0.0799
0.0756
0.0736
0.0879
0.1001
0.1071
0.11170000000000001
0.16899999999999998
0.0941
0.07619999999999999
0.067
0.07189999999999999
0.0771
0.1371
0.1325
0.09440000000000001
0.0942
0.0957
0.1008
0.1015
0.1261
0.1185
0.0853
0.0819
0.0737
0.0723
0.0873
0.7162999999999999
0.8326
0.6265
0.4544
0.624
0.1622
0.156
0.1202
0.28509999999999996
0.25379999999999997
0.064
0.0
0.0051
0.4388
0.4637
0.5541
0.3431
0.14479999999999998
0.1297
0.11299999999999999
0.1111
0.1089
0.113
0.126
0.14400000000000002
0.1494
0.2299
0.49219999999999997
0.1834
0.1796
0.1587
0.12739999999999999
0.1193
0.1515
0.22
0.6931
0.5873999999999999
0.49060000000000004
0.45220000000000005
0.2779
0.1728
0.16060000000000002
0.1511
0.1411
0.13640000000000002
0.13369999999999999
0.1439
0.2174
0.22360000000000002
0.1548
0.1454
0.1599
0.14300000000000002
0.1308
0.1316
0.12969999999999998
0.1345
0.1368
0.22699999999999998
0.26990000000000003
0.26439999999999997
0.2474
0.2074
0.1623
0.1436
0.0971
0.0754
0.063
0.0669
0.0628
0.061200000000000004
0.0731
0.0722
0.06589999999999999
0.0663
0.056999999999999995
0.0628
0.0698
0.06509999999999999
0.07089999999999999
0.1131
0.2541
0.26380000000000003
0.5742
0.6033999999999999
0.5086
0.2777
0.2606
0.1928
0.11929999999999999
0.12079999999999999
0.1188
0.1194
0.1238
0.13929999999999998
0.1573
0.1558
0.14550000000000002
0.17309999999999998
0.20529999999999998
0.3391
0.2289
0.1926
0.1921
0.2278
0.1946
0.2208
0.2912
0.16499999999999998
0.13419999999999999
0.10400000000000001
0.0952
0.0954
0.1674
0.1538
0.129
0.11019999999999999
0.0922
0.0887
0.08299999999999999
0.1569
0.3105
0.0406
0.030600000000000002
0.0155
0.013000000000000001
0.0303
0.0944
0.12279999999999999
0.0827
0.0764
0.2579
0.5369
0.2326
0.2334
0.1618
0.13890000000000002
0.098
0.11080000000000001
0.1243
0.1303
0.1125
0.12240000000000001
0.15560000000000002
0.187
0.1896
0.37860000000000005
0.4117
0.2106
0.22660000000000002
0.9396
0.2146
0.2168
0.5028
0.2994
0.1471
0.127
0.0774
0.0468
0.0484
0.0577
0.16820000000000002
0.1369
0.1271
0.12190000000000001
0.1117
0.1158
0.11929999999999999
0.1492
0.1664
0.2276
0.2611
0.2356
0.2198
0.2569
0.5509999999999999
0.5920000000000001
0.9578
1.3744
0.5176
0.3966
0.4136
1.1602999999999999
0.6288
0.2271
0.228
0.1692
0.1818
0.1367
0.1383
0.1386
0.1375
0.1749
0.1809
0.2364
0.2565
0.5025
1.1157
1.4194
0.4292
0.4355
2.4988
2.7046
1.4614
0.41869999999999996
0.3815
0.3812
0.5258
0.4784
0.20029999999999998
0.16770000000000002
0.1587
0.1531
0.14679999999999999
0.152
0.1619
0.2069
0.2653
0.3416
0.8955
0.5282
0.617
1.1266
0.5951
0.4811
0.9083
0.5223
0.46440000000000003
0.8529
0.7148
1.0694
1.4694
0.4679
0.1668
0.151
0.1731
0.16749999999999998
0.1619
0.2081
0.31520000000000004
0.798
2.0863
0.9729
0.8541000000000001
0.9163
1.5571000000000002
1.1654
0.9021
2.0259
1.0396
0.4934
0.6122
1.2576
0.5323
0.2509
0.15360000000000001
0.14500000000000002
0.0777
0.0304
0.0129
0.0113
0.0036
0.0057
0.0
0.0
0.0
0.0
0.0564
0.4865
0.0056
0.032299999999999995
0.0053
0.0
0.0
0.7149000000000001
0.2009
0.137
0.1615
0.1597
0.1392
0.12469999999999999
0.0688
0.049
0.044800000000000006
0.0375
0.0383
0.036000000000000004
0.0363
0.059399999999999994
0.08940000000000001
0.4936
0.4207
0.40759999999999996
0.5596
0.5406
0.22599999999999998
0.28500000000000003
0.5789
0.7686999999999999
0.3927
0.29000000000000004
0.2692
0.2489
0.2087
0.1211
0.1877
0.1003
0.12340000000000001
0.1061
0.08879999999999999
0.0986
0.0986
0.1202
0.1556
0.2626
0.7583
0.7471
0.33
1.2906
1.6282
0.9242000000000001
0.5450999999999999
0.45389999999999997
0.4746
0.3457
0.26449999999999996
1.2742
1.4904000000000002
0.4991
0.07100000000000001
0.0689
0.0663
0.061700000000000005
0.0635
0.0688
0.3137
0.5428
0.09190000000000001
0.09720000000000001
0.1116
0.14150000000000001
0.14100000000000001
0.14329999999999998
0.1591
0.1989
0.43400000000000005
0.8435999999999999
0.519
0.2345
0.2162
0.1394
0.0916
0.07819999999999999
0.1617
0.1053
0.1079
0.0959
0.0897
0.1255
0.2845
0.6643
0.2479
0.1253
0.0873
0.09809999999999999
0.1451
0.060899999999999996
0.028700000000000003
0.0206
0.0235
0.08170000000000001
0.2544
0.3705
0.5326
0.24969999999999998
0.1829
0.1242
0.1127
0.09570000000000001
0.0882
0.0863
0.0823
0.08990000000000001
0.1063
0.1035
0.4531
0.7206
0.2952
0.2026
0.1876
0.2077
0.2715
0.2502
0.39490000000000003
0.913
0.575
0.45489999999999997
0.3103
0.2468
0.1848
0.14100000000000001
0.1029
0.0891
0.0602
0.087
0.0698
0.0665
0.0938
0.12940000000000002
0.1212
0.0969
0.0943
0.0839
0.1115
0.1377
0.1817
0.19390000000000002
0.1908
0.1503
2.1982
0.1493
0.674
1.1248
0.9375
1.0637
0.111
0.0995
0.099
0.09709999999999999
0.10039999999999999
0.11180000000000001
0.24050000000000002
0.26
0.1221
0.2387
0.126
0.1628
0.1478
0.1137
0.09
0.1192
0.1902
0.1017
0.1091
0.0869
0.0877
0.1048
0.1277
0.1288
0.1313
0.126
0.1364
0.13290000000000002
0.1404
0.1819
0.279
0.248
0.2548
0.2238
0.1816
0.1638
0.3585
0.3063
0.5539000000000001
2.7107
0.7435
1.1423
0.5549999999999999
0.7293000000000001
1.1098
0.5918
0.3228
0.19140000000000001
0.1298
0.097
0.08349999999999999
0.0969
0.0794
0.07819999999999999
0.063
0.0844
0.21239999999999998
0.2059
0.038099999999999995
0.0235
0.0066
0.022699999999999998
0.0172
0.046
0.0993
0.883
0.1085
0.0
0.041800000000000004
0.1557
0.2392
0.2577
0.5122
0.4498
0.4306
0.4105
0.3805
0.3709
0.3721
0.3745
0.365
0.37529999999999997
0.3967
0.46099999999999997
1.0157
0.8732
0.5353
0.4898
0.5184
0.6238
0.9985999999999999
1.9103
1.0615
0.6824
0.6644
0.6652
0.11019999999999999
0.10819999999999999
0.1134
0.1069
0.10239999999999999
0.10830000000000001
0.1247
0.1379
0.14100000000000001
0.1608
0.1409
0.14479999999999998
0.3522
0.2698
0.2939
0.893
0.5821999999999999
0.36260000000000003
0.33999999999999997
0.3045
0.1802
0.1364
0.11660000000000001
0.1127
0.0877
0.07200000000000001
0.0683
0.058300000000000005
0.060200000000000004
0.06259999999999999
0.0624
0.09459999999999999
0.30610000000000004
0.4546
0.4098
0.6097
0.0782
0.0718
0.0689
0.0945
0.1744
0.1832
0.3462
0.3436
0.2819
0.2842
0.3194
0.1866
0.5283
0.4933
0.5482
0.6869
0.6367
0.5866
0.5567
1.4624
1.7098
0.9911
0.1886
0.18059999999999998
0.24159999999999998
0.257
0.2843
0.4243
0.3941
0.3879
0.6361
1.0174
2.6622
0.5610999999999999
0.4997
0.47409999999999997
0.1476
0.13290000000000002
0.1333
0.124
0.12140000000000001
0.1296
1.1449
0.2479
0.1669
0.2034
0.23370000000000002
0.2797
0.1493
0.1276
0.10139999999999999
0.0933
0.4128
0.3857
0.24930000000000002
0.17880000000000001
0.21939999999999998
0.22060000000000002
0.1888
0.1603
0.0
0.0
0.0
0.0
0.0
0.0
0.0
0.026
0.0
0.0
0.0
0.0
0.0
0.0
0.0
0.0
0.2261
1.3860999999999999
1.2064
0.1272
0.5975
0.1713
0.013
0.0
0.1437
0.1859
0.1766
0.1775
0.1405
0.1936
0.2324
0.30410000000000004
2.2542
0.11
0.4582
1.4007
0.1295
0.3022
0.3142
1.0503
0.3375
0.7369
0.3944
0.2944
0.4496
0.3398
0.20240000000000002
0.1779
0.1232
0.11549999999999999
0.1148
0.10830000000000001
0.1071
0.12129999999999999
0.1512
0.21
0.7945
0.3786
0.37160000000000004
0.644
0.4451
0.2744
0.23709999999999998
0.2517
0.3087
1.1529
1.1063
0.5448
0.3795
0.3204
0.22799999999999998
0.1618
0.1048
0.1064
0.1127
0.116
0.1181
0.1222
0.1817
0.2556
0.1049
0.0409
0.047799999999999995
0.019200000000000002
0.0234
0.027200000000000002
0.04
0.0717
0.1762
0.0798
0.062
0.1071
0.07339999999999999
0.061
0.0543
0.0532
0.0726
0.0687
0.0678
0.0698
0.0728
0.22860000000000003
0.4772
0.16460000000000002
0.11760000000000001
0.12029999999999999
0.21630000000000002
0.21389999999999998
0.2605
0.1479
0.1852
0.1548
0.1032
0.1207
0.2316
0.1476
0.095
0.0629
0.0581
0.0571
0.0125
0.0017
0.0003
0.0
0.0
0.0
0.001
0.0055
0.0074
0.0822
0.173
0.1716
0.1034
0.0733
0.066
0.0917
0.07999999999999999
0.038000000000000006
0.0409
0.0461
0.0636
0.11649999999999999
0.1171
0.0565
0.1211
0.11230000000000001
0.1089
0.1099
0.1078
0.1178
0.1478
0.2058
0.28559999999999997
0.2984
0.1834
0.1437
0.15560000000000002
0.1558
0.131
0.1402
1.0548
0.2369
0.2696
0.4764
0.3446
0.3028
0.2157
0.1336
0.2213
0.2299
0.219
0.2242
0.26739999999999997
0.2419
0.23370000000000002
0.2249
0.2137
0.21350000000000002
0.2259
0.19090000000000001
0.45630000000000004
0.6347999999999999
0.26589999999999997
0.2537
0.2327
1.2691000000000001
0.8862000000000001
0.5478
0.7238
0.3725
0.2354
0.2081
0.3044
0.2066
0.1005
0.0595
0.044700000000000004
0.0336
0.0252
0.0287
0.0691
0.0678
0.0767
0.10250000000000001
0.0071
1.1362
0.0127
0.0022
0.0278
0.1061
0.1802
0.3114
0.4401
0.3336
0.1077
0.109
0.1568
0.1505
0.14629999999999999
0.14429999999999998
0.1437
0.15539999999999998
0.2737
0.2369
0.1739
0.1547
0.1713
0.1482
0.136
0.1396
0.13829999999999998
0.14150000000000001
0.1301
0.1276
0.12769999999999998
0.2109
0.3033
0.2889
0.1891
0.156
0.1768
0.13219999999999998
0.1373
0.1502
0.1276
0.1378
0.1568
0.20350000000000001
0.2567
0.8211999999999999
0.0942
0.1046
1.1154000000000002
0.5952999999999999
0.9098999999999999
0.6766
0.1498
0.2144
0.3417
0.9450000000000001
1.1599
0.7315
0.8449
0.3217
0.0248
0.0332
0.0274
0.034699999999999995
0.041999999999999996
0.0568
0.0938
0.20929999999999999
0.7372000000000001
0.0674
0.0359
0.0104
0.012400000000000001
0.0165
0.0242
0.0914
0.32830000000000004
0.9849000000000001
0.7595000000000001
0.0612
0.029199999999999997
0.0126
0.0165
0.0206
0.16010000000000002
0.1477
0.1532
0.1511
0.1539
0.181
0.32920000000000005
0.3544
0.2683
0.2348
0.24830000000000002
0.37070000000000003
0.6109
0.30789999999999995
0.4073
1.5787
1.0102
0.6588
0.49560000000000004
0.6763
0.9679
0.3229
0.2242
0.1753
0.2359
0.2125
0.2883
0.385
0.6940999999999999
1.1160999999999999
0.5908
0.0892
0.051699999999999996
0.0622
0.0377
0.039
0.0412
0.0464
0.0462
0.1076
0.2958
1.6055000000000001
2.306
2.37
0.8638
0.5156
0.2888
0.259
0.1206
0.1126
0.10300000000000001
0.10880000000000001
0.1037
0.1171
0.1462
0.3311
0.404
0.15810000000000002
0.1038
0.099
0.1421
0.1528
0.15250000000000002
0.15560000000000002
0.5139
0.2858
0.1994
0.3143
0.5066
0.42010000000000003
0.26780000000000004
0.1446
0.2313
0.2268
0.2348
0.2241
0.2511
0.4072
0.4693
0.23159999999999997
0.1091
0.0926
0.0798
0.0869
0.0789
0.0751
0.0786
0.1047
0.34240000000000004
0.48109999999999997
0.7826
0.3816
0.5428
0.12309999999999999
0.1289
0.1175
0.0438
0.0348
0.0344
0.045399999999999996
0.0401
0.0372
0.0019
0.0
0.0
0.0
0.0
0.0
0.0141
0.026099999999999998
0.0095
0.0092
0.0
0.0004
0.0
0.018699999999999998
0.05740000000000001
0.0148
0.012
0.0138
0.1233
0.1321
0.12409999999999999
0.1291
0.1251
0.132
0.16
0.1874
0.2228
0.1283
0.0917
0.0673
0.08460000000000001
0.0984
0.0943
0.0754
0.0665
0.0911
0.0828
0.148
0.1778
0.193
0.1474
0.1117
0.2329
0.15849999999999997
0.14679999999999999
0.135
0.1275
0.12990000000000002
0.14300000000000002
0.19219999999999998
0.5510999999999999
0.23879999999999998
0.2649
0.24780000000000002
0.56
0.23249999999999998
0.47519999999999996
0.20750000000000002
0.1874
0.20600000000000002
0.1259
0.1061
0.1303
0.1779
0.24580000000000002
0.23299999999999998
0.0
0.0
0.0
0.0
0.0
0.0
0.0
0.0
0.0
0.0
0.0
0.0
0.0
0.3153
0.0
0.112
0.2765
0.5757
0.0942
0.1427
0.6226
0.14500000000000002
0.08099999999999999
0.1072
0.12160000000000001
0.12190000000000001
0.1251
0.15789999999999998
0.1995
0.2148
0.12190000000000001
0.0928
0.0733
0.0446
0.0064
0.0089
0.026000000000000002
0.0223
0.0203
0.0265
0.1729
0.5646
0.24100000000000002
0.18109999999999998
0.2894
0.3151
0.2609
0.1716
0.1745
0.154
0.1537
0.1656
0.197
0.5514
0.3607
0.2459
0.21760000000000002
0.1839
0.1896
0.18530000000000002
0.4203
0.318
0.3919
0.6304
0.2987
0.6374
1.1321
0.5662
0.4219
0.2865
0.2193
0.18030000000000002
0.0
0.0
0.0001
0.0019
0.001
0.0049
0.0343
0.1246
0.0287
0.0556
0.0
0.0
0.0321
0.0048000000000000004
0.004
0.0274
0.0017
0.0
0.0
0.0
0.0
0.0
0.0
0.0
0.0
0.0
0.0
0.0
0.0
0.0
0.0
0.0
0.7549
1.5151999999999999
0.6023
0.7123999999999999
0.20800000000000002
0.06939999999999999
0.1411
0.0954
0.045899999999999996
0.08310000000000001
0.1237
0.2662
0.2224
0.3837
0.2956
0.0
0.0673
0.062
0.0627
0.061799999999999994
0.0605
0.0762
0.1129
0.17459999999999998
0.3963
0.2516
0.15289999999999998
0.2785
0.39480000000000004
0.2782
0.258
0.1399
0.6545
1.1634
0.20440000000000003
0.36179999999999995
0.2764
0.15539999999999998
0.0825
0.0659
0.0905
0.0771
0.07719999999999999
0.0632
0.06709999999999999
0.0533
1.1105
1.0645
0.1828
0.3333
0.18209999999999998
0.1289
0.1409
0.1354
0.13629999999999998
0.14150000000000001
0.5752999999999999
0.6845
1.2845
0.2595
0.2721
0.2967
0.2082
0.1242
0.093
0.0737
0.0668
0.0606
0.0612
0.0638
0.0693
0.0764
0.1779
0.22699999999999998
0.2966
0.1801
0.1563
0.1568
0.2793
0.6847
0.4455
0.2646
0.2648
0.3637
0.30810000000000004
0.3508
0.4745
0.19929999999999998
0.0252
0.0
0.0032
0.0037999999999999996
0.009
0.0
0.0
0.0
0.0535
0.1092
1.5367000000000002
1.064
0.0578
0.0131
0.8734999999999999
0.0797
0.0
0.0016
0.0
0.0
0.0
0.0278
0.0989
0.045
0.18180000000000002
0.1763
0.1567
0.1576
0.1529
0.1613
0.1761
0.27190000000000003
0.6456
0.2707
0.273
0.22
0.203
0.2323
0.5751
0.4164
0.43579999999999997
1.0172999999999999
0.6174999999999999
0.5655
1.0003
0.4514
0.2277
0.18209999999999998
0.2495
0.2064
0.1829
0.1716
0.1659
0.17170000000000002
0.1824
0.203
0.2272
0.2937
0.38039999999999996
0.3553
0.4022
0.6136
0.45489999999999997
0.3117
0.3236
0.4778
0.45640000000000003
0.679
0.4485
0.42369999999999997
0.392
0.3133
0.048
0.0437
0.0497
0.0419
0.0437
0.0545
0.0779
0.1298
0.3006
0.2768
0.5855
1.088
0.8017
0.3907
0.3351
0.24059999999999998
0.6577999999999999
0.3187
0.2391
0.35109999999999997
0.2512
0.14229999999999998
0.0737
0.0538
0.1422
0.1392
0.1272
0.12380000000000001
0.1276
0.14600000000000002
0.2542
0.35919999999999996
0.2351
0.3459
0.4818
0.1631
0.164
0.15689999999999998
0.1441
0.1542
0.2494
0.4337
0.25439999999999996
0.48429999999999995
0.36329999999999996
0.40380000000000005
0.4214
0.2061
0.1364
0.1168
0.10669999999999999
0.094
0.0902
0.0865
0.0742
0.0621
0.0958
0.1368
0.2117
0.1384
0.07980000000000001
0.1106
0.17520000000000002
0.10450000000000001
0.11149999999999999
0.9516
0.4355
0.1812
0.2254
0.4335
0.1648
0.1474
0.030899999999999997
0.0316
0.029400000000000003
0.028399999999999998
0.029400000000000003
0.0315
0.0916
0.2226
0.2892
0.33799999999999997
0.2752
0.21539999999999998
0.2687
0.2532
0.23149999999999998
0.2722
1.0334
1.1911
0.5785
1.1051000000000002
0.2826
0.1333
0.039900000000000005
0.0345
0.2584
0.2467
0.2573
0.247
0.24480000000000002
0.2422
1.1589
1.4883
0.6734
0.607
0.44179999999999997
0.3809
0.3533
0.38639999999999997
0.5369
0.4679
0.3003
0.304
1.2526000000000002
0.3832
0.32089999999999996
0.29710000000000003
0.25529999999999997
0.2334
0.040499999999999994
0.036199999999999996
0.0412
0.0448
0.0519
0.07919999999999999
0.2759
0.1275
0.055400000000000005
0.1459
0.047099999999999996
0.0060999999999999995
0.0164
0.023399999999999997
0.0298
0.0343
0.0111
0.0016
0.0038
0.0142
0.0126
0.0407
0.0463
0.0352
0.2137
0.2054
0.1819
0.1707
0.1604
0.1553
0.14739999999999998
0.14300000000000002
0.1276
0.1154
0.1033
0.0975
0.10200000000000001
0.1201
0.16260000000000002
0.1806
0.173
0.2828
0.2002
0.2111
0.2613
0.2816
0.2271
0.19569999999999999
0.2212
0.21550000000000002
0.2145
0.2172
0.21889999999999998
0.2375
0.2633
0.2522
0.2439
0.2585
0.21939999999999998
0.2289
0.2362
0.2409
0.24259999999999998
0.2711
0.2384
0.2092
0.1955
0.1794
0.1911
0.20700000000000002
0.22160000000000002
0.2183
0.10350000000000001
0.0969
0.0932
0.09129999999999999
0.0885
0.1344
0.5478
0.2357
0.1582
0.1599
0.17170000000000002
0.2172
0.2285
0.2081
0.2036
1.2564
1.2586
0.2712
0.2177
0.1801
0.4105
0.7479
0.45940000000000003
0.1936
0.19390000000000002
0.1827
0.18159999999999998
0.178
0.1744
0.1864
0.2298
1.0053
0.49
0.4141
0.458
1.0066000000000002
0.5391
0.4228
0.3908
0.6298
0.8215000000000001
1.2181
0.3991
0.3173
0.29500000000000004
0.2752
0.255
0.2134
0.1189
0.10869999999999999
0.1162
0.1101
0.10070000000000001
0.0788
0.5735
0.7931
0.0441
0.0668
0.059
0.0479
0.0427
0.0506
0.0363
0.3043
0.1132
0.093
0.29309999999999997
0.6827
0.3113
0.2086
0.15710000000000002
0.13840000000000002
0.12290000000000001
0.1022
0.07919999999999999
0.0761
0.0662
0.0764
0.0746
0.08779999999999999
0.1079
0.15289999999999998
0.054599999999999996
0.9334
0.0609
0.248
0.35309999999999997
0.1323
0.3619
0.30169999999999997
0.0703
0.0222
0.0132
0.0161
0.0557
0.060700000000000004
0.2233
0.2185
0.2142
0.215
0.21439999999999998
0.2328
0.29610000000000003
0.4476
0.3726
0.4235
0.3543
0.4295
0.4249
0.3304
0.302
0.3004
0.2639
0.2615
0.29410000000000003
0.3113
0.30710000000000004
0.2952
0.2585
0.2313
0.12329999999999999
0.09970000000000001
0.1043
0.0929
0.10439999999999999
0.1222
0.36350000000000005
0.3188
0.20629999999999998
0.318
0.2559
0.2326
0.3466
0.2556
0.4665
0.7333000000000001
0.17709999999999998
0.2183
0.5226999999999999
0.174
0.2071
0.2895
0.6449
0.2696
0.1117
0.10300000000000001
0.1031
0.0964
0.09720000000000001
0.118
0.1567
0.2082
0.3217
0.30979999999999996
0.3276
0.9137
0.4762
0.2868
0.2973
0.2544
1.2457
0.833
0.9651000000000001
0.692
0.347
0.21589999999999998
0.1256
0.1086
0.18919999999999998
0.1714
0.1619
0.15660000000000002
0.1592
0.1786
0.2527
0.2929
0.2509
0.2597
0.2861
0.34099999999999997
0.5529
0.2854
0.2645
0.28659999999999997
0.29000000000000004
0.2124
0.2203
0.4739
0.5542
0.49040000000000006
0.5073000000000001
0.3162
0.0674
0.0592
0.051699999999999996
0.057300000000000004
0.0569
0.0601
0.097
0.12980000000000003
0.1181
0.134
0.1531
0.08460000000000001
0.0764
0.0775
0.07369999999999999
0.0716
0.0608
0.0839
0.367
0.5257000000000001
1.0035
0.1888
0.1032
0.062400000000000004
0.0859
0.0784
0.0745
0.0716
0.0744
0.1038
0.5426
0.2082
0.1399
0.1326
0.3312
0.1274
0.1227
0.1481
0.2851
0.1971
0.1766
0.1516
0.10300000000000001
0.1048
0.10930000000000001
0.11019999999999999
0.1015
0.08660000000000001
0.0738
0.0664
0.0615
0.060700000000000004
0.06269999999999999
0.0785
0.1453
0.16260000000000002
0.1372
0.1621
0.14889999999999998
0.16449999999999998
0.16770000000000002
0.1456
0.1323
0.14229999999999998
0.1643
0.2023
0.1709
0.1532
0.1797
0.1832
0.1419
0.09509999999999999
0.25
0.2491
0.2369
0.2323
0.2531
0.24330000000000002
0.2645
0.263
0.2612
0.24869999999999998
0.3177
0.2919
0.4442
0.6863
0.3188
0.30920000000000003
0.4313
0.5153
0.2475
0.3832
0.8174
0.3432
0.2575
0.2278
0.2298
0.2072
0.19669999999999999
0.19119999999999998
0.1799
0.1896
0.2089
0.40700000000000003
0.19
0.1099
0.08660000000000001
0.0816
0.0912
0.0911
0.11019999999999999
0.1505
0.5166999999999999
0.4385
0.2462
0.32530000000000003
0.27290000000000003
0.2378
0.2309
0.2153
0.1844
0.17720000000000002
0.1743
0.1709
0.1759
0.22410000000000002
0.4546
0.4457
0.47150000000000003
0.8378
0.5604
0.5166
0.5826
0.5039
0.446
0.7055
0.4607
0.3775
0.32189999999999996
0.33809999999999996
0.3595
0.3111
0.2474
0.2036
0.203
0.1041
0.1201
0.1421
0.1577
0.36460000000000004
1.278
1.0683
0.2383
0.3052
0.0322
0.0
0.0
0.0
0.0
0.0
0.0
0.0
0.525
0.2748
0.1071
0.0582
0.0363
0.054400000000000004
0.030199999999999998
0.027
0.025
0.0275
0.024300000000000002
0.03
0.0411
0.025
0.0065
0.0127
0.0163
0.0
0.0
0.0
0.0055
0.008400000000000001
0.0
0.0
0.0022
0.028200000000000003
0.013600000000000001
0.0286
0.0301
0.020499999999999997
0.0535
0.045700000000000005
0.038599999999999995
0.0377
0.0352
0.031
0.033
0.3547
0.2014
0.0472
0.038099999999999995
0.07469999999999999
0.1457
0.07930000000000001
0.0611
0.06080000000000001
0.3644
0.4107
1.013
0.312
0.22970000000000002
0.1898
0.1472
0.097
0.1577
0.1851
0.179
0.1759
0.1695
0.1852
0.8676
1.564
0.7842
1.1206
1.5888
0.9008
0.9279999999999999
0.32989999999999997
0.2147
0.1953
0.44410000000000005
1.0603
0.42300000000000004
0.499
0.48640000000000005
0.3841
0.26589999999999997
0.2207
0.0205
0.0053
0.0008
0.0
0.0
0.0
0.0059
0.0409
0.1998
0.6958
0.5275000000000001
0.28650000000000003
0.07519999999999999
0.0421
0.0222
0.0
0.0
0.1874
0.0
0.0
0.0
0.0
0.0
0.0
0.1648
0.1456
0.13779999999999998
0.13240000000000002
0.1295
0.1317
0.1412
0.15810000000000002
0.1902
0.32789999999999997
0.3246
0.2316
0.22360000000000002
0.2983
0.4261
0.4004
0.2763
0.2766
0.5915
0.346
0.3569
0.4436
0.3549
0.23520000000000002
0.023200000000000002
0.0318
0.0054
0.2039
0.0766
0.0453
0.056499999999999995
0.0283
0.0299
0.034
0.0
0.0
0.0202
1.6658
0.5459
0.0
0.0
0.0416
0.0846
0.0664
0.21760000000000002
0.1973
0.088
0.028999999999999998
0.1306
0.1242
0.1216
0.11549999999999999
0.1235
0.1426
0.5336
0.3571
0.2438
0.4841
0.2198
0.1471
0.15100000000000002
0.1634
0.19190000000000002
0.7088
0.2544
0.2501
0.449
0.3851
0.3082
0.3234
0.26539999999999997
0.1637
0.1493
0.13090000000000002
0.1273
0.1192
0.1135
0.1235
0.13579999999999998
0.1641
0.1985
0.26080000000000003
0.3866
0.4042
0.3094
0.6214000000000001
0.5404
0.6378
0.9551000000000001
0.4493
0.3413
0.3328
0.3467
0.3375
0.27580000000000005
0.20479999999999998
0.1131
0.1226
0.11979999999999999
0.10819999999999999
0.0984
0.10439999999999999
0.1046
0.099
0.0738
0.1236
0.5436
0.9371
0.6111
0.255
0.3417
0.1745
0.1196
0.0815
0.1011
0.18380000000000002
0.16899999999999998
0.1431
0.1212
0.11599999999999999
0.032799999999999996
0.0285
0.031
0.0253
0.0349
0.0351
0.0437
0.0644
0.1603
1.0847
1.9247999999999998
1.0735
0.39890000000000003
0.4774
0.714
0.8006
0.7891
0.5372
1.0479
1.1692
0.9442999999999999
0.5125
0.1568
0.0805
0.7408
0.0763
0.14789999999999998
0.11429999999999998
0.10339999999999999
0.0876
0.06609999999999999
0.0673
0.0182
0.008199999999999999
0.0
0.3886
0.7947
0.2201
0.0225
0.0283
0.09559999999999999
0.12919999999999998
0.5415
0.47159999999999996
0.1323
0.12040000000000001
0.0694
0.059
0.0807
0.07300000000000001
0.0683
0.065
0.0716
0.0809
0.1711
0.38470000000000004
0.16599999999999998
0.3279
0.5408
0.39449999999999996
0.1442
0.1268
0.12380000000000001
0.1492
0.6888
1.4041000000000001
0.5249
0.18159999999999998
0.1591
0.13040000000000002
0.1166
0.0907
0.0278
0.0165
0.0125
0.0114
0.012
0.013399999999999999
0.0248
0.038099999999999995
0.055900000000000005
0.109
0.0737
0.06130000000000001
0.1265
0.3104
0.1244
0.1211
0.0997
0.1031
0.1915
0.133
0.1106
0.1104
0.0894
0.047299999999999995
0.18409999999999999
0.1682
0.154
0.1483
0.14379999999999998
0.1421
0.1303
0.1198
0.1087
0.1191
0.1184
0.1182
0.1167
0.1275
0.13040000000000002
0.1424
0.1498
0.2291
0.2434
0.2701
0.34509999999999996
0.26
0.1925
0.1728
0.11019999999999999
0.1409
0.077
0.052099999999999994
0.050699999999999995
0.0518
0.087
0.0453
0.9644999999999999
0.1166
0.4742
0.099
0.0932
0.094
0.24970000000000003
0.17520000000000002
0.1829
0.9721
0.6296999999999999
0.7547
0.4447
0.9443
0.2693
0.16010000000000002
0.1137
0.1002
0.0906
0.08979999999999999
0.097
0.4645
0.1965
0.0794
0.0862
0.07819999999999999
0.0537
0.07150000000000001
0.1221
0.1158
0.10289999999999999
0.072
0.7794
0.5446
0.11499999999999999
0.1489
0.3393
0.2267
0.181
0.1462
0.0040999999999999995
0.0029
0.014700000000000001
0.0089
0.066
0.11939999999999999
0.15289999999999998
0.1879
0.30379999999999996
0.812
0.4861
0.10369999999999999
0.372
0.4087
0.7326
0.2804
0.3057
1.1284
0.2474
0.1001
0.0121
0.0
0.0
0.0
0.1251
0.12090000000000001
0.1376
0.1506
0.2005
0.2489
0.29910000000000003
0.37470000000000003
0.3447
0.0483
0.8953
0.251
1.5573000000000001
1.0168
0.40090000000000003
0.2756
0.2495
0.3136
0.2965
0.8984000000000001
0.0731
0.0975
0.0804
0.0861
0.0975
0.0864
0.0834
0.0804
0.0774
0.0827
0.0946
0.10550000000000001
0.1527
0.20129999999999998
0.2156
0.25570000000000004
0.14889999999999998
0.1887
0.5319
0.5791
0.5205
0.31789999999999996
0.3267
0.4483
0.897
0.3765
0.1476
0.11
0.2891
0.2182
0.2009
0.2039
0.1883
0.2032
0.2232
0.2671
0.4279
0.4298
0.3851
0.3504
0.47550000000000003
0.2945
0.37229999999999996
1.7292999999999998
0.8409
2.0237000000000003
1.5493000000000001
0.9435
0.47809999999999997
0.4162
0.4629
0.9884
0.1598
0.13640000000000002
0.12619999999999998
0.12240000000000001
0.1137
0.11649999999999999
0.1255
0.1521
0.19290000000000002
0.2079
0.1903
0.2378
0.26249999999999996
0.2174
0.2235
0.2102
0.9405000000000001
0.4827
0.3519
0.5143
0.5937
0.40259999999999996
0.3166
0.2238
0.0102
0.0
0.0
0.0036
0.0108
0.048799999999999996
0.02
0.0427
0.0
0.3147
0.8958999999999999
0.5323
2.4049
0.0
0.0356
0.4963
1.624
0.3175
0.1699
0.9623999999999999
0.4487
0.12029999999999999
0.0
0.0
0.16799999999999998
0.16299999999999998
0.156
0.15439999999999998
0.1542
0.1604
0.1828
0.2503
0.6829000000000001
0.8093999999999999
0.6866
0.595
0.4266
0.4329
0.5002
0.4497
0.3127
0.2777
0.2494
0.2535
0.288
0.28869999999999996
0.2379
0.1941
0.2415
0.2086
0.2007
0.1946
0.185
0.1794
0.15360000000000001
0.1119
0.08729999999999999
0.08410000000000001
0.0464
0.0414
0.0654
0.0839
0.42769999999999997
1.2301
1.6656
1.1999
0.9024
0.9718
0.6005
0.5537
0.6407
0.9502999999999999
0.0449
0.023200000000000002
0.0324
0.0107
0.0432
0.030699999999999998
0.0241
0.018
0.7695000000000001
0.8543000000000001
0.6118
0.3734
0.0
0.0148
0.0537
0.084
0.06659999999999999
0.0632
0.7192
0.1001
0.10519999999999999
0.2066
1.1975
0.3876
0.1253
0.1022
0.09620000000000001
0.0653
0.0471
0.0383
0.0406
0.0474
0.0597
0.0701
0.0598
0.0862
0.1676
0.1386
0.11729999999999999
0.061900000000000004
0.0799
0.1363
0.2721
0.2594
0.1194
0.0949
0.0923
0.09759999999999999
0.0071
0.0
0.0
0.0035
0.0
0.0
0.0
0.0
0.0
0.0
0.0478
0.057499999999999996
0.0024
0.0156
0.0739
0.0477
0.7089000000000001
1.7227999999999999
2.6115
3.2016
1.5803
0.8405
0.2495
0.0127
0.1114
0.1009
0.0866
0.0882
0.08030000000000001
0.08360000000000001
0.0906
0.9012
0.7048
1.0368
0.714
0.1756
0.20989999999999998
0.29769999999999996
0.5198
0.3916
0.7795000000000001
0.46430000000000005
0.2597
0.2803
0.3524
0.651
0.4054
0.1689
0.2653
0.245
0.2321
0.22260000000000002
0.2223
0.23299999999999998
0.2421
0.28290000000000004
0.3205
0.8234999999999999
0.5019
0.3591
0.40859999999999996
0.7908999999999999
0.3256
0.3312
0.3932
0.8855999999999999
0.7916
0.5973999999999999
0.5362
0.4841
0.4203
0.3248
0.0052
0.006
0.0127
0.0238
0.0412
0.0767
0.0948
0.032
0.0
0.0
0.0
0.0
0.0
0.0
0.0
0.0061
0.056499999999999995
0.0231
0.0353
0.0066
0.0
0.0
0.0
0.0
0.0786
0.0742
0.0676
0.0669
0.061799999999999994
0.0749
0.09540000000000001
0.6285000000000001
0.2736
0.14350000000000002
0.09970000000000001
0.1028
0.1073
0.1024
0.08990000000000001
0.0973
0.19
0.39449999999999996
0.36429999999999996
0.3552
0.5236
0.3004
0.12209999999999999
0.08549999999999999
0.10339999999999999
0.0883
0.11080000000000001
0.1196
0.10500000000000001
0.1239
0.1532
0.2671
0.885
0.1693
0.0992
0.1406
0.15339999999999998
0.2185
0.632
0.3264
0.4347
0.9906
0.0332
1.9032999999999998
0.803
0.025
0.1049
0.0828
0.06509999999999999
0.0571
0.0524
0.059800000000000006
0.0684
0.1109
0.07189999999999999
0.049699999999999994
0.0404
0.0448
0.037599999999999995
0.028900000000000002
0.0783
0.0804
0.07819999999999999
0.0744
0.0745
0.1156
0.0678
0.1183
0.10969999999999999
0.10969999999999999
0.1008
0.0748
3.2049000000000003
2.8697
1.6743000000000001
0.8593
0.5195
0.4772
0.5361
0.6846
0.8959999999999999
1.8569
1.9714
1.9631
2.3907
2.5561
2.2624000000000004
2.1875999999999998
2.5643000000000002
4.2491
2.3558000000000003
1.3838
1.1157
1.1073
1.2298
1.847
0.0167
0.0207
0.0286
0.0252
0.0391
0.062200000000000005
0.11979999999999999
0.1905
0.5299
1.0296
0.2672
0.4353
0.479
0.18280000000000002
0.126
0.1137
0.2393
0.2276
0.18080000000000002
0.0849
0.043300000000000005
0.0051
0.0013
0.008
0.1149
0.0951
0.089
0.0818
0.0816
0.08099999999999999
0.0858
0.1148
0.1412
0.22349999999999998
0.2034
0.7948
0.7584
0.3253
0.2812
0.3058
0.2665
0.19
0.1389
0.1209
0.1388
0.18569999999999998
0.2141
0.17259999999999998
0.1158
0.1193
0.1109
0.10220000000000001
0.112
0.1562
0.6233
0.4353
0.4058
0.5214000000000001
0.2516
0.1886
0.1835
0.1854
0.1646
0.1939
0.2616
0.5961000000000001
0.6935
0.7353000000000001
0.8548
0.6435
0.2406
0.1266
0.8274999999999999
0.5142
0.46330000000000005
0.4507
0.46099999999999997
0.5135000000000001
1.2365
0.6217
0.33
0.2895
0.2483
0.28059999999999996
0.4083
0.5537
1.6294
0.7108000000000001
0.6289
0.7576
0.3999
0.8234
0.7114
0.506
0.44489999999999996
0.41659999999999997
0.1323
0.1245
0.1323
0.13419999999999999
0.1452
0.1815
0.4253
0.4786
0.3901
0.2157
0.1663
0.157
0.1632
0.20190000000000002
0.2511
0.25570000000000004
0.24509999999999998
0.7821
1.466
0.6032
0.2522
0.1751
0.1172
0.11610000000000001
0.0756
0.0592
0.0584
0.0538
0.053
0.0581
0.0636
0.0865
0.1184
0.1557
0.2039
0.7968000000000001
0.6156
0.36560000000000004
0.5589
0.6234999999999999
0.4612
0.47809999999999997
0.3221
0.3358
0.37270000000000003
0.3993
0.311
0.16349999999999998
0.0658
0.060300000000000006
0.0604
0.0536
0.0579
0.065
0.4649
0.3424
0.1694
0.1247
0.17409999999999998
0.1473
0.1753
0.1199
0.0878
0.06609999999999999
0.0597
0.1232
1.3542999999999998
0.4878
0.1086
0.0737
0.0507
0.051699999999999996
0.07919999999999999
0.044700000000000004
0.0314
0.0262
0.037
0.13140000000000002
0.1655
0.2128
0.2118
0.7822
1.4656
0.8858999999999999
3.0532000000000004
0.3657
0.3947
0.6708
1.573
0.7941
1.011
1.2396
0.7898000000000001
0.4098
0.1559
0.09620000000000001
0.1744
0.1475
0.1334
0.1261
0.1189
0.10139999999999999
0.09079999999999999
0.08779999999999999
0.07930000000000001
0.0892
0.093
0.10930000000000001
0.11959999999999998
0.1856
0.1175
0.1162
0.1298
0.148
0.1258
0.1445
0.2122
0.2559
0.2488
0.2379
0.16010000000000002
0.1744
0.1785
0.17859999999999998
0.1686
0.1732
0.1733
0.1714
0.1694
0.14450000000000002
0.13240000000000002
0.1192
0.1263
0.1456
0.1726
0.155
0.13290000000000002
0.1476
0.1839
0.26249999999999996
0.2141
0.177
0.13940000000000002
0.12919999999999998
0.3729
0.5669
0.4688
0.19369999999999998
0.159
0.195
0.2399
0.17880000000000001
0.14229999999999998
0.1122
0.1255
0.102
0.123
0.1245
0.4206
0.6282000000000001
0.267
0.2197
0.3039
0.8035
0.49710000000000004
0.1222
0.0963
0.06820000000000001
0.5087
0.3809
0.3816
0.39039999999999997
0.364
0.8845999999999999
2.0216
0.40549999999999997
0.3134
0.30789999999999995
0.43979999999999997
0.4046
0.41200000000000003
0.3846
0.4399
0.39680000000000004
0.8156
0.3373
0.2359
0.6907
0.7543
0.6247
0.7071000000000001
0.7416
0.2016
0.2084
0.2057
0.2091
0.2261
0.26030000000000003
0.3775
0.4554
0.8714
1.2347000000000001
0.7482
0.5375
0.4609
0.7238
1.504
0.7948999999999999
0.4269
0.3498
0.3019
0.2485
0.2305
0.17270000000000002
0.1592
0.1677
0.0796
0.0684
0.062200000000000005
0.059800000000000006
0.0595
0.0663
0.0741
0.0761
0.0619
0.0816
0.13219999999999998
0.2151
0.1533
0.1176
0.20879999999999999
0.27999999999999997
0.1874
0.1516
0.16160000000000002
0.15239999999999998
0.1506
0.1302
0.11080000000000001
0.0939
0.0684
0.07089999999999999
0.0673
0.06659999999999999
0.0653
0.0794
0.1129
0.4157
0.3141
0.309
0.2652
0.209
0.2075
0.15139999999999998
0.16620000000000001
0.1653
0.14529999999999998
0.2645
0.36019999999999996
0.1573
0.098
0.0659
0.061
0.0597
0.2111
0.18159999999999998
0.175
0.1664
0.1598
0.15839999999999999
0.1746
0.17959999999999998
0.192
0.19829999999999998
0.1972
0.2069
0.3541
0.5212
0.5914
0.4144
0.32489999999999997
0.6688
0.5273
0.3826
1.1695
0.5376
0.3271
0.25429999999999997
0.09409999999999999
0.1164
0.1111
0.0978
0.12440000000000001
0.15360000000000001
0.2385
0.2651
0.1597
0.2474
0.0737
0.06
0.0963
0.0483
0.0
1.3270000000000002
0.1608
0.1399
1.3215
1.3082
2.0368
2.4806999999999997
0.0796
0.1073
0.0
0.0
0.001
0.0011
0.0047
0.0271
0.0841
0.33140000000000003
0.1671
0.0373
0.018
0.053200000000000004
0.0799
0.0839
0.2929
0.2218
0.3505
1.028
0.265
0.37060000000000004
0.046
0.0
0.0
0.0014
0.20850000000000002
0.2066
0.2134
0.21089999999999998
0.2
0.19240000000000002
0.199
0.2127
0.21
0.2688
0.2054
0.1714
0.2017
0.4823
0.6502
1.4737
0.9131
0.5486
0.242
0.2157
0.2133
0.2283
0.2279
0.2183
0.11910000000000001
0.1215
0.13169999999999998
0.1056
0.1096
0.1162
0.6403
1.5529
0.6698999999999999
1.662
1.4129999999999998
0.4105
0.3598
0.4143
1.1722000000000001
1.5309
0.3557
0.4041
0.7972
0.5974999999999999
0.3318
0.21650000000000003
0.1338
0.1269
0.2691
0.2484
0.2659
0.28159999999999996
0.26339999999999997
0.3027
0.4218
1.0314
0.6101
0.20629999999999998
0.17980000000000002
0.18209999999999998
0.1949
0.2215
0.2672
0.5546
0.4648
2.1092
2.8964
1.3279999999999998
0.3452
0.2274
0.177
0.1899
3.0424999999999995
3.511
3.2898
3.3918999999999997
3.4722
3.4684999999999997
3.0144
1.7864
0.3048
0.062400000000000004
0.023
0.0
0.0261
0.0087
0.0031
0.0
0.0
0.0
2.8841
2.2274000000000003
1.2027
0.613
0.4838
0.3405
0.1246
0.0732
0.09659999999999999
0.08460000000000001
0.0737
0.0917
0.1097
0.1648
0.2244
0.16899999999999998
0.283
0.4888
2.1856
0.40259999999999996
0.8492999999999999
0.9875
1.1520000000000001
0.7873
0.6064
2.5819
1.4184999999999999
1.1981000000000002
1.7681
0.5205
0.09709999999999999
0.0826
0.0978
0.07300000000000001
0.052599999999999994
0.0344
0.038400000000000004
0.034
0.06459999999999999
0.2349
0.0631
0.1592
0.2735
0.0132
0.0
0.0
0.0
0.0
0.2393
0.12669999999999998
0.053899999999999997
0.026500000000000003
0.0174
0.018099999999999998
0.038099999999999995
0.09
0.0351
0.0479
0.0298
0.038099999999999995
0.0675
0.14850000000000002
0.5237
0.1346
0.3161
0.1186
0.12940000000000002
0.1318
0.5446
0.075
0.0959
0.5941000000000001
2.8345000000000002
1.2347
1.7246
1.4722
0.6448
0.15239999999999998
0.1744
0.1488
0.1364
0.1315
0.1157
0.125
0.1347
0.13990000000000002
0.11460000000000001
0.11499999999999999
0.1061
0.1119
0.1246
0.7336
0.26380000000000003
0.25
1.0151
0.759
0.5630999999999999
0.5321
0.3173
0.316
0.4145
0.2764
0.0445
0.0368
0.0538
0.0377
0.045899999999999996
0.0557
0.07319999999999999
0.11560000000000001
0.11510000000000001
0.1965
0.2479
0.2264
0.7323999999999999
0.2163
0.7196
1.565
0.6126
0.2692
0.1782
1.4589
0.4319
0.4716
0.2991
0.121
0.0665
0.062
0.060700000000000004
0.054599999999999996
0.0465
0.039
0.0317
0.0361
0.0378
0.0573
0.0265
0.0611
0.0369
0.0432
0.057999999999999996
0.0824
0.043899999999999995
0.0245
0.0557
0.0337
0.0534
0.054099999999999995
0.0617
0.0647
0.0597
0.051500000000000004
0.0498
0.0484
0.044399999999999995
0.188
0.4931
0.139
0.0969
0.098
0.0742
0.048
0.060200000000000004
0.07300000000000001
0.078
0.0937
0.3827
0.7966000000000001
0.6146
0.2007
0.179
0.1539
0.1058
0.0697
0.054900000000000004
0.0485
0.0501
0.0403
0.0718
0.127
0.0496
0.0227
0.022600000000000002
0.059300000000000005
0.0532
0.0233
0.037
0.0545
0.0059
0.0202
0.7945
0.039099999999999996
0.3321
0.1406
0.1622
0.18359999999999999
0.0895
0.057999999999999996
0.3286
0.32289999999999996
0.3132
0.3187
0.3255
0.33599999999999997
0.3522
0.37739999999999996
1.1045
2.5758
0.5048
0.30179999999999996
0.2212
0.2882
0.30379999999999996
0.3365
0.4907
0.6715
1.2517999999999998
2.3899
1.3737
0.6679999999999999
0.3523
0.3252
0.19440000000000002
0.1874
0.1731
0.1635
0.15539999999999998
0.1517
0.1577
0.20400000000000001
0.3589
0.6488
0.9843999999999999
0.6987
0.1234
0.08610000000000001
0.0543
0.08
0.1523
0.1986
0.7895
0.516
0.6275
0.6147
0.3771
0.2672
0.2103
0.1718
0.1606
0.1487
0.1444
0.1496
0.1577
0.1678
0.15589999999999998
0.15250000000000002
0.14029999999999998
0.1547
0.2743
0.597
0.45330000000000004
0.3462
0.34309999999999996
0.2439
0.2262
0.4431
0.4286
0.4083
0.4232
0.29359999999999997
0.06659999999999999
0.054
0.0538
0.0483
0.0505
0.057800000000000004
0.11080000000000001
0.1542
0.0312
0.08549999999999999
0.253
0.2247
0.3498
0.0455
0.039599999999999996
0.10400000000000001
0.1089
0.0485
0.07
0.032100000000000004
0.059
0.0837
0.1308
0.1263
0.1344
0.1249
0.1193
0.1162
0.11460000000000001
0.119
0.26749999999999996
0.6922999999999999
0.33020000000000005
0.3274
0.2681
0.27480000000000004
0.31489999999999996
0.34709999999999996
0.35319999999999996
0.41490000000000005
0.324
0.3781
0.3166
0.2686
0.3143
0.3452
0.2701
0.1733
0.124
0.0868
0.0812
0.08499999999999999
0.07919999999999999
0.08499999999999999
0.0912
0.1271
0.17209999999999998
0.2306
0.3558
0.3599
0.4458
1.217
0.48129999999999995
0.251
0.2206
0.7386
0.3409
0.3749
0.38780000000000003
0.525
0.55
0.2355
0.1596
0.1452
0.1371
0.1315
0.1286
0.12869999999999998
0.1296
0.14479999999999998
0.17659999999999998
0.1654
0.1716
0.2316
0.18059999999999998
0.1768
0.1743
0.16849999999999998
0.2386
0.1877
0.1481
0.19419999999999998
0.238
0.23420000000000002
0.2097
0.18280000000000002
0.1132
0.1059
0.1032
0.1004
0.1047
0.1054
0.1239
0.12
0.1109
0.1262
0.1212
0.1175
0.1352
0.1603
0.158
0.1708
0.24059999999999998
0.28990000000000005
1.6029
0.7791
0.3522
0.2384
0.1474
0.12190000000000001
0.2889
0.1064
0.09570000000000001
0.0949
0.1071
0.0922
0.0965
0.1242
0.27349999999999997
0.6597
0.8402000000000001
0.2379
1.181
0.12240000000000001
0.0854
0.0484
0.1492
1.456
0.5246999999999999
0.7572
0.48419999999999996
0.41700000000000004
0.2892
0.16099999999999998
0.0595
0.0464
0.0388
0.0379
0.0352
0.036000000000000004
0.0413
0.045899999999999996
0.0407
0.046200000000000005
0.035
0.0354
0.0641
0.0532
0.0526
0.0479
0.0533
0.1603
0.0649
0.0749
0.0802
0.0969
0.108
0.0813
0.0959
0.0998
0.0971
0.1007
0.1243
0.2164
0.14479999999999998
0.055
0.006
0.025599999999999998
0.048100000000000004
0.0237
0.0218
0.018099999999999998
0.1071
0.5038
0.3457
0.7232
3.0265999999999997
1.1871
0.747
0.24059999999999998
0.09939999999999999
0.0969
0.0675
0.0754
0.109
0.1054
0.1479
0.2761
2.8199
0.8932
0.307
0.17559999999999998
0.3205
1.5932
0.7424999999999999
0.3801
0.30200000000000005
1.2398
1.1433
0.5929
0.6586
0.3052
0.2044
0.16260000000000002
0.10650000000000001
0.1117
0.1432
0.1508
0.1664
0.1614
0.15839999999999999
0.16770000000000002
0.2033
0.21200000000000002
0.19090000000000001
0.14629999999999999
0.19369999999999998
0.22349999999999998
0.2556
0.2649
0.8185
1.6065
0.561
0.1707
0.1452
0.1679
0.1307
0.082
0.0711
0.08499999999999999
0.1936
0.187
0.2128
0.2943
0.34850000000000003
0.3859
0.3879
0.4821
0.8342
0.4927
0.1164
0.062400000000000004
0.0681
0.0649
0.0852
0.149
0.2969
0.46299999999999997
1.289
0.7661
0.3748
0.27190000000000003
0.191
0.1625
0.188
0.1787
0.1626
0.1684
0.1649
0.1744
0.20479999999999998
0.5369999999999999
0.5378000000000001
0.3507
0.2845
0.2262
0.2552
0.2855
0.4319
0.46040000000000003
0.5951
1.0453999999999999
0.4341
0.4588
0.3571
0.3963
0.7753
0.2972
0.0174
0.0071
0.006
0.013900000000000001
0.0
0.0204
0.09640000000000001
1.2055
1.3887
1.2962
0.0
0.0026
0.0
0.0
0.0
0.0
0.0252
0.069
0.36050000000000004
0.8361000000000001
0.2606
0.1462
0.092
0.0674
0.0
0.0
0.0
0.0
0.0
0.0
0.0
0.0
0.0
0.0
0.2735
0.0
0.0
1.5928999999999998
0.1856
1.1021
1.0209
0.0907
0.279
0.23600000000000002
0.0906
0.23629999999999998
0.0
0.0
0.0096
0.0213
0.0412
0.0347
0.0072
0.0
0.0
0.0017
0.0143
0.007
0.0029
0.2269
2.0397
0.4286
0.5144
1.0664
1.5901
0.40290000000000004
0.045599999999999995
0.0799
0.1475
0.1496
0.3535
2.0951
0.2317
0.1875
0.1686
0.1619
0.1547
0.16249999999999998
0.1847
0.1649
0.46509999999999996
0.5945
0.3486
1.5888
0.22089999999999999
0.21810000000000002
0.2496
0.2137
0.2185
0.3246
0.15139999999999998
0.15300000000000002
0.1608
0.184
0.2218
0.254
0.0
0.0
0.0
0.0
0.0
0.0037
0.0144
0.0325
0.0223
0.2463
0.1334
0.7941
0.31420000000000003
0.2651
0.09720000000000001
0.1038
0.1998
0.4659
0.2264
0.0657
0.0185
0.0
0.0
0.0
0.17149999999999999
0.1797
0.184
0.17909999999999998
0.1729
0.1808
0.2042
0.1964
0.1719
0.16920000000000002
0.1524
0.1647
0.1827
0.1647
0.16770000000000002
0.1642
0.13490000000000002
0.1442
0.2834
0.2506
0.2129
0.173
0.1501
0.1446
0.1527
0.1431
0.1361
0.135
0.1351
0.1467
0.1869
0.2613
0.2311
0.2172
0.1874
0.1575
0.1618
0.1723
0.1775
0.1983
0.2501
0.2744
0.2956
0.3446
0.3366
0.4027
0.33609999999999995
0.2042
0.1808
0.16849999999999998
0.1627
0.15949999999999998
0.1587
0.1755
0.2143
0.5227999999999999
0.6729
0.2494
0.3488
0.3035
0.45899999999999996
0.3052
0.2595
0.2021
0.2626
0.2875
0.14579999999999999
0.14379999999999998
0.1567
0.1686
0.1654
0.1547
0.0627
0.051699999999999996
0.0497
0.0473
0.0527
0.2303
0.7162999999999999
0.22820000000000001
0.2185
0.3901
0.34609999999999996
0.1426
0.2359
0.30110000000000003
0.6323000000000001
0.1163
0.1142
0.2262
0.1157
0.0786
0.0678
0.041800000000000004
0.054000000000000006
0.0576
0.1285
0.1247
0.1271
0.1285
0.1253
0.1328
0.1608
0.17070000000000002
0.1365
0.0878
0.0638
0.0465
0.039099999999999996
0.0558
0.0888
0.1528
0.2993
0.47430000000000005
0.47009999999999996
0.5051
0.2652
0.2535
0.1582
0.1262
1.0291000000000001
0.7878000000000001
0.5537
0.34119999999999995
0.3064
0.3066
0.32330000000000003
0.3179
0.3261
1.9056
2.1746
1.0136
2.5613
4.0043
0.4823
0.5065999999999999
0.48860000000000003
0.54
0.7706999999999999
0.7984
0.7491
0.7838
1.7284000000000002
0.9697
0.1553
0.14500000000000002
0.1466
0.1399
0.14300000000000002
0.1534
0.1883
0.2405
0.4044
0.8778
0.6154
0.36060000000000003
0.3191
0.5028
0.5187
0.4598
0.4961
0.4732
0.5841000000000001
0.4862
0.5462
0.3982
0.2304
0.1729
0.1839
0.129
0.1377
0.1164
0.1041
0.1123
0.123
0.15839999999999999
0.23270000000000002
0.3422
0.3771
0.6912
1.4217
1.8129
0.4306
1.7206
0.6621
1.016
0.6188
0.3526
0.3582
0.406
1.0213
0.6151
0.29490000000000005
0.2858
0.2889
0.2935
0.2849
0.2648
0.2475
0.2495
0.2698
0.30269999999999997
0.2239
0.28490000000000004
0.4805
0.35519999999999996
0.23509999999999998
0.20950000000000002
0.2043
0.2224
0.2867
0.33340000000000003
0.7303
0.432
0.381
0.34299999999999997
0.0973
0.08560000000000001
0.083
0.0811
0.0748
0.07869999999999999
0.0938
0.2716
0.2882
0.0974
0.0826
0.0581
0.059899999999999995
0.07339999999999999
0.101
0.1881
0.5022
0.2051
0.447
0.5725
0.25930000000000003
0.33730000000000004
0.28290000000000004
0.15899999999999997
0.0728
0.060899999999999996
0.06
0.0631
0.0594
0.08399999999999999
0.3494
0.1252
0.0025
0.0
0.0
0.0
0.0
0.0
0.0
0.0
0.0254
0.32189999999999996
1.2515999999999998
0.4022
1.0415
0.6467
0.37339999999999995
0.157
0.0775
0.058300000000000005
0.0507
0.0501
0.050100000000000006
0.0511
0.0587
0.0548
0.2315
0.6946
0.2972
0.26070000000000004
0.1456
0.1749
0.29069999999999996
0.1921
0.15960000000000002
0.218
0.48429999999999995
0.3405
0.4234
0.488
0.23299999999999998
0.1076
0.07469999999999999
0.0651
0.0635
0.062200000000000005
0.052599999999999994
0.0572
0.3316
0.8919
0.0
0.029699999999999997
0.0589
0.0296
0.0245
0.026299999999999997
0.0582
0.22110000000000002
0.7072999999999999
0.12190000000000001
0.21200000000000002
0.5994
0.2112
0.21839999999999998
0.1661
0.11729999999999999
0.14179999999999998
0.1429
0.1512
0.1555
0.1607
0.1646
0.166
0.1605
0.1578
0.18059999999999998
0.1134
0.09109999999999999
0.0869
0.0975
0.0963
0.1456
0.1629
0.1129
0.1298
0.1109
0.1054
0.1179
0.1205
0.1231
0.028999999999999998
0.0361
0.0511
0.0329
0.0777
0.2816
0.1939
0.1689
0.1757
0.0505
0.08399999999999999
0.1507
0.0229
0.0128
0.0
0.0
0.6246
0.0342
0.1768
0.0058
0.0
0.0
0.0
0.001
0.0684
0.058499999999999996
0.055
0.0553
0.0528
0.05840000000000001
0.0959
0.7751
0.6579
0.20279999999999998
0.1588
0.11199999999999999
0.1504
0.1953
0.2695
0.30810000000000004
1.1606
1.4435
0.418
0.4434
0.36960000000000004
0.2157
0.1064
0.0739
0.264
0.1276
0.4527
0.3248
0.1592
0.1884
0.1949
0.1964
0.22139999999999999
0.6896
0.1371
0.1865
0.076
1.2064
0.0921
0.2417
0.25870000000000004
0.1094
1.1972
0.1377
0.221
0.2515
0.4313
0.4851
0.1282
0.1036
0.103
0.09259999999999999
0.088
0.2723
0.3228
0.15189999999999998
0.1357
0.4263
0.2539
0.12569999999999998
0.2695
0.0574
0.0238
0.0343
0.0266
0.0604
0.7374
0.717
0.33299999999999996
0.2899
0.2153
0.1429
0.1117
0.09809999999999999
0.0936
0.0875
0.0846
0.0888
0.09920000000000001
0.11660000000000001
0.16599999999999998
0.1689
0.15860000000000002
0.3092
0.3832
0.2291
0.33340000000000003
0.3442
0.5656
0.2882
0.2509
0.5569999999999999
0.376
0.2488
0.1699
0.1328
0.1604
0.1545
0.1431
0.16649999999999998
0.2234
0.6488
0.30110000000000003
0.1269
0.1183
0.1374
0.1405
0.3705
0.2439
0.1487
0.1162
0.1392
0.2696
0.1882
0.7569999999999999
0.0723
0.0938
0.0885
0.0934
0.0931
0.1158
0.1147
0.12259999999999999
0.1179
0.12359999999999999
0.1333
0.154
0.1891
0.24359999999999998
0.8240000000000001
0.3294
0.2546
0.1918
0.15689999999999998
0.14100000000000001
0.1787
1.3365
0.4137
0.2942
0.1978
0.1406
0.0825
0.07039999999999999
0.0755
0.1247
0.1203
0.11710000000000001
0.11599999999999999
0.119
0.1462
0.26070000000000004
0.24769999999999998
0.19190000000000002
0.17359999999999998
0.1684
0.1923
0.20900000000000002
0.2132
0.22
0.31179999999999997
0.3524
0.2771
0.271
0.3189
0.31120000000000003
0.2153
0.1456
0.12490000000000001
0.1432
0.121
0.1075
0.1042
0.09620000000000001
0.0996
0.1043
0.1303
0.1734
0.4848
0.289
0.2567
0.2339
0.27990000000000004
0.4907
0.3745
0.3452
0.48929999999999996
0.5636
0.37570000000000003
0.33140000000000003
0.3416
0.5884
0.2892
0.1184
0.09570000000000001
0.1008
0.09409999999999999
0.09659999999999999
0.0849
0.2491
0.6842
0.0366
0.3408
0.0691
0.0553
0.0537
0.0525
0.0364
0.0789
0.1136
0.0902
0.2596
0.1048
0.1094
0.214
0.3152
0.2166
0.1669
0.1461
0.1485
0.1347
0.1447
0.1604
0.3434
1.0442
0.2534
0.1937
0.1483
0.2019
0.1139
0.097
0.0593
0.08510000000000001
0.175
0.331
0.2963
0.4632
0.5321
0.38739999999999997
0.398
0.2825
0.1429
0.0996
0.1071
0.1846
0.1235
0.5498999999999999
2.2462999999999997
0.6869000000000001
0.8029999999999999
2.7438
2.5152
0.8265
1.9579
1.1028
0.7518
1.7795
0.7902
0.37070000000000003
0.3104
0.4752
0.5501
0.8009
1.1138
0.42679999999999996
0.0518
0.0499
0.0564
0.049100000000000005
0.0529
0.0616
0.08449999999999999
0.11660000000000001
0.1763
0.23220000000000002
0.2864
0.5574
0.5407
0.2748
0.4987
0.8391
0.2725
0.2011
0.2963
0.3125
0.21550000000000002
0.13419999999999999
0.07719999999999999
0.0589
0.0268
0.029400000000000003
0.026299999999999997
0.021699999999999997
0.023
0.024
0.0359
0.07050000000000001
0.2567
0.17520000000000002
0.34750000000000003
0.3135
0.294
0.1651
0.30710000000000004
0.16449999999999998
0.259
0.3459
0.1264
0.1383
0.1301
0.0937
0.059
0.0354
0.3266
0.3043
0.2898
0.2893
0.28190000000000004
0.2864
0.3071
0.3719
0.4381
0.3779
0.3895
0.7045999999999999
0.5426
0.3895
0.3489
0.36829999999999996
0.4133
1.26
0.5247
0.5424
0.5909
0.533
0.4641
0.39039999999999997
0.0207
0.022600000000000002
0.0132
0.0229
0.0173
0.038
0.1684
0.22399999999999998
0.2728
0.6865
0.2091
0.057800000000000004
0.1014
0.1964
0.647
0.2692
0.1084
0.14479999999999998
0.4596
0.1016
0.1279
0.0807
0.0458
0.0286
0.2471
0.2388
0.22970000000000002
0.2279
0.23120000000000002
0.2395
0.2706
0.35819999999999996
0.4424
0.4613
0.3577
0.377
0.36219999999999997
0.3067
0.2912
0.301
0.4436
1.2715999999999998
1.2530000000000001
0.4154
0.375
0.3325
0.2813
0.2469
0.1208
0.11280000000000001
0.1048
0.10389999999999999
0.11069999999999999
0.1166
0.1194
0.1247
0.1253
0.1941
0.1676
0.1926
0.5243
0.1865
0.1528
0.1819
0.3129
0.9219
0.7551
0.1599
0.15760000000000002
0.1503
0.1456
0.13140000000000002
0.0
0.0
0.0
0.0069
0.0202
0.0
0.5489
1.2744
1.0652
0.8009
0.4515
0.0087
0.8114999999999999
0.72
0.0382
0.224
0.7252000000000001
0.3306
0.36970000000000003
0.5035000000000001
0.0
0.0
0.0
0.0
0.0646
0.0538
0.0476
0.0458
0.0443
0.0426
0.0414
0.0509
0.0586
0.2469
0.0804
0.0616
0.1502
0.0844
0.09670000000000001
0.1149
0.2137
0.6394
0.29259999999999997
0.29400000000000004
0.0988
0.1189
0.1492
0.1102
0.11549999999999999
0.1127
0.1042
0.1015
0.09720000000000001
0.0936
0.0905
0.0988
0.11510000000000001
0.1003
0.0884
0.0696
0.06309999999999999
0.0765
0.08360000000000001
0.0885
0.0864
0.1379
0.2291
0.25980000000000003
0.2921
0.2801
0.15350000000000003
0.1169
0.126
0.1144
0.10980000000000001
0.10239999999999999
0.1036
0.1042
0.11460000000000001
0.13040000000000002
0.37179999999999996
0.5434
0.7829999999999999
0.45640000000000003
0.1691
0.17959999999999998
0.1849
0.1573
0.3448
0.1796
0.12340000000000001
0.1255
0.1167
0.13169999999999998
0.1205
0.10969999999999999
0.913
0.406
0.3319
0.4137
0.3903
0.8452
2.8199
1.2593
0.48419999999999996
0.2922
0.2082
0.1724
0.12819999999999998
0.1099
0.13419999999999999
0.172
0.3149
1.4928
3.4708
0.5137
0.438
0.3771
0.7293000000000001
2.6390000000000002
0.0687
0.0576
0.0539
0.0484
0.0446
0.0574
0.0683
0.6093
0.418
0.3393
0.1739
0.12639999999999998
0.1292
0.1143
0.0942
0.1078
0.5888
0.5680000000000001
0.3083
0.23659999999999998
0.2218
0.2248
0.184
0.0964
0.2781
0.2679
0.27759999999999996
0.3009
0.3618
0.4073
0.4803
0.5388
0.7148
0.7409
0.5005
0.40290000000000004
0.9435
0.8653
0.9020999999999999
0.8344
0.6878
0.5937
0.5153
0.5321
0.4356
0.3597
0.3006
0.2702
0.0893
0.0848
0.0832
0.08499999999999999
0.0862
0.0936
0.10819999999999999
0.1215
0.148
0.1832
0.1243
0.1157
0.17830000000000001
0.1477
0.1517
0.1721
0.1693
0.1447
0.1387
0.1336
0.1086
0.104
0.09720000000000001
0.08779999999999999
0.1335
0.1111
0.109
0.1033
0.0996
0.1038
0.1321
0.20350000000000001
0.3053
0.49670000000000003
0.5893999999999999
0.4535
1.5564
0.6656
0.5048
1.6724
1.5296
1.4005
2.2526
1.5462
0.877
0.9325
0.6195999999999999
0.30000000000000004
0.26280000000000003
0.22949999999999998
0.20729999999999998
0.19519999999999998
0.16849999999999998
0.1782
0.2066
0.19790000000000002
1.2513999999999998
0.6077
0.25129999999999997
0.1262
0.1279
0.1285
0.127
0.13
0.1831
0.41359999999999997
0.2521
0.3469
0.3297
0.3321
0.30710000000000004
0.242
0.2234
0.1963
0.19569999999999999
0.19319999999999998
0.1857
0.2011
0.2316
0.2862
0.432
0.4305
0.4105
0.8176
0.8351999999999999
0.6018
0.6264
0.9026000000000001
0.8071
1.5043
0.35509999999999997
0.3617
0.41569999999999996
0.4242
0.3514
0.26570000000000005
0.0511
0.048799999999999996
0.0466
0.043899999999999995
0.045
0.0483
0.1053
0.2425
0.3891
0.4756
0.6122
0.7834
0.572
0.3937
0.4434
0.3858
0.3963
0.4958
0.3346
0.3236
0.3403
0.2625
0.1431
0.07719999999999999
0.06709999999999999
0.07289999999999999
0.1064
0.0989
0.06509999999999999
0.0579
0.0397
0.007
0.0
0.0
0.0005
0.0
0.0
0.17070000000000002
0.3308
2.3213
1.4229
0.9247000000000001
0.6779
1.1623999999999999
0.4538
0.3339
0.1911
0.1531
0.1029
0.0927
0.0849
0.0807
0.0795
0.07869999999999999
0.0824
0.094
0.1359
0.2081
0.1815
0.177
0.22820000000000001
0.1844
0.1738
0.138
0.1604
0.1592
0.1648
0.2054
0.17659999999999998
0.1752
0.1621
0.1317
0.2711
0.2249
0.21610000000000001
0.2057
0.19779999999999998
0.22410000000000002
0.43999999999999995
0.5691
0.1846
0.1594
0.1224
0.1109
0.1046
0.10350000000000001
0.113
0.1892
0.7811
0.5486
0.5081
0.31279999999999997
0.2574
0.2494
0.3357
0.5887
0.1581
0.135
0.1134
0.0977
0.09090000000000001
0.0903
0.0892
0.0775
0.2107
0.37129999999999996
0.1724
0.050699999999999995
0.0406
0.0682
0.0941
0.0842
0.10439999999999999
0.34750000000000003
0.1217
0.1565
0.1683
0.2107
0.167
0.11779999999999999
0.0
0.0
0.0
0.0
0.0
0.0
0.0014
0.05
0.0313
0.0
0.0
0.0595
0.48850000000000005
0.0148
0.0297
0.0869
0.8956000000000001
0.7217
0.0868
0.1739
0.0684
0.0
0.0
0.0
0.2047
0.2283
0.2249
0.219
0.2152
0.21989999999999998
0.2262
0.2476
0.4741
0.21599999999999997
0.2436
0.39490000000000003
0.1775
0.1537
0.1433
0.1595
0.2781
0.8557
0.3361
0.2952
0.3273
0.1971
0.1351
0.1357
0.7453000000000001
0.36119999999999997
0.3242
0.3137
0.3822
0.2761
0.2241
0.2003
0.1815
0.1971
0.4363
0.264
0.2897
0.6739
0.247
0.29100000000000004
0.38380000000000003
0.509
0.356
0.3488
0.36050000000000004
0.5569999999999999
0.47919999999999996
0.4265
0.17930000000000001
0.1593
0.1492
0.15039999999999998
0.15639999999999998
0.1538
0.1478
0.1382
0.1263
0.1293
0.1191
0.1367
0.272
0.2823
0.1987
0.385
0.31210000000000004
0.29059999999999997
0.3103
0.2732
0.2964
0.2734
0.2467
0.2124
0.024399999999999998
0.0374
0.05890000000000001
0.0492
0.0542
0.11510000000000001
0.587
0.9302
0.5517000000000001
1.3427
1.0416
1.2727
0.288
0.1188
0.1002
0.1017
1.7896
2.4879
0.2324
0.0543
0.04870000000000001
0.0142
0.0252
0.0322
0.1407
0.1259
0.1199
0.1173
0.1283
0.4921
0.2944
0.1982
0.1902
0.2691
0.3463
0.1703
0.2096
0.1518
0.12140000000000001
0.10139999999999999
0.0921
0.6718999999999999
0.8874
0.3651
0.255
0.20090000000000002
0.16449999999999998
0.136
0.2182
0.1989
0.19519999999999998
0.1908
0.19230000000000003
0.20729999999999998
0.2427
0.3123
0.4929
0.8316
0.5273
1.7635999999999998
0.6936
0.4122
0.3526
0.3087
0.8386
0.428
0.2845
0.2818
0.3208
0.32130000000000003
0.2944
0.24369999999999997
