0.14140000000000003
0.1227
0.11860000000000001
0.1156
0.1061
0.118
0.1397
0.1597
0.174
0.2036
0.19619999999999999
0.191
0.19419999999999998
0.6
0.554
0.7153
0.7812
0.9855999999999999
0.8308
1.3348
0.7576
1.1639
0.8036
0.19419999999999998
0.6891
0.4607
0.3328
0.2344
0.1721
0.1563
0.1419
0.1678
0.18630000000000002
0.15789999999999998
0.10769999999999999
0.1629
0.2167
0.2512
1.1068
0.792
0.5874999999999999
0.5464
1.5708000000000002
0.2949
0.3068
0.31479999999999997
0.4081
0.47650000000000003
0.1461
0.15389999999999998
0.1547
0.15789999999999998
0.16610000000000003
0.19619999999999999
0.2581
0.30210000000000004
0.34209999999999996
0.2844
0.3493
0.7122999999999999
0.392
0.3211
0.2973
0.28059999999999996
0.25880000000000003
0.22999999999999998
0.21
0.2135
0.1814
0.1394
0.1133
0.11199999999999999
0.0774
0.0748
0.06670000000000001
0.06670000000000001
0.0675
0.1486
0.4772
0.22949999999999998
0.1759
0.1963
0.1583
0.1285
0.12229999999999999
0.1419
0.1423
0.1436
1.0243
0.27690000000000003
0.15009999999999998
0.5991
0.2931
0.31579999999999997
0.2069
0.0979
0.0971
0.0651
0.046
0.0498
0.034
0.0175
0.0082
0.0
0.0
0.0026
0.0048
0.0088
0.0299
0.1857
0.0683
0.10969999999999999
0.19419999999999998
1.4468
0.1614
0.8782
0.4629
0.1385
0.13040000000000002
0.13090000000000002
0.0838
0.0684
0.0626
0.06559999999999999
0.0644
0.0646
0.06739999999999999
0.044899999999999995
0.0338
0.047
0.0579
0.0653
0.067
0.0755
0.0616
0.0869
0.11430000000000001
0.3174
0.6156
0.125
0.2166
0.49350000000000005
0.2462
0.1535
0.0091
0.0
0.0
0.0
0.0
0.103
0.2983
0.0
0.0
0.22
0.2701
0.0872
0.0053
0.008
0.10669999999999999
0.283
0.0
0.0
0.0
0.0
0.0
0.0
0.0
0.2072
0.0702
0.05
0.0727
0.0594
0.0424
1.2133
1.5941
0.1801
0.1904
0.20550000000000002
0.2157
0.2033
0.2339
0.2155
0.1986
0.4591
1.5173
0.3424
0.7222000000000001
1.0966
0.6113
0.2716
0.1022
0.0901
0.174
0.1513
0.1365
0.13679999999999998
0.1313
0.14040000000000002
0.1623
0.20950000000000002
0.2996
0.30720000000000003
0.3065
0.6724
0.44710000000000005
0.3237
0.2995
0.3167
0.4675
1.5505
0.4084
0.431
0.5544
0.5774
0.5468
0.3123
0.1333
0.1086
0.09620000000000001
0.0923
0.0907
0.0904
0.0874
0.1345
0.25
0.1565
0.13069999999999998
0.13190000000000002
0.09190000000000001
0.09309999999999999
0.09190000000000001
0.1226
0.1752
0.888
0.742
0.376
0.6074999999999999
0.4964
0.3346
0.22449999999999998
0.4868
0.5011
0.42469999999999997
0.3538
0.3235
0.2858
0.2573
0.2597
0.3377
0.7378
0.6505
0.1356
0.1311
0.16699999999999998
0.3932
0.5379
0.5655
1.3439999999999999
0.2798
0.261
0.3115
0.43999999999999995
0.3922
0.431
0.4087
0.3298
0.351
0.30369999999999997
0.3086
0.25339999999999996
0.1765
0.11649999999999999
0.0901
0.0963
0.1216
0.14300000000000002
0.1898
0.2276
0.5793
1.8664
0.7964
2.6158
1.7822
1.2868
0.5573
0.3516
0.32
0.3778
0.11
0.0673
0.056
0.0574
0.049600000000000005
0.0502
0.0553
0.0713
0.07930000000000001
0.1169
0.1691
0.2894
0.2762
0.36850000000000005
0.2319
0.20400000000000001
0.5057
1.3549
1.4044
0.6446000000000001
1.0041
0.8926000000000001
0.8537999999999999
0.45009999999999994
0.0439
0.0217
0.0184
0.029500000000000002
0.014
0.036199999999999996
0.022
0.0244
0.047200000000000006
0.11069999999999999
0.18359999999999999
0.2105
0.0642
0.0951
0.8255
1.4470999999999998
3.034
0.7315
0.6668000000000001
2.1753
1.943
0.5636
0.11710000000000001
0.0562
0.0
0.0
0.0
0.0
0.0
0.0
0.0
0.0376
0.1055
0.0339
0.0008
0.0
0.0065
0.0
0.0
0.0143
0.2155
0.5192
1.6435
1.0518999999999998
0.7810999999999999
0.4718
0.245
0.0
0.0053
0.0005
0.0
0.0011
0.002
0.0054
0.0139
0.019
0.017300000000000003
0.0205
0.0253
0.0988
0.1151
0.0691
0.0479
0.043899999999999995
0.045200000000000004
0.0497
0.0286
0.0233
0.039400000000000004
0.018
0.0085
0.0021000000000000003
0.0
0.0
0.0
0.0
0.0
0.0
0.0
0.0
0.0
0.0
0.025
2.7244
1.2268999999999999
0.0628
0.0
0.0
2.041
1.1013
0.1699
0.8087
0.29460000000000003
0.0061
0.0
0.0
0.0712
0.061
0.051500000000000004
0.0577
0.063
0.0812
0.15460000000000002
0.1558
0.1063
0.3011
0.1412
0.0824
0.1157
0.1113
0.11019999999999999
0.1473
0.306
1.3469
0.6539
0.3416
0.2383
0.2808
0.28990000000000005
0.12390000000000001
0.0
0.0169
0.0049
0.0052
0.0144
0.0
0.0822
0.038700000000000005
0.9782
1.0556
0.1093
0.9283
0.0
0.0
0.0
0.0
0.0412
0.0
0.0
0.9899
0.1079
0.035500000000000004
0.015099999999999999
0.0161
0.1407
0.1254
0.11510000000000001
0.1154
0.11410000000000001
0.13940000000000002
0.2593
0.354
0.2761
0.2851
0.3166
0.3099
0.6244999999999999
0.3155
0.3086
0.39180000000000004
1.4022999999999999
1.2948
0.7968999999999999
0.7579
0.5195000000000001
0.476
0.35929999999999995
0.2192
0.11699999999999999
0.10350000000000001
0.1094
0.1021
0.09759999999999999
0.1057
0.108
0.128
0.14650000000000002
0.4187
0.3482
1.3633000000000002
0.6155999999999999
0.8966000000000001
0.2751
0.5470999999999999
0.8234
0.6915
0.2484
0.1875
0.197
0.1706
0.1749
0.151
0.22049999999999997
0.20350000000000001
0.2021
0.192
0.2015
0.3006
0.8723
0.4098
0.2212
0.216
0.18109999999999998
0.161
0.1633
0.1469
0.1331
0.1652
0.46420000000000006
0.3526
0.4847
0.2696
0.2803
0.3068
0.3159
0.2758
1.5605
1.4239000000000002
1.327
1.4712
1.6892999999999998
2.0238
2.1955
0.8394999999999999
0.324
0.2328
0.19190000000000002
0.1362
0.2075
0.906
2.7404
1.7504
1.4969000000000001
1.1868
0.7693000000000001
0.7028000000000001
0.6984
1.7593
2.9116999999999997
3.3186
0.5572
0.31179999999999997
0.2761
0.27049999999999996
0.2671
0.25939999999999996
0.2323
0.237
0.2121
0.23
0.2006
0.201
0.1815
0.1634
0.1597
0.15389999999999998
0.1321
1.7915
1.3685
0.5653
1.5190000000000001
0.8234
0.6772
0.45410000000000006
0.0978
0.0896
0.0806
0.0777
0.0789
0.0853
0.0969
0.1222
0.16799999999999998
0.247
0.3292
0.4234
0.3427
0.2439
0.2021
0.18830000000000002
0.2853
0.4207
0.21660000000000001
0.2652
0.3538
0.3603
0.24380000000000002
0.1401
0.29790000000000005
0.2576
0.2354
0.2552
0.258
0.2827
0.32020000000000004
0.37429999999999997
0.4021
0.38539999999999996
0.6609
0.9588
1.3877000000000002
0.8199000000000001
0.4178
0.4377
1.2153
3.7083000000000004
0.8755
0.6532
1.5461
0.5626
0.36329999999999996
0.29610000000000003
0.0
0.0
0.0
0.0
0.0004
0.2071
0.7728999999999999
0.0379
0.0248
0.0077
0.0
0.0353
0.11929999999999999
0.1169
0.1512
0.1002
0.1382
0.4243
0.0418
0.5689
0.0
0.0
0.0
0.0
0.0
0.0
0.0
0.0
0.0012
0.0035
0.0
0.0417
0.0923
0.6291
1.3793
0.3458
0.7590999999999999
0.108
0.0631
1.021
1.7009
0.2491
0.5631999999999999
0.9743999999999999
0.1804
0.0
0.0
0.0
0.1143
0.2016
0.093
0.0777
0.0679
0.0678
0.0895
0.2984
0.1935
0.3861
0.3909
0.07300000000000001
0.0571
0.0305
0.0004
0.0002
0.010499999999999999
0.0338
0.4465
0.4567
0.31320000000000003
0.1865
0.13169999999999998
0.09709999999999999
0.22210000000000002
0.057999999999999996
0.0557
0.049100000000000005
0.041999999999999996
0.0402
0.07869999999999999
0.2489
0.25029999999999997
0.134
0.046599999999999996
0.2107
0.12159999999999999
0.008
0.0
0.0
0.0095
0.0734
0.0
0.1465
0.3157
0.1976
0.16
0.0964
0.1904
0.1782
0.16970000000000002
0.1702
0.161
0.1766
0.1859
0.679
0.5145
0.1895
0.1676
0.17859999999999998
0.2115
0.22089999999999999
0.2163
0.3154
0.4239
0.4226
0.6883999999999999
0.5574
0.39480000000000004
0.3362
0.28669999999999995
0.2323
0.16310000000000002
0.15089999999999998
0.1417
0.1402
0.1362
0.1431
0.1765
0.3045
0.3106
0.2389
0.42579999999999996
0.2797
0.2616
0.2537
0.26
0.3628
1.0112999999999999
0.2677
0.22399999999999998
0.291
0.39380000000000004
0.4236
0.35140000000000005
0.2213
0.0
0.0
0.0
0.0
0.0
0.0003
0.027299999999999998
0.0633
0.0945
0.2857
0.6116
0.8755999999999999
0.2555
0.14679999999999999
0.1691
0.5907
0.5107
0.1056
0.0035
0.0
0.0
0.0
0.0
0.0
0.8667
0.4847
0.24330000000000002
0.2343
0.2135
0.2027
0.1739
2.1524
0.6806
0.2728
0.28590000000000004
0.3458
0.48019999999999996
0.2265
0.15660000000000002
0.178
0.1955
0.2017
0.4948
0.4013
0.4586
0.43069999999999997
0.37629999999999997
0.36350000000000005
0.1105
0.0872
0.0892
0.0889
0.0819
0.0744
0.0726
0.1205
0.3812
1.8476
0.4104
0.4256
1.1938
0.6862
0.3965
0.3462
0.4038
0.3336
0.2737
0.35710000000000003
1.7106999999999999
1.2546
0.39440000000000003
0.17070000000000002
0.1156
0.1031
0.1007
0.0969
0.089
0.0911
0.10339999999999999
0.12040000000000001
0.5131
0.1845
0.1533
0.26890000000000003
0.3748
0.17659999999999998
0.2106
0.8239000000000001
0.6225
1.1086
0.41100000000000003
0.3629
0.33109999999999995
0.2892
0.2192
0.155
0.1711
0.1488
0.1359
0.12890000000000001
0.1199
0.1242
0.1303
0.14600000000000002
0.1501
0.1991
0.20350000000000001
0.46120000000000005
0.26480000000000004
0.5771999999999999
0.3629
0.5307
0.4568
0.39659999999999995
0.2716
0.21089999999999998
0.21610000000000001
0.22039999999999998
0.23349999999999999
0.2146
0.1856
0.073
0.0821
0.0722
0.0627
0.057300000000000004
0.0429
0.0455
0.0499
0.0471
0.028
0.032
0.20629999999999998
0.1728
0.0399
0.0342
0.0412
0.1726
0.8426
1.5438999999999998
0.5307999999999999
0.4487
0.6089
0.4442
0.1323
0.1185
0.1071
0.1015
0.0982
0.1053
0.2295
0.3138
0.1263
0.0963
0.1109
0.095
0.1078
0.1101
0.1215
0.1077
0.10289999999999999
0.1689
0.1005
0.1874
0.19140000000000001
0.1651
0.13290000000000002
0.1099
0.0615
0.0485
0.0411
0.0401
0.0429
0.0203
0.4982
0.8164
0.154
0.1934
0.526
0.1381
0.12129999999999999
0.09659999999999999
0.0683
0.0448
0.0906
0.9748
1.2642
0.2994
0.221
0.16620000000000001
0.101
0.07400000000000001
0.3449
0.2744
0.2523
0.2024
0.1665
0.16770000000000002
0.1789
0.1671
0.2537
0.16999999999999998
0.15100000000000002
0.4117
0.2713
0.1995
0.4241
0.4841
0.9244
0.23470000000000002
0.1982
0.2434
0.24760000000000001
0.19230000000000003
0.1636
0.16160000000000002
0.2313
0.20329999999999998
0.1852
0.1544
0.1632
0.1795
0.2417
0.1184
2.3906
0.5814
0.5533
0.49250000000000005
0.3204
0.3121
0.2661
0.2842
1.0589
0.7089000000000001
0.5232
0.4687
0.5767
0.8839
1.0798
0.5802
0.43720000000000003
0.31420000000000003
0.2922
0.2668
0.24080000000000001
0.23959999999999998
0.2336
0.2384
0.261
0.3003
0.4462
1.6531
0.6806
1.8246
1.6015
0.7769
0.5835
0.5582
1.2006000000000001
1.3269
1.3255
0.9885999999999999
0.9493
0.8967
0.2652
0.1835
0.1278
0.1226
0.1283
0.3168
0.3949
0.2524
0.2178
0.2476
0.6625
0.1753
0.3205
0.12430000000000001
0.1051
0.0944
0.1256
0.7482000000000001
1.1661000000000001
0.7358
0.4334
0.3504
0.2362
0.1471
0.0633
0.044700000000000004
0.0461
0.0421
0.039
0.039900000000000005
0.0421
0.0632
0.0736
0.11059999999999999
0.33089999999999997
0.4844
0.4614
0.2277
0.2183
0.9306
1.7610000000000001
2.0736999999999997
1.12
0.281
0.2514
0.1862
0.1227
0.08710000000000001
0.1565
0.13690000000000002
0.1341
0.1315
0.1232
0.11699999999999999
0.1154
0.16110000000000002
0.1205
0.11630000000000001
0.0773
0.10189999999999999
0.2035
0.0862
0.0739
0.11599999999999999
0.2139
0.1064
0.2323
0.3987
0.18059999999999998
0.1582
0.1829
0.197
0.08760000000000001
0.0816
0.079
0.0804
0.0864
0.09820000000000001
0.10289999999999999
0.1001
0.1142
0.2452
0.1752
0.10850000000000001
0.11510000000000001
0.1343
0.12510000000000002
0.1716
0.176
0.1087
0.0969
0.1042
0.10930000000000001
0.1186
0.1071
0.091
0.1106
0.10500000000000001
0.1075
0.1116
0.1163
0.121
0.1764
0.21649999999999997
0.14150000000000001
0.2924
0.0658
0.0375
0.0397
0.0345
0.0478
0.5247
0.3163
0.33830000000000005
0.3312
0.23199999999999998
0.1318
0.1604
0.21500000000000002
0.1656
0.0807
0.0659
0.0701
0.0781
0.0625
0.0635
0.7248
0.2856
0.0109
0.008
0.0032
0.0158
0.0152
0.0166
0.0281
0.42410000000000003
0.7764
0.5463
0.29
0.2349
0.4145
0.5959
0.2374
0.1208
0.0509
0.0478
0.0453
0.0437
0.0496
0.0576
0.1064
0.18409999999999999
0.2506
0.29500000000000004
0.6829
0.5248999999999999
1.0744
0.2261
0.19419999999999998
0.1765
0.5927
0.4036
0.2522
0.3371
0.3683
0.23759999999999998
0.1157
0.0616
0.1153
0.1115
0.1049
0.1023
0.10719999999999999
0.1331
0.2081
0.19990000000000002
0.174
0.1655
0.1353
0.1273
0.1676
0.15410000000000001
0.133
0.1444
0.6134999999999999
0.4366
0.4435
0.4468
0.33030000000000004
0.2692
0.1921
0.1346
0.1537
0.0721
0.0744
0.0517
0.052199999999999996
0.0437
0.051500000000000004
0.058399999999999994
0.0761
0.0611
0.07289999999999999
0.1612
0.6887
1.1425
0.3831
1.5013999999999998
3.1748000000000003
1.4047
1.8463
2.1449
0.7223999999999999
0.5508
0.5828
0.4663
0.1867
0.1258
0.10869999999999999
0.1126
0.10350000000000001
0.1032
0.112
0.1298
0.16149999999999998
0.18780000000000002
0.22660000000000002
0.43899999999999995
0.3881
1.4451999999999998
0.511
0.2966
0.3215
0.5453
0.5668
0.8945000000000001
0.5809
0.515
0.5231
0.3601
0.15789999999999998
0.1535
0.1605
0.1752
0.18630000000000002
0.1989
0.2129
0.1884
0.1633
0.1481
0.1409
0.1486
0.15560000000000002
0.1452
0.1689
0.5759000000000001
0.3382
1.1683999999999999
0.9756
0.4745
0.19640000000000002
0.1592
0.151
0.14129999999999998
0.0758
0.0703
0.0601
0.0619
0.0611
0.0606
0.0741
0.14950000000000002
0.3469
0.2694
0.24109999999999998
0.09709999999999999
0.0807
0.0659
0.0471
0.0513
0.0712
0.2581
0.3873
0.6169
0.4875
0.5322
0.3065
0.1243
0.042499999999999996
0.0244
0.0229
0.0213
0.025500000000000002
0.0283
0.0358
0.0527
0.0495
0.0083
0.5583
0.6860999999999999
0.8725
0.9527
0.162
0.1374
0.16499999999999998
0.3268
0.6700999999999999
0.6709
0.2551
0.2422
0.1653
0.0842
0.2771
0.2208
0.3084
0.2571
0.23049999999999998
0.1998
0.2039
0.16110000000000002
0.1739
0.1324
0.0551
0.052500000000000005
0.0518
0.0795
0.2939
0.5779000000000001
0.3298
2.3512999999999997
1.0776999999999999
1.0049
1.3321
0.5647
0.2711
0.2026
0.018099999999999998
0.0104
0.006
0.0048000000000000004
0.0045000000000000005
0.0033
0.002
0.026199999999999998
0.0579
0.174
0.0781
0.0523
0.016300000000000002
0.0172
0.0199
0.038099999999999995
0.0127
0.0149
0.0292
0.0164
0.0156
0.0505
0.07050000000000001
0.0435
0.2148
0.1905
0.1802
0.1797
0.17809999999999998
0.1871
0.2445
0.3066
0.37829999999999997
0.4336
0.6865
0.6494
1.2137
0.5685
1.0909
0.7958000000000001
0.8138000000000001
0.7191000000000001
1.2569
0.7896000000000001
0.6792
0.6094999999999999
0.4468
0.30169999999999997
0.047
0.0312
0.0292
0.0268
0.0218
0.0171
0.0162
0.0329
0.0755
0.1031
0.07730000000000001
0.1456
0.13999999999999999
0.0863
0.1098
0.056999999999999995
0.67
0.2081
0.18230000000000002
0.2816
0.25
0.2244
0.2023
0.10339999999999999
0.0946
0.0919
0.096
0.0974
0.1018
0.1309
0.2152
0.3523
0.7746
0.1216
0.2736
0.4431
0.6376
0.1602
0.1027
0.09079999999999999
0.49100000000000005
0.081
0.0802
0.0716
0.0658
0.0572
0.07369999999999999
0.0689
0.15960000000000002
0.31710000000000005
0.4643
0.3336
0.27680000000000005
0.2422
0.3802
1.5865
0.2871
0.034300000000000004
0.0
0.0
0.0
0.0
0.0
0.0
0.0
0.0168
0.5153
0.4328
0.2713
0.3479
0.2514
0.1787
0.1067
0.09620000000000001
0.0891
0.0889
0.0928
0.0966
0.1197
0.124
0.1195
0.1205
0.12040000000000001
0.15250000000000002
0.4264
0.2385
0.1908
0.20679999999999998
0.3408
0.4928
0.7332
0.5646
0.39580000000000004
0.2177
0.1433
0.1183
0.0061
0.0015
0.0049
0.0143
0.0063999999999999994
0.0054
0.0
0.0341
0.0735
0.3987
0.17670000000000002
0.023100000000000002
0.0542
0.0274
0.0225
0.048299999999999996
1.3934
1.6501000000000001
0.443
0.4599
0.3435
0.3386
0.0935
0.0
0.0
0.0
0.0106
0.0315
0.028499999999999998
0.046
0.07089999999999999
0.12
0.1973
1.0296
2.0951
3.2
0.5834999999999999
0.1595
0.18059999999999998
0.1996
0.5075999999999999
0.3467
0.3236
0.5940000000000001
0.736
0.6401
0.3139
0.0385
0.1709
0.1427
0.124
0.1495
0.13090000000000002
0.157
0.1627
0.24169999999999997
0.4076
0.5462
0.385
1.135
1.2305
2.1637000000000004
0.2566
0.1906
0.246
1.0267
0.5763
0.6541
0.7597
0.9279
1.2126000000000001
0.45630000000000004
0.0433
0.0293
0.0286
0.023899999999999998
0.024
0.0297
0.0385
0.0688
0.08310000000000001
0.1373
0.1509
0.0879
0.4913
0.5654
0.101
0.10339999999999999
0.9053
1.5627
0.1729
0.1427
0.14679999999999999
0.4606
0.42310000000000003
0.09330000000000001
0.11199999999999999
0.1079
0.1011
0.1057
0.11180000000000001
0.1179
0.15589999999999998
0.1767
0.255
0.23859999999999998
0.1283
0.1064
0.0985
0.1119
0.1157
0.1326
0.16670000000000001
0.8092
0.5771999999999999
0.8743
0.49260000000000004
0.48119999999999996
0.1936
0.1149
0.1489
0.1313
0.1217
0.1252
0.12260000000000001
0.135
0.1535
0.19269999999999998
0.2517
0.262
0.1904
0.29969999999999997
0.6039
0.23929999999999998
0.21000000000000002
0.20179999999999998
0.28659999999999997
0.9929
0.19979999999999998
0.1891
0.2471
0.3012
0.4118
0.2682
0.1985
0.1696
0.1577
0.1577
0.15439999999999998
0.16899999999999998
0.17809999999999998
0.20800000000000002
0.20750000000000002
0.1825
0.155
0.1581
0.6551
0.3718
0.2619
0.3241
0.5348999999999999
0.5235
0.5553
0.48009999999999997
0.39949999999999997
0.41659999999999997
0.6476999999999999
0.3852
0.2893
0.2471
0.23249999999999998
0.23349999999999999
0.221
0.2379
0.2542
0.32230000000000003
1.0334
0.2856
0.2587
0.3422
0.7123999999999999
0.5058
0.423
0.268
0.3805
0.6381
0.2706
0.7163999999999999
0.8009
0.6172
0.5784
0.3778
0.1158
0.1167
0.11349999999999999
0.116
0.12940000000000002
0.18080000000000002
0.3235
0.33499999999999996
0.4721
1.0157
0.22920000000000001
0.16549999999999998
0.1764
0.1802
0.1648
0.1714
0.8598
0.7015
0.2913
0.406
0.2516
0.16260000000000002
0.11549999999999999
0.10719999999999999
0.033100000000000004
0.0304
0.026799999999999997
0.030600000000000002
0.030100000000000002
0.014
0.0
0.0
0.0
0.0285
0.0
0.0
0.0
0.0
0.0
0.25239999999999996
0.0216
0.0
1.0252
0.5837
0.9623
0.5065999999999999
0.2353
0.13290000000000002
0.13440000000000002
0.1224
0.1163
0.111
0.1162
0.12769999999999998
0.15760000000000002
0.1778
0.1986
0.2796
0.2223
0.1693
0.6092
0.2639
0.24000000000000002
0.5995999999999999
0.2988
0.26449999999999996
0.7791
0.39779999999999993
0.26839999999999997
0.2868
0.25980000000000003
0.18780000000000002
0.6935
0.25129999999999997
0.2954
0.27969999999999995
0.2565
0.2324
0.2101
1.2347
0.6275000000000001
0.332
0.6432
0.6656
0.252
0.2754
0.2996
0.3873
0.2835
0.2882
0.29059999999999997
0.5173
2.0524
0.4949
0.52
0.7052
0.06939999999999999
0.05979999999999999
0.0703
0.0615
0.059399999999999994
0.0667
0.091
0.1487
0.2793
0.32689999999999997
0.5247
0.6468
0.4532
0.3869
2.0198
1.1174
0.7415
0.44799999999999995
0.3967
0.979
0.6354
0.24430000000000002
0.1385
0.1028
0.323
0.3052
0.2885
0.2893
0.27549999999999997
0.28890000000000005
0.3246
0.4451
0.37270000000000003
0.7658999999999999
0.32189999999999996
0.23859999999999998
0.2336
0.24009999999999998
0.4285
0.5285
0.7623
0.992
0.6255
0.48760000000000003
0.3792
0.36929999999999996
0.48450000000000004
0.37
0.1432
0.1497
0.1532
0.15539999999999998
0.1661
0.2201
0.5219
0.5669
0.4091
0.8311
0.8661
0.4969
0.3227
0.2819
0.2553
0.6198
0.69
0.2844
0.29869999999999997
0.2609
0.1901
0.1401
0.1185
0.1226
0.07089999999999999
0.0665
0.06559999999999999
0.06639999999999999
0.0691
0.0784
0.10880000000000001
0.1416
0.17909999999999998
0.2042
0.2012
0.20350000000000001
0.256
0.34040000000000004
0.6747
0.2781
0.185
0.1669
0.5444
0.3764
0.1582
0.094
0.0596
0.0627
0.2657
0.2616
0.2381
0.25
0.2278
0.2306
0.2407
0.3661
0.9067000000000001
1.3009
0.273
0.0444
0.0548
0.0638
0.0552
0.0742
0.724
0.1484
0.1502
0.3732
0.4263
0.4171
0.7798
0.3869
0.28900000000000003
0.223
0.2056
0.1994
0.20279999999999998
0.22949999999999998
0.2743
0.3476
0.44510000000000005
0.32130000000000003
0.3598
0.5032
0.39070000000000005
0.6869000000000001
1.8224
0.507
0.32599999999999996
0.5781
0.2082
0.16820000000000002
0.2223
0.3198
0.30720000000000003
0.4479
0.7588999999999999
0.5223
0.4867
0.5328999999999999
0.5381
0.5339
0.4831
0.3618
0.33340000000000003
0.2867
0.2518
0.2857
0.3003
0.2863
0.374
0.5619000000000001
1.3883
0.9157
1.225
0.7865
0.5048
0.5254
0.8972
0.7098
0.0
0.0
0.08020000000000001
0.1393
0.2592
0.1525
0.0
0.0
0.0
0.0
0.0
0.0
0.0
0.0
0.0
0.0
0.0
0.109
1.2377
0.1741
0.0317
0.0955
0.0
0.0
0.13329999999999997
0.0924
0.0775
0.0739
0.0698
0.0621
0.0652
0.0701
0.0754
0.094
0.10139999999999999
0.1057
0.098
0.3138
0.2985
0.1654
0.21700000000000003
0.521
0.9465
0.962
0.5366
0.3386
0.27180000000000004
0.21889999999999998
0.0949
0.0953
0.1082
0.1094
0.1913
0.3594
0.2087
0.2633
0.2745
0.259
0.3421
0.14450000000000002
0.1459
0.3376
0.5760000000000001
0.2712
0.2086
0.2002
0.236
0.242
0.2348
0.1503
0.0719
0.0817
0.18
0.15760000000000002
0.1407
0.1358
0.1313
0.1368
0.1501
0.214
0.3383
0.5371
0.4203
0.23049999999999998
0.2903
0.2659
0.5483
0.3015
0.2627
0.5045999999999999
0.2999
0.3821
0.3229
0.3614
0.4172
0.25070000000000003
0.1335
0.131
0.12090000000000001
0.1198
0.1161
0.1227
0.1451
0.2247
0.3052
0.5319
0.3553
0.7789999999999999
0.2372
0.1583
0.1484
0.16110000000000002
0.1238
0.1316
0.11069999999999999
0.4536
0.4548
0.26890000000000003
0.19469999999999998
0.1436
0.154
0.1172
0.11829999999999999
0.1137
0.13269999999999998
1.0270000000000001
1.326
0.4196
0.2924
0.2364
0.24669999999999997
0.258
0.2911
0.35919999999999996
0.4899
0.8372999999999999
0.4528
1.6253
1.3171
1.2806
0.8809
0.5574
0.2955
0.1825
0.1743
0.1749
0.18380000000000002
0.2015
0.29090000000000005
0.28300000000000003
0.18
0.1195
0.0576
0.6886000000000001
0.0073
0.016399999999999998
0.032799999999999996
0.0305
0.0208
0.2389
0.349
0.13879999999999998
0.1953
0.0914
0.12689999999999999
0.2678
0.6175
0.3053
0.0
0.0
0.0
0.0
0.0
0.0
0.0
0.0
1.0302
1.8471
1.9306
0.0805
0.0561
0.0055
0.09699999999999999
0.0245
0.0
0.0
0.0
0.0
0.0
0.09659999999999999
0.16499999999999998
0.0356
0.1013
0.1864
0.3201
0.2096
0.14240000000000003
0.12340000000000001
0.2069
1.4209
0.0633
0.48679999999999995
0.1935
0.2091
0.328
0.1426
0.1629
0.11660000000000001
0.1141
0.1166
0.42610000000000003
0.9298
0.5958
0.3146
0.3389
0.6318999999999999
0.0406
0.0372
0.035
0.0361
0.035699999999999996
0.0441
0.08310000000000001
0.1248
0.0888
0.068
0.0842
0.0402
0.062299999999999994
0.064
0.07139999999999999
0.0714
0.0595
0.0368
0.0324
0.0994
0.0665
0.0586
0.0451
0.0332
0.10729999999999999
0.0163
0.0251
0.0455
0.0484
0.0292
1.4797
0.7974
0.0
0.0
0.0
0.0
0.0
0.0
0.0
0.0
0.0
0.1881
1.7336
0.4263
0.1563
0.2016
0.3107
0.23059999999999997
0.1917
0.2076
0.1885
0.2063
0.1832
0.19619999999999999
0.2399
0.3346
0.3993
0.3991
0.45509999999999995
0.5806
0.3791
1.2464
1.0938
0.4561
0.7391
2.294
0.8755
1.999
0.6605000000000001
0.27
0.263
0.2142
0.0066
0.0
0.0072
0.0004
0.0
0.0064
0.0055
0.0028
0.0213
0.0122
0.22549999999999998
0.1432
0.45899999999999996
0.593
1.0866
1.5934
1.3166
0.0181
0.0059
0.0063
0.0093
0.0338
1.0047
0.1788
0.217
0.2104
0.1997
0.19690000000000002
0.2087
0.2261
0.27990000000000004
0.322
0.41590000000000005
0.8116000000000001
0.5259
0.4229
0.4375
0.3409
0.2591
0.258
0.2852
0.6935
0.6925000000000001
0.5435
0.6772
0.6080000000000001
0.40700000000000003
0.2582
0.1121
0.11549999999999999
0.0861
0.08410000000000001
0.0785
0.0829
0.1379
0.3724
0.2076
0.1741
0.43090000000000006
0.1754
0.17559999999999998
0.14100000000000001
0.1085
0.1015
0.1032
0.2657
1.1124
0.7171000000000001
0.3617
0.4233
0.39159999999999995
0.1846
0.1276
0.0934
0.0886
0.08149999999999999
0.0733
0.0736
0.07050000000000001
0.0668
0.069
0.0895
0.2696
0.3434
0.14300000000000002
0.4738
0.24380000000000002
0.4324
0.3704
0.2448
0.35350000000000004
0.2985
0.3789
0.4417
0.2455
0.1933
0.15510000000000002
0.151
0.151
0.15189999999999998
0.14650000000000002
0.16749999999999998
0.2264
0.21710000000000002
0.1651
0.1474
0.1266
0.10450000000000001
0.1014
0.1091
0.1412
0.24509999999999998
1.3361
1.0855000000000001
0.5912999999999999
0.5683
0.5567
0.21189999999999998
0.1286
0.1198
0.26280000000000003
0.2266
0.2092
0.2192
0.2414
0.2473
0.2566
0.3005
0.3232
0.2502
0.1461
0.1551
0.7915
0.8626
0.2569
0.2394
0.2978
1.3507
0.43910000000000005
0.42210000000000003
0.7108
0.7548999999999999
0.5985
0.3442
0.0802
0.0675
0.0533
0.0523
0.0537
0.0606
0.0673
0.0964
0.125
0.1532
0.2409
1.4628
1.2464
0.3043
0.3338
0.3368
0.2949
0.3734
0.5702
0.4565
0.9
0.4195
0.2103
0.10819999999999999
0.3379
0.216
0.1805
0.13119999999999998
0.1143
0.1133
0.11679999999999999
0.1784
0.9233
0.28800000000000003
0.7001000000000001
0.9913
0.1533
0.2066
0.7137
0.2861
0.24230000000000002
0.1763
0.2136
0.1916
0.1881
0.2228
0.3559
0.6329
0.2291
0.2052
0.2008
0.2012
0.2135
0.2111
0.202
0.1801
0.16660000000000003
0.15489999999999998
0.1552
0.1594
0.359
0.3555
0.2872
1.1978
0.593
0.3861
1.1627
1.0356
0.5815
0.3781
0.2919
0.26480000000000004
0.1618
0.148
0.1356
0.13440000000000002
0.13269999999999998
0.1307
0.1703
0.2228
0.2752
0.3095
0.4909
0.3227
1.2468
0.4031
0.2432
0.2521
0.22949999999999998
0.24769999999999998
0.35
0.6151
0.5134
0.3962
0.2611
0.18109999999999998
0.0476
0.0422
0.0405
0.0379
0.0379
0.0373
0.0682
0.1461
0.5035000000000001
0.1563
0.1136
0.0879
0.0852
0.0895
0.08499999999999999
0.0923
0.42969999999999997
0.247
0.3761
0.8946999999999999
0.33840000000000003
0.3673
0.2248
0.0915
0.1768
0.1693
0.1609
0.1622
0.1654
0.18409999999999999
0.2064
0.1844
0.1676
0.1709
0.21839999999999998
0.1879
0.181
0.2064
0.2707
0.30710000000000004
0.35340000000000005
0.5129
0.317
0.29510000000000003
0.47929999999999995
0.379
0.20240000000000002
0.1758
0.0141
0.022600000000000002
0.0219
0.0346
0.025
0.0147
0.0108
0.0
0.0
0.0944
0.0079
0.0033
0.0
0.0
0.0
0.7593
0.2584
0.0
0.0
0.1893
0.017
0.0448
0.0983
0.0584
0.16999999999999998
0.1531
0.14400000000000002
0.1417
0.1372
0.14529999999999998
0.1653
0.2157
0.2529
0.5526
0.33430000000000004
0.4605
0.3579
0.28669999999999995
0.3862
0.3253
0.22039999999999998
0.24960000000000002
0.4466
0.2937
0.3176
0.3765
0.4075
0.2763
0.08560000000000001
0.0718
0.0731
0.061
0.0626
0.0659
0.0741
0.0999
1.1282999999999999
0.7597
0.7538
0.8012
0.47259999999999996
0.2551
0.1865
0.22560000000000002
0.3765
0.3487
0.7239
1.314
0.445
0.3207
0.2263
0.1461
0.0083
0.0
0.0052
0.0058
0.0
0.0
0.0
0.0009
0.0849
0.36660000000000004
0.48629999999999995
0.43679999999999997
1.0278
0.8544
0.7807
1.4984
2.3487
1.4433
0.6164
0.5381
0.29300000000000004
0.12869999999999998
0.041800000000000004
0.0043
0.248
0.246
0.2402
0.23659999999999998
0.2294
0.2369
0.25739999999999996
0.2882
0.3913
0.3097
0.3765
1.296
0.7397
0.45909999999999995
0.39139999999999997
0.2824
0.2545
1.1175
0.3719
0.2777
0.3225
0.3151
0.2834
0.2438
0.1101
0.10830000000000001
0.1043
0.10239999999999999
0.0974
0.126
0.136
0.4657
0.3591
0.14479999999999998
0.48240000000000005
0.1447
0.1439
0.1461
0.1506
0.2754
0.5366
0.2123
0.1847
0.45130000000000003
0.4351
0.3518
0.1121
0.10300000000000001
0.0412
0.0335
0.0295
0.0298
0.0297
0.0324
0.0408
0.1434
0.1207
0.0974
0.1079
0.0902
0.0513
0.0508
0.042300000000000004
0.0534
0.0834
0.0613
0.0591
0.0745
0.1137
0.1354
0.0886
0.0534
0.1936
0.1556
0.1878
0.1885
0.14250000000000002
0.1857
0.2012
0.2239
0.235
0.6648
0.1987
2.1053
0.7451
3.0285
0.3052
0.1003
0.09939999999999999
0.10869999999999999
0.053
0.2177
0.21500000000000002
0.1871
0.1595
0.1276
0.0
0.0
0.0
0.0
0.0
0.0
0.0
0.0
0.3225
0.3858
0.43
0.742
0.0
0.0
0.0
0.5486
0.2199
0.0029
0.0
0.0
0.0
0.0
0.0
0.0
0.184
0.1611
0.14679999999999999
0.13369999999999999
0.12340000000000001
0.11629999999999999
0.1084
0.1217
0.1499
0.14579999999999999
0.1528
0.1705
0.1306
0.14579999999999999
0.1889
0.1908
0.1814
0.173
0.1607
0.1686
0.1837
0.1961
0.2039
0.1918
0.060399999999999995
0.0526
0.0462
0.0429
0.0284
0.031
0.0532
0.0518
0.7499
0.2076
0.1664
0.10700000000000001
0.07680000000000001
0.0731
0.0785
0.1494
0.5978
0.3021
0.8936999999999999
0.2743
0.3512
0.5155
0.2646
0.1382
0.2777
0.2694
0.2587
0.2561
0.2505
0.2586
0.2892
0.3826
0.9893
0.9561999999999999
0.4768
0.26139999999999997
0.2801
0.3365
0.38049999999999995
0.43220000000000003
0.8779
0.5306
0.4292
0.4804
0.46599999999999997
0.44389999999999996
0.3796
0.30210000000000004
0.11019999999999999
0.13940000000000002
0.2041
0.14889999999999998
0.1172
0.1491
0.18930000000000002
0.45840000000000003
0.7072
0.4232
0.42310000000000003
0.1321
0.1527
0.16770000000000002
0.2507
0.1971
0.14250000000000002
0.1529
0.2164
0.2796
0.1656
0.1113
0.0774
0.0837
0.673
0.44499999999999995
0.3758
0.4092
0.39959999999999996
0.374
0.4685
0.8509
0.8038000000000001
0.24480000000000002
0.2757
0.0806
0.086
0.1494
0.4395
0.5746
0.6472
0.054599999999999996
0.0023
0.0999
0.0695
0.1294
0.39149999999999996
0.7363
0.0003
0.0
0.0
0.0
0.0
0.0
0.0089
0.0094
0.3027
0.0823
0.14789999999999998
0.0474
0.0258
0.056
0.24980000000000002
0.1169
0.2361
0.181
0.0842
0.1768
0.2363
0.203
0.0247
0.0
0.5738
0.4645
0.34009999999999996
0.3087
0.2905
0.281
0.28300000000000003
0.34309999999999996
0.39570000000000005
1.1547
1.2619
1.5251000000000001
0.9810000000000001
1.5226000000000002
0.8283
0.5710999999999999
0.4575
1.7605
0.44430000000000003
0.41100000000000003
0.4101
0.4021
0.426
0.42200000000000004
0.31920000000000004
0.22510000000000002
0.1881
0.1982
0.16799999999999998
0.1665
0.1871
0.2568
0.29390000000000005
0.1566
0.2676
0.6736
0.1758
0.12619999999999998
0.1192
0.3265
1.8995
0.3524
1.3449
0.3054
0.6554
0.36939999999999995
0.31899999999999995
0.4003
0.0661
0.0363
0.0218
0.0301
0.0097
0.0109
0.0473
0.3121
0.0027
0.0367
0.1774
0.0
0.0
0.0
0.0
0.0135
0.0
0.0
0.0
0.0
0.0
0.1135
0.7239
0.774
0.2444
0.2339
0.2449
0.2583
0.29100000000000004
0.38580000000000003
0.4792
0.4138
0.34540000000000004
0.2952
0.2904
0.3326
0.39749999999999996
0.3812
0.3864
0.8462999999999999
1.0977999999999999
1.4624000000000001
0.7371
1.2461
0.42469999999999997
0.3005
0.2427
0.2324
0.0064
0.028900000000000002
0.0319
0.0301
0.0187
0.027999999999999997
0.0653
0.0325
0.5982000000000001
0.3781
0.4773
0.5662
0.1685
0.0186
0.0723
0.0621
0.0268
0.0113
0.0366
0.4417
0.07150000000000001
0.015300000000000001
0.0104
0.0145
1.2529
0.18009999999999998
0.1074
0.11549999999999999
0.10969999999999999
0.1117
0.1528
0.4107
1.3513000000000002
1.4649
0.3896
0.1358
0.12869999999999998
0.1127
0.1522
0.2016
0.263
0.6079
0.6211
0.6671
0.6363
0.497
0.5063
0.28300000000000003
0.0882
0.0842
0.077
0.0726
0.0666
0.0721
0.10450000000000001
0.6517
0.8552
0.1254
0.35219999999999996
0.4302
0.2121
0.1812
0.1319
0.1126
0.37020000000000003
0.3557
0.18730000000000002
0.2524
0.25680000000000003
0.20850000000000002
0.1496
0.1009
1.1152
1.5853
1.8308
2.3059000000000003
0.1511
0.0332
0.0104
0.0067
0.0086
0.020999999999999998
0.004
0.0584
1.4529999999999998
1.0753
1.1446
0.3121
0.0685
0.1083
0.1683
1.6151
0.6149
0.5085999999999999
0.5723
0.49849999999999994
0.0181
0.0186
0.023100000000000002
0.0218
0.0504
0.1603
0.045200000000000004
0.051500000000000004
0.0283
0.0274
0.0157
0.0089
0.0286
0.0812
0.132
0.17670000000000002
0.6723
0.0987
0.032
0.0429
0.0857
0.0774
0.0207
0.0063999999999999994
0.1222
0.1195
0.1089
0.09359999999999999
0.057300000000000004
0.0385
0.013
0.030199999999999998
0.038
0.012
0.002
0.0
0.0
0.0
0.0004
0.0
0.6633
0.4735
1.2246000000000001
0.0751
0.10139999999999999
0.1106
0.10869999999999999
0.1049
0.3387
0.26249999999999996
0.25839999999999996
0.21089999999999998
0.2763
1.6186
0.9789
0.1995
0.17020000000000002
0.22260000000000002
0.1629
0.24659999999999999
1.7959
0.29059999999999997
0.2383
0.5485
0.8989
1.4254
1.8283
1.3251
0.9195
0.42710000000000004
0.33340000000000003
0.492
0.1904
0.1832
0.1824
0.1774
0.16670000000000001
0.1852
0.2036
0.2916
0.36129999999999995
0.20929999999999999
0.19619999999999999
0.2242
0.46609999999999996
0.2598
0.4026
0.3947
0.8036000000000001
0.5497
0.2733
0.7177
0.2983
0.2117
0.1638
0.1594
0.0158
0.0556
0.0446
0.0403
0.0342
0.0466
0.04870000000000001
0.04819999999999999
0.8558
0.35350000000000004
0.9762
1.2066
0.7177
0.1723
0.1943
0.2274
0.9248999999999999
0.8219
0.4376
1.1096
0.8054
0.9352
0.8974
0.1616
0.1149
0.1049
0.09720000000000001
0.0906
0.0786
0.069
0.0631
0.0717
0.0822
0.06369999999999999
0.0663
0.0627
0.051500000000000004
0.0679
0.0949
0.0839
0.0923
0.09409999999999999
0.043899999999999995
0.06720000000000001
0.0797
0.0833
0.0758
0.0746
0.1128
0.1096
0.10189999999999999
0.1046
0.08460000000000001
0.0876
0.2034
0.6876
0.0101
0.1118
0.0352
0.060399999999999995
0.0451
0.0264
0.0078
0.8896
0.33649999999999997
0.0834
0.1668
0.1664
0.2589
0.19740000000000002
0.1894
0.1717
0.1708
0.1483
0.1355
0.1301
0.1254
0.1244
0.12229999999999999
0.152
0.21400000000000002
0.18
0.1844
0.2113
0.1609
0.1713
0.19979999999999998
0.22899999999999998
0.2134
0.2584
0.2843
0.25780000000000003
0.2821
0.29300000000000004
0.2764
0.2255
0.09209999999999999
0.0862
0.0761
0.0737
0.0795
0.08399999999999999
0.1338
0.3114
0.2862
0.6106
0.3134
0.1655
0.1394
0.14100000000000001
0.1496
0.1755
0.3054
0.6743
1.3544
0.4063
0.4722
0.48350000000000004
0.26170000000000004
0.127
0.1366
0.1127
0.13340000000000002
0.1225
0.1766
1.0705
1.3311
0.8769
0.7496
0.7659
1.0704
0.2943
0.24159999999999998
0.25029999999999997
0.209
0.256
0.21439999999999998
0.31479999999999997
0.586
1.7579
0.33630000000000004
0.2126
0.1539
0.1658
0.36760000000000004
0.3315
0.3054
0.3202
0.296
0.3228
0.4544
1.6504999999999999
0.5446
0.4999
0.9704999999999999
1.8909
0.6013
0.6152
0.4842
1.2113
0.8097
1.1618
0.4648
0.496
0.5177
0.6126
0.5718000000000001
0.446
0.0814
0.0744
0.0672
0.0667
0.06559999999999999
0.07289999999999999
0.0907
0.1139
0.1407
0.5775
0.2468
0.5311
0.36760000000000004
0.29869999999999997
0.31020000000000003
0.4878
0.3042
0.2367
0.9270999999999999
0.3578
0.3748
0.2684
0.1666
0.1012
0.09709999999999999
0.0823
0.07730000000000001
0.0791
0.0759
0.0816
0.0951
0.22419999999999998
1.4975
1.042
0.7054
0.5603
0.6981999999999999
0.7456
0.7352
0.5666
0.4756
0.9796
1.0459
0.813
0.8373
0.6782
0.39070000000000005
0.174
0.0089
0.0
0.0
0.0
0.0
0.0
0.0
0.0
0.0
0.0
0.0
0.0
0.0
0.6034999999999999
0.0823
0.13269999999999998
0.20049999999999998
0.5259
0.6368
0.26470000000000005
0.326
0.2939
0.187
0.0954
0.2821
0.0513
0.0039
0.019
0.0161
0.0
0.019
0.2693
0.9275
0.0
0.156
0.0
0.0
0.0
0.0
0.0
0.0
0.0
1.6638
1.3053
0.8984
0.2685
0.1605
0.0497
0.3
0.24880000000000002
0.2217
0.1984
0.1728
0.1685
0.16920000000000002
0.1994
0.222
0.2308
0.2082
0.22549999999999998
0.2844
0.2155
0.2086
0.2274
0.2572
0.629
0.8758999999999999
0.386
0.2563
0.2572
0.26559999999999995
0.2595
0.3067
0.3002
0.2974
0.303
0.31010000000000004
0.2677
0.2506
0.2392
0.2328
0.23859999999999998
0.2359
0.2363
0.2353
0.3942
0.31210000000000004
0.45510000000000006
0.4418
0.43
0.4547
0.3429
0.39239999999999997
0.4494
0.3583
0.309
0.1925
0.1716
0.1537
0.157
0.1568
0.1703
0.19419999999999998
0.1842
0.1248
0.1063
0.0863
0.0642
0.053000000000000005
0.0561
0.0656
0.12569999999999998
0.7375
1.4219
0.7079
0.2752
0.2879
0.42010000000000003
0.4081
0.2398
0.4031
0.36970000000000003
0.4909
0.6279
0.3413
0.3015
0.27559999999999996
0.2603
0.24409999999999998
0.237
0.2122
0.2281
0.2164
0.2823
0.4113
0.5488
0.6611
1.5601
1.0822
1.1851
0.7169000000000001
0.7094
0.7246
0.49860000000000004
2.157
4.9117
2.2034000000000002
1.7481
1.772
2.1676
2.4753
1.4427
1.3296999999999999
2.0001
2.3631
1.5897000000000001
1.0605
0.8396
0.6707000000000001
0.648
0.7565
0.8537
1.8348
1.6909
1.5046
1.655
1.1889
0.8847
0.4508
0.3593
0.2911
0.28469999999999995
0.2749
0.2687
0.2687
0.3086
0.8501
0.49060000000000004
0.8368
0.48229999999999995
0.3146
0.2946
0.49129999999999996
0.7339
0.4824
3.5082
1.2669000000000001
0.40959999999999996
0.3994
0.4289
0.4808
0.4391
0.1031
0.1053
0.09079999999999999
0.0789
0.08410000000000001
0.0896
0.098
1.2913999999999999
0.8167
1.7482
0.422
0.12229999999999999
0.11549999999999999
0.1961
0.9083000000000001
0.1278
0.1276
0.1432
0.18969999999999998
0.2016
0.1825
0.1407
0.1161
0.1028
0.1605
0.14100000000000001
0.13269999999999998
0.1197
0.1133
0.1103
0.1119
0.11249999999999999
0.2555
0.2346
0.14529999999999998
0.1476
0.1376
0.127
0.1252
0.10139999999999999
0.2751
0.4561
0.1972
0.38089999999999996
0.3962
0.4901
0.8573
0.4537
0.2001
0.17720000000000002
0.1738
0.1669
0.1656
0.17070000000000002
0.177
0.19590000000000002
0.2315
0.4013
0.24880000000000002
0.2541
0.243
0.2819
0.3648
0.3911
0.2565
0.2626
0.4383
1.1085
0.7787
0.7457
0.4766
0.2829
0.1751
0.1683
0.1663
0.1567
0.1535
0.1709
0.3748
0.7041999999999999
0.3075
0.2673
0.2576
0.2491
0.2533
0.2556
0.23170000000000002
0.22899999999999998
0.6706
0.71
1.3453
0.9301999999999999
0.4027
0.3466
0.25029999999999997
0.1983
0.24919999999999998
0.2562
0.2444
0.2402
0.264
0.3272
0.6438
0.5219
0.38170000000000004
1.008
0.7735000000000001
0.3478
0.41659999999999997
0.3196
0.267
1.3237999999999999
0.5592
0.3795
0.8375
0.7714
0.403
0.3922
0.354
0.3004
0.34450000000000003
0.31579999999999997
0.29579999999999995
0.2893
0.2758
0.28700000000000003
0.3032
0.3044
0.35960000000000003
0.4269
0.4699
0.7579
1.1398
0.4414
0.42010000000000003
0.49960000000000004
0.9185
0.38239999999999996
0.41500000000000004
1.1089
1.838
0.7153
0.7597
0.7998000000000001
0.1038
0.1083
0.1071
0.10439999999999999
0.1131
0.1394
0.1647
0.1775
0.1728
0.3745
0.1666
0.1915
0.5005
0.2764
0.20579999999999998
0.4783
0.2573
0.20400000000000001
0.5277
0.9697
0.221
0.1609
0.10880000000000001
0.1066
0.0482
0.0435
0.0398
0.0408
0.0456
0.069
0.09079999999999999
0.0615
0.0435
0.0545
0.0635
0.0587
0.039
0.0456
0.0402
0.061700000000000005
0.111
0.1499
0.32030000000000003
0.1152
0.1196
0.0891
0.0568
0.0467
0.0218
0.0251
0.0216
0.0186
0.023100000000000002
0.0324
0.10830000000000001
0.2408
0.0867
0.178
0.068
0.0016
0.0016
0.001
0.029900000000000003
0.1507
0.9810000000000001
0.1378
0.2227
0.17370000000000002
0.026799999999999997
0.0259
0.0233
0.0187
0.0899
0.07369999999999999
0.0658
0.0627
0.0576
0.054099999999999995
0.0432
0.1674
0.1233
0.0231
0.0229
0.027
0.020999999999999998
0.0167
0.0156
0.0213
0.0215
0.0342
0.028999999999999998
0.0877
0.10339999999999999
0.0808
0.0763
0.0737
0.0821
0.0
0.01
0.06559999999999999
0.0045
0.0009
1.1557
0.3834
0.0
0.0
0.0
0.0
0.0
0.0
0.0
0.0
0.0
0.4748
2.1606
0.19970000000000002
1.1707
0.2451
0.1528
0.07780000000000001
0.1382
0.13190000000000002
0.0897
0.1083
0.1522
0.0921
2.2831
0.6441
0.3607
0.2779
0.3417
0.3869
0.2264
0.2004
0.2205
0.2036
0.44389999999999996
2.1306000000000003
1.3789
0.40800000000000003
2.3052
0.5795
0.2907
0.1557
0.054400000000000004
0.045
0.046700000000000005
0.0817
0.07150000000000001
0.032299999999999995
0.026699999999999998
0.0153
0.0172
0.6127
0.0103
0.0267
0.0402
0.0171
0.0031
0.14179999999999998
0.124
0.0756
0.2034
0.3642
0.0077
0.0319
0.0525
0.0537
0.0035
0.0105
0.0069
0.0099
0.0207
0.0155
0.0081
1.394
1.6755
2.9238
0.4902
0.0
0.0
0.0
0.0
0.0169
0.4338
0.36460000000000004
1.2171
1.3444
0.9414
0.4094
0.0
0.0212
0.1171
0.11030000000000001
0.10700000000000001
0.108
0.1148
0.11760000000000001
0.1273
0.1326
0.1365
0.1804
0.23570000000000002
0.20779999999999998
0.23149999999999998
0.27449999999999997
0.2013
0.2603
0.2462
0.2011
0.1864
0.1585
0.1516
0.1395
0.1256
0.1162
0.07930000000000001
0.0845
0.0847
0.107
0.1369
0.3591
0.9539
0.5664
0.3739
0.1972
0.5759000000000001
0.4051
0.9087000000000001
0.3162
0.2895
0.2751
0.44089999999999996
0.4735
0.6376
0.31210000000000004
0.14800000000000002
0.1206
0.1027
0.0809
0.0682
0.0618
0.058300000000000005
0.048299999999999996
0.0468
0.0476
0.0494
0.0896
0.4496
0.3809
0.5081
0.3684
0.15189999999999998
0.1073
0.0842
0.0818
0.4702
0.3785
0.6263
0.4048
0.2528
0.19640000000000002
0.1482
0.1003
0.1387
0.12919999999999998
0.1271
0.1211
0.1207
0.1273
0.1451
0.3816
0.2423
0.7142999999999999
0.6480999999999999
0.2608
0.149
0.1374
0.14200000000000002
0.2727
0.4961
0.20529999999999998
0.221
0.2108
0.2096
0.1987
0.18009999999999998
0.1568
0.15400000000000003
0.16499999999999998
0.16
0.1518
0.1392
0.1426
0.1412
0.3002
0.3031
0.1263
0.1088
0.1046
0.1247
0.1201
0.1417
0.14629999999999999
0.1316
0.259
0.7979
0.1926
0.1608
0.1528
0.1476
0.1353
0.1464
0.1411
0.13729999999999998
0.135
0.1378
0.5336
0.44389999999999996
0.2714
0.2592
0.3488
0.6167
0.5652
0.47119999999999995
0.2521
0.2362
0.2789
0.3013
0.7102999999999999
0.4046
0.2831
0.24159999999999998
0.18230000000000002
0.1638
0.1531
0.0
0.0
0.0
0.0
0.0
0.0
0.0
0.0
0.5319
0.9199999999999999
0.7317
0.0
0.0
0.0
0.0
0.0
1.0058
0.0895
0.09609999999999999
0.07300000000000001
0.1615
0.1752
0.0173
0.0
0.0571
0.059
0.0571
0.0445
0.0429
0.049699999999999994
0.1091
0.3827
0.7975000000000001
0.8378
0.9329000000000001
0.8837
0.6562
0.4833
0.7126
0.46030000000000004
0.4914
0.6459
0.8957999999999999
0.47939999999999994
0.2463
0.1406
0.0864
0.06670000000000001
0.2512
0.2296
0.2233
0.1845
0.2135
1.0007000000000001
0.0948
0.0837
0.1104
0.0838
0.08510000000000001
0.10880000000000001
0.11810000000000001
0.1387
0.44170000000000004
0.4011
0.2495
0.3811
0.9572
0.5622
1.7614999999999998
0.9843999999999999
0.635
0.40659999999999996
0.07150000000000001
0.054400000000000004
0.042899999999999994
0.042300000000000004
0.0471
0.0324
0.0419
0.063
0.0675
0.9382
0.2401
0.2089
0.23370000000000002
0.4281
0.1182
0.1165
0.07
0.18259999999999998
0.8917999999999999
1.1258
0.2271
0.1129
0.0893
0.09129999999999999
0.0613
0.0534
0.047799999999999995
0.0465
0.0456
0.0464
0.10149999999999999
0.16620000000000001
0.054900000000000004
0.0409
0.08310000000000001
0.0746
0.0465
0.0499
0.053
0.0592
0.0774
0.061399999999999996
0.0354
0.06720000000000001
0.08979999999999999
0.08529999999999999
0.0659
0.0557
0.2045
0.19140000000000001
0.182
0.18280000000000002
0.1875
0.2031
0.2284
0.25339999999999996
0.2821
0.7908
0.3453
0.25780000000000003
0.36119999999999997
0.2595
0.2222
0.2324
0.2262
1.2201
0.5949
0.4646
0.4315
0.39549999999999996
0.37370000000000003
0.2585
0.1631
0.1487
0.15910000000000002
0.14900000000000002
0.1545
0.1787
0.2661
0.3402
0.34809999999999997
0.2972
0.2299
0.2097
0.2572
0.29059999999999997
0.5466
2.0671
0.7266
0.8482000000000001
0.46749999999999997
0.6233
0.4264
0.4292
0.37070000000000003
0.2359
0.16999999999999998
0.1476
0.144
0.1371
0.12359999999999999
0.11610000000000001
0.1164
0.1543
0.18819999999999998
0.2646
0.11510000000000001
0.0998
0.0924
0.0945
0.1436
0.4719
0.1384
0.0973
0.1668
0.595
0.2452
0.2662
0.38029999999999997
0.2635
0.1783
0.173
0.1785
0.1729
0.1745
0.2015
0.28800000000000003
0.4246
0.3527
0.4409
0.39549999999999996
0.416
0.4481
0.31589999999999996
0.28700000000000003
1.1582
0.6955
0.3
0.2676
0.2623
0.24680000000000002
0.2232
0.19490000000000002
0.1812
0.0853
0.0732
0.07519999999999999
0.0668
0.06770000000000001
0.0711
0.0772
0.11679999999999999
0.1999
0.5524
0.2406
0.8405
0.6787000000000001
0.2118
0.323
0.39649999999999996
0.2837
0.4587
0.3315
0.245
0.2646
0.2724
0.2451
0.1626
0.1416
0.1323
0.129
0.1258
0.125
0.15489999999999998
0.39949999999999997
0.281
0.16599999999999998
0.15039999999999998
0.153
0.12719999999999998
0.12259999999999999
0.1235
0.1164
0.1277
0.1612
0.501
1.0326
0.6051
0.3506
0.347
0.221
0.15610000000000002
0.0
0.0
0.0
0.0
0.0
0.0
0.0
0.0
0.0
0.4821
0.37229999999999996
0.1192
0.3553
0.552
0.0
0.0
1.3495
0.4689
1.4216
0.8724000000000001
0.534
0.7947
0.0
0.0
0.2074
0.1887
0.18430000000000002
0.1798
0.1792
0.1848
0.8597
0.9827
0.2739
0.3567
0.2721
0.2497
0.2425
0.2077
0.1978
0.6133000000000001
0.4605
0.1925
0.2283
0.42360000000000003
1.2673
1.0647
0.30679999999999996
0.23199999999999998
0.14939999999999998
0.12639999999999998
0.127
0.1189
0.1132
0.1114
0.1156
0.13219999999999998
0.244
0.1575
0.1101
0.3987
0.1237
0.11299999999999999
0.11099999999999999
0.1263
0.1926
0.28959999999999997
1.285
0.7101999999999999
0.21280000000000002
0.2013
0.1779
0.14529999999999998
0.07600000000000001
0.0787
0.0914
0.1031
0.1011
0.1183
0.11080000000000001
0.10070000000000001
0.08660000000000001
0.0707
0.0526
0.0491
0.0639
0.09190000000000001
0.2431
0.2677
0.6648000000000001
0.23759999999999998
0.10250000000000001
0.5228
0.3157
0.0591
0.0431
0.043300000000000005
0.2929
0.2572
0.21050000000000002
0.2065
0.2261
0.7287
1.7923
0.6395
0.4589
0.45020000000000004
0.5376000000000001
0.6442
0.7204999999999999
0.7833
0.9440999999999999
0.7538
1.0646
1.4821
0.9847999999999999
1.1663000000000001
2.9814
2.3438
1.1074000000000002
0.37660000000000005
0.16049999999999998
0.15949999999999998
0.1543
0.1576
0.1588
0.181
0.2853
0.41600000000000004
0.3466
0.2594
0.1893
0.1476
0.15789999999999998
0.1712
0.182
0.2156
1.1275
0.8897999999999999
0.8928
0.477
0.3936
0.28269999999999995
0.18
0.1511
0.27990000000000004
0.24480000000000002
0.22749999999999998
0.2225
0.2097
0.2105
0.2149
0.2502
0.2253
0.20729999999999998
0.1858
0.2024
0.1951
0.2021
0.2194
0.2983
0.4245
1.2265
0.6299
0.785
0.4327
0.36219999999999997
0.3528
0.32699999999999996
0.2207
0.21589999999999998
0.21389999999999998
0.2026
0.1852
0.16760000000000003
0.1632
0.17220000000000002
0.1846
0.2378
0.227
0.2099
0.1891
0.274
0.2438
0.2397
0.24819999999999998
0.2321
0.2773
0.2479
0.2404
0.2529
0.2509
0.2313
0.1309
0.1177
0.1139
0.1126
0.1126
0.1157
0.1402
0.1784
0.4354
0.7838
0.4633
0.24259999999999998
0.2024
0.2612
0.31479999999999997
0.35729999999999995
0.362
0.685
1.0708
0.37160000000000004
0.3532
0.2789
0.1976
0.1467
0.2024
0.16970000000000002
0.11199999999999999
0.099
0.0928
0.0907
0.0954
0.13090000000000002
0.133
0.1179
0.1366
0.081
0.0718
0.0655
0.0555
0.055
0.0539
0.1274
0.33599999999999997
0.2586
0.267
0.245
0.202
0.1563
0.1353
0.12240000000000001
0.10869999999999999
0.10700000000000001
0.10089999999999999
0.10439999999999999
0.1134
0.1931
0.3796
0.18680000000000002
0.1933
0.1252
0.13779999999999998
0.14939999999999998
0.22500000000000003
0.22920000000000001
0.1745
0.7308
0.3357
0.3851
0.3004
0.3396
0.3212
0.19390000000000002
0.157
0.1492
0.14579999999999999
0.14429999999999998
0.1462
0.15860000000000002
0.2893
0.32830000000000004
0.1802
0.1707
0.1452
0.129
0.1311
0.1371
0.14529999999999998
0.173
0.2571
0.31389999999999996
0.3365
0.2776
0.2501
0.2394
0.2021
0.17149999999999999
0.1232
0.1089
0.1085
0.11710000000000001
0.12890000000000001
0.1196
0.1259
0.1094
0.0715
0.0656
0.0533
0.0503
0.09029999999999999
0.42269999999999996
0.6728000000000001
0.1456
0.2183
0.122
0.0736
0.19879999999999998
0.3646
0.2014
0.1226
0.1023
0.1732
0.1441
0.1346
0.1206
0.1001
0.0888
0.07569999999999999
0.08199999999999999
0.0877
0.08499999999999999
0.0579
0.059800000000000006
0.0446
0.062
0.10070000000000001
0.1866
0.6664
0.5672999999999999
1.0598
0.8178000000000001
0.3443
0.275
0.21710000000000002
0.1995
0.3097
0.2467
0.2081
0.1999
0.179
0.1839
0.1912
0.21660000000000001
0.2523
0.31889999999999996
0.378
0.7246999999999999
0.3289
0.3317
0.39349999999999996
0.3607
0.5387
1.5795
2.2413
1.8515000000000001
1.4140000000000001
0.5919
0.5562
0.45640000000000003
0.1456
0.127
0.1323
0.1113
0.0874
0.5529999999999999
0.5366
0.2856
0.3319
0.6545
0.3971
0.3748
0.9127000000000001
0.4378
0.3304
1.07
0.3581
0.3928
0.2367
0.2015
0.2539
0.2364
0.2099
0.17149999999999999
0.0286
0.0166
0.0113
0.0165
0.009000000000000001
0.0119
0.0159
0.0023
0.4391
0.0218
0.0152
0.023899999999999998
0.0239
0.0267
0.0433
0.0823
0.6976
0.1195
0.079
0.1122
0.2026
0.1981
0.2157
0.0973
0.0017000000000000001
0.0
0.0
0.0
0.0001
0.0
0.001
0.0712
0.047299999999999995
0.0109
0.0015
0.0
0.0
0.0
0.0
0.0
0.0
0.12290000000000001
0.0857
0.1283
0.1686
0.17420000000000002
0.063
0.0072
0.1275
0.11810000000000001
0.1117
0.1099
0.101
0.0997
0.0991
0.14579999999999999
0.1877
0.1394
0.08810000000000001
0.07680000000000001
0.0754
0.08510000000000001
0.0871
0.11299999999999999
0.1408
0.088
0.0505
0.0334
0.0379
0.0616
0.0927
0.1003
0.1819
0.2066
0.227
0.2711
0.1118
0.1753
0.20850000000000002
0.4098
0.9266
0.7357
0.0657
0.0
0.0119
0.0
0.0
0.6708
0.2635
0.0
0.8485
0.0247
0.045200000000000004
0.0697
0.061200000000000004
0.07919999999999999
0.20950000000000002
0.1689
0.1759
0.1712
0.1547
0.17720000000000002
0.2392
1.3748
0.7692000000000001
0.5646
0.6129
0.5465
0.6771
0.5576000000000001
0.5267
0.7057
2.5099
0.6297999999999999
0.9573
1.3841
0.5502
0.5073
0.3856
0.27
0.0
0.0116
0.0
0.0
0.0016
0.0
0.0
0.0
0.045
0.6698000000000001
1.3917000000000002
2.3529
0.3614
0.2559
0.9959
1.529
0.7509
0.4672
0.776
0.9478
0.3569
0.173
0.0083
0.0028
0.1348
0.1296
0.1335
0.13019999999999998
0.1381
0.1603
0.20500000000000002
0.2504
0.3026
0.269
0.2586
0.2528
0.4098
0.43079999999999996
0.545
0.6816
0.3619
0.2929
0.2811
0.345
0.3362
0.23609999999999998
0.1544
0.1326
0.1489
0.1311
0.12840000000000001
0.1287
0.1277
0.1366
0.5148
0.9304
0.2436
0.2697
0.3528
0.3418
0.2792
0.28959999999999997
0.6786
0.9439
1.0529
0.399
0.5397000000000001
0.7404
1.4644
0.3662
0.2604
0.2012
0.3718
0.3618
0.3382
0.33999999999999997
0.3416
0.346
0.35509999999999997
0.3873
0.522
0.5182
1.0819999999999999
1.1979
1.079
0.4588
0.3735
0.3743
0.524
0.7781
0.4615
0.6747000000000001
0.6214999999999999
0.6151
0.5499
0.45589999999999997
0.0609
0.046200000000000005
0.0562
0.0495
0.0506
0.0504
0.0613
0.0911
0.1701
0.268
0.3673
0.39959999999999996
0.4865
0.2898
0.3739
1.4952999999999999
0.5393
1.3707
1.5085
1.0348
0.8969
0.6552
0.27549999999999997
0.10500000000000001
0.1211
0.1131
0.0927
0.1119
0.0958
0.1436
0.16040000000000001
0.067
0.0536
0.051199999999999996
0.0453
0.0403
0.0875
0.0817
0.271
0.1117
0.074
0.10980000000000001
0.0523
0.30920000000000003
0.3431
0.15460000000000002
0.1234
0.11
0.2245
0.17370000000000002
0.1467
0.1285
0.1174
0.1113
0.0988
0.10070000000000001
0.1011
0.1231
0.16699999999999998
0.1706
0.14750000000000002
0.20040000000000002
0.278
0.3339
0.5457
1.2450999999999999
0.3473
0.27659999999999996
0.5078
0.6914
0.3415
0.3425
0.0
0.0
0.0
0.0
0.0
0.0
0.0319
0.06860000000000001
0.0057
0.2001
0.5703
0.025500000000000002
1.1801
0.0
0.0
0.8801
0.1985
0.0
1.5153
0.9228
0.0759
0.0937
0.0196
0.0050999999999999995
0.5575
0.5274
0.49260000000000004
0.4877
0.4373
0.4154
0.4102
0.4335
0.4743
0.9266
1.002
0.7391
0.4504
1.3177999999999999
1.3544
1.0998
0.8078
0.4807
0.5189
0.4686
0.5123
0.5745
0.6853
0.6398999999999999
0.0882
0.0982
0.1005
0.1056
0.096
0.11810000000000001
0.1513
0.1557
0.1474
0.104
0.1582
0.1096
0.1348
0.11699999999999999
0.1431
0.1062
0.0721
0.062
0.061
0.09029999999999999
0.0539
0.034
0.0366
0.0353
0.3782
0.3329
0.3087
0.299
0.26539999999999997
0.2622
0.256
0.2586
0.3104
0.3836
0.4547
0.482
0.317
0.33940000000000003
0.3442
1.1751
1.4404
1.4395
1.2818
0.7103
2.6717
0.6535
0.48960000000000004
0.4673
0.132
0.12340000000000001
0.1241
0.0947
0.0741
0.0648
0.0622
0.0639
0.0668
0.11
0.11399999999999999
0.195
0.1049
0.1645
0.1543
0.1366
0.1012
0.08299999999999999
0.1573
0.091
0.0781
0.0829
0.0973
0.1084
0.026099999999999998
0.0132
0.0008
0.0045
0.0569
0.0955
0.0056
0.0
0.0
0.0179
0.0257
0.0095
0.0972
0.2096
0.0
0.042800000000000005
1.1233
1.2321
0.4554
1.0587
0.5700999999999999
0.1498
0.0669
0.0376
0.0915
0.0818
0.07250000000000001
0.06570000000000001
0.066
0.0692
0.0663
0.6538999999999999
0.2294
0.2596
0.6755
0.5981
0.21610000000000001
0.15510000000000002
0.1255
0.1269
0.17120000000000002
0.461
0.1652
0.1452
0.1732
0.2356
0.27449999999999997
0.16899999999999998
0.0374
0.0406
0.0377
0.0348
0.036500000000000005
0.0521
0.0895
0.6807000000000001
0.1342
0.07289999999999999
0.0817
0.125
0.1865
0.1491
0.2182
0.2431
0.35
0.7268
0.4964
0.5628
0.1503
0.0747
0.0359
0.041499999999999995
0.08049999999999999
0.0757
0.06559999999999999
0.0621
0.0687
0.07680000000000001
0.1192
0.40449999999999997
0.32399999999999995
0.5234
0.175
0.1228
0.1568
0.1894
0.3601
0.3086
0.3306
0.7307
0.26549999999999996
0.3875
0.2396
0.2412
0.1965
0.1113
0.3035
0.2232
0.1982
0.1885
0.1773
0.17659999999999998
0.1782
0.18530000000000002
0.24530000000000002
0.2852
0.3303
0.4337
0.3026
0.3065
0.3233
0.2646
0.2945
0.8081
0.2402
0.2636
0.3185
0.36260000000000003
0.3731
0.3022
0.1444
0.1119
0.0993
0.0959
0.09179999999999999
0.0949
0.1276
0.24580000000000002
0.1651
0.1217
0.13329999999999997
0.2296
0.1985
0.1757
0.423
0.2852
0.2259
0.15389999999999998
0.1013
0.14780000000000001
0.29579999999999995
0.27790000000000004
0.28180000000000005
0.2283
0.137
0.12229999999999999
0.1152
0.11249999999999999
0.1099
0.1153
0.1215
0.1377
0.15339999999999998
0.1512
0.15339999999999998
0.23070000000000002
0.2034
0.18159999999999998
0.17759999999999998
0.1864
0.19240000000000002
0.21810000000000002
0.226
0.2274
0.2939
0.2559
0.2118
0.1735
0.1091
0.1066
0.1005
0.09759999999999999
0.1003
0.10919999999999999
0.1315
0.1658
0.30920000000000003
0.2959
0.2994
0.2626
0.3006
0.2602
0.2714
0.20190000000000002
0.32830000000000004
0.31220000000000003
0.2092
0.2585
0.2353
0.1814
0.1312
0.10819999999999999
0.20900000000000002
0.20629999999999998
0.206
0.207
0.2103
0.2227
0.2863
0.3235
0.2781
0.24270000000000003
0.2015
0.1837
0.18259999999999998
0.19369999999999998
0.19369999999999998
0.216
0.2693
0.256
0.2407
0.24180000000000001
0.2389
0.2398
0.2169
0.2042
0.18430000000000002
0.1825
0.1754
0.1678
0.157
0.1732
0.1789
0.2437
0.8091999999999999
0.1953
0.3454
0.1609
0.1498
0.1625
0.2013
1.1806
0.4003
0.2394
0.251
0.511
0.4498
0.559
0.2855
0.2147
0.056999999999999995
0.0525
0.048
0.0468
0.0455
0.0503
0.0543
0.0598
0.07419999999999999
0.1225
0.131
0.2887
0.10819999999999999
0.1142
0.13190000000000002
0.1479
0.11699999999999999
0.1354
0.174
0.09079999999999999
0.067
0.055
0.0518
0.0499
0.0945
0.0819
0.0743
0.0726
0.06939999999999999
0.0748
0.0923
0.108
0.8725
0.29100000000000004
0.258
0.2273
0.221
0.2448
0.6684
0.2791
0.2145
0.214
0.3154
0.6321
0.6622
0.6144000000000001
0.3362
0.1674
0.1511
0.1338
0.1316
0.1248
0.1267
0.1391
0.1792
0.1401
0.1107
0.1318
1.0924
0.24780000000000002
0.2475
0.1772
0.1174
1.0564
0.6139
0.31589999999999996
0.5279
0.2754
0.3058
0.31689999999999996
0.2538
0.1937
0.161
0.1159
0.132
0.1234
0.1629
1.0549
1.8933
0.19979999999999998
0.11199999999999999
0.0655
0.1016
0.104
0.1114
0.1076
0.1305
0.11030000000000001
0.1726
1.4137
3.1653000000000002
0.8926000000000001
1.8088
1.2865
0.6733
0.3158
0.09079999999999999
0.0921
0.08979999999999999
0.0887
0.0844
0.0963
0.12990000000000002
0.1622
0.8142
0.4537
0.6563
0.4589
0.2301
0.1986
0.18
0.6464
0.8238
0.21050000000000002
0.1893
0.1881
0.1827
0.1527
0.1229
0.1041
0.08499999999999999
0.0834
0.07780000000000001
0.0802
0.0826
0.094
0.1116
0.2295
0.23299999999999998
0.1644
0.1056
0.0863
0.1628
0.10800000000000001
0.1054
0.1162
0.30770000000000003
0.5484
0.1844
0.2996
0.1331
0.1296
0.1148
0.09620000000000001
0.0458
0.8196000000000001
1.084
1.2191
0.051500000000000004
0.0383
0.037
0.0577
0.0639
0.09659999999999999
0.08929999999999999
0.0944
0.45299999999999996
0.384
0.1522
0.11629999999999999
0.08249999999999999
0.1308
0.16570000000000001
0.1765
0.19590000000000002
0.21289999999999998
0.4485
1.234
0.0
0.0
0.0
0.0
0.0
0.0
0.0
0.0
0.0116
0.0138
0.0
0.0608
0.0
0.0
0.0
0.0
0.0
0.0
0.0
0.0
0.0
0.0
0.0
0.0
0.11760000000000001
0.11629999999999999
0.1271
0.1272
0.11760000000000001
0.1345
0.1608
0.17659999999999998
0.2244
0.13340000000000002
0.1032
0.185
0.49050000000000005
0.23099999999999998
0.38830000000000003
0.4841
0.8192
0.8140000000000001
0.2871
0.4464
0.2656
0.13620000000000002
0.09559999999999999
0.0917
0.005
0.0072
0.0178
0.0101
0.009399999999999999
0.013600000000000001
0.0552
0.5443
0.5791999999999999
0.137
0.1073
0.12440000000000001
0.1974
0.2183
0.7979
1.0096
0.33899999999999997
0.16799999999999998
0.19369999999999998
0.34550000000000003
0.1266
0.024399999999999998
0.003
0.0115
0.1062
0.1001
0.1091
0.1004
0.0872
0.09559999999999999
0.12329999999999999
0.4345
1.289
0.6255
0.4395
0.1426
0.1315
0.3754
1.7422
1.0979
0.24280000000000002
0.1887
0.2322
0.3865
0.7064
0.4575
0.1943
0.12009999999999998
0.2888
0.1777
0.1114
0.1454
0.1099
0.0945
0.1324
0.126
0.31279999999999997
0.178
0.2188
0.277
1.8894
0.6375
0.2857
3.0858999999999996
5.686100000000001
1.6758
1.5884
3.0155000000000003
4.5789
3.2457000000000003
3.7504999999999997
3.6364
0.3691
0.2143
0.1549
0.1628
0.1644
0.15910000000000002
0.1698
0.3034
0.4578
0.3194
0.5112
0.29910000000000003
0.255
0.221
0.1975
0.1867
0.22649999999999998
2.4449
2.8291
1.2231
1.6461000000000001
0.9962
0.8807
0.6971
0.0157
0.0143
0.008400000000000001
0.009600000000000001
0.017
0.022699999999999998
0.15309999999999999
0.5287
0.1615
0.37129999999999996
0.35
0.0351
0.0129
0.005
0.005
0.0
0.0
0.9366
0.36029999999999995
0.2223
0.09459999999999999
0.0279
0.002
0.0114
0.0315
0.024800000000000003
0.0363
0.0368
0.0332
0.0463
0.058300000000000005
0.4347
0.2313
0.025
0.0084
0.0
0.0055
0.025800000000000003
0.0886
0.6919000000000001
1.073
0.3461
0.0669
0.3347
0.39649999999999996
0.1708
0.0677
0.037599999999999995
0.2498
0.2321
0.2295
0.2291
0.2304
0.24559999999999998
0.28559999999999997
0.33340000000000003
0.4347
0.5762
0.4103
0.33599999999999997
0.3301
0.397
1.02
0.5224
0.6289
0.8538
0.7519
0.8507
0.48719999999999997
0.4677
0.3956
0.30400000000000005
0.0
0.0444
0.0318
0.033299999999999996
0.0052
0.0555
0.0644
2.0346
1.7844
2.2510000000000003
0.2071
0.0
0.0
0.0
0.0
0.0
0.0
0.0364
0.2983
0.1498
0.09559999999999999
0.0463
0.0171
0.0059
0.066
0.0635
0.0625
0.07150000000000001
0.08310000000000001
0.1027
0.099
0.0838
0.10980000000000001
0.34619999999999995
0.0605
0.046
0.031299999999999994
0.038599999999999995
0.0478
0.07300000000000001
0.39659999999999995
0.2158
0.6694
0.4639
0.1067
0.0938
0.061399999999999996
0.0629
0.1658
0.1402
0.131
0.1253
0.12209999999999999
0.1281
0.1321
0.1522
0.1825
0.1735
0.1629
0.2046
0.2818
0.2542
0.29469999999999996
0.2798
0.2818
0.2359
0.2077
0.2583
0.33399999999999996
0.3372
0.3542
0.2484
0.106
0.0949
0.0876
0.08449999999999999
0.087
0.0895
0.11810000000000001
0.1441
0.48860000000000003
0.7605
0.6731
0.9848
0.39239999999999997
0.3378
0.3354
0.3261
0.3442
0.34040000000000004
0.3195
0.4105
0.4239
0.4318
0.30720000000000003
0.16899999999999998
0.0527
0.029400000000000003
0.034
0.0373
0.0373
0.036699999999999997
0.0414
0.06949999999999999
0.1474
0.2878
0.7101999999999999
0.3117
0.4747
0.2351
0.4093
0.1928
0.1784
0.37270000000000003
0.9039
0.42989999999999995
0.2498
0.2001
0.129
0.0771
0.0506
0.0504
0.0452
0.0452
0.0472
0.045899999999999996
0.0843
0.3256
0.3468
0.2995
0.2247
0.15649999999999997
0.1523
0.1644
0.1402
0.15789999999999998
0.1824
0.7729
0.7736000000000001
0.796
0.4278
0.37
0.178
0.0761
0.0802
0.0645
0.0558
0.0535
0.045899999999999996
0.0524
0.0645
0.0726
0.0896
0.1169
0.19490000000000002
0.1711
0.22010000000000002
0.8064
0.2679
0.8328
0.8875
0.262
0.3457
0.8589
0.4242
0.34299999999999997
0.2328
0.1461
0.0451
0.039400000000000004
0.0327
0.035
0.0419
0.1078
0.0732
0.033
0.0106
0.0274
0.029900000000000003
0.038400000000000004
0.0849
0.0534
0.0546
0.1
0.1087
0.1792
0.14600000000000002
0.0698
0.0474
0.0338
0.0427
0.0402
0.018099999999999998
0.0376
0.0491
0.0685
0.0389
0.0525
0.9915
0.8523000000000001
1.3404
0.6434
1.7784
0.1467
0.4809
0.9881
1.6921
0.3799
0.42379999999999995
1.5071
0.4696
0.8205
0.22549999999999998
0.0892
0.0816
0.0787
0.17359999999999998
0.1489
0.1308
0.118
0.10819999999999999
0.1031
0.1016
0.1126
0.17809999999999998
0.17980000000000002
0.18
0.21700000000000003
0.1879
0.1656
0.2459
0.2133
0.188
0.2146
0.23470000000000002
0.2262
0.18630000000000002
0.1927
0.2109
0.1989
0.0627
0.0644
0.05
0.052000000000000005
0.045700000000000005
0.0508
0.1422
0.0885
0.0154
0.3685
0.0298
0.0761
0.027200000000000002
0.022699999999999998
0.017599999999999998
0.0795
0.2826
0.038
0.0224
0.042699999999999995
0.5428
0.23049999999999998
0.2495
0.1475
0.1623
0.1502
0.1425
0.1352
0.1321
0.1353
0.1493
0.159
0.1563
0.1331
0.3338
0.5782
0.2229
0.4226
0.19840000000000002
0.1637
0.3531
0.1906
0.1013
0.2308
0.4871
0.2157
0.14150000000000001
0.1307
0.1002
0.0844
0.0742
0.07500000000000001
0.0659
0.054000000000000006
0.2344
0.2341
0.0067
0.0
0.0
0.0
0.0
0.0
0.041
0.1367
0.42210000000000003
1.1424
0.1977
0.2372
0.34950000000000003
0.3864
0.2291
0.1492
0.1584
0.1356
0.13219999999999998
0.12990000000000002
0.1144
0.11299999999999999
0.0709
0.8149
0.149
0.022699999999999998
0.0327
0.0378
0.029500000000000002
0.0359
0.0489
0.0437
1.5526999999999997
0.2882
0.8424
0.63
0.4665
0.201
0.1679
0.1694
0.0995
0.0837
0.0818
0.0738
0.0948
0.375
1.1160999999999999
0.211
0.13369999999999999
2.2086
0.9024
0.0581
0.0889
0.07
0.0701
0.5495
0.5771999999999999
0.2687
0.2944
0.4464
0.3063
0.2694
0.20379999999999998
0.1285
0.0882
0.0829
0.0833
0.0857
0.0853
0.1164
0.3574
0.3339
0.1718
0.1296
0.10239999999999999
0.08360000000000001
0.0805
0.0929
0.1305
0.19519999999999998
1.8111000000000002
1.0312999999999999
0.532
0.6993
0.6851
0.6032
0.1553
0.0859
0.0325
0.0241
0.0203
0.0199
0.0182
0.0242
0.026799999999999997
0.053599999999999995
0.0667
0.1274
0.0945
0.0974
0.0538
0.0603
0.09
0.1079
0.0472
0.03
0.032
0.045
0.0817
0.11030000000000001
0.0874
0.0526
0.1528
0.1357
0.1274
0.1222
0.11710000000000001
0.119
0.12090000000000001
0.1268
0.131
0.1931
0.1778
0.20879999999999999
0.2719
0.2224
0.1918
0.191
0.1482
0.1552
0.2956
0.2217
0.2377
0.2764
0.31679999999999997
0.24080000000000001
0.2657
0.2262
0.2122
0.19590000000000002
0.1872
0.1844
0.1863
0.1943
0.2044
0.2552
0.6341
0.2077
0.2099
0.6883
0.5
0.40759999999999996
0.44809999999999994
0.5502
0.27149999999999996
0.2497
0.2712
0.5493
0.3297
0.2902
0.1828
0.1714
0.1668
0.1656
0.163
0.18380000000000002
0.2235
0.2796
0.3472
0.2724
0.27249999999999996
0.3464
0.4628
0.3734
0.3446
0.272
0.26439999999999997
0.517
0.2682
0.3069
0.4324
0.3801
0.2783
0.2101
0.0792
0.0682
0.055099999999999996
0.0548
0.0512
0.0427
0.1397
0.4239
0.0807
0.075
0.0826
0.08910000000000001
0.1271
0.0987
0.0865
0.1033
0.4985
1.2765
0.8452
0.5319
0.331
0.26
0.1981
0.1241
0.6409
0.6773
0.6254
0.6009
0.5716
0.5212
0.5307
0.6295999999999999
1.3058
0.4527
0.20779999999999998
0.173
0.1515
0.16670000000000001
0.1933
0.3153
1.0599
0.7949999999999999
0.8413999999999999
1.5882
1.3609
1.4697
0.6545
0.5367999999999999
0.3051
0.0454
0.0209
0.0155
0.0059
0.0
0.0
0.0
0.0
0.6556
1.427
0.4168
0.06
0.0249
0.0
0.0
0.0
0.0
1.3155000000000001
1.8841
0.9427
0.2227
0.088
0.055099999999999996
0.29169999999999996
0.3095
0.3008
0.2784
0.2758
0.3664
0.8200000000000001
0.8187
0.6437999999999999
0.352
0.5851999999999999
0.7694000000000001
1.7166000000000001
0.528
0.32089999999999996
0.2596
0.25780000000000003
0.7833
0.9469
0.5389
0.6599
0.4857
0.346
0.2726
0.269
0.2469
0.2361
0.27590000000000003
0.3036
0.2698
0.3006
0.306
0.3556
0.6607
0.8172
0.26990000000000003
0.45510000000000006
1.1495000000000002
0.403
0.5097
0.9868
0.4733
0.6677
1.5796999999999999
0.6837
1.4333
0.7342
0.33740000000000003
0.13090000000000002
0.1099
0.10250000000000001
0.0994
0.0923
0.09559999999999999
0.0989
0.11599999999999999
0.1328
0.1583
0.4148
0.9685
0.3647
0.5295
0.4044
0.3547
0.2517
1.2219
0.2348
0.25970000000000004
0.25379999999999997
0.2629
0.2343
0.1724
0.0068
0.0308
0.0246
0.012199999999999999
0.0196
0.0378
0.0753
0.1652
0.5373
0.9957
0.7015
0.125
0.0792
0.2659
1.0776
0.48009999999999997
1.0692
1.108
1.3933
1.133
0.4094
0.06939999999999999
0.001
0.0112
0.22399999999999998
0.18869999999999998
0.1842
0.1866
0.1961
0.2597
1.3955
0.5235000000000001
0.4659
0.6244000000000001
0.2682
0.2354
0.22449999999999998
0.2078
0.1888
0.1997
0.2793
1.1308
0.5782
0.2601
0.3326
0.8658
0.3781
0.2357
0.1875
0.1938
0.19540000000000002
0.19569999999999999
0.2041
0.2444
0.2863
0.5992
0.3176
0.3498
0.2544
0.2954
0.4558
0.2102
0.2033
0.33089999999999997
0.5181
0.3003
0.977
0.1754
0.1754
0.15860000000000002
0.14400000000000002
0.13440000000000002
0.16610000000000003
0.1402
0.1252
0.1189
0.1118
0.1154
0.1213
0.2234
0.1663
0.121
0.1367
0.1449
0.1588
0.1332
0.1486
0.1521
0.137
0.1722
0.1365
0.17909999999999998
0.16849999999999998
0.1633
0.1604
0.1479
0.0247
0.0355
0.0242
0.0208
0.0106
0.002
0.0043
1.0781
0.2815
0.0535
0.047
0.0693
0.0728
0.08829999999999999
0.1703
0.48860000000000003
0.2643
0.5933
1.0513
1.5999999999999999
0.9622999999999999
1.0106
0.2625
0.068
0.0164
0.02
0.0223
0.0104
0.032100000000000004
0.18930000000000002
0.1987
0.18619999999999998
0.2716
0.3865
0.29269999999999996
0.1545
0.4477
0.2344
0.16999999999999998
0.1404
1.02
0.2802
0.1933
0.16770000000000002
0.094
0.023899999999999998
0.015200000000000002
0.018099999999999998
0.0
0.005600000000000001
0.0034
0.0008
0.0
0.0056
0.0
0.0708
0.8959
0.4762
0.7589
0.0
0.0
0.0
0.2993
0.0584
0.0
0.023100000000000002
0.0362
0.0254
0.0089
0.0445
0.0146
0.002
0.11
0.0925
0.08579999999999999
0.0813
0.0853
0.0857
0.1144
0.1747
0.7691
0.9013
0.4069
0.42510000000000003
0.2996
0.2464
0.2137
0.2376
0.5527
0.5976
0.44289999999999996
0.3718
0.4838
0.7096
0.7135
0.23399999999999999
0.0656
0.0823
0.0
0.12669999999999998
0.058499999999999996
0.1096
1.8575
1.469
0.0
0.0
0.0
0.0
0.0
0.0
0.0
0.0
0.0
0.0
1.9794
0.0
0.0
0.0411
0.0456
0.0609
0.18309999999999998
0.1615
0.1716
0.1607
0.1586
0.1887
0.2583
0.3748
0.5879000000000001
0.6891
1.1345
0.661
0.9716
1.5318
0.8757999999999999
1.8422
1.6613000000000002
0.6679999999999999
0.7131000000000001
0.9554
0.7414000000000001
0.36260000000000003
0.2458
0.2076
0.087
0.0854
0.1006
0.1124
0.09570000000000001
0.1656
0.26349999999999996
0.9475
1.5442
0.38170000000000004
0.8555
1.1583
0.32720000000000005
0.5531999999999999
0.6022
1.8548
0.6798000000000001
0.0827
0.0478
0.0687
0.0628
0.056900000000000006
0.0818
0.0865
0.1582
0.15089999999999998
0.1467
0.14250000000000002
0.13390000000000002
0.14650000000000002
0.4172
1.0084
0.2237
0.7016
0.2552
0.1878
0.18530000000000002
0.1889
0.29700000000000004
0.2741
0.15239999999999998
0.16949999999999998
0.21760000000000002
0.2137
0.20400000000000001
0.2116
0.1969
0.1632
0.063
0.061399999999999996
0.061399999999999996
0.0628
0.0693
0.0985
0.2077
0.1449
0.1027
0.0823
0.0886
0.1067
0.07
0.0828
0.0781
0.092
0.11
0.0933
0.0896
0.0856
0.0775
0.0504
0.0406
0.0436
0.12240000000000001
0.1175
0.1147
0.124
0.1235
0.2219
0.3173
0.1773
0.138
0.1428
0.0632
0.0822
0.1633
0.1613
0.09290000000000001
0.9153
0.0803
0.1366
0.2103
0.13319999999999999
0.373
0.2264
0.1887
0.2312
0.1259
0.0955
0.0797
0.07730000000000001
0.06989999999999999
0.0742
0.06889999999999999
0.07050000000000001
0.25479999999999997
0.1111
0.0654
0.4661
0.0979
0.0916
0.1025
0.1059
0.1525
0.5637
0.1414
0.1659
0.20750000000000002
0.20290000000000002
0.2016
0.1659
0.191
0.1799
0.17170000000000002
0.1723
0.17070000000000002
0.18180000000000002
0.2521
0.47419999999999995
0.29359999999999997
0.20450000000000002
0.162
0.1529
0.1699
0.1772
0.18569999999999998
0.23460000000000003
0.6007
1.1265
1.6224
0.5675
0.40059999999999996
0.33630000000000004
0.2521
0.20779999999999998
0.0357
0.0206
0.0476
0.039999999999999994
0.0445
0.41559999999999997
1.4047
0.3585
0.39270000000000005
0.5241
0.2512
0.13490000000000002
0.1896
0.2837
0.3742
1.2095
1.0615
1.6117
0.3912
0.2108
0.1889
0.1138
0.053099999999999994
0.0441
0.1288
0.1127
0.094
0.1079
0.1041
0.10189999999999999
0.1625
0.5667
0.6106
0.522
0.4181
0.3921
0.4154
0.377
0.3715
0.6132
0.3295
1.3368
0.5453
0.3204
0.3174
0.33409999999999995
0.4
1.2689
0.0
0.0008
0.0034
0.017
0.005
0.0021
0.0
0.0
0.1277
0.548
1.0213
1.9303
1.4752
0.6248
0.45389999999999997
1.1476
0.7686999999999999
1.2904
0.49960000000000004
0.0645
0.0614
0.0
0.0
0.0
0.1776
0.1284
0.1177
0.112
0.1058
0.1058
0.1136
0.1882
0.1679
0.1444
0.1976
0.0837
0.0751
0.0663
0.07350000000000001
0.07819999999999999
0.272
0.3578
0.157
0.24980000000000002
0.1454
0.16060000000000002
0.4079
0.1739
0.1064
0.1014
0.0954
0.0915
0.0865
0.086
0.0949
0.1185
0.1
0.0888
0.081
0.0712
0.0677
0.0677
0.0688
0.0761
0.0771
0.1096
0.1819
0.1822
0.1333
0.1159
0.1001
0.0925
0.1678
0.14950000000000002
0.14429999999999998
0.1408
0.1376
0.16920000000000002
0.2572
0.23620000000000002
0.2059
0.66
0.17049999999999998
0.18259999999999998
0.16670000000000001
0.19590000000000002
0.1955
0.1991
1.1974
0.7629
0.0869
0.0829
0.1183
0.1076
0.1471
0.1735
0.24860000000000002
0.2411
0.2357
0.2374
0.2398
0.2574
0.3882
0.5121
0.37970000000000004
0.3886
0.5238
0.5128
0.33089999999999997
0.3654
0.4414
0.8103
0.5989
0.5025
0.28459999999999996
0.26039999999999996
0.2712
0.24969999999999998
0.2339
0.2245
0.1778
0.17
0.1366
0.12869999999999998
0.1199
0.1177
0.1424
0.4157
0.2755
0.095
0.39120000000000005
1.1404
0.3073
0.1143
0.1043
0.1015
0.11410000000000001
0.3288
0.5141
0.1684
0.2515
0.24680000000000002
0.24230000000000002
0.1876
0.0641
0.044899999999999995
0.0428
0.0441
0.035699999999999996
0.030100000000000002
0.0358
0.075
0.0644
0.0341
0.0303
0.20090000000000002
0.38239999999999996
0.0616
0.0709
0.273
0.4499
0.2403
0.3174
0.43920000000000003
0.3313
0.20529999999999998
0.16249999999999998
0.1123
0.1446
0.1268
0.1179
0.1205
0.1074
0.1148
0.1347
0.1444
0.6374
0.3988
0.2632
0.25
0.2541
0.2721
0.34309999999999996
0.1713
0.4297
0.8556999999999999
0.2126
0.2328
0.3319
0.3712
0.3079
0.19619999999999999
0.20750000000000002
0.1992
0.1813
0.18059999999999998
0.186
0.1722
0.183
0.2185
0.245
0.2538
0.2814
0.2849
0.2744
0.25739999999999996
0.2643
0.7123
0.7599
1.9933
2.1653000000000002
0.4505
2.1479
0.4763
0.3211
0.2651
0.2261
0.19190000000000002
0.2158
0.2928
0.28700000000000003
0.20629999999999998
0.174
0.1419
0.1381
0.1319
0.7589
0.1785
0.1849
0.1971
0.8755999999999999
0.3402
0.5348
0.2865
0.1194
0.7864
0.22260000000000002
0.2824
0.4556
0.2457
0.1722
0.1597
0.1467
0.1345
0.1532
0.5243
0.4224
0.327
0.3432
0.9445
0.3812
0.22649999999999998
0.34219999999999995
0.2909
0.2633
0.2296
0.23959999999999998
0.349
1.3321
0.6247
0.499
0.5238
0.3439
0.1918
0.0335
0.0285
0.0252
0.0238
0.0245
0.029699999999999997
0.1468
0.366
0.0726
0.1286
0.057800000000000004
0.044
0.0398
0.0374
0.030199999999999998
0.0369
0.0696
0.0711
0.20040000000000002
0.1491
0.121
0.1017
0.0635
0.038000000000000006
0.1452
0.0985
0.0886
0.0819
0.0718
0.0696
0.0704
0.08449999999999999
0.1131
0.13729999999999998
0.1449
0.2622
0.2261
0.2001
0.4647
0.6315
0.6234
0.5186000000000001
0.8103
0.8881
0.6808000000000001
0.3167
0.2662
0.21810000000000002
0.2013
0.19290000000000002
0.18480000000000002
0.1881
0.1901
0.2138
0.25270000000000004
0.6731
0.4557
0.2541
0.1446
0.1054
0.1067
0.11410000000000001
0.1117
0.1479
0.3014
0.5716
0.43899999999999995
0.354
0.3241
0.3446
0.4375
0.2826
0.2198
0.22510000000000002
0.22449999999999998
0.2258
0.2368
0.3526
0.7346
0.39390000000000003
0.2557
0.235
0.2534
0.646
0.6436999999999999
0.2965
0.2713
0.29569999999999996
0.7012
0.8225
0.6273
0.4218
0.4003
0.2646
0.19440000000000002
0.1933
0.2183
0.21439999999999998
0.2182
0.2306
0.2422
0.1851
0.11810000000000001
0.0728
0.0472
0.0489
0.0477
0.0353
0.0533
0.0654
0.08940000000000001
0.1864
0.8776
0.2504
0.4236
1.0242
0.9877
0.6200000000000001
0.29069999999999996
0.2195
0.0555
0.0424
0.0422
0.0431
0.0451
0.046799999999999994
0.1086
0.2167
0.0667
0.3666
0.3254
0.3189
0.08460000000000001
0.065
0.0553
0.0892
0.07339999999999999
0.1012
0.1787
0.1017
0.1522
0.2075
0.1575
0.09620000000000001
0.1066
0.0978
0.08710000000000001
0.0922
0.0826
0.0879
0.10830000000000001
0.2291
0.1468
0.046799999999999994
0.0199
0.02
0.0199
0.0207
0.0155
0.0339
0.0481
0.4486
1.1551
0.6961999999999999
0.3359
0.8369
0.42500000000000004
0.16599999999999998
0.2344
0.22820000000000001
0.2215
0.21539999999999998
0.21200000000000002
0.2131
0.2229
0.23370000000000002
0.30920000000000003
0.6009
0.4847
0.5905
0.3974
0.3187
0.3167
0.3036
0.4129
0.3306
0.42200000000000004
0.39259999999999995
0.32089999999999996
0.2738
0.2294
0.21760000000000002
0.0
0.0
0.0
0.0
0.0
0.0
0.0056
0.0115
0.0026
0.0
0.0
0.0
0.22499999999999998
0.0784
0.055099999999999996
0.0611
0.39249999999999996
0.2745
0.040499999999999994
0.0691
0.17830000000000001
0.0626
0.012
0.0
0.1328
0.1242
0.12
0.1184
0.121
0.1411
0.2242
0.2558
0.23170000000000002
0.24830000000000002
0.2323
0.2983
0.2925
0.2355
0.2041
0.2359
0.3456
0.2253
0.2109
0.2185
0.2508
0.2452
0.1996
0.1577
0.0027
0.0
0.0
0.0
0.0
0.0014
0.0153
0.050100000000000006
0.044700000000000004
0.0303
0.0606
0.0542
0.0364
0.039599999999999996
0.0513
0.0668
0.1058
0.0546
0.0302
0.11480000000000001
0.1728
0.1159
0.0387
0.0035
0.0442
0.042499999999999996
0.0402
0.038
0.0349
0.038599999999999995
0.057
0.0876
0.41400000000000003
0.06559999999999999
0.48
0.6859999999999999
0.1407
0.0982
0.10819999999999999
0.18030000000000002
0.7298
0.2099
0.1703
0.31
0.21339999999999998
0.15560000000000002
0.09129999999999999
0.051500000000000004
0.024399999999999998
0.0138
0.0143
0.0208
0.0245
0.0362
0.0
0.0
0.0
0.0
0.0108
0.0
0.0
0.0095
0.0
0.0
0.0
0.0
0.0
0.004
0.0069
0.020499999999999997
0.0101
0.0066
0.7404
0.5755
0.19840000000000002
0.219
0.1747
0.1946
0.22710000000000002
0.2694
0.3094
0.27590000000000003
1.2263
0.4456
0.9791000000000001
0.4525
0.4565
0.5626
0.495
0.48429999999999995
1.5314999999999999
0.9546
0.4806
0.5173
0.47350000000000003
0.3601
0.3328
0.2278
0.1982
0.1615
0.1598
0.1613
0.1814
0.1512
0.1227
0.1459
0.27090000000000003
0.2921
0.5252
0.1695
0.1991
0.1963
0.13429999999999997
0.13040000000000002
0.0927
0.39220000000000005
0.6184000000000001
0.2474
0.24230000000000002
0.1985
0.1755
0.15360000000000001
0.1456
0.1399
0.1358
0.1393
0.134
0.12129999999999999
0.11599999999999999
0.1207
0.1174
0.1298
0.1489
0.17709999999999998
0.2016
0.5984
0.7856
0.4085
0.2986
0.8792
0.5433
0.40180000000000005
0.3692
0.2595
0.1897
0.1655
0.1697
0.1326
0.1018
0.1063
0.0988
0.1058
0.1814
0.1345
0.1086
0.0533
0.034199999999999994
0.0645
0.12890000000000001
0.0192
1.2069999999999999
0.1906
1.1328
1.7462
0.1768
0.2489
0.2304
0.2256
0.0
0.0
0.0
0.0
0.245
0.7738
0.11929999999999999
0.2733
0.5405
0.21610000000000001
0.4727
0.0535
0.0478
0.1281
0.091
0.0
0.0
0.15000000000000002
0.023
0.186
0.12639999999999998
0.0
0.0017
0.0124
0.14429999999999998
0.1421
0.1481
0.1473
0.1537
0.185
0.2323
0.29879999999999995
0.3812
0.34650000000000003
0.9059999999999999
0.4481
0.6795
0.7057
0.44620000000000004
0.722
1.2151
0.3639
0.3599
0.3577
0.2767
0.1767
0.13240000000000002
0.1298
0.3046
0.242
0.1721
0.1728
0.17149999999999999
0.2249
0.2695
0.21389999999999998
0.16570000000000001
0.1714
0.3603
0.1675
0.16570000000000001
0.1522
0.1321
0.1355
0.1756
0.5441
1.0743
0.9305000000000001
0.8234
0.4854
0.29
0.2071
0.0125
0.031
0.0264
0.016300000000000002
0.024
0.0513
0.1494
0.6497
2.0517000000000003
0.5786
0.3785
0.35550000000000004
0.1358
0.1082
0.0951
0.1114
0.1894
0.544
0.3094
0.1091
0.0515
0.0097
0.0012
0.0009
0.21689999999999998
0.1993
0.1058
0.0927
0.0877
0.0932
0.254
0.2731
0.11349999999999999
0.12129999999999999
0.3532
0.1632
0.1681
0.14850000000000002
0.23120000000000002
0.211
0.1577
0.1993
0.18930000000000002
0.1824
0.20879999999999999
0.27049999999999996
0.28990000000000005
0.2145
0.09620000000000001
0.0953
0.0819
0.0849
0.0683
0.05789999999999999
0.0539
0.0542
0.052000000000000005
0.0699
0.0733
0.0599
0.2051
0.10969999999999999
0.0435
0.0271
0.0179
0.0187
0.0189
0.019299999999999998
0.023
0.033
0.0448
0.044700000000000004
0.1027
0.0988
0.10450000000000001
0.096
0.1023
0.1256
0.1814
0.3126
0.7973
0.6319
0.2187
0.165
0.2671
0.3921
0.6503
0.9025
1.6741000000000001
0.5677
0.29369999999999996
0.43420000000000003
0.6874
0.47459999999999997
0.21750000000000003
0.1287
2.1909
3.0673
2.5242
0.7848999999999999
0.7406999999999999
0.9053
0.8512
0.8373
0.5759
0.4714
0.39590000000000003
0.4545
0.6027
1.4466999999999999
2.6991
1.6031
0.9681
1.0484
1.2092
1.9066
2.2123999999999997
2.3904
2.8453
3.2056
0.0595
0.0446
0.0377
0.0337
0.0327
0.0303
0.035199999999999995
0.0369
0.028
0.0341
0.0375
0.13
0.1981
0.2082
0.0655
0.056499999999999995
0.0826
0.11080000000000001
0.10250000000000001
0.1626
0.2185
0.1366
0.1043
0.0833
0.1986
0.1742
0.1371
0.1304
0.1232
0.1229
0.1261
0.1451
0.20400000000000001
0.46919999999999995
0.1857
0.5155
0.1123
0.8554
0.0998
0.0753
0.109
0.2635
0.5736
0.0891
0.14429999999999998
0.132
0.2972
0.49119999999999997
0.16749999999999998
0.148
0.1457
0.1401
0.1345
0.15460000000000002
0.1643
0.3127
0.8338
0.2903
0.16749999999999998
0.1553
0.10350000000000001
0.1215
0.1101
0.1271
0.2713
0.2733
0.6049
0.533
0.625
0.5756
0.3366
0.23470000000000002
0.2008
0.1903
0.1843
0.1814
0.17049999999999998
0.1856
0.19340000000000002
0.3243
0.3987
0.5555
0.2409
0.1454
0.1389
0.1444
0.1725
0.5742
1.2754
0.9712
0.36229999999999996
0.2633
0.2792
0.2992
0.3015
0.24130000000000001
0.2555
0.1525
0.1085
0.09390000000000001
0.0869
0.097
0.1346
0.8488
0.1861
0.202
0.2252
0.0718
0.0343
0.008199999999999999
0.0012
0.0
0.0
0.0
1.4623
0.5367
0.2374
0.2347
0.18409999999999999
0.1483
0.2103
0.1973
0.19
0.19069999999999998
0.18059999999999998
0.2054
0.2418
0.2903
0.3509
0.3349
0.32089999999999996
0.3323
0.5146
0.7738
0.6153
0.6804
1.851
0.8041
0.42510000000000003
0.43910000000000005
1.2542
0.6301
0.3345
0.2329
0.09040000000000001
0.0926
0.09759999999999999
0.0998
0.10969999999999999
0.1466
0.16849999999999998
0.1333
0.1201
0.108
0.1123
0.0661
0.059300000000000005
0.086
0.2821
0.46709999999999996
0.3105
0.2912
0.3808
0.181
0.148
0.10930000000000001
0.07050000000000001
0.0709
0.25680000000000003
0.2582
0.2479
0.2424
0.23399999999999999
0.2422
0.3064
0.8512
0.8514
1.1118000000000001
0.8775999999999999
0.4948
0.587
0.5105
0.4205
0.8114
0.6456
0.3975
0.3444
0.6241
0.6471
0.6087
0.4961
0.33330000000000004
0.2299
0.2052
0.1938
0.1794
0.1687
0.1733
0.1804
0.176
0.2744
0.37470000000000003
0.3177
0.3015
0.2234
0.2593
0.38939999999999997
0.3745
0.7119
0.3749
0.79
0.6158
0.5195000000000001
0.4522
0.366
0.29769999999999996
0.07919999999999999
0.06709999999999999
0.052199999999999996
0.0437
0.045700000000000005
0.038900000000000004
0.19619999999999999
0.4946
0.061599999999999995
0.0433
0.105
0.0317
0.0274
0.0251
0.018500000000000003
0.0136
0.031
0.137
0.1446
0.49260000000000004
0.47609999999999997
0.2107
0.0953
0.0584
0.057300000000000004
0.0595
0.0535
0.0624
0.0655
0.0812
0.108
0.2436
0.6702
0.13040000000000002
0.003
0.0
0.0171
0.0058
0.0
0.0
0.1112
0.15889999999999999
0.0681
0.1418
0.157
0.1402
0.119
0.0756
0.1502
0.131
0.12340000000000001
0.1222
0.1178
0.1303
0.2041
0.31679999999999997
0.1235
0.06470000000000001
0.0363
0.038599999999999995
0.0521
0.061900000000000004
0.0974
0.5327
0.6089
0.9397
1.3126
0.48
0.5421
0.7097
0.4314
0.24980000000000002
0.0
0.0
0.0
0.0
0.0008
0.3308
0.7823
0.0361
0.057300000000000004
0.055
0.0492
0.08449999999999999
0.10089999999999999
0.125
0.11699999999999999
0.09770000000000001
0.11030000000000001
1.5278
0.8355
0.366
0.0262
0.0018
0.0
0.0
0.043300000000000005
0.0433
0.041
0.0417
0.039099999999999996
0.039999999999999994
0.0982
0.32230000000000003
0.21489999999999998
0.42910000000000004
0.19669999999999999
0.1604
0.21789999999999998
0.1806
0.16999999999999998
0.3516
0.38630000000000003
0.2219
0.2626
0.3543
0.3362
0.2883
0.1565
0.0667
0.1815
0.1404
0.16549999999999998
0.1703
0.2462
1.2528000000000001
1.5184
1.0594
0.6263
0.3863
0.1217
0.1535
0.19090000000000001
0.18259999999999998
0.22749999999999998
0.43800000000000006
0.355
0.3188
0.6442
0.1928
0.4718
0.6052
0.2731
0.2057
0.14579999999999999
0.1321
0.137
0.13290000000000002
0.13419999999999999
0.1552
0.20450000000000002
0.2747
0.38139999999999996
0.3376
0.37329999999999997
0.45189999999999997
0.5107
0.4272
0.4833
0.9136
0.5345
1.2019
0.6545
0.5047
0.5083
0.3735
0.2294
0.163
0.0906
0.08399999999999999
0.0798
0.08
0.08549999999999999
0.1116
0.14700000000000002
0.1266
0.1211
0.18009999999999998
0.1422
0.13140000000000002
0.1799
0.14379999999999998
0.1234
0.14190000000000003
0.1632
0.1433
0.2428
0.3075
0.28469999999999995
0.24559999999999998
0.16610000000000003
0.113
0.6195999999999999
0.40159999999999996
0.2444
0.199
0.19190000000000002
0.184
0.19190000000000002
0.2132
0.2761
0.3532
0.5485
0.6915
0.5381
1.1496
0.8384
0.4183
0.46940000000000004
1.6374
1.3942
1.5897000000000001
0.9264
0.827
0.8833
0.6506000000000001
0.0963
0.0877
0.0847
0.08940000000000001
0.0942
0.104
0.2764
0.40900000000000003
0.1566
0.13019999999999998
0.0954
0.07780000000000001
0.0748
0.07239999999999999
0.08360000000000001
0.1326
0.5489999999999999
0.7016
0.5346
0.43389999999999995
0.8580999999999999
0.2094
0.09809999999999999
0.08510000000000001
0.2776
0.2465
0.2368
0.2328
0.2319
0.2447
0.2663
0.4585
0.3575
0.4153
0.4216
0.8064
0.24230000000000002
0.2032
0.1844
0.21760000000000002
0.2568
0.3784
0.7522
0.3611
0.3219
0.3575
0.4892
0.48929999999999996
0.0406
0.0151
0.0117
0.0081
0.0552
0.3218
1.1345
0.0
0.0
0.0
0.0
0.0
0.0
0.0096
0.0015
0.0125
1.6259000000000001
0.3024
1.5270000000000001
1.807
0.9884999999999999
0.5345
0.8234
0.2411
0.1074
0.0933
0.086
0.0793
0.0799
0.0864
0.1038
0.1197
0.1061
0.0916
0.20579999999999998
0.1243
0.6655
0.8294
0.9518
0.24280000000000002
0.19390000000000002
0.7821
0.3136
0.33530000000000004
0.5389
0.2197
0.13540000000000002
0.1033
0.1748
0.1882
0.1615
0.1972
0.3068
0.7267
0.5481
0.3296
0.2839
0.38970000000000005
0.2452
0.246
0.2558
0.2116
0.2011
0.1859
0.7464000000000001
0.5391
1.1791
0.45980000000000004
0.19619999999999999
0.2029
0.1765
0.16720000000000002
0.1507
0.13
0.1276
0.1227
0.1116
0.1186
0.1444
0.1856
0.2168
0.17559999999999998
0.5184
0.763
0.2004
0.20379999999999998
1.0008
0.6868000000000001
0.3298
0.2167
0.12409999999999999
0.1973
0.243
0.2742
0.2158
0.1703
0.078
0.0732
0.07289999999999999
0.0716
0.07070000000000001
0.08779999999999999
0.12129999999999999
0.1492
0.15689999999999998
0.2112
0.1568
0.1139
0.0968
0.1251
0.1396
0.1612
1.4306
0.671
0.39139999999999997
0.7663
0.3545
0.297
0.1506
0.0832
0.2505
0.336
0.25229999999999997
0.20829999999999999
0.1921
0.1893
0.2198
1.0116
0.3216
0.4492
0.4424
0.2113
0.2271
0.2301
0.2723
0.2521
0.2111
0.3265
1.278
0.2378
0.248
0.29000000000000004
0.3377
0.2945
0.20679999999999998
0.1633
0.1352
0.1345
0.1298
0.1385
0.129
0.0514
0.9612
0.0745
0.1274
0.0935
0.0827
0.0788
0.0872
0.1258
0.1976
0.19419999999999998
0.1618
0.4843
0.20129999999999998
0.24680000000000002
0.3499
0.33309999999999995
0.006
0.0042
0.001
0.0029
0.0033
0.010700000000000001
0.0476
0.09759999999999999
0.0739
0.0439
0.0408
0.0543
0.0475
0.0536
0.0492
0.048600000000000004
0.08679999999999999
0.09179999999999999
0.0622
0.1121
0.1513
0.0778
0.018600000000000002
0.0007
0.0817
0.07569999999999999
0.0739
0.0801
0.0763
0.0968
0.1266
0.2331
0.4693
0.1163
0.06559999999999999
0.1225
0.14629999999999999
0.15860000000000002
0.1251
0.0987
0.365
0.6003000000000001
0.086
0.11610000000000001
0.16570000000000001
0.11380000000000001
0.0824
0.07050000000000001
0.0
0.0
0.0
0.0086
0.0
0.0033
0.0
0.1494
0.8361
0.0113
1.05
1.6473
0.6166
0.0743
0.139
0.1531
0.9676
0.4094
0.25680000000000003
0.46649999999999997
0.4889
0.4918
0.2415
0.0
0.0
0.0
0.006
0.0
0.0046
0.0306
0.0972
0.09659999999999999
0.6006
0.5944
0.3833
0.3386
0.5034
0.0
0.4093
1.0458
0.5791
0.1439
0.2031
0.0
0.0
0.0
0.0
0.0
0.3188
0.2986
0.30069999999999997
0.301
0.2919
0.31510000000000005
0.406
0.7933
0.6680999999999999
1.8663
0.3043
0.2143
0.2639
0.2907
0.30400000000000005
0.39280000000000004
0.3439
0.4431
0.9585999999999999
1.1606
0.9297
1.2017
0.7415
0.3956
0.0176
0.0049
0.0
0.0
0.0
0.0
0.0
0.0
0.0465
0.0743
0.582
0.0
0.0
0.0
0.0
0.0
0.0034
0.056600000000000004
0.0007
0.0
0.02
0.059
0.0399
0.0164
0.4466
0.29610000000000003
0.17909999999999998
0.1634
0.16299999999999998
0.1709
0.3937
0.6597
0.1522
0.0979
0.0857
0.0738
0.0802
0.0829
0.0909
0.0939
0.1106
0.1927
0.2109
0.3728
0.4644
0.373
0.31920000000000004
0.2451
0.1254
0.1153
0.1069
0.10600000000000001
0.11149999999999999
0.1263
0.1526
0.2081
0.3198
0.5744
0.378
0.3205
0.4854
0.3362
0.2571
0.2398
0.4585
0.6536
0.3137
0.3477
0.49219999999999997
0.5283
0.3443
0.1716
0.0
0.0
0.0
0.0
0.0
0.0
0.0
0.0
0.0051
1.4325999999999999
0.8131
0.3406
0.0
0.7887
0.5983
0.855
0.0668
0.0428
0.1124
0.0632
0.0
0.0
0.0
0.0
0.21100000000000002
0.1738
0.14679999999999999
0.12140000000000001
0.09620000000000001
0.0938
0.0726
0.1041
0.0696
0.1197
0.0217
1.2221
0.7413
0.013000000000000001
0.0
0.0
0.0071
0.0
1.3824
0.3373
0.2523
0.1683
0.12309999999999999
0.11030000000000001
0.0889
0.0758
0.07039999999999999
0.06889999999999999
0.0686
0.0686
0.0675
0.231
0.1815
0.1486
0.1275
0.0896
0.07400000000000001
0.0695
0.0694
0.0848
0.0727
0.0775
0.1115
0.0992
0.10139999999999999
0.1612
0.2321
0.157
0.1944
0.16949999999999998
0.1562
0.1557
0.1597
0.1718
0.1987
0.23919999999999997
0.31589999999999996
0.5391
0.5146
0.4715
0.2617
0.37329999999999997
0.2682
0.13369999999999999
1.1682
0.8871
0.0949
0.09140000000000001
0.18969999999999998
0.18430000000000002
0.2043
0.1844
0.0035
0.0
0.0081
0.0106
0.009600000000000001
0.0051
0.0159
0.0327
0.0487
0.4335
0.12129999999999999
0.2111
0.1507
0.4448
0.8207
0.9596
0.1197
0.10500000000000001
0.13119999999999998
0.6818
0.3522
0.081
0.0427
0.0241
0.40090000000000003
0.3813
0.3636
0.34650000000000003
0.3436
0.3674
0.4422
0.5351
0.4822
0.5569
0.5918
0.4918
0.44089999999999996
0.4436
0.7459
3.5545
3.6390000000000002
1.1025
1.3169
1.0019
0.8223
1.3464
1.5698
0.62
0.2293
0.20529999999999998
0.2131
0.20829999999999999
0.2163
0.22060000000000002
0.4468
0.9335
0.1019
0.41159999999999997
0.2061
0.13
0.1117
0.1016
0.0824
0.2491
0.2162
0.1424
0.34909999999999997
0.1395
0.14100000000000001
0.1421
0.2242
0.2741
0.5569999999999999
0.5366
0.5047
0.5951
0.785
0.42169999999999996
0.3571
0.3278
0.31120000000000003
0.4845
1.0364
0.30579999999999996
0.3251
0.8816999999999999
0.38939999999999997
0.5285
1.4784
0.9875999999999999
0.4965
0.571
0.5198
0.6403
0.6374
0.4808
0.107
0.1038
0.1073
0.1004
0.092
0.0939
0.1013
0.1412
0.3023
0.1014
0.0741
0.10250000000000001
0.3361
0.1451
0.1965
0.4886
0.503
0.3659
0.1686
0.19979999999999998
0.1618
0.1195
0.0958
0.09090000000000001
0.11610000000000001
0.1071
0.10189999999999999
0.0945
0.08610000000000001
0.0746
0.0665
0.0723
0.0839
0.1059
0.0828
0.07139999999999999
0.0641
0.0925
0.1272
0.1251
0.1099
0.09659999999999999
0.1267
0.122
0.13390000000000002
0.18359999999999999
0.2001
0.14939999999999998
