0.0886
0.0852
0.0848
0.0867
0.0947
0.1154
0.1388
0.1377
0.1464
0.16720000000000002
0.14450000000000002
0.0945
0.1073
0.1398
0.3502
0.6111
0.3143
0.212
0.1802
0.2123
0.3291
0.4453
0.0997
0.0683
0.15560000000000002
0.1649
0.1745
0.1855
0.1614
0.1619
0.1738
0.1845
0.1656
0.1811
0.23249999999999998
0.1691
0.3109
0.7626999999999999
0.5685
0.33799999999999997
0.7813
0.46620000000000006
0.41679999999999995
0.24659999999999999
0.1515
0.12240000000000001
0.1175
0.11069999999999999
0.1623
0.1716
0.1565
0.14550000000000002
0.14229999999999998
0.15799999999999997
0.19619999999999999
0.29610000000000003
0.37260000000000004
0.2464
0.512
0.28490000000000004
0.5757
0.3429
0.6569
0.2492
0.23770000000000002
0.4666
0.6208
0.6257
0.4141
0.32830000000000004
0.25139999999999996
0.19140000000000001
0.1753
0.1663
0.2189
0.20229999999999998
0.0662
0.065
0.033299999999999996
0.0097
0.0168
0.0
0.0
0.0
0.0
0.4166
0.2658
0.9299999999999999
0.0308
0.0708
0.0789
0.49329999999999996
0.7173
0.5128999999999999
0.349
0.261
0.09090000000000001
0.0811
0.078
0.0806
0.07469999999999999
0.06709999999999999
0.069
0.07039999999999999
0.062200000000000005
0.0661
0.055
0.0606
0.08929999999999999
0.1758
0.15039999999999998
0.1501
0.1599
0.1418
0.1928
0.2901
0.19140000000000001
0.1401
0.1073
0.0956
0.0475
0.0392
0.0467
0.0405
0.0387
0.0418
0.0408
0.0857
0.2143
0.7569
1.6602000000000001
0.4537
0.2575
2.3986
0.5133
0.3227
0.4605
0.9255
0.6275
0.9678
0.8787
0.4769
0.2026
0.1099
0.07289999999999999
0.0627
0.0586
0.0574
0.057300000000000004
0.0658
0.0829
0.09140000000000001
0.0874
0.0881
0.0952
0.1066
0.0979
0.1076
0.1638
0.2281
0.1562
0.1834
0.1348
0.1153
0.1417
0.14250000000000002
0.115
0.0879
0.1451
0.11909999999999998
0.1143
0.1387
0.1395
0.1503
0.5657
0.5937
0.4953
0.46799999999999997
0.3348
0.2867
0.27559999999999996
0.34409999999999996
0.4245
1.787
0.40149999999999997
0.5246999999999999
0.6103
0.5317000000000001
2.1737
0.16399999999999998
0.1316
0.14129999999999998
0.0006
0.0
0.0109
0.0083
0.0
0.0
0.0163
0.2047
0.6874
1.4518
1.4415
1.5522999999999998
1.5151
0.37070000000000003
0.4165
1.7973
0.591
0.2219
0.978
0.5826
0.0
0.0
0.0
0.0
0.1352
0.12
0.1195
0.1402
0.2562
0.3218
0.0294
0.0
0.0067
0.0
0.0157
0.0164
0.0446
0.0684
0.0415
0.5695
1.7245
1.1263
1.2614
1.2046999999999999
2.4967
1.0842
0.8288
0.8362
0.18730000000000002
0.17959999999999998
0.1751
0.1699
0.17309999999999998
0.1854
0.2036
0.2362
0.25439999999999996
0.23450000000000001
0.3996
0.2401
0.5757
0.3963
0.5659000000000001
0.456
0.5369999999999999
0.2978
0.2622
0.36560000000000004
0.30879999999999996
0.2743
0.2281
0.201
0.1335
0.1259
0.11549999999999999
0.1112
0.11199999999999999
0.1134
0.15389999999999998
0.33730000000000004
0.4943
0.5507
0.5435
0.3257
0.3564
0.29359999999999997
0.2653
0.2803
0.443
0.40290000000000004
0.4913
0.6395
0.4675
0.41759999999999997
0.32699999999999996
0.192
0.1834
0.1807
0.17980000000000002
0.1778
0.1749
0.196
0.21660000000000001
0.366
0.4575
0.2451
0.21810000000000002
0.4197
0.2874
0.2915
0.32030000000000003
0.4084
0.9906
0.7274
0.3405
0.4129
0.5949
0.2192
0.1542
0.14989999999999998
0.13240000000000002
0.1364
0.132
0.13119999999999998
0.1197
0.1303
0.1496
0.254
0.1842
0.0708
0.05499999999999999
0.0343
0.0243
0.035699999999999996
0.07619999999999999
0.1476
0.23420000000000002
0.8512
0.3285
0.5483
0.2195
0.2522
0.2299
0.16599999999999998
0.0
0.0
0.0
0.0
0.0067
0.0074
0.0
0.0041
0.045
1.8871000000000002
2.0805
4.5689
1.1965
0.5169
0.4795
0.7034
1.3838
0.7734
0.4203
0.3062
0.5057
0.7606999999999999
0.38
0.0
0.237
0.24
0.6174999999999999
0.6376000000000001
0.0852
0.0464
0.0212
0.008900000000000002
0.0
0.0
0.0439
0.6486000000000001
0.4401
0.4259
0.1778
0.2344
0.0163
0.0053
0.0
0.6799
0.0742
0.093
0.09240000000000001
0.0718
0.0
0.0
0.0
0.0
0.0
0.0
0.0
0.0
0.063
0.3358
0.0194
0.0
0.207
0.032
0.5572
0.3114
0.1812
0.3417
0.10200000000000001
0.2015
0.0655
0.0465
0.017599999999999998
0.0
0.14200000000000002
0.10880000000000001
0.1023
0.0984
0.1021
0.0932
0.10719999999999999
0.1261
0.1368
0.1181
0.0954
0.6952
1.0731
0.2095
0.11660000000000001
0.0766
0.0036
1.6288999999999998
2.5153
0.4138
0.29269999999999996
0.19319999999999998
0.11699999999999999
0.1007
0.5670999999999999
0.4964
0.3325
0.2667
0.2459
0.25070000000000003
0.2788
0.30810000000000004
0.5124
0.46240000000000003
0.9354
0.2814
1.2108
0.43989999999999996
0.7811999999999999
0.30210000000000004
0.30469999999999997
0.314
0.2834
0.3648
0.3406
0.3598
0.3277
0.28469999999999995
0.07150000000000001
0.0697
0.0552
0.0584
0.0615
0.0654
0.0945
0.1419
0.18580000000000002
0.3696
0.4012
0.1397
0.5771000000000001
0.27780000000000005
0.2192
0.2225
0.2641
0.3836
0.2883
0.4699
0.4739
0.5157
0.2516
0.0945
0.1301
0.1259
0.1291
0.1396
0.18980000000000002
0.2633
0.49570000000000003
0.917
0.6777
0.9823
0.4904
0.4243
0.0874
0.0828
0.06670000000000001
0.0895
0.16970000000000002
0.17470000000000002
0.4345
0.1768
0.0741
0.0378
0.062
0.06359999999999999
0.4444
0.3796
0.30720000000000003
0.26680000000000004
0.23620000000000002
0.1935
0.20729999999999998
0.2701
0.2711
0.4537
0.5623
0.2911
1.2801
0.9259
0.13019999999999998
0.13140000000000002
0.1741
0.15610000000000002
1.5751
0.4111
0.3861
0.443
0.509
0.3962
0.1325
0.1191
0.1168
0.113
0.11019999999999999
0.11710000000000001
0.1269
0.1493
0.2169
0.2625
0.2427
0.24480000000000002
0.1919
0.2207
0.3425
0.4652
0.4485
0.8908
0.1893
0.1842
0.1917
0.1842
0.1623
0.1375
0.1562
0.1228
0.12440000000000001
0.11330000000000001
0.111
0.1149
0.1402
0.2872
0.5589
0.4582
0.5365
0.47539999999999993
0.3378
0.1489
0.118
0.11030000000000001
0.1232
0.7529
0.9002
0.8783000000000001
0.5526
0.4737
0.355
0.2143
0.10700000000000001
0.0932
0.0878
0.0847
0.0801
0.0801
0.0759
0.0993
0.1328
0.1552
0.1093
0.1459
0.1033
0.0979
0.0901
0.1149
0.1163
0.05
0.0427
0.0572
0.08349999999999999
0.1143
0.1462
0.1356
0.0609
0.049
0.0427
0.045399999999999996
0.0358
0.0515
0.07319999999999999
0.0826
0.144
0.5882000000000001
0.4546
0.7047
0.27969999999999995
0.3107
0.574
1.0077
1.1687
0.6527000000000001
0.4477
0.2516
0.3332
1.1481
0.7556
0.1328
0.2193
0.20090000000000002
0.19340000000000002
0.1855
0.17320000000000002
0.1922
0.21
0.2555
0.2602
0.45940000000000003
0.359
0.2639
0.24659999999999999
0.3845
0.9329999999999999
0.6064
2.177
1.2470999999999999
0.8559
0.5899
0.4736
0.4167
0.34199999999999997
0.2708
0.0834
0.0875
0.0841
0.0825
0.0895
0.1111
0.14700000000000002
0.1619
0.1656
0.2293
0.3906
0.0616
0.0706
0.0896
0.1137
0.2971
0.2177
0.19
0.2827
0.6734
0.2617
0.4829
0.1122
0.07719999999999999
0.2079
0.196
0.1935
0.187
0.1835
0.20379999999999998
0.2387
0.49829999999999997
1.3175
1.2128999999999999
0.4225
0.28359999999999996
0.3116
0.3779
0.3693
0.34909999999999997
0.3538
0.5028
0.9174
0.753
0.9937
0.6248
0.2574
0.20140000000000002
0.0349
0.7337
0.0
0.0
0.0
0.0
0.0
0.0
0.0
0.0
0.1012
0.0154
0.0
0.0
0.0015
0.0
0.0
0.632
0.369
0.0
0.9965
0.0669
0.0
0.0076
0.4676
0.354
0.25830000000000003
0.2249
0.215
0.21389999999999998
0.4522
0.6766
0.1372
0.10389999999999999
0.14950000000000002
0.1329
0.1138
0.1525
0.39570000000000005
0.3965
0.31889999999999996
0.37770000000000004
0.791
1.6689
0.626
0.7033
1.1825999999999999
0.5947
0.15189999999999998
0.1456
0.1407
0.1368
0.1355
0.1591
0.4777
0.5874
0.2686
0.2405
0.21960000000000002
0.2044
0.2137
0.2319
0.2332
0.2837
0.36960000000000004
0.3583
0.5283
0.4331
0.37639999999999996
0.31720000000000004
0.2227
0.1682
0.1523
0.14539999999999997
0.14200000000000002
0.1411
0.1355
0.14379999999999998
0.1521
0.2355
0.34450000000000003
0.1995
0.16870000000000002
0.2253
0.18109999999999998
0.17470000000000002
0.1941
0.4201
0.8337
0.48940000000000006
0.5139
0.5076
0.5589999999999999
0.2134
0.14579999999999999
0.135
0.015200000000000002
0.0066
0.0016
0.0022
0.0
0.0
0.0
0.0
0.0
0.0
0.0
0.0
0.0
0.0
0.0
0.0
0.0085
0.049100000000000005
0.06420000000000001
0.0509
0.0596
0.0866
0.0809
0.052099999999999994
0.1137
0.0969
0.0955
0.0979
0.0926
0.09820000000000001
0.11560000000000001
0.1576
0.2741
0.6806
0.4937
0.5164
0.35419999999999996
0.5027
0.6956
0.38180000000000003
0.4588
1.2294
0.3328
0.2772
0.2617
0.22
0.1704
0.1321
0.0811
0.07830000000000001
0.0708
0.0713
0.0688
0.0873
0.0964
0.4002
0.2399
0.1395
0.12179999999999999
0.0978
0.1948
0.1205
0.16010000000000002
0.23759999999999998
0.45310000000000006
1.9592
0.2992
0.3148
0.1365
0.1231
0.097
0.0775
0.18780000000000002
0.2326
0.1745
0.1136
0.1023
0.0984
0.0925
0.0865
0.1474
0.3974
1.5067
0.2825
0.1812
0.15910000000000002
0.6819999999999999
0.24669999999999997
0.15410000000000001
0.1473
0.1535
0.2977
0.32889999999999997
0.6277
0.9697
0.38570000000000004
0.1641
0.1502
0.14429999999999998
0.1428
0.1411
0.152
0.1935
0.3315
0.2629
0.367
0.2832
0.2999
0.24330000000000002
0.2388
0.2288
0.4591
0.2788
0.2524
0.5299
0.3005
0.31399999999999995
0.3378
0.3008
0.2208
0.0943
0.0902
0.0839
0.0784
0.0826
0.089
0.1052
0.0842
0.061
0.0684
0.11380000000000001
0.2891
0.21639999999999998
0.135
0.1315
0.22920000000000001
0.5284
0.2004
0.4735
0.5356
0.20099999999999998
0.1274
0.1118
0.1045
0.0618
0.0519
0.0453
0.0479
0.0442
0.051699999999999996
0.1017
0.5747
0.43420000000000003
0.366
0.1653
0.0892
0.0985
0.1306
0.417
0.17670000000000002
0.1411
0.2197
0.6678
0.4213
0.1892
0.172
0.1222
0.0864
0.0938
0.07719999999999999
0.07339999999999999
0.066
0.0668
0.0696
0.0812
0.1106
0.154
0.2364
0.6115
0.2242
0.42210000000000003
0.5744
0.5689
0.4685
0.4242
0.2839
0.2579
0.3138
0.3185
0.30979999999999996
0.27080000000000004
0.1643
0.27049999999999996
0.32899999999999996
0.3745
0.6577
0.6147
0.367
0.453
0.5131
0.4904
0.3426
0.6269
0.6046
0.29410000000000003
1.9734
0.394
0.5042
1.2525
0.5819
0.897
1.0737999999999999
0.6122000000000001
0.3064
0.22660000000000002
0.2133
0.1874
0.1482
0.1344
0.13319999999999999
0.12360000000000002
0.1155
0.1162
0.0943
0.6039
0.3062
0.0539
0.06559999999999999
0.0603
0.0532
0.040999999999999995
0.0484
0.0664
0.11460000000000001
0.1804
0.0514
0.1103
0.1611
0.3449
0.3066
0.0189
0.0
0.0
0.0
0.0
0.0
0.0
0.0
0.0
0.0
0.08929999999999999
0.0371
0.0173
0.0403
0.0
0.0
0.0
0.3358
0.7171000000000001
0.6852
1.4013
0.1169
0.06080000000000001
0.0132
0.23420000000000002
0.2165
0.214
0.2148
0.2102
0.2273
0.2506
0.5694
0.48260000000000003
0.3702
0.7565999999999999
0.3171
0.28180000000000005
0.2677
0.2374
0.2493
0.27180000000000004
0.3018
0.2135
0.1894
0.3265
0.6694
0.26559999999999995
0.2234
0.2006
0.1724
0.1634
0.1547
0.1472
0.1523
0.1652
0.1814
0.4996
0.7667
0.5244
0.7293999999999999
0.3362
0.2831
0.355
0.9561
0.7854
0.387
0.3093
0.3493
0.3451
0.34819999999999995
0.3882
0.30569999999999997
0.1605
0.1429
0.1375
0.12930000000000003
0.124
0.1243
0.133
0.14450000000000002
0.1376
0.1697
0.1693
0.5687
0.2505
0.2044
0.1896
0.2061
0.3926
0.2133
0.6619999999999999
0.2728
0.2589
0.2363
0.2077
0.1894
0.271
0.2762
0.3053
0.2747
0.2242
0.2351
0.27969999999999995
0.3083
0.26539999999999997
0.2132
0.1751
0.2116
0.2495
0.2808
1.0858
0.6542
2.028
1.9722
0.5199
0.9664
0.3802
0.192
0.16410000000000002
0.14679999999999999
0.0925
0.078
0.0736
0.0719
0.0664
0.07139999999999999
0.0808
0.1046
0.1396
0.1753
0.2512
0.3005
0.2373
0.7525
0.2292
0.1525
0.3924
0.3632
0.1722
0.21660000000000001
0.4068
0.7058
0.3476
0.14500000000000002
0.13340000000000002
0.1293
0.13040000000000002
0.1426
0.176
0.2153
0.23720000000000002
0.23959999999999998
0.2157
0.24230000000000002
0.1619
0.1283
0.1253
0.1518
0.644
0.2802
0.3164
1.8262
0.9772000000000001
0.5443
0.5161
0.9759
0.0945
0.0916
0.0426
0.0063
0.0
0.0
0.0
0.0
0.0
0.0
0.0007
0.0071
0.0639
0.1491
0.0
0.0074
0.033
0.0
0.0
0.0042
0.0007
0.0281
0.0167
0.046
0.0985
0.0742
0.2047
0.1879
0.1784
0.1719
0.172
0.18380000000000002
0.22870000000000001
0.235
0.2028
0.181
0.2027
0.2705
1.3706
0.3117
0.9595
0.4862
0.473
0.32689999999999997
0.29059999999999997
0.4535
0.4646
0.3206
0.2503
0.2133
0.4823
0.44420000000000004
0.42569999999999997
0.4043
0.4074
1.3325
0.8979999999999999
0.4476
0.4403
0.4572
0.5257000000000001
0.4182
0.4358
0.3789
0.3287
0.32010000000000005
0.3741
0.5193
0.374
0.3397
0.36760000000000004
1.3866
0.6862
0.4414
0.3012
0.2638
0.2592
0.2464
0.2329
0.2415
0.2525
0.2704
0.2921
0.4154
0.6311
1.6002
0.9723999999999999
0.9152
1.2663
0.8485
0.38680000000000003
0.3253
0.3496
0.542
0.605
0.685
0.6855
0.5035
0.0188
0.0142
0.0133
0.0166
0.016
0.0211
0.0958
0.0817
0.022
0.0212
0.0072
0.0
0.0027
0.0078
0.028499999999999998
0.1242
0.0707
0.0438
0.1022
0.1789
0.24670000000000003
0.1371
0.0515
0.0242
0.185
0.0888
0.0823
0.092
0.1122
0.16949999999999998
0.0808
0.030399999999999996
0.0348
0.0432
0.037
0.0237
0.0445
0.0335
0.0086
0.0018
0.029699999999999997
0.2686
0.1981
0.5836
0.8501000000000001
0.322
0.3023
1.0648
0.0857
0.0797
0.0751
0.0756
0.07300000000000001
0.0808
0.091
0.121
0.14600000000000002
0.10969999999999999
0.1056
0.0988
0.0945
0.1177
0.1627
0.1623
0.1248
0.1261
0.14450000000000002
0.21000000000000002
0.2229
0.17020000000000002
0.1061
0.0833
0.0
0.0
0.0
0.0
0.0
0.0
0.0132
0.1628
0.2461
0.6239
0.1061
0.3306
0.11539999999999999
0.0
0.008
0.0219
0.1206
0.6880000000000001
0.0379
0.022
0.0076
0.0
0.0
0.0
0.0437
0.0353
0.032
0.0308
0.0294
0.030899999999999997
0.0393
0.0341
0.0167
0.018799999999999997
0.010700000000000001
0.0291
0.0424
0.0173
0.0036
0.0106
0.0123
0.0395
0.1269
0.0963
0.1007
0.064
0.0596
0.052500000000000005
0.0995
0.091
0.09079999999999999
0.0889
0.0848
0.2808
0.5035999999999999
0.16799999999999998
0.1061
0.11510000000000001
0.0985
0.0566
0.0471
0.0366
0.0374
0.047
0.0702
0.5435
0.275
0.3937
0.249
0.3246
0.2514
0.13640000000000002
0.0285
0.0148
0.0236
0.023899999999999998
0.023
0.0295
0.4377
0.7141
0.0065
0.0
0.011999999999999999
0.0476
0.051699999999999996
0.0453
0.0653
0.3228
0.0762
0.319
0.4592
0.0
0.4119
0.0174
0.0042
0.0108
0.1837
0.192
0.1703
0.1638
0.1673
0.2094
0.7984
0.6198
0.4602
0.2759
0.3629
0.2022
0.1795
0.1675
0.1451
0.12990000000000002
0.1226
0.2892
0.8148
0.9153
0.7373
0.4883
0.2766
0.1881
0.6119
0.4831
0.5273
0.4703
0.4108
0.4063
0.4637
0.5721
0.9256
0.5496000000000001
0.42210000000000003
0.4405
0.6953
0.3913
0.37960000000000005
0.9735
0.8429
1.2884
0.5966
0.4037
0.3786
0.3322
0.34240000000000004
0.43979999999999997
0.12530000000000002
0.1871
0.2677
0.24919999999999998
0.32410000000000005
0.9421999999999999
0.6671
0.1474
0.1483
1.3871
0.905
0.0106
0.0539
0.0032
0.0
0.0
0.0
0.0034
0.0
0.0
0.1065
1.3335
0.4556
0.1901
0.1619
0.1817
0.1355
0.1119
0.11180000000000001
0.12210000000000001
0.6204000000000001
0.8586
0.2409
0.20850000000000002
0.4364
0.1321
0.1507
0.1751
0.3159
0.194
0.1648
0.1879
0.1851
0.2479
0.2383
0.2973
0.26990000000000003
0.16770000000000002
0.0795
0.0911
0.1038
0.09240000000000001
0.1488
0.2524
0.16870000000000002
0.1627
0.1266
0.8509
0.6631
0.6299
0.0682
0.105
0.0942
0.1194
0.5494
0.12459999999999999
0.14100000000000001
0.0854
0.0171
0.0
0.0292
0.0368
0.0040999999999999995
0.0
0.0
0.0012
0.0
0.0
0.0047
0.0102
0.19
0.079
0.3037
0.1162
0.0092
0.0354
0.1217
0.0906
0.0595
0.1482
0.4388
0.1174
0.14190000000000003
0.1348
0.0207
0.0007
0.1038
0.1144
0.1283
0.42200000000000004
0.2515
0.1562
0.19940000000000002
0.18819999999999998
0.2657
0.5392
0.12340000000000001
0.0709
0.0788
0.2304
0.44120000000000004
0.4266
0.3876
0.2611
0.365
0.34550000000000003
0.2356
0.19519999999999998
0.1377
0.0895
0.1064
0.1016
0.09290000000000001
0.0933
0.0843
0.0992
0.2496
0.30860000000000004
0.0501
0.0879
0.0416
0.0329
0.031799999999999995
0.0364
0.0337
0.0878
0.5959
0.10869999999999999
0.40290000000000004
0.5096
0.3506
0.244
0.2237
0.1689
0.21710000000000002
0.2485
0.2875
0.3127
0.31320000000000003
0.304
0.28259999999999996
0.27590000000000003
0.25339999999999996
1.4841
1.1873
0.964
0.5495
0.26739999999999997
0.19729999999999998
0.2167
0.2114
0.2576
0.3206
0.2334
0.1585
0.1262
0.11750000000000001
0.12090000000000001
0.1522
0.12619999999999998
0.11649999999999999
0.10880000000000001
0.1123
0.0935
0.5313
0.24359999999999998
0.09129999999999999
0.09190000000000001
0.0723
0.13690000000000002
0.2721
0.11130000000000001
0.101
0.1252
0.22210000000000002
0.7641
1.1344
0.1376
0.19
0.1832
0.1702
0.1598
0.0748
0.0557
0.052199999999999996
0.0502
0.0442
0.0431
0.0456
0.058399999999999994
0.0658
0.09659999999999999
0.1257
0.3129
0.3042
0.201
0.2052
0.2101
0.8501
1.4198
0.5543
0.43010000000000004
0.4057
0.2722
0.18030000000000002
0.1134
0.0653
0.0629
0.0702
0.0789
0.0738
0.0827
0.1167
0.15589999999999998
0.1946
0.4893
0.1269
0.0975
0.3334
0.41109999999999997
0.8601
0.21839999999999998
0.1882
0.5546
0.2901
0.17980000000000002
0.0799
0.045899999999999996
0.0426
0.048799999999999996
0.0995
0.078
0.07050000000000001
0.0654
0.0581
0.058399999999999994
0.1661
0.26880000000000004
0.0287
0.0494
0.0542
0.0989
0.0669
0.0558
0.0544
0.15539999999999998
0.22039999999999998
0.1882
0.2447
0.1273
0.132
0.124
0.1501
0.14529999999999998
0.21739999999999998
0.2069
0.20129999999999998
0.2
0.19119999999999998
0.1874
0.19369999999999998
0.2123
0.218
0.2546
0.2029
0.1827
0.20500000000000002
0.1959
0.2021
0.2265
0.2325
0.25
0.2919
0.2683
0.2187
0.2381
0.2983
0.2619
0.1604
0.1752
0.1406
0.1437
0.4051
0.6167
0.2563
0.2588
0.38239999999999996
1.5622999999999998
0.549
0.5002
0.7386
1.1699000000000002
0.4004
0.2528
0.16849999999999998
0.0717
0.12969999999999998
0.0295
0.019799999999999998
0.0329
0.025
0.3052
0.2299
0.1429
0.1471
0.14900000000000002
0.1303
0.1396
0.1669
0.1733
0.19790000000000002
0.17670000000000002
0.2081
1.1492
1.677
0.4061
1.1689
0.6831
1.0375999999999999
1.4336
0.9024
1.9754999999999998
1.4512
0.871
0.7568
0.5635
0.23399999999999999
0.29679999999999995
0.2956
0.24559999999999998
0.2331
0.2278
0.24
0.3126
1.3878
0.6826
1.7172999999999998
2.2167000000000003
0.8829
0.2281
0.2253
0.2335
0.20490000000000003
0.2289
0.1977
0.2288
0.245
0.24939999999999998
0.25
0.2144
0.1279
0.1058
0.0931
0.0911
0.08879999999999999
0.0907
0.1016
0.123
0.1651
0.3645
0.429
0.245
0.25079999999999997
0.317
0.3983
0.2645
0.2635
0.6214999999999999
0.5252
0.6578999999999999
0.4316
0.4706
0.3772
0.2066
0.0991
0.0885
0.0834
0.0837
0.0829
0.0852
0.0929
0.1011
0.1047
0.108
0.0975
0.09609999999999999
0.1509
0.1752
0.1884
0.18280000000000002
0.1785
0.2448
0.24620000000000003
0.24380000000000002
0.2378
0.20490000000000003
0.1563
0.1192
0.1109
0.066
0.0542
0.048100000000000004
0.048299999999999996
0.033299999999999996
0.1683
0.7909999999999999
0.0751
0.1612
0.1469
0.1899
0.16010000000000002
0.13590000000000002
0.1144
0.08510000000000001
0.0986
0.348
0.0678
0.0363
0.0448
0.11330000000000001
0.345
0.2692
0.0879
0.0821
0.0832
0.0828
0.0833
0.0939
0.1255
0.15539999999999998
0.2151
0.2612
0.18880000000000002
0.18830000000000002
0.1895
0.2641
0.5069
0.37170000000000003
0.2551
0.24930000000000002
0.5531999999999999
1.0288
0.5038
0.1849
0.1012
0.0896
0.0479
0.0413
0.038400000000000004
0.0276
0.049100000000000005
0.0208
0.7091999999999999
0.5537000000000001
0.2771
0.9914000000000001
1.3514
0.7177
0.3732
0.2126
0.1984
0.1876
0.1751
0.2405
0.247
0.9368
1.4376
0.0221
0.0927
0.0706
0.1118
0.10139999999999999
0.09720000000000001
0.0955
0.0917
0.0968
0.101
0.08349999999999999
0.0518
0.054099999999999995
0.2153
0.131
0.4375
0.088
0.1486
0.2168
0.1122
0.0572
0.0959
0.15710000000000002
0.11729999999999999
0.11410000000000001
0.1194
0.123
0.1641
0.1623
0.18
0.17659999999999998
0.1861
0.2348
0.32430000000000003
0.4679
0.7593000000000001
0.39490000000000003
0.30010000000000003
0.399
0.4498
0.35019999999999996
0.3522
1.3098999999999998
0.8401000000000001
0.5834
0.9649
0.44530000000000003
0.2678
0.1474
0.1111
0.1329
0.2131
0.18869999999999998
0.1911
0.17809999999999998
0.1839
0.21039999999999998
0.2268
0.2537
0.2831
0.2127
0.1077
0.18919999999999998
1.0983
0.217
0.1138
0.11370000000000001
0.23520000000000002
0.6573
0.181
0.2134
0.7399
0.4209
0.3987
0.2902
0.1767
0.18259999999999998
0.2
0.20500000000000002
0.2097
0.2149
0.2371
0.2711
0.2778
0.8293
0.4316
0.44220000000000004
0.5696
0.5814
0.3184
0.9014
0.7691
0.5131
0.7937000000000001
0.24359999999999998
0.1948
0.14650000000000002
0.11380000000000001
0.1299
0.0779
0.0771
0.078
0.079
0.0659
0.0631
0.0666
0.0753
0.1088
0.1005
0.0862
0.07469999999999999
0.066
0.0762
0.1488
0.11649999999999999
0.0815
0.0471
0.0253
0.0179
0.0072
0.0149
0.0293
0.0344
0.3593
0.3216
0.3281
0.3064
0.3073
0.3076
0.3346
1.0035
1.076
0.735
0.2509
0.14629999999999999
0.1063
0.1153
0.1273
0.5272
1.206
1.9043
0.8507
0.4668
0.40190000000000003
0.8912
0.8682
0.4195
0.1787
0.15739999999999998
0.1165
0.1374
0.1828
0.2759
0.3061
0.2946
0.2264
0.3579
0.8006000000000001
0.8291999999999999
1.6294
0.1333
0.17709999999999998
0.1795
1.517
1.0939999999999999
0.7292000000000001
0.2754
0.6894
1.0926
0.8006
0.2656
0.1388
0.1118
0.1059
0.0961
0.09029999999999999
0.09659999999999999
0.09870000000000001
0.122
0.1399
0.176
0.24130000000000001
1.1089
0.46090000000000003
0.4249
0.32999999999999996
0.4898
0.4931
0.40090000000000003
0.1749
0.1377
0.1528
0.1585
0.1894
0.1633
0.1456
0.1321
0.1229
0.1187
0.1197
0.1491
0.1755
0.1209
0.0945
0.09509999999999999
0.0914
0.0884
0.0905
0.0846
0.0732
0.0736
0.07680000000000001
0.1906
0.2563
0.2354
0.2475
0.1853
0.1478
0.13090000000000002
0.0561
0.055099999999999996
0.053500000000000006
0.1412
0.2658
0.3015
0.214
0.2101
0.2664
0.3388
0.1347
0.12869999999999998
0.2137
0.2237
0.2121
0.37270000000000003
0.1469
0.1583
0.2951
0.10569999999999999
0.0736
0.0514
0.06180000000000001
0.0543
0.0477
0.0453
0.0397
0.0315
0.0519
0.0365
0.8671
0.2104
0.1575
0.1615
0.40380000000000005
0.2627
0.21339999999999998
0.1659
0.1298
0.1254
0.1312
0.6391
0.34299999999999997
0.6245
0.9983
0.125
0.0779
0.059800000000000006
0.1397
0.1313
0.176
0.1875
0.1701
0.1401
0.1285
0.10200000000000001
0.1037
0.6224000000000001
0.061399999999999996
0.09970000000000001
0.0516
0.5942000000000001
0.0641
0.109
0.0942
0.0675
0.026000000000000002
0.16979999999999998
0.4315
0.26480000000000004
0.0961
0.10250000000000001
0.3811
0.3556
0.3432
0.32530000000000003
0.302
0.3048
0.30910000000000004
0.2799
0.24580000000000002
0.1416
1.8052000000000001
1.7478
0.8802000000000001
0.4707
0.394
0.48119999999999996
0.5701
0.692
0.6533
0.8299
0.7599
0.8074
0.7945
0.6568
0.046700000000000005
0.0448
0.0387
0.0403
0.038
0.0456
0.0708
0.22
0.20179999999999998
0.1109
0.11460000000000001
0.13090000000000002
0.1427
0.136
0.1765
0.16549999999999998
0.15489999999999998
0.2092
0.1995
0.48750000000000004
0.28300000000000003
0.1173
0.0659
0.045700000000000005
0.0587
0.0368
0.0347
0.0295
0.0249
0.0299
0.0295
0.0294
0.11929999999999999
0.22200000000000003
0.29969999999999997
0.29500000000000004
0.0783
0.0712
0.1078
0.1159
0.4937
0.2497
0.5786
0.2724
0.2495
0.2847
0.3371
0.1673
0.245
0.22649999999999998
0.2233
0.21760000000000002
0.21539999999999998
0.2396
0.3891
0.6731
0.24969999999999998
0.2004
0.17720000000000002
0.15910000000000002
0.1627
0.1729
0.18719999999999998
0.2992
0.47959999999999997
0.3479
0.7415
0.5731999999999999
0.37739999999999996
0.3893
0.4295
0.3258
0.181
0.1609
0.14989999999999998
0.1469
0.1467
0.1562
0.30889999999999995
0.3173
0.1596
0.15510000000000002
0.1424
0.1877
0.1847
0.14950000000000002
0.1359
0.15560000000000002
0.19619999999999999
0.6189
0.6594
0.47609999999999997
0.5345
0.253
0.21089999999999998
0.18030000000000002
0.0060999999999999995
0.0077
0.0171
0.0315
0.0224
0.0811
0.2079
0.0
0.0
0.0
0.0
0.0
0.0
0.0
0.044
0.7624
1.0787
0.8314
0.0
0.24659999999999999
0.3614
0.1792
0.1035
0.087
0.2247
0.2119
0.2168
0.2061
0.2356
0.3977
1.3013
1.5875
0.6892
0.1266
0.0712
0.060899999999999996
0.0544
0.041999999999999996
0.0595
0.078
0.17309999999999998
0.3839
0.2706
0.40149999999999997
1.3893
1.1632
1.1229
0.8335
0.073
0.0612
0.0635
0.051000000000000004
0.046700000000000005
0.042499999999999996
0.1418
0.6643
0.0681
0.20279999999999998
0.2551
0.226
0.1079
0.123
0.247
0.07339999999999999
0.0106
0.0
0.0
0.0
0.0
0.0059
0.0595
0.0655
0.1684
0.1588
0.159
0.1552
0.14200000000000002
0.13629999999999998
0.1259
0.1244
0.1173
0.1117
0.08030000000000001
0.0675
0.0492
0.0795
0.2846
0.6818
1.206
1.2054
0.6561
0.6143
0.349
0.3637
0.2567
0.1968
0.5035000000000001
2.9836
4.0629
0.4582
0.1313
0.157
0.1608
0.1477
0.16620000000000001
0.1527
0.21589999999999998
0.9055
4.3166
1.8674
0.5203
0.5683
0.5977
0.5429999999999999
0.4843
0.439
0.4908
0.4244
0.3187
0.2881
0.061700000000000005
0.0676
0.09029999999999999
0.0797
0.0794
0.0832
0.10880000000000001
0.0681
0.0681
0.0937
0.1275
0.0987
0.1242
0.1562
0.616
2.763
1.0763
1.2461
1.037
1.8619
0.46940000000000004
0.1991
0.1091
0.1001
0.0945
0.0973
0.1006
0.101
0.1041
0.1173
0.1324
0.12819999999999998
0.1109
0.0892
0.0777
0.0991
0.0779
0.0836
0.0793
0.1117
0.1462
0.1382
0.1603
0.1066
0.0885
0.0611
0.055099999999999996
0.0595
0.0867
0.077
0.0754
0.0707
0.07450000000000001
0.09079999999999999
0.1413
0.1674
0.1706
0.2258
0.19979999999999998
0.1605
0.28500000000000003
0.1968
0.3068
0.6469
0.35209999999999997
0.7071999999999999
0.6422000000000001
0.4909
0.2685
0.2798
0.2334
0.1365
0.11510000000000001
0.10300000000000001
0.09670000000000001
0.0926
0.08779999999999999
0.0881
0.0884
0.091
0.0931
0.0982
0.1398
0.2066
0.1232
0.1501
0.2331
0.1865
0.1311
0.1051
0.0955
0.1073
0.1358
0.13269999999999998
0.1116
0.1078
0.2054
0.19840000000000002
0.197
0.21660000000000001
0.2205
0.2128
0.22499999999999998
0.2229
0.22299999999999998
0.2601
0.185
0.1681
0.2208
0.2143
0.23099999999999998
0.4477
0.7957000000000001
0.2768
0.201
0.2121
0.18
0.2162
0.3225
0.2561
0.1731
0.1996
0.2066
0.2074
0.19729999999999998
0.2365
0.3003
0.5479
0.8117
0.1509
0.17270000000000002
0.2076
0.2337
0.2857
0.4109
0.32430000000000003
0.2854
0.4482
0.3267
0.3753
0.2532
0.1513
0.1131
0.118
0.21200000000000002
0.1864
0.186
0.26990000000000003
0.24730000000000002
0.2881
0.4546
1.4679000000000002
0.6838
0.406
0.197
0.1363
0.1177
0.1294
0.17049999999999998
0.9992
0.6957
0.38539999999999996
0.2754
0.31120000000000003
0.2953
0.2934
0.25329999999999997
0.2314
0.0821
0.0806
0.0733
0.06709999999999999
0.06559999999999999
0.0797
0.1076
0.1789
0.4305
0.5632999999999999
0.6564
0.09759999999999999
0.1023
0.1394
0.1753
0.2621
0.9997
0.38849999999999996
0.5327000000000001
0.4087
0.3466
0.2059
0.1069
0.0852
0.1356
0.1188
0.1081
0.1049
0.10120000000000001
0.1053
0.1124
0.1486
0.1774
0.1729
0.19290000000000002
0.1827
0.1653
0.1681
0.18469999999999998
0.192
0.1805
0.3452
0.37
0.32530000000000003
0.33640000000000003
0.331
0.26339999999999997
0.1839
0.5683
0.4797
0.6754
0.433
0.3422
0.33940000000000003
0.34450000000000003
0.40780000000000005
0.4859
0.40290000000000004
0.30269999999999997
0.3536
0.33030000000000004
0.3162
0.3268
0.42679999999999996
0.5605
1.0572
2.8517
1.0
0.34209999999999996
0.3842
0.45999999999999996
0.4938
0.1973
0.20029999999999998
0.2127
0.24309999999999998
0.32689999999999997
0.7842
0.6444
0.32589999999999997
0.24130000000000001
0.2153
0.2429
0.3115
0.3151
0.29679999999999995
0.2613
0.27869999999999995
0.9032
1.034
0.5841000000000001
1.0746
0.2884
0.16570000000000001
0.1372
0.1527
0.0733
0.0508
0.036199999999999996
0.0253
0.0154
0.0112
0.0106
0.013399999999999999
0.0093
0.0435
0.0621
0.1255
0.060399999999999995
0.061
0.0631
0.0558
0.0516
0.1111
0.0558
0.0388
0.0179
0.027700000000000002
0.045899999999999996
0.0514
0.20550000000000002
0.19219999999999998
0.1802
0.1784
0.1782
0.195
0.22110000000000002
0.2623
0.2818
0.3055
0.36150000000000004
0.3427
0.3685
0.4363
0.6805
0.583
1.232
1.7991000000000001
0.6397999999999999
0.6257999999999999
0.5574
0.3821
0.2597
0.2131
0.0966
0.0805
0.07400000000000001
0.07050000000000001
0.0728
0.0854
0.1207
0.1399
0.12179999999999999
0.1348
0.1649
0.2539
0.6602
0.1427
0.1494
0.2003
0.6332
0.3417
0.5824
0.3389
0.3076
0.3189
0.3204
0.2117
0.0687
0.0607
0.0548
0.0527
0.0481
0.0532
0.0513
0.0548
0.057499999999999996
0.392
0.1278
0.074
0.0748
0.0921
0.42710000000000004
0.2843
0.0723
0.06999999999999999
0.053099999999999994
0.0881
0.1691
0.2881
0.1669
0.09129999999999999
0.13090000000000002
0.0984
0.09359999999999999
0.0873
0.08130000000000001
0.0815
0.0889
0.1008
0.107
0.1391
0.1635
0.5198
0.35550000000000004
0.3651
0.1736
0.1157
0.0629
1.4334
0.4169
0.43610000000000004
0.476
0.39790000000000003
0.31720000000000004
0.2067
0.1543
0.1358
0.1271
0.11249999999999999
0.1055
0.0996
0.0926
0.1026
0.09
0.0746
0.5200999999999999
0.5366
0.08
0.5717
0.1424
0.53
0.8217000000000001
0.4072
0.13390000000000002
0.0829
0.1466
0.1306
0.15539999999999998
0.1506
0.227
0.1975
0.1881
0.17709999999999998
0.17109999999999997
0.1838
0.209
0.2672
0.3502
0.502
0.5474
0.5413
1.1357
0.5952999999999999
0.3982
1.1261
0.6126
0.8996999999999999
0.5808
0.4037
0.434
0.5664
0.897
0.4416
0.1747
0.1625
0.16
0.1656
0.17409999999999998
0.3313
0.263
0.24159999999999998
0.268
0.4919
0.3123
0.25839999999999996
0.2308
0.327
0.23759999999999998
0.224
0.1755
0.1593
0.1239
0.05
0.2616
0.4588
0.15889999999999999
0.1678
0.1049
0.0691
0.045899999999999996
0.04
0.036500000000000005
0.0379
0.0386
0.0438
0.0368
0.0458
0.0369
0.1113
0.3151
0.2733
0.0984
0.1078
0.3842
1.0197
0.5983
0.33609999999999995
0.35350000000000004
0.2872
0.3385
0.3043
0.0481
2.7034000000000002
3.8473
3.7485
1.6837
0.0
0.0
0.0
0.0
0.0
0.2824
2.7309
1.2347000000000001
0.0594
0.0
0.3744
0.12969999999999998
0.0529
0.0
0.0
0.0
0.0
0.0214
0.0255
0.020900000000000002
0.0211
0.0264
0.0279
0.0155
0.009899999999999999
0.010499999999999999
0.020200000000000003
0.053899999999999997
0.0276
0.012700000000000001
0.0241
0.12960000000000002
0.0264
0.044
0.078
0.09570000000000001
0.024399999999999998
0.0288
0.044
0.0019
0.0
0.0
0.0
0.0765
0.07250000000000001
0.09390000000000001
0.0885
0.0942
0.1313
0.25870000000000004
0.43820000000000003
0.5722
0.2833
0.6881999999999999
0.8188
1.129
1.3603
1.3754
1.1494
0.7619
0.4959
0.47829999999999995
0.6912
0.5261
0.11549999999999999
0.10930000000000001
0.1056
0.0809
0.0753
0.0708
0.07120000000000001
0.0697
0.0815
0.3993
0.5623
0.3427
0.4561
0.258
0.1466
0.16899999999999998
0.2393
0.4889
0.4006
0.246
0.5506
1.2166000000000001
0.4153
0.3418
0.2914
0.1881
0.1119
0.1396
0.1313
0.1317
0.1362
0.1385
0.1402
0.14550000000000002
0.1547
0.15489999999999998
0.3428
0.10289999999999999
0.08249999999999999
0.3517
0.738
0.4248
0.1615
0.1154
0.13040000000000002
0.4121
0.6885
0.861
0.46109999999999995
0.2392
0.1693
0.0
0.0
0.0
0.0
0.0
0.0
0.0
0.0
0.0037
0.2783
0.0
0.1119
0.1765
0.18580000000000002
0.216
0.2196
0.0517
0.0552
0.1371
0.1178
0.065
0.0279
0.0054
0.0
0.0431
0.0438
0.0464
0.046700000000000005
0.0538
0.0597
0.2746
0.4754
0.1497
0.062
0.0127
0.0
0.0
0.0
0.0
0.5037
0.38
0.7494000000000001
0.45509999999999995
0.20600000000000002
0.1142
0.1332
0.11580000000000001
0.0726
0.052000000000000005
0.0576
0.056400000000000006
0.0526
0.0466
0.08460000000000001
0.17209999999999998
0.6485
0.6979
0.1681
0.2401
0.1532
0.1626
0.1323
0.1135
0.0807
0.06709999999999999
0.1312
0.8577
0.2854
0.1076
0.0475
0.046700000000000005
0.0407
0.27049999999999996
0.2398
0.1875
0.17159999999999997
0.1747
0.2264
0.1698
0.1425
0.1359
0.1566
0.2864
0.1915
0.43270000000000003
0.1535
0.09240000000000001
0.101
0.1065
0.1529
0.4582
0.2724
0.546
0.3492
0.3114
0.2459
0.1553
0.11510000000000001
0.1065
0.0988
0.0907
0.0897
0.1019
0.09659999999999999
0.0536
0.058
0.0433
0.06420000000000001
0.0487
0.0349
0.0302
0.0453
0.0635
0.1388
0.0445
0.0257
0.0156
0.0199
0.0408
0.0446
0.0817
0.0702
0.0673
0.0645
0.0619
0.0624
0.0669
0.10200000000000001
0.1419
0.213
0.11280000000000001
0.0719
0.061399999999999996
0.0336
0.0132
0.014499999999999999
0.0307
0.0949
0.10750000000000001
0.1178
0.0806
0.0689
0.06
0.0577
0.1727
0.16720000000000002
0.1558
0.1528
0.1582
0.182
0.2832
0.397
0.34809999999999997
0.4273
0.23770000000000002
0.1981
0.20500000000000002
0.1991
0.1671
0.18
0.32289999999999996
0.3164
0.4752
0.5526
0.488
0.4912
0.4518
0.24280000000000002
0.1184
0.0726
0.07089999999999999
0.06659999999999999
0.0591
0.0603
0.07819999999999999
0.0947
0.247
0.3258
0.7862
0.9098
0.377
0.24059999999999998
0.3595
0.18530000000000002
0.1878
0.2805
0.11910000000000001
0.1319
0.1527
0.2781
0.322
0.189
0.183
0.16560000000000002
0.1542
0.1469
0.1499
0.9399000000000001
1.1139000000000001
0.25229999999999997
0.2784
0.272
0.2933
0.3131
0.4207
0.3688
0.39470000000000005
1.0739999999999998
0.5601
0.6797
1.5071
0.6155999999999999
0.49539999999999995
0.47130000000000005
0.3637
0.2571
2.4349
4.2538
3.1084
2.2808
0.36740000000000006
0.1192
0.1283
0.1693
0.1923
0.3426
0.8842
1.091
0.978
1.8109
0.7995000000000001
0.8843000000000001
1.2313
1.1721
0.6177
0.4857
0.4944
0.42010000000000003
0.3313
0.2748
0.17409999999999998
0.1706
0.1554
0.1703
0.3553
0.5757
0.22210000000000002
0.2326
0.2092
0.3407
0.5505
0.2087
0.16570000000000001
0.1852
0.15849999999999997
0.181
0.1897
0.2703
0.5818
0.9848
0.33840000000000003
0.4232
0.2596
0.1865
0.0
0.0
0.0
0.0
0.0
0.0
0.0
0.0
0.47729999999999995
0.0
0.0558
0.0654
0.0
0.0
0.0
0.0
0.1064
0.2886
0.4388
0.3878
0.0031
0.0533
0.0457
0.0152
0.0
0.0
0.0
0.0
0.0
0.0
0.0
0.0
0.0
0.0534
0.7957000000000001
0.1885
0.0005
0.1112
0.2988
0.031
0.0
0.0155
0.1581
0.0915
0.0066
0.1133
0.2163
0.036000000000000004
0.1676
0.1461
0.1335
0.13269999999999998
0.12490000000000001
0.1295
0.149
0.3134
0.1931
0.1207
0.0945
0.0902
0.1028
0.1096
0.1396
0.2393
0.6365000000000001
0.9063
0.3058
0.3067
0.3482
0.347
0.3064
0.2216
0.1694
0.16010000000000002
0.1478
0.1457
0.1487
0.1572
0.1785
0.2177
0.2586
0.3287
0.4425
0.9142
1.3824999999999998
0.504
0.3154
0.2912
0.239
0.2408
0.3417
0.7073
0.4468
0.3454
0.2336
0.18309999999999998
0.1552
0.14900000000000002
0.1678
0.1459
0.126
0.1106
0.10400000000000001
0.0802
0.12329999999999999
0.1111
0.5339
0.057800000000000004
0.0435
0.057300000000000004
0.12460000000000002
1.1118999999999999
0.1855
0.1308
0.1595
0.1716
0.16110000000000002
0.1449
0.1122
0.1155
0.0751
0.0424
0.0298
0.030100000000000002
0.0249
0.014499999999999999
0.0089
0.0142
0.020900000000000002
0.0374
0.027700000000000002
0.061
0.1293
0.1111
0.1257
0.0822
0.1763
1.0024
0.2632
0.4384
0.3473
0.1776
0.1558
0.1347
0.14240000000000003
0.1062
0.1079
0.1086
0.1175
0.1286
0.1976
0.2707
0.4548
0.40590000000000004
0.4557
1.0442
0.9505
0.4729
1.2995
0.3223
0.2646
0.2589
1.9686
2.2713
1.6743
0.46049999999999996
0.2301
0.158
0.2258
0.224
0.2193
0.2289
0.24230000000000002
0.2449
0.2697
0.30469999999999997
0.3358
0.7494
0.366
0.2489
0.3789
0.8365
0.7461
0.4792
0.3137
0.3713
0.5408000000000001
0.36970000000000003
0.3534
0.31
0.2727
0.23620000000000002
0.1325
0.10880000000000001
0.0986
0.09459999999999999
0.0902
0.09640000000000001
0.10700000000000001
0.2372
0.4333
0.16049999999999998
0.5472
0.1613
0.1593
0.19180000000000003
0.4732
0.19019999999999998
0.1842
0.31720000000000004
0.11460000000000001
0.1082
0.1497
0.186
0.1725
0.1291
0.2082
0.1594
0.1437
0.14679999999999999
0.14350000000000002
0.1763
0.3366
0.3762
0.2899
0.2792
0.7086
0.3447
0.6203
0.2247
0.1704
0.1622
0.21939999999999998
0.8551
0.3799
0.6807
0.5559000000000001
0.4135
0.2809
0.1871
0.2581
0.1395
0.1367
0.1211
0.1042
0.1169
0.11499999999999999
0.0905
1.3761
0.3252
0.7756
0.4139
0.3415
0.3103
0.5588
0.16720000000000002
0.0974
0.1
0.04
0.0572
0.0456
0.0923
0.17149999999999999
0.2723
0.0726
0.0695
0.0673
0.0758
0.1019
0.1523
0.11410000000000001
0.1058
0.1068
0.14190000000000003
0.1112
0.086
0.14830000000000002
0.14400000000000002
0.12040000000000001
0.17149999999999999
0.1876
0.1361
0.1714
0.1578
0.111
0.0922
0.0817
0.0713
0.219
0.2202
0.21610000000000001
0.19419999999999998
0.2419
0.35319999999999996
0.2823
0.2696
0.2622
0.9047999999999999
1.2004
0.1673
0.1375
0.26780000000000004
0.16299999999999998
0.18930000000000002
0.2393
0.2937
0.3669
1.0030000000000001
1.6663000000000001
0.3852
0.1969
0.241
0.1143
0.109
0.1064
0.10519999999999999
0.1063
0.1153
0.1355
0.1343
0.1075
0.1117
0.1124
0.14379999999999998
0.1376
0.10869999999999999
0.0985
0.125
0.17070000000000002
0.1213
0.12229999999999999
0.1215
0.1053
0.0945
0.0979
0.0995
0.0371
0.0276
0.021400000000000002
0.0192
0.0189
0.016399999999999998
0.0254
0.1111
0.2986
0.2393
0.2638
0.0921
0.1117
0.0816
0.08310000000000001
0.0672
0.0579
0.1357
0.0817
0.0927
0.1078
0.16670000000000001
0.16299999999999998
0.06989999999999999
0.167
0.1774
0.1374
0.12719999999999998
0.1212
0.1108
0.09659999999999999
0.11069999999999999
0.18259999999999998
1.967
2.2746
0.8773
0.221
0.2308
0.9339000000000001
0.3315
0.2841
0.2998
0.9024000000000001
0.658
0.43420000000000003
0.4671
0.434
0.3022
0.0552
0.0599
0.0529
0.0528
0.06129999999999999
0.1362
0.1618
0.0601
0.0431
0.0511
0.0397
0.015
0.041999999999999996
0.047200000000000006
0.0426
0.0658
0.5012
0.9541999999999999
1.0844
0.134
0.1871
0.2022
0.17509999999999998
0.1091
0.0665
0.053599999999999995
0.0453
0.0385
0.0413
0.0368
0.0431
0.0479
0.0359
0.0329
0.0193
0.188
0.2537
0.2842
0.0471
0.0599
0.1171
0.493
0.32739999999999997
0.1965
0.2787
0.18280000000000002
0.13340000000000002
0.09709999999999999
0.026500000000000003
0.0157
0.0057
0.0353
0.0093
0.0137
0.0
0.0
0.7454
1.0657999999999999
0.3806
0.0851
0.12090000000000001
0.0366
0.0
0.0036
1.7463000000000002
0.16499999999999998
0.45740000000000003
0.9466
0.4817
0.2982
0.1449
0.016300000000000002
0.483
0.3133
0.2864
0.26070000000000004
0.2539
0.2734
0.3077
0.7101
0.992
0.3043
0.3357
0.44389999999999996
1.5143
0.8066
0.6317999999999999
0.2704
0.3071
0.38680000000000003
0.3068
0.3523
0.4597
0.5107999999999999
0.4785
0.5555
0.13240000000000002
0.1395
0.16299999999999998
0.21660000000000001
0.1886
0.1618
0.1516
0.1422
0.1511
0.1209
0.0872
0.0634
0.07
0.0878
0.3834
0.2402
0.18730000000000002
0.1548
0.1212
0.20779999999999998
0.15789999999999998
0.2015
0.1867
0.1426
0.154
0.1344
0.7178
0.5938
0.3909
0.2639
0.6283
0.8977999999999999
0.0294
0.2964
0.0
0.0
0.0
0.0
0.0
0.0
0.0
0.0
0.6522
0.4716
0.3348
0.3258
0.4914
0.6052
0.2393
0.20429999999999998
0.19440000000000002
0.18630000000000002
0.1727
0.1724
0.1824
0.2545
0.4709
0.2119
0.1442
0.161
0.1766
0.15
0.133
0.16799999999999998
0.7708
0.337
0.40280000000000005
1.0734
0.5112
0.3255
0.3379
0.3188
0.1833
0.1599
0.15239999999999998
0.1503
0.1451
0.15239999999999998
0.1709
0.1983
0.4596
0.6337
0.26039999999999996
0.856
0.3839
0.34819999999999995
0.46540000000000004
0.3863
0.2694
0.2937
0.2343
0.1932
0.2183
0.2532
0.2832
0.2516
0.1067
0.1185
0.1205
0.1192
0.1265
0.1434
0.1978
0.6282000000000001
1.6584
0.5119
0.1612
0.126
0.14950000000000002
0.193
0.1875
0.1993
0.4877
1.4134
0.8163
1.5452
0.2737
0.12890000000000001
0.1185
0.09720000000000001
0.1132
0.1097
0.1048
0.10600000000000001
0.12969999999999998
0.1417
0.1451
0.138
0.13490000000000002
0.11929999999999999
0.0973
0.0998
0.1889
0.2781
0.163
0.1501
0.8087
0.6950000000000001
0.32989999999999997
0.27249999999999996
0.3472
0.2541
0.1501
0.1136
0.1621
0.1597
0.1553
0.15300000000000002
0.15660000000000002
0.17559999999999998
0.2258
0.2247
0.187
0.22299999999999998
0.19069999999999998
0.2069
0.1948
0.1741
0.1639
0.1838
0.31220000000000003
0.34450000000000003
0.2909
0.2151
0.17909999999999998
0.157
0.1484
0.1441
0.0569
0.0615
0.0411
0.042300000000000004
0.0591
0.053
0.11080000000000001
0.0805
0.0633
0.0274
1.1214
0.7499
0.4607
0.0105
0.0
0.0094
0.1361
0.3867
0.1415
0.18109999999999998
0.277
0.1576
0.0984
0.062
0.2938
0.238
0.22010000000000002
0.18919999999999998
0.16649999999999998
0.1648
0.1689
0.1757
0.3492
0.27949999999999997
0.236
0.2907
0.2499
0.2066
0.1994
0.9892000000000001
1.1429
0.8469
0.3358
0.2673
0.2586
0.2461
0.286
0.30569999999999997
0.1053
0.08810000000000001
0.0863
0.08249999999999999
0.0791
0.329
0.5087
0.1266
0.12259999999999999
0.1232
0.1673
0.1352
0.1419
0.1475
0.10350000000000001
0.8953
0.2592
0.2127
1.4725000000000001
0.2064
0.2656
0.2534
0.159
0.1074
0.1866
0.16399999999999998
0.1441
0.1378
0.1429
0.4371
1.1364999999999998
0.4014
0.28659999999999997
0.3305
0.4452
0.17930000000000001
0.16099999999999998
0.13319999999999999
0.1192
0.111
0.1277
0.6928000000000001
0.4416
0.3219
0.3064
0.2944
0.2354
0.1773
0.107
0.10339999999999999
0.11030000000000001
0.11180000000000001
0.1158
0.15589999999999998
0.2711
0.3588
0.5439
0.4414
0.36860000000000004
0.2666
0.29979999999999996
0.4405
0.9938
0.6919
0.3984
0.5678
0.831
0.5801000000000001
0.4469
0.2454
0.1348
0.1173
0.12329999999999999
0.1152
0.1543
0.19790000000000002
0.2435
0.1785
0.11610000000000001
0.0952
0.0868
0.35100000000000003
0.10700000000000001
0.1162
0.3437
0.1687
0.1329
0.1521
0.10039999999999999
0.09939999999999999
0.32330000000000003
0.1269
0.1078
0.11810000000000001
0.1367
0.1353
0.1663
0.157
0.1505
0.1477
0.1447
0.1401
0.1356
0.1393
0.13590000000000002
0.1501
0.14
0.1298
0.1397
0.1829
0.2042
0.2248
0.2581
0.3558
0.28049999999999997
0.2509
0.2477
0.2563
0.2233
0.1857
0.09789999999999999
0.1051
0.13190000000000002
0.0832
0.5645
0.611
0.33440000000000003
0.26239999999999997
0.16699999999999998
0.16770000000000002
0.024399999999999998
0.6719999999999999
1.5645
0.5333
0.0943
1.1199
0.39169999999999994
0.1814
0.3559
0.2687
0.2273
0.0882
0.0673
0.0912
0.0
0.0
0.0
0.0
0.0
0.0
0.0027
0.0103
0.0147
0.4094
0.0173
0.0
0.0342
0.3065
0.3196
0.032299999999999995
0.0031
0.0347
0.39159999999999995
0.2821
0.0769
0.015
0.0
0.0
0.0
0.0
0.0
0.0
0.0
0.0
0.0
0.011300000000000001
0.0027
0.0
0.0
0.0373
0.0335
0.0035
0.0
0.030600000000000002
0.1262
0.07289999999999999
0.1273
0.08710000000000001
0.111
0.0632
0.0267
0.0003
0.5187
0.3869
0.3408
0.3407
0.3125
0.3322
0.3584
0.5709
0.6809
0.3327
0.3659
0.4867
0.32089999999999996
0.2673
0.2498
1.1284
1.1324999999999998
0.3837
1.084
1.0278
0.344
0.37329999999999997
0.3539
0.7076
0.2267
0.21139999999999998
0.2091
0.21760000000000002
0.2238
0.2469
0.306
0.2827
0.1969
0.1568
0.1164
0.1175
0.1216
0.1135
0.11850000000000001
0.1537
1.1673
1.0501
0.3856
0.8395
0.48739999999999994
0.41600000000000004
0.3779
0.2774
0.1906
0.1716
0.17009999999999997
0.162
0.16
0.1741
0.20829999999999999
0.2686
0.29600000000000004
0.3456
0.3188
0.2687
0.2504
0.2406
0.2482
1.0115
0.7641
0.3798
0.8251000000000001
0.5672999999999999
0.567
0.6775
0.486
0.2821
0.0114
0.004699999999999999
0.0009
0.0018
0.0006
0.0
0.0027
0.0007
0.0
0.0024
0.009899999999999999
0.035
0.0517
0.0823
0.044899999999999995
0.07880000000000001
0.1773
0.1943
0.21660000000000001
0.11760000000000001
0.13
0.0688
0.0325
0.016
0.1573
0.1417
0.13219999999999998
0.13179999999999997
0.1378
0.1349
0.1542
0.1476
0.1544
0.1754
0.1815
0.157
0.3407
0.22610000000000002
0.1925
0.20650000000000002
0.26480000000000004
0.3033
0.2781
0.6091
1.2305000000000001
0.31710000000000005
0.3026
0.2121
0.0942
0.0707
0.0591
0.0534
0.052199999999999996
0.061700000000000005
0.0692
0.0509
0.0267
0.0417
0.0781
0.1092
0.1901
0.0743
0.0643
0.0764
0.0575
0.0895
0.0965
0.0947
0.1126
0.10339999999999999
0.109
0.09759999999999999
0.048
0.0392
0.0402
0.0393
0.036000000000000004
0.0347
0.1374
0.4889
0.29769999999999996
0.43279999999999996
0.1008
0.0868
0.1515
0.1807
0.1668
0.23809999999999998
0.5142
0.5997
0.10919999999999999
0.10869999999999999
0.1195
0.1182
0.0888
0.0557
0.0497
0.0334
0.0496
0.0399
0.0357
0.056499999999999995
0.1394
0.2349
0.1271
0.10880000000000001
0.1066
0.0955
0.1336
0.1278
0.2206
1.3702
1.0747
0.8007
1.662
1.2946
0.2982
0.30569999999999997
0.8807
0.2784
0.1936
0.1733
0.1739
0.1727
0.1652
0.1652
0.1661
0.1524
0.1446
0.1397
0.11879999999999999
0.10880000000000001
0.1434
0.42989999999999995
0.4618
0.9288000000000001
0.5604
0.39239999999999997
0.6548
0.9470000000000001
0.9465000000000001
0.4151
0.2571
0.2195
0.2502
0.24920000000000003
0.2329
0.2064
0.1979
0.1996
0.6414
0.5959000000000001
0.2816
0.43420000000000003
1.1605
1.0455999999999999
2.1149
0.3217
0.2683
0.22039999999999998
0.20290000000000002
0.1664
0.1691
0.1593
0.24580000000000002
0.3488
0.3597
0.31379999999999997
0.0286
0.0105
0.0086
0.0066
0.0154
0.0212
0.0203
0.011300000000000001
0.1169
0.8965000000000001
0.1792
1.2709000000000001
0.2768
0.197
0.3786
0.1677
0.1031
0.1614
0.36610000000000004
0.175
0.2154
0.4722
0.3675
0.06620000000000001
0.1401
0.1306
0.13
0.22709999999999997
0.191
0.123
0.124
0.0971
0.07339999999999999
0.7615
0.1809
0.1343
0.18080000000000002
0.5806
0.1833
0.21539999999999998
0.233
0.4506
0.2546
0.7728999999999999
0.2367
0.4294
0.6373
0.2173
0.0777
0.0494
0.0502
0.0401
0.036199999999999996
0.0525
0.0659
0.0609
1.686
0.7158
0.7645
1.3564999999999998
0.4325
0.4153
0.6988
2.2148
1.283
1.0811000000000002
0.41000000000000003
0.4554
0.4898
0.4822
0.31289999999999996
0.1406
0.0219
0.019200000000000002
0.0098
0.0021
0.0025
0.0
0.0053
0.21660000000000001
0.1087
0.0212
0.2494
0.0
0.0
0.0
0.0
0.0
0.0
0.0
0.0
0.1428
0.049100000000000005
0.0892
0.0784
0.0154
0.038599999999999995
0.0228
0.0103
0.0124
0.009899999999999999
0.0074
0.013
0.025300000000000003
0.006
0.0021
0.0003
0.0
0.4506
0.4402
0.0695
0.1132
1.166
1.4272
0.2904
0.3933
0.253
0.2484
0.42769999999999997
0.2774
0.24659999999999999
0.23420000000000002
0.2291
0.2212
0.2163
0.22460000000000002
0.237
0.2581
0.29469999999999996
0.28859999999999997
0.26549999999999996
0.2726
0.2861
0.32620000000000005
0.391
0.7612
0.6175999999999999
0.44279999999999997
0.3642
0.4248
0.5105
0.4395
0.3362
0.27749999999999997
0.1221
0.1063
0.0953
0.093
0.0889
0.09490000000000001
0.1022
0.1144
0.1355
0.2102
0.44689999999999996
0.6685
0.2506
0.32289999999999996
0.28600000000000003
0.23270000000000002
0.21489999999999998
0.5608000000000001
0.1198
0.1174
0.1189
0.121
0.1316
0.1168
0.7694000000000001
0.6613
0.41000000000000003
0.3752
0.29600000000000004
0.245
0.2359
0.2378
0.2311
0.2241
1.1702
2.7811
4.0992999999999995
4.8285
3.8723
0.8473
0.6722999999999999
0.7935000000000001
1.0524
1.6606999999999998
2.0909
1.2619
1.0028000000000001
0.7167
0.6053
0.48109999999999997
0.9362999999999999
0.3348
0.2672
0.23370000000000002
0.2733
0.32989999999999997
0.48440000000000005
0.8949
0.5164
0.7887
0.6982999999999999
0.9238000000000001
0.5428
0.31089999999999995
0.4843
0.6807
0.26949999999999996
0.1861
0.2243
0.2001
0.22610000000000002
0.37429999999999997
0.09570000000000001
0.0889
0.101
0.1206
0.1394
0.2554
0.38849999999999996
0.2172
0.1738
0.1457
0.0979
0.0843
0.0917
0.1283
0.1824
0.3517
0.1728
0.15489999999999998
0.3082
0.7626999999999999
0.812
0.13419999999999999
0.0767
0.0794
0.10250000000000001
0.0897
0.0838
0.0795
0.0758
0.0733
0.0696
0.07189999999999999
0.0818
0.1095
0.1189
0.1558
0.10400000000000001
0.1341
0.1441
0.1385
0.11879999999999999
0.10519999999999999
0.1361
0.1456
0.19840000000000002
0.1974
0.1488
0.1265
0.1933
0.2016
0.1918
0.1905
0.1864
0.1925
0.2102
0.2242
0.291
0.3492
0.5544
0.2691
0.2146
0.3151
0.2833
0.1995
0.2081
0.41869999999999996
0.2319
0.1832
0.21789999999999998
0.2029
0.1713
0.1547
0.195
0.1761
0.16199999999999998
0.1538
0.1476
0.1637
0.2737
0.32
0.1548
0.1432
0.2191
0.2849
0.4444
0.1876
0.3055
0.24009999999999998
0.1948
0.2162
0.3563
0.3489
0.3222
0.2267
0.1821
0.1594
0.13340000000000002
0.12919999999999998
0.0991
0.1199
0.0921
0.14400000000000002
1.1529
1.4045
1.2584
1.0077
0.5962000000000001
0.2679
0.28049999999999997
0.2345
0.15760000000000002
0.19569999999999999
1.6429
0.3577
0.3194
0.4516
0.7422
0.9227000000000001
0.6167
0.2319
0.307
0.2828
0.27080000000000004
0.2564
0.2461
0.24430000000000002
0.2435
0.2509
0.29869999999999997
0.7724
0.3926
0.3739
0.34409999999999996
0.362
0.38949999999999996
0.47509999999999997
0.6559
0.41500000000000004
0.426
0.4071
0.49679999999999996
0.8676
0.7507999999999999
0.4189
0.0605
0.0469
0.048
0.0455
0.044399999999999995
0.0368
0.068
0.3967
0.3463
0.2882
0.34619999999999995
0.46699999999999997
0.5354
0.2385
0.22799999999999998
0.3996
1.1512
1.0869
0.5844
0.43089999999999995
0.3919
0.3769
0.2509
0.10750000000000001
0.05
0.039099999999999996
0.042300000000000004
0.0388
0.0332
0.0353
0.039900000000000005
0.0637
0.0803
0.1218
0.47040000000000004
0.606
0.33440000000000003
0.3208
0.1861
0.1745
1.0761
0.3545
0.2571
0.28
0.26339999999999997
0.2239
0.1349
0.0706
0.1119
0.1158
0.1112
0.10719999999999999
0.1088
0.1217
0.1518
0.2023
0.2029
0.0853
0.6708000000000001
1.0699
0.2563
0.1779
0.4267
0.3023
0.46559999999999996
0.4202
0.2962
0.38
0.22010000000000002
0.1752
0.12229999999999999
0.1169
0.04
0.0049
0.009
0.013999999999999999
0.0023
0.0092
0.0
0.0042
0.0
0.0
0.4894
0.4524
0.0338
0.4647
0.403
0.8804000000000001
1.7505000000000002
0.2803
0.6788
0.6853
0.1851
0.2417
0.2155
0.13040000000000002
0.0144
0.012199999999999999
0.009399999999999999
0.0097
0.009
0.0
0.006
0.7327
0.1243
0.1466
0.1507
0.1634
0.1659
0.1271
0.1014
0.091
0.2
0.225
0.36719999999999997
0.2945
0.2387
0.1878
0.0973
0.0315
0.2202
0.2094
0.20079999999999998
0.1995
0.1993
0.2168
0.2859
0.2604
0.2185
0.2388
0.2185
0.1907
0.18109999999999998
0.18430000000000002
0.1871
0.1945
0.1839
0.2269
0.1845
0.1676
0.168
0.18180000000000002
0.1899
0.1889
0.08940000000000001
0.0922
0.1053
0.10869999999999999
0.1205
0.15589999999999998
0.2051
0.10769999999999999
0.0587
0.0626
0.0437
0.019299999999999998
0.021199999999999997
0.0207
0.0237
0.0368
0.0308
0.0253
0.0574
0.06390000000000001
0.057800000000000004
0.0682
0.0603
0.057999999999999996
0.0858
0.0744
0.0681
0.0657
0.0645
0.0658
0.0657
0.08080000000000001
0.10020000000000001
0.1343
0.1296
0.1337
0.1026
0.1021
0.1063
0.1232
0.11560000000000001
0.11460000000000001
0.1671
0.15660000000000002
0.1604
0.1791
0.1706
0.1271
0.173
0.1426
0.1293
0.1263
0.1256
0.1338
0.1472
0.137
0.1293
0.1421
0.15539999999999998
0.1614
0.24209999999999998
0.19440000000000002
0.1874
0.2232
0.2623
0.3618
0.4741
0.9240999999999999
0.6763
0.3395
0.29400000000000004
0.23970000000000002
0.0121
0.0152
0.0018
0.0042
0.0179
0.0149
0.0133
0.0696
0.3104
0.7788
0.6898
1.0168
0.365
0.1864
1.0073
0.7148
0.2263
0.26980000000000004
0.7176
0.6418999999999999
0.4796
0.635
0.6321000000000001
0.1115
0.1476
0.13890000000000002
0.1301
0.1277
0.1282
0.1361
0.1791
0.3043
0.3597
0.3406
0.3344
0.2973
0.2979
0.2902
0.27490000000000003
0.31610000000000005
0.435
0.3285
0.3516
0.4411
0.4585
0.44020000000000004
0.32130000000000003
0.19890000000000002
0.0003
0.0104
0.0
0.0
0.0
0.0
0.0
0.0046
0.0044
0.0
0.4955
0.22899999999999998
0.6944
0.1556
0.0
0.0
0.0235
0.34109999999999996
1.0070999999999999
0.5268999999999999
0.031100000000000003
0.15400000000000003
0.12090000000000001
0.0269
0.0867
0.0784
0.0742
0.0697
0.0707
0.08030000000000001
0.0985
0.1268
0.1476
0.1616
0.1695
0.155
0.4526
0.33499999999999996
0.3009
0.4491
0.6551
0.2702
0.2621
0.3986
0.2661
0.20350000000000001
0.1414
0.10469999999999999
0.0664
0.0653
0.0626
0.0723
0.0673
0.08080000000000001
0.1656
0.154
0.0707
0.0405
0.035500000000000004
0.035500000000000004
0.0283
0.026799999999999997
0.0088
0.7403000000000001
0.7674
0.1809
0.6889000000000001
0.8094
1.501
0.3173
0.1758
0.1005
0.24280000000000002
0.22899999999999998
0.2244
0.2193
0.2257
0.2485
0.2849
0.319
0.2707
1.3373
0.3227
0.514
0.6761
0.3418
0.2344
0.8938999999999999
0.4649
0.43220000000000003
0.6654
0.4421
0.40690000000000004
0.3804
0.3134
0.2621
0.06760000000000001
0.057999999999999996
0.059
0.0565
0.0632
0.175
0.7085
0.0664
0.0519
0.0495
0.0618
0.0567
0.060300000000000006
0.0665
0.09029999999999999
0.1354
0.43200000000000005
0.2986
0.23870000000000002
0.9523999999999999
0.5835
0.2921
0.1313
0.0911
0.3383
0.32709999999999995
0.3181
0.3153
0.295
0.31079999999999997
0.3187
0.3564
0.3288
1.1124
1.7263000000000002
0.7964
0.9864
0.3448
0.2968
0.3456
0.3528
0.4171
0.5947
0.5584
0.5429999999999999
0.5219
0.5168999999999999
0.4363
0.0596
0.048100000000000004
0.0446
0.0446
0.045799999999999993
0.051699999999999996
0.0691
0.0767
0.07039999999999999
0.164
0.0799
0.10869999999999999
0.087
0.0735
0.0524
0.0902
0.12210000000000001
0.07769999999999999
0.1114
0.0637
0.0832
0.1184
0.1412
0.1042
0.0862
0.08399999999999999
0.07930000000000001
0.0794
0.07769999999999999
0.0891
0.1094
0.1417
0.1864
0.2012
0.2107
0.2736
0.2074
0.16849999999999998
0.2153
0.16899999999999998
0.1344
0.15739999999999998
0.1056
0.091
0.0744
0.0623
0.0634
0.0619
0.2734
0.2397
0.2138
0.2116
0.2174
0.2401
0.5367999999999999
0.3893
0.2373
0.2548
0.2783
0.3806
0.3029
0.2538
0.2424
0.271
0.2711
2.1324
0.7641
0.4629
0.8498
0.4668
0.39880000000000004
0.34030000000000005
0.0838
0.08299999999999999
0.0809
0.0848
0.0938
0.1008
0.13929999999999998
0.1405
0.1158
0.12159999999999999
0.0889
0.0863
0.1046
0.11019999999999999
0.1116
0.1335
0.29269999999999996
1.4399000000000002
1.9718
0.8432999999999999
1.1663000000000001
0.33430000000000004
0.1573
0.10719999999999999
0.19729999999999998
0.1854
0.1782
0.1681
0.1628
0.1689
0.174
0.16849999999999998
0.1689
0.19519999999999998
0.2055
0.4229
0.3469
0.2683
0.2147
0.8242
0.3235
0.2745
0.42380000000000007
0.43610000000000004
0.5151
0.2825
0.2163
0.19890000000000002
0.067
0.0664
0.0576
0.050600000000000006
0.0795
0.2394
0.17
0.1447
0.1649
0.17149999999999999
0.1409
0.1069
0.433
0.20440000000000003
0.19440000000000002
0.4284
0.7154
0.7802
0.6702
0.41469999999999996
0.1866
0.1352
0.0927
0.08249999999999999
1.3738000000000001
1.3605999999999998
0.8796999999999999
0.2289
0.2076
0.17959999999999998
0.21050000000000002
0.2293
0.31320000000000003
0.5773999999999999
1.8432
1.1927
1.0441
1.2547
1.4838
1.2626
0.6469
0.48660000000000003
0.6873
1.1711
0.8899
0.9183
1.6093000000000002
0.9843
0.14679999999999999
0.14079999999999998
0.14300000000000002
0.1444
0.1386
0.12689999999999999
0.1202
0.13949999999999999
0.15460000000000002
0.1958
0.1129
0.0677
0.0517
0.0543
0.048
0.0661
0.1001
0.0954
0.1659
0.3263
0.1704
0.1898
0.3265
0.1948
0.10139999999999999
0.08080000000000001
0.07450000000000001
0.0718
0.067
0.0751
0.09040000000000001
0.1299
0.1502
0.20229999999999998
0.16870000000000002
0.137
0.5277
0.7233
0.1886
0.1941
0.44020000000000004
1.9495999999999998
0.7141
0.2548
0.2275
0.2123
0.174
0.1274
0.1681
0.14739999999999998
0.1345
0.1273
0.1217
0.1249
0.1282
0.1423
0.1586
0.2127
0.2506
0.2801
0.3237
0.2541
0.2231
0.203
0.1889
0.3145
0.2793
0.2301
0.2331
0.2502
0.25670000000000004
0.2152
0.0542
0.0401
0.0203
0.033
0.0254
0.7930999999999999
0.8526
0.061
0.0221
0.058399999999999994
0.1641
0.2447
1.5408
0.0472
0.0047
0.028000000000000004
0.0206
0.1107
0.1429
0.045899999999999996
0.0322
0.0329
0.024999999999999998
0.0146
0.20179999999999998
0.18
0.16799999999999998
0.1603
0.1523
0.1548
0.1582
0.1728
0.5366
0.1786
0.2396
0.2754
0.1517
0.1849
0.32430000000000003
0.4766
0.7182999999999999
0.2163
0.1617
0.18330000000000002
0.2804
0.2962
0.1971
0.173
0.0468
0.029400000000000003
0.020900000000000002
0.0167
0.0138
0.007599999999999999
0.0049
0.0234
0.0606
0.0567
0.0699
0.020200000000000003
0.012400000000000001
0.0085
0.0036999999999999997
0.006500000000000001
0.0004
0.0143
0.0223
0.0495
0.045
0.08929999999999999
0.14700000000000002
0.08549999999999999
0.17759999999999998
0.16670000000000001
0.17049999999999998
0.1588
0.1533
0.1654
0.20929999999999999
0.2556
0.3196
0.4293
0.44079999999999997
0.3954
0.3787
0.505
0.7019
1.2405
1.2221
0.7781
1.6502
2.1483
1.2107
0.3797
0.2301
0.202
0.09409999999999999
0.0947
0.0885
0.0856
0.0869
0.11599999999999999
0.22649999999999998
0.2436
0.2751
0.1845
0.3345
0.1364
0.6053999999999999
0.2359
0.19519999999999998
0.11910000000000001
0.11230000000000001
0.2333
0.2762
0.4023
0.37439999999999996
0.2546
0.1527
0.0961
0.099
0.09620000000000001
0.0938
0.0959
0.1015
0.1154
0.1212
0.1168
0.1265
0.17820000000000003
0.1573
0.1477
0.1409
0.1507
0.1206
0.12
0.1266
0.1331
0.1926
0.24719999999999998
0.26370000000000005
0.1982
0.1172
0.096
0.0366
0.030100000000000002
0.030899999999999997
0.035699999999999996
0.026500000000000003
0.0735
0.3473
0.11069999999999999
0.0482
0.0591
0.0487
0.044399999999999995
0.055900000000000005
0.059
0.0561
0.7675000000000001
0.8141
1.1717
1.0878
0.3437
0.41869999999999996
0.2501
0.11180000000000001
0.062
0.09570000000000001
0.0885
0.08399999999999999
0.0816
0.0796
0.09090000000000001
0.125
0.1621
0.1265
0.0925
0.0837
0.0949
0.1537
0.1175
0.1345
0.4097
0.2505
0.2996
0.6322
0.3588
0.2317
0.1607
0.11860000000000001
0.093
0.0992
0.1004
0.0862
0.082
0.0817
0.09079999999999999
0.1023
0.10600000000000001
0.1197
0.4488
0.2516
0.0931
0.2284
0.17980000000000002
0.133
0.09570000000000001
0.0815
0.1269
0.24419999999999997
0.3429
0.2562
0.3406
0.2695
0.1328
0.19740000000000002
0.1738
0.1617
0.15589999999999998
0.1502
0.15839999999999999
0.176
0.199
0.6091
0.3548
0.2847
0.2994
0.2822
0.2849
0.5139
0.746
0.6112
0.48129999999999995
0.9236
0.6959
0.37539999999999996
0.3403
0.297
0.24609999999999999
0.0255
0.0134
0.0238
0.0223
0.012199999999999999
0.0161
0.019700000000000002
0.0306
0.0211
0.0147
0.0
0.7817
0.1126
0.08149999999999999
0.17570000000000002
0.3906
0.41000000000000003
0.597
1.0842
0.494
0.2761
0.1391
0.0707
0.048
0.0
0.0
0.0
0.0
0.0
0.0
0.0
0.0
0.0
0.0
0.0
0.4931
0.0074
0.0369
0.0531
0.031100000000000003
0.093
0.2548
0.6408
0.1781
0.2999
0.17020000000000002
0.1402
0.044
0.0
0.0
0.0
0.0005
0.0151
0.52
0.8684000000000001
0.1085
0.0108
0.014799999999999999
0.0115
0.0342
0.055999999999999994
0.0484
0.0956
0.1111
0.219
0.9148000000000001
0.3437
1.2258
0.0
0.0
0.0092
0.0172
0.0578
0.0494
0.0402
0.0383
0.0385
0.0359
0.1277
0.2797
0.0562
0.044
0.3357
0.3547
0.1206
0.0041
0.0
0.0
0.0
0.0
0.7563
0.3264
0.37959999999999994
0.1492
0.0973
0.0567
0.5366
0.37639999999999996
1.0817
1.1118000000000001
0.8965000000000001
0.9305000000000001
0.1724
0.1178
0.13369999999999999
0.1656
0.2986
0.47140000000000004
0.4557
0.18980000000000002
0.2289
0.2748
0.1727
0.13419999999999999
0.555
0.39339999999999997
0.20779999999999998
0.1781
0.1976
0.8656999999999999
0.0
0.0
0.0
0.0
0.0
0.0
0.0
0.0
0.0
0.0271
0.10880000000000001
2.0191
0.5083
1.0150000000000001
0.0
0.0
1.9887000000000001
0.19699999999999998
0.0923
0.4573
0.1976
0.8871
0.656
0.0
0.2837
0.23320000000000002
0.2
0.1946
0.1891
0.1825
0.1755
0.2033
0.1769
0.16920000000000002
0.1545
0.1737
0.6940000000000001
0.6068
0.4588
0.49970000000000003
0.6454
1.4223
0.7619
0.47009999999999996
0.41790000000000005
0.4074
0.4123
0.3614
0.21500000000000002
0.1893
0.1718
0.1695
0.1629
0.1691
0.212
0.2839
0.20879999999999999
0.1661
0.1552
0.14579999999999999
0.15460000000000002
0.1614
0.2287
0.331
0.7462
0.5735
0.6136999999999999
0.5459
0.4682
0.5232
0.5076
0.3092
0.094
0.0872
0.0812
0.07519999999999999
0.074
0.0811
0.0947
0.1187
0.22970000000000002
0.291
0.3665
0.1729
0.15749999999999997
0.1936
0.32430000000000003
0.3634
0.6618999999999999
0.3282
0.3246
0.3386
0.2786
0.2173
0.15050000000000002
0.1075
0.2771
0.1526
0.1006
0.0685
0.058899999999999994
0.051199999999999996
0.0416
0.0159
0.3318
0.0582
0.0429
0.0588
0.025500000000000002
0.032
0.14600000000000002
0.43389999999999995
0.9357
0.766
0.37939999999999996
0.39580000000000004
0.2778
0.181
0.1691
0.18130000000000002
0.0692
0.0677
0.0744
0.0902
0.0955
0.1003
0.12129999999999999
0.1371
0.1266
0.1465
0.08149999999999999
0.053500000000000006
0.054900000000000004
0.6585
0.1802
0.19569999999999999
0.5463
0.47309999999999997
0.1933
0.15710000000000002
0.124
0.0977
0.0877
0.07100000000000001
0.1076
0.0925
0.08629999999999999
0.08
0.0794
0.078
0.0799
0.0897
0.1398
0.7167
0.612
0.1388
0.0939
0.1076
0.1354
0.17120000000000002
0.2538
0.2151
0.2531
0.2738
0.3184
0.4214
0.2762
0.1527
0.0382
0.03949999999999999
0.0314
0.033299999999999996
0.0364
0.0553
0.2879
0.1169
0.0731
0.062099999999999995
0.1069
0.0557
0.0601
0.0823
0.1774
0.1387
0.1
0.3931
0.1492
0.3133
0.5702
0.0753
0.0239
0.0236
0.19
0.17930000000000001
0.1689
0.16810000000000003
0.1608
0.17420000000000002
0.2135
0.3045
1.1919
0.5643
0.4249
0.2788
0.34950000000000003
0.37239999999999995
0.3729
0.3242
0.2328
0.19240000000000002
0.047200000000000006
1.2255
0.37529999999999997
0.4011
0.3548
0.26249999999999996
0.0703
0.0516
0.0615
0.054099999999999995
0.0514
0.0511
0.049600000000000005
0.0624
0.0534
0.0722
0.1049
0.6763
0.9485
0.37039999999999995
0.3094
1.0612
1.137
0.6004
0.48019999999999996
0.6507000000000001
0.49140000000000006
0.32689999999999997
0.1976
0.11549999999999999
0.18380000000000002
0.1632
0.1446
0.1353
0.12390000000000001
0.1251
0.1293
0.1542
0.1701
0.4023
0.3674
0.3789
0.3887
0.18180000000000002
0.1348
0.13040000000000002
0.12240000000000001
0.14200000000000002
0.3971
0.5403
0.4473
0.4558
0.6806
0.35650000000000004
0.1414
0.1316
0.1347
0.13429999999999997
0.15050000000000002
0.187
0.4024
0.812
0.2339
0.35
0.2298
0.10289999999999999
0.0838
0.0856
0.0854
0.1344
0.3133
0.1465
0.2222
0.1636
0.13080000000000003
0.1152
0.1091
0.1114
0.1644
0.14579999999999999
0.127
0.1283
0.1347
0.1355
0.1564
0.1499
0.1477
0.1545
0.16160000000000002
0.14600000000000002
0.3792
0.2424
0.2343
0.2882
0.5431
0.8175
0.4745
0.8241
1.2754
0.4036
0.34099999999999997
0.2434
0.3387
0.29369999999999996
0.29469999999999996
0.2801
0.276
0.2903
0.2973
0.2867
0.2953
0.26380000000000003
0.2469
0.24830000000000002
0.2601
0.328
0.7754
1.1389
0.4743
0.9018999999999999
1.1242
1.441
0.901
0.9194
0.9743
0.5037
0.09820000000000001
0.0858
0.0823
0.0575
0.0653
0.0829
0.4831
0.9795
0.20829999999999999
0.21710000000000002
0.5788
1.3241
0.4004
0.2398
0.23399999999999999
0.1851
0.9801
1.5259999999999998
2.6644
0.4133
0.2901
0.2772
0.2074
0.14579999999999999
0.1845
0.136
0.126
0.12769999999999998
0.1331
0.6826
0.2688
0.0289
0.0044
0.0204
0.0097
0.0258
0.0171
0.0163
0.023600000000000003
0.0974
0.49539999999999995
1.9121000000000001
0.1639
0.1488
0.2512
0.5573
0.30720000000000003
0.30479999999999996
0.1911
0.1716
0.1591
0.1441
0.1323
0.1149
0.1042
0.10389999999999999
0.1097
0.1513
0.2039
0.15689999999999998
0.13979999999999998
0.1869
0.11549999999999999
0.0995
0.09570000000000001
0.09179999999999999
0.1147
0.1699
0.20400000000000001
0.235
0.2205
0.18969999999999998
0.5959000000000001
0.48050000000000004
0.47250000000000003
0.4716
0.47350000000000003
0.48850000000000005
0.4829
2.1988000000000003
0.5778
0.5265
0.5681
1.2064
0.6578999999999999
0.546
0.47850000000000004
0.4885
0.7732
0.6544
0.4697
0.4612
0.4411
0.4113
0.4173
0.5592
0.0538
0.0456
0.042499999999999996
0.051000000000000004
0.06459999999999999
0.0707
0.0384
0.0241
0.0162
0.0349
0.0277
0.023100000000000002
0.059000000000000004
0.07469999999999999
0.035
0.0756
0.0774
0.06259999999999999
0.16670000000000001
0.08729999999999999
0.0722
0.0758
0.0814
0.0693
0.1615
0.1439
0.1278
0.1362
0.1199
0.1308
0.1829
0.4339
0.9945
0.2838
0.23919999999999997
0.1706
0.1745
0.1504
0.1134
0.11019999999999999
0.1296
0.35609999999999997
0.9729000000000001
0.8009
0.4356
0.4138
0.9089
0.3257
0.1154
0.0712
0.0618
0.0333
0.0424
0.1052
1.0328
0.1483
0.062200000000000005
0.0802
0.1587
0.2002
1.0166
0.1316
0.20879999999999999
1.0294
1.0253
0.196
0.20500000000000002
0.4258
1.3399999999999999
0.6268
0.88
0.3982
0.10400000000000001
0.09559999999999999
0.0936
0.1022
0.1187
0.2522
0.1924
0.0749
0.0601
0.07050000000000001
0.0676
0.0571
0.0649
0.07319999999999999
0.09920000000000001
0.1163
0.0951
0.1241
0.1407
0.134
0.1124
0.12
0.1194
0.10600000000000001
0.2808
0.2447
0.2286
0.2187
0.2205
0.2326
0.2613
0.2391
0.2145
0.2146
0.2175
0.2553
0.8210999999999999
0.2606
0.2726
0.5609
0.4894
0.7515000000000001
0.6685
0.4334
0.4059
0.37529999999999997
0.3771
0.3543
0.1042
0.0936
0.0895
0.0882
0.0864
0.0943
0.1318
0.1921
0.1371
0.1232
0.1005
0.09870000000000001
0.1104
0.1193
0.139
0.2054
0.1846
0.1706
0.1208
0.1084
0.1114
0.13119999999999998
0.1406
0.12090000000000001
0.2117
0.1916
0.1835
0.1854
0.1782
0.191
0.2118
0.3226
0.8642
0.4315
0.2872
0.3497
0.3528
0.4234
0.3669
0.3252
0.36719999999999997
0.6323
0.2347
0.20829999999999999
0.25370000000000004
0.3067
0.3084
0.2455
0.07500000000000001
0.0594
0.0785
0.0669
0.0738
0.1412
1.2913999999999999
0.3943
0.34609999999999996
0.4171
0.4012
0.2589
1.6638
0.6793
0.745
0.5169999999999999
0.31179999999999997
0.32689999999999997
0.4826
1.0156999999999998
0.5607
0.44889999999999997
0.2213
0.1115
0.1326
0.11019999999999999
0.1096
0.10239999999999999
0.0948
0.1027
0.1174
0.14140000000000003
0.2772
0.5904
0.48510000000000003
0.6789999999999999
0.45799999999999996
0.2992
0.9299999999999999
1.0491000000000001
0.7527
0.4898
0.5773999999999999
0.5229
0.39390000000000003
0.34909999999999997
0.2764
0.1972
0.133
0.08529999999999999
0.0672
0.07100000000000001
0.0638
0.0603
0.0597
0.07919999999999999
0.1005
0.1276
0.1256
0.2999
0.5737
1.2508
0.20850000000000002
0.16649999999999998
1.2465000000000002
0.868
0.4172
0.39590000000000003
1.1159
0.5002
0.4194
0.3217
0.0784
0.057300000000000004
0.0618
0.0597
0.0498
0.050600000000000006
0.0677
0.14579999999999999
0.3402
0.5449999999999999
0.5851999999999999
0.39980000000000004
1.839
1.1131
1.053
0.6763
1.3680999999999999
2.3417
0.8779999999999999
1.323
0.9374
0.8628
0.4782
0.1735
0.048100000000000004
0.0427
0.0567
0.0566
0.0683
0.07930000000000001
0.1471
0.1989
0.33640000000000003
0.4239
0.24810000000000001
0.4098
0.9942
0.3208
0.21610000000000001
0.21150000000000002
0.2551
0.2937
0.35419999999999996
1.4325
1.167
0.1977
0.07930000000000001
0.06670000000000001
0.07289999999999999
0.0655
0.0583
0.0579
0.0604
0.0699
0.08610000000000001
0.0925
0.0885
0.1127
0.1264
0.155
0.1768
0.1282
0.11180000000000001
0.1183
0.1652
0.27749999999999997
0.2422
0.2706
0.3326
0.244
0.1561
0.0999
0.0445
0.008799999999999999
0.0393
0.0127
0.0262
0.033100000000000004
0.0395
0.0424
0.08460000000000001
0.2692
0.26949999999999996
0.5056
1.1156000000000001
1.4405999999999999
2.428
1.2327
0.6372
0.3858
0.2378
0.2051
0.20179999999999998
0.5721
0.7304
0.1329
0.0317
0.0343
0.0304
0.0274
0.0151
0.0217
0.08310000000000001
0.1086
0.027499999999999997
0.0428
0.11049999999999999
0.0938
0.0428
0.0298
0.0513
0.0195
0.0
0.0
0.0
0.0
0.0
0.0
0.0
0.0
0.1835
0.1679
0.1599
0.1564
0.1565
0.1699
0.1933
0.23120000000000002
0.2594
0.2781
0.2933
0.2874
0.3234
0.3012
0.3368
0.3482
0.3449
0.3312
0.3049
0.3458
0.3597
0.3833
0.3558
0.2552
0.1582
0.1375
0.1338
0.1254
0.1113
0.1042
0.0877
0.0743
0.069
0.0659
0.0511
0.0571
0.0811
0.21359999999999998
0.193
1.0262
0.3792
0.2779
0.8631
0.92
0.6852
0.4638
0.267
0.2102
0.1718
0.18159999999999998
0.1473
0.15239999999999998
0.1209
0.3714
0.43489999999999995
0.3155
0.35150000000000003
0.4695
0.6464
0.6409
1.827
0.1245
0.149
0.1437
0.16999999999999998
1.0598999999999998
1.4685000000000001
0.4903
0.3152
0.2562
0.202
0.17370000000000002
0.0818
0.0764
0.0714
0.0706
0.0706
0.0851
0.2028
0.8803
0.3459
0.3058
0.28580000000000005
0.2488
0.247
0.2748
0.2495
0.24559999999999998
0.5359
1.0339
0.7012
0.5450999999999999
0.4394
0.2474
0.1209
0.094
0.9935
1.7788
0.6964
0.2763
0.0708
0.0089
0.0
0.0097
0.0
0.0
0.0
0.0
0.0
3.2413000000000003
0.5817
0.29610000000000003
0.48550000000000004
0.5618000000000001
0.4229
0.8624999999999999
2.6399
2.575
1.4983
1.815
0.1084
0.1041
0.10500000000000001
0.1083
0.112
0.1233
0.1487
0.1327
0.1038
0.0974
0.0814
0.0663
0.066
0.0702
0.0668
0.0775
0.097
0.0814
0.0828
0.1108
0.10200000000000001
0.1125
0.1146
0.108
0.12490000000000001
0.1133
0.109
0.10769999999999999
0.10830000000000001
0.11829999999999999
0.1387
0.18109999999999998
0.1947
0.2257
0.2466
0.2792
0.185
0.186
0.18080000000000002
0.252
0.2264
0.1674
0.1604
0.16949999999999998
0.19790000000000002
0.2193
0.1951
0.1568
0.1393
0.1369
0.1278
0.1259
0.125
0.12290000000000001
0.4715
0.7897000000000001
0.18780000000000002
0.5681
0.30989999999999995
0.3185
0.2247
0.22949999999999998
0.3698
0.40380000000000005
0.1822
0.2139
0.3095
0.249
0.2162
0.1989
0.182
0.15360000000000001
0.1391
0.1194
0.12990000000000002
0.1253
0.1127
0.13790000000000002
0.2473
0.8505
0.282
0.2114
0.21239999999999998
0.2831
0.3654
0.3336
1.4403
0.45499999999999996
0.6259
0.3791
0.274
1.2633999999999999
0.4224
0.3188
0.2275
0.1744
0.06670000000000001
0.0591
0.0537
0.0531
0.0523
0.0576
0.07239999999999999
0.14
0.20550000000000002
0.1862
0.1563
0.12140000000000001
0.13190000000000002
0.1434
0.17930000000000001
0.21610000000000001
0.183
0.19990000000000002
0.23349999999999999
0.2365
0.2202
0.22149999999999997
0.1608
0.0902
0.3839
0.3799
0.39859999999999995
0.36660000000000004
0.3607
0.3097
0.3177
0.34199999999999997
0.6332
1.0075
0.6799999999999999
0.0085
0.0
0.0062
0.01
0.0413
0.09480000000000001
0.178
0.4024
0.4786
0.3946
0.34240000000000004
0.21760000000000002
0.21000000000000002
0.0
0.0
0.0
0.0
0.0
0.0095
0.0766
0.5094000000000001
1.0486
1.6492
0.0753
0.0959
0.042800000000000005
0.0148
0.0
0.0
0.1382
0.1472
0.238
0.10350000000000001
0.0128
0.0
0.0
0.0
0.1084
0.0227
0.0029
0.0
0.0
0.0
0.0
0.0034
0.0276
0.0068
0.0581
0.097
0.0099
0.6027
0.019
0.0
0.0
0.0499
0.0581
0.5645
0.0803
0.1073
0.6279
0.2201
0.1802
0.1743
0.17409999999999998
0.173
0.1721
0.20650000000000002
0.5205
0.8371000000000001
0.3598
0.2999
0.2149
0.1632
0.1661
0.18030000000000002
0.2146
0.5093
0.9925999999999999
0.7205
0.8593999999999999
0.4292
0.3449
0.31799999999999995
0.2499
0.2041
0.0212
0.0125
0.0075
0.0078000000000000005
0.008
0.0073
0.0156
0.0259
0.030100000000000002
0.0423
0.0265
0.0377
0.24570000000000003
0.1091
0.057300000000000004
0.0611
0.0534
0.06670000000000001
0.1162
0.0811
0.0874
0.0922
0.0829
0.0464
0.1104
0.1078
0.0958
0.0901
0.0933
0.0975
0.1125
0.1588
0.44599999999999995
1.0318
0.7639
0.381
0.3704
0.33030000000000004
0.2923
0.3008
0.3416
1.2556
0.5347
1.049
0.6392
0.4488
0.2773
0.1616
0.17609999999999998
0.3569
0.1135
0.0772
0.0663
0.060700000000000004
0.0799
0.1157
0.1522
0.3105
0.48829999999999996
0.1195
0.0986
0.0475
0.0067
0.0354
0.028700000000000003
0.0482
0.42190000000000005
0.187
0.23210000000000003
1.5478
0.7837000000000001
0.2105
0.13419999999999999
0.1282
0.1242
0.1187
0.12459999999999999
0.1351
0.1757
0.1911
0.16999999999999998
0.1683
0.1573
0.1343
0.12840000000000001
0.13019999999999998
0.13019999999999998
0.1361
0.6055
0.3597
0.7210000000000001
0.4235
0.4498
0.3429
0.1936
0.1457
0.0
0.0
0.0
0.0
0.0
0.0038
0.0233
0.0386
0.048
0.2603
0.0382
0.0031
0.2134
0.6508
0.1691
0.6288
0.0941
0.1478
0.0077
0.0
0.0
0.0
0.0
0.0
0.1956
0.1716
0.1489
0.138
0.12440000000000001
0.1205
0.12140000000000001
0.129
0.1195
0.1258
0.128
0.14300000000000002
0.1556
0.2203
0.6719999999999999
0.3258
0.2741
1.3303
0.587
0.4395
0.3571
0.2822
0.2283
0.2061
0.18030000000000002
0.1552
0.1225
0.1172
0.11499999999999999
0.12390000000000001
0.1669
0.1733
0.139
0.14629999999999999
0.27090000000000003
0.1344
0.133
0.13779999999999998
0.151
0.15410000000000001
0.1371
0.5607
0.1768
0.16310000000000002
0.19729999999999998
0.339
0.2972
0.2143
0.1949
0.1647
0.1396
0.1307
0.1291
0.13629999999999998
0.1476
0.1597
0.1362
0.1557
0.20900000000000002
0.1887
0.1273
0.12229999999999999
0.1148
0.1384
0.6148
0.5674
0.2705
0.2027
0.2134
0.2581
0.358
0.4507
0.21539999999999998
0.17070000000000002
0.15710000000000002
0.1488
0.1388
0.1492
0.1605
0.1866
0.2227
0.2389
0.2772
1.0457
0.3307
0.28280000000000005
1.0992
0.45699999999999996
0.6294
0.8331000000000001
0.2557
0.2363
0.2552
0.2782
0.2707
0.2364
0.0
0.0083
0.0
0.001
0.0011
0.019
0.0
0.0
0.0
1.1191
1.5363
2.3545
0.6292
0.2298
0.5497
0.325
1.325
0.6049
0.699
1.759
0.3044
0.0969
0.0
0.0
0.0
0.0006
0.005
0.0073
0.0086
0.0008
0.0
0.0
0.2014
1.694
0.1023
0.2116
0.1259
0.0886
0.0688
0.1578
0.3095
0.24430000000000002
0.351
0.0
0.5231
0.5208
0.08410000000000001
0.0
0.1243
0.0688
0.0738
0.0695
0.0468
0.0586
0.0683
0.0982
0.2015
1.3658
0.08979999999999999
0.3179
0.1514
0.7031000000000001
0.4806
0.024800000000000003
0.1274
0.16620000000000001
0.39790000000000003
0.5514
0.51
0.20929999999999999
0.1812
0.1173
0.1419
0.1328
0.1262
0.12040000000000001
0.1215
0.12840000000000001
0.1372
0.1596
0.18159999999999998
0.5385
0.3877
0.3699
0.31
0.2548
0.21789999999999998
0.7927
0.2516
0.26439999999999997
0.7452
0.29200000000000004
0.3064
0.2841
0.2349
0.1814
0.0
0.0
0.0
0.0
0.0
0.0111
0.18409999999999999
0.054599999999999996
0.0
0.0
0.0
0.0
0.0
0.0
0.0
0.0
0.0
0.0
0.0
0.0
0.0
0.0
0.0
0.0
0.039900000000000005
0.0325
0.0393
0.036000000000000004
0.0485
0.0885
0.24730000000000002
0.2165
0.0898
0.0758
0.5853999999999999
0.6647
0.4073
0.1086
0.3627
0.1659
0.1314
0.3055
0.3936
0.0905
0.0695
0.046
0.0526
0.0477
0.2465
0.2012
0.189
0.18
0.1712
0.1763
0.199
0.2149
0.514
0.3968
0.4329
0.7412
0.4121
0.3962
0.9125
0.5359
0.514
0.4763
0.47309999999999997
1.0542
1.0253
0.66
0.513
0.3681
0.0347
0.0319
0.0381
0.0308
0.0359
0.0495
0.08310000000000001
0.1145
0.1316
0.11989999999999999
0.16110000000000002
0.3274
0.4187
0.3056
0.2626
0.3951
0.6623
0.4139
0.3946
0.5006999999999999
0.3221
0.10550000000000001
0.0411
0.037000000000000005
0.078
0.0615
0.0676
0.0514
0.0595
0.057999999999999996
0.0663
0.10600000000000001
1.0856000000000001
0.7335
1.5561
1.8248
0.5424
0.0948
0.0763
0.0785
0.1346
0.21610000000000001
0.349
0.9698
0.5077
0.33340000000000003
0.1948
0.1118
0.0959
0.0758
0.0907
0.1042
0.2202
0.6626000000000001
0.2587
0.18869999999999998
0.1687
0.1625
0.1553
0.13
0.1187
0.1317
0.2297
1.8289
2.177
1.8654
0.716
0.45080000000000003
0.2207
0.14850000000000002
0.1225
0.1241
0.093
0.09490000000000001
0.092
0.076
0.12040000000000001
0.1653
0.1733
0.1995
0.3113
0.629
0.3906
0.1275
0.2659
0.3791
0.1336
0.1366
0.3161
0.254
0.22089999999999999
0.6129
0.3267
0.18330000000000002
0.1152
0.09820000000000001
0.16610000000000003
0.14429999999999998
0.14400000000000002
0.1391
0.1384
0.15560000000000002
0.2102
0.2649
0.20800000000000002
0.18259999999999998
0.1383
0.0969
0.087
0.08080000000000001
0.059000000000000004
0.0748
0.0864
0.3059
0.5202
0.6621
0.38370000000000004
0.3738
0.3034
0.2079
0.0686
0.6524000000000001
0.9339999999999999
2.3529999999999998
0.8306
0.1222
0.1066
0.0118
0.012
0.0
1.0471
3.4525
0.7379
0.0
0.0
0.0
0.051399999999999994
0.18009999999999998
1.8771
0.0
0.0
0.0
0.0
0.182
0.0218
0.0307
0.0293
0.038900000000000004
0.035
0.0708
0.3443
0.31489999999999996
0.7424
0.0075
0.8473999999999999
0.0
0.026099999999999998
0.0325
0.12229999999999999
0.3272
0.6559
0.1642
0.0022
0.6054
0.2845
0.3949
0.055900000000000005
0.0316
0.0158
0.0047
0.0094
0.0174
0.0038
0.0025
0.0125
0.0248
0.13069999999999998
0.38839999999999997
0.9536
0.1806
0.0503
0.033800000000000004
1.3762
1.3182
1.6234000000000002
0.30920000000000003
0.3277
0.3215
0.1649
0.0476
0.029500000000000002
0.0195
0.0937
0.06570000000000001
0.0528
0.052500000000000005
0.0553
0.0529
0.0641
0.086
0.0849
0.08099999999999999
0.0663
0.06949999999999999
0.46950000000000003
0.41879999999999995
0.1881
0.19
0.385
1.6882
0.4087
0.44089999999999996
0.4152
0.3912
0.4014
0.2153
0.2939
0.23659999999999998
0.26570000000000005
0.2439
0.211
0.23049999999999998
0.2924
0.6133
0.4936
0.1108
0.0281
0.0025
0.0077
0.0092
0.0386
0.5905
1.7504
0.7108
0.3025
0.3739
0.3241
0.28690000000000004
1.2231999999999998
0.3128
0.079
0.0762
0.0668
0.0608
0.061799999999999994
0.065
0.3135
0.5337999999999999
0.1738
0.1793
0.2002
0.2512
0.1675
0.16770000000000002
0.157
0.1363
0.5363
0.4142
1.024
0.373
0.3381
0.2419
0.1434
0.0907
0.0
0.0
0.0024
0.0002
0.008
0.0031
0.0
0.0
0.048
0.8818
0.9560000000000001
0.7993
0.819
1.5806
0.6881999999999999
0.9559000000000001
0.6728999999999999
0.2042
0.2102
0.7404999999999999
0.3519
0.1188
0.0329
0.0
0.0
0.0065
0.0052
0.0045
0.0
0.0
0.0
0.0
0.0
0.0944
0.0
0.0
0.0
0.0
0.0
0.4078
0.0
0.0
1.1228
0.8488
0.40900000000000003
0.6567000000000001
0.5111
0.3892
0.1611
0.1601
0.13679999999999998
0.1251
0.12
0.1172
0.1873
0.407
0.2617
0.1901
0.594
0.6488
0.6234
0.2495
0.4752
0.2143
0.2006
0.16599999999999998
1.0488
0.38029999999999997
0.417
0.5193
0.6996
0.4276
0.18
0.1668
0.1671
0.1566
0.1494
0.1624
0.1854
0.2252
0.5974
0.6061000000000001
0.41169999999999995
0.22399999999999998
0.20779999999999998
0.2314
0.4093
1.4175
1.891
0.4831
0.5871
0.5815
0.43920000000000003
0.3591
0.2899
0.22110000000000002
0.17170000000000002
0.15760000000000002
0.1477
0.1243
0.0999
0.0941
0.1007
0.1164
0.11530000000000001
0.1208
0.1108
0.1205
0.11309999999999999
0.3342
0.18280000000000002
0.1213
0.6853
0.2748
0.5293
0.2372
0.25129999999999997
0.2303
0.2241
0.19990000000000002
0.21350000000000002
0.20450000000000002
0.2004
0.19940000000000002
0.1981
0.21439999999999998
0.2633
0.6144000000000001
0.4052
0.27849999999999997
0.2394
0.2346
0.26749999999999996
0.2921
0.3024
0.42969999999999997
0.38270000000000004
0.4096
0.4568
0.4137
0.37370000000000003
0.3389
0.27749999999999997
0.2311
0.0374
0.0303
0.0274
0.0237
0.0174
0.0123
0.007699999999999999
0.0017
0.0
0.0029
0.0414
0.0647
0.0106
0.0369
0.0796
0.1362
0.0644
0.012499999999999999
0.0497
0.0854
0.0706
0.0346
0.0157
0.0232
0.0487
0.0023
0.3326
0.22039999999999998
0.1131
0.3937
0.3624
0.0
0.0
0.0
0.0
0.0
0.0
0.0
0.0586
0.0478
0.0
1.1609
0.9544999999999999
0.4447
0.1763
0.0
0.0
0.0
0.08299999999999999
0.0708
0.0635
0.0624
0.057800000000000004
0.0601
0.07450000000000001
0.0801
0.0654
0.058899999999999994
0.0496
0.0539
0.07830000000000001
0.0562
0.050600000000000006
0.0472
0.0464
0.0889
0.0524
0.06459999999999999
0.0665
0.0763
0.08779999999999999
0.08
0.1517
0.1237
0.11019999999999999
0.1038
0.0958
0.0958
0.09920000000000001
0.1184
0.1619
0.1799
0.1687
0.1814
0.188
0.1867
0.22849999999999998
0.28700000000000003
0.7408
0.677
0.4354
0.6695
0.40900000000000003
0.37629999999999997
0.4222
0.2614
0.2581
0.2602
0.25070000000000003
0.2534
0.257
0.2529
0.2699
0.29379999999999995
0.3002
0.5337999999999999
0.40800000000000003
0.6237999999999999
0.7865
0.49429999999999996
0.4349
0.4293
0.3052
0.6557999999999999
0.27180000000000004
0.20379999999999998
0.2108
0.1926
0.2022
0.2106
0.08449999999999999
0.08310000000000001
0.0787
0.07780000000000001
0.07350000000000001
0.0803
0.093
0.1506
0.1317
0.09670000000000001
0.09029999999999999
0.1157
0.112
0.09609999999999999
0.0986
0.10350000000000001
0.0852
0.1246
0.1794
0.1269
0.10450000000000001
0.0832
0.0725
0.068
0.1147
0.1066
0.1058
0.0985
0.10600000000000001
0.1195
0.1345
0.1635
0.13779999999999998
0.1255
0.3116
0.4045
0.9921
0.151
0.10880000000000001
0.14379999999999998
0.23950000000000002
0.055400000000000005
0.0572
0.146
0.14650000000000002
0.1502
0.1237
0.1137
0.0749
0.067
0.0568
0.0545
0.056
0.0592
0.0632
0.0806
0.09190000000000001
0.493
0.2777
0.1279
0.1403
0.1528
0.1644
0.1626
0.1376
0.19390000000000002
0.4051
0.2809
0.24509999999999998
0.22610000000000002
0.1851
0.1048
0.19219999999999998
0.1804
0.1709
0.17149999999999999
0.1661
0.173
0.1951
0.34340000000000004
0.6965
0.22540000000000002
0.1652
0.1434
0.1552
0.19669999999999999
0.2367
0.29590000000000005
0.3063
1.4033
0.7402
0.7414000000000001
0.5942
0.5394
0.3435
0.2331
0.1194
0.1193
0.1263
0.1115
0.1186
0.12160000000000001
0.15489999999999998
0.2269
0.40549999999999997
1.4100000000000001
1.7606000000000002
1.0390000000000001
0.8185
0.6233
1.5198
1.964
1.4228999999999998
0.7235
0.6443000000000001
0.5168
0.3575
0.2123
0.164
0.1378
0.1426
0.1349
0.12890000000000001
0.128
0.1237
0.13590000000000002
0.15189999999999998
0.24059999999999998
0.6498
0.277
0.1956
0.1422
0.1225
0.1482
0.39440000000000003
0.43220000000000003
0.2192
0.1764
0.5539999999999999
0.8915
0.2197
0.2111
0.1702
0.1495
0.262
0.2403
0.2311
0.2238
0.21550000000000002
0.217
0.2254
0.23659999999999998
0.2363
0.2514
0.23399999999999999
0.2374
0.3063
0.5009
0.629
0.35509999999999997
0.3064
0.3055
0.38770000000000004
0.56
0.4828
0.46950000000000003
0.40249999999999997
0.31420000000000003
0.11560000000000001
0.1136
0.1012
0.1053
0.1104
0.18230000000000002
0.28300000000000003
0.19569999999999999
0.1379
0.2277
0.1593
0.0972
0.1174
0.12029999999999999
0.11680000000000001
0.18330000000000002
1.3079999999999998
1.2134
1.4123
0.2942
0.28359999999999996
0.42210000000000003
0.4234
0.203
0.11910000000000001
0.1017
0.0849
0.0794
0.0786
0.0767
0.0824
0.098
0.11019999999999999
0.0848
0.6405
0.7754
1.096
0.6261
0.5256
0.2984
0.3869
0.5041
0.241
0.34509999999999996
0.4004
0.38980000000000004
0.28859999999999997
0.1785
0.0426
0.0349
0.0334
0.0334
0.0347
0.0398
0.0485
0.06369999999999999
0.06570000000000001
0.1206
0.0847
0.444
1.2494999999999998
0.43610000000000004
0.1325
0.115
0.0754
0.07919999999999999
0.4589
0.1512
0.12840000000000001
0.1029
0.07830000000000001
0.059800000000000006
0.27759999999999996
0.2491
0.2383
0.2331
0.2263
0.23820000000000002
0.2538
0.27790000000000004
0.8261
0.673
0.7428
0.5718
0.6911
0.6236
1.1764000000000001
0.9244999999999999
0.4749
0.2694
0.2697
0.3328
0.5598
0.6624
0.6604
0.4216
0.044
0.0341
0.0436
0.0377
0.0363
0.0501
0.068
0.07339999999999999
0.0706
0.0707
0.2353
0.43720000000000003
0.139
0.2151
0.7421
0.9378
0.4377
0.375
0.89
0.3135
0.1815
0.0928
0.0482
0.0537
0.08810000000000001
0.0473
0.025
0.015300000000000001
0.003
0.0004
0.0
0.0012
0.0038
0.007
0.0105
0.032799999999999996
0.027800000000000002
0.0721
0.1306
0.0842
0.38680000000000003
0.2902
0.1745
0.5917
0.1328
0.1137
0.3254
0.21339999999999998
0.2535
0.1603
0.11839999999999999
0.1005
0.0917
0.08249999999999999
0.0978
0.1041
0.09759999999999999
0.0873
0.0595
0.0625
0.0749
0.6033999999999999
0.8936999999999999
0.28400000000000003
0.2123
0.1847
0.9045000000000001
1.3455
0.6738999999999999
1.1691
1.3683999999999998
0.8747
0.1472
0.1098
0.1072
0.08610000000000001
0.1223
0.1071
0.2838
0.3254
0.09960000000000001
1.1879
0.7669999999999999
0.4476
0.7453000000000001
0.1227
0.14379999999999998
0.23120000000000002
0.23299999999999998
1.5289
2.3597
0.2874
0.32110000000000005
0.3056
0.3186
0.2147
0.49960000000000004
0.4625
0.3843
0.3114
0.3024
0.31100000000000005
0.31520000000000004
0.4294
0.6597999999999999
0.4151
1.6955
2.7442
0.5028
0.3407
0.4838
0.5919
0.5036
0.4915
0.7146
0.45089999999999997
0.3548
0.366
0.3413
0.2976
0.1481
0.14100000000000001
0.15050000000000002
0.16360000000000002
0.1628
0.18319999999999997
0.2419
0.27349999999999997
0.3168
0.0475
0.0271
0.0273
0.0585
0.0999
0.2394
0.4123
0.3127
0.21050000000000002
0.1058
0.1753
0.3528
0.5976
0.254
0.1386
0.2964
0.2621
0.2526
0.225
0.1863
0.1718
0.1501
0.15460000000000002
0.1714
0.11549999999999999
0.0615
0.0552
0.0395
0.0458
0.0833
0.1595
0.9654
0.6083000000000001
0.432
0.9357
0.5563
0.48330000000000006
0.42369999999999997
0.3418
0.0695
0.058399999999999994
0.0587
0.063
0.0636
0.08360000000000001
0.1381
0.3468
0.18669999999999998
0.10450000000000001
0.06620000000000001
0.049100000000000005
0.0629
0.0745
0.4233
0.47830000000000006
0.2814
0.2799
0.5338
0.5550999999999999
0.6447
0.43370000000000003
0.127
0.0796
0.1129
0.10769999999999999
0.1005
0.1007
0.09770000000000001
0.1043
0.1363
0.6221
0.42800000000000005
0.236
0.2182
0.2399
0.271
0.2639
0.249
0.2443
0.2669
0.8515999999999999
1.1181
0.5223
0.48129999999999995
0.3348
0.2103
0.131
0.0676
0.0643
0.0612
0.0579
0.0586
0.0784
0.2082
0.4428
0.1742
0.1544
0.15960000000000002
0.1307
0.14989999999999998
0.14300000000000002
0.1369
0.1383
0.2522
0.16799999999999998
0.1422
0.1592
0.1325
0.1051
0.0789
0.0658
0.09709999999999999
0.095
0.092
0.0895
0.0832
0.1038
0.14329999999999998
0.7057
0.6481999999999999
0.1661
0.1389
0.1594
0.20400000000000001
0.21810000000000002
0.20529999999999998
0.2265
0.6475
0.5511
0.7919
0.5694
0.35660000000000003
0.2258
0.1466
0.1114
0.0656
0.0633
0.0606
0.0624
0.0625
0.07300000000000001
0.09290000000000001
0.1026
0.095
0.0915
0.0852
0.0901
0.1505
0.1001
0.11019999999999999
0.11829999999999999
0.10239999999999999
0.10400000000000001
0.11729999999999999
0.1272
0.0862
0.0669
0.0611
0.0554
0.1367
0.10830000000000001
0.1005
0.0948
0.0889
0.0921
0.0996
0.1076
0.1198
0.2439
0.4904
0.597
0.32609999999999995
0.8401000000000001
0.8347
0.2022
0.20650000000000002
0.19569999999999999
0.1225
0.1116
0.1189
0.1384
0.174
0.1597
0.0
0.0
0.0
0.0
0.0
0.0
0.0
0.0108
0.0082
0.0796
1.1213
0.6096
0.1344
0.3003
1.6444999999999999
0.0251
0.0111
0.0
0.7334999999999999
0.40569999999999995
0.0
0.0
0.0
0.0
0.11460000000000001
0.0982
0.09809999999999999
0.1001
0.0995
0.1163
0.14600000000000002
0.1625
0.1792
0.2207
0.2068
0.1376
0.18059999999999998
0.22089999999999999
0.5899
0.7785
0.2496
0.30210000000000004
0.7346
0.3349
0.3395
0.4606
0.28059999999999996
0.1397
0.1437
0.1452
0.131
0.12329999999999999
0.1235
0.1328
0.1624
0.182
0.2005
0.2749
0.3741
0.8998
0.6234
0.3912
0.3185
0.3116
0.5386
1.4587999999999999
1.1496
1.533
1.0446
0.3563
0.2358
0.1773
0.006500000000000001
0.0
0.0013
0.001
0.0006
0.0
0.0052
0.0275
0.0517
0.09309999999999999
0.17880000000000001
0.2091
0.5095
1.1356
0.45289999999999997
0.9382999999999999
0.9585
0.33299999999999996
0.6245
1.4871
0.7892
0.1585
0.0634
0.0377
0.0414
0.0434
0.0569
0.055
0.0916
0.1474
0.2018
0.26349999999999996
0.2959
0.0856
0.1428
0.2227
0.2674
0.4964
0.3784
0.151
0.3948
0.1468
0.0996
0.15000000000000002
0.1374
0.0353
0.0198
0.0324
0.1024
0.0965
0.0934
0.0933
0.1009
0.1217
0.14100000000000001
0.1455
0.15889999999999999
0.21939999999999998
0.2183
0.1761
0.2138
0.2101
0.19440000000000002
0.2485
0.28300000000000003
0.2531
0.2776
0.2195
0.2083
0.1789
0.1348
0.10819999999999999
0.26539999999999997
0.2415
0.2092
0.1949
0.20379999999999998
0.20929999999999999
0.20440000000000003
0.2211
1.909
1.5713
0.7722
0.42169999999999996
0.24459999999999998
0.2188
0.2148
0.2292
0.2362
0.289
0.34709999999999996
0.3666
0.42279999999999995
0.5457
0.885
0.6573
0.1689
0.1445
0.1426
0.1486
0.1482
0.179
0.33740000000000003
0.5138
0.42500000000000004
0.5009
1.3356999999999999
0.5670999999999999
0.5428
0.4598
0.6269
0.4343
0.40190000000000003
0.436
0.6159
0.6023000000000001
0.613
0.5359
0.3665
0.2395
0.1384
0.123
0.1111
0.1064
0.1087
0.1062
0.1285
0.1495
0.1953
0.23120000000000002
0.1904
0.2283
0.5235000000000001
0.3034
0.19979999999999998
0.1817
0.2126
0.3403
0.7101999999999999
0.6910000000000001
0.5107
0.40680000000000005
0.29479999999999995
0.1932
0.0938
0.10500000000000001
0.09
0.0769
0.0591
1.1354
0.4646
0.3028
0.4713
0.6462
0.5404
0.3432
0.7608
0.2631
0.1915
0.1992
0.29710000000000003
0.5501
0.4249
0.8887
0.32530000000000003
0.20629999999999998
0.1472
0.1416
0.0052
0.0
0.0
0.0
0.0
0.0
0.0
0.0
0.0
0.3142
0.0
0.0
0.1385
0.3287
0.06760000000000001
0.0
0.0
0.0
0.0
0.15899999999999997
0.2574
0.1621
0.1285
0.050600000000000006
