0.0441
0.0448
0.034999999999999996
0.0374
0.034699999999999995
0.058300000000000005
0.1449
0.1708
0.0533
0.0092
0.0004
0.0297
0.1925
0.038400000000000004
0.0309
0.0202
0.015
1.6716
1.2534999999999998
0.2353
0.0853
0.0085
0.0003
0.016800000000000002
0.1642
0.1758
0.1716
0.1759
0.1606
0.177
0.20529999999999998
0.3911
0.5243
0.0465
0.3648
0.1091
0.1184
0.13340000000000002
0.2419
0.2365
0.21439999999999998
0.1623
0.131
0.1965
0.12229999999999999
0.0827
0.0665
0.0721
0.0505
0.0456
0.046700000000000005
0.0516
0.049100000000000005
0.0405
0.0325
0.0317
0.0361
0.0827
0.017599999999999998
0.0142
0.0249
0.054599999999999996
0.0609
0.0804
0.0639
0.0332
0.0616
0.09
0.0986
0.1121
0.099
0.0695
0.16010000000000002
0.1144
0.1033
0.0912
0.0838
0.0811
0.4462
0.409
0.0455
0.0568
0.10170000000000001
0.1392
0.0802
0.0668
0.0591
0.0728
1.0102
1.1786
0.2989
0.1643
0.4347
0.2515
0.1987
0.1872
0.20329999999999998
0.1509
0.1368
0.1352
0.1282
0.1242
0.2882
0.26270000000000004
0.071
0.0503
0.0393
0.0387
0.035
0.0281
0.0292
0.0495
0.0846
0.42269999999999996
0.6234999999999999
0.3647
0.6499
0.379
0.27749999999999997
0.2387
0.0399
0.0348
0.0523
0.0417
0.0397
0.06559999999999999
0.13269999999999998
0.2922
0.8955
0.31000000000000005
0.1366
0.2434
0.605
0.271
1.5021
0.8999999999999999
1.1044
0.4697
0.33740000000000003
0.2197
0.11069999999999999
0.0484
0.0537
0.0433
0.0101
0.057100000000000005
0.0349
0.0163
0.0
0.0
0.0192
0.0582
0.0046
0.2727
1.2687
0.9014
0.42919999999999997
0.488
0.1351
0.0
0.0
0.0
0.0
0.0
0.0
0.0
0.0
0.0
0.125
0.1192
0.1157
0.11549999999999999
0.1186
0.1317
0.1604
0.18259999999999998
0.2204
0.2354
0.1871
0.1605
0.1843
0.1929
0.191
0.2071
0.2455
0.218
0.27580000000000005
0.3349
0.2563
0.2215
0.16570000000000001
0.13119999999999998
0.0695
0.061700000000000005
0.0581
0.057800000000000004
0.0576
0.064
0.0711
0.08679999999999999
0.1313
0.2023
0.1479
0.135
0.1362
0.14500000000000002
0.1749
0.1936
0.1496
0.1341
0.17099999999999999
0.1696
0.15889999999999999
0.1405
0.1028
0.0758
0.0043
0.0
0.0
0.0001
0.0
0.0
0.0
0.0
0.0
0.5085
0.3546
0.09340000000000001
0.1375
0.2878
0.2015
0.4818
0.3814
0.38939999999999997
0.2143
0.1403
0.2048
1.1568
0.0177
0.0
0.2773
0.2929
0.2824
0.2861
0.3075
0.353
0.43210000000000004
0.6062000000000001
1.1872
1.1484
3.5296
1.9756999999999998
0.45549999999999996
0.6686
0.7961
1.3407
1.1015
0.7354
0.6635
0.6825
0.4355
0.2681
0.26890000000000003
0.26039999999999996
0.5563
0.45699999999999996
0.26139999999999997
0.432
0.2787
0.0737
0.0353
0.0244
0.0253
0.024599999999999997
0.048100000000000004
0.014100000000000001
0.0469
0.6109
0.1888
0.2195
0.1597
2.8075
0.37760000000000005
1.1118999999999999
1.0692
0.6544
0.48619999999999997
0.36629999999999996
0.157
0.1502
0.1462
0.1471
0.1426
0.1497
0.17049999999999998
0.2589
0.2395
0.27380000000000004
0.20379999999999998
0.174
0.1688
0.16160000000000002
0.1583
0.1608
0.1305
0.1071
0.1064
0.1085
0.1121
0.13090000000000002
0.1427
0.14329999999999998
0.113
0.0984
0.10450000000000001
0.10250000000000001
0.0963
0.1245
1.3059
0.697
0.3228
0.5466
0.1773
0.11480000000000001
0.1076
0.1479
0.2927
0.6083000000000001
1.4347999999999999
0.352
0.1857
0.2011
0.23349999999999999
0.27359999999999995
0.2366
0.1459
0.3558
0.31379999999999997
0.2833
0.27190000000000003
0.3016
0.39749999999999996
0.31579999999999997
0.2279
0.1992
0.21739999999999998
0.19340000000000002
0.19419999999999998
0.2425
0.2229
0.1986
0.2319
0.33440000000000003
1.5503
0.6002
0.6482
1.5006
0.5054000000000001
0.5585
0.5952
0.039099999999999996
0.0276
0.0236
0.0372
0.0413
0.052
0.033
0.0301
0.04
0.0751
0.057999999999999996
0.0489
0.1636
0.2258
0.0685
0.0799
0.8814000000000001
2.846
0.9278
1.0649
0.6132
0.28159999999999996
0.1124
0.0451
0.3714
0.3301
0.33
0.29569999999999996
0.29300000000000004
0.3052
0.3411
0.9019
0.6247
1.7058
0.6467
0.26080000000000003
0.188
0.21039999999999998
0.2303
0.8602000000000001
2.2713
0.8244
1.7404
0.6402
0.6339
1.1436000000000002
0.968
0.5273
0.2495
0.2213
0.22139999999999999
0.2229
0.2051
0.2169
0.2454
0.3476
0.522
0.347
0.278
0.3029
0.5584
0.40990000000000004
0.6547000000000001
1.5428
1.8733
1.6516
0.43820000000000003
0.9099999999999999
0.7162
0.571
0.4713
0.3443
0.1032
0.0796
0.0675
0.0635
0.0563
0.0608
0.0606
0.0837
0.0987
0.1693
0.1899
0.2183
0.21610000000000001
0.3716
0.4106
0.4104
0.7878000000000001
0.6617999999999999
0.4767
0.33099999999999996
0.26370000000000005
0.26980000000000004
0.3881
0.2511
0.042800000000000005
0.0349
0.0327
0.032299999999999995
0.0272
0.029400000000000003
0.0223
0.054900000000000004
0.08
0.0799
0.0418
0.008
0.007
0.0071
0.0169
0.0236
0.9553
0.44370000000000004
0.1719
0.16649999999999998
0.1289
0.1629
0.2082
0.0923
0.0545
0.046
0.0495
0.0514
0.058300000000000005
0.053099999999999994
0.0691
0.1018
0.20650000000000002
1.1353
0.2835
0.1174
0.1796
0.1253
0.1278
0.18259999999999998
0.7533
0.9388000000000001
0.4827
0.5568
0.5791999999999999
0.8212999999999999
0.3922
0.0637
0.0477
0.0472
0.046
0.0372
0.0407
0.0451
0.036699999999999997
0.0635
0.17830000000000001
0.5505
0.5231
0.5051
1.1189
0.3982
0.2542
0.2107
0.5025
0.9405
0.347
0.7813
0.4353
0.3117
0.1599
0.0687
0.0335
0.031700000000000006
0.0276
0.0296
0.0274
0.032
0.0426
0.0859
0.20400000000000001
0.1487
0.09
0.1266
0.11399999999999999
0.0859
0.09129999999999999
0.1085
0.09290000000000001
0.11910000000000001
0.15510000000000002
0.0959
0.062299999999999994
0.0439
0.0339
0.0274
0.1518
0.144
0.1492
0.1555
0.16249999999999998
0.3137
0.2707
0.0991
0.0713
0.0756
0.0839
0.07780000000000001
0.089
0.09609999999999999
0.1236
0.1503
0.1421
0.3789
2.0299
0.7087
0.893
0.3911
0.27549999999999997
0.1953
0.060899999999999996
0.0579
0.0553
0.0562
0.0556
0.0547
0.060899999999999996
0.0702
0.0838
0.2241
0.2278
0.14679999999999999
0.2432
0.2046
0.08879999999999999
0.0806
0.08180000000000001
0.055299999999999995
0.0505
0.0526
0.0402
0.039400000000000004
0.0449
0.0465
0.0162
0.0175
0.0124
0.0131
0.0103
0.0126
0.029599999999999998
0.0353
0.36710000000000004
0.1245
0.026699999999999998
0.0625
0.0407
0.0294
0.08979999999999999
0.2364
0.0416
0.0753
0.0642
0.0068
0.0
0.0
0.0306
0.0368
0.20729999999999998
0.1661
0.14550000000000002
0.1139
0.1242
0.1184
0.155
0.2353
0.6795
0.2611
0.5118
1.4182000000000001
0.6632
0.2258
0.2377
0.2543
0.271
0.38880000000000003
1.8233
1.0595999999999999
0.5871999999999999
0.7137
0.9581999999999999
0.6226
0.0
0.0
0.0
0.0
0.0
0.0
0.0
0.0
0.0
0.0
0.0
0.0
0.0
0.0
0.0
0.0
0.0
0.0
0.0
0.0
0.0
0.0
0.0
0.0
0.09570000000000001
0.0758
0.0698
0.06259999999999999
0.0598
0.0629
0.0621
0.0793
0.09889999999999999
0.2183
0.4637
0.5804
0.5071
0.6769999999999999
0.14200000000000002
0.184
0.1638
0.921
0.3062
0.238
0.2129
0.2268
0.2334
0.1596
0.1901
0.164
0.1542
0.1471
0.1474
0.15760000000000002
0.22760000000000002
0.1966
0.1139
0.077
0.328
0.127
0.118
0.1214
0.16970000000000002
0.44179999999999997
0.2768
0.1489
0.1137
0.2076
0.2373
0.29410000000000003
0.3701
0.2558
0.0504
0.0489
0.0495
0.046299999999999994
0.0513
0.028
0.8456000000000001
0.3852
0.28180000000000005
0.32789999999999997
0.2863
0.222
0.379
0.34719999999999995
0.33
0.46419999999999995
0.6634
0.8607
0.5468999999999999
0.6058
0.30400000000000005
0.2183
0.11510000000000001
0.07869999999999999
0.08460000000000001
0.0867
0.0822
0.0832
0.0861
0.1012
0.1371
0.233
0.4227
0.3009
0.2694
0.1023
0.12769999999999998
0.1387
0.24159999999999998
0.4608
0.2602
0.1729
0.1722
0.29710000000000003
0.1318
0.1002
0.0864
0.07869999999999999
0.2334
0.1966
0.1585
0.1436
0.1414
0.1596
0.20929999999999999
0.47909999999999997
0.27390000000000003
0.0869
0.0828
0.061
0.09809999999999999
0.1439
0.38580000000000003
0.3136
0.1963
1.0672
0.1773
0.2821
0.3507
0.3067
0.2264
0.1701
0.05600000000000001
0.0604
0.0372
0.0314
0.1269
0.1938
0.2296
0.2299
0.2982
0.3026
0.7821
0.1607
0.2586
0.894
0.10819999999999999
0.4498
0.4303
0.1393
1.8755
0.0289
0.028900000000000002
0.014
0.035500000000000004
0.0532
0.1158
0.0784
0.0672
0.0701
0.0604
0.0576
0.0542
0.0565
0.3584
0.14939999999999998
0.09129999999999999
0.0563
0.045700000000000005
0.0443
0.048
0.0526
0.07239999999999999
0.3016
0.41459999999999997
0.2764
0.2254
0.2184
0.4629
0.1854
0.2011
0.1946
0.1884
0.18819999999999998
0.2152
0.3104
0.33830000000000005
0.3039
0.29800000000000004
0.4787
0.35729999999999995
0.258
0.37429999999999997
0.36429999999999996
0.5551
0.5329
0.3064
0.2904
0.3762
0.7235
0.4481
0.4657
0.34299999999999997
0.2363
0.10389999999999999
0.10439999999999999
0.0958
0.08910000000000001
0.0911
0.1076
0.3923
0.48009999999999997
0.3629
0.4084
0.288
0.2124
0.1853
0.1965
0.1769
0.19390000000000002
0.2077
0.43979999999999997
0.7957
1.0826
0.8027
0.35350000000000004
0.1804
0.12329999999999999
0.1628
0.1497
0.1435
0.1422
0.1363
0.1446
0.1628
0.1845
0.2787
0.40490000000000004
0.3441
0.16010000000000002
0.169
0.1741
0.856
0.2943
0.2476
1.1231
0.3438
0.33740000000000003
0.3843
0.6245
0.2637
0.16849999999999998
0.0636
0.0561
0.0491
0.041499999999999995
0.0343
0.0352
0.029899999999999996
0.025500000000000002
0.3539
0.0488
0.1582
0.004399999999999999
0.0117
0.0285
0.0731
0.0576
0.0
0.0
0.0
0.0762
0.1479
0.2489
0.0744
0.0488
0.2863
0.2593
0.25360000000000005
0.2538
0.2531
0.2771
0.3211
0.5448999999999999
0.3833
0.3331
0.3022
0.259
0.3731
0.3105
0.3408
0.4518
0.4454
0.3005
0.2613
0.2772
0.2681
0.29810000000000003
0.40490000000000004
0.3471
0.1875
0.1733
0.1656
0.1615
0.1604
0.1528
0.1563
0.1508
0.1364
0.2636
0.2294
0.1523
0.1547
0.2975
0.1738
0.2763
0.4396
0.6867
0.5286
0.2152
0.21889999999999998
0.42710000000000004
0.3933
0.2793
0.07830000000000001
0.0652
0.058499999999999996
0.0543
0.0505
0.051699999999999996
0.0583
0.07719999999999999
0.0789
0.1008
0.3335
0.1504
0.3254
0.1905
0.20650000000000002
0.3441
0.8067
0.2375
0.4931
0.5299
0.21639999999999998
0.2046
0.1644
0.116
0.047
0.0376
0.0292
0.0327
0.0347
0.0368
0.0593
0.1429
0.13219999999999998
0.8036000000000001
0.1673
0.152
0.3019
0.1485
0.36579999999999996
0.2253
0.1144
0.1661
0.5736
0.2852
0.21910000000000002
0.22260000000000002
0.1908
0.0877
0.0776
0.0648
0.0553
0.059899999999999995
0.0526
0.0527
0.0548
0.2718
0.1482
0.0567
0.056799999999999996
0.059300000000000005
0.07719999999999999
0.061799999999999994
0.0401
0.8039
0.17109999999999997
0.1292
0.1322
0.2878
0.3711
0.2575
0.2602
0.1703
0.2278
0.17220000000000002
0.1522
0.1736
0.179
0.24269999999999997
1.4202
0.5731999999999999
0.30979999999999996
0.2396
0.2383
0.26380000000000003
0.3437
0.4778
0.6998
0.5740000000000001
1.0428
2.5340999999999996
0.4199
0.3827
0.6836
1.0222
0.7283
0.3156
0.3951
0.3809
0.3767
0.36829999999999996
0.3921
0.43379999999999996
0.5144
0.5509999999999999
0.48550000000000004
0.4305
0.36019999999999996
0.33599999999999997
0.3402
0.3142
0.3127
0.35309999999999997
0.474
1.6735
1.4208
1.5995
1.7443
1.2059
0.8968
0.5297
0.0697
0.0766
0.0718
0.0776
0.07500000000000001
0.07830000000000001
0.0537
0.0453
0.0421
0.044899999999999995
0.049
0.0238
0.0187
0.034300000000000004
0.0443
0.0358
0.0359
0.0781
0.092
0.21860000000000002
0.122
0.08549999999999999
0.0451
0.037000000000000005
0.0614
0.0692
0.0682
0.065
0.0739
0.0822
0.1052
0.1267
0.0951
0.10389999999999999
0.7246
0.3063
0.1361
0.0869
0.23979999999999999
0.2533
0.5038
0.2768
0.263
0.08410000000000001
0.0442
0.0283
0.0466
0.0484
0.1857
0.2654
0.26439999999999997
0.2051
0.1887
0.22899999999999998
0.3013
0.41359999999999997
0.6396999999999999
0.138
0.1711
0.3255
0.2361
0.2011
0.1982
0.22949999999999998
0.7093
2.0526999999999997
1.8172
0.2813
0.1467
0.0396
0.0229
0.0756
0.2561
0.1257
0.0779
0.0539
0.0607
0.0262
0.05840000000000001
0.0462
0.0
0.0
0.0
0.0
0.0
0.0
0.0
0.0
0.0
0.268
0.37439999999999996
0.5336000000000001
1.8681
0.3971
0.1364
0.1139
0.2617
0.23049999999999998
0.2182
0.2142
0.22110000000000002
0.2347
0.2738
0.49829999999999997
0.6576
0.4283
0.5865
1.8767
0.5903
0.3147
0.2993
0.3557
1.0569
1.8458
1.1654
0.8985000000000001
0.8033
0.7012
0.5267999999999999
0.34609999999999996
0.0749
0.050699999999999995
0.0659
0.06709999999999999
0.0557
0.06570000000000001
0.0645
0.0868
0.1071
0.13679999999999998
0.27049999999999996
1.5453999999999999
1.1076000000000001
0.24130000000000001
0.273
1.1507
1.8897
2.521
1.0362
0.6869
0.4665
0.2603
0.12819999999999998
0.1006
0.3518
0.3415
0.33740000000000003
0.3615
0.3872
0.39690000000000003
0.5315
0.6807000000000001
0.6877
0.6914
1.5337
0.7305
0.6415
0.6552
0.8168
1.4019
1.2288000000000001
2.3881
2.4964000000000004
1.1417000000000002
1.9447
1.0635
0.2969
0.2949
0.0
0.0
0.0
0.0
0.0
0.0
0.0
0.0879
0.4413
0.0
0.2989
0.0
0.0
0.015
0.2168
0.0985
0.096
0.0072
0.0
0.0
0.0685
0.18630000000000002
0.061700000000000005
0.0
0.0615
0.0509
0.0443
0.0426
0.0407
0.0393
0.045200000000000004
0.2836
0.1726
0.07469999999999999
0.0472
0.1903
0.07200000000000001
0.046
0.007600000000000001
0.021900000000000003
0.0708
0.14529999999999998
0.4583
0.2872
0.2344
0.2024
0.18380000000000002
0.1285
0.0149
0.0183
0.0195
0.013399999999999999
0.012199999999999999
0.0377
0.09759999999999999
0.7005
0.5188999999999999
0.7549999999999999
0.113
0.08310000000000001
0.0704
0.0658
0.071
0.37560000000000004
0.2592
0.1478
0.5313
0.0795
0.0391
0.013
0.022600000000000002
0.018000000000000002
0.1117
0.0963
0.09129999999999999
0.0772
0.0781
0.0785
0.07769999999999999
0.09440000000000001
0.0888
0.1594
0.2077
0.5464
0.8459000000000001
0.4175
0.159
0.2706
0.6619999999999999
0.7019
0.5156000000000001
0.15710000000000002
0.1683
0.1652
0.1647
0.14129999999999998
0.23620000000000002
0.20829999999999999
0.1842
0.1678
0.15760000000000002
0.16210000000000002
0.16749999999999998
0.17980000000000002
0.1977
0.2362
0.3333
0.2905
0.4234
0.2639
0.2484
0.2297
0.243
0.46140000000000003
0.4007
0.3902
0.281
0.24070000000000003
0.2044
0.1851
0.241
0.2133
0.2089
0.20400000000000001
0.2076
0.21639999999999998
0.2694
0.38439999999999996
0.5871
0.5968
0.5519000000000001
0.5481
1.2515
2.1757999999999997
0.986
0.3201
0.3126
0.25870000000000004
0.3106
0.3435
0.40890000000000004
0.5058
0.4087
0.30569999999999997
0.1414
0.1253
0.1157
0.1134
0.1094
0.11
0.1505
0.2885
0.3125
0.266
0.247
0.26649999999999996
0.3086
0.2465
0.2269
0.2475
1.0145
0.7458
0.6485
0.7819
0.6148
0.5118
0.4183
0.23700000000000002
0.1287
0.1039
0.0944
0.0898
0.0865
0.09989999999999999
0.1037
0.1315
0.2814
0.2474
0.1899
0.504
0.1338
0.1894
0.3317
0.2318
0.21610000000000001
0.1089
0.047
0.0278
0.03949999999999999
0.0506
0.0912
0.09409999999999999
0.24659999999999999
0.1899
0.1696
0.1643
0.1618
0.1791
0.20229999999999998
0.525
0.8261000000000001
0.2699
0.45740000000000003
0.5491
0.2888
0.2632
0.2665
0.2889
0.2964
0.3382
0.5253
0.54
0.44989999999999997
0.4286
0.5542
1.142
0.2562
0.23370000000000002
0.2258
0.2007
0.19929999999999998
0.1698
1.3276
0.2563
0.2122
0.241
0.3097
0.3883
0.26549999999999996
0.2597
0.3806
0.4446
0.3066
0.6303
1.8256
0.1879
0.2814
0.32899999999999996
0.3679
0.33809999999999996
0.12
0.1106
0.1059
0.1049
0.1073
0.1081
0.118
0.1254
0.1237
0.1248
0.114
0.1622
0.2803
0.23110000000000003
0.142
0.136
0.2163
0.323
0.25730000000000003
0.2229
0.2472
0.18619999999999998
0.14279999999999998
0.12440000000000001
3.0967000000000002
2.1974
0.5386
0.45189999999999997
0.19779999999999998
0.0477
0.0498
0.0582
0.088
0.0064
0.0
0.039900000000000005
0.0294
0.0815
1.4677
2.459
2.0369
1.9931
1.1726
1.482
3.6887000000000003
4.1884999999999994
2.9572000000000003
1.9731
0.0
0.0003
0.0
0.0
0.0
0.0
0.0
0.0616
0.2704
1.2518
0.3597
0.2289
0.1076
0.1096
0.18530000000000002
0.082
0.0727
0.1427
0.6232
0.1391
0.0757
0.0212
0.0
0.0
0.0204
0.0009
0.0
0.0
0.0009
0.0018
0.0183
0.0441
0.0584
0.0575
0.0331
0.0322
0.3157
0.5105999999999999
0.0809
0.0781
0.6115
0.1296
1.1151
0.9602999999999999
0.7083
0.455
0.3258
0.1315
0.1127
0.0828
0.0721
0.0728
0.0755
0.0821
0.0949
0.1144
0.1333
0.15489999999999998
0.1633
0.179
0.3418
0.9252
0.2479
0.2037
0.22970000000000002
0.4883
0.5792999999999999
0.6603
0.31120000000000003
0.315
0.3286
0.2206
0.1894
0.1896
0.18769999999999998
0.1904
0.1891
0.21810000000000002
0.3002
0.35609999999999997
0.5644
0.6468
0.2004
0.266
0.24530000000000002
0.2223
0.1609
0.1444
0.2974
0.8128
0.1664
0.1438
0.1792
0.1707
0.154
0.147
0.2918
0.2585
0.2407
0.2389
0.2348
0.2455
0.29300000000000004
0.32830000000000004
0.2978
0.28759999999999997
0.33199999999999996
0.5458000000000001
0.40890000000000004
0.3606
0.4681
0.6175999999999999
0.5092
0.8651
0.5327
0.4738
0.6331
0.4906
0.39949999999999997
0.3433
0.1389
0.0926
0.0868
0.08410000000000001
0.07769999999999999
0.1018
0.1162
0.1169
0.38539999999999996
0.9255
0.9741
1.5925
0.2269
0.1365
0.1745
1.6165
1.0932
0.4797
0.7358
0.5921000000000001
0.46030000000000004
0.5054
0.8606
0.4305
0.1129
0.1089
0.1054
0.1058
0.113
0.1684
0.2067
0.1491
0.11879999999999999
0.12490000000000001
0.1217
0.1461
0.1834
0.1503
0.14479999999999998
0.1759
0.22310000000000002
0.31520000000000004
0.2942
0.2151
0.1847
0.1354
0.1137
0.10550000000000001
0.1774
0.182
0.1876
0.2072
0.19319999999999998
0.2799
0.43069999999999997
1.2629000000000001
1.5751
0.38359999999999994
0.618
1.0316
0.47419999999999995
1.1863
1.6423
0.7183999999999999
0.3123
0.443
0.43320000000000003
0.2659
0.3046
0.20240000000000002
0.15360000000000001
0.146
0.0571
0.0434
0.0369
0.044800000000000006
0.0359
0.039
0.0758
0.33330000000000004
0.5666
0.6104
0.3256
0.35450000000000004
0.5886
0.29590000000000005
0.3864
0.1926
0.1714
0.1794
1.95
0.2793
0.2103
0.14129999999999998
0.0969
0.06570000000000001
0.0764
0.0757
0.0676
0.0698
0.0685
0.0732
0.1073
0.193
0.6557
1.0070999999999999
0.8917999999999999
0.4404
0.4577
0.3417
0.27890000000000004
0.22860000000000003
0.21610000000000001
0.3839
0.35350000000000004
0.3281
0.2693
0.18130000000000002
0.1096
0.0843
0.12010000000000001
0.11249999999999999
0.11649999999999999
0.1176
0.1207
0.1404
0.4315
0.157
0.06839999999999999
0.0754
0.0692
0.0616
0.06709999999999999
0.0679
0.0921
0.1255
0.0937
0.1041
0.1871
0.1256
0.1071
0.11410000000000001
0.1164
0.1124
0.26080000000000003
0.2348
0.2173
0.20950000000000002
0.2066
0.1992
0.2162
0.2123
0.2052
0.1985
0.25780000000000003
0.1478
0.1406
0.1619
0.2346
0.3526
0.3655
0.194
0.1347
0.12390000000000001
0.15460000000000002
0.35650000000000004
0.2723
0.248
0.2286
0.1775
0.1379
0.1228
0.11249999999999999
0.10819999999999999
0.1119
0.1173
0.1356
0.20329999999999998
0.4098
0.20729999999999998
0.18030000000000002
0.2135
0.27249999999999996
0.1472
0.1735
0.3011
0.9279999999999999
0.6026
0.5327999999999999
0.9861
0.4915
0.25780000000000003
0.1848
0.1766
0.1741
0.1724
0.1731
0.254
0.5740000000000001
0.276
0.1693
0.174
0.1795
0.2578
0.2142
0.19990000000000002
0.188
0.2702
0.9592
0.8497999999999999
0.5099
0.2794
0.2437
0.17959999999999998
0.15410000000000001
0.1548
0.1243
0.1483
0.14850000000000002
0.13290000000000002
0.1263
0.14450000000000002
0.8251999999999999
0.25529999999999997
0.1249
0.1143
0.1127
0.0805
0.0953
0.1052
0.2585
0.14629999999999999
0.0936
0.1525
0.4397
0.29560000000000003
0.22970000000000002
0.2773
0.22
0.1456
0.09609999999999999
0.0925
0.08979999999999999
0.0869
0.0858
0.10400000000000001
0.1399
0.3905
0.4567
0.2736
0.1901
0.1132
0.1298
0.17220000000000002
0.5391
0.4508
0.4416
0.3288
0.213
0.1915
0.1797
0.153
0.1248
0.1042
0.2253
0.1999
0.193
0.1842
0.1785
0.1756
0.175
0.2178
0.2012
0.1648
0.1309
0.1251
0.1138
0.10719999999999999
0.0996
0.1143
0.1659
0.3733
0.2646
0.2816
0.24969999999999998
0.2323
0.22299999999999998
0.2107
0.0744
0.1265
0.0777
0.1131
0.1036
0.1019
0.36010000000000003
1.9883
0.0633
0.6985
0.0
0.0
0.0
0.0
0.0
0.0
0.0
0.0
0.1668
0.1083
0.132
0.132
0.0977
0.0823
0.1383
0.1215
0.119
0.1193
0.1196
0.1405
0.21
0.2334
0.2118
0.1948
0.202
0.2021
0.2434
0.236
0.3874
0.9128999999999999
0.3111
0.5016
0.6368
0.3902
0.5734
0.4058
0.25680000000000003
0.16820000000000002
0.1358
0.11910000000000001
0.1062
0.1063
0.1104
0.12819999999999998
0.1985
0.189
0.1426
0.15200000000000002
0.17930000000000001
0.19419999999999998
0.2108
0.1899
0.1979
0.2812
0.5253
1.0509
0.31389999999999996
0.2824
0.4551
0.481
0.35540000000000005
0.2157
0.19640000000000002
0.178
0.16870000000000002
0.168
0.1613
0.17220000000000002
0.18769999999999998
0.4442
0.48910000000000003
0.1517
0.3432
0.1413
0.1686
0.207
0.2984
0.2876
0.41579999999999995
0.184
0.1261
0.1882
0.2771
0.4157
0.3107
0.2076
0.3196
0.299
0.2929
0.2889
0.2835
0.2882
0.3198
0.39990000000000003
0.3769
0.3544
0.3644
0.4577
0.346
0.2825
0.2467
0.2547
0.2845
0.5644
0.9125000000000001
0.472
0.4518
0.4333
0.4066
0.3644
0.0731
0.072
0.0677
0.0637
0.067
0.0732
0.0907
0.1666
0.5203
0.3601
0.3251
0.9341999999999999
0.4672
0.2031
0.16060000000000002
0.1853
0.3647
1.2102
0.378
0.6823
0.4871
0.34650000000000003
0.1884
0.09809999999999999
0.30379999999999996
0.2217
0.19269999999999998
0.20190000000000002
0.20279999999999998
0.15960000000000002
0.11560000000000001
0.11299999999999999
0.0857
0.0678
0.0337
0.0562
0.3513
0.4936
0.706
0.3519
0.48059999999999997
0.5948
0.2784
0.33799999999999997
0.3024
0.2449
0.2449
0.2861
0.13829999999999998
0.1252
0.11099999999999999
0.1008
0.0955
0.0961
0.08710000000000001
0.082
0.0951
0.23420000000000002
0.3807
0.3796
0.1155
0.12190000000000001
0.1741
0.2006
0.382
0.4064
0.2642
0.18280000000000002
0.1462
0.14589999999999997
0.1628
0.1567
0.0867
0.06129999999999999
0.0657
0.0579
0.060399999999999995
0.06720000000000001
0.0939
0.19979999999999998
0.7047
1.514
0.5783
0.4227
0.7313000000000001
0.5940000000000001
0.4874
0.5274
1.6105
1.4355
0.37229999999999996
0.4633
0.595
0.6773
0.5196
0.16349999999999998
0.2017
0.1385
0.1345
0.1334
0.0875
0.08929999999999999
0.1048
0.12769999999999998
0.1111
0.11460000000000001
0.1072
0.08910000000000001
0.1753
0.35300000000000004
0.8468
1.3903
0.7927
2.5226
0.1354
0.21760000000000002
0.15139999999999998
0.14150000000000001
0.165
0.48510000000000003
0.0749
0.0685
0.06709999999999999
0.07089999999999999
0.0833
0.1163
0.0892
0.0731
0.068
0.14250000000000002
0.094
0.0708
0.0906
0.0891
0.0638
0.0833
0.0948
0.0871
0.2003
0.1324
0.1096
0.11199999999999999
0.1038
0.0863
0.0383
0.0327
0.0513
0.0485
0.050100000000000006
0.08829999999999999
0.1364
0.1627
0.2518
0.0829
0.0167
0.5801999999999999
0.4224
0.1533
0.4029
0.5339
0.746
0.4793
0.4208
0.6517
0.1648
0.0395
0.0135
0.0312
0.0566
0.054599999999999996
0.0499
0.047299999999999995
0.0509
0.060899999999999996
0.08810000000000001
0.12340000000000001
0.1794
0.26480000000000004
0.3058
0.122
0.1092
0.1504
0.1899
0.22759999999999997
0.63
0.2972
0.3774
0.723
0.4649
0.19269999999999998
0.0717
0.0491
0.0377
0.0297
0.031100000000000003
0.0307
0.0187
0.0217
0.0432
0.583
0.0106
0.017
0.0073
0.0119
0.0206
0.0172
0.0156
0.6013000000000001
1.4214000000000002
0.6314
0.6329
0.2853
0.1228
0.12869999999999998
0.0939
0.07050000000000001
0.5367
0.5236000000000001
0.5861
0.4163
0.3812
0.3591
0.3473
0.3669
0.35109999999999997
0.3084
0.25
0.2791
0.2659
0.2946
0.6022000000000001
0.6031
0.48660000000000003
0.5842
0.7084
0.5524
0.9309000000000001
0.8247
0.5552
0.5804
0.0
0.0028
0.0
0.0
0.0
0.0
0.0
0.7186
0.0282
0.0054
0.0277
0.2146
0.0174
0.0
0.0
0.0
0.0298
0.324
0.44289999999999996
0.2189
0.18
0.054400000000000004
0.020800000000000003
0.0
0.0004
0.0
0.0
0.0
0.0
0.0
0.0079
0.0
0.0
0.0027
0.0096
0.0287
0.0
0.0
0.0
0.0
0.041999999999999996
0.0
0.0
0.0177
0.0578
0.050100000000000006
0.0029
0.0
0.0615
0.057499999999999996
0.0538
0.0474
0.048799999999999996
0.054900000000000004
0.1006
0.3681
0.6824
0.5404
0.5226999999999999
0.4193
0.3176
0.2963
0.2354
0.2304
0.7038
0.7936
0.6409
0.5099
0.2944
0.1396
0.0711
0.0616
0.1175
0.1056
0.09809999999999999
0.09570000000000001
0.09390000000000001
0.10250000000000001
0.11130000000000001
0.1207
0.1245
0.2559
0.313
0.1058
0.1016
0.3865
0.1438
0.1264
0.1285
0.91
0.478
0.45199999999999996
0.39149999999999996
0.5147
0.2179
0.1277
0.044700000000000004
0.0254
0.0278
0.025
0.0165
0.0122
0.0074
0.0186
0.22560000000000002
0.0
0.0
0.0
0.0
0.0
0.0
0.4881
0.4511
0.0759
0.0975
0.43320000000000003
0.1537
0.2544
0.2186
0.1053
0.1449
0.1565
0.1628
0.15689999999999998
0.1616
0.20279999999999998
0.4262
0.4878
0.21289999999999998
0.1366
0.1549
0.30510000000000004
0.2522
0.2368
0.2672
0.3077
0.6747000000000001
0.6839999999999999
0.2513
0.24130000000000001
0.18580000000000002
0.0872
0.068
0.0832
0.1347
0.1887
0.2057
0.1338
0.1172
0.0968
0.0842
0.06
0.1056
0.0292
0.0004
0.0
0.0
0.0
0.0
1.3437999999999999
0.3849
0.9598
0.0
0.0352
0.035
0.6789000000000001
0.0436
0.063
0.1144
0.10039999999999999
0.1029
0.0897
0.0885
0.0975
0.1184
0.1426
0.16970000000000002
0.24
0.2374
0.2323
0.2155
0.2429
0.3227
0.9382
0.9078
0.6848000000000001
1.3041
0.8048
0.5396
0.4086
0.2339
0.1596
0.2356
0.187
0.1855
0.1877
0.1758
0.1768
0.1956
0.2371
0.2774
0.3197
0.4018
0.3713
0.3896
1.3487
0.8982
0.4259
0.5852
0.6427
0.5825
0.8405
1.0373
1.4443
0.7256
0.336
0.14750000000000002
0.1375
0.13269999999999998
0.13369999999999999
0.13219999999999998
0.1345
0.1413
0.1629
0.166
0.185
0.1599
0.1716
0.2988
0.5744
0.16649999999999998
0.17359999999999998
0.2603
0.269
0.2697
0.22820000000000001
0.2032
0.1829
0.16920000000000002
0.1553
0.1965
0.36329999999999996
0.3929
0.3053
0.24
0.2269
0.2401
0.2067
0.1527
0.14350000000000002
0.1361
0.11729999999999999
0.1306
0.1567
0.1637
0.1735
0.2178
1.4943
0.8341
0.961
1.9449
1.6348
0.19419999999999998
0.1784
0.1229
0.1067
0.0923
0.1014
0.1321
0.12090000000000001
0.12040000000000001
0.1031
0.0785
0.0868
0.0864
0.07919999999999999
0.1227
0.4239
0.24559999999999998
0.4647
0.7947
1.9304000000000001
0.7705
0.2988
0.31930000000000003
0.305
0.2114
0.1495
0.1664
0.1124
0.0963
0.0884
0.07880000000000001
0.0781
0.0794
0.086
0.1037
0.3067
0.5564
0.5502
0.1376
0.4373
0.2896
0.1639
0.1581
0.1583
0.1366
0.13440000000000002
0.14629999999999999
0.18159999999999998
0.2619
0.2195
0.1234
0.1192
0.123
0.1326
0.1401
0.1467
0.13540000000000002
0.10389999999999999
0.0875
0.08449999999999999
0.0749
0.0739
0.07
0.0798
0.1005
0.5221
0.7673
0.509
0.4884
0.49570000000000003
0.1921
0.18330000000000002
0.1654
0.1501
0.48
0.4262
0.4037
0.3936
0.3931
0.3768
0.4054
0.4488
0.4218
0.3568
0.2821
0.3154
1.0167
1.7859
0.45230000000000004
0.4631
0.7270000000000001
1.0181
1.494
1.6947999999999999
1.1724999999999999
1.2374
1.3481
0.7104999999999999
0.023100000000000002
0.019799999999999998
0.0303
0.0247
0.0245
0.058300000000000005
0.1498
0.156
0.133
0.12580000000000002
0.1162
0.1274
0.29779999999999995
0.1779
0.1925
0.6853
0.48040000000000005
0.3829
0.9447
0.6343
0.15189999999999998
0.0716
0.023299999999999998
0.0285
0.0772
0.0644
0.0603
0.0596
0.051000000000000004
0.0527
0.0613
0.0616
0.046299999999999994
0.0496
0.1059
0.054599999999999996
0.08049999999999999
0.39749999999999996
0.2108
0.0999
0.0726
0.0756
0.15639999999999998
0.334
0.1183
0.1036
0.0858
0.07
0.3437
0.3462
0.3892
0.4236
0.3987
0.4103
0.4789
0.5402
0.5263
0.4436
0.3846
0.38439999999999996
0.8917999999999999
2.2678000000000003
0.9367000000000001
1.1901000000000002
1.9698
0.6359
0.5932999999999999
0.6719999999999999
0.4544
0.3528
0.3039
0.2883
0.15489999999999998
0.1181
0.08399999999999999
0.0742
0.07500000000000001
0.0829
0.0691
0.0099
1.7649
0.691
0.0318
0.7181
0.1047
0.1207
0.0605
0.11979999999999999
0.1543
0.2054
0.5492
0.7715
0.7018
0.5309999999999999
0.7073
0.522
0.0309
0.018500000000000003
0.0157
0.019000000000000003
0.018000000000000002
0.0279
0.027700000000000002
0.065
0.0901
0.3508
0.4396
0.1779
0.2306
0.1211
0.10239999999999999
0.1558
0.8674
1.416
0.5551999999999999
0.3822
0.4
0.4857
0.2526
0.0566
0.1287
0.1118
0.0857
0.0568
0.036
0.030100000000000002
0.030600000000000002
0.0282
0.0063
0.0009
0.012400000000000001
0.0017
0.0822
0.5849
0.0888
0.0329
0.0489
0.2726
1.1397
0.2009
0.5226
0.1385
0.12990000000000002
0.13269999999999998
0.0528
0.0465
0.0399
0.0356
0.096
0.1883
0.2069
0.2898
0.4544
0.3716
0.9568
0.1038
0.893
1.7765
0.9099
0.32110000000000005
0.3066
0.3035
0.5917
0.6986
0.19290000000000002
0.11829999999999999
0.07
0.061399999999999996
0.0361
0.031799999999999995
0.0292
0.0225
0.0264
0.0204
0.024800000000000003
0.0674
0.1825
0.32930000000000004
0.4485
1.2616
1.3509
0.3567
0.3852
0.3109
0.3229
0.5283
0.3341
0.2512
0.22
0.14679999999999999
0.0827
0.0505
0.23609999999999998
0.24280000000000002
0.24009999999999998
0.2319
0.22089999999999999
0.22460000000000002
0.24209999999999998
0.3055
0.4052
0.4345
0.5353
0.4703
0.4222
0.3476
0.5667
0.3094
0.2519
0.2363
0.27849999999999997
0.2861
0.2622
0.2435
0.22160000000000002
0.2076
0.0574
0.0567
0.054400000000000004
0.052599999999999994
0.056999999999999995
0.08660000000000001
0.3785
0.4114
0.2465
0.1315
0.11199999999999999
0.09620000000000001
0.09620000000000001
0.11130000000000001
0.11460000000000001
0.12040000000000001
0.2882
0.3217
0.28190000000000004
0.5707
0.1617
0.1017
0.0592
0.060399999999999995
0.1421
0.106
0.1005
0.0902
0.08990000000000001
0.10300000000000001
0.1137
0.128
0.1277
0.13240000000000002
0.1363
0.1511
0.2842
1.3765
0.5546
0.30310000000000004
0.359
0.3721
0.3217
0.3774
0.3799
0.6007
0.724
0.24430000000000002
0.0018000000000000002
0.0
0.0
0.0003
0.0
0.0018
0.0065
0.0247
0.043800000000000006
0.07300000000000001
0.0359
0.09309999999999999
0.1555
0.051199999999999996
0.049600000000000005
0.0463
0.053599999999999995
0.1524
0.0822
0.0498
0.0376
0.0283
0.0201
0.004999999999999999
0.0
0.0
0.0
0.0
0.0
0.0
0.1555
0.4113
0.0946
0.1493
0.14229999999999998
0.0955
0.056400000000000006
0.0446
0.0221
0.0019
0.8477999999999999
0.058
0.044700000000000004
0.0629
0.0505
0.0066
0.0
0.0
0.15739999999999998
0.135
0.12869999999999998
0.12
0.11460000000000001
0.1254
0.1379
0.1558
0.15760000000000002
0.1543
0.14739999999999998
0.8695999999999999
0.1615
0.1639
0.18359999999999999
0.5507
0.7298
0.7348
0.405
0.2833
0.2546
0.2272
0.19269999999999998
0.16510000000000002
0.2592
0.2044
0.2101
0.196
0.17830000000000001
0.1809
0.1985
0.2474
0.3052
0.39059999999999995
1.1522000000000001
0.7846000000000001
0.6175
0.9182
1.0948
0.25780000000000003
0.4859
0.5465
0.4162
0.5321
0.4757
0.4577
0.4274
0.3322
0.30169999999999997
0.2788
0.25639999999999996
0.2458
0.1704
1.4975
0.28650000000000003
0.1373
0.0625
0.0689
0.0437
0.057300000000000004
0.027299999999999998
0.0245
0.039400000000000004
0.25429999999999997
2.0261
1.1777
1.3079
0.3285
2.4898
0.4187
0.3698
0.3486
0.1241
0.1157
0.10830000000000001
0.10619999999999999
0.1042
0.1116
0.171
0.445
0.25379999999999997
0.2136
0.1963
0.17930000000000001
0.1904
0.1899
0.1787
0.16720000000000002
0.1578
0.2145
0.22210000000000002
0.2444
0.2845
0.3105
0.24569999999999997
0.1573
0.19369999999999998
0.1896
0.155
0.1466
0.1371
0.14129999999999998
0.1223
0.1792
0.42610000000000003
0.10919999999999999
0.07519999999999999
0.0526
0.0325
0.0577
0.17070000000000002
0.263
0.43069999999999997
0.3865
0.3151
0.2402
0.217
0.40490000000000004
0.1956
0.1627
0.1778
0.1953
0.2013
0.2006
0.1959
0.2122
0.2394
0.245
0.2455
0.4535
0.28969999999999996
0.9546000000000001
0.4929
0.5018
0.2455
0.7722
0.2562
0.2563
0.2742
0.20800000000000002
0.1658
0.1391
0.1256
0.12040000000000001
0.22010000000000002
0.1934
0.17930000000000001
0.17320000000000002
0.16620000000000001
0.17120000000000002
0.179
0.23149999999999998
0.2867
0.26580000000000004
0.3189
0.3157
0.2601
0.25129999999999997
0.2651
0.2497
0.22049999999999997
0.2544
0.216
0.2191
0.2465
0.2911
0.31020000000000003
0.2604
0.0
0.0
0.0
0.0
0.0
0.0
0.1089
0.0436
0.6208
0.0113
0.3539
2.2926
0.07819999999999999
0.0
0.0
0.0072
1.2708
1.3182
1.9546000000000001
0.7898000000000001
2.6334999999999997
0.9919
0.2111
0.0
0.1454
0.143
0.1257
0.1375
0.1175
0.09509999999999999
0.2626
0.2831
0.0
0.0
0.0
0.0
0.0
0.0
0.0
0.0
0.0403
0.268
0.42750000000000005
0.3904
0.1519
0.1739
0.2036
0.1508
0.16049999999999998
0.1276
0.1091
0.0988
0.0932
0.0912
0.09140000000000001
0.1823
0.1147
0.0675
0.0824
0.0931
0.0654
0.0622
0.0636
0.0721
0.0696
0.10400000000000001
0.08940000000000001
0.10350000000000001
0.1503
0.13219999999999998
0.11560000000000001
0.1122
0.0561
0.0432
0.049
0.0401
0.0444
0.0359
0.0511
0.0859
0.08760000000000001
0.26239999999999997
0.217
0.69
0.8529
0.16510000000000002
0.1523
0.8704000000000001
0.6941
0.6986
0.09609999999999999
0.07619999999999999
0.0858
0.0718
0.0698
0.0561
0.0283
0.024300000000000002
0.0137
0.013999999999999999
0.0268
0.0065
0.024
0.0342
0.0239
0.0338
0.2103
0.0556
0.2219
0.1284
0.0363
0.009899999999999999
0.0094
0.8644000000000001
1.035
1.2965
0.5843
0.2252
0.1716
0.0708
0.21050000000000002
0.2051
0.2017
0.20600000000000002
0.2121
0.2394
0.8984
0.5138
0.2862
0.22449999999999998
0.21660000000000001
0.1987
0.2016
0.1965
0.2036
0.2545
0.9478
1.1864
1.0361
0.3871
0.37029999999999996
0.29969999999999997
0.2294
0.20829999999999999
0.237
0.2494
0.2561
0.2514
0.24159999999999998
0.2776
0.3271
0.2932
1.0901
0.0726
0.20339999999999997
1.0419
0.5123
0.26339999999999997
0.3231
0.4148
0.3225
0.12840000000000001
0.099
0.2117
0.1592
0.1284
0.11030000000000001
0.11299999999999999
0.1461
0.1494
0.15560000000000002
0.1504
0.1532
0.17980000000000002
0.2358
0.38939999999999997
0.4264
0.2224
0.2345
0.7067
0.3728
0.3141
0.32030000000000003
0.6131
0.7626
0.381
0.29400000000000004
0.3506
0.3006
0.18580000000000002
0.1265
0.12769999999999998
0.09570000000000001
0.099
0.09709999999999999
0.09659999999999999
0.1005
0.13419999999999999
0.2189
0.388
0.2659
0.15100000000000002
0.1733
0.2089
0.2452
0.1824
0.16060000000000002
0.14689999999999998
0.2213
0.2218
0.17830000000000001
0.2932
0.17980000000000002
0.1086
0.078
0.0764
0.1152
0.0818
0.08710000000000001
0.0766
0.0736
0.23560000000000003
0.599
0.2665
0.1853
0.36779999999999996
0.11180000000000001
0.061
0.036699999999999997
0.0283
0.0174
0.0253
0.038
0.2229
0.4908
0.30269999999999997
0.3116
0.2733
0.19569999999999999
0.1167
0.2057
0.2041
0.1925
0.1782
0.1991
0.1936
0.1921
0.1901
0.1609
0.1264
0.32389999999999997
0.3371
0.2093
0.31320000000000003
0.1734
0.1612
0.6994
1.4877
0.5174
0.1482
0.1993
0.2151
0.2021
0.1739
0.0398
0.0429
0.0414
0.0382
0.0363
0.049100000000000005
0.0788
0.13340000000000002
0.4698
0.47639999999999993
0.2493
0.2049
0.443
0.27990000000000004
0.4023
0.256
0.2266
0.21639999999999998
0.16360000000000002
0.622
0.1703
0.0901
0.0547
0.0455
0.0
0.0299
0.0229
0.0
0.0492
0.0
0.0467
0.0074
0.2721
0.0458
0.5183
1.2686000000000002
0.1159
0.0
0.0
0.1244
7.607200000000001
4.0052
1.194
0.2404
2.2043
2.0436
1.9243999999999999
0.6429
0.054099999999999995
0.0451
0.0406
0.0378
0.03
0.023
0.0175
0.0194
0.022
0.0178
0.0115
0.0464
0.0288
0.048
0.056299999999999996
0.0335
0.0262
0.0201
0.0092
0.0247
0.0869
0.0688
0.0508
0.0494
0.137
0.1252
0.1174
0.1139
0.1172
0.1339
0.1923
0.2849
0.3135
0.4394
0.3842
0.30920000000000003
0.357
0.3332
0.33899999999999997
0.40700000000000003
0.8497
0.8844000000000001
0.7834
0.8293999999999999
0.4976
0.49960000000000004
0.3876
0.2135
0.1699
0.15560000000000002
0.1508
0.1424
0.1402
0.14200000000000002
0.1575
0.21539999999999998
0.4236
0.354
0.2736
0.3359
0.39299999999999996
0.20700000000000002
0.1769
0.1774
0.209
0.3782
1.3683
0.7627999999999999
0.2712
0.22039999999999998
0.1784
0.1648
0.1331
0.08449999999999999
0.087
0.06709999999999999
0.0661
0.0702
0.06609999999999999
0.06559999999999999
0.0813
0.1532
0.2491
0.37129999999999996
0.3347
0.3106
0.32689999999999997
2.3678
1.7322
0.8071
0.8345
0.9348
2.0981
1.1126
0.7893
0.4295
0.1942
0.1839
0.175
0.1747
0.17209999999999998
0.18669999999999998
0.2442
0.41650000000000004
0.2576
0.22089999999999999
0.1973
0.1994
0.2248
0.2156
0.2271
0.3079
0.6541
1.1825
0.732
0.44830000000000003
0.313
0.2732
0.2347
0.2051
0.2577
0.21860000000000002
0.20379999999999998
0.1879
0.1744
0.17930000000000001
0.1767
0.1819
0.1742
0.1764
0.1772
0.205
0.6540999999999999
0.389
0.31120000000000003
0.8437
0.955
0.5470999999999999
0.5823
0.8026
0.5222
0.41200000000000003
0.3943
0.37829999999999997
0.1285
0.12329999999999999
0.1137
0.1079
0.1023
0.1006
0.1051
0.1138
0.1612
0.16110000000000002
0.1709
0.1281
0.1224
0.1188
0.1051
0.0786
0.0839
0.1622
0.1835
0.1844
0.193
0.17220000000000002
0.1334
0.1136
0.1753
0.11499999999999999
0.096
0.0794
0.0754
0.0781
0.0706
0.0815
0.1962
0.6934
0.40790000000000004
0.6447
0.0345
0.0639
0.0926
0.1049
0.0948
0.1391
0.1368
0.092
0.0747
0.08410000000000001
0.1085
0.12830000000000003
0.06989999999999999
0.0557
0.050600000000000006
0.0504
0.0498
0.0613
0.068
0.0685
0.0665
0.08
0.1405
0.32830000000000004
0.5955
0.1056
0.097
0.17859999999999998
0.2013
0.1059
0.5509000000000001
0.44079999999999997
0.2499
0.2711
0.23770000000000002
0.1605
0.0226
0.0217
0.026000000000000002
0.042
0.037500000000000006
0.0543
0.0849
0.1175
0.1485
0.0404
0.7115
0.099
0.0564
1.0966
0.7302
0.46830000000000005
0.21489999999999998
0.10389999999999999
0.7157
0.07880000000000001
0.0605
0.0413
0.0127
0.0308
0.404
0.3941
0.4074
0.4929
0.5443
0.43979999999999997
0.4865
0.5247999999999999
0.6009
0.9438
0.907
0.313
0.3429
1.9554
1.0214
2.0869999999999997
1.5314999999999999
0.7604
0.9267000000000001
1.205
0.9105
0.9823999999999999
0.5901
0.4299
0.3916
0.38280000000000003
0.4823
0.48240000000000005
0.39590000000000003
0.3986
0.4675
0.3555
0.2995
0.176
0.1577
0.1698
0.0807
0.1483
0.9790000000000001
4.691599999999999
2.6314
5.5762
4.6561
4.645
3.3411
2.1982
0.43720000000000003
0.35440000000000005
0.2012
0.1627
0.1802
0.16870000000000002
0.227
0.2872
0.1673
0.0912
0.060700000000000004
0.0419
0.0472
0.051500000000000004
0.05689999999999999
0.0785
0.1438
0.8323
0.7545999999999999
0.38680000000000003
0.9604
1.8013
0.6018
0.6235999999999999
1.2399
0.6722999999999999
0.2606
0.256
0.2797
0.3208
0.2473
0.252
0.30720000000000003
0.5577
0.9354
0.5127
0.43900000000000006
0.22039999999999998
1.148
0.1527
0.34109999999999996
2.3696
0.4768
0.2726
0.302
0.3547
0.2889
0.2701
0.20929999999999999
0.2071
0.746
0.3136
0.4174
0.5972
0.5183
0.3555
0.18009999999999998
0.050699999999999995
0.0232
0.0643
0.9435
0.0022
0.030199999999999998
0.0
0.61
0.4288
0.0
0.030100000000000002
0.0031
0.0085
0.0059
0.0118
0.0907
0.1244
0.075
0.063
0.055
0.0511
0.0518
0.0411
0.0557
0.11599999999999999
0.1644
0.268
0.3355
0.2976
0.9496
0.3578
0.2534
0.4858
1.1218
0.6729
1.0787
0.3169
0.2659
0.22610000000000002
0.15389999999999998
0.1053
0.20829999999999999
0.19019999999999998
0.1796
0.183
0.1801
0.1861
0.2085
0.2823
0.4466
0.3701
0.3151
0.36
0.3055
0.3325
0.2904
0.25780000000000003
0.2582
1.2011999999999998
0.4313
0.27149999999999996
0.4371
0.4992
0.3308
0.2341
0.0724
0.0673
0.0736
0.0685
0.0726
0.087
0.18309999999999998
0.3219
0.4044
0.6794
0.6780999999999999
0.5051
0.3923
0.4327
0.39990000000000003
1.0029
1.0471
0.4907
0.16599999999999998
0.17930000000000001
0.2455
0.2182
0.1442
0.099
0.2009
0.1936
0.1999
0.1874
0.1833
0.2025
0.22499999999999998
0.348
0.7826
0.33240000000000003
0.33140000000000003
0.5538000000000001
0.7923
0.3628
0.28359999999999996
0.29179999999999995
0.33430000000000004
0.5007
1.2570999999999999
1.9746000000000001
0.3484
0.23600000000000002
0.17020000000000002
0.18469999999999998
0.26480000000000004
0.2147
0.2027
0.1981
0.19369999999999998
0.189
0.19879999999999998
0.18669999999999998
0.1814
0.2313
0.2894
0.2474
0.4503
0.2489
0.1961
0.1871
0.16310000000000002
1.2544
0.9839
0.8140000000000001
0.8936
0.4111
0.3234
0.2568
0.363
0.3354
0.3241
0.3171
0.3117
0.31510000000000005
0.3231
0.3386
0.34709999999999996
0.3883
0.44630000000000003
0.4761
0.43320000000000003
0.4164
0.4078
0.4478
0.511
0.43300000000000005
0.5133
0.6047
0.6315
0.6408
0.5943
0.4778
0.1545
0.1496
0.1449
0.14029999999999998
0.1333
0.1308
0.1351
0.1479
0.16799999999999998
0.1592
0.1614
0.1255
0.1063
0.1295
0.16749999999999998
0.19
0.1795
0.1866
0.1614
0.1475
0.1413
0.1442
0.1326
0.1295
0.0928
0.0892
0.08460000000000001
0.08030000000000001
0.0809
0.1104
0.3897
0.2219
0.1371
0.1365
0.1163
0.1073
0.11130000000000001
0.1092
0.1001
0.1051
0.3419
0.2838
0.30619999999999997
0.33940000000000003
0.35109999999999997
0.2841
0.1696
0.11099999999999999
0.1977
0.2036
0.2014
0.20500000000000002
0.21539999999999998
0.28959999999999997
0.41159999999999997
0.45530000000000004
0.5626
0.4737
0.3885
0.3477
0.472
0.5483
0.4754
0.361
0.4861
0.9861
0.3573
0.5455
0.8096
0.42510000000000003
0.23249999999999998
0.1865
0.09190000000000001
0.0814
0.0802
0.0756
0.0775
0.094
0.1181
0.15760000000000002
0.1784
0.1623
0.1598
0.18309999999999998
0.3892
0.7471000000000001
0.2929
0.2834
0.7356
0.8844
0.8575
0.5809
0.2872
0.18680000000000002
0.12359999999999999
0.1031
0.0583
0.0474
0.0427
0.0376
0.032100000000000004
0.031
0.027
0.0489
0.1256
0.2181
0.25680000000000003
0.1444
0.0593
0.0436
0.0317
0.0282
0.013000000000000001
0.013600000000000001
0.0101
0.0222
0.0494
0.09129999999999999
0.10139999999999999
0.07650000000000001
0.274
0.26
0.2354
0.1976
0.1642
0.162
0.1677
0.16949999999999998
0.1476
0.1542
0.1472
0.1527
0.1678
0.7083
0.3943
0.2925
0.27690000000000003
0.6947
0.5474
0.4341
0.3266
0.3144
0.30810000000000004
0.27449999999999997
0.0237
0.0174
0.0228
0.022199999999999998
0.024399999999999998
0.025599999999999998
0.0211
0.0317
0.133
0.8460000000000001
1.1764999999999999
1.9871
0.968
0.6642
1.1282
0.3399
0.2489
0.7454999999999999
0.9086000000000001
0.28159999999999996
0.2237
0.1355
0.0798
0.042800000000000005
0.3608
0.34750000000000003
0.3295
0.3509
0.4315
0.9896
0.5219
0.3121
0.3181
0.5825
0.3293
0.3779
0.498
0.3976
0.3543
0.6945
0.45330000000000004
0.3637
0.8762000000000001
0.768
1.2614999999999998
0.685
0.5832999999999999
0.47529999999999994
0.053000000000000005
0.0465
0.0419
0.0397
0.0431
0.046200000000000005
0.14500000000000002
0.2718
0.1143
0.1336
0.179
0.1706
0.1511
0.1498
0.18130000000000002
0.22
0.28700000000000003
0.43100000000000005
0.2135
0.18280000000000002
0.226
0.2666
0.1827
0.09040000000000001
0.0529
0.0487
0.0461
0.044700000000000004
0.046299999999999994
0.0547
0.0911
0.1573
0.1905
0.1925
0.191
0.2657
0.2243
0.1706
0.1506
0.16299999999999998
0.2657
0.225
0.1945
0.20729999999999998
0.22449999999999998
0.1771
0.10439999999999999
0.0618
0.0
0.0
0.0
0.0
0.0
0.0
0.0
0.0
0.0
0.0
0.0
0.0
0.0
0.8523999999999999
0.5682
0.379
0.4424
0.9107
0.2831
0.2463
0.7097
0.6919
0.33230000000000004
0.1529
0.11510000000000001
0.1127
0.10450000000000001
0.10350000000000001
0.10400000000000001
0.10300000000000001
0.0996
0.1529
0.2715
0.0686
0.0271
0.014199999999999999
0.0187
0.025599999999999998
0.031
0.0673
0.1886
0.45840000000000003
0.6385
0.6821
0.5044
0.5608
0.1449
0.1238
0.2395
0.23609999999999998
0.2248
0.2227
0.2049
0.1981
0.2001
0.1961
0.1894
0.8775999999999999
0.5249
1.1524999999999999
0.5541
0.5037
0.2221
0.23370000000000002
0.2147
0.2373
0.26780000000000004
0.2581
0.2742
0.29159999999999997
0.28859999999999997
0.2781
0.2762
0.2548
0.2778
0.2686
0.2624
0.2741
1.3759000000000001
0.8749
0.2369
0.3838
0.2434
0.34740000000000004
0.2734
0.26449999999999996
0.14989999999999998
0.8901
0.247
0.23920000000000002
0.36060000000000003
0.3153
0.3113
0.25429999999999997
0.21660000000000001
0.2314
0.1645
0.1487
0.1316
0.1248
0.12819999999999998
0.1311
0.1655
0.2155
0.3281
0.5736
1.3064
2.3525
0.8183
0.7654
0.9558
0.7292000000000001
1.2229999999999999
3.0133
1.0429
1.2024
0.8134
0.655
0.3859
0.23149999999999998
0.12090000000000001
0.105
0.0968
0.0927
0.0865
0.0807
0.0791
0.10629999999999999
0.256
0.037599999999999995
0.1786
0.0002
0.0
0.0
0.0085
0.0349
0.2568
0.1212
0.1588
0.3181
0.1326
0.203
0.2597
0.1552
0.19829999999999998
0.16570000000000001
0.1505
0.1492
0.13690000000000002
0.14400000000000002
0.14639999999999997
0.1768
0.1689
0.1628
0.1382
0.1387
0.1308
0.1475
0.2014
0.3726
0.6382
1.2711999999999999
2.0163
0.6394
0.367
0.4284
0.4991
0.3447
0.0791
0.07050000000000001
0.0834
0.0784
0.0822
0.097
0.1452
0.2102
0.3115
0.647
0.8067
0.6956
0.6265000000000001
0.4469
0.4407
1.301
0.3192
0.24520000000000003
0.2222
0.22060000000000002
0.1868
0.1256
0.0964
0.0844
0.5419
0.37270000000000003
0.33020000000000005
0.2868
0.2451
0.26739999999999997
0.26039999999999996
0.2721
0.5601
0.37460000000000004
0.3449
0.3513
0.33199999999999996
0.2901
1.1611
1.3693
1.4247999999999998
0.4769
0.3817
1.8083999999999998
0.7132
0.5757
0.5185
0.8781
0.2128
0.2007
0.19469999999999998
0.199
0.2116
0.2636
0.3124
0.3362
0.381
0.5611999999999999
0.6993
0.38739999999999997
0.5073
0.4662
0.4088
0.4494
0.5387
0.9737
0.4588
0.4212
0.4955
0.5792999999999999
0.3644
0.2511
0.1356
0.1323
0.13090000000000002
0.13219999999999998
0.13340000000000002
0.158
0.2239
0.2014
0.1779
0.1642
0.153
0.19669999999999999
0.2
0.1993
0.2155
0.2074
0.154
0.15789999999999998
0.1814
0.2018
0.26339999999999997
0.2013
0.1487
0.13440000000000002
0.0
0.0
0.0
0.0
0.0
0.0
0.0
0.0427
0.189
0.09340000000000001
0.4993
1.0662
0.3065
0.054099999999999995
0.5543
0.1206
0.1256
0.2022
0.14600000000000002
0.19
0.1718
0.1797
0.1258
0.0232
0.0543
0.0529
0.0552
0.0619
0.093
0.2106
0.0886
0.0673
0.055999999999999994
0.0722
0.059300000000000005
0.052500000000000005
0.0401
0.0479
0.0368
0.045700000000000005
0.0837
0.2146
0.21789999999999998
0.0974
0.0678
0.0404
0.0378
0.0374
0.1904
0.1242
0.12029999999999999
0.1095
0.1106
0.09889999999999999
0.1258
0.18480000000000002
0.41679999999999995
0.6848000000000001
1.206
0.6031
0.18359999999999999
0.1886
0.2633
0.3107
0.33740000000000003
0.7877
0.2834
0.23959999999999998
0.21689999999999998
0.5965
1.252
0.6056
0.0
0.0
0.0
0.0002
0.0
0.0
0.0
0.0
0.3738
1.389
1.3126
1.6427999999999998
1.4489
0.4449
1.0877999999999999
0.6469
0.1046
0.035699999999999996
0.0025
0.040999999999999995
0.0993
0.0681
0.0225
0.003
0.11170000000000001
0.1
0.101
0.0996
0.0964
0.1544
0.23859999999999998
0.0764
0.0149
0.0
0.0
0.0
0.0
0.0005
0.0139
0.0442
0.0941
0.1473
1.1229
0.3065
0.9706000000000001
0.5557
0.444
0.4284
0.3685
0.381
0.34450000000000003
0.31579999999999997
0.30389999999999995
0.3002
0.30110000000000003
0.3781
0.8291
0.5886
0.6134
0.34740000000000004
0.3131
0.3446
0.4298
0.4065
0.3517
0.4239
0.4558
0.3543
0.37560000000000004
0.3973
0.3943
0.36160000000000003
0.3156
0.23249999999999998
0.2187
0.2123
0.2077
0.2091
0.23149999999999998
0.318
0.5067
0.6235
0.2813
0.1861
0.16920000000000002
0.1502
0.122
0.1178
0.1752
0.36729999999999996
0.19790000000000002
0.263
0.4073
1.666
0.42690000000000006
0.25739999999999996
0.0796
0.0619
0.0508
0.0426
0.0368
0.0314
0.0271
0.031100000000000003
0.0374
0.0516
0.0952
0.10669999999999999
0.0843
0.062
0.0539
0.039599999999999996
0.034
0.0484
0.0752
0.1618
0.1391
0.1178
0.10120000000000001
0.088
0.11
0.09440000000000001
0.08610000000000001
0.08299999999999999
0.07919999999999999
0.0785
0.0813
0.1094
0.1051
0.098
0.095
0.0995
0.0801
0.075
0.06689999999999999
0.0746
0.0879
0.1462
0.2986
0.2857
0.24969999999999998
0.1977
0.1552
0.1301
0.10419999999999999
0.0942
0.0889
0.0829
0.07619999999999999
0.0893
0.10139999999999999
0.1116
0.0934
0.0813
0.0795
0.2103
0.3574
0.3801
0.254
0.2109
0.46509999999999996
1.2744
0.4746
0.3206
0.2141
0.10930000000000001
0.07400000000000001
0.0756
0.015
0.0
0.0034
0.009300000000000001
0.0
0.0
0.0252
0.0002
0.5545
0.0269
0.0
0.4547
0.13169999999999998
0.0172
0.1893
0.1626
0.0874
1.8289
0.9812
0.4209
0.1503
0.16670000000000001
0.1304
0.0635
0.16970000000000002
0.1617
0.15589999999999998
0.155
0.1527
0.1599
0.1612
0.2944
0.5534
0.4729
0.6796
0.2373
0.1466
0.1348
0.1147
0.1447
0.3004
0.3457
0.2052
0.20779999999999998
0.3256
0.40590000000000004
0.1931
0.166
0.2439
0.1351
0.1084
0.1003
0.0952
0.0941
0.0928
0.0969
0.1152
0.3378
0.3902
0.2564
0.1636
0.12079999999999999
0.10830000000000001
0.1006
0.1361
0.44489999999999996
0.2036
0.2177
0.20329999999999998
0.2128
0.2232
0.18130000000000002
0.0597
0.043
0.0441
0.038400000000000004
0.034699999999999995
0.032799999999999996
0.0359
0.0635
0.0424
0.056299999999999996
0.027700000000000002
0.0471
0.0495
0.0379
0.0315
0.1321
0.134
0.0258
0.3099
1.1035
0.06079999999999999
0.12010000000000001
0.1429
0.13290000000000002
0.0774
0.0696
0.06509999999999999
0.0638
0.0673
0.0758
0.08990000000000001
0.0971
0.0949
0.2682
0.1532
0.1343
0.24520000000000003
0.1567
0.1862
0.2057
0.15660000000000002
0.1433
0.1057
0.0948
0.08499999999999999
0.0901
0.1021
0.0909
0.0
0.0
0.0
0.0
0.0
0.0463
0.17880000000000001
0.2338
0.3216
0.3113
0.6990000000000001
0.4011
0.517
0.0303
0.0
0.0
0.0183
0.6934
0.4174
0.0233
0.0
0.0
0.0
0.0
0.11080000000000001
0.12240000000000001
0.1131
0.11069999999999999
0.1179
0.12669999999999998
0.1883
0.2244
0.28700000000000003
0.47850000000000004
0.5136
0.1932
0.2281
0.2138
0.1895
0.1725
0.19590000000000002
0.731
0.19669999999999999
0.9416
0.8049
0.31120000000000003
0.1776
0.12940000000000002
0.011300000000000001
0.004
0.0039
0.003
0.003
0.0
0.0084
0.009000000000000001
0.0201
0.046900000000000004
0.0532
0.035699999999999996
0.026699999999999998
0.12079999999999999
0.026099999999999998
0.0013
0.0346
0.0411
0.0001
0.0122
0.0191
0.026799999999999997
0.015799999999999998
0.0058
0.038
0.0
0.0397
0.046
0.0516
0.0897
0.1742
0.2711
0.2177
0.0
0.3849
1.7812000000000001
0.0749
0.2673
0.3224
0.004
0.0578
0.0316
0.3337
0.5696
0.0
0.0
0.0
0.0187
0.2153
0.1706
0.1328
0.1368
0.1346
0.1178
0.0925
0.08360000000000001
0.089
0.1112
0.1036
0.0754
0.0943
0.0915
0.0572
0.038400000000000004
0.0492
0.0648
0.0434
0.071
0.0902
0.1114
0.11460000000000001
0.1017
0.193
0.16460000000000002
0.16349999999999998
0.1523
0.1614
0.157
0.2837
0.5995999999999999
0.3478
0.6028
0.4121
0.9669
0.6359
0.39559999999999995
0.2978
0.9101000000000001
0.3412
0.8581
0.37879999999999997
0.2627
0.302
0.35229999999999995
0.3915
0.2976
0.10250000000000001
0.0941
0.0883
0.08629999999999999
0.0935
0.10250000000000001
0.12190000000000001
0.1242
0.1273
0.15889999999999999
0.1854
0.17270000000000002
0.26180000000000003
0.2104
0.1502
0.1593
0.3062
0.2373
0.2404
0.2676
0.3215
0.2722
0.1739
0.11960000000000001
0.098
0.09540000000000001
0.0923
0.0859
0.087
0.09759999999999999
0.1988
0.8912
1.0067
1.0710000000000002
0.6679999999999999
0.5266
0.6656
0.6073999999999999
0.7685
1.1225999999999998
1.4874999999999998
1.4392
1.7345000000000002
0.6655
0.3198
0.2
0.1378
0.12079999999999999
0.3
0.23120000000000002
0.2121
0.2027
0.1804
0.1816
0.1845
0.18030000000000002
0.196
0.243
0.4185
0.5817
0.5511999999999999
0.42579999999999996
0.5264
1.2561
0.5918
0.3902
0.9732999999999999
0.5581
0.6334
0.6515
0.7248
0.8538999999999999
0.16870000000000002
0.15739999999999998
0.14100000000000001
0.1399
0.13319999999999999
0.1382
0.14450000000000002
0.1426
0.5174
0.16460000000000002
0.2965
0.3296
0.17659999999999998
0.1977
0.3169
0.3812
0.3321
0.2606
0.2773
0.5405
0.2938
0.24669999999999997
0.20350000000000001
0.1775
0.1457
0.1381
0.13369999999999999
0.1335
0.13429999999999997
0.1471
0.17420000000000002
0.2022
0.2576
0.2966
0.3284
0.2962
0.2444
0.2667
0.2947
0.27559999999999996
0.2508
0.3248
0.2995
0.2606
0.2632
0.2313
0.1769
0.14750000000000002
0.295
0.23210000000000003
0.20700000000000002
0.1874
0.1753
0.1701
0.1829
0.2151
0.256
0.38770000000000004
0.6547
0.7049
0.6416
0.5388999999999999
0.6204
0.6294
1.5575999999999999
1.321
0.5414
0.727
0.8280000000000001
1.264
1.4837
0.5242
0.0789
0.0663
0.06369999999999999
0.06
0.0547
0.0592
0.07089999999999999
0.1013
0.1064
0.1373
0.18259999999999998
0.7621
0.3368
0.2909
0.6728000000000001
0.383
0.602
0.40880000000000005
0.3283
0.5598000000000001
0.4361
0.3026
0.19590000000000002
0.1194
0.1006
0.0978
0.09
0.0861
0.09340000000000001
0.09309999999999999
0.21039999999999998
0.4394
0.258
0.40049999999999997
0.2774
0.41960000000000003
0.2159
0.16670000000000001
0.127
0.1065
0.5617
0.24159999999999998
0.34199999999999997
0.2635
0.3628
0.345
0.2284
0.13169999999999998
0.0247
0.0139
0.0103
0.0058
0.0071
0.0063
0.0
0.0002
0.097
0.2763
0.2335
0.0677
0.0
0.0152
0.0416
0.11699999999999999
0.1006
0.0412
0.027700000000000002
0.0271
0.0376
0.0682
0.0885
0.0523
0.088
0.0838
0.0776
0.0738
0.0776
0.0862
0.0793
0.06620000000000001
0.060200000000000004
0.0605
0.1094
0.07239999999999999
0.1765
0.131
0.084
0.0658
0.054099999999999995
0.0756
0.5158
0.3163
0.3282
0.1216
0.0665
0.0619
0.0083
0.0119
0.0254
0.0177
0.0319
0.0241
0.0246
0.0465
0.068
0.0704
0.1354
0.39849999999999997
0.9792000000000001
0.3311
1.0189
1.7094
0.6797
0.2965
0.2249
0.8111
1.7268000000000001
0.5192
0.20829999999999999
0.0669
0.0843
0.0801
0.0753
0.078
0.0845
0.0703
0.06659999999999999
0.0473
0.0392
0.049
0.026299999999999997
0.0378
0.043
0.1951
0.0614
0.06939999999999999
0.2671
0.255
0.2479
0.2407
0.6255000000000001
0.2155
0.097
0.087
0.1286
0.1106
0.1021
0.10139999999999999
0.0903
0.1016
0.114
0.13690000000000002
0.2398
0.5223
0.2946
0.2244
0.2376
0.21750000000000003
0.7311
0.6042000000000001
1.2034
0.9804999999999999
0.5175
0.4928
0.4213
0.435
0.49560000000000004
0.2548
0.1451
0.1132
0.0755
0.0776
0.0698
0.08149999999999999
0.2536
0.1972
0.11449999999999999
0.051699999999999996
0.0699
0.0514
0.08249999999999999
0.1315
0.2597
0.1187
0.0738
0.49339999999999995
0.0335
0.0763
0.3161
0.3503
0.219
0.1493
0.1513
0.1585
0.1628
0.18630000000000002
0.244
0.1814
0.24359999999999998
0.27490000000000003
0.25760000000000005
0.2159
0.3406
0.1695
0.2131
2.1653000000000002
0.5931
0.351
0.2659
0.2247
0.3524
0.47430000000000005
0.2777
0.21839999999999998
0.177
0.1497
0.0975
0.1124
0.0936
0.1049
0.1092
0.127
0.1839
0.2855
0.4591
1.1167
1.0685
1.1358
0.5397000000000001
0.3688
0.3714
1.1339
1.9455
1.71
3.0633
0.3349
0.0974
0.08660000000000001
0.0739
0.0838
0.0
0.0
0.0014
0.0
0.0039
0.0
0.0
0.0
0.10919999999999999
0.7489
0.8161
0.047599999999999996
0.9521
1.166
1.1494
1.1392
1.2399
1.6953
0.9908999999999999
0.8596
0.6860999999999999
0.2596
0.036699999999999997
0.0177
0.1724
0.1407
0.1103
0.1125
0.15739999999999998
0.1771
0.0766
0.0703
0.0495
0.06420000000000001
0.0392
0.0552
0.3445
0.1693
0.09190000000000001
0.1586
1.019
0.9061
0.3519
0.4218
0.3097
0.20679999999999998
0.2195
0.2286
0.182
0.1837
0.2017
0.1749
0.1251
0.1059
0.1259
0.144
0.37670000000000003
0.1237
0.0722
0.045899999999999996
0.2687
0.0426
0.0385
0.0689
0.8354999999999999
0.9041999999999999
0.7463
0.1138
0.0644
0.0595
0.0844
0.06839999999999999
0.2009
0.19490000000000002
0.18780000000000002
0.1858
0.1854
0.20829999999999999
0.3022
0.5665
0.3307
0.27990000000000004
0.2475
0.2182
0.2244
0.244
0.2565
0.2743
0.439
0.5051
0.4467
0.5367999999999999
0.35
0.3287
0.2721
0.2198
0.1411
0.1246
0.1199
0.1177
0.1163
0.1287
0.1997
0.2847
0.1753
0.1408
0.1296
0.12179999999999999
0.13790000000000002
0.1377
0.1432
0.1602
0.1809
0.2425
1.4159000000000002
0.27990000000000004
0.2932
0.3039
0.2582
0.1905
0.0348
0.0199
0.014600000000000002
0.018099999999999998
0.018099999999999998
0.0183
0.0213
0.0308
0.0479
0.08929999999999999
0.0684
0.055
0.0717
0.1358
0.18989999999999999
0.1178
0.1225
1.3581
0.24209999999999998
0.3177
0.1959
0.1988
0.1491
0.0674
0.36650000000000005
0.3224
0.28300000000000003
0.2696
0.24659999999999999
0.2455
0.2419
0.2526
0.2591
0.2821
0.35660000000000003
0.5395
0.3634
0.6175999999999999
0.8223
0.6829000000000001
0.6034
0.9102
1.1372
0.6491
0.6602
0.49620000000000003
0.41859999999999997
0.38
0.0312
0.0242
0.0217
0.019299999999999998
0.027700000000000002
0.0297
0.2495
0.8773
0.0822
0.14400000000000002
0.17830000000000001
0.208
0.1084
0.097
0.08549999999999999
0.09989999999999999
0.4515
0.6984
1.0793
0.0337
0.0563
0.041499999999999995
0.0401
0.0376
0.13240000000000002
0.1246
0.11679999999999999
0.1135
0.12
0.12780000000000002
0.1441
0.1472
0.15839999999999999
0.25270000000000004
0.2399
0.1482
0.15539999999999998
0.18169999999999997
0.1726
0.1766
0.4152
0.2621
0.3776
0.6536
0.3739
0.4084
0.24180000000000001
0.1521
0.0
0.0007
0.0
0.0
0.005
0.0221
0.0
0.0
0.011
0.9089
1.0862
0.852
1.2081
0.1344
0.5665
0.499
0.46799999999999997
0.5922
0.3
0.34809999999999997
0.4212
0.5827
0.9099
0.0978
0.0
0.0
0.0
0.0
0.0
0.0
0.0046
0.0129
0.0
0.0
0.0164
0.0609
0.11069999999999999
0.0
0.0
0.0
0.7435999999999999
1.098
0.9733
0.1508
0.2519
0.0393
0.0
0.0
0.1212
0.1128
0.1064
0.1015
0.1011
0.10189999999999999
0.11030000000000001
0.12530000000000002
0.1516
0.3236
0.1723
0.2245
0.3862
0.26639999999999997
0.1267
0.1162
0.1481
0.1545
0.5255000000000001
0.5714
0.1883
0.15810000000000002
0.1288
0.11939999999999999
0.256
0.0035
0.0318
0.0421
0.0484
0.0365
0.11660000000000001
0.5615
0.0183
0.0
0.0104
0.0018
0.028999999999999998
0.0378
0.1099
0.0988
0.055099999999999996
0.5242
0.9288
0.9279
1.7831000000000001
1.5545
0.497
0.1953
0.1456
0.1271
0.1238
0.1331
0.1128
0.083
0.0786
0.08130000000000001
0.0696
0.0854
0.0821
0.0992
0.1612
0.2079
0.0928
0.0824
0.0937
0.1355
0.0519
0.048100000000000004
0.044899999999999995
0.048799999999999996
0.060399999999999995
0.058399999999999994
0.25070000000000003
0.24730000000000002
0.2501
0.2464
0.2462
0.2623
0.3071
0.34630000000000005
0.373
0.33499999999999996
0.4302
0.7309
0.6728000000000001
0.863
0.7133
0.6134999999999999
0.4514
1.5347
1.0346
0.4333
0.3679
0.2811
0.2273
0.2134
0.0635
0.047
0.07039999999999999
0.0672
0.0508
0.1079
0.11729999999999999
0.9646
0.5476
1.537
2.6245
1.0363
0.3152
0.25630000000000003
0.21760000000000002
0.2208
2.2631
0.7267
0.3766
0.388
0.2966
0.19829999999999998
0.12969999999999998
0.09759999999999999
0.11599999999999999
0.0896
0.0815
0.0769
0.07239999999999999
0.07189999999999999
0.07730000000000001
0.0874
0.0891
0.0939
0.1179
0.41080000000000005
0.5495
0.4449
0.2201
0.4184
0.38170000000000004
0.2296
0.2131
0.2626
0.484
0.30879999999999996
0.24409999999999998
0.1789
0.042300000000000004
0.036699999999999997
0.0353
0.038599999999999995
0.0374
0.0424
0.0159
0.0034
0.0
0.0012
0.002
0.0019
0.0
0.009399999999999999
0.0223
0.0706
0.0625
0.0215
0.0201
0.037
0.17859999999999998
0.1035
0.032799999999999996
0.0325
0.12409999999999999
0.1133
0.104
0.1005
0.10469999999999999
0.1758
0.4174
0.20779999999999998
0.15789999999999998
0.18580000000000002
0.1884
0.1384
0.19619999999999999
0.189
0.32499999999999996
0.2232
0.1872
0.2493
0.20479999999999998
0.3109
0.2098
0.27249999999999996
0.2923
0.1774
0.0
0.0
0.0
0.0812
0.06670000000000001
0.0579
0.0066
0.0
0.0
0.0
0.0
0.0
0.0
0.0
0.0
0.0
0.0
0.0
0.0
0.4242
0.042300000000000004
0.0074
0.0
0.0
0.12329999999999999
0.15360000000000001
0.175
0.1456
0.1355
0.1439
0.20270000000000002
0.23520000000000002
0.2085
0.1264
0.0799
0.0495
0.051199999999999996
0.07780000000000001
0.2026
0.1784
0.1057
0.2054
0.5152
0.18159999999999998
0.18630000000000002
0.346
0.1801
0.127
0.1723
0.16549999999999998
0.15689999999999998
0.15539999999999998
0.1496
0.158
0.1899
0.2822
0.42969999999999997
0.3637
0.3654
0.5688
0.36060000000000003
0.2792
0.2531
0.2131
1.2745000000000002
0.35350000000000004
0.4385
0.5656
0.4514
0.3681
0.2582
0.19069999999999998
0.1122
0.10300000000000001
0.1004
0.0969
0.1136
0.1183
0.14650000000000002
0.1582
0.1525
0.14529999999999998
0.1154
0.1064
0.5471
0.39869999999999994
0.3197
0.7222
1.3123
0.2175
0.2681
0.43779999999999997
0.34909999999999997
0.26339999999999997
0.1658
0.118
0.0212
0.0178
0.015099999999999999
0.014100000000000001
0.0139
0.0175
0.0664
0.2575
0.0706
0.1436
0.08660000000000001
0.1101
0.075
0.0687
0.058300000000000005
0.0935
0.0933
0.0696
0.1232
0.0781
0.06259999999999999
0.051699999999999996
0.0409
0.0268
0.78
1.7981
0.39690000000000003
0.1931
0.1442
0.1392
0.1441
0.1856
0.2934
0.6893
1.5013
1.3342
0.9989
2.6188
1.1286
0.9014
0.7858
0.9378
1.2775
0.854
0.7283999999999999
0.7718
1.0437
0.7469
0.1951
0.2233
0.2292
0.2485
0.2744
0.2962
0.4335
0.8093
1.0902
1.2569
1.6697
0.235
1.1944
0.2739
0.1312
0.1477
0.1532
0.15789999999999998
0.16720000000000002
0.23820000000000002
0.1612
0.1702
0.135
0.1281
0.06359999999999999
0.0567
0.056
0.0562
0.0442
0.2185
0.28650000000000003
0.1325
0.1015
0.0885
0.0901
0.12580000000000002
0.3837
0.17009999999999997
0.223
0.46719999999999995
0.6148
0.5579000000000001
0.1529
0.1572
0.4706
0.2126
0.11180000000000001
0.0763
0.1194
0.1192
0.1189
0.1131
0.1185
0.1055
0.6889
0.46950000000000003
0.1735
0.1348
0.1456
0.17309999999999998
0.1825
0.171
0.1588
0.14450000000000002
0.7096
0.3835
0.7559
0.4219
0.24580000000000002
0.1609
0.1053
0.1081
0.14989999999999998
0.14179999999999998
0.1402
0.138
0.14100000000000001
0.2
0.40190000000000003
0.2034
0.157
0.1719
0.1446
0.15660000000000002
0.1521
0.1597
0.1545
0.22149999999999997
0.22769999999999999
0.1674
0.2208
0.25680000000000003
0.3537
0.2897
0.2148
0.1763
0.23559999999999998
0.23220000000000002
0.2311
0.23970000000000002
0.25129999999999997
0.34299999999999997
0.6974
0.5057
0.3372
0.279
0.2605
0.2612
0.274
0.31179999999999997
0.32909999999999995
0.3553
0.9836
1.0666
0.48350000000000004
0.8454999999999999
0.5063
0.3774
0.2716
0.24020000000000002
0.0
0.0
0.0
0.0
0.0
0.0
0.0
0.0
0.0
0.0
0.0
0.0
0.0307
0.0264
0.0
0.0016
0.0
0.0
0.0035
0.0
0.0
0.0
0.0
0.0
0.15789999999999998
0.1436
0.1421
0.1377
0.1358
0.1506
0.1764
0.33089999999999997
0.3154
0.2395
0.1619
0.1206
0.1296
0.1436
0.1727
0.6114999999999999
0.29359999999999997
0.36050000000000004
0.6335999999999999
0.4345
0.2512
0.2853
0.30369999999999997
0.2142
0.0783
0.0757
0.0704
0.0722
0.0727
0.0727
0.0708
0.0771
0.0927
0.1131
0.1278
0.0928
0.0674
0.0906
0.114
0.1674
0.845
0.5942
0.7168
0.3261
0.946
0.1279
0.06
0.0647
0.1975
0.18580000000000002
0.17099999999999999
0.1653
0.1594
0.1654
0.1879
0.2175
0.21
0.1885
0.24559999999999998
0.19090000000000001
0.1743
0.18180000000000002
0.185
0.1862
0.1754
0.2198
0.24570000000000003
0.3618
0.3931
0.3071
0.2153
0.1829
0.1
0.093
0.0898
0.0934
0.1049
0.1866
0.16720000000000002
0.09129999999999999
0.06989999999999999
0.0801
0.06970000000000001
0.0561
0.0624
0.0693
0.0764
0.1028
0.23370000000000002
0.2266
0.1513
0.1432
0.1251
0.1315
0.12990000000000002
0.11149999999999999
0.0112
0.0
0.0
0.0
0.018000000000000002
0.0779
0.1492
0.203
0.2449
0.3655
1.549
0.1936
0.5297999999999999
1.245
0.3338
0.7918000000000001
1.5980999999999999
0.3604
0.31120000000000003
0.064
0.0009
0.0
0.0
0.0
0.026
0.026099999999999998
0.024300000000000002
0.0236
0.014599999999999998
0.0131
0.0251
0.0594
0.5164
0.3099
0.1973
0.2223
0.3342
0.2003
0.2612
0.21450000000000002
1.4447
1.2845
0.1864
0.202
0.2291
0.48150000000000004
0.8615
0.0067
0.035500000000000004
0.0303
0.0245
0.022
0.0519
0.17609999999999998
0.0519
0.0225
0.0028
0.43129999999999996
0.11030000000000001
0.012400000000000001
0.0001
0.0027
0.0027
0.0272
0.0553
0.0583
0.26689999999999997
0.5192
0.231
0.2904
0.049600000000000005
0.027
0.1474
0.1631
0.2219
0.2086
0.2019
0.16699999999999998
0.1398
0.41969999999999996
0.673
0.0103
0.0
0.0
0.0
0.0
0.0
0.0
0.0279
0.015
0.8402000000000001
1.0577999999999999
0.6045
0.3409
0.1496
0.1381
0.0096
0.0108
0.0173
0.017
0.0295
0.0494
0.11380000000000001
0.1858
0.2942
0.4084
0.16160000000000002
0.1413
0.4154
0.2963
0.4162
0.3739
0.6752
0.7467
0.7169
0.2149
0.0
0.0
0.0
0.0009
0.11349999999999999
0.10350000000000001
0.10350000000000001
0.10650000000000001
0.1077
0.1321
0.1762
0.18259999999999998
0.24470000000000003
0.2342
0.145
0.14479999999999998
0.1621
0.2299
0.2481
0.4261
0.136
0.2172
0.182
0.0796
0.12229999999999999
0.14600000000000002
0.1436
0.1162
0.1768
0.1548
0.15739999999999998
0.1523
0.1693
0.2061
0.22899999999999998
0.1935
0.19540000000000002
0.2362
0.19419999999999998
0.1834
0.2634
0.2502
0.2477
0.7776000000000001
0.4425
0.387
1.8140999999999998
0.8905
0.5448999999999999
0.9751
0.5185
0.1759
0.38439999999999996
0.3704
0.368
0.3406
0.3066
0.1844
0.1526
0.1269
0.1322
0.1656
0.1898
0.1406
0.1503
0.19729999999999998
0.2125
0.3986
0.5643
0.3601
0.3716
0.2266
0.2419
0.2666
0.9855
1.1378
0.0057
0.0012
0.0025
0.0
0.0063
0.0
0.443
0.5282
0.0
0.0
0.0
0.0
0.0
0.0
0.0
0.0
0.1834
0.4102
0.271
0.5365
0.27290000000000003
0.0699
0.0315
0.0252
0.1036
0.0857
0.0888
0.08
0.077
0.08330000000000001
0.0966
0.12890000000000001
0.1758
0.23320000000000002
0.734
0.7523
0.5661
0.6304000000000001
1.0927
1.1983000000000001
0.6956
0.3202
0.27270000000000005
0.3702
0.452
0.48360000000000003
0.3867
0.1946
0.0583
0.0552
0.0529
0.0538
0.0537
0.0723
0.098
0.1367
0.2515
0.1469
0.18409999999999999
0.09770000000000001
0.101
0.15760000000000002
0.30179999999999996
0.1885
0.15889999999999999
0.4826
0.20400000000000001
0.30069999999999997
0.3151
0.1595
0.0576
0.0417
0.12240000000000001
0.1091
0.1037
0.1064
0.10139999999999999
0.10569999999999999
0.18969999999999998
0.8887999999999999
0.1549
0.1023
0.0832
0.0716
0.0722
0.0708
0.0716
0.11410000000000001
0.7195
0.8105
0.6460999999999999
0.6355
0.9102999999999999
0.39349999999999996
0.2429
0.1632
0.0829
0.045
0.0407
0.0413
0.0337
0.0417
0.0484
0.0643
0.054900000000000004
0.0592
0.0821
0.7166
0.4934
0.6533
0.1943
0.2087
0.39239999999999997
0.4345
0.8395
0.4161
0.3755
0.3863
0.40349999999999997
0.2618
0.0
0.0378
0.0355
0.0
0.0026
0.0143
0.8636999999999999
1.1887999999999999
0.6079
0.7983
1.31
0.2
0.6923999999999999
0.2942
0.663
0.0687
0.097
0.1449
0.919
0.0376
0.0
0.0
0.0
0.0085
0.08280000000000001
0.0806
0.0827
0.0862
0.0984
0.2386
0.1629
0.1227
0.12109999999999999
0.1027
0.0879
0.0917
0.1047
0.114
0.0906
0.0722
0.0765
0.1064
0.0784
0.0987
0.1559
0.1385
0.092
0.0769
0.1952
0.1227
0.11019999999999999
0.1071
0.1098
0.1073
0.1626
0.41180000000000005
0.21559999999999999
0.1476
0.3733
0.6686
0.2681
0.1617
0.1573
0.1542
0.14629999999999999
0.4555
0.1071
0.3018
0.6824
0.32330000000000003
0.2783
0.1822
0.0807
0.0772
0.0842
0.0859
0.0989
0.138
0.30720000000000003
0.3176
0.3287
0.1614
0.10289999999999999
0.0817
0.08710000000000001
0.1417
0.3499
0.7642
0.5012
0.8434
0.6354
0.6315
0.431
0.19240000000000002
0.07089999999999999
0.0739
0.0494
0.0394
0.0456
0.0418
0.0482
0.0757
0.2959
0.2782
0.24819999999999998
0.6315999999999999
0.1649
0.1631
0.1971
0.1507
0.089
0.07880000000000001
0.7454000000000001
0.9834
0.2865
0.13
0.3133
0.30169999999999997
0.14129999999999998
0.049600000000000005
0.115
0.1131
0.1119
0.11049999999999999
0.11660000000000001
0.136
0.173
0.2157
0.2948
0.28559999999999997
0.3708
0.5186
0.2419
0.2388
0.243
0.3105
0.8306
0.9143
0.6563
0.2639
0.199
0.1275
0.09709999999999999
0.0991
0.2562
0.2387
0.2178
0.23170000000000002
0.1859
0.2001
0.24080000000000001
0.2452
0.2601
0.7113
0.2909
0.361
1.0465
2.4034
0.6179
2.1213
0.5992
0.2248
0.2561
0.4262
1.2050999999999998
1.4294
0.9567000000000001
0.41990000000000005
0.0189
0.037
0.0177
0.0237
0.0377
0.0168
0.056
0.08929999999999999
0.0383
0.0
0.8008
0.0155
0.1245
0.0395
0.0685
0.024399999999999998
0.0592
1.1033
0.0
1.1023
0.9181
0.1274
0.0996
0.0509
0.0522
0.0562
0.0675
0.0703
0.0963
0.14179999999999998
0.2229
0.261
0.2266
0.0987
0.3179
0.1906
0.1674
0.4324
1.21
0.4074
0.4441
0.5805
0.3591
0.2394
0.1448
0.041
0.019
0.0493
0.4114
0.509
0.34509999999999996
0.3173
0.3053
0.345
0.7241
1.2195
0.733
0.6306
1.5937000000000001
0.6459
0.5396000000000001
0.4955
0.4124
0.39490000000000003
0.4772
0.5706
2.0382000000000002
0.9894000000000001
0.6173
0.5123
0.384
0.3352
0.060899999999999996
0.0504
0.0444
0.0432
0.0408
0.046
0.0577
0.0952
0.15039999999999998
0.1368
0.20350000000000001
0.6823
0.1537
0.1247
0.2192
0.27959999999999996
0.20629999999999998
0.1837
0.24130000000000001
0.2828
0.25639999999999996
0.26739999999999997
0.2121
0.1192
0.0688
0.0637
0.0529
0.0557
0.048100000000000004
0.051500000000000004
0.0668
0.4552
0.3835
0.1283
0.19690000000000002
0.3415
0.15460000000000002
0.08979999999999999
0.027299999999999998
0.009600000000000001
0.5544
0.0752
0.0979
0.11530000000000001
0.1424
0.1797
0.189
0.1297
0.0883
0.06670000000000001
0.07500000000000001
0.06659999999999999
0.0692
0.07450000000000001
0.4379
0.3302
0.0901
0.7372
0.2114
0.032799999999999996
0.0378
0.027200000000000002
0.0201
0.0426
0.043699999999999996
0.0046
0.0
0.0
0.0
0.0316
0.0796
0.0905
0.0784
0.0696
0.0659
0.0687
0.06470000000000001
0.09129999999999999
0.1784
0.7030000000000001
0.7058
0.1995
0.161
0.1522
0.1517
0.1309
0.0812
0.0779
0.27149999999999996
0.0989
0.0995
0.2238
0.2575
0.1754
0.1157
0.0886
0.06609999999999999
0.0646
0.06
0.0599
0.0579
0.0708
0.17099999999999999
0.18439999999999998
0.0922
0.10149999999999999
0.1412
0.0684
0.3275
0.1046
0.2362
0.12390000000000001
0.0665
0.0531
0.0779
0.2712
0.135
0.1059
0.0829
0.064
0.0451
0.05499999999999999
0.051000000000000004
0.0437
0.0557
0.0625
0.048799999999999996
0.25029999999999997
1.5428
1.847
1.1319
1.0432000000000001
0.8049999999999999
0.266
0.12840000000000001
0.1795
0.2954
0.8751
0.6335
1.634
0.5912999999999999
0.0852
0.053000000000000005
0.0499
0.2302
0.2196
0.23249999999999998
0.2612
0.301
0.39559999999999995
0.4449
0.2919
0.2407
0.42810000000000004
0.196
0.2018
0.2099
0.2368
0.2271
0.31
0.2294
0.23399999999999999
0.2833
1.0921
0.7099
0.4535
0.3424
0.27990000000000004
0.11349999999999999
0.0917
0.0934
0.0929
0.0979
0.1638
0.46109999999999995
0.188
0.11629999999999999
0.1716
0.2788
0.067
0.0203
0.003
0.0
0.0
0.0
0.0
0.0117
0.0162
0.0148
0.019
0.021199999999999997
0.0257
0.08499999999999999
0.0885
0.09029999999999999
0.0902
0.1037
0.11889999999999999
0.1884
0.3011
0.1573
0.5447000000000001
0.5760000000000001
0.31720000000000004
0.0986
0.1099
0.12519999999999998
0.2943
0.1516
0.096
0.0979
0.068
0.0432
0.023799999999999998
0.033800000000000004
0.0437
0.07869999999999999
0.07050000000000001
0.0626
0.059199999999999996
0.0537
0.045899999999999996
0.0333
0.022
0.0096
0.018000000000000002
0.041
0.026799999999999997
0.0
0.0083
0.021699999999999997
0.0421
0.0424
0.0627
0.0731
0.0479
0.0724
0.0776
0.049199999999999994
0.0537
0.1099
0.10550000000000001
0.1046
0.114
0.1411
0.2001
0.15739999999999998
0.1137
0.0933
0.1032
0.0912
0.0847
0.0797
0.09179999999999999
0.094
0.1316
1.1280000000000001
0.7546999999999999
0.363
0.8243
0.4384
0.3398
0.18409999999999999
0.1279
0.1786
0.15410000000000001
0.1419
0.1429
0.1363
0.1671
0.673
0.7094
0.2927
0.2626
0.30200000000000005
0.3016
0.2873
0.2942
0.3015
0.3116
1.5358
1.4426
1.5293
1.4132
2.7742
1.9776
0.6554
0.2011
0.1175
0.1122
0.1075
0.10819999999999999
0.1143
0.1361
0.17459999999999998
0.22139999999999999
0.2267
0.2242
0.48229999999999995
0.361
0.24
0.2619
0.3497
0.38460000000000005
0.4643
1.0473
0.5972
0.4707
0.6169
0.2873
0.1555
0.1215
0.0707
0.0601
0.054
0.0558
0.0563
0.054400000000000004
0.06470000000000001
0.1008
0.2511
0.34340000000000004
0.2729
0.1948
0.1648
0.16899999999999998
0.18130000000000002
0.1905
0.2223
1.0095
0.7596999999999999
0.3545
0.3038
0.2523
0.16660000000000003
0.094
0.0706
0.07250000000000001
0.07469999999999999
0.0872
0.0986
0.0995
0.0762
0.07350000000000001
0.06870000000000001
0.1006
0.0838
0.055900000000000005
0.0603
0.0875
0.0902
0.0945
0.1323
0.191
0.184
0.1401
0.07350000000000001
0.0582
0.054000000000000006
0.0496
0.0668
0.0402
0.06080000000000001
0.0545
0.0678
0.23299999999999998
1.8937
0.4818
0.3256
0.3216
0.32130000000000003
0.33240000000000003
1.5495999999999999
0.9183000000000001
0.4467
0.8913
1.3693
1.0626
0.6767000000000001
2.2922000000000002
1.6905
0.2894
0.0566
0.0436
0.22899999999999998
0.2308
0.2234
0.2318
0.2317
0.24869999999999998
0.4875
0.6124
0.5976
0.4058
0.45589999999999997
0.2286
0.23859999999999998
0.2439
0.2592
0.27549999999999997
1.015
0.2722
0.2229
0.2334
0.3176
0.3892
0.2288
0.2029
0.3532
0.241
0.11929999999999999
0.1537
0.13879999999999998
0.0857
0.0984
0.1531
0.1614
0.3256
0.0928
0.094
0.8824
0.5902
0.054400000000000004
0.0334
0.0651
0.2588
0.766
0.1176
0.16060000000000002
0.13940000000000002
0.4562
0.5332
0.5064
0.5032
0.47950000000000004
0.4198
0.3981
0.3798
0.46940000000000004
1.0657
0.4034
0.3156
0.3529
0.1953
0.1802
0.1856
0.21400000000000002
0.2798
0.2663
0.21810000000000002
0.43420000000000003
0.40759999999999996
0.3384
0.5153
0.6814
0.4797
0.0115
0.0008
0.0098
0.0067
0.0015999999999999999
0.003
0.003
0.0158
0.0444
0.1974
0.12290000000000001
0.5670999999999999
0.2318
1.0947
0.3929
0.4292
0.42000000000000004
0.2199
0.0844
0.0765
0.06559999999999999
0.049199999999999994
0.0466
0.0227
0.2005
0.1911
0.1824
0.1765
0.1736
0.1832
0.198
0.2348
0.2868
0.2978
0.28859999999999997
0.2903
0.4167
0.2979
0.3011
0.3115
0.5362
0.6307
0.4906
0.6800999999999999
0.3197
0.2734
0.2286
0.2071
0.0
0.0
0.0
0.0
0.0
0.0
0.0641
0.44120000000000004
0.0
0.0
0.0284
0.019299999999999998
0.03
0.012
0.017
0.0
0.0
0.1066
0.1275
0.11710000000000001
0.0663
0.0014
0.0
0.0
0.08310000000000001
0.0702
0.0658
0.0591
0.0561
0.0586
0.06709999999999999
0.0917
0.1154
0.2746
0.25229999999999997
0.1416
0.3278
0.4079
0.30200000000000005
0.5246999999999999
0.7058
0.2547
0.2798
0.3206
0.2107
0.1894
0.1646
0.12279999999999999
0.08410000000000001
0.0597
0.0479
0.0497
0.0443
0.0506
0.055400000000000005
0.07930000000000001
0.1027
0.2165
0.5174000000000001
0.34419999999999995
0.1727
0.5507
0.0543
0.0245
0.0697
0.4445
0.211
0.4043
0.2546
0.1782
0.1235
0.0804
0.2485
0.22060000000000002
0.2107
0.2114
0.1948
0.1981
0.2116
0.2495
0.2447
0.3498
0.2844
0.288
0.2883
0.4495
1.8666
0.6824
0.8741
1.0148
0.6921
0.6768000000000001
0.4598
0.4209
1.5328
0.2944
0.2103
0.1785
0.1615
0.1498
0.14800000000000002
0.146
0.1629
0.1586
0.1244
0.1179
0.1297
0.2731
0.1452
0.13690000000000002
0.17709999999999998
0.2597
0.1762
0.1226
0.1482
0.1688
0.33240000000000003
0.2064
0.1731
0.2485
0.2203
0.2109
0.20450000000000002
0.2019
0.2135
0.2489
0.3095
0.2856
0.26890000000000003
0.4536
0.4046
0.2868
0.4376
0.3234
0.34130000000000005
0.3593
0.2792
0.2647
0.365
0.6101
0.38
0.4051
0.38470000000000004
0.2848
0.33709999999999996
0.30600000000000005
0.2802
0.2742
0.2721
0.27590000000000003
0.3024
0.35609999999999997
0.3056
0.2545
0.2811
0.6101
0.3157
0.3126
0.3428
0.35209999999999997
0.5107
0.33709999999999996
0.2245
0.2932
0.3808
0.3207
0.2747
0.26539999999999997
0.5942000000000001
0.6558999999999999
0.6696
0.5629
0.4712
0.3982
0.347
0.3701
0.4258
1.143
1.3569
0.2616
0.23070000000000002
0.4743
0.9001
0.7503
0.9908999999999999
0.4284
0.2871
0.2533
0.3212
0.3829
0.31289999999999996
0.302
0.0496
0.0461
0.048100000000000004
0.0507
0.0565
0.088
0.14830000000000002
0.0764
0.0528
0.10700000000000001
0.062200000000000005
0.0393
0.0292
0.0428
0.0542
0.0896
0.0443
0.027700000000000002
0.038599999999999995
0.0239
0.0246
0.034600000000000006
0.0392
0.0385
0.16699999999999998
0.1124
0.09939999999999999
0.09620000000000001
0.0848
0.0824
0.0839
0.0983
0.15610000000000002
0.2041
0.2049
0.272
0.30779999999999996
0.2102
0.2597
0.31810000000000005
0.4355
0.9430999999999999
0.6567
1.3846
0.8355
0.45030000000000003
0.43220000000000003
0.3982
0.1033
0.0967
0.0928
0.0914
0.0882
0.0891
0.092
0.0992
0.15289999999999998
0.1965
0.1461
0.1095
0.088
0.1178
0.14989999999999998
0.1605
0.13840000000000002
0.17020000000000002
0.1812
0.1203
0.1243
0.13269999999999998
0.12060000000000001
0.105
0.1789
0.15610000000000002
0.1476
0.14450000000000002
0.13440000000000002
0.1312
0.0974
0.08460000000000001
0.06359999999999999
0.0586
0.0501
0.0506
0.06609999999999999
0.0995
0.1752
0.4484
1.8006000000000002
1.3136
0.184
0.2725
0.7943
0.6419
0.3681
0.2909
0.36829999999999996
0.3419
0.3328
0.3273
0.2973
0.3236
0.35760000000000003
0.4257
1.379
0.267
0.2132
0.2229
0.269
0.3233
0.7517
0.7357
0.48729999999999996
0.8987
0.4981
0.3988
1.7487
1.5984
0.3316
0.31589999999999996
0.1192
0.0952
0.0926
0.0975
0.0848
0.088
0.0889
0.121
0.2445
0.1361
0.1043
0.1122
0.0867
0.11510000000000001
0.25139999999999996
0.2314
0.1496
0.1642
0.6393
1.2637999999999998
0.35429999999999995
0.2606
0.1827
0.1527
0.0
0.0
0.0
0.0
0.0
0.0
0.0081
0.1439
0.2
0.1467
0.0532
0.1171
0.0545
0.0638
0.0692
0.081
0.10650000000000001
0.1471
0.0246
0.0
0.0
0.0
0.0
0.0
0.2405
0.21910000000000002
0.2148
0.22360000000000002
0.26339999999999997
0.9141
0.7915
0.5038
0.4666
0.745
0.47809999999999997
0.3812
0.38849999999999996
0.5741
0.9143000000000001
0.7993000000000001
0.5432
0.5139
0.34809999999999997
0.30920000000000003
0.33599999999999997
0.3049
0.2813
0.2601
0.1167
0.1095
0.10619999999999999
0.0986
0.1053
0.1582
0.2226
0.1253
0.0722
0.2996
0.1392
0.18159999999999998
0.15539999999999998
0.09659999999999999
0.07350000000000001
0.08990000000000001
0.3078
0.093
0.1118
0.3469
0.2054
0.1933
0.184
0.1616
0.0557
0.049100000000000005
0.0432
0.0435
0.046700000000000005
0.065
0.135
0.1864
0.16920000000000002
0.1724
0.179
0.1617
0.44480000000000003
0.2195
0.2444
0.3508
0.46799999999999997
0.27990000000000004
0.18080000000000002
0.6098
0.4068
0.3738
0.2429
0.10439999999999999
0.18230000000000002
0.173
0.1675
0.1654
0.1659
0.2087
0.4548
0.3274
0.2835
0.2626
0.3012
0.25270000000000004
0.25670000000000004
0.2934
0.3251
0.32589999999999997
0.4115
0.2809
0.2071
0.2127
0.3303
0.4613
0.2589
0.1933
0.22160000000000002
0.1942
0.1744
0.1981
0.34940000000000004
0.3985
0.1872
0.14079999999999998
0.1236
0.11460000000000001
0.4904
0.1953
0.2506
0.2069
0.15589999999999998
0.1782
0.2763
0.5741999999999999
0.3463
1.2549000000000001
0.2115
0.475
0.6957
0.28800000000000003
0.1576
0.1344
0.11660000000000001
0.1113
0.1078
0.1075
0.12110000000000001
0.134
0.1533
0.1902
0.19240000000000002
0.3437
0.34709999999999996
0.5531
0.2331
0.2136
0.2889
1.103
0.5952
0.6038
1.0091
0.5189
0.3797
0.2566
0.06870000000000001
0.0653
0.0565
0.062
0.06
0.24369999999999997
0.2065
0.0419
0.0259
0.026099999999999998
0.011300000000000001
0.0155
0.0073
0.016300000000000002
0.0509
0.2237
0.4567
0.8824000000000001
0.6698000000000001
0.3153
0.8748
0.5529999999999999
0.2102
0.1171
0.0664
0.07089999999999999
0.0704
0.0678
0.07100000000000001
0.0833
0.1897
0.619
0.11449999999999999
0.08199999999999999
0.0822
0.1389
0.1369
0.1338
0.1405
0.15889999999999999
0.4254
0.6234
0.5942000000000001
0.2429
0.1979
0.0964
0.0587
0.06359999999999999
0.1196
0.12079999999999999
0.11199999999999999
0.11760000000000001
0.1265
0.1459
0.1519
0.1505
0.18
0.3805
0.2885
0.1746
0.1799
0.1897
0.12010000000000001
0.11030000000000001
0.1249
0.2188
0.2721
0.6649999999999999
0.1959
0.1297
0.1049
0.106
0.0572
0.0503
0.0746
0.0635
0.0566
0.0524
0.0461
0.0937
0.3909
0.4607
0.7885
2.0741
0.7622
0.49620000000000003
2.3202
2.0446
2.6771000000000003
1.4381
0.6411
1.5678
1.0825
0.40869999999999995
0.11979999999999999
0.0741
0.0035
0.0
0.02
0.0218
0.0446
0.0749
0.1486
0.2235
0.609
2.4339
1.8646
0.6638
0.9518
0.5973999999999999
0.49319999999999997
0.577
0.496
0.4112
0.4036
0.1272
0.0
0.0
0.0
0.0
0.0154
0.0083
0.0079
0.009000000000000001
0.0054
0.009
0.0
0.0164
0.8921
0.7194
0.4425
1.5499
0.7012
0.4154
0.8171
0.2304
0.1437
0.2386
0.298
0.437
0.5355
0.4753
0.2268
0.0221
0.0367
0.22719999999999999
0.0776
0.058899999999999994
0.0415
0.0369
0.0446
0.0422
0.05499999999999999
0.0566
0.1013
0.0088
0.0356
0.0753
0.0822
0.02
0.0044
0.0223
0.0763
0.0521
0.2845
0.2864
0.056499999999999995
0.032799999999999996
0.0621
0.039099999999999996
0.032
0.030400000000000003
0.0291
0.0356
0.034
0.0221
0.1255
0.1136
0.08030000000000001
0.0537
0.0317
0.0597
0.1099
0.0579
0.129
0.1894
0.21989999999999998
0.5176
0.3074
0.6546000000000001
0.4636
0.14179999999999998
0.2269
0.2057
0.19590000000000002
0.1905
0.19140000000000001
0.19169999999999998
0.20400000000000001
0.22360000000000002
0.2197
0.2052
0.1987
0.19069999999999998
0.9022
0.435
0.3174
0.2874
0.2864
0.4671
0.3944
0.5697000000000001
0.6893
0.35450000000000004
0.27
0.2326
0.2973
0.2516
0.2389
0.21589999999999998
0.1812
0.1565
0.13419999999999999
0.1323
0.1144
0.1008
0.07680000000000001
0.18839999999999998
0.3518
0.18930000000000002
0.1266
0.1502
0.227
0.4326
0.9493
0.5412
0.2898
0.17609999999999998
0.1636
0.1614
0.2203
0.20290000000000002
0.2065
0.195
0.20279999999999998
0.2256
0.2487
0.22549999999999998
0.14179999999999998
0.129
0.0812
0.8256
1.0015
0.19140000000000001
0.16699999999999998
0.2072
0.36929999999999996
0.6426000000000001
0.2048
0.20479999999999998
0.2651
0.2074
0.1842
0.1789
0.16499999999999998
0.1387
0.1356
0.1124
0.0935
0.09770000000000001
0.093
0.07769999999999999
0.0915
0.11560000000000001
0.1112
0.1185
0.07500000000000001
0.1265
0.4312
1.9254
0.4777
0.8256999999999999
1.0616
1.1726
1.1699
1.0388
0.5789
0.31479999999999997
0.22820000000000001
0.2195
0.2067
0.20989999999999998
0.2158
0.2314
0.2821
0.5369
0.4739
0.4455
0.4603
0.3183
0.3176
0.3287
0.3437
0.41969999999999996
0.6198
1.9670999999999998
0.9996
0.6052
0.6968000000000001
0.7558
0.3494
0.24630000000000002
0.1652
0.1381
0.1422
0.13069999999999998
0.1323
0.1507
0.2569
1.1669
0.4713
1.037
0.4108
0.0566
0.0336
0.0693
0.1111
0.1771
0.6275999999999999
0.18409999999999999
0.2031
0.2405
0.23820000000000002
0.2773
0.2784
0.1966
0.04
0.034100000000000005
0.0303
0.0314
0.0308
0.032
0.0376
0.0819
0.07239999999999999
0.0701
0.07200000000000001
0.0089
0.01
0.0176
0.0265
0.046799999999999994
0.0479
0.0286
0.0612
0.1502
0.106
0.18619999999999998
0.1863
0.0776
0.0929
0.09079999999999999
0.08310000000000001
0.0823
0.0796
0.1101
0.43570000000000003
0.5643
0.3133
0.5207
0.39680000000000004
0.5275000000000001
0.2811
0.23049999999999998
0.18009999999999998
0.2127
1.0432000000000001
0.583
0.9731
0.2597
0.21200000000000002
0.1568
0.1247
0.10550000000000001
0.2188
0.1804
0.1649
0.11180000000000001
0.08360000000000001
0.07239999999999999
0.0665
0.0694
0.06080000000000001
0.057800000000000004
0.0431
0.0423
0.0398
0.148
0.38330000000000003
0.29400000000000004
0.3007
0.21689999999999998
0.22410000000000002
0.2157
0.2135
0.24880000000000002
0.3715
0.3025
0.0887
0.0722
0.0603
0.052099999999999994
0.0412
0.0279
0.020900000000000002
0.028
0.0247
0.029900000000000003
0.021400000000000002
0.019799999999999998
0.0195
0.045899999999999996
0.0843
0.078
0.0896
0.1171
0.0946
0.11080000000000001
0.11460000000000001
0.1303
0.1467
0.1215
0.0003
0.0019
0.0058000000000000005
0.0086
0.0001
0.0011
0.0538
0.191
0.7957
1.1469
1.4729
1.4870999999999999
1.1082
0.7522
0.8467
0.8734
1.1258
0.6091
0.9222
0.5678000000000001
0.0
0.0
0.0
0.0157
0.125
0.1261
0.1359
0.1347
0.1517
0.1723
0.2195
0.24830000000000002
0.3299
0.26789999999999997
0.2168
0.18409999999999999
0.15649999999999997
0.2257
0.27449999999999997
0.2406
0.2398
1.4000000000000001
1.7445
0.8263
0.29369999999999996
0.1807
0.0795
0.09040000000000001
0.0574
0.0
0.0056
0.015
0.0029
0.0114
0.0
0.0289
0.0717
0.0213
0.0184
0.2184
0.3275
1.1518
0.0016
0.0
0.0
0.7361
0.1021
0.604
0.40559999999999996
0.3997
0.5650999999999999
0.4337
0.156
0.1501
0.14300000000000002
0.137
0.1313
0.1475
0.1636
0.1787
0.15710000000000002
0.18130000000000002
0.28049999999999997
1.1183
0.4653
0.28969999999999996
0.2675
0.2593
0.2726
0.9233
0.42379999999999995
0.7769
0.5745
0.2445
0.1795
0.1534
0.2716
0.2501
0.2299
0.2215
0.2039
0.7645
1.1867
0.5095000000000001
0.44320000000000004
0.4758
0.5528
0.7253000000000001
0.9177
0.5403
0.5059
0.4937
1.0122
0.7656000000000001
1.7895
1.2113
1.5032999999999999
0.8724000000000001
0.6632
0.4456
0.0762
0.0372
0.0456
0.0475
0.0653
0.197
1.2935
0.2936
0.1614
0.1822
0.46430000000000005
0.0339
0.0089
0.0
0.0
0.0
0.0024
0.2002
0.10089999999999999
0.0251
0.07999999999999999
0.0
0.0329
0.0268
0.6021
0.30989999999999995
0.2935
0.2798
0.2772
0.4299
0.5952
0.4073
0.3352
0.4841
0.6151
0.7115
0.35009999999999997
0.15489999999999998
0.1037
0.1121
0.1504
0.2898
0.4578
0.32930000000000004
0.6797
0.6295999999999999
0.5514
0.4192
0.1593
0.16699999999999998
0.1724
0.1742
0.1849
0.2374
0.3005
0.27849999999999997
0.211
0.1605
0.1258
0.2096
0.28859999999999997
0.1621
0.1316
0.1318
0.4449
0.3963
0.20279999999999998
0.1492
0.1426
0.0999
0.10189999999999999
0.09720000000000001
0.3906
0.35509999999999997
0.34009999999999996
0.3363
0.328
0.3313
0.38360000000000005
0.5115000000000001
0.429
0.396
0.4147
0.4042
0.3658
0.35829999999999995
0.3623
0.3874
0.4253
0.5148
0.8625
0.6329
0.6229
0.6179
0.5535
0.4638
0.067
0.0465
0.056499999999999995
0.0538
0.0427
0.0782
0.1585
0.48350000000000004
1.2136
0.7793
0.0657
0.1351
0.1631
0.2098
0.8363
1.9279000000000002
0.7376
0.0654
0.0
0.0
0.0
0.0
0.0052
0.017
0.2368
0.2147
0.2213
0.2073
0.22
0.3081
0.38029999999999997
0.30820000000000003
0.2966
0.2834
0.2834
0.28990000000000005
0.9304
0.3822
0.3462
1.4385
0.9799
0.8043
0.7796000000000001
1.8325
1.1113
0.5105999999999999
0.3688
0.29479999999999995
0.1632
0.1555
0.1445
0.13679999999999998
0.1273
0.1293
0.1315
0.18869999999999998
0.3844
0.2262
0.1267
0.0801
0.0597
0.0829
0.7638999999999999
0.4197
0.2871
0.3588
0.3034
0.2313
0.2311
0.3244
0.3938
0.2328
2.2643
3.7669
4.0164
4.3913
2.075
0.895
1.1785999999999999
1.2716
0.9922
0.8047
0.7732
0.7742
0.9779
1.5589
3.4714
2.6503
2.2504
2.1776
2.4867
3.1464999999999996
1.2018
1.2137
1.4721000000000002
1.0381
0.1167
0.1085
0.10450000000000001
0.1188
0.13090000000000002
0.1469
0.1144
0.09720000000000001
0.09179999999999999
0.1418
0.13490000000000002
0.0742
0.0886
0.098
0.094
0.0915
0.0985
0.08990000000000001
0.0475
0.047700000000000006
0.0451
0.0718
0.0975
0.0992
0.0322
0.028999999999999998
0.022
0.0287
0.0282
0.026799999999999997
0.0475
0.1399
0.1966
0.8668
0.2882
0.35609999999999997
0.3876
0.2174
0.368
0.3607
0.1742
0.2464
0.3114
0.31379999999999997
0.315
0.2813
0.1734
0.06359999999999999
0.0
0.0
0.0
0.0098
0.0
0.0
0.0519
0.1195
2.5124
1.0535
1.6122999999999998
1.8107
0.7971
0.3935
0.1852
0.152
1.6315
1.9892
0.7744
0.8142
1.683
1.1257000000000001
0.2288
0.0
0.0
0.0
0.0
0.0
0.0
0.0
0.0
0.0
0.0
0.0
0.0036
0.0
0.0
0.0455
0.0
0.587
1.5453
0.0
0.0
0.7333000000000001
0.4293
0.1651
0.0
0.0
0.0843
0.0871
0.07930000000000001
0.0923
0.0968
0.239
0.3497
0.2309
0.186
0.12639999999999998
0.06760000000000001
0.0572
0.0712
0.0694
0.0503
0.054099999999999995
0.14900000000000002
0.35750000000000004
0.1926
0.3681
0.3905
0.6538
0.3551
0.1002
0.051000000000000004
0.0271
0.052000000000000005
0.038
0.036199999999999996
0.016300000000000002
0.0133
0.0173
0.0
0.0178
0.0263
0.0
0.06509999999999999
0.08860000000000001
1.3033000000000001
2.0743
1.2633999999999999
1.6394000000000002
0.2359
0.6287
0.5338
0.187
0.1416
0.1069
0.0624
0.0604
0.0574
0.06
0.0752
0.17459999999999998
0.102
0.0
0.0
0.0
0.0
0.0
0.0
0.0
0.0
0.0008
0.1902
0.636
1.1883
0.4796
0.4202
0.16820000000000002
0.0862
0.0712
0.030199999999999998
0.023100000000000002
0.028
0.0254
0.024300000000000002
0.0357
0.1692
0.32899999999999996
0.2449
0.4063
0.1864
0.1015
0.1121
0.1414
0.1802
0.4888
0.6953
0.35250000000000004
0.6637
0.46040000000000003
0.2303
0.1271
0.0483
0.0387
0.2162
0.1562
0.1283
0.1182
0.09459999999999999
0.08679999999999999
0.0844
0.09809999999999999
0.0724
0.0543
0.0379
0.0736
0.2484
0.6455
0.1484
0.184
0.5067
0.2831
1.2875
0.77
0.3048
0.21939999999999998
0.23
0.2495
0.1275
0.12290000000000001
0.1129
0.1109
0.10419999999999999
0.1152
0.22820000000000001
0.37729999999999997
0.1617
0.1502
0.2247
0.08399999999999999
0.0747
0.0717
0.0685
0.0699
0.0698
0.07819999999999999
0.4515
0.4708
0.1874
0.186
0.1413
0.11460000000000001
