0.0877
0.082
0.0827
0.0797
0.0744
0.08310000000000001
0.0891
0.1084
0.174
0.2917
0.1972
0.1359
0.1328
0.1587
0.1739
0.1226
0.5356
0.7784
0.2067
0.4393
0.46940000000000004
0.4899
0.2184
0.09820000000000001
0.1966
0.2005
0.2245
0.1775
0.1567
0.15839999999999999
0.1716
0.1678
0.152
0.1576
0.23159999999999997
0.1972
0.1539
0.5439
0.7343999999999999
0.241
0.2151
0.19390000000000002
0.40349999999999997
0.4078
0.3043
0.2151
0.1679
0.15150000000000002
0.0956
0.09309999999999999
0.099
0.1117
0.1709
0.6768
0.47359999999999997
0.4092
0.3332
0.2499
0.27449999999999997
0.2776
0.2853
0.3721
0.6258
0.3285
0.4654
0.5718
0.2744
0.2265
0.1588
0.0989
0.0912
0.0955
0.0682
0.0639
0.0518
0.045899999999999996
0.0467
0.057800000000000004
0.14579999999999999
0.5938
0.5531
0.2917
0.3054
0.0727
0.08349999999999999
0.09809999999999999
0.20929999999999999
0.1315
0.09190000000000001
0.1501
0.163
0.4112
0.14889999999999998
0.14190000000000003
0.11480000000000001
0.0824
0.0555
0.0161
0.0048
0.0124
0.0441
0.030600000000000002
0.0312
0.0
0.0
0.8579
0.40080000000000005
1.6767
2.5557
0.2112
0.1518
0.2001
0.5276
0.46199999999999997
0.3711
0.26880000000000004
0.2829
0.494
0.9632
0.1244
0.2685
0.2575
0.2556
0.2238
0.2143
0.2019
0.622
0.6439
0.1293
0.1191
0.1328
0.1184
0.1364
0.13090000000000002
0.3679
1.0411
0.308
0.2563
0.2475
0.278
0.3015
0.3116
0.2463
0.24680000000000002
0.0895
0.0886
0.08549999999999999
0.0882
0.0874
0.12530000000000002
0.34819999999999995
0.17909999999999998
0.10830000000000001
0.1018
0.1119
0.1017
0.10439999999999999
0.1185
0.23870000000000002
0.172
0.11560000000000001
0.1414
0.1607
0.1528
0.1128
0.0886
0.07830000000000001
0.0725
0.0
0.0
0.0
0.0
0.0
0.0
0.0
0.0
0.0
0.0
0.0299
0.23979999999999999
0.7156
0.1277
0.055900000000000005
0.0161
0.045200000000000004
0.0037
1.7208
2.2513
1.8637
0.3026
0.069
0.0
0.2145
0.1166
0.1162
0.10569999999999999
0.0897
0.096
0.1137
0.1268
0.17270000000000002
0.18309999999999998
0.9591000000000001
0.6938
0.31920000000000004
0.2345
1.3498999999999999
0.41910000000000003
0.30710000000000004
0.7741
0.313
0.8315
1.1766999999999999
1.196
0.5363
0.26349999999999996
0.1512
0.1466
0.1572
0.1567
0.151
0.1527
0.2839
0.22599999999999998
0.0567
0.029500000000000002
0.0048000000000000004
0.0
0.0
0.0044
0.0135
0.0611
0.14529999999999998
0.5064
0.9431
1.3647
0.5427
0.3376
0.1493
0.1393
0.11729999999999999
0.1178
0.1187
0.128
0.14
0.184
0.3304
0.3894
0.3145
0.2364
0.1306
0.0926
0.0997
0.1054
0.12209999999999999
0.14850000000000002
0.6738999999999999
0.3448
0.2603
0.3121
0.1949
0.1709
0.1358
0.11560000000000001
0.2527
0.202
0.2162
0.3396
0.21860000000000002
0.2293
0.2537
0.2881
0.3234
0.2097
0.1119
0.1417
0.19219999999999998
1.1912
0.39130000000000004
0.196
0.4465
1.4592
0.48629999999999995
0.9561
0.9541999999999999
0.43720000000000003
0.371
0.2836
0.36219999999999997
0.3305
0.3083
0.3345
0.4284
0.6641
0.2764
0.1824
0.18869999999999998
0.1679
0.1876
0.1895
0.3063
0.28900000000000003
0.2899
0.3105
0.30720000000000003
0.39880000000000004
1.1788
1.0671
2.5623
1.1411
0.9003
0.5920000000000001
0.0935
0.0808
0.0731
0.075
0.07250000000000001
0.07250000000000001
0.0754
0.1189
0.3023
0.3192
0.2309
0.43770000000000003
0.2237
0.1424
0.13790000000000002
0.1724
0.1396
1.0013999999999998
0.17020000000000002
0.1716
0.1817
0.20500000000000002
0.203
0.1421
0.08349999999999999
0.0804
0.0815
0.08529999999999999
0.087
0.1057
0.1432
0.12380000000000001
0.0988
0.0871
0.0656
0.0662
0.0806
0.08549999999999999
0.0851
0.0873
0.0827
0.0596
0.0524
0.08499999999999999
0.0905
0.0898
0.08399999999999999
0.07680000000000001
0.4236
0.3519
0.3208
0.3157
0.30010000000000003
0.30210000000000004
0.3183
0.5461
1.065
0.5622
1.2811
0.49039999999999995
0.4858
0.5551
0.7361
0.5897
0.5012
0.7638
0.4903
2.162
1.3058
1.2490999999999999
0.6907000000000001
0.4877
0.1224
0.10969999999999999
0.1068
0.1011
0.0984
0.0985
0.1143
0.1684
0.2255
0.295
0.26039999999999996
0.42290000000000005
0.4093
0.2044
0.2142
0.4915
0.6345
0.2962
0.44930000000000003
0.3601
0.32
0.3229
0.2953
0.2062
0.2587
0.278
0.573
0.6347
0.6564
0.4908
0.3126
0.2331
0.2147
0.2979
0.2364
0.2472
0.297
0.4868
0.962
0.3337
0.1824
0.1607
0.2929
0.3399
0.5471
1.2559
0.7166
0.32730000000000004
0.3707
0.2952
0.25349999999999995
0.2474
0.2236
0.2459
0.22660000000000002
0.1744
1.4156
0.1807
0.0825
0.0638
0.07
0.0457
0.0177
0.1014
1.6441000000000001
0.1666
0.9730000000000001
0.4972
0.3061
0.3165
0.3849
0.3355
0.1529
0.1524
0.1464
0.14379999999999998
0.1558
0.18830000000000002
0.2399
0.2506
0.30410000000000004
0.4236
0.2665
0.2868
0.4057
0.2648
0.20350000000000001
0.20090000000000002
0.3711
0.5739
0.4302
0.32789999999999997
0.35
0.2768
0.1993
0.15760000000000002
0.0413
0.0274
0.029699999999999997
0.037099999999999994
0.041800000000000004
0.038400000000000004
0.0521
0.0649
0.1215
0.4986
0.4414
1.5748
1.0596
0.9340999999999999
1.2344
0.3417
0.2142
0.2899
1.4245
0.2691
0.22970000000000002
0.14700000000000002
0.1017
0.0692
0.1656
0.1515
0.1414
0.14579999999999999
0.14800000000000002
0.1401
0.1272
0.1105
0.1061
0.14600000000000002
0.1346
0.1167
0.12059999999999998
0.13879999999999998
0.12290000000000001
0.1305
0.1648
0.325
0.34309999999999996
0.4255
0.20329999999999998
0.24319999999999997
0.3066
0.2071
0.0688
0.07139999999999999
0.0701
0.08349999999999999
0.0963
0.10719999999999999
0.07050000000000001
0.06230000000000001
0.0618
0.0827
0.09040000000000001
0.0461
0.0673
0.0996
0.08310000000000001
0.0702
0.0512
0.0713
0.1031
0.14379999999999998
0.0937
0.08499999999999999
0.06760000000000001
0.0533
0.197
0.18409999999999999
0.1699
0.1782
0.1872
0.21189999999999998
0.4018
0.7442
0.6255999999999999
0.8488
1.155
1.1589
0.7262
0.6126
0.5865
0.5933999999999999
0.5322
0.5521
1.7612999999999999
0.8766
0.8553999999999999
0.824
0.5457
0.3194
3.5921
3.7708
1.6957
0.7804
1.1393
0.949
0.0582
0.0439
0.0812
0.0945
0.0817
0.08099999999999999
0.0927
0.08349999999999999
0.1087
0.2635
0.3938
0.0761
0.1123
0.1245
0.1063
0.12090000000000001
0.1407
0.1613
0.1527
0.1402
0.13319999999999999
0.1363
0.131
0.1507
0.2359
0.814
1.0412000000000001
0.49939999999999996
0.2445
0.0503
0.06409999999999999
0.08280000000000001
0.20429999999999998
0.8729
0.5235000000000001
0.1994
0.1619
0.2566
0.2571
0.38180000000000003
0.3627
0.1938
0.1051
0.10189999999999999
0.09620000000000001
0.0919
0.08779999999999999
0.10400000000000001
0.2974
0.26649999999999996
0.16749999999999998
0.1795
0.39170000000000005
0.2258
0.2138
0.19940000000000002
0.3305
0.15710000000000002
0.1162
0.11180000000000001
0.125
0.1405
0.1708
0.17099999999999999
0.1504
0.1174
0.01
0.0119
0.0232
0.0201
0.023
0.0029
0.0046
0.5422
0.5433
0.5717
0.8618
0.5597
0.6861999999999999
0.4296
0.3271
0.2908
0.2911
0.2639
0.2913
1.1657000000000002
0.4365
0.14049999999999999
0.024300000000000002
0.0068
0.056999999999999995
0.0591
0.0574
0.0566
0.08729999999999999
0.13440000000000002
0.1656
0.1403
0.10980000000000001
0.07569999999999999
0.21189999999999998
0.47019999999999995
0.43410000000000004
0.1814
0.1436
0.198
0.5118
1.6174
0.6665
0.1844
0.1457
0.054900000000000004
0.023399999999999997
0.0494
0.0419
0.039400000000000004
0.0503
0.0484
0.0433
0.048
0.0572
0.1348
0.2297
0.9286
0.6438
0.1627
1.3557
0.4922
0.29100000000000004
1.4792
1.0677
0.34450000000000003
0.2847
0.25239999999999996
0.19519999999999998
0.0945
0.0504
0.0582
0.2094
0.19190000000000002
0.217
0.2098
0.2012
0.23959999999999998
0.33
0.4404
0.5346
0.35240000000000005
0.3762
0.7539
1.1164
1.1720000000000002
1.0188
1.9653
0.4939
0.5598000000000001
0.6781
0.4153
0.44999999999999996
0.32030000000000003
0.2343
0.1978
0.0681
0.0649
0.0615
0.0692
0.0693
0.0826
0.11860000000000001
0.1382
0.2486
0.32210000000000005
0.108
0.0843
0.12260000000000001
0.1509
0.4849
0.19519999999999998
0.13590000000000002
0.1938
0.2141
0.309
0.1531
0.13090000000000002
0.1028
0.0725
0.2469
0.1772
0.1652
0.1548
0.1453
0.1462
0.1772
0.2554
0.2379
0.1608
0.24029999999999999
0.6465000000000001
0.1358
0.12460000000000002
0.1026
0.10139999999999999
0.1379
0.1876
0.9687
0.4095
0.6141
0.23220000000000002
0.197
0.1602
0.3019
0.0917
0.06970000000000001
0.0692
0.05
0.0448
0.2222
0.3935
0.39730000000000004
0.20400000000000001
0.7936000000000001
0.0186
0.0492
0.0803
0.22899999999999998
0.0363
0.031
0.4352
0.0011
0.0
0.0563
0.356
0.0339
0.0386
0.15039999999999998
0.1346
0.1282
0.1219
0.123
0.1271
0.1457
0.1814
0.2417
0.755
0.3176
0.2586
0.24280000000000002
0.5082
0.4263
0.33699999999999997
0.40159999999999996
0.3378
0.8589
0.46640000000000004
0.3677
0.30079999999999996
0.2311
0.1769
0.0098
0.0097
0.0077
0.0121
0.0163
0.0375
0.0655
0.0663
0.5323
0.1118
0.0
0.7195
0.0122
0.0
0.0
0.0039
0.3984
0.4541
0.1115
0.0
0.0009
0.0
0.0060999999999999995
0.0047
0.047299999999999995
0.0353
0.039099999999999996
0.0392
0.0413
0.0366
0.0224
1.6418
0.08030000000000001
0.13240000000000002
0.15560000000000002
0.1275
0.1664
0.1526
0.14200000000000002
0.1518
1.3807
0.1835
1.2671999999999999
0.32830000000000004
0.2447
0.2178
0.1212
0.0746
0.1551
0.1276
0.139
0.1349
0.1283
0.1454
0.313
0.5854
0.6494
0.4135
0.4888
0.1552
0.17309999999999998
0.2592
0.2106
0.1132
0.08460000000000001
0.059300000000000005
0.0501
0.0305
0.1597
0.428
0.12380000000000001
0.1099
0.18480000000000002
0.1724
0.17880000000000001
0.1986
0.2974
0.73
0.7521
0.556
0.42669999999999997
0.353
0.31389999999999996
0.31520000000000004
0.28569999999999995
0.3016
0.2894
0.3378
0.9262
0.6887
0.5926
1.4102000000000001
0.3677
0.3041
0.2274
0.2044
0.0189
0.022899999999999997
0.0211
0.014100000000000001
0.0172
0.023899999999999998
0.039400000000000004
0.5265
0.1804
0.0021
0.2808
0.5231
0.3116
0.10919999999999999
0.4001
0.1031
0.2024
0.149
0.0472
0.0605
0.069
0.0442
0.032
0.0291
0.066
0.06
0.0718
0.0601
0.0644
0.0739
0.0879
0.0929
0.1371
0.3999
0.6001
0.1451
0.1376
0.316
0.8519
1.8800999999999999
1.0743
0.3194
0.2786
0.7339
0.6367
0.5676
0.2221
0.1068
0.1966
0.1961
0.1926
0.1964
0.2122
0.2249
0.2054
0.2243
0.23349999999999999
0.3517
0.2597
0.2233
0.35319999999999996
0.4064
0.1913
0.21610000000000001
0.214
0.6188
0.8553
0.9914
0.2793
0.2819
0.2464
0.2074
0.19619999999999999
0.1884
0.2022
0.2058
0.213
0.2496
0.492
0.4877
0.4315
0.4225
0.475
0.4524
0.49260000000000004
0.42800000000000005
0.47540000000000004
2.4501999999999997
1.5208
0.8421000000000001
1.2772
1.6117
1.959
0.3599
0.2576
0.2123
0.0592
0.0569
0.0507
0.0458
0.045700000000000005
0.056400000000000006
0.0843
0.1172
0.3858
0.3809
0.2461
0.20879999999999999
0.3116
0.2476
0.38149999999999995
0.2097
0.2667
0.5003
0.2714
0.5834
0.188
0.1035
0.0664
0.0611
0.0656
0.0556
0.0561
0.0532
0.0562
0.0677
0.1347
0.20550000000000002
0.1921
0.3231
0.28669999999999995
0.1845
0.7083
0.1849
0.1792
0.272
0.6609
1.0213999999999999
0.7985
0.625
0.3419
0.3284
0.2172
0.1114
0.1457
0.1346
0.1077
0.1049
0.0991
0.1062
0.12840000000000001
0.1398
1.2762
0.40349999999999997
0.2344
0.3516
0.2836
0.21710000000000002
0.2024
0.2511
0.4456
1.2235
1.0844
1.5478
0.6995
0.6058
0.7617
0.42669999999999997
0.104
0.1072
0.0954
0.09759999999999999
0.10400000000000001
0.1633
0.1608
0.1262
0.1043
0.1631
0.2101
0.0843
0.06520000000000001
0.0629
0.0563
0.060700000000000004
0.0779
0.23809999999999998
0.316
0.514
0.7113
0.3457
0.1199
0.09090000000000001
0.0
0.0
0.0
0.0
0.0
0.0
0.0
0.0
0.3128
0.6579999999999999
0.7732
0.0
0.1638
0.0
0.0
0.0
0.0
0.004
0.1399
0.3345
0.0
0.0
0.0
0.0
0.1537
0.13740000000000002
0.4102
0.1794
0.1254
0.1042
0.091
0.049100000000000005
0.014700000000000001
0.0
0.0
0.0
0.0
0.2418
0.9359
0.3648
0.1604
0.9692
0.6912
0.4331
0.25880000000000003
0.5201
0.6625
0.20829999999999999
0.1069
0.1049
0.1005
0.1
0.095
0.11030000000000001
0.1126
0.37
0.47419999999999995
0.7383000000000001
0.46009999999999995
0.2789
0.2118
0.2244
0.2229
0.3609
0.3406
0.32530000000000003
0.5067
0.34650000000000003
0.3859
0.3191
0.1853
0.12819999999999998
0.14950000000000002
0.14889999999999998
0.1429
0.1414
0.1455
0.148
0.1617
0.15
0.1462
0.1554
0.3709
0.191
0.172
0.1891
0.19169999999999998
0.1988
0.2024
0.7994
0.8851
0.2752
0.3399
0.27790000000000004
0.1726
0.1505
0.0639
0.0696
0.0736
0.0974
0.12110000000000001
0.09459999999999999
0.0595
0.0492
0.051699999999999996
0.0659
0.052199999999999996
0.0216
0.028999999999999998
0.0461
0.0608
0.06639999999999999
0.12430000000000001
1.4670999999999998
0.2755
0.1817
0.1326
0.15410000000000001
0.1416
0.0973
0.10289999999999999
0.1004
0.09809999999999999
0.1022
0.12840000000000001
0.2203
0.27649999999999997
0.2089
0.2153
0.5522
0.2808
0.18309999999999998
0.23299999999999998
0.2071
0.17520000000000002
0.3125
0.1812
0.13090000000000002
0.0887
0.0896
0.08349999999999999
0.07830000000000001
0.08510000000000001
0.0862
0.529
0.3221
0.25070000000000003
0.22820000000000001
0.1661
0.1613
0.1972
0.8126
0.6098
1.2792
0.0018
0.0
0.0
0.0
0.0
0.0
0.0
0.0
1.3935
0.9967
0.7358
0.5948
0.7054
0.3872
0.24980000000000002
0.2487
0.2462
0.2432
0.24259999999999998
0.24530000000000002
0.24530000000000002
0.3129
0.309
0.2576
0.1822
0.1855
0.1881
0.2015
0.2278
0.3052
0.2595
0.2359
0.6990000000000001
0.4208
0.5817
0.7659
0.28259999999999996
0.25160000000000005
0.06939999999999999
0.0598
0.0558
0.055900000000000005
0.0545
0.0565
0.0574
0.1082
0.13
0.1179
0.0826
0.0852
0.068
0.0689
0.0592
0.0817
0.10880000000000001
0.0625
0.0713
0.1032
0.1252
0.1338
0.11760000000000001
0.08979999999999999
0.0621
0.069
0.0745
0.0693
0.07189999999999999
0.1004
0.14679999999999999
0.19640000000000002
0.3246
0.7551
0.9803000000000001
0.1496
0.0853
0.3648
0.1782
0.14329999999999998
0.1562
0.1757
0.2203
1.2771
0.1326
0.0328
0.0564
0.053599999999999995
0.1925
0.185
0.1837
0.1825
0.19169999999999998
0.1976
0.2358
0.261
0.2459
0.22410000000000002
0.23299999999999998
0.2331
0.7244999999999999
0.4736
1.0882
0.4317
0.5266
0.4058
0.4497
0.5727
0.3366
0.2435
0.1917
0.177
0.1009
0.1046
0.091
0.08449999999999999
0.12990000000000002
0.2611
0.1278
0.1291
0.1366
0.1562
0.14850000000000002
0.1214
0.2762
0.2486
0.2167
0.5157
1.673
0.5753
0.3284
0.3198
0.2605
0.4999
0.4346
0.1525
0.19119999999999998
0.1774
0.1733
0.1913
0.17880000000000001
0.2115
0.2535
1.2050999999999998
1.4697
0.3913
0.699
0.1552
0.16899999999999998
0.1675
0.1923
0.3534
0.7783
0.2009
0.19569999999999999
0.2305
0.2549
0.27990000000000004
0.26249999999999996
0.20900000000000002
0.1754
0.1446
0.1361
0.1313
0.1268
0.1286
0.1432
0.1652
0.2673
0.3095
0.31930000000000003
0.3141
0.32189999999999996
0.3073
0.573
0.2653
0.2277
0.277
0.5581
0.7957000000000001
0.7261
0.6614
0.4739
0.2761
0.20679999999999998
0.1886
0.17370000000000002
0.1676
0.1604
0.1633
0.1693
0.17070000000000002
0.271
0.27080000000000004
0.5561
0.3352
0.24559999999999998
0.2432
0.6434
0.3781
0.3775
0.3368
0.3235
0.33840000000000003
0.3126
0.2968
0.2762
0.2376
0.0412
0.0138
0.026500000000000003
0.0262
0.0245
0.0503
2.041
0.3321
0.0965
0.07050000000000001
0.0451
0.0494
0.0727
0.0722
0.0837
0.13999999999999999
1.0647
0.7617
0.3296
0.6524
1.3554
0.7762
0.2593
0.0675
0.09809999999999999
0.08449999999999999
0.084
0.0668
0.06939999999999999
0.0562
0.0656
0.21639999999999998
0.4674
0.648
1.0737
0.8841
0.434
0.24420000000000003
1.648
1.891
1.4736
2.3033
1.4653
0.48040000000000005
0.33909999999999996
0.2534
0.19519999999999998
0.1364
0.3497
0.10490000000000001
0.0257
0.0173
0.0
0.0
0.0013
0.011300000000000001
0.0039
0.0
0.3193
0.5321
0.0
0.1042
0.8962
0.3287
0.2072
0.9178000000000001
0.2259
0.163
0.1663
0.2218
0.247
0.366
0.0269
0.0204
0.0156
0.0172
0.0174
0.019799999999999998
0.027999999999999997
0.0411
0.0534
0.0748
0.0542
0.0451
0.0655
0.052199999999999996
0.0468
0.058899999999999994
0.1114
0.1237
0.2031
0.1376
0.1269
0.1265
0.0948
0.048
0.0411
0.040900000000000006
0.0325
0.0377
0.039599999999999996
0.0349
0.1371
0.5446
0.27849999999999997
0.2358
0.2894
0.4757
0.49929999999999997
0.3215
0.3383
0.2732
0.2414
0.3476
0.6739999999999999
0.7586999999999999
0.6804
0.2702
0.1154
0.0579
0.0879
0.0587
0.0373
0.049100000000000005
0.0453
0.0158
0.5307000000000001
0.2394
0.0657
0.1038
0.1287
0.0995
0.16
0.0863
0.0607
0.0292
0.0321
0.4619
1.3385
1.0800999999999998
1.438
0.5286
0.6528
0.2888
0.2795
0.246
0.23249999999999998
0.2127
0.2983
0.36550000000000005
0.17880000000000001
0.164
0.1005
0.1431
0.1856
0.15450000000000003
0.312
0.3205
0.3329
0.6079000000000001
2.6435000000000004
1.0256
1.0361
0.548
1.0265
0.3701
0.3134
0.2804
0.172
0.15510000000000002
0.1598
0.36060000000000003
0.3536
0.2825
0.39049999999999996
0.5737
0.521
0.3106
0.188
0.17930000000000001
0.2333
0.1711
0.1839
0.263
1.0601
0.2647
0.1594
0.2939
0.1966
0.2091
0.2087
0.1958
0.0019
0.0037
0.0159
0.0152
0.0033
0.0746
0.5077
1.3909
0.0
0.0
0.0
0.0
0.0
0.0
0.0
0.0
1.6202999999999999
1.0985
2.6132
1.4796999999999998
2.0479
0.396
0.049600000000000005
0.0
0.1531
0.1484
0.1425
0.1384
0.1478
0.2298
0.2404
0.2062
0.178
0.19390000000000002
0.5161
0.29069999999999996
0.3369
0.2385
0.2085
0.2329
1.2143000000000002
0.6681
0.6917
0.3381
0.3745
0.3413
0.2469
0.1827
0.3608
0.3326
0.3588
0.22099999999999997
0.1371
0.1187
0.1008
0.0986
0.14379999999999998
0.0965
0.038
0.0562
0.0321
0.0246
0.3166
0.3315
0.7315
0.3674
0.2371
0.2382
0.2639
0.763
0.5421
0.3185
0.4908
0.7604
0.8122
0.9731000000000001
0.7576
0.2998
0.31589999999999996
0.3442
0.356
0.6867
0.5704
0.1505
0.13019999999999998
0.1688
0.1868
0.2662
0.9174
0.8378
1.4567
1.0165
0.6946
1.3161
0.6488
0.332
0.228
0.15400000000000003
0.1358
0.12369999999999999
0.0958
0.4461
0.6013
0.1481
0.0679
0.0
1.0545
0.8633
0.7355999999999999
0.1122
0.1759
0.1456
0.14629999999999999
0.11549999999999999
0.0158
0.1061
0.244
0.2375
0.18130000000000002
0.1627
0.045899999999999996
0.0298
0.0398
0.0407
0.0408
0.0332
0.06659999999999999
0.23359999999999997
0.2075
0.133
0.11839999999999999
0.1383
0.194
0.1368
0.14450000000000002
0.8592
0.8062
1.2318
0.39459999999999995
0.4607
0.5559000000000001
0.4324
0.25970000000000004
0.1027
0.0941
0.0975
0.0973
0.0868
0.0963
0.10769999999999999
0.15150000000000002
0.2182
0.3236
0.7652
0.8029
1.1839
1.0405
0.4571
0.24559999999999998
0.2692
0.3509
0.5141
0.3206
0.2527
0.2066
0.1301
0.09340000000000001
0.08990000000000001
0.0296
0.0266
0.0266
0.0258
0.0236
0.018600000000000002
0.0232
0.13269999999999998
0.3064
0.1271
0.463
0.1172
0.267
0.1081
0.1248
0.4277
1.0713
0.1545
0.12129999999999999
0.1354
0.1752
0.1716
0.12279999999999999
0.059899999999999995
0.0742
0.0663
0.07200000000000001
0.0765
0.0747
0.10289999999999999
0.22410000000000002
0.4687
0.839
0.6001
0.9592
2.1662
2.7407
1.1895
1.0085
0.6754
0.7226
1.1120999999999999
1.3032
1.0281
0.35309999999999997
0.1563
0.1082
0.0985
0.0934
0.093
0.0791
0.0787
0.0819
0.1212
0.1005
0.0503
0.036699999999999997
0.0441
0.0442
0.037
0.0598
0.0547
0.054599999999999996
0.0545
0.036699999999999997
0.0998
0.22110000000000002
0.1674
0.1478
0.11510000000000001
0.101
0.0868
0.1073
0.1074
0.0988
0.1199
0.1537
0.4083
0.5207
0.361
0.4535
0.6147
0.2629
0.2559
0.4093
0.3912
0.677
0.3254
0.3511
0.6660999999999999
0.2691
0.696
0.2237
0.199
0.1782
0.1587
0.10389999999999999
0.09839999999999999
0.0943
0.095
0.09759999999999999
0.11349999999999999
0.1394
0.1683
0.2005
0.21
0.2205
0.1429
0.16110000000000002
0.20700000000000002
0.3859
0.2758
0.2353
0.7719
0.296
0.4413
0.37929999999999997
0.30920000000000003
0.1681
0.1053
0.17359999999999998
0.0779
0.0477
0.044
0.0438
0.042499999999999996
0.041999999999999996
0.0347
0.0236
0.0
0.8263
0.3172
0.1295
0.5068
1.0189
0.29059999999999997
0.2862
0.4318
0.4657
0.47909999999999997
0.39449999999999996
0.5287000000000001
0.5161
0.3204
0.15760000000000002
0.1353
0.1387
0.1247
0.1276
0.1432
0.1634
0.2222
0.3218
0.5758
0.8634999999999999
1.2530000000000001
1.0531
0.9512
0.7359
1.3811
2.0144
0.6157999999999999
0.7199
0.7929999999999999
0.5883
0.4721
0.3157
0.2141
0.09809999999999999
0.086
0.0844
0.08499999999999999
0.07669999999999999
0.0917
0.35219999999999996
1.4019
0.313
0.2376
0.2192
0.2072
0.2343
0.2743
0.2658
0.4092
1.2546
0.9926999999999999
0.4137
0.3821
0.3378
0.25329999999999997
0.1512
0.1132
0.14650000000000002
0.13119999999999998
0.1205
0.1185
0.1242
0.4369
0.3221
0.15589999999999998
0.156
0.1723
0.16449999999999998
0.1623
0.334
0.2003
0.195
0.2498
0.2875
0.3655
0.5951
0.7765
0.8365
0.3347
0.24480000000000002
0.1854
0.0791
0.06470000000000001
0.0649
0.0553
0.0279
0.0614
0.9572999999999999
2.3369999999999997
0.5305
0.4306
0.5483
0.5095999999999999
0.6099
0.6656
0.48109999999999997
1.0414
1.7288999999999999
2.271
0.8295
0.9071
2.2230999999999996
0.9055
0.095
0.0241
0.0014
0.0
0.0048000000000000004
0.0055
0.033299999999999996
0.27040000000000003
0.26039999999999996
0.0663
0.0061
0.0003
0.0073
0.0008
0.0003
0.0
0.0097
0.1943
0.7117
0.7124
0.1519
0.5868
0.0191
0.0004
0.0
0.0088
0.1104
0.1001
0.1012
0.1023
0.1113
0.11649999999999999
0.1417
0.2422
0.3759
1.8839
1.1093
0.5095000000000001
0.9018999999999999
0.6268
0.4168
0.40249999999999997
0.8172
0.5547
1.274
1.009
0.4941
0.273
0.1501
0.148
0.1925
0.1422
0.1259
0.12090000000000001
0.1135
0.1179
0.1158
0.1179
0.1399
0.1605
0.1603
0.2905
0.528
1.6863000000000001
0.6311
0.28959999999999997
0.2453
0.3853
0.6614
0.3718
0.34540000000000004
0.34330000000000005
0.4304
0.3352
0.0402
0.0847
0.4193
0.30010000000000003
0.16
0.1649
0.1442
0.0871
0.07100000000000001
0.0911
0.0553
0.0529
0.0619
0.0533
0.057499999999999996
0.0432
0.0318
0.0231
0.493
0.3888
0.1392
0.0849
0.0533
0.0312
0.0371
0.028900000000000002
0.0274
0.025099999999999997
0.024
0.0319
0.043300000000000005
0.049100000000000005
0.5558000000000001
0.6077
0.3214
0.6295999999999999
0.0413
0.0682
0.1427
0.37589999999999996
0.10899999999999999
0.0728
0.6936
0.0654
0.09179999999999999
0.125
0.1303
0.0848
0.11910000000000001
0.1094
0.1059
0.1054
0.10569999999999999
0.1066
0.12060000000000001
0.1252
0.1347
0.1523
0.1968
0.1795
0.19030000000000002
0.3028
0.20629999999999998
0.19640000000000002
0.1889
0.17830000000000001
0.19169999999999998
0.21489999999999998
0.2515
0.22970000000000002
0.1535
0.1252
0.16149999999999998
0.12919999999999998
0.1412
0.1412
0.1207
0.1349
0.1689
0.20240000000000002
0.47100000000000003
0.9361999999999999
0.7427
1.1791999999999998
0.529
0.6361
1.0924
0.5077
1.5488
0.8483
0.81
1.1144
1.1974
0.71
0.4024
0.22870000000000001
0.3489
0.2873
0.2741
0.22039999999999998
0.1894
0.1814
0.1691
0.1738
0.1773
0.6426999999999999
0.2594
0.34199999999999997
0.2178
0.3455
0.4654
0.7773
0.4209
0.251
0.9779
0.7114
0.5812
0.8129
1.0499
0.7685
0.1241
0.1069
0.0839
0.0986
0.0903
0.08330000000000001
0.0947
0.1276
0.15639999999999998
0.9789
0.4345
0.21689999999999998
1.1729
1.8333
0.7301
0.6525000000000001
1.1545
2.5225
0.7736
0.4475
0.3708
0.3435
0.2792
0.1971
0.0208
0.022
0.0001
0.0212
0.0046
0.0052
0.0473
2.9698
0.8364
0.0712
2.1423
0.8355
1.3860000000000001
0.4658
0.0
0.0
0.1222
0.7909999999999999
0.16670000000000001
0.4402
0.0
0.0
0.0
0.0066
0.1613
0.1614
0.16260000000000002
0.1633
0.1721
0.2113
0.2122
0.1949
0.1858
0.1846
0.1759
0.1624
0.15510000000000002
0.18359999999999999
0.1956
0.2459
0.32189999999999996
0.40800000000000003
0.3598
0.26880000000000004
0.2469
0.1984
0.1489
0.14
0.147
0.1336
0.1316
0.13
0.1249
0.1361
0.2183
0.41390000000000005
0.2205
0.1516
0.1347
0.1149
0.1178
0.135
0.156
0.2548
0.6622
0.28990000000000005
0.31720000000000004
1.1457
0.49929999999999997
0.3534
0.22690000000000002
0.1735
0.1172
0.1054
0.0993
0.0977
0.1064
0.1273
0.24080000000000001
0.3342
0.2711
0.5301
0.6068
0.4155
0.3977
0.3147
0.3153
0.3933
0.4371
0.3759
0.3329
0.35319999999999996
0.4121
0.4924
0.3712
0.1916
0.0728
0.0572
0.0497
0.046200000000000005
0.0438
0.044399999999999995
0.044899999999999995
0.0539
0.0409
0.0377
0.0338
0.1684
0.0741
0.0465
0.0358
0.0458
0.06509999999999999
0.0848
0.0529
0.0632
0.0965
0.08399999999999999
0.09029999999999999
0.08679999999999999
0.25680000000000003
0.2376
0.2299
0.2233
0.226
0.2403
0.2852
0.3067
0.3157
0.5015000000000001
0.4276
0.5197
0.832
0.3799
0.3821
0.4881
0.3674
0.42669999999999997
0.5856
0.3177
0.3447
0.36939999999999995
0.42869999999999997
0.35919999999999996
0.2646
0.2249
0.22089999999999999
0.2057
0.2071
0.2414
1.0717
0.381
0.2894
0.2515
0.314
0.5542
0.3074
0.2182
0.1724
0.1407
0.1594
0.38
0.3658
0.21610000000000001
0.2942
0.3075
0.2895
0.2583
0.0201
0.0083
0.0
0.0066
0.011399999999999999
0.0079
0.0125
0.013499999999999998
0.0322
0.41709999999999997
0.0019
0.0112
0.0542
0.9438
0.1343
0.31470000000000004
0.0552
0.0694
0.40170000000000006
0.537
0.7071999999999999
0.29410000000000003
0.1925
0.1069
0.026
0.0078
0.0082
0.0007
0.0
0.0
0.0
0.0
0.0041
0.0
0.0
0.0
0.0
0.1939
0.386
0.3855
0.0858
0.1165
0.1385
0.31279999999999997
0.22360000000000002
0.1956
0.1851
0.5374
0.0582
0.0445
0.045399999999999996
0.0995
0.0539
0.4694
1.3685
0.0266
0.0
0.0
0.0
0.0
0.0
0.0
0.0
0.0
0.0
0.0
0.1159
0.5188999999999999
0.35309999999999997
0.4656
0.4051
0.5227999999999999
0.2044
0.1812
0.2007
0.1534
0.1462
0.14100000000000001
0.9777
1.0758
0.44099999999999995
1.2749000000000001
0.3156
0.18409999999999999
0.16570000000000001
0.16699999999999998
0.5383
0.31679999999999997
0.19069999999999998
0.23720000000000002
0.6895
0.318
0.2582
0.22920000000000001
0.2213
0.1915
0.1306
0.1277
0.1261
0.1207
0.136
0.1874
0.2757
0.22820000000000001
0.2007
0.5089
0.22139999999999999
0.1985
0.34840000000000004
0.22149999999999997
0.17980000000000002
0.8757
0.2441
0.2605
0.47350000000000003
0.4385
0.24719999999999998
0.2072
0.1639
0.1417
0.2621
0.2493
0.2447
0.2405
0.2355
0.26449999999999996
0.27080000000000004
0.2353
0.193
0.2082
0.2128
0.4069
0.4812
0.281
0.25370000000000004
0.3268
1.4682
0.8419
0.4119
0.2843
0.29669999999999996
0.24509999999999998
0.22699999999999998
0.2157
0.0461
0.043899999999999995
0.0405
0.0379
0.032
0.0429
0.08310000000000001
1.0424
0.4493
0.3046
0.2498
0.1498
0.1648
0.167
0.1377
0.1286
0.3161
0.4648
0.8186
0.49019999999999997
0.2495
0.1824
0.10869999999999999
0.07339999999999999
0.1202
0.1195
0.1187
0.1132
0.108
0.1333
0.2102
0.5223
0.9154
0.4537
0.2515
0.27180000000000004
0.32210000000000005
0.3126
0.2853
0.40249999999999997
0.5697
0.30569999999999997
1.2746
0.6668000000000001
0.32599999999999996
0.2163
0.14950000000000002
0.1295
0.1588
0.128
0.1152
0.1056
0.0964
0.0949
0.0955
0.1125
0.1314
0.1515
0.1437
0.1649
0.1879
0.1754
0.23670000000000002
0.4131
0.5357000000000001
0.6832
0.6301
0.5816
0.2669
0.2632
0.3103
0.2548
0.10819999999999999
0.10020000000000001
0.0996
0.1078
0.146
0.1623
0.1892
0.2111
0.2491
0.2448
0.1366
0.0944
0.2686
0.5101
0.5099
0.46140000000000003
0.3789
0.4848
0.2784
0.3131
0.2524
0.23709999999999998
0.17459999999999998
0.12110000000000001
0.12669999999999998
0.1283
0.1301
0.12819999999999998
0.1235
0.11599999999999999
0.09809999999999999
0.0983
0.0988
0.1022
0.0902
0.0794
0.0746
0.1007
0.1232
0.1339
0.1333
0.161
0.18669999999999998
0.15410000000000001
0.15839999999999999
0.1582
0.1286
0.11679999999999999
0.0955
0.0566
0.0712
0.0613
0.0521
0.06509999999999999
0.07300000000000001
0.0905
0.1762
0.3659
0.5516
0.7558
0.7718
1.024
2.1083
2.0365
0.9741
0.8384
1.3125
1.3739
1.1038999999999999
1.2409
0.9699
0.2953
0.161
0.1467
0.14679999999999999
0.1451
0.1486
0.2119
0.5274
0.33230000000000004
0.2551
0.22799999999999998
0.18
0.15889999999999999
0.19779999999999998
0.2299
0.22949999999999998
0.48560000000000003
0.2629
0.3835
0.3372
0.2162
0.2525
0.3145
0.3033
0.2036
0.1694
0.1615
0.1548
0.1548
0.15589999999999998
0.1683
0.1887
0.3387
0.6134999999999999
0.1973
0.1673
0.1271
0.1444
0.1268
0.1137
0.12769999999999998
0.28
0.211
0.18569999999999998
0.3625
0.2322
0.23759999999999998
0.24130000000000001
0.20600000000000002
0.16499999999999998
0.15089999999999998
0.1481
0.1435
0.1427
0.14750000000000002
0.18009999999999998
0.5657
0.4134
0.5052
0.3153
0.4959
0.4841
0.2164
0.1736
0.1835
0.2856
0.22139999999999999
0.2327
0.2465
0.2784
0.3294
0.3643
0.2696
0.0404
0.0408
0.0403
0.037000000000000005
0.0351
0.0351
0.0917
0.377
1.0186
0.3716
0.2772
0.23399999999999999
0.38780000000000003
0.3591
0.28159999999999996
0.2727
0.8951
0.436
0.32430000000000003
0.5208
0.32589999999999997
0.1567
0.06509999999999999
0.0466
0.058499999999999996
0.0531
0.06820000000000001
0.0699
0.0627
0.06770000000000001
0.1876
0.2062
0.0429
0.0077
0.0088
0.0
0.0073
0.0009
0.0127
1.1809
0.493
0.33799999999999997
0.1054
0.1838
0.1233
0.1424
0.1377
0.1086
0.0542
0.0498
0.0411
0.0413
0.0438
0.047799999999999995
0.0693
0.1122
0.1479
0.20800000000000002
0.3029
0.22099999999999997
0.5594
0.2388
0.1956
0.1901
0.19390000000000002
0.2596
0.38280000000000003
0.7411000000000001
0.311
0.1961
0.09709999999999999
0.0606
0.1139
0.1006
0.0974
0.0897
0.0929
0.21539999999999998
0.8055000000000001
0.1571
0.099
0.1036
0.1061
0.08629999999999999
0.0864
0.0821
0.0832
0.0823
0.0796
0.2693
0.5548
0.3396
0.26890000000000003
0.268
0.1927
0.1273
0.0761
0.062
0.0557
0.049699999999999994
0.0432
0.030899999999999997
0.0212
0.0308
0.0762
0.0484
0.036599999999999994
0.0558
0.027299999999999998
0.0258
0.0266
0.0393
0.0597
0.043800000000000006
0.0672
0.1459
0.12459999999999999
0.1038
0.1016
0.09709999999999999
0.058499999999999996
0.054000000000000006
0.0526
0.0528
0.0577
0.0735
0.1704
0.1094
0.0537
0.0746
0.0488
0.0295
0.024800000000000003
0.0257
0.0182
0.0229
0.0154
0.0447
0.24359999999999998
0.1073
0.0746
0.0707
0.060300000000000006
0.0491
0.2406
0.2252
0.2091
0.2153
0.21949999999999997
0.22310000000000002
0.2611
1.2389999999999999
0.4945
1.2095
0.37620000000000003
1.3092000000000001
0.2922
0.2272
0.2067
0.1946
0.3322
0.16649999999999998
0.1565
0.1367
0.1587
0.19569999999999999
0.2631
0.2989
0.0911
0.07949999999999999
0.07200000000000001
0.0683
0.0648
0.0642
0.0567
0.0744
0.13140000000000002
0.1908
0.1488
0.1235
0.0761
0.08510000000000001
0.10289999999999999
0.1187
0.0833
0.0757
0.0929
0.08310000000000001
0.0931
0.12459999999999999
0.14679999999999999
0.1202
0.1265
0.1066
0.136
0.1149
0.1013
0.09159999999999999
0.0948
0.0961
0.1543
0.2566
0.24
0.2686
0.8673
0.26439999999999997
0.2822
2.4602
1.3920000000000001
0.2673
0.6143
0.5289
0.2875
0.3235
0.34619999999999995
0.2611
0.1109
0.0791
0.09140000000000001
0.0801
0.062
0.0811
0.0865
0.1213
0.2748
1.1344
1.1117
0.8442000000000001
0.7484999999999999
1.1551
0.8682000000000001
1.3581
0.7902
0.6305000000000001
1.6548
1.6871
1.3969999999999998
1.8485
1.1838
0.3556
0.1058
0.1063
0.11860000000000001
0.1183
0.111
0.12990000000000002
0.1439
0.23959999999999998
0.3719
0.0566
0.0467
0.0407
0.044399999999999995
0.060700000000000004
0.095
0.1753
0.1984
0.3091
0.5081
0.5589
0.20800000000000002
0.1195
0.0817
0.0817
0.2259
0.2122
0.2061
0.2031
0.2162
0.2827
0.2875
0.2198
0.19669999999999999
0.2128
0.2002
0.20190000000000002
0.2069
0.2035
0.1895
0.2263
0.44279999999999997
0.2895
0.5422
0.38770000000000004
0.3553
0.34850000000000003
0.3382
0.2874
0.3569
0.28259999999999996
0.26549999999999996
0.2294
0.3069
0.2361
0.2509
0.373
0.40259999999999996
1.0875
1.006
0.8406
2.3773999999999997
1.8954
0.24230000000000002
0.38
2.7384
1.1987
2.0098000000000003
0.33999999999999997
0.3127
0.29300000000000004
0.3012
0.251
0.2028
0.1748
0.1632
0.1696
0.2039
0.4576
0.2175
0.0615
0.034
0.0401
0.0278
0.033
0.0383
0.0274
0.036500000000000005
0.07780000000000001
0.9871
0.47650000000000003
0.2803
0.2666
0.2957
0.26149999999999995
0.2394
0.2224
0.08149999999999999
0.0828
0.0837
0.0828
0.0801
0.097
0.1125
0.387
0.6761
0.22910000000000003
0.24119999999999997
0.7662
0.1588
0.1856
0.1636
0.2821
0.4667
0.7447
0.0983
0.1003
0.0963
0.0849
0.07600000000000001
0.07089999999999999
0.22260000000000002
0.2102
0.19990000000000002
0.1912
0.1855
0.1951
0.2173
0.8334999999999999
0.5430999999999999
0.35819999999999996
0.3614
0.39349999999999996
0.6912
0.3494
0.2928
0.30279999999999996
0.9701
0.5394
0.6957
0.6233
0.5162
0.5398000000000001
0.6723
0.4052
0.0996
0.0968
0.0945
0.0941
0.0903
0.0921
0.1005
0.1062
0.1034
0.1481
0.1777
0.1436
0.0973
0.0989
0.11549999999999999
0.1438
0.1012
0.0674
0.0736
0.0654
0.0553
0.057499999999999996
0.0659
0.0718
0.0
0.0
0.0
0.0
0.0
0.0
0.37670000000000003
0.8635999999999999
0.30269999999999997
0.7787999999999999
0.11879999999999999
0.17880000000000001
0.2181
0.1043
0.0319
0.0161
0.1351
0.12279999999999999
0.5401
0.1554
0.0
0.0
0.0
0.0
0.0
0.0
0.0
0.0
0.0
0.0
0.0
0.2219
0.0363
0.0
0.0
0.0
0.0
0.0
0.0
0.0
0.0
0.7222999999999999
0.96
0.2244
0.0553
0.0
0.0
0.0
0.2249
0.16670000000000001
0.133
0.0973
0.0941
0.0789
0.0683
0.068
0.07819999999999999
0.0941
0.13319999999999999
0.1387
0.09090000000000001
0.3589
0.34099999999999997
0.267
0.2512
0.21660000000000001
0.4793
0.20929999999999999
0.15489999999999998
0.8283
0.5281
0.5283
0.2405
0.2347
0.2425
0.2421
0.2417
0.257
0.2912
0.3638
0.5413
1.1307
1.3666
2.0953
0.6859999999999999
0.6143000000000001
1.3089
1.0636
0.6646000000000001
1.1665
0.5378000000000001
0.4162
0.3591
0.2878
0.2468
0.2306
0.3786
0.34650000000000003
0.35150000000000003
0.3357
0.31479999999999997
0.3318
0.9813000000000001
0.7538
0.535
1.3881
0.8339
0.2421
0.21789999999999998
0.1835
0.1854
0.2104
0.2449
0.3166
0.3781
0.4413
0.4663
0.8674
0.6883
0.4801
0.0116
0.0088
0.0093
0.0093
0.012799999999999999
0.053599999999999995
0.21860000000000002
0.0022
0.0
0.0
0.0
0.0
0.0
0.0
0.0
0.0044
0.0292
0.0667
0.1441
0.0592
0.08199999999999999
0.0332
0.0087
0.0073
0.17099999999999999
0.1469
0.1427
0.138
0.1352
0.1385
0.16620000000000001
0.6607
0.1999
0.17059999999999997
0.1511
0.126
0.122
0.1232
0.1102
0.4475
0.2915
0.2193
0.20529999999999998
0.1847
0.1708
0.336
0.4606
0.26839999999999997
0.2475
0.2264
0.2081
0.2047
0.19340000000000002
0.1915
0.2823
1.5382
0.3782
0.3185
0.3537
0.5322
0.3562
0.3049
0.23709999999999998
0.247
0.3104
0.4626
1.2107999999999999
0.5195
0.5973999999999999
0.6148
0.6831
0.4629
0.6945
0.5465
0.5131
0.5101
0.622
0.9322999999999999
1.0756999999999999
0.5406
0.3527
0.304
0.327
0.3518
0.35950000000000004
0.4052
0.4978
0.5715
0.8204
0.6737
0.6431
2.1026
0.7977
0.6938
0.7785
0.8189
0.1724
0.18519999999999998
0.17149999999999999
0.1792
0.2049
0.4098
0.5791999999999999
0.3297
0.24980000000000002
0.2434
0.20679999999999998
0.1605
0.14329999999999998
0.1894
0.6199
0.269
0.2589
0.7756
0.4165
0.568
0.3331
0.446
0.356
0.22060000000000002
0.1582
0.1456
0.1254
0.1207
0.11380000000000001
0.1192
0.1308
0.3151
0.3306
0.1864
0.2105
0.119
0.1265
0.11199999999999999
0.0942
0.0861
0.07880000000000001
0.139
0.2685
0.3055
0.2863
0.272
0.2326
0.16949999999999998
0.1191
0.0937
0.0884
0.0822
0.07980000000000001
0.0844
0.0969
0.115
0.1356
0.1694
0.1834
0.24009999999999998
0.3089
0.5923
0.4923
0.6774
0.393
0.31499999999999995
0.3926
0.7057
0.5482
0.3626
0.2595
0.1855
0.039400000000000004
0.0347
0.0434
0.039
0.0403
0.011
0.7275
0.2121
0.0
0.0
0.0
0.0
0.0
0.0
0.0
0.0158
1.1253
0.2828
1.4015
0.9889999999999999
0.6527000000000001
0.19679999999999997
0.09290000000000001
0.0539
0.1921
0.17409999999999998
0.1632
0.1552
0.1496
0.16699999999999998
0.1471
0.5288
0.1966
0.059399999999999994
0.06
0.0623
0.0557
0.0504
0.049
0.0599
0.2888
0.45280000000000004
0.438
0.3819
0.1552
0.10969999999999999
0.09140000000000001
0.1041
0.23320000000000002
0.2258
0.2217
0.2215
0.2126
0.22699999999999998
0.2554
0.5074000000000001
0.41869999999999996
1.0892
0.3101
0.46140000000000003
0.5664
0.3313
0.3303
0.2877
0.2407
0.29700000000000004
0.5761000000000001
0.5740000000000001
0.4215
0.3539
0.2784
0.23299999999999998
0.2013
0.1735
0.1593
0.1547
0.1447
0.14500000000000002
0.1613
0.2243
0.5741
0.4043
0.2798
0.24830000000000002
0.213
0.2366
0.2705
1.2746
1.3418
1.4827
0.5206999999999999
0.44710000000000005
0.5265
1.3081
1.7369
0.427
0.0114
0.0021
0.0
0.0
0.0
0.0
1.1479000000000001
2.1424000000000003
1.376
1.3549
2.6466
1.6711
0.9065000000000001
0.3872
0.0
0.0
0.0472
0.5134
1.9870999999999999
2.0598
0.1045
0.0
0.0
0.0
0.1875
0.2481
0.2435
0.2213
0.145
0.1236
0.1668
0.1738
0.4528
0.9968
0.3157
0.2207
0.19519999999999998
0.31110000000000004
0.3032
0.10880000000000001
0.1293
0.5544
0.013300000000000001
0.0055
0.0
0.0
0.0
0.0
0.0
0.0176
0.0
0.0
0.0
0.0
0.0055
0.06670000000000001
1.3107
2.2208
1.4458
0.9587
0.18380000000000002
0.5797
0.6238
0.2723
0.27959999999999996
0.378
0.4001
2.2083
0.8467
0.0
0.0
0.0
0.1213
0.10930000000000001
0.101
0.0969
0.0935
0.0975
0.1526
0.40599999999999997
0.6661
0.3261
0.25229999999999997
0.2079
0.2403
0.2327
0.1977
0.2268
1.1305
0.9407000000000001
1.0781
1.0981
0.9069
0.7299
0.4404
0.18969999999999998
0.29479999999999995
0.2616
0.2389
0.2265
0.2113
0.2141
0.2136
0.7231
0.9081
0.1324
0.11779999999999999
0.1184
0.151
0.19419999999999998
0.4673
0.3352
0.2705
0.2568
0.1774
0.2795
0.4044
0.4547
0.3205
0.2593
0.1051
0.1002
0.0934
0.0801
0.0891
0.09129999999999999
1.3780000000000001
0.6562
0.07619999999999999
0.0171
0.0279
0.0194
0.0194
0.0344
0.0259
0.0858
1.1815
1.1012
1.9213
0.8600000000000001
0.3962
0.4748
0.51
0.2142
0.051699999999999996
0.0677
0.061200000000000004
0.0643
0.0598
0.0885
0.10899999999999999
0.7587
0.1447
0.0033
0.09770000000000001
0.029699999999999997
0.0229
0.0319
0.0949
0.1626
0.3829
0.0723
0.1004
0.16599999999999998
0.0539
0.0138
0.0058
0.0138
0.1649
0.157
0.1489
0.1492
0.1519
0.37020000000000003
0.4777
0.31310000000000004
0.2752
0.27859999999999996
0.2779
0.2847
0.46430000000000005
0.3532
0.34519999999999995
0.40759999999999996
0.6792
0.8409
0.597
0.5992999999999999
0.6382
0.4087
0.2486
0.1852
0.2606
0.231
0.1548
0.14329999999999998
0.1335
0.1376
0.1499
0.15460000000000002
0.1401
0.15739999999999998
0.3281
0.1633
0.2271
0.25279999999999997
0.35860000000000003
0.2853
0.2341
0.3022
0.3295
0.397
0.36419999999999997
0.39380000000000004
0.3116
0.2276
0.0125
0.0078
0.001
0.0031
0.0028
0.0202
0.1746
0.4318
0.1049
0.1967
0.9488
0.4776
0.22849999999999998
0.1614
0.19490000000000002
0.269
0.4754
0.837
1.1919
0.3367
0.17659999999999998
0.1129
0.0339
0.023799999999999998
0.625
0.2742
0.2031
0.16799999999999998
0.1676
0.16510000000000002
0.1805
0.2024
0.2264
0.2688
0.47150000000000003
0.6524
0.6909000000000001
0.499
0.6279
0.3774
0.3708
0.42769999999999997
0.3476
0.7103999999999999
0.5314
0.5640000000000001
0.7614000000000001
0.528
0.0
0.0092
0.0
0.0
0.0005
0.0166
0.0468
0.043199999999999995
0.0038
0.0
0.953
0.2279
0.5969
0.7333
0.4627
0.0742
0.019000000000000003
0.0071
0.0
0.2553
0.0113
0.0
0.0
0.0
0.1413
0.12079999999999999
0.112
0.10769999999999999
0.1049
0.1176
0.1341
0.16970000000000002
0.2559
0.2145
0.2007
0.1618
0.1642
0.2039
0.4073
0.7093
0.6623
0.1462
0.0744
0.087
0.1336
0.278
0.31989999999999996
0.1842
0.14329999999999998
0.13069999999999998
0.1194
0.1225
0.1163
0.1323
0.4174
0.5178
0.2039
0.15739999999999998
0.125
0.1331
0.15350000000000003
0.15050000000000002
0.1392
0.1538
0.5943
0.6367
0.32330000000000003
0.31189999999999996
0.6212
0.4909
0.39480000000000004
0.2149
0.014100000000000001
0.0086
0.0039
0.0038
0.0036
0.0055
0.010499999999999999
0.034699999999999995
0.0407
0.0654
0.07139999999999999
0.0681
0.09029999999999999
0.0489
0.0513
0.0721
0.0826
0.0717
0.09720000000000001
0.10569999999999999
0.0812
0.08810000000000001
0.0758
0.036699999999999997
0.112
0.1138
0.1128
0.11599999999999999
0.1177
0.1411
0.2095
0.193
0.1523
0.1938
0.1127
0.0713
0.0743
0.081
0.11510000000000001
0.12969999999999998
1.4943
0.34099999999999997
0.3371
0.2874
0.2229
0.2465
0.2104
0.1426
0.0
0.0
0.011
0.0004
0.0445
0.1506
0.7845
0.2273
0.1364
0.0564
0.2113
0.3567
0.0755
0.0969
0.0459
0.7268
1.5359
3.0603
0.0955
0.0
0.0
0.0
0.0
0.0
0.07089999999999999
0.0378
0.0445
0.0449
0.036000000000000004
0.0474
0.0563
0.0651
0.079
0.198
0.31079999999999997
0.5335
0.3436
1.0971
0.4522
0.1654
0.1896
0.7464999999999999
0.1521
0.1517
0.146
0.2842
0.6814
0.1413
0.10679999999999999
0.0902
0.0887
0.1064
0.0907
0.06709999999999999
0.06839999999999999
0.0485
0.0527
0.9372
0.2452
0.0312
0.038
0.758
0.0
1.3843999999999999
0.1062
0.0439
0.0
0.012900000000000002
0.0542
0.3139
0.2921
0.1971
0.0234
0.008
0.0184
0.0049
0.0014
0.0038
0.0
1.807
0.0222
0.5084
0.11280000000000001
0.1971
0.1904
0.1192
0.0523
0.0464
0.052099999999999994
0.0736
0.5509
0.1693
0.2403
0.1542
0.12229999999999999
0.0513
0.1851
0.1581
0.1479
0.14550000000000002
0.1405
0.14450000000000002
0.15839999999999999
0.1958
0.2766
0.7067
0.5263
0.8473
0.1804
0.1567
0.15539999999999998
0.18109999999999998
0.43589999999999995
1.4255
0.3546
0.2556
0.3059
0.3618
0.3786
0.2645
0.0874
0.0669
0.059300000000000005
0.0674
0.0458
0.0513
0.047299999999999995
0.0426
0.0805
0.1501
0.0346
0.0144
0.004
0.0316
0.0795
0.2929
0.6225
1.1768
0.0
0.0
0.0
0.0
0.0385
0.043899999999999995
0.136
0.11560000000000001
0.10880000000000001
0.10039999999999999
0.0859
0.0764
0.0763
0.06989999999999999
0.060399999999999995
0.3218
0.6023
0.1273
0.11760000000000001
0.1888
0.0912
0.1038
0.08829999999999999
0.0882
0.12279999999999999
0.1016
0.137
0.48240000000000005
0.2866
0.2064
0.2074
0.1886
0.1569
0.14429999999999998
0.1492
0.1947
0.9378
0.316
0.25570000000000004
0.289
1.1069
0.3554
0.5871999999999999
0.2469
0.22089999999999999
0.23149999999999998
0.2007
0.22310000000000002
0.3625
1.6705999999999999
1.5958999999999999
0.4593
0.3649
0.2499
0.2117
0.223
0.2585
0.2959
0.2827
0.2767
0.6568
0.43720000000000003
0.16449999999999998
0.2526
0.0692
0.2135
0.631
0.1456
0.0952
0.603
0.1464
0.1314
0.1477
0.3947
0.46840000000000004
0.1845
0.15760000000000002
0.1628
0.1492
0.13679999999999998
0.12719999999999998
0.1247
0.129
0.1398
0.1787
0.2
0.22499999999999998
0.2556
0.2461
0.2167
0.5152
0.3199
0.2723
0.3052
0.5074000000000001
0.41559999999999997
0.4874
0.6526
0.6762999999999999
0.6456999999999999
0.4132
0.20500000000000002
0.08199999999999999
0.0678
0.0608
0.061399999999999996
0.0608
0.0616
0.08080000000000001
0.1177
0.2366
0.24380000000000002
0.23070000000000002
0.2852
0.2089
0.1981
0.2109
0.1981
0.1722
0.2319
1.129
0.4132
0.4112
0.3327
0.203
0.1085
0.2025
0.7157
0.44530000000000003
0.2784
0.22749999999999998
0.2722
0.3029
1.6231
1.5301
0.2571
2.2838
1.2096
0.4098
0.4637
0.5209999999999999
0.5724
0.5219
0.5743
0.5907
0.7190000000000001
0.6162000000000001
0.356
0.2831
0.2704
0.134
0.1176
0.1149
0.1028
0.0965
0.10200000000000001
0.1043
0.1164
0.1185
0.1675
0.2774
0.3389
0.1637
0.42829999999999996
0.495
0.8057
1.3617
0.33799999999999997
0.3186
0.2653
0.24359999999999998
0.23070000000000002
0.1958
0.16299999999999998
0.2309
0.47819999999999996
1.7631999999999999
1.5629
1.3231000000000002
1.1755
1.581
1.7268
1.931
1.2122000000000002
0.567
0.2752
0.24719999999999998
0.28900000000000003
0.3929
0.4919
0.6546000000000001
0.6900999999999999
0.6980999999999999
0.7749
1.2663
1.5922
0.2725
0.1504
0.3927
0.38560000000000005
0.399
0.3859
0.3135
0.331
0.3811
0.4481
0.9950999999999999
1.2263
0.8267
1.0897999999999999
1.0779
0.4116
0.6962999999999999
1.2157
1.9224999999999999
0.4946
0.3011
0.2712
0.2566
0.21589999999999998
0.16349999999999998
0.1421
0.16660000000000003
0.16599999999999998
0.1627
0.16570000000000001
0.1855
0.4971
0.3452
0.2771
0.27690000000000003
0.4596
0.5486
0.4182
0.3724
0.357
0.37360000000000004
0.6636
0.25129999999999997
0.20829999999999999
0.1802
0.1845
0.1941
0.1721
0.1653
0.157
0.1865
0.16770000000000002
0.1454
0.1301
0.1084
0.11449999999999999
0.0958
0.12439999999999998
0.0902
0.1395
0.5498999999999999
0.33749999999999997
0.1341
0.4405
0.1693
0.25370000000000004
1.8327
0.4947
0.4615
0.2151
0.20729999999999998
0.2077
0.2814
0.269
0.5430999999999999
0.4145
0.2639
0.2066
0.18580000000000002
0.17049999999999998
0.15439999999999998
0.15860000000000002
0.14500000000000002
0.1735
0.3078
0.3483
0.16949999999999998
0.2809
0.7559
0.4387
1.7364
0.9168
0.6335999999999999
0.43379999999999996
0.4275
0.3372
0.2637
0.24630000000000002
0.5114000000000001
0.4903
0.49060000000000004
0.4819
0.4759
0.5063
0.7594000000000001
0.8426
0.6862999999999999
0.5987
0.5908
0.3536
0.3126
0.2821
0.27159999999999995
0.3028
1.2953000000000001
0.6183
0.4607
0.5262
0.585
0.857
0.9426000000000001
0.5837
0.0109
0.0107
0.0158
0.0167
0.0142
0.0187
0.0616
0.1576
0.241
0.242
0.4748
0.0829
0.4594
0.49050000000000005
1.5139
0.2861
0.1716
1.4584
0.4387
0.7961
0.0553
0.0308
0.012499999999999999
0.0046
0.0267
0.0076
0.0154
0.0193
0.0196
0.1947
1.5894
0.064
0.0425
0.1323
0.2324
0.1295
0.3332
0.3238
1.4222
0.0911
0.16299999999999998
0.3126
0.24380000000000002
1.4592
0.1186
0.0
0.0036
0.01
0.2346
0.2697
0.4265
0.3257
0.15510000000000002
0.12
0.1081
0.1134
0.0775
0.0763
0.1074
0.1424
0.1812
0.19540000000000002
0.4798
1.6848
1.0592000000000001
1.6869999999999998
0.643
0.3392
0.2263
0.1043
0.0883
0.0796
0.5730999999999999
0.5022
0.39049999999999996
0.24159999999999998
0.1616
0.1476
0.1514
0.14279999999999998
0.11560000000000001
0.111
0.12
0.15910000000000002
0.12919999999999998
0.5619
1.0099
0.8226
0.9454
1.3336000000000001
0.4305
0.3038
0.7632000000000001
0.2267
0.1557
0.282
0.1623
0.1649
0.1603
0.1632
0.16949999999999998
0.3376
0.3019
0.20829999999999999
0.1654
0.1746
0.17320000000000002
0.1548
0.1588
0.17070000000000002
0.1871
0.5353
1.6364
0.8488
0.8286
0.34030000000000005
0.3687
0.48150000000000004
0.3399
0.22999999999999998
0.0756
0.0626
0.0571
0.0533
0.0545
0.048299999999999996
0.061399999999999996
0.0698
0.069
0.09259999999999999
0.0806
0.085
0.0977
0.1168
0.1411
0.118
0.2269
0.4438
0.9093
0.9139999999999999
0.7992
0.5273
0.2026
0.12309999999999999
0.2389
0.2513
0.2601
0.2585
0.2522
0.2208
0.2049
0.2094
0.2439
0.214
0.2353
0.15089999999999998
0.1392
0.1636
0.30820000000000003
0.4095
0.2828
0.1395
0.1099
0.33749999999999997
0.36829999999999996
0.3292
0.1714
0.16970000000000002
0.1207
0.1052
0.0996
0.09809999999999999
0.101
0.1095
0.1286
0.17170000000000002
0.2165
0.299
0.30110000000000003
0.2487
0.4445
0.36760000000000004
0.6497999999999999
0.3899
0.5217
0.9201
0.4074
0.3422
0.30069999999999997
0.26549999999999996
0.21289999999999998
0.1543
0.15889999999999999
0.15560000000000002
0.15710000000000002
0.1609
0.1759
0.4176
0.37729999999999997
0.1725
0.1227
0.1065
0.0971
0.08940000000000001
0.0937
0.1
0.1378
0.5141
0.7355
0.5052
0.46340000000000003
0.46440000000000003
0.5541
0.4072
0.226
0.17409999999999998
0.1182
0.11330000000000001
0.10969999999999999
0.1101
0.1127
0.135
0.1588
0.23859999999999998
0.3517
0.2161
0.2333
0.14279999999999998
0.14750000000000002
0.1928
0.5442
0.40559999999999996
0.252
0.816
0.5679
0.317
0.4599
0.358
0.12309999999999999
0.1006
0.2151
0.1765
0.1928
0.183
0.1629
0.1918
0.22349999999999998
0.3315
0.5564
0.8924
0.3609
1.6229
1.7275
0.6393
0.8153
2.2614
0.5458999999999999
0.5494
0.5962999999999999
0.5301
0.6416999999999999
0.6869000000000001
0.5465
0.3163
0.0
0.0
0.0
0.0
0.0
0.0088
0.3669
1.7244
0.1614
0.023399999999999997
0.053099999999999994
0.0808
0.1063
0.0917
0.0842
0.0252
0.0013
0.0883
0.0473
0.0
0.0
0.0
0.0
0.0
0.1248
0.1117
0.1068
0.1066
0.1106
0.12179999999999999
0.1673
0.15089999999999998
0.064
0.8709
0.2964
0.3414
0.1851
0.13419999999999999
0.0793
0.4748
0.1513
0.16449999999999998
0.15860000000000002
0.1333
0.1323
0.1376
0.1591
0.15389999999999998
0.112
0.0928
0.0849
0.1
0.08829999999999999
0.1091
0.1245
0.15200000000000002
0.5216
1.4447999999999999
0.7854
0.4062
1.1854
1.0495999999999999
0.8908
0.3208
0.2986
1.1451
0.5185
0.7388
0.633
0.5428
0.3748
0.1966
0.2386
0.2128
0.1941
0.1824
0.1688
0.1661
0.1639
0.1562
0.2551
0.36860000000000004
0.3101
0.6045
0.2266
0.23600000000000002
0.2748
0.1616
0.1734
0.2303
0.6134
0.4077
0.42400000000000004
0.3809
0.35
0.29910000000000003
0.12340000000000001
0.1022
0.09140000000000001
0.0858
0.0844
0.0881
0.0914
0.1022
0.1018
0.1254
0.151
0.2047
0.2198
0.1868
0.1802
0.1653
0.1668
0.21489999999999998
0.1315
0.1353
0.16449999999999998
0.1985
0.2102
0.16699999999999998
0.10830000000000001
0.0959
0.0911
0.088
0.0885
0.0886
0.08990000000000001
0.0891
0.09129999999999999
0.1091
0.09609999999999999
0.09809999999999999
0.189
0.1421
0.0968
0.0921
0.1212
0.14639999999999997
0.1601
0.3357
0.24109999999999998
0.23120000000000002
0.2173
0.1572
0.33240000000000003
0.29410000000000003
0.2865
0.2853
0.2798
0.2855
0.3214
0.383
0.4989
0.5646
0.6057
0.6743
0.8119000000000001
0.6903999999999999
1.4585
1.0979999999999999
1.6456
1.5508
1.4299
1.9504000000000001
1.6305
0.7333000000000001
0.5082
0.4024
0.1396
0.1266
0.1249
0.1208
0.11510000000000001
0.136
0.1496
0.25870000000000004
0.5242
0.45909999999999995
0.31
0.15039999999999998
0.1211
0.1304
0.15100000000000002
0.5214
1.3308
1.2883
1.2288999999999999
0.1802
0.1745
0.1472
0.13019999999999998
0.125
0.0757
0.057800000000000004
0.0574
0.0506
0.0529
0.0589
0.4043
0.6312
0.0106
0.5134
0.019
0.0214
0.0097
0.005900000000000001
0.0
0.0118
0.1071
0.0702
0.1991
0.1557
0.1766
0.19479999999999997
0.16870000000000002
0.1195
0.0
0.0
0.0
0.0
0.0
0.0
0.0026
0.022699999999999998
0.0253
0.5081
0.08910000000000001
0.0147
0.0003
0.0
0.0
0.10289999999999999
0.0754
0.032
0.0692
0.0259
0.0
0.0
0.0
0.0
0.268
0.2407
0.23049999999999998
0.2227
0.2153
0.2187
0.4356
0.681
0.28080000000000005
0.2902
0.5738
0.42879999999999996
0.31
0.2852
0.2764
0.2863
0.2992
0.3638
0.34809999999999997
0.4048
0.42710000000000004
0.4698
0.40790000000000004
0.3159
0.050699999999999995
0.0392
0.0422
0.0438
0.0466
0.11069999999999999
0.48109999999999997
0.22799999999999998
0.1839
0.19090000000000001
0.178
0.13979999999999998
0.1893
0.2317
0.8564
0.35519999999999996
0.43920000000000003
0.45420000000000005
0.3987
0.7726999999999999
0.7782
0.1603
0.0759
0.0615
0.1163
0.1205
0.1423
0.1491
0.1456
0.21000000000000002
0.3679
1.6602999999999999
1.2761999999999998
0.16310000000000002
0.1881
0.6792
0.7105
0.4688
0.4049
0.8311999999999999
1.7078
0.8704000000000001
1.1796
0.7461
0.2954
0.1179
0.0999
0.12390000000000001
0.18109999999999998
0.152
0.1401
0.1347
0.1278
0.1375
0.1552
0.1954
0.3114
0.5491
1.0182
0.6927
0.5304
0.4223
0.88
0.7605000000000001
0.5231
0.27480000000000004
0.2267
0.2429
0.30510000000000004
0.36360000000000003
0.9117999999999999
0.41969999999999996
0.4552
0.3469
0.255
0.2142
0.2074
0.197
0.1975
0.23349999999999999
0.453
0.2757
0.2395
0.20079999999999998
0.15039999999999998
0.18080000000000002
0.3253
0.4709
0.5644
0.7094
0.4084
0.3349
0.3549
0.6594
0.39070000000000005
0.6309
0.186
0.1789
0.1854
0.1449
0.43620000000000003
1.2264
0.2807
0.3678
0.4911
0.835
0.6552
0.33840000000000003
0.3056
0.9108
0.32630000000000003
0.6338999999999999
0.35540000000000005
0.248
0.2133
0.1456
0.2685
0.4047
0.2054
0.17930000000000001
0.12919999999999998
0.12190000000000001
0.12840000000000001
0.12780000000000002
0.1363
0.1414
0.1894
0.1643
0.1343
0.3498
0.08380000000000001
0.049600000000000005
0.0536
0.05979999999999999
0.0606
0.37129999999999996
0.1357
0.1359
0.437
0.1779
0.1734
0.1992
0.1666
0.1325
0.1148
0.11
0.1267
0.10930000000000001
0.093
0.0917
0.0944
0.098
0.1026
0.5128
0.1227
0.1459
0.3653
0.2851
0.4273
0.1295
0.09770000000000001
0.1185
0.1571
0.2289
0.18409999999999999
0.1597
0.1447
0.12639999999999998
0.4501
0.3779
0.351
0.3086
0.2797
0.2693
0.2851
0.3107
1.2558
1.0207000000000002
0.4445
0.3173
0.5452
0.2047
0.183
0.1995
0.22060000000000002
0.2858
0.5468999999999999
1.0044
0.3752
0.3342
0.3115
0.316
0.1349
0.11030000000000001
0.11599999999999999
0.1193
0.1358
0.36019999999999996
0.8599
0.195
0.12040000000000001
0.1101
0.0974
0.0996
0.1066
0.1305
0.4421
0.6283000000000001
0.5361
0.8145
0.31579999999999997
0.7307
0.724
0.2716
0.1585
0.1431
0.18009999999999998
0.19290000000000002
0.1997
0.2001
0.201
0.22949999999999998
0.3194
0.6899
1.8593000000000002
1.4424000000000001
0.8646
0.7745
0.43310000000000004
0.4487
0.774
1.056
0.6206
1.1297000000000001
0.5776
0.31989999999999996
0.2752
0.1854
0.1377
0.14150000000000001
0.1384
0.11649999999999999
0.31429999999999997
0.4112
0.2183
0.18930000000000002
0.2869
0.3315
0.1056
0.0371
0.0138
0.0029
0.015899999999999997
0.0082
0.0319
0.046
0.0681
0.1646
0.8675
1.0118
0.2309
0.173
0.1352
0.12090000000000001
0.0416
0.041999999999999996
0.0348
0.0322
0.0313
0.1619
0.2339
0.108
0.12079999999999999
0.1825
0.1031
0.038900000000000004
0.531
0.1
0.1119
0.2073
0.32989999999999997
0.36819999999999997
0.3201
0.2009
0.1069
0.0955
0.0753
0.0535
0.1035
0.107
0.1654
0.1844
0.1629
0.0898
0.43589999999999995
0.2805
0.0002
0.033
0.0
0.0
0.0
0.0
0.0
0.0
0.0
0.0
0.0
0.0
0.3466
1.013
0.0795
0.0294
0.1971
0.1855
0.1778
0.1734
0.1716
0.1881
0.1854
0.1331
0.1086
0.1185
0.08879999999999999
0.1456
0.16310000000000002
0.12310000000000001
0.1091
0.4353
0.4708
0.13879999999999998
0.5246
0.2717
0.247
0.17409999999999998
0.1688
0.1748
0.0018
0.0
0.0
0.0
0.0129
0.0
0.0101
1.9078
0.5869
0.0
0.0
0.0
0.0
0.0
0.0
0.0
0.6186
0.7234
0.45539999999999997
0.11
0.2042
0.38449999999999995
0.2965
0.0
0.0712
0.06820000000000001
0.0626
0.06559999999999999
0.06820000000000001
0.0698
0.0731
0.068
0.031299999999999994
0.0199
0.0136
0.0372
0.5196
0.19899999999999998
0.1036
0.12240000000000001
0.1177
0.5461
0.0899
0.08929999999999999
0.0693
0.0342
0.0343
0.0371
0.0312
0.0293
0.032600000000000004
0.0377
0.0427
0.058399999999999994
0.13369999999999999
0.09490000000000001
0.0544
0.0728
0.0142
0.0
0.0017000000000000001
0.011699999999999999
0.0165
0.0254
0.0163
0.0049
0.0034000000000000002
0.0698
0.058899999999999994
0.1127
0.0943
0.043399999999999994
0.12619999999999998
0.1137
0.08479999999999999
0.0849
0.0789
0.0834
0.0868
0.1172
0.164
0.4194
1.2175
1.0418
0.3186
0.9092
0.1119
0.12840000000000001
0.17920000000000003
0.2067
0.27890000000000004
0.372
0.34099999999999997
0.32889999999999997
0.2829
0.1824
0.0808
0.0718
0.049600000000000005
0.0583
0.053
0.0529
0.0681
0.1114
0.1294
1.3240999999999998
0.0322
0.1636
0.19060000000000002
0.0621
0.0033
0.4664
0.25020000000000003
0.25029999999999997
0.48719999999999997
0.3589
0.2953
0.25239999999999996
0.4685
0.20850000000000002
0.0715
0.0478
0.0401
0.0406
0.0397
0.051699999999999996
0.06470000000000001
0.0618
0.0397
0.037099999999999994
0.036
0.1627
0.3144
0.0711
0.0564
0.0965
0.1105
0.1178
0.6134
0.20779999999999998
0.2539
0.2052
0.2351
0.20579999999999998
0.049600000000000005
0.0373
0.0312
0.0304
0.030100000000000002
0.0293
0.0336
0.061399999999999996
0.11429999999999998
0.3049
0.28859999999999997
0.29300000000000004
0.222
0.3506
0.24280000000000002
0.1734
0.38239999999999996
0.48560000000000003
0.5398000000000001
0.49019999999999997
0.4522
0.4234
0.2545
0.1069
0.187
0.4188
0.4051
0.5821000000000001
0.2928
0.23460000000000003
0.393
0.5066
0.7261
0.2944
0.9569000000000001
0.32299999999999995
0.3382
0.5812
1.0529
0.29300000000000004
0.44020000000000004
0.7325
0.2544
0.6545
0.1146
0.0193
0.0
0.0383
0.1385
0.124
0.12279999999999999
0.1139
0.1201
0.15739999999999998
0.3075
0.23959999999999998
0.16560000000000002
0.4789
0.4875
0.6435
0.4465
0.2172
0.2365
0.2957
0.398
0.2893
0.2
0.17930000000000001
0.20629999999999998
0.1943
0.21089999999999998
0.17980000000000002
0.17830000000000001
0.1765
0.1663
0.16399999999999998
0.15460000000000002
0.17009999999999997
0.2041
0.2692
0.8891
0.4627
0.3702
0.2964
0.2613
0.3096
0.3564
0.4397
1.1912
0.6254
0.6253
0.8322
0.6237
0.3711
0.2394
0.1928
0.1279
0.1181
0.10880000000000001
0.1037
0.099
0.10880000000000001
0.1322
0.6236
0.39540000000000003
0.4516
0.3708
0.3097
0.2267
0.195
0.1526
0.1574
0.8325
0.3087
0.4033
0.3366
0.3277
0.3499
0.3043
0.1884
0.2978
0.2839
0.27480000000000004
0.271
0.2165
0.23
0.2314
0.2564
0.2771
0.8404
0.30779999999999996
0.2807
0.6028
0.38639999999999997
0.621
0.887
0.7906
0.3804
0.4576
0.4937
0.3752
0.3408
0.5065000000000001
0.3649
0.1945
0.1613
0.148
0.1351
0.1319
0.1278
0.13369999999999999
0.1434
0.11299999999999999
0.1016
0.24739999999999998
0.6769
0.2313
0.3508
0.16599999999999998
0.2012
0.3499
0.6722
0.8276
0.2471
0.2237
0.2566
0.27480000000000004
0.2455
0.0182
0.015799999999999998
0.0218
0.010799999999999999
0.018600000000000002
0.016800000000000002
0.08009999999999999
1.1192
0.2772
0.6984
0.3084
0.2701
0.1921
0.19690000000000002
0.1869
0.2828
0.356
0.1437
0.14429999999999998
1.3046
1.3028
0.0273
0.0442
0.0387
0.2915
0.4226
0.5867
0.5388
2.2144000000000004
2.3781999999999996
1.7102
0.6211
0.6900999999999999
0.9304
1.3033000000000001
0.808
0.3911
1.3561
2.8320999999999996
3.0054
1.7313999999999998
0.5035000000000001
0.307
0.20190000000000002
0.1642
0.1268
0.1028
0.12040000000000001
0.0545
0.0595
0.057499999999999996
0.052199999999999996
0.10629999999999999
0.3066
0.2899
0.3824
0.5208999999999999
0.30410000000000004
0.856
0.3034
0.8657
0.4747
0.3853
0.3379
0.7539
0.4572
0.6396999999999999
0.5561
0.1256
0.0477
0.0487
0.0428
0.3153
0.2993
0.3155
0.3258
0.3372
0.6696
1.4214
0.5604
0.35450000000000004
0.3402
0.3124
0.29879999999999995
0.3216
0.353
0.4506
0.4936
0.3134
0.2898
0.5577
1.1283
1.0222
0.8364
0.5076
0.3643
0.1152
0.0829
0.1038
0.1001
0.07769999999999999
0.1003
0.11069999999999999
0.1578
0.2107
0.26070000000000004
0.3518
1.3578999999999999
0.8615999999999999
3.162
0.5248999999999999
0.5063
0.4817
0.36860000000000004
0.5853999999999999
0.8252999999999999
0.6083000000000001
0.43110000000000004
0.2708
0.1591
0.059800000000000006
0.0523
0.0554
0.0486
0.0513
0.0525
0.4814
1.0886
0.2393
0.17859999999999998
0.14689999999999998
0.14029999999999998
0.1275
0.1397
0.1399
0.2502
0.5049
0.22110000000000002
0.9099999999999999
0.7525999999999999
0.3087
0.2167
0.1187
0.0869
0.6155999999999999
0.202
0.1858
0.18469999999999998
0.1567
0.1376
0.1111
0.1076
0.09090000000000001
0.0872
0.0902
0.09459999999999999
0.19219999999999998
0.22810000000000002
0.1519
0.1709
0.1993
0.2702
0.8899999999999999
0.7787
0.39139999999999997
0.2793
0.28059999999999996
0.4356
0.031
0.0104
0.0514
0.0325
0.0166
0.0
0.002
0.0
0.0
0.103
0.0028
0.0023
0.6576
1.2734
0.0959
0.0855
0.0046
0.0
0.0
0.068
0.0208
0.0201
0.11069999999999999
0.5016
0.16820000000000002
0.1182
0.0996
0.10669999999999999
0.0955
1.2524
0.442
0.1248
0.14329999999999998
0.13929999999999998
0.1568
0.1749
0.42410000000000003
0.2262
0.4182
1.1723000000000001
0.6549
1.3619
1.7415
1.6366
0.9697
0.5786
0.43389999999999995
0.29510000000000003
0.26239999999999997
0.2385
0.2243
0.2162
0.2108
0.2182
0.23399999999999999
0.28759999999999997
0.5085
0.5306
0.5489999999999999
0.5984
0.49049999999999994
0.4235
0.5839
1.0885
1.3912
0.6409
0.9376
0.7607999999999999
0.5597
0.5199
0.4476
0.3487
0.1104
0.1047
0.10239999999999999
0.0944
0.0948
0.1096
0.17880000000000001
0.8059000000000001
0.5065
0.6432
0.5346
0.1764
0.155
0.1577
0.1471
0.1545
0.6913
0.3093
0.4715
0.3775
0.2904
0.2108
0.14529999999999998
0.1175
0.15710000000000002
0.1698
0.1691
0.17149999999999999
0.16949999999999998
0.1679
0.14550000000000002
0.118
0.055999999999999994
0.0354
0.0234
0.0158
0.0189
0.019999999999999997
0.024
0.0518
0.1865
0.4277
0.6104
0.5545
0.3955
0.8981
0.2355
0.1609
0.0475
0.0417
0.0388
0.045200000000000004
0.0497
0.0479
0.0216
0.0106
0.0056
0.029500000000000002
0.0199
0.0027
0.0028
0.018099999999999998
0.0
0.0
0.0088
0.1345
0.19090000000000001
0.1142
0.0738
0.064
0.0475
0.0376
0.12530000000000002
0.1162
0.1109
0.114
0.119
0.1251
0.09659999999999999
0.07150000000000001
0.0559
0.0644
0.0563
0.0474
0.049600000000000005
0.0582
0.0702
0.10930000000000001
0.14450000000000002
0.1451
0.23120000000000002
0.2332
0.1966
0.21660000000000001
0.2101
0.1617
0.3983
0.39270000000000005
0.4216
0.4215
0.4363
0.4754
0.5123
1.5426
1.7318
0.5827
0.48219999999999996
0.6082000000000001
1.0068
0.5381
0.436
1.1258
1.3589
0.6043000000000001
0.5162
0.45120000000000005
0.42500000000000004
0.35819999999999996
0.33799999999999997
0.3137
0.1496
0.1175
0.1058
0.1084
0.1129
0.1149
0.2036
0.8485
0.27690000000000003
0.2548
0.4324
0.841
0.3531
0.30679999999999996
0.3462
0.46140000000000003
0.3971
0.18580000000000002
0.156
0.2314
0.2075
0.2851
0.3405
0.8952
0.1048
0.08310000000000001
0.0731
0.07039999999999999
0.07139999999999999
0.0731
0.07980000000000001
0.1001
0.1336
0.34509999999999996
0.18830000000000002
0.2762
0.3454
0.6545
0.15309999999999999
0.11299999999999999
0.11019999999999999
0.1422
0.736
0.7255
0.4061
0.337
0.2621
0.1876
0.1129
0.0817
0.0994
0.09709999999999999
0.0862
0.1237
0.17809999999999998
0.26539999999999997
0.3458
1.3081
1.1874
0.1984
0.42810000000000004
0.5559
0.5279
0.3357
0.29300000000000004
0.5315
0.6462
0.6233
0.8175
1.1853
0.14100000000000001
0.1002
0.06939999999999999
0.017
0.07150000000000001
0.0504
0.053399999999999996
0.0477
0.0484
0.069
0.0969
0.3416
0.2121
1.0966
2.49
0.2395
0.2419
0.4148
0.5419
0.4161
2.6704000000000003
0.4074
0.383
0.5818
0.9315
0.1566
0.1358
0.11410000000000001
0.1026
0.09809999999999999
0.0965
0.09709999999999999
0.0946
0.0915
0.0867
0.09259999999999999
0.0945
0.08729999999999999
0.11069999999999999
0.12589999999999998
0.139
0.1734
1.0406
0.3806
0.1713
0.1553
0.8110999999999999
0.2845
0.227
0.18569999999999998
0.1058
0.08510000000000001
0.0847
0.0865
0.0808
0.09789999999999999
0.1099
0.1988
0.5534
0.5345
0.045899999999999996
0.048
0.1199
0.0571
0.0305
0.0291
0.38349999999999995
0.09
0.20249999999999999
0.5586
0.1631
0.2051
0.23199999999999998
0.1696
0.14939999999999998
0.1363
0.1347
0.1331
0.13290000000000002
0.1478
0.18230000000000002
0.235
0.3443
0.3449
0.3106
0.3003
0.4175
0.5467
0.9191
0.344
0.4769
0.4124
0.34450000000000003
0.5771999999999999
0.43079999999999996
0.2944
0.2202
0.1686
0.18109999999999998
0.1566
0.1284
0.10519999999999999
0.0896
0.0887
0.0954
0.0969
0.0663
0.0581
0.0473
0.2621
0.2484
0.2138
0.19190000000000002
0.1135
0.0974
0.3093
0.0399
0.0577
0.0865
0.058800000000000005
0.0599
0.064
0.254
0.255
0.2445
0.2609
0.2504
0.2615
0.3885
1.096
1.1736
0.347
0.2661
0.2429
0.2593
0.28390000000000004
0.2793
0.31220000000000003
0.4037
0.5676
0.2888
2.4104
1.1162
0.34209999999999996
0.2564
0.22349999999999998
0.0
0.0032
0.0
0.0
0.0
0.0
0.0
0.0936
0.6949000000000001
1.1197
1.5821
1.2628
0.42519999999999997
0.2806
0.2578
0.26990000000000003
0.325
0.6009
0.3546
0.2854
0.1381
0.0464
0.0
0.0
0.0917
0.0748
0.059
0.0659
0.0624
0.0756
0.09
0.0978
0.097
0.8274
0.1496
0.2197
0.4877
0.1412
0.1041
0.1259
0.20379999999999998
0.1857
0.3197
0.6649
0.5349
0.4386
0.42479999999999996
0.1971
0.1476
0.13219999999999998
0.128
0.12589999999999998
0.12129999999999999
0.1175
0.1404
0.1923
0.0924
0.0741
0.0608
0.0548
0.0556
0.0533
0.0595
0.08449999999999999
0.1197
0.13140000000000002
0.132
0.139
0.1073
0.1089
0.1251
0.1281
0.8292
2.2935
2.2584999999999997
2.3272
2.5377
0.8727
0.7909999999999999
0.878
1.2414
2.6083
3.2534
1.4552999999999998
1.1971
1.5705
2.3402
2.7898
2.6483
2.2312000000000003
3.1264
2.3653
1.5838999999999999
1.1088
0.5302
0.4555
0.1385
0.1286
0.12969999999999998
0.12390000000000001
0.1175
0.1114
0.5581
0.6274
0.1078
0.0982
0.08629999999999999
0.060700000000000004
0.0934
0.1041
0.153
0.19640000000000002
0.14
0.254
1.6458
0.1395
0.1725
0.2423
0.26570000000000005
0.1975
0.1479
0.1349
0.1247
0.12409999999999999
0.11860000000000001
0.10869999999999999
0.10600000000000001
0.109
0.0997
0.12010000000000001
0.121
0.1063
0.1377
0.17759999999999998
0.1834
0.1789
0.188
0.2067
0.20279999999999998
0.2316
0.179
0.1894
0.1926
0.16670000000000001
0.2314
0.2004
0.1931
0.1885
0.196
0.2229
0.2975
0.2574
0.1989
0.6832
0.2803
0.3242
0.3043
0.2358
0.2059
0.2698
0.4388
0.26280000000000003
0.9503
0.2774
0.3288
0.3945
0.5601
0.36829999999999996
0.1007
0.104
0.1071
0.1069
0.1125
0.1491
0.23270000000000002
0.3499
0.2362
0.16060000000000002
0.1397
0.3045
0.4786
0.24009999999999998
0.2472
0.3427
0.3199
0.34309999999999996
0.558
0.4679
0.2953
0.1456
0.0902
0.08779999999999999
0.1941
0.1644
0.15889999999999999
0.14700000000000002
0.1431
0.14400000000000002
0.14329999999999998
0.1526
0.1606
0.1889
0.1552
0.1649
0.2077
0.2289
0.4279
0.2777
0.1679
0.11449999999999999
0.1285
0.42789999999999995
0.4397
0.47939999999999994
0.5535
0.2797
0.009
0.0
0.0068
0.0013
0.0019
0.0
0.0095
0.0109
0.0201
0.1878
1.0388
0.17379999999999998
0.216
1.1734
0.8636999999999999
0.1043
0.0916
0.155
0.0571
0.0581
0.08049999999999999
0.0519
0.0504
0.030699999999999998
0.09809999999999999
0.0916
0.08510000000000001
0.0897
0.09290000000000001
0.12310000000000001
0.2099
0.4709
0.757
0.536
0.1555
0.132
0.1493
0.15489999999999998
0.1369
0.16710000000000003
0.3917
1.03
0.5827
0.48119999999999996
0.2541
0.1533
0.1089
0.09889999999999999
0.1696
0.1639
0.1568
0.1374
0.1121
0.1
0.0989
0.1064
0.0958
0.3468
0.1603
0.14079999999999998
0.1498
0.24080000000000001
0.1848
0.188
0.1894
0.4447
0.2484
0.1678
0.1251
0.12490000000000001
0.1346
0.1476
0.10239999999999999
0.10139999999999999
0.0937
0.0916
0.08810000000000001
0.1032
0.1625
0.6738999999999999
0.6646
0.31579999999999997
0.2788
0.2963
0.35209999999999997
0.26570000000000005
0.2009
0.1709
0.19440000000000002
0.5645
1.0165
0.7014
0.3015
0.21389999999999998
0.1411
0.1138
0.2006
0.1943
0.1902
0.19340000000000002
0.2109
0.3013
0.2946
0.24380000000000002
0.222
0.2688
0.2696
0.2388
0.3187
0.2741
0.3044
0.6304000000000001
0.6316999999999999
0.9111
0.49750000000000005
0.3226
0.2663
0.2414
0.2291
0.2107
0.0527
0.0412
0.0338
0.030699999999999998
0.027200000000000002
0.0286
0.0249
0.0391
0.057999999999999996
0.0673
0.0687
0.154
0.0754
0.0652
0.0848
0.077
0.0528
0.0823
0.0564
0.038
0.0477
0.06620000000000001
0.0779
0.06609999999999999
0.0871
0.1219
0.0433
0.039099999999999996
0.044899999999999995
0.0479
0.46040000000000003
0.2945
0.13240000000000002
0.0755
0.8405
0.1539
0.2752
0.136
0.0865
0.12040000000000001
0.1725
0.35150000000000003
0.5513
0.669
0.3025
0.1473
0.09809999999999999
0.0733
0.0026
0.0
0.0
0.0
0.0
0.0
0.0
0.0
0.0
0.0066
0.0159
0.146
0.0414
0.0228
0.0431
0.0713
0.0407
0.0296
0.1053
0.0634
0.0532
0.0706
0.0907
0.055900000000000005
0.0027
0.0
0.0013
0.0
0.0
0.373
0.1207
0.0117
0.0007
0.028499999999999998
0.1142
0.1126
0.09280000000000001
0.0209
0.1685
0.5348
1.2158
0.0685
0.0539
0.0253
0.0
0.0
0.0
0.0004
0.246
0.2227
0.2184
0.21489999999999998
0.22360000000000002
0.23460000000000003
0.2293
0.5211
0.3079
0.8778
0.3211
0.3238
0.0992
0.0955
0.10450000000000001
0.1501
0.2573
0.3619
0.366
0.1893
0.1755
0.1516
0.1698
0.1943
0.0507
0.0377
0.0318
0.0293
0.03
0.032
0.0395
0.0465
0.049
0.0795
0.11979999999999999
0.1493
0.1473
0.1995
0.1335
0.133
0.18619999999999998
0.30269999999999997
0.35209999999999997
0.20789999999999997
0.2144
0.1871
0.1273
0.0802
0.0067
0.0
0.0042
0.0019
0.0
0.0
0.0107
0.0009
0.1687
0.18259999999999998
1.3954
0.12990000000000002
0.0
0.0
2.0476
0.3961
0.7276
0.4066
0.4141
0.4955
0.2003
0.0491
0.0042
0.0
0.1814
0.1736
0.17120000000000002
0.16849999999999998
0.1693
0.187
0.5416
0.9392
0.316
0.2683
0.2412
0.2434
0.2546
0.25739999999999996
0.2359
0.2494
0.5171
0.5032
0.9918
0.9895
0.7374
0.3539
0.24020000000000002
0.1974
0.0811
0.0661
0.0638
0.063
0.0602
0.0523
0.0513
0.0596
0.051500000000000004
0.0508
0.0246
0.0111
0.008
0.0071
0.0
0.0
0.0008
0.042
0.1804
0.1906
0.13490000000000002
0.1426
0.1731
0.1189
0.188
0.1829
0.181
0.1935
0.2391
0.23609999999999998
0.23559999999999998
0.21650000000000003
0.2067
0.19319999999999998
0.1624
0.1575
0.2064
0.4017
0.3779
0.4135
0.7539
1.0412
1.1071
0.7384
0.8009
0.4009
0.2079
0.1775
0.06
0.0583
0.0534
0.0539
0.0576
0.0809
0.21100000000000002
0.21130000000000002
0.1515
0.2024
0.1173
0.0993
0.1006
0.1006
0.0889
0.0937
0.1413
0.38749999999999996
0.255
0.1837
0.13140000000000002
0.0944
0.06889999999999999
0.0571
0.2029
0.17659999999999998
0.14429999999999998
0.1294
0.1318
0.49560000000000004
0.1904
0.13219999999999998
0.114
0.1133
0.1366
0.114
0.2893
0.24459999999999998
0.5466
0.2784
0.1501
0.9713
0.16570000000000001
0.2245
0.3235
0.33599999999999997
0.2637
0.21589999999999998
0.2661
0.24530000000000002
0.2516
0.2345
0.2437
0.1825
0.14889999999999998
0.1077
0.1295
0.0854
0.6890999999999999
0.0916
0.0771
1.0182
1.2048
0.39080000000000004
0.109
0.0809
0.0564
0.0812
0.1345
0.1903
0.1421
0.1481
0.08310000000000001
0.0713
0.0741
0.0723
0.07039999999999999
0.0778
0.0929
0.1291
0.46099999999999997
0.5861
1.516
0.9592
0.3298
0.28159999999999996
0.38670000000000004
0.6692
2.101
0.7099
0.5131
0.8559
0.776
0.5297000000000001
0.2763
0.14989999999999998
0.0401
0.0412
0.0399
0.0429
0.0407
0.0498
0.08280000000000001
0.17099999999999999
0.5162
0.1864
0.14
0.1245
0.1256
0.1139
0.1216
0.1143
0.1047
0.39099999999999996
1.0845
0.0639
0.0593
0.0374
0.0328
0.0346
0.0025
0.008
0.0005
0.0
0.0078
0.0
0.0
1.8075
0.0612
0.0559
0.0582
0.0619
0.1951
0.1316
0.09580000000000001
1.1916
0.6687
1.636
1.8265
1.6589
1.6244
0.0687
0.0
0.0134
0.0915
0.0747
0.0702
0.0651
0.0539
0.0547
0.0513
0.0682
0.0824
0.5333
0.2007
0.1521
0.1827
0.1721
0.2649
0.6816
1.0496
1.5051999999999999
0.4468
0.2193
0.1637
0.1406
0.1169
0.10439999999999999
0.0587
0.0436
0.0385
0.039
0.0366
0.043
0.0449
0.0728
0.14179999999999998
0.6117
0.12869999999999998
0.1953
0.4612
0.2224
0.2667
0.2118
0.1329
0.1604
0.2455
0.1159
0.1762
0.2254
0.20400000000000001
0.1015
0.0936
0.0898
0.0905
0.087
0.091
0.11299999999999999
0.1819
0.3095
0.1751
0.1372
0.1648
0.3712
0.3941
0.19669999999999999
0.4578
0.38939999999999997
0.5351
0.32430000000000003
0.2304
0.2233
0.2094
0.1514
0.1142
0.09620000000000001
0.033100000000000004
0.0906
0.0395
0.0494
0.0332
0.0035
0.0101
0.048
0.7411
0.953
0.8805999999999999
2.0935
0.3069
0.0
0.0
0.0
0.0034
0.0036
0.0213
0.0174
0.0399
0.3163
0.577
0.2869
0.2593
0.2262
0.2527
0.24869999999999998
0.2251
0.2558
0.3034
1.1482999999999999
1.1428
0.255
0.2014
0.20350000000000001
0.18309999999999998
0.2976
0.8749
1.1455
1.0187
1.8313000000000001
0.86
1.472
0.5001
0.4702
0.35009999999999997
0.2944
0.1985
0.16249999999999998
0.1454
0.1431
0.13740000000000002
0.1362
0.17049999999999998
0.5148
0.1762
0.0738
0.0513
0.0493
0.0529
0.057800000000000004
0.057800000000000004
0.0937
0.7422
0.9161
0.8682
0.3522
0.4219
0.3822
0.3783
0.31779999999999997
0.0005
0.0002
0.004399999999999999
0.0026
0.0035
0.0
0.0169
0.1733
0.2353
0.531
0.2003
0.1974
0.1656
0.1906
0.22039999999999998
0.3161
0.1599
0.1943
0.09709999999999999
0.0681
0.08979999999999999
0.0649
0.0286
0.0068000000000000005
0.019299999999999998
0.017099999999999997
0.013600000000000001
0.0172
0.0177
0.0125
0.0153
0.506
0.2254
0.0821
0.1681
0.07339999999999999
0.07150000000000001
0.0659
0.0461
0.0337
0.0301
0.0926
0.2757
0.5786
0.2481
0.1755
0.0763
0.0264
0.22749999999999998
0.2047
0.19440000000000002
0.18969999999999998
0.1817
0.1704
0.15239999999999998
0.12430000000000001
0.1168
0.0925
0.09570000000000001
0.10719999999999999
0.14650000000000002
0.2118
0.2464
1.0338
0.38839999999999997
0.5281
1.4085
0.5657
0.7844
1.0173
0.5116
0.2948
0.2837
0.23979999999999999
0.2272
0.2266
0.21050000000000002
0.2191
0.263
0.3856
0.441
0.38380000000000003
0.44789999999999996
0.7992999999999999
0.446
0.3667
0.3258
1.3106
0.7224999999999999
0.7356
0.6564
0.6346
0.8428
0.7701
0.6908
0.6669
0.1253
0.114
0.11910000000000001
0.1122
0.1077
0.11729999999999999
0.1368
0.1502
0.344
0.2904
0.4171
0.6911
0.2913
0.2025
0.297
1.0030999999999999
1.1701
0.2037
0.1722
0.18380000000000002
0.18030000000000002
0.1651
0.1444
0.12419999999999999
0.1829
0.1719
0.1621
0.1663
0.19240000000000002
0.2002
0.2383
0.26839999999999997
0.31
0.3801
0.6743
0.1058
0.966
1.7046000000000001
1.4964
0.6053
0.313
0.2362
0.2905
0.493
0.4494
0.5841000000000001
0.4229
0.2455
0.2575
0.08990000000000001
0.0827
0.07819999999999999
0.0675
0.0766
0.0853
0.15999999999999998
0.48
0.5407
1.0048
0.6204000000000001
0.2678
0.1323
0.0964
0.0498
0.1062
0.47659999999999997
0.0769
0.0943
0.1515
0.22870000000000001
0.2261
0.14529999999999998
0.1202
0.1046
0.0995
0.0979
0.09559999999999999
0.10400000000000001
0.11839999999999999
0.15089999999999998
0.22920000000000001
0.26039999999999996
0.34909999999999997
0.3126
0.27290000000000003
0.2859
0.4516
0.27280000000000004
0.2404
0.43679999999999997
0.3285
0.3208
0.37429999999999997
0.3339
0.21689999999999998
0.1429
0.0057
0.0022
0.0042
0.0242
0.0
0.0019
0.0127
0.0569
0.0857
0.138
0.109
0.0382
0.0186
0.050600000000000006
0.10880000000000001
1.1221
3.1487
1.4856
2.0647
1.8883999999999999
3.2295
0.5467
0.0197
0.0721
0.15749999999999997
0.1375
0.12630000000000002
0.11480000000000001
0.1121
0.1134
0.1371
0.1871
0.202
0.28959999999999997
0.38
0.3126
0.2635
0.219
0.1898
0.20800000000000002
0.3554
0.5273
0.33330000000000004
0.3101
0.30810000000000004
2.0143999999999997
1.1484
0.2253
0.059699999999999996
0.0615
0.0621
0.0597
0.0674
0.0843
0.1401
0.1807
0.273
0.3337
0.35950000000000004
0.1157
0.17770000000000002
0.2565
0.35140000000000005
0.3174
0.7965
0.2597
0.1663
0.24159999999999998
0.4612
0.2903
0.0881
0.0511
0.20700000000000002
0.1982
0.19390000000000002
0.19569999999999999
0.1971
0.2235
0.3079
0.3083
0.2629
0.2589
0.2497
0.2659
0.2728
0.27080000000000004
0.2526
0.2621
0.2524
1.2312
1.5771000000000002
0.6249
0.3658
0.2979
0.22870000000000001
0.2042
0.0543
0.05
0.0446
0.0436
0.0402
0.0369
0.0354
0.036500000000000005
0.045200000000000004
0.055999999999999994
0.045899999999999996
0.0344
0.046
0.0655
0.0707
0.0434
0.0224
0.039900000000000005
0.06
0.08399999999999999
0.15000000000000002
0.14379999999999998
0.0905
0.060899999999999996
0.1506
0.1412
0.1397
0.13369999999999999
0.1381
0.1503
0.25570000000000004
0.36560000000000004
0.3194
0.2783
0.22599999999999998
0.2008
0.19469999999999998
0.21089999999999998
0.2061
0.2308
0.5656
0.6975
0.9552
1.5781
0.6191
0.3228
0.1977
0.15810000000000002
0.0869
0.0866
0.0763
0.0314
0.1393
0.2034
0.2267
0.3584
0.7524
1.5192
0.7355
0.2283
1.1967
0.9973000000000001
0.37629999999999997
0.3066
1.2896
1.1648
0.7059
0.7042999999999999
0.351
0.1326
0.0879
0.0799
0.1496
0.1421
0.13579999999999998
0.135
0.135
0.1474
0.1718
0.1512
0.12940000000000002
0.1248
0.1139
0.1087
0.11549999999999999
0.12029999999999999
0.1206
0.126
0.12390000000000001
0.1624
0.19219999999999998
0.22060000000000002
0.21760000000000002
0.21389999999999998
0.1956
0.1654
0.0887
0.0739
0.0668
0.0624
0.0568
0.0615
0.066
0.0872
0.18009999999999998
0.1406
0.1175
0.631
0.1255
0.1079
0.1187
0.12930000000000003
0.6107
0.4606
0.2546
0.32630000000000003
0.40900000000000003
0.29979999999999996
0.2109
0.13240000000000002
0.0322
0.025
0.0196
0.0179
0.0172
0.027200000000000002
0.1315
0.11379999999999998
0.0563
0.0537
0.11560000000000001
0.0688
0.059300000000000005
0.0574
0.0543
0.0372
0.049699999999999994
0.1012
0.0046
0.0144
0.032799999999999996
0.044800000000000006
0.039
0.0246
0.1876
0.21100000000000002
0.2219
0.2203
0.2262
0.26980000000000004
0.3392
0.3863
0.3925
0.26080000000000003
0.3559
0.7334
0.7103
0.4797
0.4666
0.35040000000000004
0.3269
0.638
0.6106
0.5669
0.32489999999999997
0.1768
0.1236
0.13440000000000002
0.109
0.10819999999999999
0.1076
0.1095
0.11449999999999999
0.12969999999999998
0.13829999999999998
0.1401
0.14950000000000002
0.1506
0.1678
0.149
0.1552
0.1626
0.1639
0.17049999999999998
0.1892
0.15439999999999998
0.1799
0.2225
0.1729
0.1298
0.09759999999999999
0.0922
0.1807
0.16720000000000002
0.1615
0.14140000000000003
0.12969999999999998
0.12969999999999998
0.1378
0.1431
0.1728
0.2868
0.3226
0.2154
0.1693
0.2403
0.4161
1.5069
0.611
0.2087
0.135
0.1286
0.15510000000000002
0.19490000000000002
0.22210000000000002
0.1997
0.5425
0.5486
0.6937
0.9005
0.8442000000000001
1.0988
1.7934
1.2318
0.4366
0.35409999999999997
0.3241
0.8514999999999999
2.0596
0.8306
0.6667000000000001
0.5639000000000001
0.585
0.7169
1.1093
1.1855
0.8248
0.4556
0.32020000000000004
0.3182
0.0932
0.0889
0.0917
0.0887
0.0829
0.10819999999999999
0.15439999999999998
0.3282
0.5858
0.21290000000000003
0.0927
0.062
0.064
0.0911
0.1255
0.8365
1.6196000000000002
0.8018000000000001
0.5158
0.6135999999999999
0.28400000000000003
0.1926
0.1265
0.1047
0.043
0.0435
0.059
0.0719
0.058499999999999996
0.027899999999999998
0.0123
0.0137
0.0199
0.03
0.0126
0.0
0.003
0.0
0.0
0.0
0.0134
0.0077
0.016
0.0344
0.0011
0.0
0.0126
0.0156
0.0175
0.0023
0.0
0.0016
0.0
0.0
0.0
0.0104
0.024900000000000002
0.0523
0.0508
0.0998
0.1283
0.18680000000000002
0.12580000000000002
0.047
0.5037
0.3256
0.468
0.2773
0.14800000000000002
0.101
0.0638
0.0345
0.0212
0.0213
0.0408
0.0117
0.0195
0.0038
0.0683
0.1513
0.368
0.6805
1.4384000000000001
2.1447000000000003
2.5979
0.5675
0.20850000000000002
0.16670000000000001
0.2722
0.211
1.5115
1.0705
0.0
0.0
0.0083
0.0001
0.12329999999999999
0.1
0.1007
0.10880000000000001
0.0922
0.1159
0.1466
0.5453
0.8587
0.2173
0.183
0.2276
0.4317
0.3723
0.5587
0.9554
1.4180000000000001
1.2747
0.5025
0.7498
0.5984
0.5347
0.9445
0.5702
0.16620000000000001
0.1501
0.1411
0.1374
0.12919999999999998
0.1316
0.1368
0.14989999999999998
0.1295
0.11610000000000001
0.0985
0.10200000000000001
0.5789
0.41469999999999996
0.1809
0.14400000000000002
0.9466
0.46209999999999996
0.3463
0.5832
0.3181
0.26680000000000004
0.2457
0.2143
0.27390000000000003
0.215
0.279
0.4363
0.29359999999999997
0.148
0.1313
0.077
0.0698
0.0484
0.098
0.0416
0.1548
2.1631
1.1276
0.1888
0.3096
0.4022
0.4361
1.0098
2.0465
0.2803
0.2484
0.19
0.2661
0.19030000000000002
0.173
0.1588
0.1526
0.138
0.1315
0.10519999999999999
0.0811
0.1193
0.2822
0.2965
0.0921
0.08130000000000001
0.061
0.0747
0.0832
0.0799
0.0867
0.057800000000000004
0.0796
0.0938
0.1442
0.1653
0.2074
0.1894
0.175
0.1749
0.17320000000000002
0.1381
1.4602
1.8787
0.7522
0.8196
0.3143
0.2288
0.2258
0.1978
0.2005
0.2605
0.5737
0.7762
1.9464000000000001
0.6069
0.5413
0.6305000000000001
0.47320000000000007
0.30210000000000004
0.029400000000000003
0.0046
0.022199999999999998
0.034
0.0339
0.0547
0.08310000000000001
0.106
0.1215
0.10139999999999999
0.37220000000000003
0.1228
0.5014000000000001
1.9285
0.9299000000000001
0.115
0.35869999999999996
0.4115
0.18769999999999998
0.07
0.0068
0.0
0.0
0.007599999999999999
0.0194
0.0049
0.0014
0.0
0.0
0.0
0.0
0.0
0.0
0.0
0.0
0.0
0.003
0.2225
0.0015
0.0
0.0
0.0356
0.045700000000000005
0.04190000000000001
0.066
0.0921
0.0856
0.0504
0.15710000000000002
0.1565
0.1516
0.12380000000000001
0.11280000000000001
0.1114
0.11549999999999999
0.1259
0.1346
0.1354
0.15410000000000001
0.1921
0.2573
0.2288
0.47150000000000003
0.1875
0.1572
0.1745
1.0267
0.4478
0.3221
0.2259
0.1915
0.17020000000000002
0.182
0.17370000000000002
0.1641
0.1598
0.1651
0.19030000000000002
0.4358
0.46519999999999995
0.33909999999999996
0.7493000000000001
0.2532
0.2141
0.21760000000000002
0.2289
0.23720000000000002
0.25370000000000004
0.3582
0.345
0.3418
0.3739
0.3536
0.3422
0.3159
0.2198
0.06770000000000001
0.06609999999999999
0.0711
0.0741
0.0843
0.1642
0.35740000000000005
0.129
0.0716
0.054099999999999995
0.045399999999999996
0.041800000000000004
0.0521
0.0581
0.0736
0.1071
0.10930000000000001
0.1543
0.1602
0.12719999999999998
0.1194
0.08310000000000001
0.060200000000000004
0.055499999999999994
0.1067
0.0988
0.0968
0.09670000000000001
0.101
0.10700000000000001
0.1853
0.241
0.1348
0.28459999999999996
0.1108
0.0794
0.06609999999999999
0.06720000000000001
0.0641
0.0769
0.0739
0.0823
0.0998
0.0839
0.0772
0.0882
0.0942
0.0932
0.1804
0.1609
0.15289999999999998
0.1378
0.1248
0.1061
0.0785
0.060200000000000004
0.0569
0.0595
0.0428
0.5877
0.0537
0.2551
0.0458
0.1158
0.1423
0.0607
0.25129999999999997
0.12310000000000001
0.4621
0.1626
0.1273
0.1568
0.10819999999999999
0.1101
0.1031
0.1022
0.10519999999999999
0.1372
0.2389
0.5732999999999999
0.6099
0.6334
0.36219999999999997
0.38649999999999995
0.237
0.1946
0.1604
0.1622
0.2554
0.5388
0.6201
0.4647
0.2734
0.1422
0.1003
0.09809999999999999
0.17159999999999997
0.157
0.1478
0.14629999999999999
0.1422
0.1467
0.1594
0.1773
0.243
0.2417
0.17459999999999998
0.1961
0.22260000000000002
0.2158
0.2033
0.1742
0.5318
0.3156
0.3383
0.2871
0.42869999999999997
0.403
0.32530000000000003
0.22010000000000002
0.08399999999999999
0.0848
0.0843
0.0833
0.0985
0.12010000000000001
0.27590000000000003
0.3781
0.2606
0.38739999999999997
0.14029999999999998
0.1054
0.1054
0.0986
0.5563
0.6768
0.49050000000000005
1.7044000000000001
0.5002
0.252
0.13879999999999998
0.1236
0.09129999999999999
0.0873
0.0938
0.0718
0.0609
0.0579
0.0504
0.054400000000000004
0.057
0.0563
0.0431
0.0731
0.1352
0.6828
0.44179999999999997
0.23809999999999998
0.2953
0.36970000000000003
0.3035
1.8571
0.3889
0.43310000000000004
0.5825
0.3196
0.235
0.1592
0.0
0.0
0.0
0.0
0.0
0.0
0.0
0.0
0.0421
0.8243
0.1436
0.0169
1.4209
0.1374
0.3033
0.35619999999999996
0.054099999999999995
0.004
0.0
0.0102
0.0558
0.0975
0.07150000000000001
0.0153
0.045700000000000005
0.0426
0.0371
0.025500000000000002
0.0634
0.2365
0.3426
0.2863
0.2779
0.6366
0.6054
1.2598
0.9526999999999999
0.0182
0.015
0.0374
0.06760000000000001
0.0922
0.1794
0.5726
0.0
0.018099999999999998
0.0324
0.0116
0.1449
0.1329
0.1348
0.1371
0.1432
0.1587
0.2021
0.24609999999999999
0.281
0.2996
0.2671
0.22110000000000002
0.22870000000000001
0.27349999999999997
0.8216000000000001
0.6447
0.6819999999999999
1.2463
1.0407000000000002
1.0747
1.3771
0.3135
0.1812
0.1484
0.1951
0.1116
0.1053
0.1139
0.1152
0.1261
0.1161
0.16570000000000001
0.2537
0.3907
0.185
2.4161
0.923
0.8257
0.1897
0.1817
0.39940000000000003
1.5529000000000002
0.512
0.249
0.4181
0.632
0.722
0.4876
0.16
0.1383
0.1276
0.1267
0.1256
0.1179
0.1835
0.5803
0.15639999999999998
0.1664
0.1947
0.3665
0.2599
0.2117
0.4617
0.3963
0.29410000000000003
1.2774999999999999
0.4273
0.2922
0.2923
0.2642
0.2336
0.19640000000000002
0.1665
0.1655
0.1602
0.15760000000000002
0.1693
0.3947
0.35
0.2803
0.27649999999999997
0.26570000000000005
0.3903
0.21760000000000002
0.3185
0.279
0.2343
0.199
0.4569
0.38939999999999997
0.2165
0.3811
0.3805
0.38980000000000004
0.27340000000000003
0.1861
0.0607
0.0579
0.0528
0.0596
0.0586
0.07189999999999999
0.12840000000000001
0.19519999999999998
0.1679
0.1487
0.1585
0.41059999999999997
0.235
0.1739
0.2397
0.29059999999999997
0.1782
0.203
0.44120000000000004
0.2692
0.5549
0.2006
0.1105
0.0718
0.19469999999999998
0.1684
0.1608
0.15910000000000002
0.1361
0.1401
0.1505
0.1526
0.2304
0.4575
0.602
0.6344000000000001
0.1903
0.1966
0.8723000000000001
0.3623
0.24169999999999997
0.27649999999999997
0.6232
0.849
0.2754
0.3164
0.3184
0.2541
0.1182
0.1124
0.1172
0.1162
0.1169
0.13190000000000002
0.199
0.3085
0.2086
0.1501
0.1176
0.0803
0.0875
0.0885
0.1089
1.0706
0.9781
0.6995
0.5133000000000001
0.6337999999999999
0.8656
0.259
0.13790000000000002
0.1156
0.3388
0.2979
0.2784
0.26839999999999997
0.26280000000000003
0.2645
0.27170000000000005
0.3488
0.4985
0.4429
0.4317
0.349
0.29969999999999997
0.29910000000000003
0.3901
0.8424
0.6894
0.8175
0.744
0.4377
0.4115
0.4094
0.6134999999999999
0.5167
0.06459999999999999
0.0468
0.057499999999999996
0.0509
0.051000000000000004
0.057499999999999996
0.0738
0.1068
0.16010000000000002
0.2903
0.5192
1.0201
0.5132
0.7802
0.4788
0.9727
0.7902
0.44930000000000003
0.5493
0.4597
0.3015
0.2104
0.1348
0.0897
0.1037
0.0707
0.10469999999999999
0.1037
0.078
0.1
0.1404
1.2829000000000002
0.44229999999999997
0.12890000000000001
0.089
0.0562
0.144
0.2724
0.5166999999999999
1.1402999999999999
2.0664
0.4498
0.1452
0.13190000000000002
1.1828
0.47050000000000003
0.3594
0.5153
0.0385
0.0276
0.024599999999999997
0.0236
0.0241
0.0127
0.089
0.11460000000000001
0.0
0.0
0.0035
0.0
0.0
0.0
0.0
0.0
0.0121
0.0089
0.1129
0.0548
0.0201
0.0405
0.0636
0.0563
0.0092
0.0376
0.0206
0.0331
0.0166
0.0
0.0
0.0
0.0
0.0
0.0
0.0
0.0023
0.2036
0.0
0.0
0.0
0.0
0.063
0.0837
0.051199999999999996
0.0269
0.0069
0.0
0.6705000000000001
0.5495
0.5215000000000001
0.4877
0.4341
0.4292
0.4268
0.4472
0.4667
0.7082999999999999
0.6973
1.3098
0.8747
0.9122
0.8114
1.1851
1.3753
0.6846000000000001
0.5624
0.4929
0.4708
0.4442
0.49169999999999997
0.6897
0.0555
0.0649
0.05450000000000001
0.0492
0.22010000000000002
0.2596
0.2617
0.3016
0.4219
0.42769999999999997
0.9317
0.1499
0.1323
0.469
0.6825
0.4686
0.8489
0.4663
0.6465
0.9982
0.2187
0.0928
0.0471
0.0644
0.17220000000000002
0.1611
0.1818
0.1743
0.1768
0.2242
0.30269999999999997
0.3634
0.3618
0.2182
0.2103
0.2932
0.6920999999999999
0.9243
0.6264000000000001
1.3517000000000001
0.718
0.7862
0.3943
0.4195
0.42110000000000003
0.2251
0.1648
0.15489999999999998
0.1037
0.0914
0.0891
0.0932
0.0953
0.10289999999999999
0.2851
1.268
0.083
0.0865
0.08729999999999999
0.10250000000000001
0.1079
0.1036
0.1026
0.1139
0.2044
0.9238000000000001
1.0588
0.3274
0.37929999999999997
0.16999999999999998
0.11829999999999999
0.1085
0.0875
0.0754
0.0664
0.0626
0.0616
0.1007
0.17930000000000001
0.0956
0.0663
0.0714
0.10439999999999999
0.0755
0.0907
0.0658
0.0508
0.0448
0.0401
0.1617
0.1502
0.11779999999999999
0.13190000000000002
0.11330000000000001
0.0945
0.0758
0.0797
0.093
0.0865
0.099
0.1169
0.1573
0.1776
0.3424
0.2107
1.5414
0.0088
0.0577
0.0205
0.0154
0.0
0.30810000000000004
0.1268
0.095
0.23909999999999998
0.0
0.0
0.0
0.0
0.0
0.49420000000000003
0.3748
0.3131
0.27049999999999996
0.3514
0.7916
0.638
0.38870000000000005
0.3248
0.23099999999999998
0.4336
0.1683
0.2004
0.2392
0.2719
0.1459
0.16820000000000002
0.17909999999999998
0.0942
0.0982
0.1639
0.37629999999999997
0.2731
0.2263
0.17830000000000001
0.1619
0.15710000000000002
0.1578
0.1636
0.18009999999999998
0.1566
0.1175
0.0964
0.1068
0.1311
0.1094
0.0968
0.1013
0.1099
0.14200000000000002
0.14400000000000002
0.12410000000000002
0.1459
0.14479999999999998
0.134
0.1452
0.15910000000000002
0.1599
0.0359
0.0314
0.0305
0.031
0.0375
0.0885
0.5687
0.0252
0.0
0.0
0.0
0.0
0.0
0.0
0.0
0.0
0.6001
0.9798
0.7423
0.5518000000000001
0.2223
0.1498
0.101
0.07289999999999999
0.0803
0.0751
0.0812
0.0745
0.07730000000000001
0.0956
0.1353
0.1835
0.3025
0.2419
0.5938
0.46819999999999995
0.2142
0.20600000000000002
0.406
1.3696
0.46190000000000003
0.2547
0.3093
0.28400000000000003
0.17709999999999998
0.10600000000000001
0.07189999999999999
0.07200000000000001
0.0465
0.062299999999999994
0.0538
0.057499999999999996
0.0443
0.0677
0.0938
0.4883
2.1431
0.6096
0.18919999999999998
0.0839
0.0817
0.0947
0.0596
0.0816
1.3826
0.5092
1.5268
1.5006
0.5087999999999999
0.2115
0.1068
0.0675
0.059800000000000006
0.0586
0.0596
0.060300000000000006
0.068
0.0847
0.1066
0.12279999999999999
0.1147
0.1013
0.11460000000000001
0.1643
0.2385
0.2123
0.2898
0.2145
0.2489
0.22710000000000002
0.1158
0.1037
0.0829
0.0463
0.0408
0.042800000000000005
0.0542
0.0523
0.050199999999999995
0.054
0.063
0.087
0.1094
0.0978
0.0978
0.2639
0.10550000000000001
0.0774
0.1269
0.11080000000000001
0.1305
0.2685
0.1338
0.1232
0.1298
0.0985
0.060399999999999995
0.0468
0.048299999999999996
0.0469
0.0726
0.048799999999999996
0.087
0.0736
0.08940000000000001
0.09570000000000001
0.1244
1.8452
0.9864
0.0
0.0
0.0381
0.0064
0.0
0.0032
0.006
0.4997
0.6349
0.6471
0.11779999999999999
0.1151
0.0101
0.0
0.0101
