0.15760000000000002
0.11810000000000001
0.1297
0.1097
0.08829999999999999
0.08829999999999999
0.09240000000000001
0.07150000000000001
0.20140000000000002
0.7646000000000001
0.1355
0.1433
0.10239999999999999
0.082
0.714
0.1928
0.1531
0.1785
0.8009
0.42579999999999996
0.3044
0.3301
0.4168
0.2713
0.1931
0.1814
0.1742
0.1674
0.1602
0.1732
0.1868
0.2158
0.2276
0.33599999999999997
0.3129
0.218
0.24609999999999999
0.4872
0.4185
0.5940000000000001
1.1124
0.38749999999999996
0.42969999999999997
0.4675
0.38949999999999996
0.39480000000000004
0.3433
0.24720000000000003
0.0973
0.0866
0.15339999999999998
0.128
0.0975
0.12340000000000001
0.1603
0.1549
0.6011000000000001
1.0736
1.4129999999999998
0.9174
0.063
0.0947
0.3734
0.1503
0.1529
0.1733
0.2597
0.093
0.0084
0.0054
0.0174
0.024399999999999998
0.0917
0.0793
0.0663
0.06709999999999999
0.051699999999999996
0.057
0.06309999999999999
0.0527
1.464
0.2336
0.0126
0.0
0.0
0.0
0.0
0.0269
0.2449
0.9783
0.9278
0.0446
0.1297
0.2605
0.3164
0.1833
0.1447
0.1331
0.12580000000000002
0.126
0.1323
0.1864
0.22260000000000002
0.1528
0.1308
0.1346
0.1333
0.1253
0.20879999999999999
0.1779
0.1972
0.322
0.4361
0.249
0.2219
0.565
0.5216000000000001
0.2429
0.1905
0.1608
0.074
0.063
0.0621
0.0669
0.0635
0.0746
0.1171
0.1749
0.2974
0.3687
0.3307
0.2113
0.4451
0.40159999999999996
0.6176999999999999
0.19290000000000002
0.1634
0.2782
0.9228
0.2998
0.2054
0.1261
0.0882
0.0703
0.2974
0.30110000000000003
0.3161
0.4162
0.5416000000000001
0.6627000000000001
0.5828
0.4697
0.42879999999999996
0.3792
0.39139999999999997
0.3665
0.4203
0.4352
0.4847
1.1525
0.6440999999999999
0.8715999999999999
1.8718
2.4583
2.0022
0.32789999999999997
0.3117
0.26
0.0113
0.0196
0.0255
0.0241
0.0291
0.0487
0.0303
0.0235
0.17470000000000002
0.1942
0.8341000000000001
1.4214
1.4961
0.5452
0.694
0.2904
0.3392
0.5112
0.1173
1.1573
0.9673
0.3806
0.07919999999999999
0.0028
0.5394
0.4426
0.42910000000000004
0.3792
0.37260000000000004
0.3669
0.37339999999999995
0.38239999999999996
0.3861
0.39680000000000004
0.5177
0.6768000000000001
1.6647
2.2469
1.1506
0.9590000000000001
0.7805
0.5991
0.7282
0.7746
0.713
0.7534
0.9524
0.8221
0.021
0.0019
0.0
0.0017
0.0
0.0
0.0
0.0
0.0727
0.5237
0.0
0.0
0.0
0.0
0.0
0.0
0.0
0.0
0.5761
0.9260999999999999
1.0439
0.5921
0.2454
0.043699999999999996
0.0569
0.0485
0.0569
0.054000000000000006
0.0532
0.0648
0.0981
0.11080000000000001
0.11460000000000001
0.1916
0.1577
0.11150000000000002
0.0842
0.1303
0.22410000000000002
1.3298
0.8388
0.3317
0.7598
0.8577
0.3338
0.1719
0.061
0.0591
0.1367
0.1281
0.12279999999999999
0.122
0.1232
0.1347
0.1703
0.2128
0.2005
0.2074
0.2091
0.21089999999999998
0.1609
0.16599999999999998
0.1543
0.1713
0.2049
0.2154
0.27480000000000004
0.2603
0.277
0.2593
0.19369999999999998
0.1558
0.2444
0.1974
0.1807
0.1831
0.17980000000000002
0.19790000000000002
0.2682
0.3983
0.4516
0.455
0.6055999999999999
2.2919
1.0162
0.4018
0.5389
0.7723
0.4141
0.4579
0.526
0.4073
0.4438
0.5982000000000001
0.7652
0.551
2.5694999999999997
2.9708
0.3821
0.199
0.18059999999999998
0.1844
0.2187
0.4124
0.6547000000000001
0.5707
0.4337
0.4796
0.5571999999999999
0.302
0.1523
0.1008
0.0798
0.0884
0.053599999999999995
2.0379
1.6248
1.3515000000000001
1.8481
1.198
0.18009999999999998
0.1321
0.111
0.1021
0.09
0.0935
0.1
0.1095
0.1296
0.1651
0.3557
0.6491
0.3966
1.0093
0.3288
0.27990000000000004
0.3408
1.1748
0.3899
0.6113
1.4073
1.6225
1.1658
0.4137
0.0878
0.0832
0.07930000000000001
0.0829
0.0781
0.0819
0.1078
0.1281
0.195
0.6021
0.1487
0.10919999999999999
0.1324
0.1653
0.7047
0.2042
0.1538
0.2564
0.4928
0.30670000000000003
0.1647
0.1197
0.0945
0.08410000000000001
0.0
0.0
0.0
0.0069
0.0118
0.0023
0.0
0.0
0.3518
0.9344
0.6417
0.5196999999999999
0.487
0.1404
0.7132000000000001
2.2441
0.3221
0.0927
0.0431
0.1451
0.20090000000000002
0.2844
0.27649999999999997
0.0518
0.27090000000000003
0.2389
0.2203
0.2155
0.2082
0.21610000000000001
0.2711
0.2788
0.2205
0.1804
0.1616
0.14550000000000002
0.1556
0.1585
0.45299999999999996
0.614
1.0335
0.6693
0.6228
0.7779
0.7489
0.4136
0.3169
0.27559999999999996
0.1392
0.1538
0.154
0.15050000000000002
0.1473
0.1522
0.1628
0.18309999999999998
0.3659
0.2379
0.1385
0.16349999999999998
0.1583
0.17099999999999999
0.16720000000000002
0.1273
0.19619999999999999
1.1015
0.1907
0.2851
0.6372
0.26589999999999997
0.1477
0.1362
0.0391
0.0417
0.039
0.034199999999999994
0.0387
0.0427
0.078
0.2755
0.2627
0.5514
0.4777
0.5682
0.1484
0.0794
0.0487
0.0402
0.0562
0.6363000000000001
0.3042
0.2434
0.2988
0.21039999999999998
0.0931
0.0445
0.0702
0.1377
0.13490000000000002
0.1011
0.0806
0.0932
0.1262
0.10880000000000001
0.3558
0.09720000000000001
0.0479
0.0477
0.0187
0.0429
0.0822
0.049199999999999994
0.2075
1.1558
0.2787
0.5138
0.0936
0.0545
0.0376
0.04869999999999999
0.3554
0.3204
0.2501
0.1673
0.12869999999999998
0.1261
0.1345
0.15289999999999998
0.1699
0.2084
0.2863
0.26049999999999995
0.2982
0.2502
0.2231
0.2249
0.2274
0.2017
0.6398
0.2333
0.2137
0.22249999999999998
0.2197
0.2081
0.2212
0.2248
0.2308
0.2401
0.22920000000000001
0.20579999999999998
0.1739
0.1417
0.09770000000000001
0.0753
0.055400000000000005
0.0427
0.0381
0.0442
0.067
0.1338
0.33240000000000003
0.6648000000000001
0.5449
0.48419999999999996
0.2781
0.31930000000000003
0.37360000000000004
0.2478
0.1321
0.1169
0.118
0.1127
0.1126
0.1237
0.1444
0.1719
0.28759999999999997
0.2496
0.19390000000000002
0.1594
0.2026
0.1999
1.0476
0.2904
0.3564
0.2676
0.2349
0.2922
0.2865
0.2794
0.2247
0.1604
0.08810000000000001
0.07680000000000001
0.0707
0.0682
0.0679
0.075
0.1272
0.1755
0.087
0.0872
0.15660000000000002
0.1256
0.115
0.1005
0.1013
0.1404
0.1806
0.1099
0.1207
0.1501
0.1408
0.15139999999999998
0.1522
0.12259999999999999
0.1015
0.0932
0.1081
0.1101
0.1127
0.1229
0.1553
0.0827
0.048
0.1372
0.026299999999999997
0.021
0.0275
0.0432
0.07289999999999999
0.18530000000000002
0.0843
0.0189
0.5486
0.3831
0.35350000000000004
0.25570000000000004
0.2283
0.158
0.136
0.1333
0.1407
0.13419999999999999
0.13490000000000002
0.2
0.6328
0.7217
0.47350000000000003
1.6077
0.8031999999999999
0.3568
0.27
0.32620000000000005
1.7839
0.35860000000000003
0.2285
0.3368
0.5457000000000001
0.30279999999999996
0.2921
0.2133
0.1438
0.1394
0.043800000000000006
0.0425
0.0372
0.0373
0.0386
0.0432
0.0674
0.1038
0.2281
0.428
0.4025
0.6703
0.2009
0.18030000000000002
0.2026
0.2169
0.17220000000000002
0.2085
0.39390000000000003
0.3365
0.2178
0.1389
0.0648
0.044700000000000004
0.096
0.0948
0.0922
0.0925
0.1034
0.1511
0.541
0.5432
0.4151
0.35919999999999996
0.2837
0.2514
0.2366
0.26549999999999996
0.25129999999999997
0.2666
0.5947
0.7464
0.486
0.3095
0.2091
0.12329999999999999
0.09129999999999999
0.095
0.24259999999999998
0.2168
0.2344
0.23099999999999998
0.2871
0.3315
0.43779999999999997
0.5959
0.7542
0.5911
1.1041
0.5467
1.0987
1.6392
0.9651000000000001
1.5193
1.343
0.7111000000000001
1.2058
1.8251
0.5223
0.2693
0.2135
0.21589999999999998
0.134
0.1192
0.1129
0.1116
0.10880000000000001
0.1185
0.13790000000000002
0.1747
0.22110000000000002
0.2329
0.2841
0.7247
0.5561
0.8938999999999999
0.4064
0.44210000000000005
0.7805000000000001
0.2764
0.264
0.3185
0.36660000000000004
0.3751
0.29869999999999997
0.2001
0.0882
0.11510000000000001
0.08360000000000001
0.0373
0.06609999999999999
0.0992
0.0595
1.3969999999999998
1.2836999999999998
0.3187
0.051000000000000004
0.0793
0.0198
0.042
0.0673
0.045
0.1544
0.6354
1.5809
0.5998
1.6118
1.631
0.7884
0.1725
0.0503
0.0361
0.0313
0.0276
0.027200000000000002
0.0293
0.0313
0.0409
0.0566
0.0933
0.1289
0.2036
0.1212
0.1704
0.2344
0.18309999999999998
0.1634
0.1725
0.1419
0.1362
0.14839999999999998
0.1547
0.1235
0.0806
0.2371
0.2096
0.19490000000000002
0.1913
0.184
0.1853
0.194
0.2234
0.4001
0.7511
0.5083
0.5471
0.4228
0.3866
0.5253
0.4547
0.4238
0.8125
0.4357
0.4218
0.41090000000000004
0.4135
0.4263
0.33089999999999997
0.0968
0.0699
0.0653
0.0606
0.059899999999999995
0.0641
0.0684
0.0892
0.1022
0.1074
0.1119
0.1609
0.3964
0.7484
0.3316
0.4371
0.4555
0.8561
1.0237
0.45420000000000005
0.2721
0.244
0.20829999999999999
0.1563
0.1212
0.0391
0.0707
0.1456
0.1333
0.0995
1.0329000000000002
0.9873999999999999
0.0
0.0
0.0
0.0
0.0
0.0
0.0
0.0
0.0
2.1507
3.8186
1.9211
1.9069
0.2671
0.152
0.1052
0.1885
0.1319
0.1526
0.12890000000000001
0.1452
1.2751000000000001
0.6588
0.27249999999999996
0.2333
0.2233
0.2553
0.2883
0.39139999999999997
0.5172
0.9934000000000001
1.6464
0.4468
1.5953
0.5023
0.4556
1.0796999999999999
0.41759999999999997
0.2185
0.2006
0.1415
0.1382
0.13269999999999998
0.12830000000000003
0.12719999999999998
0.14329999999999998
0.16499999999999998
0.2723
0.6293
0.42510000000000003
0.476
0.1901
0.138
0.1424
0.1328
0.1538
0.3342
0.3392
0.4117
0.3789
0.32789999999999997
0.2296
0.15489999999999998
0.1375
0.14250000000000002
0.123
0.1127
0.1113
0.1071
0.1101
0.1355
0.2612
0.1531
0.1202
0.1015
0.1194
0.1074
0.09970000000000001
0.094
0.11730000000000002
0.4528
0.3412
0.2974
0.2575
0.3574
0.26990000000000003
0.2236
0.1839
0.1086
0.10070000000000001
0.089
0.0809
0.0765
0.0785
0.1048
0.1592
0.21960000000000002
0.2736
0.5666
0.2904
0.4447
1.224
0.7464
1.0473
1.2254
0.5395000000000001
1.3243999999999998
1.8221
1.9205
0.9269
0.2051
0.1256
0.1873
0.1503
0.11960000000000001
0.1563
0.38180000000000003
0.308
0.0849
0.0874
0.0504
0.0323
0.02
0.0317
1.1455
0.1381
0.0691
0.3122
0.4131
0.1965
1.4666
0.8142
0.381
0.16210000000000002
0.1497
0.1537
0.0905
0.08879999999999999
0.0861
0.092
0.09570000000000001
0.11810000000000001
0.1249
0.13990000000000002
0.1377
0.18489999999999998
0.0839
0.10669999999999999
0.4066
0.326
0.1351
0.1243
0.3936
0.15960000000000002
0.1799
0.7928
0.17720000000000002
0.11660000000000001
0.09609999999999999
0.0863
0.1144
0.10900000000000001
0.1864
0.18030000000000002
0.3044
1.1941
1.1029
0.9578
0.6475
0.1753
0.2772
0.34309999999999996
0.2678
0.33640000000000003
1.2814
2.5507
1.6769
0.9652000000000001
2.3152
0.9283
0.2987
0.1502
0.0854
0.1202
0.060899999999999996
0.0349
0.028300000000000002
0.0266
0.0262
0.0281
0.0284
0.0305
0.038599999999999995
0.0646
0.1123
0.1573
0.1006
0.2691
0.1396
0.08
0.0783
0.1477
0.178
0.1724
0.23659999999999998
0.495
0.3651
0.1354
0.1311
0.12260000000000001
0.1348
0.1318
0.1241
0.1519
0.2015
0.2584
0.5815
0.1738
0.1402
0.2207
0.7577
0.34409999999999996
0.9234
0.5008
0.9033
0.6629
0.2898
0.4868
0.3601
0.20950000000000002
0.1521
0.12140000000000001
0.1483
0.1145
0.1236
0.1195
0.1015
0.1128
0.1313
0.19019999999999998
0.2925
0.4615
0.8262999999999999
0.6893
0.3913
0.8305
1.7876
0.7907
1.2655
0.5482
0.5868
0.9388000000000001
0.6854
0.5346
0.3912
0.23009999999999997
0.0588
0.054400000000000004
0.0516
0.0466
0.0572
0.0688
0.1131
0.1278
0.0973
0.161
0.15189999999999998
0.1053
0.14989999999999998
0.1062
0.0829
0.0973
0.4109
0.4357
0.4619
0.6804
0.401
0.4294
0.2991
0.10490000000000001
0.0052
0.0
0.0182
0.0313
0.0008
0.0065
0.0
0.0
0.0117
0.0259
0.0257
0.0381
0.109
2.319
0.7053
0.2612
0.5102
1.1769
0.6682
0.8732
0.7573
1.0367
0.5956
0.028399999999999998
0.0
0.0033
0.0
0.0
0.0017
0.0411
0.0
0.0
0.655
0.395
1.3704999999999998
1.5353999999999999
0.2949
0.0953
0.19519999999999998
0.2312
1.7157
0.2521
0.05
0.1244
0.5533
0.9082
0.2324
0.0
0.1897
0.1345
0.1273
0.12190000000000001
0.1027
0.1018
0.10819999999999999
0.1245
0.1543
0.1837
0.2229
0.25
0.3098
0.39880000000000004
1.4067
1.1286
1.2101000000000002
2.2722
1.2167
1.221
2.4132
1.7066
0.9775
0.38020000000000004
0.7418
0.3982
0.3211
0.32020000000000004
0.3297
0.3293
0.37770000000000004
0.40349999999999997
1.8331
0.19669999999999999
0.1473
0.1857
0.1721
0.1649
0.16249999999999998
0.1604
0.2146
0.2929
0.3661
1.0206
0.28700000000000003
0.19269999999999998
0.121
0.08879999999999999
0.4003
0.4698
0.5174
0.482
0.41910000000000003
0.4124
0.44830000000000003
0.5202
0.6442
0.9339
0.8593999999999999
0.5472
0.9361999999999999
1.1149
0.5513
0.4132
0.39749999999999996
0.5129
0.9314
0.6545000000000001
0.5656
0.478
0.394
0.3436
0.25379999999999997
0.1956
0.16949999999999998
0.17099999999999999
0.17149999999999999
0.19269999999999998
0.19619999999999999
0.894
0.46929999999999994
1.1458
0.4485
0.0735
0.113
0.1142
0.1347
0.1156
0.0761
0.0476
0.0266
0.0348
0.007299999999999999
0.0179
0.12689999999999999
0.6298
0.051500000000000004
0.039400000000000004
0.0322
0.0274
0.0225
0.0279
0.0314
0.0282
0.025500000000000002
0.0341
0.0634
0.21910000000000002
0.048799999999999996
0.3199
0.0591
0.0504
0.0778
0.1471
0.0727
0.0882
0.0764
0.054099999999999995
0.0426
0.0412
0.15389999999999998
0.146
0.1422
0.1391
0.13440000000000002
0.1511
0.2334
0.519
0.1963
0.1839
0.1527
0.1185
0.12240000000000001
0.12079999999999999
0.13390000000000002
0.1643
0.7983
0.27349999999999997
0.4441
0.34109999999999996
0.2447
0.2499
0.2378
0.19490000000000002
0.1706
0.1605
0.16820000000000002
0.1855
0.2797
0.623
0.33599999999999997
0.2167
0.1895
0.23110000000000003
0.17830000000000001
0.13069999999999998
0.1341
0.1392
0.1608
0.48
0.2816
0.3328
0.4765
0.237
0.222
0.2586
0.23870000000000002
0.1958
0.1426
0.1492
0.1535
0.1434
0.14
0.1597
0.2198
0.2853
0.34619999999999995
0.41100000000000003
0.3492
0.3109
0.2772
0.3054
0.3617
1.267
1.7827000000000002
1.7799
1.9897
1.4595
0.3425
0.2565
0.1609
0.1501
0.042800000000000005
0.038900000000000004
0.033299999999999996
0.0348
0.033
0.032
0.0414
0.1202
0.4993
0.3094
0.2388
0.125
0.1191
0.1357
0.1659
0.22510000000000002
0.3217
0.8951
0.3798
0.2545
0.2348
0.23020000000000002
0.156
0.06999999999999999
0.031100000000000003
0.0161
0.0115
0.0165
0.0144
0.0137
0.0204
0.0238
0.0199
0.0169
0.0164
0.022199999999999998
0.061
0.1953
0.32789999999999997
0.4073
0.12129999999999999
0.3878
0.4821
0.2612
0.23670000000000002
0.1627
0.10200000000000001
0.0499
0.0487
0.0339
0.0267
0.0262
0.0249
0.0187
0.0242
0.0393
0.0489
0.24070000000000003
0.0653
0.1429
0.2431
0.20600000000000002
0.11760000000000001
0.0825
0.318
0.5385
0.5214
0.1449
0.12359999999999999
0.13040000000000002
0.1123
0.0864
0.0747
0.0665
0.0637
0.0636
0.0655
0.0822
0.1134
0.132
0.14100000000000001
0.1879
0.1792
0.1437
0.2324
0.19140000000000001
0.1992
0.32189999999999996
0.2935
0.2979
0.6575
0.5026
0.3726
0.42700000000000005
0.2873
0.126
0.0
0.0042
0.016
0.0093
0.012199999999999999
0.0029
0.0
0.6819
0.5969
1.0926
0.473
0.0272
0.0446
0.060399999999999995
0.1086
1.1282
1.2327
0.25470000000000004
0.1613
0.2378
0.2419
0.1653
0.0682
0.0487
0.14250000000000002
0.1352
0.1279
0.12290000000000001
0.1086
0.09459999999999999
0.0876
0.086
0.121
0.7998
0.12109999999999999
0.2112
0.08399999999999999
0.0424
0.006
0.0007
0.0233
0.0521
0.09129999999999999
0.2607
0.3609
0.2669
0.27890000000000004
0.22469999999999998
0.1884
0.23009999999999997
0.17520000000000002
0.176
0.16570000000000001
0.1752
0.2187
0.2478
0.2596
0.155
0.1409
0.08979999999999999
0.1038
0.11699999999999999
0.126
0.1121
0.1139
0.1627
0.1258
0.32999999999999996
0.2851
0.30479999999999996
0.21400000000000002
0.1518
0.155
0.1426
0.13579999999999998
0.1313
0.13190000000000002
0.1416
0.16849999999999998
0.2032
0.3209
0.4337
0.5068
0.44509999999999994
0.3104
0.3507
0.4096
0.3528
0.3601
0.5058
0.718
0.48550000000000004
0.4248
0.3145
0.2113
0.1664
0.0821
0.0676
0.066
0.0592
0.060899999999999996
0.0676
0.08560000000000001
0.0791
0.0644
0.0718
0.1152
0.1689
0.1229
0.1195
0.1401
0.4358
0.6997
0.24730000000000002
0.0937
0.08310000000000001
0.1271
0.1336
0.1112
0.0915
0.2677
0.2009
0.2154
0.2123
0.191
0.19519999999999998
0.2013
0.2653
0.3852
0.359
0.3589
0.48319999999999996
0.6302
0.3435
0.8764000000000001
2.1977
1.1011
1.0911
1.1583999999999999
1.8601
1.6663999999999999
0.5746
0.4981
0.38349999999999995
0.3373
0.253
0.2551
0.18869999999999998
0.1899
0.15760000000000002
0.1779
0.15450000000000003
0.3597
0.3064
0.24459999999999998
0.2277
0.15139999999999998
0.1347
1.5931
0.8646
0.4265
0.46809999999999996
1.703
1.7008999999999999
0.7767
1.0286
1.6408
0.863
0.7946
0.5494
0.2698
0.2442
0.2121
0.2109
0.2382
0.2391
0.3033
0.8782
0.8320000000000001
0.4006
0.3806
0.562
0.2502
0.25680000000000003
0.2877
0.3333
0.439
1.3026
1.153
0.6978
0.3802
0.2982
0.0717
0.0708
0.0697
0.0556
0.0634
0.0708
0.4527
0.2109
0.0799
0.2973
0.3792
0.18080000000000002
0.17609999999999998
0.12310000000000001
0.09290000000000001
1.023
0.1855
0.15739999999999998
0.2316
0.4004
0.4596
0.42010000000000003
0.2611
0.12469999999999999
0.212
0.1884
0.1787
0.1734
0.1723
0.20240000000000002
0.2905
0.2771
0.23909999999999998
0.217
0.185
0.2284
0.2908
0.2703
0.2587
0.2276
0.7055
0.3961
0.1824
0.16799999999999998
0.21050000000000002
0.24269999999999997
0.27349999999999997
0.2484
0.0229
0.1184
0.3499
0.1244
0.041800000000000004
0.0563
0.061700000000000005
0.053
0.0
0.0
0.0053
0.0
0.0
0.0
0.5271
0.0668
0.19119999999999998
0.4941
0.3781
0.348
0.29159999999999997
0.4737
0.0401
0.018
0.0
0.0
0.0
0.0049
0.0
0.0074
0.0
0.0
0.0
0.0003
0.0789
0.7333999999999999
0.4991
1.9889000000000001
0.8004
1.6919
0.2965
1.1683000000000001
1.1707999999999998
0.31689999999999996
0.2658
0.265
0.1547
0.0
0.3206
0.2643
0.2637
0.24380000000000002
0.2188
0.2249
0.2311
0.2248
0.2247
0.2959
0.42090000000000005
0.2787
1.0722
1.3934
0.5883
0.33709999999999996
0.28
0.2414
0.46699999999999997
0.5781999999999999
0.3952
0.4128
0.6977
0.4171
0.09709999999999999
0.0852
0.07880000000000001
0.0775
0.0779
0.08549999999999999
0.1381
0.2893
0.1331
0.09659999999999999
0.09040000000000001
0.0969
0.1048
0.1172
0.3565
0.2992
0.4849
0.7966
0.2116
0.1968
0.2359
0.20090000000000002
0.1484
0.1137
0.0601
0.0512
0.047299999999999995
0.042800000000000005
0.0445
0.0467
0.0587
0.0809
0.14150000000000001
0.1295
0.5820000000000001
0.7666999999999999
0.3458
0.198
0.46509999999999996
0.2825
0.2611
0.2146
0.1532
0.2111
0.2557
0.28859999999999997
0.2266
0.1175
0.4049
0.3427
0.298
0.29390000000000005
0.3131
0.27959999999999996
0.2693
0.2642
0.24080000000000001
0.3079
0.3085
0.823
1.2669000000000001
0.32130000000000003
0.2532
0.2757
0.6789999999999999
0.667
0.7774
1.0155
1.6566
0.4776
0.6491
0.54
0.13490000000000002
0.1321
0.1069
0.1021
0.0974
0.10969999999999999
0.193
0.3717
0.2069
0.17609999999999998
0.29569999999999996
0.0791
0.0869
0.0896
0.1127
0.12110000000000001
0.1343
0.25680000000000003
0.3104
0.3045
0.2288
0.2298
0.16949999999999998
0.1147
0.0494
0.044
0.038400000000000004
0.0426
0.042499999999999996
0.045700000000000005
0.0653
0.1531
0.0916
0.0561
0.042300000000000004
0.0371
0.0392
0.0372
0.039099999999999996
0.0529
0.0811
0.154
0.2485
0.3036
0.40249999999999997
0.42460000000000003
0.1911
0.0823
0.036699999999999997
0.0262
0.0239
0.0228
0.0235
0.019200000000000002
0.0234
0.0363
0.0677
0.42469999999999997
0.4211
0.3507
0.4593
0.6121000000000001
0.5895
0.18230000000000002
0.11130000000000001
0.13069999999999998
0.1505
0.15250000000000002
0.17149999999999999
0.1787
0.14739999999999998
0.0732
0.123
0.1079
0.09939999999999999
0.0955
0.0906
0.08310000000000001
0.0807
0.08030000000000001
0.0712
0.0915
0.0954
0.10089999999999999
0.11019999999999999
0.1271
0.1051
0.158
0.2106
0.1876
0.3131
0.1688
0.158
0.1643
0.1799
0.1626
0.3422
0.39549999999999996
0.481
0.4971
0.48850000000000005
0.3724
0.37970000000000004
0.3581
0.378
1.0381
0.6074999999999999
0.31930000000000003
0.315
0.3427
1.496
1.2972000000000001
0.5641
0.4393
0.3704
0.3805
0.3125
0.2366
0.1997
0.21689999999999998
0.2813
0.2912
0.3044
0.3116
0.3305
0.3319
0.4041
0.4425
0.7509
0.7016
0.8882
0.3546
0.33440000000000003
0.4023
0.6084
0.9851
0.8267
0.5506
0.9306
0.7259
0.4057
0.2613
0.1887
0.2041
0.054
0.12409999999999999
0.0292
0.0206
0.03
0.0
0.0027
0.0
0.0
0.0
0.0
0.0
0.0
0.0
0.0
0.0
0.3041
0.4758
1.0218
0.6984
1.9244999999999999
2.0189
1.0708
0.3196
0.1478
0.1422
0.1525
0.14300000000000002
0.12890000000000001
0.15239999999999998
0.2272
0.39139999999999997
0.8144
0.9248000000000001
0.8428
0.7721
2.5389
1.9348
1.2527
2.5765000000000002
1.8168
0.7368
0.7890999999999999
1.8758
0.7547
0.3538
0.215
0.1549
0.19640000000000002
0.1653
0.1523
0.14679999999999999
0.1412
0.14700000000000002
0.15810000000000002
0.13990000000000002
0.35509999999999997
0.4053
0.2799
0.2382
0.1951
0.2067
0.5692
0.5179
0.2968
0.2882
0.5441
0.5880000000000001
0.424
0.44079999999999997
0.46840000000000004
0.3135
0.123
0.10250000000000001
0.10170000000000001
0.09709999999999999
0.09659999999999999
0.1
0.1171
0.1519
0.1963
0.4122
0.4587
0.5385
0.5398999999999999
0.3582
0.27980000000000005
0.8765000000000001
0.24309999999999998
0.2349
0.2111
0.2163
0.2587
0.3947
0.3758
0.215
0.1096
0.09720000000000001
0.0862
0.09040000000000001
0.09140000000000001
0.09509999999999999
0.24620000000000003
0.6134000000000001
0.3018
0.3123
0.4492
0.2563
0.2889
0.3114
0.5261
0.2905
0.245
0.5715
0.7119
0.5362
0.5263
0.5259
0.3016
0.14450000000000002
0.0975
0.097
0.0834
0.0882
0.0813
0.0928
0.1293
0.366
0.8603999999999999
0.15489999999999998
0.1218
0.1178
0.1464
0.1411
0.1202
0.1266
0.15410000000000001
0.7211000000000001
0.6604
0.5634
0.36060000000000003
0.30569999999999997
0.22920000000000001
0.1444
0.1965
0.185
0.1739
0.1708
0.1714
0.181
0.193
0.2062
0.2056
0.6746000000000001
0.23199999999999998
0.20600000000000002
0.43739999999999996
0.6093
0.3096
0.7762
0.2764
0.2946
0.5565
0.7243999999999999
0.5544
0.6323
0.441
0.2728
0.1013
0.3611
0.0463
0.023899999999999998
0.016
0.017599999999999998
0.0256
0.030899999999999997
0.0692
0.1775
0.31079999999999997
0.0574
0.0299
0.033600000000000005
0.0232
0.0154
0.0041
0.0068000000000000005
0.22160000000000002
0.3735
0.26949999999999996
0.21960000000000002
0.1161
0.07730000000000001
0.132
0.12880000000000003
0.1313
0.1288
0.1378
0.15510000000000002
0.156
0.1475
0.1486
0.1647
0.21190000000000003
0.1338
0.13379999999999997
0.18969999999999998
0.1961
0.7954
0.3634
0.3212
0.4964
0.25129999999999997
0.2825
0.2566
0.146
0.1222
0.008
0.0
0.0
0.0
0.0
0.0
0.0
0.0
0.0041
0.0
0.0
0.0
0.0
0.0
0.0
0.3136
0.1192
0.7284
1.2254
0.10590000000000001
0.0458
1.4897
1.4854
0.6855
0.0116
0.007500000000000001
0.0073
0.0095
0.017
0.012199999999999999
0.032100000000000004
0.039099999999999996
0.1442
0.48240000000000005
0.0204
0.0364
0.1524
0.0614
0.0208
0.0022
0.039
0.5769
0.104
0.0409
0.0416
0.014199999999999999
0.0005
0.001
0.07730000000000001
0.0751
0.0742
0.0686
0.0718
0.08299999999999999
0.19240000000000002
0.5607
0.3327
0.8827
0.5664
0.3802
0.2344
0.2389
0.2272
0.29400000000000004
0.6142000000000001
0.5104
0.2596
0.2063
0.192
0.1304
0.0947
0.0838
0.0172
0.0117
0.0098
0.0102
0.0129
0.0285
0.0431
0.0344
0.028900000000000002
0.0571
0.0736
0.0615
0.053500000000000006
0.053599999999999995
0.0613
0.0901
0.056999999999999995
0.023100000000000002
0.0169
0.0232
0.032
0.0262
0.0177
0.0119
0.2087
0.18
0.1772
0.1751
0.16460000000000002
0.173
0.19390000000000002
0.23020000000000002
0.32089999999999996
0.37729999999999997
0.3404
0.31489999999999996
0.36260000000000003
0.29810000000000003
1.6199000000000001
0.5315000000000001
0.3883
0.3673
0.4143
0.6637
0.4562
0.4527
0.4115
0.29000000000000004
0.0103
0.0186
0.0199
0.0224
0.026500000000000003
0.0314
0.015799999999999998
0.0068
0.0293
0.0876
0.0371
0.1363
1.0144
1.3386
0.4252
1.9171
0.2163
0.2719
0.4939
0.7797000000000001
0.5341
0.7236
0.8612000000000001
0.0703
0.2828
0.2521
0.2224
0.20829999999999999
0.2299
0.198
0.3273
0.30479999999999996
0.1431
0.059399999999999994
0.4944
1.5558
1.3094000000000001
0.059
0.0637
0.0983
0.1644
0.181
0.0672
0.2954
0.2821
0.3188
0.39249999999999996
0.6711
0.1789
0.1718
0.164
0.1605
0.15739999999999998
0.1688
0.19690000000000002
0.2868
0.3098
0.32399999999999995
0.2605
0.19590000000000002
0.19890000000000002
0.1976
0.1903
0.19140000000000001
0.19119999999999998
0.28200000000000003
0.2958
0.2952
0.2603
0.2531
0.21989999999999998
0.182
0.13240000000000002
0.1169
0.1041
0.10550000000000001
0.10439999999999999
0.108
0.3222
0.6113999999999999
0.0917
0.0726
0.0695
0.0624
0.0645
0.0719
0.0783
0.1056
0.2278
1.0988
0.9056
0.5559000000000001
0.6866
0.3572
0.2872
0.2106
0.182
0.18530000000000002
0.18780000000000002
0.1988
0.21739999999999998
0.36019999999999996
0.4013
0.3523
0.306
0.287
0.36819999999999997
0.3186
0.3136
0.3411
0.6918
0.48150000000000004
0.5789
1.0335
0.8861
0.3591
0.31920000000000004
0.2277
0.16649999999999998
0.16870000000000002
0.0959
0.08449999999999999
0.0763
0.0753
0.0742
0.0759
0.0809
0.0948
0.1359
0.1642
0.3015
0.1109
0.0991
0.11449999999999999
0.1848
0.1512
0.1127
0.1177
0.5365
0.2394
0.2679
0.3352
0.1679
0.1081
0.055099999999999996
0.0492
0.0398
0.0421
0.042899999999999994
0.039999999999999994
0.049100000000000005
0.0978
0.2642
0.23099999999999998
0.1522
0.1258
0.1379
0.1026
0.07769999999999999
0.0799
0.1013
0.19219999999999998
0.2572
0.49250000000000005
0.3157
0.2986
0.2288
0.1008
0.19740000000000002
0.24
0.2833
0.2546
0.2155
0.2163
0.2894
0.3912
0.2024
0.10469999999999999
0.07830000000000001
0.06739999999999999
0.088
0.1023
0.1588
0.18259999999999998
0.162
0.242
0.28390000000000004
0.3322
0.39490000000000003
0.28
0.20929999999999999
0.1832
0.1237
0.1158
0.1281
0.121
0.134
0.1723
0.26080000000000003
0.3284
0.3599
0.23709999999999998
0.2082
0.2156
1.0836999999999999
0.6914
0.5293
1.3158
0.5452
0.5590999999999999
0.6964
0.6295999999999999
0.3257
0.1817
0.1153
0.1177
0.1144
0.10819999999999999
0.1111
0.1106
0.108
0.1207
0.1956
0.31120000000000003
0.5457000000000001
0.154
0.0932
0.0887
0.0645
0.0967
0.5704
0.5298
0.4798
0.2647
0.1969
0.8503000000000001
0.1863
0.14629999999999999
0.1069
0.1057
0.1694
0.1482
0.1355
0.12639999999999998
0.1243
0.12780000000000002
0.1405
0.16099999999999998
0.33030000000000004
0.4736
0.6399
0.4562
0.32730000000000004
0.29469999999999996
0.32430000000000003
0.3953
0.6864
0.4218
0.5261
0.6002
0.4669
0.4432
0.44220000000000004
0.2822
0.0847
0.0822
0.0676
0.0651
0.0703
0.0741
0.2576
0.439
0.21100000000000002
0.27690000000000003
0.2351
0.1126
0.1247
0.12390000000000001
0.12440000000000001
0.1407
0.9440999999999999
1.0
1.0521
0.35109999999999997
0.47050000000000003
0.3669
0.13
0.07919999999999999
0.1456
0.1344
0.1249
0.1926
0.18
0.131
0.0394
0.025099999999999997
0.038900000000000004
0.0709
0.0859
0.0608
0.1897
0.45909999999999995
0.1633
0.7512
1.8363
0.2489
0.1538
1.07
0.49449999999999994
0.7864
1.6139999999999999
0.4721
0.12309999999999999
0.1079
0.1064
0.0936
0.09090000000000001
0.10070000000000001
0.1654
0.2812
0.25529999999999997
0.1707
0.24009999999999998
0.8855999999999999
0.5482
0.19290000000000002
0.14679999999999999
0.18259999999999998
1.3025
0.8053000000000001
2.5689
0.5572
0.4829
0.4998
0.421
0.2554
0.2434
0.2173
0.2009
0.1825
0.1654
0.1624
0.1687
0.1849
0.1859
0.21939999999999998
0.2151
0.2333
0.2429
0.271
0.2728
0.22560000000000002
0.7003
0.5503
0.6197
0.7209
0.3696
0.3579
0.36560000000000004
0.30789999999999995
0.08629999999999999
0.0737
0.08030000000000001
0.0739
0.07050000000000001
0.093
0.1052
0.3637
0.5466
0.083
0.0288
0.0169
0.042499999999999996
0.11760000000000001
0.5461
0.5844
0.3571
0.29900000000000004
0.111
0.1053
0.1211
0.15089999999999998
0.5501
0.273
0.0
0.0
0.0
0.0
0.0
0.0
0.0
0.0209
0.6141
0.0557
0.35500000000000004
0.7165
0.4381
0.0791
0.6638999999999999
0.1245
0.2012
0.18630000000000002
0.0662
0.9591
0.0313
0.0142
0.0
0.0
0.0
0.0
0.0
0.0
0.0
0.0
0.0
0.0
0.0
0.0
0.6412
1.6625
0.0688
2.3853
0.0
0.0
0.0
0.057800000000000004
0.0
0.0
0.0
0.0639
0.1393
0.0
0.07730000000000001
0.0708
0.0632
0.0616
0.0613
0.0743
0.1108
0.11660000000000001
0.07250000000000001
0.0712
0.08
0.1537
0.1243
0.101
0.1263
0.1505
0.14650000000000002
0.267
0.1475
0.1275
0.1253
0.08979999999999999
0.0762
0.0699
0.0518
0.045200000000000004
0.0574
0.048100000000000004
0.0584
0.07730000000000001
0.6171
0.6611
0.0759
0.0743
0.1735
0.4262
0.1318
0.11130000000000001
0.0988
0.1177
0.7241
1.4655
0.1642
0.1091
0.0967
0.0466
0.038000000000000006
0.0435
0.1303
0.089
0.0748
0.0884
0.1641
0.2153
0.0749
0.0891
0.0876
0.1046
0.0522
0.0639
0.6633
0.1175
0.053500000000000006
0.0764
0.20040000000000002
0.1677
0.748
0.10439999999999999
0.1002
0.1409
0.2084
0.1838
0.1987
0.1667
0.1524
0.1443
0.1371
0.1328
0.1405
0.15389999999999998
0.2121
0.2887
0.3921
0.35319999999999996
0.3175
0.25780000000000003
0.2404
0.18359999999999999
0.1925
0.32520000000000004
0.6278
0.8218
0.6008
0.4948
0.3847
0.27390000000000003
0.1454
0.14179999999999998
0.1371
0.1367
0.1413
0.18130000000000002
0.5135000000000001
0.3086
0.19890000000000002
0.2011
0.4573
0.22949999999999998
0.2065
0.2079
0.386
1.0107
0.8251
1.2907000000000002
0.6821
0.3157
0.3021
0.27190000000000003
0.2006
0.1723
0.1534
0.123
0.13840000000000002
0.1417
0.1397
0.25730000000000003
1.0361
0.48629999999999995
0.7464999999999999
1.3008
0.28200000000000003
0.1832
0.20629999999999998
0.4818
0.9886999999999999
0.7303999999999999
0.22949999999999998
0.2723
0.2601
0.1865
0.3274
0.471
0.1523
0.1245
0.1317
0.1106
0.1011
0.09870000000000001
0.0911
0.0958
0.1036
0.1406
0.1601
0.183
0.1735
0.4697
0.4776
0.33630000000000004
0.51
0.25329999999999997
0.9323
1.4369
0.373
0.4194
0.395
0.3348
0.2595
0.1878
0.1039
0.07
0.0537
0.051500000000000004
0.0335
0.0445
0.0271
0.0215
0.203
0.9596
0.9855
0.9618
0.3429
0.3488
1.0635
1.6836
0.8251
2.522
2.2069
0.9120999999999999
0.9069
0.8806
0.4756
0.1167
0.1206
0.1238
0.1264
0.1333
0.1477
0.20400000000000001
0.177
0.1367
0.1195
0.10600000000000001
0.08829999999999999
0.0794
0.0818
0.09459999999999999
0.0998
0.1053
0.16249999999999998
0.2115
0.1714
0.3043
0.2508
0.1768
0.117
0.10619999999999999
0.19340000000000002
0.3377
0.26580000000000004
0.23320000000000002
0.2504
0.34040000000000004
0.1528
0.0506
0.0451
0.0614
0.0655
0.0716
0.1248
0.1078
0.10400000000000001
0.1033
0.07730000000000001
0.3259
1.6655000000000002
0.5416000000000001
0.499
0.3422
0.3156
0.2737
0.1013
0.0707
0.066
0.0731
0.0717
0.09659999999999999
0.0921
0.0279
0.0
0.0083
0.0021
1.0889
1.2035999999999998
0.3157
0.0
0.0237
0.1023
1.3587
0.2565
0.32320000000000004
0.5177
0.08829999999999999
0.0674
0.0891
0.24109999999999998
0.2732
0.33699999999999997
0.1725
0.15039999999999998
0.1757
0.2178
0.2537
0.4215
0.1428
0.20179999999999998
0.7337
0.42629999999999996
0.2072
0.4968
0.3227
0.3149
0.2123
0.6468
0.36360000000000003
0.1995
0.1199
0.07350000000000001
0.0816
0.0562
0.0474
0.0456
0.0469
0.0471
0.0551
0.0755
0.1373
0.2806
0.6154
0.33899999999999997
0.36660000000000004
0.5405
0.8356
0.539
0.276
0.43069999999999997
0.5771
0.4394
0.4439
0.2857
0.18130000000000002
0.1069
0.07020000000000001
0.3247
0.3218
0.32699999999999996
0.3248
0.317
0.33640000000000003
0.3553
0.4973
0.7055
0.7985
0.3307
0.3215
0.32989999999999997
0.35450000000000004
0.3296
0.8361
0.4891
0.40549999999999997
0.9337
0.4363
0.4243
0.37170000000000003
0.3117
0.2875
0.043300000000000005
0.0382
0.0411
0.043300000000000005
0.041999999999999996
0.0528
0.1122
0.2995
0.21400000000000002
0.23370000000000002
0.2207
0.0288
0.0107
0.0
0.0
0.0
0.0045
0.3477
0.0875
0.0707
0.19519999999999998
0.1696
0.0315
0.0276
0.13740000000000002
0.1242
0.1109
0.1071
0.10669999999999999
0.1173
0.2137
0.21939999999999998
0.13090000000000002
0.1071
0.1148
0.0623
0.06570000000000001
0.06520000000000001
0.06470000000000001
0.0604
0.0634
0.1145
0.099
0.18869999999999998
0.1724
0.183
0.15510000000000002
0.11910000000000001
0.3401
0.29910000000000003
0.28769999999999996
0.2867
0.2834
0.7813
0.7514
0.1949
0.12519999999999998
0.1101
0.0954
0.107
0.0996
0.10819999999999999
0.15289999999999998
0.4293
0.9557
0.716
0.6637
0.388
0.36629999999999996
0.4779
0.7741
0.542
0.0128
0.0119
0.013900000000000001
0.0139
0.0108
0.0261
0.23829999999999998
0.3311
0.09609999999999999
0.09440000000000001
0.0808
0.13240000000000002
0.1283
0.1263
0.1293
0.1238
1.7433
0.3176
0.6283000000000001
0.7113
0.2909
0.06409999999999999
0.0213
0.0242
0.1443
0.12940000000000002
0.1151
0.1137
0.1078
0.1124
0.1201
0.13140000000000002
0.23959999999999998
0.2302
0.2326
0.28190000000000004
0.176
0.18869999999999998
0.2432
0.244
1.0255999999999998
1.4559
1.072
0.5046
0.3759
0.2569
0.17359999999999998
0.1442
0.06440000000000001
0.06180000000000001
0.0615
0.0513
0.0554
0.2249
1.0569
0.3978
0.3339
0.297
0.1182
0.06789999999999999
0.0439
0.04
0.0392
0.0645
0.2434
0.2583
0.2158
0.5083
0.39080000000000004
0.3768
0.15
0.0926
0.2762
0.19340000000000002
0.189
0.20179999999999998
0.18380000000000002
0.1998
0.2133
0.2256
0.23320000000000002
0.22749999999999998
0.17309999999999998
0.1494
0.1917
0.3903
0.6666
0.8486
1.1241
2.5387
0.3644
0.3692
0.5496000000000001
0.9686
1.0879
0.44199999999999995
0.06970000000000001
0.06
0.0674
0.055400000000000005
0.057
0.061399999999999996
0.081
0.1739
0.5574
1.1922
0.6151
0.1578
0.187
0.3659
0.926
0.5373
1.7052
0.9777
0.277
0.3692
0.5048
0.4709
0.1865
0.0944
0.1768
0.17270000000000002
0.16570000000000001
0.1631
0.1501
0.1777
0.1641
0.6146
0.8909
0.2546
0.4881
0.1335
0.2105
0.2339
0.8614
0.5109
0.3507
0.5726
0.2617
0.1829
0.2353
0.5984
0.1336
0.15760000000000002
0.0205
0.0175
0.012799999999999999
0.0109
0.011800000000000001
0.0095
0.0195
0.0863
0.324
0.23120000000000002
0.1609
0.15200000000000002
0.15450000000000003
0.119
0.1174
0.1041
0.11030000000000001
0.092
0.0638
0.0738
0.09040000000000001
0.1066
0.0774
0.0345
0.13119999999999998
0.1112
0.10919999999999999
0.101
0.1027
0.1087
0.1296
0.1735
0.2246
0.27390000000000003
0.3004
0.2679
0.5177
0.6149
0.5323
0.7897000000000001
0.7668999999999999
1.1833
1.1691
0.5886
0.4132
0.3617
0.2629
0.1854
0.0028
0.0053
0.0028
0.004
0.0035
0.0009
0.0094
0.24639999999999998
0.0419
0.0
0.0
0.0
0.0
0.0
0.0
0.0
0.0393
0.6375000000000001
0.4527
0.1879
0.09309999999999999
0.0205
0.0017
0.0017
0.0574
0.0538
0.0475
0.051000000000000004
0.0492
0.0485
0.0645
0.0727
0.0864
0.1613
0.1126
0.0895
0.09570000000000001
0.1247
0.1042
0.0989
0.3306
0.3104
0.3457
0.7908
0.502
0.5670999999999999
0.1442
0.065
0.4108
0.38360000000000005
0.3726
0.35519999999999996
0.336
0.3328
0.33540000000000003
0.3426
0.4692
0.9528
0.5276
0.46809999999999996
0.4054
0.4129
0.4744
0.5345
0.9791000000000001
0.8021
0.8056000000000001
0.5624
0.5457000000000001
0.5307999999999999
0.605
0.5172
0.2195
0.2016
0.2115
0.2183
0.2123
0.2512
0.4124
0.6578999999999999
0.9695
0.9457
0.8593999999999999
0.8404
1.4923000000000002
1.0346
0.9393
1.0257
2.2420999999999998
1.2573
0.9039999999999999
1.9815
1.1521
0.6820999999999999
0.4056
0.26949999999999996
0.2698
0.21660000000000001
0.2334
0.2108
0.2248
0.1774
0.1115
0.109
0.1306
0.2092
0.1573
0.11109999999999999
1.8024
0.2899
0.1018
0.0644
0.0589
0.0368
1.1514
0.8593
1.2774
0.42069999999999996
0.4891
0.3922
0.1701
0.14229999999999998
0.1279
0.1254
0.1236
0.1297
0.13790000000000002
0.1708
0.219
0.9123000000000001
0.3512
0.4931
0.6798
1.3957
0.781
0.3349
0.25680000000000003
0.25020000000000003
0.3054
0.3056
0.3294
0.3749
0.5673
0.3267
0.158
0.1372
0.1274
0.12840000000000001
0.1173
0.1232
0.1485
0.2311
0.2744
0.1966
0.2107
0.745
0.24259999999999998
0.1982
0.2185
0.403
0.5607
0.3371
0.6406999999999999
0.7932
0.7063
0.36050000000000004
0.3242
0.2349
0.647
0.5693
0.1005
0.1567
0.237
0.9690000000000001
0.519
0.4716
0.8099000000000001
1.6874
1.0798999999999999
0.6669
0.5510999999999999
0.0542
0.0
0.0
0.0
0.0514
0.5633
0.6226
0.3765
0.1303
0.0449
0.0359
0.0
0.0
0.0
0.0
0.0
0.0
0.06770000000000001
0.6748000000000001
0.49870000000000003
0.2125
0.7363999999999999
0.1186
0.1705
0.0
0.0
0.0
0.0113
0.4247
0.9304
0.0084
0.0
0.0
0.0
0.0
0.1158
0.1058
0.0949
0.08929999999999999
0.081
0.0897
0.0978
0.0954
0.1238
0.11780000000000002
0.2745
0.0695
0.0615
0.0514
0.6465
0.19779999999999998
0.5018
0.3782
0.2187
0.2757
0.263
0.2868
0.1723
0.1153
0.8278
0.6262
0.5537
0.5800000000000001
0.6498999999999999
0.4818
0.39490000000000003
0.3305
0.3136
0.3143
0.35429999999999995
0.3687
0.7742
0.871
0.5912999999999999
0.5658
0.4962
0.4999
0.5884
1.5693
1.7648000000000001
1.3061
1.1148
0.7906
0.1054
0.0952
0.0975
0.09159999999999999
0.09440000000000001
0.1036
0.5085999999999999
0.3176
0.09659999999999999
0.0859
0.09029999999999999
0.08399999999999999
0.07
0.0644
0.055900000000000005
0.0679
0.0837
0.4625
0.5037
0.9642
0.1865
0.1568
0.10339999999999999
0.0966
0.44809999999999994
0.366
0.3591
0.3573
0.35660000000000003
0.667
0.6141
0.395
0.3379
0.37770000000000004
0.5324
0.7623
0.7399
0.3298
0.2974
0.32899999999999996
0.4226
0.9339
0.4536
0.43579999999999997
0.4448
0.4234
0.3976
0.374
0.37970000000000004
0.3516
0.3347
0.33009999999999995
0.3305
0.3459
0.3726
0.4676
1.1031
1.1117
0.6447
0.6025
0.7441
0.4679
0.4021
0.4312
0.6092
0.6443000000000001
1.0017
1.2104
0.7041999999999999
0.6887
0.897
0.614
0.1
0.0858
0.0838
0.0758
0.0804
0.07680000000000001
0.10400000000000001
0.1709
0.2738
0.3808
0.246
0.2429
0.35719999999999996
0.1879
0.1716
0.1971
0.2232
1.3604
0.9603
1.2631999999999999
0.2757
0.24180000000000001
0.1685
0.1172
0.4088
0.7517
1.8597
1.7967
1.6192
1.2677
1.2048
1.3995
0.9306
0.5164
0.3634
0.38539999999999996
0.38
0.4154
0.35719999999999996
0.3722
0.4044
0.8496999999999999
0.7715000000000001
0.5052
0.48150000000000004
0.5148999999999999
2.15
1.2551
0.0224
0.016399999999999998
0.0152
0.0161
0.0081
0.0078
0.28759999999999997
0.4834
0.0434
0.1421
0.029500000000000002
0.023100000000000002
0.0218
0.0087
0.0
0.0008
0.2538
0.0574
0.153
0.0688
0.13390000000000002
0.20579999999999998
0.2058
0.0621
0.1991
0.19130000000000003
0.20729999999999998
0.18230000000000002
0.2036
0.3698
1.3598
0.7336
0.5347999999999999
0.49119999999999997
0.6545000000000001
0.5966
0.6597999999999999
0.7415
2.3939000000000004
0.6892
0.921
1.0103
1.5728
1.4969999999999999
0.7676000000000001
0.4609
0.26439999999999997
0.2426
0.2788
0.2135
0.2054
0.2122
0.1723
0.1516
0.12890000000000001
0.1126
0.07
0.0771
0.1006
0.07680000000000001
0.7006
0.2082
0.2979
0.22799999999999998
0.188
0.1427
0.1618
0.2848
0.1889
0.16720000000000002
0.15739999999999998
0.1552
0.059300000000000005
0.0595
0.056900000000000006
0.0451
0.0195
0.26990000000000003
0.2175
0.1244
0.2037
0.35109999999999997
0.2017
0.114
1.0158
0.0738
0.0933
0.0825
0.6983
0.2812
0.433
0.3136
0.2848
0.21450000000000002
0.1116
0.0692
0.0441
0.0363
0.0475
0.043899999999999995
0.046200000000000005
0.037599999999999995
0.06509999999999999
0.1256
0.17570000000000002
0.19190000000000002
0.2737
0.6434
1.8455
0.5253
0.6996
0.9483
1.0443
0.6017
0.38039999999999996
0.8976
0.9497
0.1784
0.0684
0.048100000000000004
0.156
0.1597
0.1592
0.1647
0.1659
0.19590000000000002
0.2539
0.2495
0.2212
0.3277
0.3016
0.27990000000000004
0.5445
0.24569999999999997
0.2898
0.1948
0.1296
0.0933
0.0865
0.12
0.14550000000000002
0.14400000000000002
0.1351
0.1338
0.0578
0.0531
0.060200000000000004
0.044
0.0587
0.2275
0.49649999999999994
0.18
0.2264
1.3258
1.9518
0.328
0.18669999999999998
0.1409
0.0959
0.19940000000000002
0.5679000000000001
1.2652999999999999
0.4408
0.242
0.1847
0.1116
0.0873
0.07519999999999999
0.15239999999999998
0.1197
0.1047
0.1032
0.099
0.10350000000000001
0.10980000000000001
0.1207
0.1339
0.1538
0.1886
0.17880000000000001
0.1799
0.8234
0.4785
0.643
0.74
0.6825
0.8375999999999999
0.36819999999999997
0.3304
0.3226
0.3422
0.2625
0.030699999999999998
0.025500000000000002
0.023100000000000002
0.0212
0.0184
0.0199
0.1701
0.25179999999999997
0.07
0.12329999999999999
0.11710000000000001
0.10139999999999999
0.0996
0.09490000000000001
0.09509999999999999
0.2101
0.2158
0.1446
0.21539999999999998
0.1701
0.17120000000000002
0.17459999999999998
0.1179
0.0542
0.1308
0.0975
0.1073
0.0761
0.09359999999999999
0.076
0.112
0.2682
0.3463
0.2147
0.2019
0.4292
0.9154
0.1217
0.0948
0.107
0.1415
0.7242999999999999
1.121
0.15689999999999998
0.19240000000000002
0.2105
0.3114
0.7307
0.4353
0.4512
0.6101000000000001
0.6375
0.5133
0.5047
0.4927
1.6481
0.8981000000000001
0.5255
0.42669999999999997
0.5091
0.5654
0.5504
0.6893
0.5335000000000001
0.374
0.3407
0.5111
1.025
0.5214
0.4336
0.3465
0.3437
0.0988
0.091
0.0907
0.0907
0.0935
0.192
0.38849999999999996
0.2435
0.19669999999999999
0.19
0.1778
0.153
0.178
0.1951
0.22549999999999998
0.3263
0.749
0.6829000000000001
0.6309
0.7398
0.7646
0.25
0.1303
0.09659999999999999
0.0
0.0
0.0005
0.0
0.0
0.002
0.5098
0.4679
0.1709
0.8924
1.3494
0.2817
0.078
0.0721
0.06
0.9442
1.7023
1.3074000000000001
0.25429999999999997
0.0178
0.0
0.0
0.0
0.0
0.1287
0.1286
0.1281
0.132
0.1411
0.1945
0.2562
0.2232
0.1933
0.1758
0.1659
0.1627
0.178
0.21200000000000002
0.27749999999999997
0.2909
0.4104
0.6401
0.4739
0.449
0.2604
0.1778
0.125
0.1175
0.1452
0.1273
0.1206
0.1158
0.11030000000000001
0.1194
0.1247
0.2313
0.2809
0.0746
0.1565
0.08410000000000001
0.1328
0.1356
0.1506
0.0937
0.2375
0.1414
0.036699999999999997
0.1172
0.1188
0.1341
0.12490000000000001
0.1084
0.1587
0.1464
0.13490000000000002
0.127
0.1182
0.1166
0.1162
0.1185
0.2359
0.3396
0.1785
0.1197
0.1036
0.1424
0.22460000000000002
0.20829999999999999
0.1778
0.6229
0.5977
0.2067
0.2155
0.2757
0.3677
0.2252
0.20429999999999998
0.1847
0.17830000000000001
0.1741
0.1722
0.1773
0.1908
0.2284
0.273
0.28490000000000004
0.2592
0.231
0.2182
0.24130000000000001
0.2972
0.2973
0.2559
0.2694
0.6454
0.6613
0.4612
0.6542
0.5055000000000001
0.2832
0.2156
0.1855
0.1648
0.1612
0.1495
0.1477
0.17709999999999998
0.3166
0.3058
0.22649999999999998
0.43179999999999996
0.422
0.527
0.275
0.3377
0.281
0.2516
0.3094
0.576
0.6211
0.5418000000000001
0.4612
0.4027
0.2954
0.2644
0.2354
0.2256
0.2299
0.2592
0.2579
0.3789
0.6145
0.5287999999999999
0.8361000000000001
0.6528
0.4133
0.3507
0.29810000000000003
0.24860000000000002
0.2348
0.2717
1.8756000000000002
1.7240000000000002
0.4633
0.6452
1.6949
1.2139
0.3391
0.026099999999999998
0.0217
0.0305
0.0213
0.0337
0.0116
0.0621
2.2055
1.3702
1.5354999999999999
0.8378
0.1989
0.6103
0.4253
0.1627
0.1244
1.0225
0.3386
0.25370000000000004
0.5497000000000001
0.32089999999999996
0.0848
0.0011
0.0168
0.2797
0.2876
0.2812
0.2694
0.2597
0.2286
0.1911
0.15489999999999998
0.138
0.1553
0.1182
0.1232
0.1241
0.1355
0.1498
0.1886
0.3208
0.3499
0.9337
1.6182
0.9485000000000001
1.5183
2.1428000000000003
1.0063
0.2546
0.23170000000000002
0.2242
0.2145
0.2042
0.20329999999999998
0.2061
0.25029999999999997
0.2359
0.3449
0.3418
0.3984
0.2163
0.2132
0.2508
0.2834
0.2067
0.2011
0.29979999999999996
0.2656
0.31279999999999997
0.5142
0.4747
0.45309999999999995
0.0513
0.0482
0.0458
0.0453
0.0466
0.0527
0.0681
0.1139
0.2263
0.31899999999999995
0.21339999999999998
0.34240000000000004
0.1704
0.1518
0.1504
0.1708
0.15610000000000002
0.1437
0.1478
0.13369999999999999
0.1144
0.0896
0.0645
0.0511
0.1585
0.1563
0.15589999999999998
0.1513
0.15350000000000003
0.178
0.3419
0.395
0.2459
0.2018
0.21910000000000002
0.2274
0.2097
0.2059
0.18330000000000002
0.185
0.2007
0.7498
1.0955
1.1516000000000002
0.31689999999999996
0.1866
0.13329999999999997
0.13240000000000002
0.11910000000000001
0.126
0.1246
0.11760000000000001
0.1237
0.1483
0.5527
0.5153
0.1464
0.0886
0.1578
0.2452
0.1871
0.1653
0.1748
0.1771
0.1774
0.3033
0.30879999999999996
0.3033
0.15639999999999998
0.0534
0.0397
0.0568
0.18109999999999998
0.1508
0.1444
0.1296
0.1229
0.45999999999999996
0.3076
0.14629999999999999
0.13640000000000002
0.1975
0.23020000000000002
0.2512
0.3073
0.18769999999999998
0.1842
0.2569
0.2934
0.6883
0.2712
0.1969
0.2029
0.22410000000000002
0.2962
0.2647
0.0358
0.0343
0.0388
0.0327
0.037500000000000006
0.0489
0.1173
0.8775999999999999
0.6940000000000001
0.1922
0.2695
0.2698
0.1849
0.2695
0.8548
0.3089
0.6588
0.9958
0.2227
0.1262
0.0882
0.0345
0.0291
0.032
0.0711
0.0681
0.09559999999999999
0.0905
0.078
0.10189999999999999
0.12969999999999998
0.14750000000000002
0.1405
0.2711
0.5245
0.7946
0.1114
0.4731
0.2461
0.7978999999999999
0.15510000000000002
0.1353
0.1683
0.1036
0.0275
0.0128
0.0236
0.0307
0.06129999999999999
0.057499999999999996
0.055
0.0505
0.0508
0.04820000000000001
0.0674
0.19319999999999998
0.4524
0.5411
0.3228
0.2671
0.5404
0.2551
0.2656
0.3756
0.5063
1.0055
0.7821
0.4976
0.2902
0.22089999999999999
0.135
0.08940000000000001
0.0731
0.06269999999999999
0.0576
0.053099999999999994
0.0474
0.0505
0.0631
0.09129999999999999
0.1696
0.3393
0.368
0.5867
0.2122
0.255
0.369
0.2891
0.4084
0.3417
1.2736
0.3724
0.289
0.2299
0.1526
0.0966
0.0814
0.0305
0.0172
0.0142
0.015
0.0183
0.0242
0.032
0.0471
0.1061
0.5368999999999999
0.1749
0.24919999999999998
0.5468
0.10769999999999999
0.0988
0.1287
0.3003
0.18969999999999998
0.2432
0.2498
0.425
0.3508
0.13240000000000002
0.1264
0.12010000000000001
0.11410000000000001
0.1117
0.1106
0.1131
0.1175
0.1266
0.1362
0.1515
0.1886
0.20440000000000003
0.3104
0.2046
0.1404
0.1275
0.1295
0.147
0.1491
0.1986
0.19190000000000002
0.16899999999999998
0.1421
0.1274
0.0866
0.0764
0.0784
0.0714
0.07089999999999999
0.07980000000000001
0.10089999999999999
0.1353
0.3429
0.254
0.4835
0.5948
0.2182
0.187
0.2324
1.1624
0.4382
0.2366
0.2917
0.5431
0.3399
0.2217
0.12129999999999999
0.0917
0.20229999999999998
0.1251
0.094
0.0877
0.078
0.07300000000000001
0.076
0.069
0.0537
0.0623
0.4068
0.057300000000000004
0.06309999999999999
0.14200000000000002
0.1567
0.14300000000000002
0.1466
0.6296
0.23779999999999998
0.25680000000000003
0.2223
0.31479999999999997
0.2074
0.125
0.1109
0.0964
0.0824
0.0875
0.08399999999999999
0.101
0.09040000000000001
0.3267
0.1331
0.044399999999999995
0.1091
0.9087
0.0
0.010600000000000002
0.009
0.0004
0.0191
0.2572
0.1334
0.0657
0.1003
0.122
0.1467
0.1478
0.18930000000000002
0.17149999999999999
0.1751
0.1632
0.16760000000000003
0.1852
0.7008
0.7348
0.44989999999999997
0.594
0.2437
0.1696
0.1861
0.22199999999999998
0.274
0.6303000000000001
0.3805
0.3262
1.5011
0.5281
0.4118
0.6889
0.6282000000000001
0.2494
0.0475
0.0392
0.0327
0.0329
0.034600000000000006
0.0377
0.0449
0.0627
0.0921
0.2192
0.1417
0.122
0.15539999999999998
0.1183
0.1077
0.1091
0.1701
0.20579999999999998
0.2768
0.23270000000000002
0.20900000000000002
0.2133
0.16820000000000002
0.0821
0.12480000000000001
0.10619999999999999
0.0945
0.09809999999999999
0.0988
0.1019
0.1445
0.1252
0.0733
0.07869999999999999
0.057999999999999996
0.0591
0.0487
0.0494
0.0769
0.28700000000000003
0.3784
1.6847
0.4487
0.3641
0.2152
0.1839
0.1786
0.1454
0.1472
0.1334
0.1247
0.1207
0.11599999999999999
0.1078
0.1033
0.1021
0.09870000000000001
0.125
0.1348
0.1186
0.12669999999999998
0.17509999999999998
0.1568
0.163
0.1606
0.1471
0.20329999999999998
0.2388
0.2379
0.315
0.29600000000000004
0.2014
0.1206
0.0891
0.0892
0.0754
0.0828
0.08310000000000001
0.0989
0.11879999999999999
0.22490000000000002
0.8286
0.9415
3.364
0.379
0.2288
0.2583
0.3085
0.7797000000000001
2.2927999999999997
0.883
0.4414
0.41600000000000004
0.5184
0.5423
0.31920000000000004
0.054
0.0514
0.032799999999999996
0.0401
0.0408
0.0139
0.0535
0.6983999999999999
0.4822
0.0782
0.8214
0.9592
0.5945
0.3473
1.0615999999999999
0.2516
0.2307
0.4702
0.176
0.6085
1.2275
0.6446000000000001
0.37070000000000003
0.1381
0.0766
0.046200000000000005
0.041999999999999996
0.045
0.045
0.05159999999999999
0.0551
0.137
0.7088
0.594
0.4103
0.7079
0.0945
0.08
0.0707
0.0524
0.33420000000000005
0.0848
0.0511
0.027
0.0718
0.2595
0.6073
0.3513
0.17830000000000001
0.1666
0.15510000000000002
0.1507
0.1597
0.18109999999999998
0.7222999999999999
0.47250000000000003
0.2559
0.1907
0.16449999999999998
0.1397
0.13690000000000002
0.1346
0.1487
0.154
0.3972
0.8834
1.0986
0.3353
0.5940000000000001
0.7397
0.357
0.21339999999999998
0.0
0.0
0.0
0.0
0.0
0.0
0.0
0.0
0.0
0.0085
0.0219
0.0337
0.0359
0.0142
0.0139
0.0225
0.013600000000000001
0.0532
0.1361
0.0587
0.0567
0.0634
0.0411
0.0053
0.1718
0.1597
0.1599
0.161
0.1553
0.5902000000000001
2.3626
0.7809
0.5871999999999999
1.8142
1.2730000000000001
1.0671
0.4773
0.299
0.2984
0.29400000000000004
1.2389999999999999
0.6060000000000001
1.084
0.4049
0.25970000000000004
0.2234
0.159
0.1461
0.16349999999999998
0.1252
0.0941
0.052199999999999996
0.0198
0.0188
0.0049
0.0098
0.0168
0.0553
0.0
0.5680000000000001
0.0
0.0657
0.1106
0.0
0.2231
0.2506
0.0911
0.0
0.0
0.0
0.0129
0.0746
0.1572
0.157
0.1374
0.0716
0.064
0.10239999999999999
0.0859
0.0673
0.16249999999999998
2.2447999999999997
1.0777
2.7798
0.205
1.2901
0.2338
0.09709999999999999
0.1412
0.1673
0.34140000000000004
0.21150000000000002
0.2434
0.1904
0.2273
0.1773
0.1629
0.09190000000000001
0.0658
0.0505
0.043899999999999995
0.0406
0.04190000000000001
0.0441
0.018
0.010700000000000001
0.0122
0.0183
0.32130000000000003
0.6203000000000001
0.225
0.1911
0.20650000000000002
0.5171
0.2607
0.40449999999999997
0.2818
0.1748
0.16570000000000001
0.15610000000000002
0.0943
0.07369999999999999
0.06709999999999999
0.067
0.0631
0.06770000000000001
0.0532
0.0652
0.0739
0.532
1.1785999999999999
0.3993
0.0994
0.1516
0.1853
0.0853
0.1651
0.46399999999999997
1.0230000000000001
1.1383
0.5301
0.3089
0.2111
0.13679999999999998
0.106
0.099
0.095
0.0943
0.0963
0.1116
0.18259999999999998
0.23459999999999998
0.18409999999999999
0.1846
0.1992
0.2185
0.1739
0.1797
0.1778
0.2096
0.2224
0.2039
0.197
0.1893
0.195
0.1758
0.13640000000000002
0.1121
0.1364
0.1326
0.1265
0.1227
0.1234
0.1375
0.4033
0.3463
0.1709
0.15139999999999998
0.1481
0.11779999999999999
0.1251
0.1331
0.1507
0.16570000000000001
0.1742
0.6084
0.24930000000000002
0.278
0.227
0.2071
0.16260000000000002
0.1308
0.07730000000000001
0.0786
0.0754
0.0701
0.0727
0.1036
0.3645
0.184
0.0254
0.0089
0.0009
0.0
0.0
0.0
0.0
0.0142
0.3027
0.201
0.4716
0.5493
0.40559999999999996
0.4698
0.3638
0.15410000000000001
0.2101
0.1784
0.16649999999999998
0.1557
0.1417
0.153
0.16010000000000002
0.178
0.1861
0.2464
0.3389
0.30469999999999997
0.333
0.3651
0.31020000000000003
0.4384
0.7734000000000001
0.5735
0.7222999999999999
0.39759999999999995
0.3846
0.7136
0.8296
0.3719
0.14379999999999998
0.118
0.1095
0.1041
0.1028
0.1061
0.1193
0.14450000000000002
0.1903
0.2378
0.2391
0.2832
0.3493
0.3774
0.40580000000000005
0.31379999999999997
0.3256
0.3362
0.4768
0.7384
0.6027
0.4681
0.3517
0.23010000000000003
0.0
0.0015
0.0202
0.0155
0.0256
0.046
0.0992
0.15589999999999998
0.1335
0.7293000000000001
0.6665
1.6000999999999999
0.0172
0.30510000000000004
0.3434
0.3458
0.426
0.572
0.48660000000000003
0.0131
0.0
0.0
0.0
0.0
0.0
0.0
0.0
0.0
0.009
0.2403
0.472
0.4083
1.2376
0.6236999999999999
0.1157
0.5431
0.3658
1.0806
0.7506
0.0169
0.0315
0.0854
0.0075
0.0
0.0
0.0
0.0
0.0
0.0212
0.015300000000000001
0.0149
0.0134
0.0182
0.032
0.3095
0.2812
0.1305
0.1495
0.1323
0.1532
0.2151
0.1633
0.12969999999999998
0.1385
0.5760000000000001
0.42310000000000003
0.7234
1.076
0.623
0.1102
0.0398
0.0295
0.0
0.0
0.0
0.0
0.0
0.0
0.0
0.1018
0.5804
0.2582
0.0949
0.0
0.0
0.0
0.0
0.0006
0.0
0.0
0.0
0.0
0.0
0.0523
0.07339999999999999
0.0023
0.0944
0.0911
0.0901
0.0952
0.0901
0.0775
0.069
0.0712
0.069
0.0983
0.0688
0.0691
0.09190000000000001
0.078
0.0692
0.09759999999999999
0.175
0.1395
0.1273
0.08510000000000001
0.054
0.0594
0.0809
0.0856
0.5303
0.20850000000000002
0.1713
0.1138
0.11699999999999999
0.0984
0.5272
0.4584
0.0169
0.3812
0.7138
1.4202000000000001
0.9872
0.0
0.0
0.0
0.0
0.0
0.8905
0.20540000000000003
0.2683
0.2774
0.17620000000000002
0.1753
0.1365
0.12409999999999999
0.1226
0.1176
0.1176
0.10880000000000001
0.2912
0.31070000000000003
0.0678
0.0714
0.0485
0.0466
0.043
0.0325
0.022199999999999998
0.0263
0.0232
0.0408
0.1121
0.1169
0.1883
0.1704
0.1577
0.1413
0.1275
0.12580000000000002
0.1215
0.1231
0.1287
0.1514
0.2057
0.2899
0.2503
0.17659999999999998
0.17880000000000001
0.1943
0.1649
0.18059999999999998
0.1945
0.2213
0.4776
1.3475
0.586
0.3417
0.2714
0.1548
0.0968
0.1008
0.0417
0.034699999999999995
0.0319
0.0318
0.0381
0.0517
0.0987
0.11549999999999999
0.10089999999999999
0.22740000000000002
0.5955
0.0888
0.1679
0.1288
0.1544
0.4313
0.6104
0.2914
0.3235
0.3406
0.3408
0.2658
0.1165
0.0487
0.0405
0.0411
0.0519
0.072
0.1287
0.24469999999999997
0.5465
0.5293
0.48719999999999997
0.21150000000000002
0.09989999999999999
0.0686
0.0735
0.0713
0.0937
0.4658
0.2173
0.2404
0.2061
0.1001
0.055400000000000005
0.0312
0.0407
0.0404
0.0733
0.0637
0.0655
0.0625
0.058800000000000005
0.07239999999999999
0.09490000000000001
0.0942
0.3326
0.384
0.2503
0.3291
0.2268
0.1532
0.591
0.5393
0.4693
0.35919999999999996
0.3053
0.2296
0.16570000000000001
0.1179
0.0902
0.07919999999999999
0.10239999999999999
0.0887
0.0804
0.081
0.0774
0.0839
0.0975
0.148
0.4343
0.4657
0.3026
0.29479999999999995
0.26149999999999995
0.2487
0.2299
0.1849
0.8666999999999999
1.0249
0.33199999999999996
0.36829999999999996
0.4907
0.3976
0.2319
0.1281
0.0812
0.0747
0.0721
0.0737
0.07200000000000001
0.0791
0.1097
0.13540000000000002
0.1095
0.094
0.0601
0.0707
0.0882
0.0917
0.08929999999999999
0.098
0.0848
0.07619999999999999
0.0939
0.1189
0.1613
0.1488
0.12840000000000001
0.1006
0.193
0.1744
0.167
0.1599
0.1648
0.18309999999999998
0.19619999999999999
0.2863
0.5331
1.7593999999999999
1.4014
1.5069
1.3203999999999998
1.3765
0.4716
0.42679999999999996
0.575
0.6147
0.6774
1.0604
0.8158000000000001
0.5741
0.3871
0.2824
0.0542
0.0557
0.048
0.0556
0.0515
0.20850000000000002
0.4822
0.2267
0.2852
0.637
0.1722
0.06080000000000001
0.06369999999999999
0.1117
0.11130000000000001
0.13
0.7142000000000001
2.276
1.9085
0.6562
0.2823
0.14700000000000002
0.0815
0.08199999999999999
0.1744
0.1861
0.1758
0.1706
0.16820000000000002
0.18919999999999998
0.3538
0.5684
0.29169999999999996
0.1512
0.11929999999999999
0.0885
0.0859
0.0875
0.0809
0.0864
0.111
0.3087
1.1267
0.5281
0.2678
0.215
0.1537
0.13829999999999998
0.0
0.0
0.0
0.0
0.0
0.0
0.0
0.0
0.0
0.3938
1.1347
0.9617
0.0
0.2379
0.2428
1.153
0.5552
0.0851
0.276
0.071
0.0
0.0
0.0
0.0
0.1509
0.151
0.1571
0.1613
0.1754
0.2112
0.2496
0.2473
0.2438
0.2268
0.2227
0.3167
0.859
0.34919999999999995
0.37370000000000003
0.35619999999999996
0.2873
0.28869999999999996
0.4644
0.7032
0.7176
0.1731
0.1361
0.12880000000000003
0.2306
0.21100000000000002
0.2037
0.194
0.19590000000000002
0.203
0.2343
0.359
1.2866
0.5722
0.9527000000000001
1.3837000000000002
0.6508
0.5607
0.7957000000000001
0.8340000000000001
1.3382
0.6900999999999999
0.6018
1.2774
1.4881
0.9036000000000001
0.5617
0.35919999999999996
0.1496
0.1383
0.1421
0.1449
0.14429999999999998
0.1471
0.5812999999999999
0.3956
0.1016
0.08099999999999999
0.06570000000000001
0.053099999999999994
0.0662
0.0698
0.0832
0.1366
0.17559999999999998
0.3001
0.3173
0.2778
0.7018
0.3192
0.2229
0.1738
0.16699999999999998
0.1446
0.1348
0.1307
0.1252
0.12
0.1216
0.1112
0.1119
0.11510000000000001
0.0983
0.1084
0.1487
0.2064
0.6008
0.5165
0.2789
0.3486
0.49760000000000004
0.4399
0.6674
0.5235
0.3437
0.23529999999999998
0.0657
0.0753
0.07869999999999999
0.0662
0.0717
0.0895
0.1344
0.21699999999999997
0.7105
1.4222000000000001
1.7059000000000002
1.366
1.3136
0.7101
0.5326
0.4093
0.6395
0.8407
0.6378
0.5558
0.23650000000000002
0.12159999999999999
0.0771
0.0675
0.1255
0.08380000000000001
0.0641
0.0497
0.044700000000000004
0.0432
0.0434
0.0497
0.0489
0.060200000000000004
0.0803
0.14350000000000002
0.1279
0.1989
0.5026999999999999
0.5706
0.5743
0.2234
0.1641
0.2138
0.4305
0.26470000000000005
0.2122
0.304
0.0393
0.036199999999999996
0.0348
0.0343
0.0351
0.048
0.0883
0.15789999999999998
0.0937
0.06509999999999999
0.0696
0.092
0.0681
0.07469999999999999
0.0819
0.1526
0.1674
0.1063
0.08
0.07139999999999999
0.052199999999999996
0.03
0.0262
0.027
0.0458
0.0422
0.0531
0.048799999999999996
0.0563
0.08360000000000001
0.1396
0.36970000000000003
0.24380000000000002
0.0839
0.0688
0.5857
0.1638
0.1481
0.1956
0.429
0.4977
0.8608
0.3645
0.2551
0.187
0.0571
0.028
0.0406
0.0249
0.0225
0.0303
0.038
0.0726
0.1486
0.3863
0.44730000000000003
0.8656999999999999
0.9363
0.3447
0.2014
0.19669999999999999
0.2389
0.2655
1.08
0.6695
0.26780000000000004
0.3952
0.3942
0.084
0.0146
0.0218
0.0227
0.2781
0.25839999999999996
0.2411
0.2295
0.2439
0.7088
0.5896
0.308
0.268
0.46020000000000005
0.3782
0.3601
0.3355
0.30069999999999997
0.2885
0.3256
0.5155
1.2668
1.1568
0.3402
0.3546
0.403
0.4861
0.4104
0.1281
0.1099
0.1031
0.10289999999999999
0.09809999999999999
0.1028
0.12329999999999999
0.2215
0.2832
0.15910000000000002
0.1562
0.7462
0.5023
0.1802
0.1899
0.23870000000000002
0.493
0.2328
0.19369999999999998
0.43729999999999997
0.45899999999999996
0.3663
0.28959999999999997
0.1812
0.021400000000000002
0.0071
0.0060999999999999995
0.004
0.0021
0.0009
0.0104
0.0451
0.08449999999999999
0.0
0.0227
0.3124
0.1585
0.0175
0.082
0.1169
0.146
0.0109
0.0
0.0644
0.10930000000000001
0.09029999999999999
0.0824
0.0455
0.1481
0.11080000000000001
0.064
0.1245
0.08549999999999999
0.6047
0.7731
0.2878
0.2119
0.16970000000000002
0.1154
0.0809
0.0629
0.038
0.0413
0.0287
0.0022
1.5434999999999999
0.2979
0.1099
0.1042
0.0879
0.17930000000000001
1.184
0.0
0.0
0.0
0.0
0.0
0.0
0.0
0.0
0.856
0.0829
0.0481
0.7238
0.0
0.0
0.0
0.5186
1.2201
0.0
0.0325
0.1431
0.0377
0.1449
0.0426
0.0
0.2784
0.2703
0.2195
0.2004
0.244
0.3944
0.1995
0.14429999999999998
0.1345
0.24719999999999998
0.4626
0.173
0.1232
0.1058
0.058499999999999996
0.0557
0.0502
0.066
0.10469999999999999
0.1381
0.181
0.21989999999999998
0.19490000000000002
0.17509999999999998
0.4703
0.442
0.4706
0.4635
0.419
0.4283
0.491
0.5466
0.4956
0.2793
0.1858
0.16970000000000002
0.1855
0.2131
0.2678
0.544
2.5281
1.122
0.4678
1.2593999999999999
0.7995
1.1263
1.0387
0.37770000000000004
0.0553
0.055
0.0596
0.062
0.0643
0.0759
0.07369999999999999
0.0463
0.028999999999999998
0.0364
0.0162
0.0114
0.0
0.0009
0.0
0.0014
0.0053
0.0081
0.058300000000000005
0.1294
0.1065
0.06420000000000001
0.034
0.0364
0.2262
0.2607
0.27349999999999997
0.27149999999999996
0.2539
0.2358
0.2111
0.2172
0.22849999999999998
0.174
0.1268
0.10969999999999999
0.1033
0.10969999999999999
0.1385
0.15250000000000002
0.16999999999999998
0.8655999999999999
1.1179
0.5076
0.513
0.39790000000000003
0.23120000000000002
0.20379999999999998
0.22760000000000002
0.20929999999999999
0.2002
0.1944
0.1866
0.19090000000000001
0.2042
0.2277
0.3217
0.374
0.7985
0.5243
0.368
0.41169999999999995
1.0399
0.3635
0.4234
0.37
0.328
0.3205
0.3405
0.3292
0.29869999999999997
0.2542
0.2197
0.29069999999999996
0.4043
0.3769
0.2549
0.2641
0.2888
0.7002
1.3331
0.4902
0.0759
0.1297
0.1743
0.2575
0.1846
0.1325
0.1338
0.2787
0.36260000000000003
0.10550000000000001
0.17959999999999998
0.2467
0.30269999999999997
0.2566
0.1179
0.0919
0.095
0.0884
0.07930000000000001
0.1127
0.5483
1.4854
0.2959
0.262
0.07289999999999999
0.0623
0.0377
0.032100000000000004
0.0358
0.0597
0.2061
0.3977
0.5183
0.2369
0.30310000000000004
0.3526
0.28800000000000003
0.1779
0.1361
0.1261
0.1208
0.1126
0.10919999999999999
0.1138
0.1143
0.1328
0.28099999999999997
0.7299
0.3417
0.26649999999999996
0.1399
0.1916
0.2623
0.3424
0.5396
0.2403
0.11399999999999999
0.1137
0.1291
0.1211
0.1133
0.11399999999999999
0.026000000000000002
0.021699999999999997
0.0184
0.020900000000000002
0.0167
0.021400000000000002
0.033600000000000005
0.05639999999999999
0.1498
0.2258
0.19929999999999998
0.5992
0.1737
0.16649999999999998
0.1837
0.0943
0.06670000000000001
0.1057
0.324
0.0936
0.1003
0.0785
0.043899999999999995
0.024399999999999998
0.058399999999999994
0.0553
0.0506
0.0485
0.0494
0.0572
0.0875
0.4399
0.3126
0.13119999999999998
0.1064
0.6519
0.1981
0.1336
0.1019
0.0742
0.47090000000000004
0.3215
0.19190000000000002
0.2127
0.229
0.1394
0.08460000000000001
0.059
0.2163
0.1933
0.1779
0.1798
0.1686
0.1792
0.2114
0.6593
0.6471
0.2817
0.2259
0.2324
0.2934
0.299
0.27370000000000005
0.2761
0.9581999999999999
1.3496
0.4012
0.4508
1.0228000000000002
0.6624
0.4875
0.28190000000000004
0.06559999999999999
0.057800000000000004
0.0619
0.0537
0.0584
0.1585
0.2729
0.1348
0.12510000000000002
0.3705
0.22460000000000002
0.4071
0.2415
0.0843
0.0564
0.0616
0.1478
0.0838
0.087
0.09759999999999999
0.1115
0.0988
0.0825
0.0702
0.1122
0.1087
0.109
0.1158
0.121
0.16399999999999998
0.1911
0.16999999999999998
0.1794
0.1953
0.15360000000000001
0.1533
0.7566999999999999
0.2424
0.5311
0.39390000000000003
0.16549999999999998
0.14579999999999999
0.6635
0.3597
0.9106
0.1874
0.1242
0.1109
0.16820000000000002
0.1716
0.163
0.15610000000000002
0.1608
0.1688
0.17120000000000002
0.1602
0.1164
0.2303
0.2089
0.8368
0.5406
0.1702
0.092
0.1148
0.34140000000000004
0.1777
0.09240000000000001
0.0823
0.0755
0.07949999999999999
0.1052
0.1047
0.34299999999999997
1.2189
0.9752000000000001
0.07780000000000001
0.0631
0.0328
0.022
0.0378
0.0315
0.0083
0.0052
0.0208
0.0187
0.0127
2.5713
1.1848999999999998
0.28500000000000003
0.2454
0.2787
0.3478
0.306
0.2597
0.20450000000000002
0.16770000000000002
0.1598
0.1509
0.1434
0.1422
0.13690000000000002
0.1474
0.16060000000000002
0.4261
0.40950000000000003
0.2227
0.2077
0.22139999999999999
0.21860000000000002
0.2276
0.22820000000000001
0.3181
0.4302
0.6187
0.6883
0.3954
0.394
0.3256
0.2444
0.187
0.1683
0.1694
0.1615
0.1333
0.1132
0.1095
0.1048
0.1285
0.3435
0.8147
0.3948
0.0718
0.0811
0.08130000000000001
0.2018
0.1699
0.1221
0.1387
0.2314
0.19469999999999998
0.1792
0.2219
0.3429
0.2499
0.2698
0.2625
0.2575
0.25880000000000003
0.2615
0.2751
0.384
0.34199999999999997
0.2535
0.211
0.1826
0.1698
0.1824
0.1866
0.197
0.21139999999999998
0.2004
0.2107
0.21989999999999998
0.23149999999999998
0.256
0.30279999999999996
0.3312
0.2853
0.011000000000000001
0.0060999999999999995
0.0043
0.0031
0.0032
0.0
0.0
0.006
0.0
0.0044
0.1289
0.8099000000000001
1.2677
0.2356
0.186
0.2713
0.8569
0.6433
0.7665
0.5894
0.5124
0.2663
0.1213
0.021400000000000002
0.0756
0.09509999999999999
0.041499999999999995
0.0351
0.045200000000000004
0.0818
0.1429
2.0426
2.825
1.6271
0.0484
0.07869999999999999
0.1719
0.15889999999999999
0.20779999999999998
1.2507000000000001
0.3753
0.3227
1.9466
0.7414999999999999
0.2772
0.2432
0.19269999999999998
0.1583
0.048799999999999996
0.046700000000000005
0.046700000000000005
0.046700000000000005
0.0504
0.066
0.099
0.1499
0.1916
0.1982
0.1211
0.2115
0.1997
0.13779999999999998
0.1174
0.1301
0.2286
0.2131
0.1383
0.096
0.0809
0.0547
0.0466
0.0424
0.0339
0.0278
0.024800000000000003
0.0205
0.016
0.0151
0.1469
0.6371
0.0083
0.06860000000000001
0.044
0.0174
0.0
0.0
0.0
0.051000000000000004
0.8049999999999999
0.81
0.1859
0.0582
0.0438
0.0353
0.0633
0.0433
0.1401
0.1251
0.1238
0.1215
0.12309999999999999
0.16920000000000002
0.3204
0.22599999999999998
0.17149999999999999
0.1703
0.1637
0.1476
0.2697
0.2158
0.5788
0.6764
0.4346
0.3438
0.2123
0.2266
0.21700000000000003
0.2531
0.2731
0.20779999999999998
0.1568
0.1361
0.1382
0.1321
0.1333
0.1424
0.16
0.192
0.1925
0.1978
0.2148
0.1718
0.1831
0.16870000000000002
1.0713
0.2643
0.2135
0.8593
0.2646
0.2279
0.2677
0.38939999999999997
0.3569
0.2319
0.2711
0.2356
0.2469
0.2663
0.3231
0.8062
0.7969999999999999
0.7594000000000001
0.7162999999999999
0.6025
0.4561
0.6478999999999999
1.1546
1.0064
0.7517
1.4038
1.3752
1.5175999999999998
0.2319
0.21760000000000002
0.2011
0.1873
0.20179999999999998
0.1908
0.197
0.16920000000000002
0.1612
0.15589999999999998
0.15239999999999998
0.1573
0.1775
0.1844
0.16849999999999998
0.1815
0.2031
0.1854
0.242
0.2298
0.8557
0.2137
0.2479
0.2616
0.2604
0.3796
0.6324000000000001
0.5468999999999999
0.32099999999999995
0.2236
0.09770000000000001
0.0908
0.0804
0.07980000000000001
0.0776
0.0812
0.10389999999999999
0.2781
0.4203
0.21839999999999998
0.2124
0.2369
0.45520000000000005
0.28280000000000005
0.3375
0.2601
0.4263
0.4121
0.2047
0.24469999999999997
0.30569999999999997
0.3825
0.4152
0.18109999999999998
0.1678
0.12240000000000001
0.1306
0.1174
0.1053
0.34530000000000005
0.6016
0.3063
0.3276
0.2555
0.39049999999999996
0.4411
0.20729999999999998
0.14629999999999999
0.0505
0.0004
0.2488
0.1598
0.0077
0.0117
0.06520000000000001
0.1247
0.158
0.1929
0.16649999999999998
0.1067
0.0986
0.1001
0.0951
0.0834
0.1068
0.2647
0.3921
0.0335
0.0113
0.0
0.0
0.0006
0.0
0.0077
0.0286
0.24430000000000002
0.6646000000000001
1.1037
0.4687
0.25439999999999996
0.22060000000000002
0.174
0.0271
0.0138
0.029699999999999997
0.0164
0.0205
0.0136
0.7455
0.5511
0.2269
0.8122
0.9393
0.40900000000000003
0.7594000000000001
0.4304
0.2613
0.2541
1.345
1.0150000000000001
0.5056
0.6557000000000001
0.3487
0.1018
0.0
0.0
0.047700000000000006
0.045899999999999996
0.037
0.0417
0.0395
0.0572
0.1406
0.4457
0.2349
0.052199999999999996
0.025500000000000002
0.02
0.0383
0.0344
0.0243
0.0152
0.0186
0.1246
0.0666
0.1346
0.2956
0.44209999999999994
0.2863
0.06670000000000001
0.2493
0.2277
0.2122
0.2027
0.1938
0.1907
0.1885
0.2014
0.2384
0.2694
0.31610000000000005
0.3664
0.24280000000000002
0.25939999999999996
0.28800000000000003
0.2896
0.3214
0.37129999999999996
0.25329999999999997
0.2471
0.2643
0.2774
0.26980000000000004
0.2523
0.1482
0.1198
0.1114
0.10880000000000001
0.0975
0.0964
0.1008
0.1341
0.2202
0.2211
0.1911
0.21889999999999998
0.2016
0.1664
0.17830000000000001
0.2904
0.9155
1.0937
1.037
1.0233
0.6481
0.36419999999999997
0.2734
0.2079
0.228
0.2086
0.2096
0.2001
0.1936
0.2254
0.5262
0.36779999999999996
0.1356
0.0901
0.0779
0.0659
0.07020000000000001
0.07930000000000001
0.1032
0.2605
0.8113
0.4234
0.9555
0.7945
0.6174
0.44720000000000004
0.3618
0.2892
0.1668
0.203
0.1353
0.1543
0.14279999999999998
0.1494
0.1888
0.29259999999999997
0.7316
1.1930999999999998
1.5134
0.3385
0.5435
0.3107
0.1928
0.1899
0.2545
0.32989999999999997
0.527
1.1837
0.38570000000000004
0.27449999999999997
0.2179
0.2033
0.0649
0.0636
0.0572
0.0561
0.0634
0.1127
0.43779999999999997
0.3624
0.304
0.3244
0.3703
0.3571
0.3409
0.29969999999999997
0.28359999999999996
0.2791
0.30710000000000004
0.6092
0.5499
0.2963
0.203
0.11530000000000001
0.0753
0.0702
0.331
0.482
0.32499999999999996
0.1644
0.1278
0.1086
0.0954
0.0923
0.0741
0.06570000000000001
0.0611
0.0827
0.13999999999999999
0.21300000000000002
0.3649
0.3268
0.2516
0.4803
0.6414
0.5710999999999999
0.37060000000000004
0.30469999999999997
0.276
0.2686
0.2122
0.1907
0.1992
0.20629999999999998
0.1987
0.1998
0.2698
0.6585000000000001
0.6253
0.6244000000000001
1.5965
1.1055
1.2302
0.3855
0.3002
0.3152
0.40869999999999995
0.8533999999999999
1.1084
0.761
0.482
0.44399999999999995
0.353
0.2845
0.1552
0.1632
0.14650000000000002
0.15589999999999998
0.16899999999999998
0.1727
0.2198
0.2747
0.2478
0.21239999999999998
0.1371
0.137
1.0557
1.668
0.313
0.26980000000000004
1.6831
1.1779
0.5375
0.4557
0.31220000000000003
0.2358
0.1956
0.1634
0.1261
0.1179
0.11910000000000001
0.12340000000000001
0.1587
0.7941
0.3068
0.2014
0.1963
0.2182
0.1502
0.1393
0.1629
0.29079999999999995
0.43000000000000005
0.39289999999999997
0.1328
0.2687
0.244
0.11049999999999999
0.15760000000000002
0.2506
0.2117
0.1547
0.1148
0.11019999999999999
0.1085
0.1108
0.1267
0.19929999999999998
0.2182
0.1467
0.1252
0.1362
0.11810000000000001
0.10200000000000001
0.1091
0.1177
0.1193
0.17170000000000002
0.3381
0.202
0.29359999999999997
0.2647
0.1859
0.1703
0.1471
0.12769999999999998
0.0219
0.0263
0.013499999999999998
0.02
0.0136
0.0106
0.0
0.0
1.5968
1.1066
0.9525
0.3
0.3391
0.6069
1.5335999999999999
0.5217
0.1911
0.2227
0.2642
0.47230000000000005
1.0154999999999998
0.8957
0.3345
0.0484
0.0677
0.06609999999999999
0.06839999999999999
0.055
0.0603
0.0792
0.1149
0.237
0.66
0.8747
0.45999999999999996
1.0893
0.17759999999999998
0.1461
0.168
0.17149999999999999
0.40659999999999996
0.5192
0.1904
0.1516
0.1396
0.0938
0.0651
0.0587
0.06490000000000001
0.0532
0.047
0.042300000000000004
0.036199999999999996
0.037000000000000005
0.0293
0.0211
0.2487
0.0424
0.0969
0.0624
0.0172
0.039099999999999996
0.1865
0.3377
0.37439999999999996
0.09509999999999999
0.0945
0.152
0.1287
0.09029999999999999
0.064
0.0563
0.1759
0.1865
0.19
0.14839999999999998
0.1424
0.1748
0.1742
0.1159
0.9480999999999999
0.0205
0.0471
0.17959999999999998
0.0931
0.09459999999999999
0.17370000000000002
0.28300000000000003
0.2672
0.37370000000000003
0.3882
0.322
0.2338
0.0452
0.021
0.0527
0.1582
0.1268
0.1242
0.1235
0.122
0.1376
0.20950000000000002
0.3116
0.2801
0.3307
0.3036
0.7737
0.39480000000000004
0.31010000000000004
0.28300000000000003
0.2218
0.1851
0.15710000000000002
0.1423
0.08399999999999999
0.1351
0.2131
0.32889999999999997
0.3262
0.0662
0.0563
0.0507
0.0482
0.0533
0.0494
0.1526
0.4465
0.1704
0.1785
0.1867
0.19640000000000002
0.2718
0.22599999999999998
0.6333
0.3149
0.3308
0.3285
0.2041
0.1975
0.2336
0.3019
0.2619
0.1309
0.1521
0.14079999999999998
0.1318
0.12890000000000001
0.131
0.12460000000000002
0.1254
0.121
0.1484
1.2368000000000001
0.6023
0.1872
0.12109999999999999
0.1719
0.1414
0.133
0.1452
0.1508
0.1324
0.14129999999999998
0.2146
0.2331
0.17920000000000003
0.1542
0.0276
0.023899999999999998
0.0199
0.0224
0.0233
0.029899999999999996
0.0516
0.0719
0.09290000000000001
0.0823
0.0484
0.035199999999999995
0.06889999999999999
0.0676
0.0629
0.059800000000000006
0.14679999999999999
0.1745
0.1295
0.1513
0.1557
0.1375
0.081
0.0354
0.1022
0.0826
0.0762
0.07339999999999999
0.058499999999999996
0.09640000000000001
0.0853
0.0928
1.6431
0.1934
0.24630000000000002
0.3568
0.6958
0.3641
0.3456
0.23820000000000002
0.2499
0.4982
0.2061
0.904
0.9189
0.5945
0.6956
0.7474000000000001
0.1827
0.0776
0.0923
0.029199999999999997
0.0477
0.0202
0.030399999999999996
0.0359
0.0201
0.0
0.256
0.0929
0.3866
0.8547
0.16110000000000002
0.09090000000000001
0.1032
0.11349999999999999
0.4812
1.0364
0.0434
0.1026
0.0935
0.1347
0.19369999999999998
0.181
0.16899999999999998
0.1659
0.1603
0.1653
0.17320000000000002
0.1824
0.2771
0.2924
0.2704
0.42569999999999997
0.236
0.2486
0.2767
0.2366
0.5598
0.5700000000000001
0.3487
0.47909999999999997
0.8859999999999999
0.3425
0.2355
0.1968
0.1187
0.1023
0.1031
0.1053
0.1043
0.1112
0.1462
0.1979
0.3436
0.3745
0.6865
1.0920999999999998
0.6408
0.402
0.6255
0.4374
0.3136
1.6055
0.671
0.48140000000000005
0.38480000000000003
0.2802
0.1736
0.133
0.0417
0.0427
0.0443
0.044700000000000004
0.0374
0.0577
0.0884
0.4385
0.1862
0.0135
0.0
0.0
0.0
0.0
0.0622
0.351
0.641
0.5443
0.6680999999999999
0.32689999999999997
0.1472
0.0879
0.0541
0.046799999999999994
0.3832
0.34740000000000004
0.3073
0.2882
0.2764
0.2673
0.2602
0.2985
0.4981
0.3466
0.5829
0.4306
0.30469999999999997
0.339
0.4465
0.4294
0.402
0.9026
0.3769
0.3895
0.4614
0.5274
0.386
0.3476
0.1152
0.1105
0.1089
0.1046
0.10869999999999999
0.1266
0.7092
0.3931
0.2362
0.19669999999999999
0.3887
0.26990000000000003
0.2356
0.2532
0.27190000000000003
0.5863
0.3648
0.25760000000000005
0.4404
0.5102
0.28559999999999997
0.221
0.1477
0.1268
0.0718
0.0732
0.0731
0.07289999999999999
0.08399999999999999
0.1142
0.1935
0.1997
0.20079999999999998
0.6031
0.3348
0.5913
0.2356
0.1623
0.12440000000000001
0.1392
0.27149999999999996
0.21239999999999998
0.217
0.2464
0.22110000000000002
0.1531
0.0868
0.0712
0.2642
0.2626
0.26080000000000003
0.2737
0.28200000000000003
0.3191
0.44279999999999997
0.5528
0.4627
0.3023
0.3318
0.2199
0.2519
0.2901
0.3324
0.7377
0.8007
0.3186
0.25880000000000003
0.5640000000000001
0.4037
0.4202
0.3782
0.29800000000000004
0.162
0.1444
0.1555
0.1529
0.15589999999999998
0.20800000000000002
0.2365
0.2341
0.20500000000000002
0.11180000000000001
0.09040000000000001
0.1094
0.1669
0.2694
0.7162
0.7147
0.3063
0.5932999999999999
0.0882
0.159
0.2724
0.2026
0.14939999999999998
0.1396
0.0462
0.034699999999999995
0.0351
0.0291
0.024599999999999997
0.0123
0.0083
0.0048
0.034100000000000005
0.0368
0.025500000000000002
0.0262
0.0
0.0037
0.0135
0.0
0.0068
0.14450000000000002
0.0548
0.10819999999999999
0.1062
0.0744
0.0335
0.029699999999999997
0.1262
0.122
0.11610000000000001
0.1134
0.1131
0.1201
0.13520000000000001
0.1787
0.29810000000000003
0.2152
0.19090000000000001
0.2155
0.2346
0.22139999999999999
0.2234
0.2151
0.31089999999999995
0.4688
0.2983
0.40080000000000005
0.3052
0.21660000000000001
0.1478
0.1235
0.2289
0.0993
0.09770000000000001
0.11130000000000001
0.0974
0.1073
0.2339
0.24209999999999998
0.0
0.0
0.0
0.0
0.0
0.0
0.0
0.0
0.0
0.6152
0.6839999999999999
0.2639
2.3075
1.5194999999999999
0.4085
0.3215
0.9731000000000001
0.3711
0.1268
0.2423
0.1534
0.38289999999999996
0.9505999999999999
0.1268
0.1013
0.08130000000000001
0.0641
0.0461
0.0595
0.1197
0.4316
0.2366
0.177
0.1885
0.1246
0.1257
0.1609
0.1906
0.1884
0.7804
0.1146
0.0995
0.09090000000000001
0.0866
0.0814
0.0863
0.09839999999999999
0.1387
0.1916
0.1779
0.21500000000000002
0.2132
0.1567
0.1048
0.0727
0.0594
0.0623
0.1091
0.1018
0.1014
0.1232
0.12780000000000002
0.11449999999999999
0.0986
0.0125
0.0328
0.0216
0.049699999999999994
0.054000000000000006
0.012
0.0302
0.0149
0.0114
0.1565
0.0338
0.0152
0.22940000000000002
1.0990000000000002
0.0723
0.5377
0.2022
0.0214
0.009500000000000001
0.7957
0.077
0.3656
0.3483
0.0711
0.14129999999999998
0.13
0.1272
0.12940000000000002
0.1197
0.12140000000000001
0.5356000000000001
0.7393000000000001
0.2875
0.2445
0.215
0.1627
0.151
0.16770000000000002
0.17209999999999998
0.8110999999999999
1.4502
1.2745
0.8755999999999999
0.7304
0.42379999999999995
0.4779
0.7307
0.2286
0.0566
0.0491
0.0422
0.0359
0.0403
0.044
0.0492
0.0524
0.0474
0.0312
0.1213
0.9807000000000001
0.8668
0.16449999999999998
0.4795
0.1867
0.1565
0.502
0.9963
0.3447
0.3369
0.1647
0.0933
0.06989999999999999
0.0
0.0058
0.0
0.0
0.0221
0.0092
0.0
0.0301
0.4355
1.0239
1.1322
0.4747
1.1167
0.9267000000000001
0.7584
0.6384000000000001
0.6942
0.4651
0.4376
1.7981000000000003
2.218
0.0
0.0029
0.039
0.12140000000000001
0.11710000000000001
0.1069
0.10300000000000001
0.09659999999999999
0.1081
0.1152
0.1242
0.167
0.158
0.1905
0.7815000000000001
0.18059999999999998
0.21650000000000003
0.2475
0.1447
0.1965
0.5084
0.1902
0.3506
0.27890000000000004
0.20400000000000001
0.14250000000000002
0.118
0.3712
0.31110000000000004
0.2653
0.249
0.251
0.253
0.36929999999999996
0.454
0.1896
0.11760000000000001
0.1279
0.1108
0.114
0.1256
0.09690000000000001
1.3807999999999998
0.8966000000000001
2.0624000000000002
1.9315000000000002
0.41879999999999995
0.9015
0.5816
0.3488
0.4604
0.2
0.172
0.1509
0.19669999999999999
0.2821
1.0042
1.1337
0.2895
0.1399
0.5169
0.5856
0.054099999999999995
0.035500000000000004
0.0381
0.5523
0.30269999999999997
0.2861
0.2687
0.1293
0.1291
0.1421
0.1563
0.14900000000000002
0.1517
0.1354
0.1028
0.1001
0.0923
0.0907
0.0924
0.10400000000000001
0.157
0.8608
1.4866000000000001
1.651
0.8388
0.3277
0.34340000000000004
0.596
1.8136999999999999
2.0663
0.9461999999999999
1.1904
1.5095
1.4633
1.178
0.5788
0.2562
0.1603
0.1555
0.1467
0.1467
0.14789999999999998
0.16949999999999998
0.23809999999999998
0.3261
0.3517
0.44129999999999997
0.2452
0.2137
0.28559999999999997
0.2703
0.254
0.31579999999999997
0.4715
0.2872
0.2908
0.36929999999999996
0.3467
0.3448
0.2928
0.2
0.01
0.0021
0.0
0.0008
0.0472
0.0547
0.07569999999999999
0.0875
0.0858
0.4146
0.0
0.327
0.506
0.1731
0.0
0.0
0.011099999999999999
0.0
0.8469
0.0244
0.0
0.0
0.0
0.0
0.0528
0.0168
0.21139999999999998
0.09079999999999999
0.0266
0.0225
0.019
0.0253
0.0412
0.0298
0.0091
0.0245
0.0087
0.0059
0.33499999999999996
0.1068
0.0876
0.11529999999999999
0.2739
0.5258
0.0074
0.031700000000000006
0.0216
0.0283
0.1619
0.1457
0.1302
0.1333
0.1376
0.3834
0.38580000000000003
0.1262
0.1256
0.1427
0.1298
0.151
0.2724
0.178
0.1851
0.46840000000000004
0.7734
1.0038
0.5005999999999999
0.429
0.2712
0.2419
0.2364
0.2071
0.1916
0.137
0.1191
0.1106
0.1094
0.11679999999999999
0.1254
0.1457
0.1627
0.1938
0.2174
0.2736
0.40380000000000005
0.9096
0.2714
0.263
0.34240000000000004
1.0889
0.6531
0.7142999999999999
0.4343
0.4383
0.558
0.34850000000000003
0.128
0.095
0.0848
0.0757
0.0691
0.068
0.068
0.0813
0.0839
0.1002
0.1607
0.6007
1.2753999999999999
0.9337000000000001
0.2384
0.5089
0.7812
0.2499
0.2071
0.2257
0.2485
0.29159999999999997
0.3169
0.2192
0.0328
0.034699999999999995
0.0401
0.0431
0.047799999999999995
0.0776
0.152
0.1395
0.1365
0.1535
0.17709999999999998
0.2126
0.3548
0.16199999999999998
0.138
0.7406
0.6296999999999999
0.174
0.1827
0.2697
0.6766
0.12329999999999999
0.0524
0.040400000000000005
0.1442
0.13
0.1217
0.1202
0.12140000000000001
0.1215
0.1208
0.14450000000000002
0.1406
0.2061
0.17020000000000002
0.1325
0.4507
0.3647
0.2294
0.49450000000000005
0.5672
0.3439
0.4606
0.3568
0.20700000000000002
0.2321
0.26139999999999997
0.2178
0.031700000000000006
0.026000000000000002
0.0236
0.023
0.0221
0.0186
0.019799999999999998
0.016300000000000002
0.0133
0.0435
0.045
0.020399999999999998
0.0
0.0
0.0
0.0
0.0
0.0091
0.059199999999999996
0.0674
0.06870000000000001
0.06839999999999999
0.0421
0.0325
0.0095
0.0216
0.0095
0.0102
0.015099999999999999
0.018799999999999997
0.0438
0.1785
0.6915
0.4648
0.9604999999999999
0.43170000000000003
0.23320000000000002
0.1503
0.0621
0.0581
0.119
0.9961
0.2619
0.5467
0.1369
0.0349
0.024300000000000002
0.0147
0.0822
0.0589
0.0546
0.0445
0.048
0.0279
0.6733
0.049
0.033100000000000004
0.0579
0.0621
0.247
0.0581
0.0493
0.0357
0.0456
0.047799999999999995
0.4782
0.0997
0.0586
0.06570000000000001
0.0688
0.0775
0.0752
0.13629999999999998
0.1287
0.1205
0.1191
0.1199
0.1421
0.7276
0.6348
0.33340000000000003
0.27680000000000005
0.27790000000000004
0.42369999999999997
0.4808
0.3407
0.28459999999999996
0.26880000000000004
0.7335999999999999
0.8973
0.7103999999999999
0.7486999999999999
0.5255
0.3046
0.18020000000000003
0.1452
0.1913
0.1633
0.1462
0.1488
0.1502
0.1658
0.2002
0.32220000000000004
0.4376
0.7326999999999999
1.4223
0.3648
0.3922
0.4633
0.6244000000000001
0.4607
0.9426
0.3049
0.1414
0.07339999999999999
0.2609
1.4888
0.2403
0.19469999999999998
0.1714
0.1842
0.17320000000000002
0.1733
0.1874
0.20950000000000002
0.24359999999999998
0.2719
0.28190000000000004
0.7783
0.6025
0.8335999999999999
0.4681
0.269
0.2195
0.2291
0.2536
0.9022999999999999
0.7816000000000001
0.3208
0.2489
0.17420000000000002
0.1375
0.1393
0.24930000000000002
0.233
0.22010000000000002
0.22039999999999998
0.21860000000000002
0.2236
0.2635
0.353
0.2832
0.2576
0.2558
0.29059999999999997
0.2487
0.2542
0.2716
0.35440000000000005
0.5109
1.4123999999999999
0.6856
0.4679
0.589
0.3473
0.2526
0.2321
1.0453999999999999
1.0821
1.1229
0.9117999999999999
0.4878
0.11429999999999998
0.05550000000000001
0.042800000000000005
0.0331
0.017
0.0044
0.0
0.0052
0.0056
0.1847
1.5480999999999998
1.3634
0.2945
0.0817
0.14750000000000002
0.41919999999999996
0.4663
0.2187
0.6594
0.0985
0.0884
0.0973
0.0985
0.09490000000000001
0.07350000000000001
0.1663
0.229
0.0241
0.0907
0.5855
0.026000000000000002
0.0076
0.0
0.0222
0.2246
0.064
0.038900000000000004
0.10540000000000001
0.0586
0.0392
0.0293
0.0403
0.0577
0.0084
0.0
0.1965
0.1002
0.0
0.38460000000000005
0.9834
0.0
0.0
0.0
0.0
0.0
0.0
0.0
0.0
0.0
0.0
0.6569
0.5643
0.9677
0.1983
0.0
0.0035
0.0124
0.3601
0.35609999999999997
0.34709999999999996
0.3491
0.3261
0.3798
1.0402
0.8082
0.4153
0.2278
1.4776
0.8631
0.396
0.32189999999999996
0.2972
1.3175
0.7756000000000001
0.505
1.8961999999999999
0.6235999999999999
0.5307
0.4818
0.3798
0.346
0.1449
0.1365
0.1298
0.1269
0.1279
0.1359
0.1491
0.1607
0.1598
0.1888
0.23099999999999998
0.2219
0.2635
0.2552
0.2237
0.2401
1.1666
0.8081
0.3923
0.2817
0.2732
0.2303
0.1827
0.15510000000000002
0.2943
0.2391
0.22799999999999998
0.21239999999999998
0.2253
0.26239999999999997
0.3462
0.9627000000000001
0.1664
0.0628
0.054099999999999995
0.0348
0.0362
0.047
0.0554
0.07070000000000001
0.1299
0.4394
0.2469
1.3235999999999999
0.25880000000000003
0.1247
0.11249999999999999
0.1086
0.0469
0.031
0.0503
0.0443
0.0242
0.0713
0.0413
0.3164
0.49069999999999997
0.4478
0.2416
0.962
1.7653999999999999
0.224
0.20450000000000002
1.9262
0.3155
0.3307
0.8231
1.256
1.3164
1.1271
0.6652
0.08080000000000001
0.1429
0.1351
0.1354
0.1386
0.1348
0.1134
0.1018
0.0982
0.0947
0.1306
0.1049
0.1169
0.1331
0.22460000000000002
0.113
0.1278
0.15150000000000002
0.1196
0.2872
0.24969999999999998
0.2137
0.1986
0.174
0.1612
0.1613
0.14279999999999998
0.13490000000000002
0.1345
0.14079999999999998
0.1782
0.17709999999999998
0.1197
0.0999
0.11499999999999999
0.12029999999999999
0.1251
0.1508
0.13529999999999998
0.1368
0.2062
0.2213
0.1538
0.2313
0.267
0.23670000000000002
0.2275
0.2395
0.2133
0.1345
0.1231
0.11660000000000001
0.1114
0.10200000000000001
0.1132
0.1222
0.15410000000000001
0.1733
0.2371
0.2389
0.2994
0.2598
0.7081
0.3363
0.3355
1.292
0.3201
0.1986
0.1754
0.1859
0.197
0.1899
0.1594
0.4726
0.4675
0.47850000000000004
0.4949
0.4773
0.4733
0.5623
1.1587
1.0072999999999999
0.8024
0.7385
0.8073
0.6859
0.6839999999999999
0.6475
1.7172
0.7853
0.7471
1.3354
1.3195999999999999
2.2728
0.6843
0.4774
0.4363
0.2223
0.32330000000000003
0.15789999999999998
0.1247
0.12340000000000001
0.1177
0.5503
1.2862
0.2056
0.1858
0.4235
0.14150000000000001
0.1444
0.1344
0.12000000000000001
0.1264
0.1387
0.5598000000000001
1.7289999999999999
0.3724
0.36639999999999995
0.4492
0.4853
0.2762
0.3281
0.3033
0.28769999999999996
0.2929
0.3388
0.36929999999999996
0.42379999999999995
0.4597
0.9338
1.9852
0.8392999999999999
0.5535
0.6376
0.8682000000000001
0.69
0.4913
1.5658
2.3668
0.4712
0.4083
0.5386
0.5327999999999999
0.42910000000000004
0.3258
0.1906
0.178
0.1713
0.1696
0.1641
0.1718
0.1729
0.2114
0.22360000000000002
0.1747
0.1368
0.11649999999999999
0.10350000000000001
0.1137
0.1533
0.2723
0.7222
0.7712
0.6525
0.3794
0.4092
0.548
0.26139999999999997
0.1997
0.1352
0.135
0.1382
0.1335
0.13419999999999999
0.1533
0.1777
0.2192
0.3096
0.1618
0.11599999999999999
0.0963
0.1049
0.1482
0.31520000000000004
0.7571
0.7938000000000001
0.7668999999999999
0.3226
0.3513
0.40449999999999997
0.2569
0.1273
0.1124
0.3017
0.1517
0.1503
0.0985
0.1145
0.09359999999999999
0.09240000000000001
0.0942
0.0692
0.0
0.6346999999999999
0.3081
1.0093999999999999
0.9308000000000001
0.5359
0.2832
0.2437
0.2344
0.3569
0.4528
0.2329
0.24
0.2857
0.32199999999999995
0.1583
0.1322
0.121
0.1124
0.1057
0.1109
0.1127
0.1164
0.1153
0.5647
0.1688
0.2848
0.2304
0.48340000000000005
0.29359999999999997
1.5175
0.33499999999999996
0.3023
0.5441
0.3166
0.624
0.524
0.3578
0.2313
0.46609999999999996
0.3664
0.32399999999999995
0.30600000000000005
0.3126
0.2902
0.2341
0.5943
0.8686
0.383
0.4637
0.21739999999999998
0.2106
0.2119
0.2232
0.3074
0.3715
0.432
0.4143
0.3076
0.1901
0.9311
0.47750000000000004
0.4781
0.22349999999999998
0.21810000000000002
0.2195
0.2222
0.2262
0.2369
0.2891
0.35009999999999997
0.4001
0.4603
0.3454
0.2272
0.1827
1.4099
1.5968
0.8537
0.39039999999999997
0.349
0.7309
0.82
0.5218
0.41069999999999995
0.3009
0.241
0.0
0.0
0.0
0.0
0.0
0.0
0.0
0.0095
0.0809
1.4269
1.3877000000000002
0.9498
0.45909999999999995
0.0147
0.0476
0.19119999999999998
0.8276
0.6117999999999999
1.9325
1.3122
0.3944
0.0224
0.0
0.0
0.0731
0.068
0.06259999999999999
0.06359999999999999
0.0634
0.0727
0.1091
0.5872999999999999
0.8230000000000001
0.7051000000000001
0.1666
0.12919999999999998
0.11280000000000001
0.1064
0.1001
0.1111
0.1688
0.1888
0.2679
0.5853
0.379
0.3297
0.2536
0.1178
0.0
0.0
0.0
0.0
0.0
0.0
0.0
0.0
0.0912
0.0847
1.4604
0.6244999999999999
0.1043
0.4812
1.3905
2.3299
0.7031
0.0005
0.0242
0.0
0.0
0.0
0.0
0.0
0.0298
0.0144
0.0169
0.0167
0.0162
0.0092
0.0081
0.0991
0.3542
0.1275
0.0324
0.1067
0.23920000000000002
0.2004
0.3276
0.484
0.9867
0.6706
0.027800000000000002
0.0377
0.06659999999999999
0.1621
0.212
0.0698
0.0748
0.0597
0.0581
0.0504
0.0454
0.0465
0.09240000000000001
0.8103
0.0096
0.0213
0.0182
0.0231
0.0252
0.0203
0.0049
0.6038
0.11499999999999999
0.3389
0.12409999999999999
0.0907
0.11610000000000001
0.0993
0.1061
0.1552
0.086
0.07930000000000001
0.07600000000000001
0.0699
0.06720000000000001
0.0733
0.08230000000000001
0.088
0.1592
0.1794
0.157
0.1306
0.1049
0.1461
0.2577
0.1874
0.7099
0.3318
0.3244
0.4456
0.3298
0.2084
0.11
0.0839
0.1048
0.0995
0.0938
0.0943
0.08399999999999999
0.1067
0.6229
1.1297000000000001
0.2873
0.3288
0.29669999999999996
0.2815
0.2374
0.21139999999999998
0.1671
0.1286
1.4262000000000001
0.2773
0.373
0.3021
0.3096
0.2611
0.16849999999999998
0.121
0.2378
0.2221
0.2087
0.195
0.176
0.1704
0.1716
0.179
0.1792
0.1868
0.2222
0.23249999999999998
0.32330000000000003
0.24780000000000002
0.19240000000000002
0.1741
0.1577
0.2847
1.8452000000000002
0.9790000000000001
0.35760000000000003
0.3721
0.3579
0.2944
0.0738
0.0707
0.0613
0.0629
0.0716
0.0936
0.22139999999999999
0.2263
0.1273
0.8944000000000001
0.2585
0.089
0.1078
0.1216
0.2884
0.44770000000000004
0.1652
0.202
0.6905
0.24569999999999997
0.2464
0.2252
0.1722
0.09989999999999999
0.1702
0.1486
0.1375
0.13040000000000002
0.13140000000000002
0.136
0.164
0.1977
0.189
0.1785
0.1562
0.143
0.6058
0.9376
0.2988
0.2639
0.3721
0.5635
0.3445
0.9877
1.3634
0.6335
0.3783
0.2431
0.068
0.0626
0.059899999999999995
0.0597
0.0619
0.0851
0.16499999999999998
0.1565
0.13690000000000002
0.1369
0.125
0.1021
0.13840000000000002
0.1534
0.18819999999999998
0.2965
0.2252
0.2848
0.3055
0.26890000000000003
0.2679
0.2319
0.13640000000000002
0.0795
0.2563
0.21650000000000003
0.194
0.18180000000000002
0.1704
0.1676
0.16360000000000002
0.1671
0.1558
0.1739
0.1638
0.199
0.2315
0.2701
0.2606
0.2823
0.6907
1.0862
0.7501
0.9456
0.4956
0.4224
0.4213
0.3522
0.0631
0.061399999999999996
0.0673
0.0652
0.0797
0.1659
0.7469
0.42679999999999996
0.3953
0.5697
0.4189
0.4474
0.4735
0.33089999999999997
0.2645
0.6626
0.3964
0.29390000000000005
0.4017
0.2486
0.15839999999999999
0.0945
0.0737
0.0693
0.1128
0.0982
0.0865
0.07980000000000001
0.0784
0.0834
0.0891
0.096
0.08360000000000001
0.0995
0.3408
0.6064
0.3792
0.3477
0.24769999999999998
0.1809
0.2203
0.2701
0.149
0.1649
0.1669
0.159
0.1389
0.123
0.0295
0.038400000000000004
0.0707
0.1462
0.0797
0.2946
1.0497
0.6652
0.2583
0.4148
0.4269
0.8392999999999999
0.48319999999999996
0.2133
0.5985
0.4947
0.0376
0.0156
0.0
0.0
0.0
0.0
0.0
0.0
0.13140000000000002
0.1075
0.0988
0.0925
0.0887
0.0905
0.09970000000000001
0.11810000000000001
0.14600000000000002
0.2962
0.34040000000000004
0.7968
0.5494
0.7774000000000001
0.32120000000000004
0.2871
0.2094
0.2026
0.297
0.4354
0.4517
0.4996
0.4285
0.26880000000000004
0.0312
0.0194
0.017
0.022600000000000002
0.0371
0.039400000000000004
0.046200000000000005
0.0607
0.1444
1.7984
0.5668
0.8627
0.8903
0.842
0.2959
0.123
0.1467
0.18819999999999998
0.37870000000000004
0.7339
0.2898
0.2122
0.1215
0.0751
0.3298
0.2177
0.29579999999999995
0.29169999999999996
0.32499999999999996
0.718
1.5264
0.5041
0.0685
0.2636
0.1297
0.367
0.0
0.0
0.0
0.0
0.0
0.0
0.44589999999999996
0.0237
0.0335
0.047700000000000006
0.0167
0.0228
