0.1797
0.1721
0.1734
0.1617
0.15810000000000002
0.1656
0.1794
0.2071
0.3785
0.25870000000000004
0.1869
0.18480000000000002
0.1592
0.1838
0.21760000000000002
1.0287000000000002
0.4317
0.3282
0.48560000000000003
0.8286
0.44279999999999997
0.31079999999999997
0.2115
0.19169999999999998
2.5061999999999998
1.7205
0.9478
0.4937
0.37760000000000005
0.32520000000000004
0.4239
0.5583
0.5582
0.4254
0.2516
0.24880000000000002
0.24309999999999998
0.2819
1.9956
2.0521000000000003
1.3512
0.52
0.2669
0.3224
0.3805
1.8925
1.8727
0.5888
0.06770000000000001
0.0625
0.0629
0.06470000000000001
0.0755
0.1804
0.3038
0.1407
0.11660000000000001
0.15460000000000002
0.1033
0.1086
0.1408
0.1233
0.1163
0.1406
0.1136
0.10600000000000001
0.1517
0.11599999999999999
0.0942
0.08180000000000001
0.07619999999999999
0.0681
0.1555
0.14679999999999999
0.1355
0.1344
0.1362
0.1794
0.5864
0.22360000000000002
0.1494
0.1522
0.1769
0.1361
0.14300000000000002
0.1577
0.3044
0.2848
0.2148
0.6419
0.3096
0.2692
0.2185
0.21289999999999998
0.1857
0.15239999999999998
0.0775
0.0702
0.063
0.0634
0.0579
0.0557
0.0586
0.066
0.0693
0.06659999999999999
0.0564
0.0579
0.1033
0.1131
0.1402
0.1
0.0859
0.1542
0.1405
0.17120000000000002
0.1557
0.12990000000000002
0.1065
0.0863
0.0388
0.0314
0.0456
0.0445
0.0404
0.0534
0.0858
0.20329999999999998
0.6604
0.2556
0.052000000000000005
0.047799999999999995
0.036699999999999997
0.0555
0.1059
1.1837
0.5003
0.2778
0.4638
0.5787
0.4218
0.2929
0.1026
0.0608
0.0984
0.078
0.07350000000000001
0.0807
0.0797
0.0816
0.0943
0.1299
0.178
0.30510000000000004
0.16060000000000002
0.1641
0.2918
0.7082999999999999
0.4578
0.17320000000000002
0.1473
0.28659999999999997
0.3055
0.20929999999999999
0.1982
0.2069
0.19840000000000002
0.137
0.3641
0.39339999999999997
0.3045
0.1968
0.2222
0.8562
0.6118
0.0
0.0
0.0017
0.0
0.0
0.0
0.0
0.0054
0.032299999999999995
0.127
0.1595
0.1533
0.12260000000000001
0.07869999999999999
0.327
0.2721
0.22
0.048299999999999996
0.0352
0.038599999999999995
0.0424
0.034
0.038
0.0588
0.5165
0.4056
0.1502
0.058199999999999995
0.0269
0.0329
0.0257
0.028900000000000002
0.0395
0.025500000000000002
0.0018
0.0119
0.6857
0.4672
0.2378
0.1846
0.0907
0.0349
0.0319
0.014799999999999999
0.0379
0.0369
0.0219
0.8277
0.2383
0.0297
0.0035
0.0
0.0
0.0002
0.020200000000000003
0.042300000000000004
0.0143
0.2842
1.5619
0.6766
1.3521999999999998
1.8598
0.7116
0.7148
0.2631
0.2645
0.1362
0.1541
0.14529999999999998
0.1288
0.0843
0.4275
0.07919999999999999
0.0
0.0
0.0
0.0
0.0
0.0
0.0
0.0
0.0107
0.0278
0.3231
0.273
0.3882
0.1027
0.0762
0.0807
0.1365
0.0672
0.051199999999999996
0.044
0.0349
0.0182
0.0046
0.019
0.0
0.0003
0.0138
1.5675
1.2193
0.0489
0.0
0.0
0.0446
0.4912
0.09770000000000001
0.1535
0.19940000000000002
0.2714
0.41400000000000003
0.3902
0.1817
0.1693
0.16449999999999998
0.16110000000000002
0.15760000000000002
0.1666
0.1775
0.3883
0.5454
0.4417
0.35309999999999997
0.26280000000000003
0.21989999999999998
0.2318
0.2219
0.2131
0.1889
0.2935
0.4415
0.2106
0.2565
0.2813
0.2482
0.19840000000000002
0.0643
0.0606
0.076
0.09670000000000001
0.2415
0.9950000000000001
0.3113
0.4378
0.4466
0.1735
0.3337
0.4993
0.7142
0.4761
0.28800000000000003
0.26959999999999995
0.33899999999999997
1.1502
0.9626
0.5359
0.1579
0.0862
0.0691
0.0826
0.11760000000000001
0.10819999999999999
0.15039999999999998
0.1123
0.1748
1.3866
0.7353000000000001
0.484
0.6263000000000001
0.8908
1.3752
0.6666
0.7091000000000001
0.9389000000000001
1.1431
0.3443
0.3346
0.38239999999999996
1.076
0.2162
0.2334
0.1427
0.0835
0.10439999999999999
0.08940000000000001
0.0824
0.0798
0.0728
0.0715
0.0798
0.1008
0.1416
0.3329
0.5164
0.7273000000000001
0.9126
0.30989999999999995
0.3012
0.3705
0.3207
0.5931
1.2086000000000001
1.3152
0.9681
0.5925
0.31510000000000005
0.1529
0.108
0.0783
0.0748
0.0692
0.06659999999999999
0.06870000000000001
0.073
0.0845
0.1076
0.16749999999999998
0.195
0.1624
0.3931
0.5345
0.1709
0.1595
0.1404
0.1927
0.6165
0.391
0.4285
0.2802
0.2115
0.1271
0.0886
0.1026
0.08629999999999999
0.0795
0.0748
0.07730000000000001
0.0723
0.2291
0.3548
0.047299999999999995
0.0685
0.0837
0.1655
0.0674
0.051100000000000007
0.0377
0.048100000000000004
0.1362
0.2231
0.5223
0.11030000000000001
0.1539
0.151
0.14379999999999998
0.13140000000000002
0.1068
0.1052
0.10250000000000001
0.1024
0.099
0.1106
0.1361
0.1857
0.2312
0.10849999999999999
0.2808
0.0721
0.0853
0.11599999999999999
0.14229999999999998
0.1765
0.5541
0.19619999999999999
0.17020000000000002
0.3829
0.20929999999999999
0.1977
0.1346
0.101
0.16820000000000002
0.1543
0.1503
0.1528
0.16249999999999998
0.1605
0.1577
0.2005
0.1928
0.1965
0.6472
0.1136
0.5487
0.6625000000000001
0.2829
0.23459999999999998
0.4411
0.1975
0.1467
0.1968
0.19219999999999998
0.2375
0.271
0.20800000000000002
0.18869999999999998
0.15689999999999998
0.1411
0.1319
0.1261
0.1283
0.1306
0.17459999999999998
0.22970000000000002
0.1317
0.1191
0.10120000000000001
0.1172
0.1447
0.1954
0.2102
0.2724
0.4859
0.1633
0.565
0.5653
0.5003
0.3095
0.20040000000000002
0.0
0.0108
0.0193
0.011
0.0207
0.012199999999999999
0.0751
0.2268
0.6666000000000001
1.1986999999999999
0.7723
0.395
1.091
0.718
1.1793
1.9297
1.7041
1.0962
0.7892
0.8047
0.2778
0.0197
0.0
0.0
0.1398
0.1338
0.12890000000000001
0.1261
0.1241
0.12490000000000001
0.1392
0.14700000000000002
0.153
0.29000000000000004
0.237
0.1247
0.13069999999999998
0.2455
0.4296
0.6356999999999999
0.2342
0.1837
0.2091
0.25870000000000004
0.2476
0.5669
0.2778
0.1545
0.0779
0.07200000000000001
0.07
0.0739
0.0906
0.1195
0.1426
0.14900000000000002
0.1164
0.0229
0.6396
0.1686
0.8884000000000001
0.2035
0.1172
0.13019999999999998
0.1407
0.3617
0.3124
0.1636
0.0625
0.025500000000000002
0.0264
0.038
0.1016
0.1004
0.1079
0.0965
0.1201
0.1651
0.22010000000000002
0.21910000000000002
0.2202
0.1552
0.13
0.20079999999999998
1.8032
0.5144
0.3944
1.0621
0.3074
0.3558
0.49670000000000003
0.2753
0.225
0.1441
0.1008
0.0927
0.0975
0.0864
0.0932
0.098
0.0964
0.10819999999999999
0.1422
0.2051
0.23070000000000002
0.1905
0.1738
0.5772
0.6606
0.9854999999999999
0.7207000000000001
0.3701
0.4185
0.3228
0.3377
0.8042
0.4245
0.2081
0.1419
0.1054
0.1477
0.1618
0.15610000000000002
0.15239999999999998
0.177
0.2221
0.20029999999999998
0.2039
0.2259
0.3899
0.3154
0.3033
0.3614
0.24509999999999998
0.1231
0.1323
0.20040000000000002
0.48119999999999996
0.38
0.2939
0.2468
0.17049999999999998
0.13240000000000002
0.1225
1.9673
2.812
0.2643
0.1728
0.0991
0.06620000000000001
0.0654
0.0277
0.06570000000000001
0.1484
0.2246
0.38639999999999997
0.6623
4.0433
0.38689999999999997
0.2597
0.42610000000000003
1.3
1.7216
2.0808
1.8014999999999999
0.8103
0.6546
0.5561
0.11560000000000001
0.10500000000000001
0.0975
0.1007
0.08660000000000001
0.1058
0.1195
0.13679999999999998
0.1278
0.3016
0.1508
0.1183
0.1535
0.14579999999999999
0.1635
0.3166
1.5694
1.2231
0.2602
0.1759
0.178
0.2121
0.27149999999999996
0.1814
0.025
0.0212
0.021400000000000002
0.0193
0.0245
0.021400000000000002
0.0254
0.0505
0.0989
0.15789999999999998
0.20779999999999998
0.48330000000000006
0.47219999999999995
0.2859
0.2375
0.1918
0.34299999999999997
0.3769
0.3022
0.45840000000000003
0.5
0.3255
0.1306
0.039099999999999996
0.0349
0.0364
0.0422
0.0403
0.0467
0.0718
0.1153
0.1441
0.15810000000000002
0.1802
0.2011
0.3497
0.36750000000000005
0.541
0.1647
0.2501
0.6307
0.7604
0.0969
0.0528
0.0242
0.0077
0.0196
0.0274
0.1013
0.0885
0.08249999999999999
0.0745
0.0889
0.2909
0.4528
0.2388
0.251
0.363
0.24430000000000002
0.2656
0.1918
0.1871
0.184
0.1622
0.36210000000000003
0.46040000000000003
1.9653999999999998
0.24280000000000002
0.2071
0.1442
0.1119
0.0853
0.0622
0.0579
0.062400000000000004
0.0889
0.1413
0.18080000000000002
0.1718
0.1428
0.0565
0.0763
0.021400000000000002
0.2953
1.3814
0.8865
0.012
0.5183000000000001
0.2716
0.0395
0.4287
0.0056
0.0001
0.0
0.0
0.0105
0.1532
0.1316
0.1129
0.1048
0.0984
0.09590000000000001
0.09290000000000001
0.1105
0.1339
0.1357
0.1375
0.1136
0.1052
0.1176
0.1369
0.1366
0.12819999999999998
0.1814
0.2419
0.2976
0.26
0.3019
0.30379999999999996
0.1988
0.0678
0.0538
0.047799999999999995
0.042800000000000005
0.0407
0.0405
0.039400000000000004
0.0509
0.0839
0.34349999999999997
0.3638
0.16720000000000002
0.06559999999999999
0.057300000000000004
0.0765
0.2872
0.08660000000000001
0.0759
0.06709999999999999
0.056
0.0701
0.1122
0.3039
0.17250000000000001
0.0675
0.0627
0.0534
0.0533
0.0559
0.062299999999999994
0.072
0.078
0.0722
0.1891
0.35419999999999996
0.07089999999999999
0.12010000000000001
0.1196
0.1283
0.1649
0.34509999999999996
0.203
0.19569999999999999
0.2924
0.2096
0.2717
0.2908
0.1153
0.1572
0.1347
0.1257
0.12210000000000001
0.1142
0.1105
0.08449999999999999
0.0657
0.048299999999999996
0.0458
0.042499999999999996
0.0418
0.059899999999999995
0.2249
0.153
0.3971
0.9759
0.9381
0.2371
0.2122
0.6907000000000001
0.33330000000000004
0.2187
0.1867
0.1231
0.1066
0.0978
0.10869999999999999
0.2742
0.24309999999999998
0.1874
0.1749
0.2124
0.8569
0.8141
0.08310000000000001
0.7544
1.1171
0.32899999999999996
0.3613
0.3421
0.3271
0.49670000000000003
0.7958000000000001
0.4707
0.5229999999999999
0.264
0.16620000000000001
0.1353
0.11560000000000001
0.1054
0.1084
0.1058
0.11149999999999999
0.1159
0.1677
0.44899999999999995
0.10289999999999999
0.0865
0.0947
0.0889
0.0895
0.0794
0.0872
0.24819999999999998
0.11280000000000001
0.0897
0.1491
0.2152
0.2301
0.2479
0.1905
0.49039999999999995
0.6067
0.521
0.4029
0.3852
0.3921
0.3888
0.7001
1.0081
0.33140000000000003
0.3062
0.28049999999999997
0.3094
0.3369
0.3497
0.3903
0.4343
1.1599
0.853
1.2818999999999998
1.0821
0.383
0.3479
0.2964
0.24430000000000002
0.2479
0.251
0.2625
0.2751
0.347
1.1623999999999999
1.3596
0.7199
0.2727
0.30119999999999997
0.1524
0.157
0.1814
0.5795
0.4975
0.5022
0.375
0.39480000000000004
0.675
0.4204
0.3943
0.31010000000000004
0.24869999999999998
0.0151
0.008
0.005900000000000001
0.009600000000000001
0.006
0.0078
0.0211
0.042
0.0826
0.1043
0.0995
0.11149999999999999
0.2771
0.55
0.1664
0.0579
0.8295
0.1426
0.1407
0.2384
0.2296
0.2029
0.1147
0.0401
0.0368
0.0044
0.0092
0.0075
0.0015
0.0
0.0
0.0
0.0
0.0
0.0
0.0
0.0266
1.1006
0.019
1.1238000000000001
0.9407
0.8437
0.3688
0.31389999999999996
0.2019
0.079
0.09870000000000001
0.114
0.1052
0.09620000000000001
0.101
0.09440000000000001
0.1041
0.1136
1.1128
0.349
0.14150000000000001
0.1207
0.1243
0.1326
0.1372
0.1498
0.1516
0.1784
0.3075
0.5176
0.5768
0.7357
0.3278
0.2215
0.1335
0.1154
0.0798
0.0107
0.0416
0.0183
0.035199999999999995
0.0469
0.0355
0.0741
0.0973
0.0397
0.0879
1.7678
0.1923
3.0034
0.5858
0.8904000000000001
0.7861
0.2996
0.6108
1.7378
2.0313999999999997
0.5409999999999999
0.373
0.22199999999999998
0.0
0.0
0.0
0.0
0.0017
0.0444
0.5895
0.3988
0.5539999999999999
0.3113
2.329
1.3262
0.0
0.0
0.0
0.1416
0.4746
0.21649999999999997
0.1748
0.0
0.0
0.0
0.0
0.0
0.476
0.5305
0.31
0.3114
0.3054
0.465
0.8056
0.4505
0.28049999999999997
0.22920000000000001
0.2599
0.26549999999999996
0.2946
0.3043
0.3236
0.3001
0.2962
0.7392
0.5285
0.7476
0.76
1.1029
1.3011
0.4918
0.1498
0.1069
0.09609999999999999
0.08280000000000001
0.0822
0.09179999999999999
0.12390000000000001
0.1558
0.1819
0.4194
0.41769999999999996
1.1611
0.2168
0.16870000000000002
0.2429
0.40059999999999996
0.3701
2.0407
0.9118999999999999
0.2862
0.2029
0.1765
0.5370999999999999
0.5561
0.14450000000000002
0.1381
0.135
0.13040000000000002
0.1357
0.22910000000000003
0.3322
0.21760000000000002
0.15999999999999998
0.1815
0.4846
0.5547
0.2875
0.1863
0.1723
0.2015
0.7388
0.2532
0.2508
0.23349999999999999
0.2187
0.18430000000000002
0.1617
0.14479999999999998
0.0
0.0
0.0
0.0
0.0
0.0
0.2108
0.3288
0.0
0.0286
0.0455
0.0105
0.0245
0.0003
0.3155
0.237
0.0
1.0107
0.7652
0.03
0.0055
0.008
0.0
0.0
0.2041
0.19390000000000002
0.19879999999999998
0.19690000000000002
0.1854
0.21100000000000002
0.2328
0.30879999999999996
0.6875
0.2665
0.2101
0.48829999999999996
0.3865
0.2958
0.3021
0.30720000000000003
0.32489999999999997
1.2625000000000002
0.33999999999999997
0.3171
0.5482
0.2698
0.1635
0.414
0.07949999999999999
0.0813
0.0739
0.0797
0.0882
0.11499999999999999
0.1351
0.0907
0.07020000000000001
0.1031
0.0819
0.053099999999999994
0.048100000000000004
0.0508
0.0563
0.0732
0.0565
0.8747
0.4343
0.23149999999999998
0.1512
0.2184
0.26380000000000003
0.14350000000000002
0.040499999999999994
0.0392
0.046200000000000005
0.059399999999999994
0.08080000000000001
0.1366
0.14329999999999998
0.121
0.145
0.0882
0.0906
0.0169
0.0174
0.0437
0.16499999999999998
1.0852
0.8176
0.1273
0.0651
0.2101
0.1097
0.074
0.042800000000000005
0.036699999999999997
0.28569999999999995
0.25639999999999996
0.26249999999999996
0.248
0.2361
0.2253
0.2448
0.3692
0.295
0.0988
0.0421
0.0165
0.017
0.024300000000000002
0.0241
0.1023
1.0438
1.3276000000000001
1.6071999999999997
1.6476000000000002
0.5144
0.2942
0.2438
0.21650000000000003
0.0561
0.0491
0.0305
0.09559999999999999
0.0658
0.0668
0.0659
0.07919999999999999
0.099
0.3241
0.0233
0.0429
0.0345
1.2413
0.0785
0.0679
0.08990000000000001
0.11520000000000001
0.0548
0.0392
0.039400000000000004
0.0371
0.5855
0.3653
0.24080000000000001
0.2269
0.21650000000000003
0.2087
0.2046
0.2069
0.2178
0.3449
0.45640000000000003
0.5192
0.5442
0.3811
0.31120000000000003
0.3138
0.35860000000000003
0.344
0.28359999999999996
0.3181
0.5151
0.4022
0.4224
0.5314
0.4626
0.326
2.1260000000000003
1.1921
0.17
0.13440000000000002
0.0107
0.0
0.0
0.0
3.0509
0.0
0.6789
3.6056
0.0
0.0
0.0
0.0
0.0038
0.0
0.1132
1.627
1.6207
0.0177
0.2021
1.2110999999999998
0.29969999999999997
0.26080000000000003
0.26880000000000004
0.263
0.2627
0.3006
0.41590000000000005
1.258
1.2549000000000001
0.9184
0.4716
0.6194
0.9311
0.2459
0.2001
0.2118
0.1883
1.5702
0.4485
0.3154
0.3399
0.2922
0.2368
0.2157
0.3182
0.2912
0.2844
0.2697
0.275
0.3556
0.5668
0.32289999999999996
0.2361
0.2842
0.2854
0.313
0.2403
0.22610000000000002
0.2148
0.4692
0.6058
0.32330000000000003
0.4675
0.2732
0.2391
0.24009999999999998
0.312
0.36229999999999996
0.15
0.1507
0.1331
0.10300000000000001
0.119
0.13219999999999998
0.1785
1.6663000000000001
0.2329
0.7028
0.5518000000000001
0.7857000000000001
0.45930000000000004
0.3325
0.25670000000000004
0.2575
1.1037
0.6637
1.3768
0.45999999999999996
0.47030000000000005
0.6231
0.8531
0.39339999999999997
0.1271
0.1303
0.1253
0.1456
0.1496
0.1659
0.1857
0.2026
0.2207
0.1998
0.2333
0.1278
0.4082
0.26890000000000003
0.3629
0.1872
0.1754
0.2305
0.1503
0.2012
0.1365
0.1174
0.1133
0.10039999999999999
0.0776
0.07100000000000001
0.06509999999999999
0.0654
0.0647
0.07619999999999999
0.10389999999999999
0.14179999999999998
0.1525
0.1501
0.1402
0.10830000000000001
0.11199999999999999
0.1304
0.1613
0.1588
0.13169999999999998
0.2248
0.2185
0.1861
0.1779
0.16899999999999998
0.1231
0.0838
0.0009
0.001
0.0
0.0015
0.0017
0.0059
0.0404
0.15839999999999999
0.4554
0.0851
0.0197
0.0516
0.063
0.06
0.032
0.0266
0.119
0.3428
0.0616
0.0211
0.0265
0.0008
0.0
0.0
0.0912
0.0839
0.0769
0.079
0.0742
0.08299999999999999
0.1182
0.1814
0.2509
0.23299999999999998
0.1879
0.069
0.0462
0.0458
0.0474
0.0562
0.0591
0.39
1.3616
0.643
0.2743
0.25239999999999996
0.137
0.089
0.4078
0.3847
0.37060000000000004
0.3673
0.3629
0.3732
0.3549
0.358
0.3435
0.3408
0.3165
0.3498
0.3718
0.397
0.3933
0.3765
1.6051
0.8696999999999999
0.4074
0.39959999999999996
0.6175
1.1325
0.6035999999999999
0.4472
0.1535
0.1545
0.1557
0.158
0.1705
0.21289999999999998
0.3603
0.3831
0.37050000000000005
0.3006
0.2849
0.2832
0.2931
0.3319
0.43999999999999995
0.7703
0.3034
0.2353
0.2362
0.2788
0.2441
0.18309999999999998
0.1378
0.1351
0.07550000000000001
0.0625
0.0567
0.0601
0.0597
0.058300000000000005
0.1188
0.26280000000000003
0.1946
0.1784
0.1418
0.10869999999999999
0.1263
0.126
0.1215
0.1471
0.5876
1.4628999999999999
0.7306
1.2619
0.8293999999999999
0.2248
0.122
0.0842
0.0611
0.06659999999999999
0.0615
0.060200000000000004
0.0574
0.07569999999999999
0.14129999999999998
0.0673
0.0359
0.0754
0.0308
0.0229
0.0286
0.0344
0.0354
0.028499999999999998
0.0027
0.0112
0.0451
0.02
0.0761
0.1042
0.0988
0.0774
0.069
0.0621
0.058300000000000005
0.0584
0.0574
0.0643
0.0806
0.15910000000000002
0.1588
0.1697
0.1251
0.21139999999999998
0.1501
0.12229999999999999
0.1172
0.1405
0.123
0.12279999999999999
0.127
0.09870000000000001
0.0977
0.1022
0.09709999999999999
0.0805
0.35209999999999997
0.2445
0.2435
0.226
0.2071
0.1754
0.173
0.1901
0.2131
0.25479999999999997
0.2309
1.0256
1.8176
0.236
0.1351
0.1328
0.1986
0.46499999999999997
1.1737
1.7389000000000001
0.704
0.6394
0.5447
0.3625
0.9359
0.315
0.0261
0.0262
0.0
0.0
0.0144
0.1367
1.9469
0.41159999999999997
0.3509
0.2539
0.1691
0.2623
0.1611
0.0068
0.0
0.0
0.0
0.0
0.0
0.0
0.0
0.0
0.1359
0.13269999999999998
0.1263
0.1207
0.124
0.2308
0.5468999999999999
0.38670000000000004
0.4078
0.45530000000000004
0.577
0.4333
0.4918
0.3482
0.2807
0.271
0.4254
0.34909999999999997
0.3621
0.5272
0.4568
0.32289999999999996
0.19479999999999997
0.1491
0.11979999999999999
0.12310000000000001
0.12990000000000002
0.1275
0.139
0.1773
0.237
0.29469999999999996
0.3477
0.2945
0.47950000000000004
1.0264
0.981
0.6972
0.3505
0.38039999999999996
0.5043
0.3496
0.399
0.3346
0.2017
0.13
0.1078
0.1068
0.19090000000000001
0.1678
0.1557
0.1563
0.1498
0.1585
0.16260000000000002
0.6841999999999999
0.4185
0.1446
0.1235
0.1506
0.14579999999999999
0.1375
0.1152
0.1367
0.20629999999999998
0.3641
0.605
0.3759
0.46909999999999996
0.3774
0.37339999999999995
0.29669999999999996
0.0411
0.0338
0.0332
0.0378
0.036500000000000005
0.0412
0.0562
0.0847
0.1206
0.11120000000000001
0.0372
0.0053
0.0
0.009000000000000001
0.0221
0.044800000000000006
0.08760000000000001
1.6829
0.7327
0.6471
0.1951
0.1875
0.0596
0.036199999999999996
0.2433
0.218
0.2121
0.20379999999999998
0.1898
0.1775
0.175
0.181
0.1456
0.12140000000000001
0.4335
0.1679
0.6819999999999999
0.706
0.2885
0.4043
0.34609999999999996
0.2421
0.3401
0.40049999999999997
0.262
0.27680000000000005
0.3331
0.3163
0.07899999999999999
0.08660000000000001
0.0879
0.0915
0.09179999999999999
0.22699999999999998
0.5445
0.3065
0.2474
0.1825
0.4161
0.2742
0.5448
0.2345
0.1898
0.19140000000000001
0.18919999999999998
1.0287
0.5666
0.5271
0.2207
0.1346
0.0911
0.09
0.0
0.0
0.0
0.0177
0.0
0.0155
0.0
0.0
0.4304
0.0122
0.0
1.7955999999999999
0.2474
0.0
0.0
0.3417
1.6795
1.6406
0.315
0.716
0.2831
0.1185
0.0284
0.0
0.5302
0.306
0.5076
0.2279
0.1694
0.1476
0.1456
0.1526
0.626
0.5917
0.9262999999999999
0.2787
0.149
0.1391
0.1861
0.2925
0.22549999999999998
0.1727
0.2183
0.1916
0.20500000000000002
0.2052
0.5723
0.9100999999999999
0.174
0.1582
0.1459
0.1441
0.151
0.1661
0.2201
0.2731
0.2259
0.2984
0.4677
0.333
0.2595
0.2212
0.1876
0.22010000000000002
0.7478
0.911
0.3738
0.264
0.3019
0.658
0.4976
0.28459999999999996
0.144
0.1418
0.1348
0.14100000000000001
0.1503
0.1725
0.17309999999999998
0.1608
0.1486
0.1326
0.1101
0.1172
0.1918
0.2274
0.2815
0.9834
0.73
0.2341
0.1653
0.2245
0.2767
0.2989
0.2717
0.1854
0.12309999999999999
0.1173
0.10819999999999999
0.106
0.1074
0.1229
0.5891
0.43310000000000004
0.2506
0.2248
0.2354
0.24070000000000003
0.4273
0.3221
0.3368
0.3347
0.4114
0.8146
0.4011
0.5345
0.39
0.3303
0.2223
0.1517
0.088
0.07680000000000001
0.0785
0.0749
0.0848
0.10999999999999999
0.2354
0.9459
0.1951
0.058399999999999994
0.029500000000000002
0.0205
0.024100000000000003
0.035500000000000004
0.0358
0.053000000000000005
0.1101
0.3893
0.4311
0.6970999999999999
0.384
0.2639
0.19519999999999998
0.1302
0.0562
0.0
0.2225
1.0794
0.0
0.0
0.0
0.0
0.0
0.0
0.0
0.0
0.0
0.0
0.0
0.0
0.0
0.0262
0.162
0.0
0.0
0.01
0.0983
0.4151
0.0963
0.048299999999999996
0.0354
0.0339
0.0325
0.025
0.0203
0.0243
0.028
0.0242
0.024
0.17830000000000001
0.22340000000000002
1.0328
0.4078
0.1537
0.1893
0.3166
0.2067
0.31989999999999996
0.276
0.1904
0.1754
0.1442
0.151
0.1555
0.15289999999999998
0.1502
0.1497
0.1688
0.18280000000000002
0.2612
0.3876
0.3099
0.1704
0.6006
0.1295
0.1497
0.1409
0.1829
0.3499
0.31000000000000005
0.1551
0.0939
0.0757
0.0568
0.07250000000000001
0.07350000000000001
0.25529999999999997
0.2344
0.9247000000000001
0.3986
0.2133
0.365
0.5287
0.5116
0.34719999999999995
1.0251
0.3558
0.43889999999999996
0.5784
0.3494
0.5252
0.314
0.23199999999999998
0.2662
0.8310000000000001
0.248
0.3123
0.3157
0.3616
0.3699
0.0
0.0
0.0
0.0
0.0
0.0
0.0
0.2056
1.1626
0.0
2.0247
8.0125
3.5193
0.0
0.0
0.1653
5.3638
1.1392
0.2293
1.6242999999999999
4.6548
3.5812
1.881
0.0
0.0187
0.0156
0.0359
0.028499999999999998
0.0251
0.0195
0.026099999999999998
0.0291
0.013000000000000001
0.035500000000000004
0.047799999999999995
0.4265
0.5644
0.6049
1.2415
1.9748999999999999
0.2391
0.17120000000000002
0.1596
0.183
0.21250000000000002
0.15
0.0947
0.0553
0.19840000000000002
0.17859999999999998
0.1612
0.1455
0.1267
0.125
0.1278
0.1363
0.1268
0.12990000000000002
0.1119
0.1207
0.1214
0.41450000000000004
0.3254
0.2333
0.2854
1.1547
0.8573
0.5097
0.3817
0.29800000000000004
0.2264
0.2006
0.2445
0.2333
0.2283
0.2334
0.2551
0.2544
0.2592
0.24619999999999997
0.2443
0.3795
0.2903
0.24609999999999999
0.4015
0.3201
0.29069999999999996
1.2189
0.8195
1.0634000000000001
0.6295999999999999
0.42169999999999996
0.31679999999999997
0.33099999999999996
0.4244
0.3378
0.5468999999999999
0.4992
0.40459999999999996
0.3489
0.335
0.3247
0.3319
0.38739999999999997
0.5305
0.466
0.4626
0.4871
0.4431
0.4335
0.40490000000000004
0.4144
0.44799999999999995
0.6616
0.8058
1.7172
0.9645
0.6440999999999999
0.5841
0.5359
0.0336
0.0181
0.0177
0.0133
0.0296
0.015
0.7242
0.4086
0.0
0.0
0.0
0.0
0.0
0.0
0.0
0.0
0.4614
0.0
1.5673
0.5353
0.0211
0.0483
0.25129999999999997
0.36929999999999996
0.1316
0.0695
0.0766
0.0334
0.0121
0.022600000000000002
0.0084
0.0222
0.7639
0.0
0.4726
0.0101
0.0
0.0
0.0
1.1338
0.3147
0.0675
0.056799999999999996
0.1258
0.163
0.0423
0.8392999999999999
0.4907
0.10600000000000001
0.0932
0.09259999999999999
0.0882
0.0945
0.2861
0.4418
0.076
0.093
0.0733
0.1185
0.12310000000000001
0.087
0.0839
0.0982
0.1529
0.35
0.6675
1.0216
0.201
0.3247
0.1448
0.0781
0.0809
0.18009999999999998
0.1877
0.18080000000000002
0.1791
0.2044
0.2009
0.1974
0.19619999999999999
0.1895
0.2211
0.3228
0.4421
0.6806
0.3595
0.1715
0.2118
0.18359999999999999
1.0481
0.1926
0.1679
0.1542
0.1407
0.1428
0.1429
0.156
0.1318
0.1252
0.1189
0.112
0.09809999999999999
0.3813
0.7677999999999999
0.0317
0.0959
0.0938
0.1242
0.1101
0.10139999999999999
0.0849
0.1036
0.15860000000000002
0.2204
0.29510000000000003
0.2258
0.312
0.3609
0.3016
0.2415
0.1456
0.1238
0.1129
0.1086
0.0954
0.09559999999999999
0.1147
0.1038
0.6983999999999999
0.2103
0.1614
0.6346
0.203
0.16999999999999998
0.19190000000000002
0.837
0.8187
1.3135
0.9412
0.6841999999999999
0.5382
0.37239999999999995
0.2723
0.1935
0.1378
0.1293
0.1207
0.1195
0.12140000000000001
0.12279999999999999
0.1638
0.3488
0.4682
0.6715
0.5178
0.2865
0.5327999999999999
0.22999999999999998
0.1689
0.1588
0.1815
0.6148
0.43410000000000004
0.6852
0.4615
0.3932
0.29
0.17830000000000001
0.18380000000000002
0.191
0.1936
0.1875
0.1849
0.2175
0.2912
1.3247
0.6133
0.26990000000000003
0.6182000000000001
0.3961
0.3534
0.29
0.2506
0.2395
0.254
0.3381
0.4858
0.4331
0.2573
0.18919999999999998
0.1485
0.1487
0.1608
0.1503
0.1711
0.15489999999999998
0.1191
0.5355
0.5522
0.37560000000000004
0.2801
1.0726
2.3195
0.34230000000000005
0.2885
0.24
0.2319
0.4902
2.277
0.7228
0.845
0.35519999999999996
0.3115
0.24619999999999997
0.1878
0.18180000000000002
0.1324
0.1351
0.13
0.13290000000000002
0.127
0.1449
0.3994
0.493
0.1844
0.1423
0.1259
0.2571
0.2589
0.1676
0.1568
0.2419
0.3559
0.2609
1.9497
0.6852
0.8379
0.2095
0.16970000000000002
0.1247
0.20939999999999998
0.2026
0.182
0.18619999999999998
0.17109999999999997
0.1735
0.1882
0.2016
0.2172
0.49350000000000005
0.15239999999999998
1.2582
0.2686
0.5760000000000001
0.1493
0.1064
0.13140000000000002
0.371
0.1887
0.1428
0.14750000000000002
0.145
0.1478
0.1483
0.1001
0.0568
0.08299999999999999
0.07519999999999999
0.08280000000000001
0.0907
0.12919999999999998
0.5141
0.1394
0.0419
0.054400000000000004
0.0063999999999999994
0.0139
0.021400000000000002
0.0022
1.179
0.1461
0.9487000000000001
1.3732
0.7367
0.4092
0.3977
0.7463
0.49139999999999995
0.097
0.09179999999999999
0.0836
0.0826
0.0844
0.0979
0.129
0.16160000000000002
0.2576
0.4165
0.631
0.1775
0.1389
0.1391
0.1333
0.15739999999999998
0.46130000000000004
0.2878
1.0088
0.3163
0.38339999999999996
0.3085
0.1122
0.0949
0.1201
0.1188
0.11699999999999999
0.1105
0.1043
0.11649999999999999
0.14200000000000002
0.17809999999999998
0.8948
0.5829
0.2233
0.1859
0.22660000000000002
0.2147
0.2017
0.7351
0.34099999999999997
0.34040000000000004
0.8118000000000001
0.296
0.27090000000000003
0.2495
0.20879999999999999
0.1578
0.1866
0.1568
0.1512
0.1535
0.14400000000000002
0.1764
0.1931
0.24630000000000002
0.3667
0.6701
0.7016
0.9057
1.2883
4.0851
1.9008
0.8449
0.704
0.8053
1.2328000000000001
0.7954
0.5759
0.4568
0.3681
0.27690000000000003
0.1535
0.1553
0.15739999999999998
0.1568
0.1632
0.1856
0.2551
0.4936
0.5642
0.4628
0.5494
0.9477
0.5046999999999999
0.4001
0.6023000000000001
0.5559
0.3745
0.36329999999999996
0.5941
0.3679
0.2783
0.2131
0.16820000000000002
0.1528
0.0951
0.0821
0.0754
0.0694
0.062299999999999994
0.0709
0.075
0.0581
0.1978
0.1939
0.0908
0.0574
0.0341
0.0595
0.1004
0.0587
0.5395
0.35019999999999996
0.2964
0.24980000000000002
0.26549999999999996
0.5251
0.1765
0.09989999999999999
0.12279999999999999
0.1198
0.1191
0.1224
0.1288
0.1387
0.1431
0.14200000000000002
0.16820000000000002
0.256
0.14900000000000002
0.13690000000000002
0.1358
0.1533
0.1409
0.1422
0.1852
0.16160000000000002
0.2633
0.28300000000000003
0.24530000000000002
0.1971
0.137
0.1183
0.0715
0.039
0.038
0.0411
0.0327
0.0315
0.037
0.0688
0.162
0.1009
0.069
0.060300000000000006
0.0552
0.0466
0.0499
0.06820000000000001
0.4205
0.18409999999999999
0.5423
0.9032
0.6301
0.337
0.3376
0.2329
0.1285
0.1101
0.10289999999999999
0.1084
0.0996
0.10869999999999999
0.12680000000000002
0.2028
0.4702
0.28600000000000003
0.1782
0.1869
0.2715
0.27359999999999995
0.2809
0.2232
0.8030999999999999
0.46040000000000003
0.23320000000000002
0.6811
1.1022
0.6697
0.40599999999999997
0.1767
0.0197
0.0364
0.0
0.0081
0.0
0.0
0.0053
0.0777
0.4569
0.6235
0.0
0.0
0.0
0.0
0.0
0.0
0.0
0.0
0.506
0.257
0.2618
0.2022
0.18430000000000002
0.0494
0.0881
0.08410000000000001
0.07930000000000001
0.08030000000000001
0.07680000000000001
0.08990000000000001
0.1164
0.19790000000000002
0.2744
0.2666
0.4028
0.1822
0.1535
0.17070000000000002
0.217
0.1698
0.1248
0.138
0.1641
0.1743
0.15810000000000002
0.1259
0.0949
0.0789
0.1008
0.0877
0.0825
0.0805
0.0781
0.0758
0.07680000000000001
0.0973
0.1719
0.1253
0.0921
0.0833
0.0736
0.0882
0.1099
0.1389
0.3428
0.7362
0.6896
0.5634
0.2957
0.2005
0.1282
0.10919999999999999
0.1385
0.1307
0.123
0.1217
0.119
0.1303
0.3291
0.5387
0.24570000000000003
0.2102
0.2102
0.42210000000000003
0.2792
0.2672
0.23120000000000002
0.1971
0.6629
0.3602
0.1965
0.1885
0.2516
0.2508
0.1986
0.1548
0.1879
0.15200000000000002
0.1389
0.14150000000000001
0.133
0.13269999999999998
0.1373
0.15739999999999998
0.2195
0.247
0.1885
0.22039999999999998
0.22110000000000002
0.3463
0.4717
0.1617
0.2083
0.56
0.3224
0.3832
0.635
0.7496
0.4991
0.261
0.21660000000000001
0.2069
0.19069999999999998
0.1902
0.18209999999999998
0.1905
0.3738
1.0912
0.4897
0.3648
0.3619
0.356
0.4097
0.43069999999999997
0.3944
0.3226
0.3006
0.38649999999999995
0.4017
0.5055000000000001
0.7136
0.823
0.6355
0.30369999999999997
0.1919
0.192
0.2042
0.205
0.2154
0.2666
0.523
0.6638
0.9834999999999999
0.8477999999999999
1.7218
0.5765
0.5510999999999999
0.6993
0.7357
1.7299
2.0477
0.762
0.5862
1.1300999999999999
0.9338
0.3113
0.20850000000000002
0.2133
0.21
0.2172
0.22970000000000002
0.24509999999999998
0.257
0.2114
0.1809
0.17470000000000002
0.1792
0.1708
0.1187
0.10500000000000001
0.1131
0.14300000000000002
0.2028
0.206
0.8747
0.6848
0.2983
0.2857
0.3281
0.367
0.245
0.1849
0.1383
0.1343
0.12359999999999999
0.10569999999999999
0.2823
0.728
0.4856
0.5761000000000001
0.8420000000000001
0.6621
0.3629
0.6674
1.6644
0.6802999999999999
0.2783
0.2731
0.3246
0.4263
0.6306
1.1755
0.4405
0.2158
0.1636
0.13040000000000002
0.0566
0.052
0.050199999999999995
0.047299999999999995
0.0439
0.06559999999999999
0.5315
0.72
0.3746
0.2694
0.16449999999999998
0.1206
0.1515
0.2203
0.28269999999999995
0.42500000000000004
1.0324
0.6927
0.34640000000000004
0.45589999999999997
0.2975
0.1938
0.1008
0.0741
0.054400000000000004
0.0521
0.0536
0.054599999999999996
0.0591
0.1689
0.3891
0.21839999999999998
0.1759
0.1457
0.1298
0.1181
0.1244
0.17959999999999998
0.37570000000000003
0.4185
0.9231
0.2484
0.2536
0.6649
0.238
0.1261
0.059899999999999995
0.0564
0.0682
0.0489
0.039099999999999996
0.0416
0.044399999999999995
0.0383
0.028200000000000003
0.0849
0.605
1.047
0.7502
0.3887
0.2611
0.1431
0.1282
0.1478
0.1531
1.064
0.9391
0.7057
0.5168
0.4375
0.3225
0.1309
0.1469
0.1392
0.1355
0.1298
0.1247
0.12890000000000001
0.1474
0.2074
0.2696
0.32230000000000003
0.2352
0.2253
0.3468
0.2148
0.2183
0.2284
0.9948
0.4354
0.7485999999999999
0.43210000000000004
0.2733
0.2405
0.1983
0.1696
0.434
0.4372
0.4162
0.40149999999999997
0.3613
0.36229999999999996
0.3441
0.4216
1.7042
0.4584
0.252
0.313
0.3133
0.3224
0.382
0.5068
0.3909
0.4578
0.5892
0.3885
0.5478
1.3105
0.4885
0.42869999999999997
0.1049
0.11560000000000001
0.11879999999999999
0.1169
0.1157
0.1367
0.1543
0.2803
0.5463
0.4043
0.6014
1.3256000000000001
0.052199999999999996
0.131
0.1446
0.3851
0.12459999999999999
0.0833
0.0764
0.09129999999999999
0.0889
0.0854
0.0786
0.08779999999999999
0.151
0.1462
0.1353
0.1273
0.1341
0.14350000000000002
0.1515
0.1654
0.1366
0.6930000000000001
0.2015
0.9016
0.2162
0.16060000000000002
0.1507
0.1678
0.24569999999999997
0.5847
0.1381
0.1218
0.1202
0.1016
0.1149
0.1217
0.0327
0.035199999999999995
0.032100000000000004
0.0325
0.0305
0.0307
0.1571
1.15
0.22260000000000002
0.43970000000000004
0.2049
0.6032
0.1358
0.0356
0.0021999999999999997
0.00039999999999999996
0.0158
0.0799
0.25770000000000004
0.2802
0.1879
0.1066
0.0489
0.043300000000000005
0.1043
0.0974
0.0939
0.0922
0.09670000000000001
0.1014
0.131
0.1563
0.1896
0.2427
0.24409999999999998
0.1784
0.206
0.30720000000000003
0.2794
0.25429999999999997
0.3762
0.6682999999999999
0.6066
0.5237
0.7148
0.38480000000000003
0.1435
0.0954
0.12840000000000001
0.1164
0.1066
0.10700000000000001
0.10289999999999999
0.1091
0.10650000000000001
0.1112
0.13040000000000002
0.1778
0.2136
0.13529999999999998
0.13019999999999998
0.1395
0.1442
0.1792
0.2339
0.8306
0.1992
0.1664
0.11099999999999999
0.7716000000000001
0.1892
0.1476
0.1553
0.15439999999999998
0.1537
0.1617
0.1706
0.17670000000000002
0.1772
0.17459999999999998
0.1759
0.5874999999999999
0.19119999999999998
0.224
0.2236
0.30389999999999995
0.2444
0.3313
0.2374
0.2359
0.24069999999999997
0.33089999999999997
0.398
0.2245
0.1471
0.139
0.1074
0.0931
0.0809
0.08549999999999999
0.092
0.1191
0.2258
0.22920000000000001
0.238
0.3387
0.8332999999999999
0.1913
0.39549999999999996
0.273
0.3968
0.32030000000000003
0.29510000000000003
0.37439999999999996
0.4577
0.5085999999999999
1.0153
0.3067
0.1466
0.10220000000000001
0.4124
0.3781
0.355
0.355
0.3439
0.2946
0.3086
0.32799999999999996
0.3075
0.257
0.1795
0.1497
0.8531
2.2806
0.3514
0.4079
0.881
1.4821
1.111
1.1136
1.6341999999999999
0.7044
0.6542
0.5847
0.0537
0.0414
0.038900000000000004
0.0372
0.026099999999999998
0.0238
0.0156
0.0526
0.0579
0.0266
0.0101
0.026500000000000003
0.0329
0.0169
0.0283
0.1922
1.1288
0.6172
0.24630000000000002
0.2812
0.2958
0.1026
0.0639
0.0521
0.13419999999999999
0.1254
0.1134
0.1163
0.1318
0.20729999999999998
0.21489999999999998
0.1926
0.1898
0.1857
0.18230000000000002
0.16899999999999998
0.5730999999999999
0.2353
0.2264
0.3353
1.1127
1.553
1.4135
0.40700000000000003
0.3493
0.2955
0.2082
0.1598
0.5575
0.47140000000000004
0.32020000000000004
0.5922000000000001
0.488
0.356
0.2975
0.2525
0.1925
0.12359999999999999
0.1296
0.12240000000000001
0.1402
0.1254
0.1018
0.08549999999999999
0.1538
1.0332
0.1067
2.1376999999999997
1.249
0.6523
0.3523
0.2779
0.0487
0.038099999999999995
0.051500000000000004
0.049
0.046
0.0475
0.0692
0.08910000000000001
0.08610000000000001
0.0907
0.1206
0.396
0.9912000000000001
0.3574
0.2117
0.8075000000000001
1.1864
1.104
0.2534
0.3772
0.8661
0.1063
0.077
0.0625
0.1251
0.1048
0.10170000000000001
0.099
0.0952
0.1077
0.1647
0.28259999999999996
0.43679999999999997
0.3399
1.0932
0.6473
0.786
0.5522
0.7154
0.3971
0.964
0.4066
0.2131
0.2631
0.607
0.6915
0.4498
0.21089999999999998
0.2133
0.122
0.0872
0.0725
0.0688
0.066
0.07730000000000001
0.0795
0.0959
0.0848
0.0906
0.08099999999999999
0.076
0.7542
0.0439
0.0703
0.08990000000000001
0.2157
0.31279999999999997
1.2804
0.9944999999999999
0.5131
0.3779
0.2848
0.1493
0.1197
0.1356
0.1475
0.147
0.1071
1.2458
0.38580000000000003
0.0572
0.0383
0.0541
0.035699999999999996
0.0483
0.061900000000000004
0.0753
0.0632
0.1057
0.3467
2.9254
0.8126
0.6743
0.5858
0.7662
0.7532000000000001
0.1031
0.1139
0.0865
0.1013
0.1412
0.1439
0.09759999999999999
0.0843
0.0999
0.09159999999999999
0.0797
0.0448
0.4112
0.1625
0.0776
0.0556
0.0405
0.1219
0.7896
0.3782
0.5155
0.2128
0.1324
0.092
0.0827
0.06620000000000001
0.0576
0.0535
0.0504
0.0502
0.0822
0.0854
0.0331
0.0475
0.0598
0.0469
0.0315
0.0239
0.0193
0.030100000000000002
0.027200000000000002
0.0611
0.12140000000000001
0.0741
0.0509
0.0559
0.06559999999999999
0.0641
0.1464
0.1328
0.11979999999999999
0.12329999999999999
0.12869999999999998
0.1628
0.1749
0.1148
0.09970000000000001
0.1054
0.1062
0.1131
0.11649999999999999
0.12360000000000002
0.1375
0.19169999999999998
0.39049999999999996
2.0528
0.9904
0.19390000000000002
0.2391
0.1849
0.1489
0.1426
0.15189999999999998
0.1436
0.1345
0.1331
0.13040000000000002
0.14479999999999998
0.1864
0.5185
0.6918
0.37970000000000004
0.1497
0.12129999999999999
0.134
0.12919999999999998
0.1134
0.1341
0.16349999999999998
0.6407
1.3422999999999998
0.4096
0.23520000000000002
0.24009999999999998
0.2067
0.1719
0.1742
0.1722
0.1637
0.1694
0.15560000000000002
0.1625
0.22660000000000002
0.3909
1.7819
0.2465
0.1006
0.0549
0.095
0.0824
0.0945
0.101
0.0892
1.6833
1.5071
0.9057000000000001
0.526
0.4475
0.33999999999999997
0.2354
0.18180000000000002
0.1577
0.1588
0.1614
0.16199999999999998
0.27899999999999997
0.703
0.1664
0.0611
0.055900000000000005
0.0503
0.0468
0.0511
0.054599999999999996
0.08360000000000001
0.2445
0.3016
0.2007
0.25730000000000003
0.4551
0.3537
0.3175
0.3296
0.2667
0.27659999999999996
0.2622
0.2051
0.1479
0.11760000000000001
1.0051999999999999
0.2198
0.0793
0.047799999999999995
0.4332
0.8645999999999999
0.1775
0.5206
0.042
0.0064
0.0132
0.0
0.0761
0.4575
0.32889999999999997
0.3625
0.3598
1.5574
0.5547
0.1366
0.1265
0.1202
0.1157
0.1124
0.113
0.1154
0.1278
0.1601
0.2316
0.21000000000000002
0.2972
0.2183
0.2003
0.19669999999999999
0.19979999999999998
0.2076
0.1819
0.1938
0.18209999999999998
0.17509999999999998
0.1754
0.1671
0.1542
0.0221
0.0242
0.0206
0.020900000000000002
0.0178
0.0193
0.0194
0.0411
0.089
0.15739999999999998
0.2076
0.3728
0.2647
0.2267
0.3795
0.48530000000000006
0.40090000000000003
0.5941
0.6951
0.7751
1.0748
0.7728999999999999
0.249
0.0543
0.1587
0.159
0.1943
0.21660000000000001
0.2193
0.2293
0.2249
0.20900000000000002
0.18359999999999999
0.15460000000000002
0.16699999999999998
0.2017
0.3003
0.3449
0.40449999999999997
0.312
0.24919999999999998
0.552
1.4096
1.0027
0.3035
0.1432
0.11410000000000001
0.1195
0.2132
0.19140000000000001
0.1795
0.1716
0.1716
0.176
0.1837
0.19390000000000002
0.1963
0.2225
0.2158
0.2278
0.3418
0.32789999999999997
0.2558
0.2461
0.3589
0.502
0.4726
0.7404
0.46940000000000004
0.43320000000000003
0.3953
0.2935
0.0283
0.0375
0.0489
0.0422
0.0641
0.1293
1.0558
0.6779999999999999
0.0905
0.0211
0.06459999999999999
0.0886
0.0932
0.09079999999999999
0.1359
0.1784
0.5496
0.6593
0.3689
0.2403
0.0974
0.0
0.0
0.027200000000000002
0.1562
0.1273
0.1189
0.1073
0.1022
0.10300000000000001
0.10769999999999999
0.1087
0.1056
0.1366
0.4114
0.4436
0.26489999999999997
0.2655
0.3507
0.6742
0.6607
0.4599
0.3591
0.2768
0.2651
0.3171
0.3231
0.256
0.1465
0.1203
0.1059
0.1068
0.1028
0.1012
0.1013
0.4075
0.2604
0.09620000000000001
0.0862
0.0823
0.0948
0.0917
0.0848
0.1124
0.1938
0.7151000000000001
0.36760000000000004
0.6786000000000001
0.5399
0.2773
0.2596
0.2263
0.0628
0.0579
0.06129999999999999
0.055900000000000005
0.0571
0.0693
0.0869
0.1154
0.13590000000000002
0.09709999999999999
0.1184
0.1263
0.08510000000000001
0.1132
0.20229999999999998
0.5955
0.9267
0.4107
0.1397
0.1425
0.19540000000000002
0.1499
0.0791
0.0633
0.2649
0.2558
0.2455
0.2542
0.2843
0.2761
0.2639
0.255
0.22970000000000002
0.22349999999999998
0.1982
0.21789999999999998
0.4168
0.5675
0.33840000000000003
0.3986
0.9466999999999999
0.667
0.7404999999999999
0.7007
0.6181
0.33740000000000003
0.2524
0.23220000000000002
0.35150000000000003
0.3369
0.32089999999999996
0.29479999999999995
0.2552
0.25
0.2425
0.2255
0.2043
0.1931
0.4081
0.43910000000000005
0.2925
0.6391
0.3483
0.9433
0.4617
0.27190000000000003
0.24830000000000002
0.3503
0.3488
0.32389999999999997
0.2854
0.2788
0.14700000000000002
0.1412
0.134
0.1338
0.1326
0.1422
0.1941
0.3077
0.2996
0.2424
0.2129
0.1782
0.1646
0.16
0.14329999999999998
0.1506
0.15460000000000002
0.21200000000000002
0.2645
0.4999
0.9615
0.34740000000000004
0.1995
0.1508
0.0383
0.034199999999999994
0.0296
0.0298
0.0295
0.036199999999999996
0.055
0.09759999999999999
0.1008
0.08579999999999999
0.0833
0.1507
0.124
0.06739999999999999
0.043899999999999995
0.0393
0.0564
0.1266
0.0923
0.1185
0.1355
0.1028
0.0688
0.0437
0.1096
0.0786
0.0812
0.07730000000000001
0.0685
0.0723
0.07189999999999999
0.0874
0.0953
0.1303
0.19519999999999998
0.5662
0.2613
0.9544
1.0772
0.3568
0.6517
0.6353
0.35140000000000005
0.3318
0.3355
0.358
0.3368
0.2127
0.4403
0.1687
0.0719
0.5808
0.19879999999999998
0.1056
0.0584
0.1442
0.156
0.0718
0.0
0.0
0.0
0.0
0.0
0.0
0.0
0.0
0.4816
0.2728
0.1794
0.163
0.5495
0.1452
0.1224
0.12329999999999999
0.124
0.1207
0.11560000000000001
0.12569999999999998
0.1457
0.16649999999999998
0.17359999999999998
0.1698
0.21649999999999997
1.1532
0.7236
0.4125
0.8243
0.47290000000000004
0.217
0.202
0.23959999999999998
0.2676
0.2718
0.1984
0.1436
0.1264
0.1748
0.1728
0.1779
0.178
0.16510000000000002
0.17159999999999997
0.1864
0.30979999999999996
0.224
0.1403
0.08679999999999999
0.0567
0.0683
0.0625
0.07200000000000001
0.0842
1.0838999999999999
0.3412
0.6856
0.30610000000000004
0.1859
0.18530000000000002
0.1705
0.1669
0.1446
0.13419999999999999
0.137
0.13940000000000002
0.1432
0.173
0.2097
0.27480000000000004
0.3335
1.2350999999999999
0.27390000000000003
0.9846999999999999
1.0574
1.8754
0.39990000000000003
0.28390000000000004
0.5588
0.19140000000000001
0.0524
0.0852
0.08979999999999999
0.051000000000000004
0.041499999999999995
0.0636
0.1021
0.09290000000000001
0.08349999999999999
0.0812
0.0804
0.0827
0.0925
0.12010000000000001
0.2456
0.236
0.2995
0.4578
0.2057
0.18
0.1709
0.1611
0.16499999999999998
0.1974
0.17909999999999998
0.24309999999999998
0.2586
0.2454
0.186
0.1291
0.0485
0.0219
0.0377
0.0552
0.0479
0.046
0.0471
0.055900000000000005
0.1518
0.1425
0.1104
0.3439
0.20450000000000002
0.0293
0.0027
1.292
1.7703
2.2458
1.0635
1.3014000000000001
1.2973000000000001
0.2535
0.23709999999999998
0.40259999999999996
0.0746
0.0809
0.0808
0.0791
0.0752
0.0993
0.1368
0.3264
0.5311
0.1482
0.1194
0.1248
0.1266
0.1305
0.1356
0.36679999999999996
1.0739
0.5006
0.396
0.2054
0.1469
0.0816
0.0613
0.0633
0.1197
0.1117
0.10669999999999999
0.1079
0.104
0.1038
0.107
0.1094
0.1047
0.1187
0.10650000000000001
0.1057
0.1607
0.16110000000000002
0.2116
0.2073
0.1945
0.2707
0.3378
0.2977
0.1666
0.1466
0.1347
0.1225
0.060399999999999995
0.0363
0.0669
0.040499999999999994
0.0358
0.0308
0.041
0.0527
0.20989999999999998
0.1101
0.0744
0.07669999999999999
0.051199999999999996
0.0592
0.5539
1.8811
0.4154
0.2742
0.7130000000000001
1.346
0.6106
0.6487
0.5626
0.2024
0.0955
0.09720000000000001
0.0879
0.086
0.0827
0.0996
0.2939
0.5469999999999999
0.26280000000000003
0.21839999999999998
0.2927
0.2504
0.35850000000000004
0.2374
0.1899
0.1625
0.1755
0.5393
0.2304
0.7291
0.4105
0.26280000000000003
0.1555
0.1066
0.0542
0.0265
0.016800000000000002
0.0149
0.0132
0.0075
0.0014
0.0148
0.0356
0.028
0.053099999999999994
0.0225
0.0042
0.0036
0.0
0.0
0.0016
0.079
0.1084
0.1462
0.2579
0.3012
0.1849
0.0891
0.2727
0.2259
0.21889999999999998
0.2168
0.17520000000000002
0.1377
0.030100000000000002
0.0
0.0
0.0
0.0
0.0
0.0
0.0
0.0
0.6454
1.5855
1.1937
2.2099
0.7311000000000001
1.0295
0.7198
0.3627
0.2875
0.1669
0.1548
0.1557
0.16099999999999998
0.1524
0.1691
0.1621
0.38339999999999996
0.4662
0.7077
0.054599999999999996
0.0891
0.1117
0.1313
0.1361
0.24819999999999998
0.1949
0.1582
0.5902
0.2567
0.4127
0.2039
0.1719
0.1578
0.12329999999999999
0.1035
0.0983
0.0954
0.08929999999999999
0.09209999999999999
0.0944
0.3466
0.1951
0.0611
0.0393
0.040499999999999994
0.051000000000000004
0.0456
0.0323
0.0605
0.7922
0.2982
0.35760000000000003
0.4685
0.30720000000000003
0.22970000000000002
0.2323
0.1838
0.6003000000000001
0.46140000000000003
0.4102
0.2082
0.16949999999999998
0.1385
0.1346
0.1356
0.1411
0.17709999999999998
0.2027
0.1882
0.2017
0.6182
1.6526999999999998
0.6486000000000001
0.2373
0.2748
0.4911
1.2454
1.3345
0.6198
0.5731999999999999
0.7991
0.0552
0.0466
0.0402
0.0372
0.0324
0.053000000000000005
0.1394
0.5298999999999999
0.11199999999999999
0.35309999999999997
0.078
0.0421
0.0621
0.08
0.187
0.1892
0.0839
0.0397
1.3173
0.20900000000000002
0.08399999999999999
0.11879999999999999
0.1064
0.067
0.0925
0.0824
0.07730000000000001
0.07830000000000001
0.0879
0.1863
0.13419999999999999
0.1063
0.098
0.0995
0.0863
0.08860000000000001
0.4137
0.1211
0.0884
0.08990000000000001
0.1038
0.2076
0.48729999999999996
0.5145
0.42000000000000004
0.1698
0.111
0.0894
0.0159
0.0069
0.0102
0.0118
0.0027
0.0018
0.0
0.0142
0.0002
0.6013000000000001
0.024
0.0029
0.0
0.0
0.015
0.0591
2.0486
0.4341
0.7544
0.857
0.1684
0.2403
0.11839999999999999
0.0392
0.4067
0.3378
0.2978
0.2979
0.2974
0.3319
0.5745
0.45919999999999994
0.32999999999999996
0.28059999999999996
0.5764
0.3729
0.2843
0.27849999999999997
0.28790000000000004
0.34450000000000003
0.42169999999999996
0.9022
0.5356
0.4829
0.4605
0.3214
0.2241
0.21810000000000002
0.4425
0.3772
0.35960000000000003
0.3702
0.3591
0.4333
0.6031
0.8614999999999999
0.6726000000000001
0.5333
0.1945
0.1286
0.0703
0.06739999999999999
0.0477
0.11449999999999999
0.2286
0.7491
1.7666
1.1494
0.7359
0.6558999999999999
2.0091
0.5184
0.185
0.1819
0.16970000000000002
0.1644
0.1613
0.16620000000000001
0.1699
0.1977
0.2176
0.405
0.6726000000000001
0.8754000000000001
1.3397000000000001
0.3519
0.3599
0.2975
0.21810000000000002
0.2137
0.24
0.3021
0.3258
0.3124
0.2512
0.215
0.12940000000000002
0.13019999999999998
0.1124
0.1822
0.3996
0.4701
0.2895
0.22820000000000001
0.24430000000000002
0.24509999999999998
0.2348
0.1805
0.44500000000000006
0.217
0.1848
0.1457
0.5808
0.1642
0.13540000000000002
0.2026
0.2031
0.23670000000000002
0.2596
0.1996
0.0716
0.0638
0.0584
0.0571
0.0565
0.06359999999999999
0.1388
0.1773
0.0759
0.08399999999999999
0.0765
0.0933
0.0787
0.0776
0.07339999999999999
0.09839999999999999
0.20750000000000002
0.25839999999999996
0.1791
0.1308
0.132
0.1177
0.1018
0.0829
0.0963
0.0888
0.0796
0.0797
0.07619999999999999
0.08099999999999999
0.0975
0.2173
0.5465
0.19590000000000002
0.16449999999999998
0.1275
0.1278
0.126
0.1225
0.1353
0.9148000000000001
1.1749999999999998
0.5159
0.3788
0.6477999999999999
0.4346
0.17620000000000002
0.10830000000000001
0.1855
0.1505
0.1366
0.13269999999999998
0.13190000000000002
0.137
0.2252
0.4202
0.20729999999999998
0.299
0.4234
0.25579999999999997
0.2072
0.18130000000000002
0.16870000000000002
0.1855
0.2002
0.5627
0.2811
0.27890000000000004
0.2761
0.3588
0.39990000000000003
0.2565
0.1051
0.0833
0.0923
0.0844
0.08990000000000001
0.10469999999999999
0.14329999999999998
0.1552
0.1678
0.18059999999999998
0.19390000000000002
0.1647
0.4007
0.23570000000000002
0.2479
0.40890000000000004
0.9931
1.7628
2.15
0.5589
0.30410000000000004
0.2572
0.1791
0.1288
0.1442
0.1389
0.13590000000000002
0.137
0.1403
0.1575
0.19569999999999999
0.1895
0.177
0.1852
0.16260000000000002
0.1466
0.1581
0.1671
0.1723
0.1916
0.1982
0.2553
0.3658
0.2636
0.218
0.20650000000000002
0.17859999999999998
0.1535
0.3352
1.2248
0.3166
1.4692
1.3814
1.484
0.0931
0.06720000000000001
0.0718
0.0865
0.0001
0.2126
1.2955999999999999
0.0353
0.0
0.0
0.0
0.0105
0.0
0.0
0.0
0.0237
0.0
0.059800000000000006
0.0347
0.0194
0.023600000000000003
0.0194
0.0217
0.024399999999999998
0.0853
0.113
0.0435
0.0617
0.12329999999999999
0.1414
0.1669
0.016399999999999998
0.0
0.0
0.0881
0.0178
0.0
0.0185
0.0363
0.0755
0.0968
0.0682
0.0653
0.048799999999999996
0.0317
0.0264
0.027500000000000004
0.0221
0.0271
0.029699999999999997
0.0086
0.8891
0.0403
0.16670000000000001
0.18030000000000002
0.1163
0.1155
0.1956
0.094
0.113
0.2695
0.2885
0.2467
0.23349999999999999
0.306
0.1736
0.122
0.1021
0.0943
0.0884
0.0853
0.093
0.1059
0.121
0.10250000000000001
0.129
0.1716
0.23560000000000003
0.2286
0.0965
0.07400000000000001
0.0807
0.0897
0.17170000000000002
0.19
0.15889999999999999
0.1477
0.1351
0.1269
0.11349999999999999
0.052199999999999996
0.015
0.0183
0.0187
0.006699999999999999
0.004
0.0
0.0025
0.0
0.0
0.0071
0.5292
1.0406
0.6413
0.0035
0.0
0.022099999999999998
0.14730000000000001
0.3998
0.3424
0.33409999999999995
0.2081
0.1395
0.0791
0.4803
0.22610000000000002
0.16449999999999998
0.2394
0.23099999999999998
0.2567
0.5594
0.9154
0.2098
0.0012
0.0
0.0
0.0
0.0
0.0
0.0
0.0
0.0
0.0371
0.2936
0.524
0.09140000000000001
0.06709999999999999
0.40240000000000004
0.0978
0.0863
0.0814
0.0809
0.0837
0.09040000000000001
0.1046
0.1173
0.1251
0.181
0.1757
0.1537
0.2994
0.2213
0.1885
0.2098
0.1699
0.1975
0.2317
0.16620000000000001
0.1716
0.1891
0.1747
0.1287
0.0886
0.08449999999999999
0.1043
0.08130000000000001
0.0903
0.10250000000000001
0.1247
0.2823
0.5428
1.3311
0.5191
0.33599999999999997
0.425
0.3321
0.3935
2.3447
1.9695
1.2066
0.946
0.7651
0.5155000000000001
0.3326
0.2111
0.1447
0.24470000000000003
0.2
0.18330000000000002
0.1724
0.1633
0.16360000000000002
0.176
0.1765
0.5526
0.6393
0.7924
0.883
0.2819
0.2146
0.2131
0.2084
0.23349999999999999
0.8734
0.9321999999999999
0.4337
0.4154
0.4313
0.4238
0.3194
4.0713
3.9144
4.1823
3.0678
1.3483
0.18839999999999998
0.1265
0.11199999999999999
0.0826
0.046200000000000005
0.0303
0.038400000000000004
0.020399999999999998
0.009000000000000001
0.0081
0.0408
0.08990000000000001
0.1178
1.4476
0.7128000000000001
0.5687
0.8564
2.7847
3.0704000000000002
0.0182
0.0
0.0017
0.0202
0.0239
0.038599999999999995
0.0196
0.009600000000000001
0.0175
0.0212
0.6684
0.5277000000000001
0.0759
1.3264
0.0148
0.0
0.0288
1.0405
0.8177000000000001
0.6666000000000001
0.45399999999999996
0.6518999999999999
0.2957
0.0799
0.3053
0.2706
0.259
0.2535
0.236
0.2339
0.2346
0.24430000000000002
0.24259999999999998
0.25560000000000005
0.2637
0.484
0.3447
0.26839999999999997
0.2366
0.5586
0.3295
0.2643
0.6785
0.3062
0.319
0.3147
0.3466
0.3608
0.1808
0.1686
0.1613
0.1592
0.18309999999999998
0.1613
0.14300000000000002
0.12880000000000003
0.1182
0.2504
0.22760000000000002
0.263
0.5221
0.19419999999999998
0.11800000000000001
0.2359
0.4941
1.2924
0.8107
0.1008
0.0983
0.11660000000000001
0.14700000000000002
0.15200000000000002
0.11
0.096
0.093
0.087
0.08349999999999999
0.08499999999999999
0.5661
0.4579
0.17259999999999998
0.5198
0.1966
0.1958
0.2156
0.1985
0.1876
0.2538
0.20329999999999998
0.1848
0.453
0.1819
0.2429
0.527
0.3156
0.1591
0.2701
0.2167
0.25229999999999997
0.6084
0.42469999999999997
0.3117
0.29790000000000005
0.25680000000000003
0.2771
0.18409999999999999
0.1274
0.13440000000000002
0.19469999999999998
0.2319
0.3011
0.55
0.381
1.0144
0.7339
0.6102
1.2651
1.5743
0.7988
0.2506
0.0561
0.045200000000000004
0.036699999999999997
0.0361
0.0348
0.0291
0.045599999999999995
0.5581
0.0402
0.0353
0.0303
0.0532
0.0712
0.0548
0.045399999999999996
0.0568
0.1845
0.6413
1.0149
0.12290000000000001
0.173
0.1785
0.1725
0.1252
0.0817
0.06709999999999999
0.061700000000000005
0.061399999999999996
0.059399999999999994
0.06559999999999999
0.09440000000000001
0.154
0.0735
0.0785
0.1779
0.1213
0.047299999999999995
0.0412
0.0452
0.134
0.36250000000000004
0.5536000000000001
0.4404
0.12040000000000001
0.13140000000000002
0.15189999999999998
0.14040000000000002
0.1063
0.127
0.1166
0.12009999999999998
0.1264
0.0779
0.0499
0.0393
0.0332
0.0
0.0042
0.0
0.0435
0.0619
0.3045
0.0642
0.0346
0.6096
0.34209999999999996
0.054400000000000004
0.0763
0.11779999999999999
0.0386
0.033
0.064
0.019
0.0085
0.0048000000000000004
0.004
0.0123
0.0018
0.0416
0.2491
0.10880000000000001
0.41910000000000003
0.2993
0.8019000000000001
0.675
0.1199
0.6623
0.1099
0.0566
0.088
0.3721
0.0688
0.10650000000000001
0.1085
0.08810000000000001
0.042300000000000004
0.20929999999999999
0.07139999999999999
0.0774
0.0542
0.0546
0.042600000000000006
0.2365
0.5315
0.0432
0.1168
0.1834
0.07300000000000001
0.1104
0.0
0.0
0.0
0.0
0.0548
1.3944999999999999
0.245
0.20529999999999998
0.20400000000000001
0.17020000000000002
0.1222
0.2741
0.19490000000000002
0.1725
0.1437
0.1331
0.1291
0.1279
0.1447
0.1568
0.7767000000000001
1.3178999999999998
0.305
0.2424
1.4895
1.2601
0.4524
0.2844
0.3164
0.3897
0.3385
0.3598
0.3967
0.9101999999999999
0.5642
0.0
0.0
0.0
0.0
0.0
0.0
0.0
0.0
0.0
0.0
0.0
0.1353
0.0
0.6728
0.0918
0.1783
0.1296
0.0
0.0
0.0
0.0
0.3921
0.2397
0.0
0.0199
0.0316
0.0122
0.0
0.0
0.013499999999999998
0.0167
0.0
0.0451
0.0
0.0
0.1219
1.363
2.2184
0.36360000000000003
1.791
3.8933
1.5741
1.1574
1.9193
1.4353
1.9009999999999998
2.142
0.0971
0.054099999999999995
0.0616
0.0872
0.0597
0.0594
0.0728
0.0994
0.1029
0.1424
0.9745
0.3316
0.13829999999999998
0.1341
0.2534
0.5477
1.3136
2.8533999999999997
2.2526
0.8675
1.4897
1.0231
1.3728
0.1851
0.0767
0.0727
0.0735
0.0279
0.039
0.047799999999999995
0.0862
0.17149999999999999
0.0786
0.0179
0.0
0.8244
0.0
0.0
0.0102
0.23929999999999998
0.1358
0.0797
0.3865
0.1431
0.1725
0.1582
0.3375
0.0
0.0055
0.1275
0.1207
0.1373
0.1444
0.1362
0.18630000000000002
0.29259999999999997
0.9074
1.6048
0.46630000000000005
0.3285
0.4748
0.4021
0.6039
0.7948999999999999
1.9421
0.3457
0.41679999999999995
0.5607
0.2757
0.2601
0.1899
0.14629999999999999
0.13069999999999998
0.2074
0.2474
0.2742
0.2596
0.2489
0.281
0.2979
0.2731
0.2174
0.179
0.2212
0.29969999999999997
0.7784
0.32430000000000003
0.29169999999999996
0.3141
0.278
2.1594
1.1205
1.3097
0.23870000000000002
0.1474
0.1243
0.14300000000000002
0.24459999999999998
0.1741
0.1736
0.1652
0.15339999999999998
0.15339999999999998
0.1713
0.19540000000000002
0.2193
0.265
0.32030000000000003
0.345
0.3056
0.8028
1.273
0.5851999999999999
0.35519999999999996
0.6872
1.2037
0.6064
0.7885
1.0599
1.0078
0.8291
0.2049
0.20879999999999999
0.21739999999999998
0.2032
0.1824
0.1865
0.1921
0.2727
0.4938
0.1874
0.14379999999999998
0.1421
0.17830000000000001
0.1659
0.2025
0.5266
0.28159999999999996
0.26739999999999997
0.27790000000000004
0.2365
0.1901
0.1699
0.1585
0.1588
0.351
0.3411
0.30779999999999996
0.30069999999999997
0.2953
0.3204
0.45289999999999997
0.5676
1.1609
1.1328
1.4813999999999998
0.5330999999999999
1.1527
0.6019
0.2891
0.2079
0.2583
0.2945
0.2862
0.6559999999999999
0.7085
0.5282
0.392
0.3085
0.0615
0.0544
0.048100000000000004
0.0487
0.0457
0.0497
0.0586
0.0922
0.1312
0.336
0.1108
0.1263
0.1985
0.1402
0.2696
0.3457
0.112
0.0964
0.08510000000000001
0.29410000000000003
0.274
0.2288
0.1639
0.09820000000000001
0.0
0.0
0.0
0.0
0.0
0.0
0.0
0.0
0.0
0.0
0.923
0.9164
0.2001
0.5861000000000001
0.76
0.3651
0.7261
0.22960000000000003
0.5247999999999999
1.0604
0.0071
0.0
0.0
0.0
0.0959
0.0548
0.037000000000000005
0.0304
0.024399999999999998
0.0279
0.0331
0.0461
0.344
0.06570000000000001
0.3723
0.1074
0.0977
0.1021
0.193
0.09820000000000001
0.0814
0.10719999999999999
0.08
0.127
0.22310000000000002
0.4657
0.2857
0.1124
0.4744
0.0345
0.0466
0.042499999999999996
0.0404
0.039400000000000004
0.0568
0.04870000000000001
0.0953
0.1113
0.8335999999999999
0.319
0.2586
0.199
0.36
0.3768
0.2601
0.5962
0.23809999999999998
0.5474
2.4936
1.6974
0.8388
0.2844
0.3517
0.26849999999999996
0.3247
0.3466
0.2767
0.2929
0.3097
0.3049
0.273
0.24480000000000002
0.2016
0.18009999999999998
0.9257
1.0298
1.1295
1.6721
0.8582
1.4169
0.47109999999999996
0.8616999999999999
0.5345
0.5092
0.6504
0.6656
0.1159
0.1033
0.115
0.107
0.10300000000000001
0.11810000000000001
0.1567
0.2273
0.30489999999999995
0.2594
0.28500000000000003
0.48619999999999997
1.1016
0.9914000000000001
0.9242
1.0175999999999998
0.5328999999999999
0.8005
0.8585
0.7635000000000001
0.5523
0.3073
0.19
0.1385
0.1357
0.1139
0.1045
0.1003
0.09570000000000001
0.0984
0.1157
0.1303
0.13979999999999998
0.1553
0.2137
0.485
0.7267
0.8059000000000001
0.7571
0.27290000000000003
0.2447
0.28400000000000003
0.47009999999999996
1.0487
0.4824
0.21050000000000002
0.1785
0.1475
0.4455
0.3615
0.1745
0.1471
0.11879999999999999
0.8964
1.5641
0.5786
0.3155
0.2267
0.4867
0.2013
0.2375
0.0868
0.051000000000000004
0.034600000000000006
0.0552
0.0334
0.0624
0.1926
0.3175
0.3106
0.2379
0.18230000000000002
0.0293
0.0184
0.0484
0.0426
0.0625
0.2599
0.5886
0.1274
0.0002
0.0
0.0
0.0004
0.0103
0.0
0.0
0.5586
1.1439
0.6294
0.0555
0.0464
0.049999999999999996
0.0
0.0
0.0039
0.186
0.1492
0.15610000000000002
0.1487
0.1374
0.19340000000000002
0.3274
0.4875
0.8079000000000001
0.6774
0.2717
0.2271
1.0877
1.0908
0.8991
0.6743
0.8282
1.3819
0.2334
0.2339
0.2603
0.4042
0.3789
0.21900000000000003
0.1157
0.1031
0.0968
0.0932
0.0902
0.0879
0.0896
0.0952
0.1002
0.1184
0.12229999999999999
0.11
0.10830000000000001
0.15889999999999999
0.1892
0.20729999999999998
0.2286
0.2267
0.2058
0.19390000000000002
0.2222
0.2387
0.1824
0.1408
0.0436
0.043800000000000006
0.0506
0.0291
0.0423
0.048
0.0693
0.10389999999999999
0.2056
0.6946000000000001
1.3351
1.7003
0.39690000000000003
0.1671
0.1822
0.2002
0.5586
0.3955
0.1099
0.1004
0.1048
0.0781
0.06
0.0518
0.2304
0.2248
0.21860000000000002
0.2052
0.1886
0.1751
0.16849999999999998
0.1599
0.175
0.648
0.26670000000000005
0.2087
0.2156
0.3386
0.20679999999999998
0.1691
0.1493
0.1901
0.28559999999999997
0.9532
0.8363
0.6751
0.4133
0.3009
0.24609999999999999
0.2637
0.2505
0.2333
0.2188
0.222
0.2387
0.25470000000000004
0.2904
0.3114
0.4997
0.9106000000000001
0.6202000000000001
0.4889
0.22210000000000002
0.1887
0.20579999999999998
0.2501
0.6234999999999999
0.3806
0.3817
0.2999
0.2359
0.2079
0.057300000000000004
0.038900000000000004
0.0378
0.0313
0.1387
0.3365
0.3695
0.5175
0.8924000000000001
0.4586
0.5476
0.2585
1.5917
1.5138
0.8589
0.2692
0.2723
0.9454
0.46799999999999997
0.512
0.1856
0.09809999999999999
0.0887
0.0596
0.244
0.19929999999999998
0.1871
0.1743
0.16249999999999998
0.17170000000000002
0.176
0.1871
0.2178
0.2502
0.27590000000000003
0.6803
0.636
1.3269
0.5143
0.9186000000000001
0.3519
0.307
0.37160000000000004
0.4637
0.5194000000000001
0.5203
0.5543
0.43
0.07500000000000001
0.061799999999999994
0.0539
0.0517
0.0476
0.0485
0.0518
0.06559999999999999
0.38549999999999995
0.0969
0.0538
0.048
0.07339999999999999
0.0906
0.257
0.1437
0.056999999999999995
0.0324
0.0624
0.1961
0.20179999999999998
0.2557
0.3663
0.1467
0.1084
0.101
0.0946
0.0945
0.0936
0.1109
0.2925
0.2836
0.1624
0.15139999999999998
0.15660000000000002
0.1362
0.1436
0.16649999999999998
0.4044
0.20900000000000002
0.1728
0.20779999999999998
0.2928
0.3493
0.2618
0.2067
0.1451
0.10919999999999999
0.1902
0.1827
0.1738
0.1711
0.2015
0.2323
0.29469999999999996
0.3708
0.44520000000000004
0.3409
0.2763
0.25680000000000003
1.2431
0.7152000000000001
0.4018
0.39359999999999995
0.9481999999999999
1.0138
0.44889999999999997
0.45230000000000004
0.46399999999999997
0.3662
0.2519
0.1984
0.0623
0.0529
0.046799999999999994
0.0626
0.053599999999999995
0.0597
0.4329
0.3668
0.0937
0.0847
0.0817
0.0616
0.064
0.07150000000000001
0.3984
1.119
1.5724
2.0158
1.0805
0.9984999999999999
2.2138999999999998
0.6411
0.282
0.10600000000000001
0.0
0.0
0.0
0.0
0.0001
0.0
0.0111
0.039
0.0834
0.7765
1.074
0.7196
1.2898
1.0105
0.42010000000000003
0.7742
1.0636999999999999
0.26280000000000003
0.1325
0.0635
0.042499999999999996
0.0
0.0
0.0
0.0377
0.0036
0.005
0.0162
0.0311
0.049
0.0349
0.0103
0.09659999999999999
1.6754
0.8878999999999999
2.0811
0.4244
1.417
0.34340000000000004
0.1274
0.119
0.21850000000000003
0.2937
0.4055
0.47450000000000003
0.7070000000000001
0.5835
0.147
0.0531
0.047799999999999995
0.045
0.0506
0.0524
0.08199999999999999
0.11760000000000001
0.12190000000000001
0.1333
0.6099
0.7638
0.1033
0.47000000000000003
0.1064
0.0475
0.0563
0.09390000000000001
0.1085
1.0334999999999999
0.4949
0.18580000000000002
0.11449999999999999
0.0645
0.0514
0.0905
0.0872
0.0975
0.1093
0.123
0.15539999999999998
0.1474
0.1351
0.12279999999999999
0.2409
0.0606
0.0548
0.0439
0.0649
0.761
0.2767
0.0876
0.1038
0.1349
0.5856
0.7202999999999999
0.1371
0.08
0.0752
0.2306
0.17809999999999998
0.1513
0.1381
0.1297
0.1259
0.128
0.1393
0.1661
0.2491
0.8644
0.2601
0.2017
0.9904000000000001
0.44530000000000003
0.3295
0.31179999999999997
0.41559999999999997
0.349
0.3124
0.3274
0.5325
0.3621
0.27649999999999997
0.0
0.0
0.0
0.0
0.0
0.0
0.0
0.0
0.0
0.0096
0.0
0.0
0.0
0.0
0.0
0.0
0.0
0.0
0.0185
0.0
0.0
0.0
0.0
0.0
0.0351
0.0213
0.017
0.0114
0.008400000000000001
0.0021
0.0019
0.0168
0.0379
0.0869
0.0786
0.0808
0.0045
0.0
0.0
0.0
0.0
0.0
0.0062
0.0069
0.023
0.0403
0.0443
0.0383
0.1361
0.126
0.1196
0.1174
0.11910000000000001
0.1276
0.16199999999999998
0.297
0.6879
0.6932
0.5972999999999999
0.6538999999999999
0.6315
0.5031
0.38839999999999997
0.3798
0.6181
1.3255
0.47709999999999997
0.6226
0.7608
0.5566
0.3136
0.1806
0.0776
0.0618
0.060700000000000004
0.060200000000000004
0.0603
0.0668
0.0878
0.1136
0.1406
0.1362
0.14529999999999998
0.1461
0.1729
0.7747999999999999
0.2475
0.18309999999999998
0.4158
0.1795
0.1718
0.5377000000000001
0.47550000000000003
0.26180000000000003
0.1619
0.1061
0.17980000000000002
0.1661
0.15810000000000002
0.1528
0.1597
0.19219999999999998
0.276
0.23959999999999998
0.21989999999999998
0.24009999999999998
0.2406
0.2871
0.5945
0.24020000000000002
0.2178
0.2314
0.26839999999999997
0.7757000000000001
1.7822
0.6669
0.4632
0.40259999999999996
0.30469999999999997
0.2188
0.12940000000000002
0.1184
0.1096
0.1005
0.0912
0.0953
0.1013
0.10969999999999999
0.1429
0.16260000000000002
0.2156
0.7291
0.1597
0.179
0.2702
0.17170000000000002
0.4819
0.35350000000000004
0.175
0.3312
0.4923
0.3565
0.1895
0.1413
0.0468
0.0445
0.0361
0.044
0.0562
0.0789
0.19490000000000002
0.18519999999999998
0.1623
0.1263
0.11249999999999999
0.0576
0.07930000000000001
0.11729999999999999
0.2752
0.22
0.19979999999999998
0.7897
0.2553
0.25780000000000003
0.4554
0.3206
0.0202
0.024399999999999998
0.1174
0.10200000000000001
0.09359999999999999
0.089
0.0937
0.0911
0.10500000000000001
0.14579999999999999
0.1907
0.2583
0.2508
0.5204
1.1101
0.35440000000000005
0.1989
0.21639999999999998
0.4504
1.4467
0.8180000000000001
0.2732
0.2793
0.2595
0.1986
0.1491
0.07619999999999999
0.0702
0.0706
0.0661
0.0722
0.0796
0.1081
0.1648
0.3423
0.6594
0.49929999999999997
1.0051999999999999
0.6447
0.4204
0.2437
0.1953
0.4013
1.0108
0.3554
0.2646
0.2519
0.1733
0.1035
0.0815
0.08410000000000001
0.0644
0.062
0.06409999999999999
0.0617
0.0555
0.08399999999999999
0.21869999999999998
0.0616
0.0161
0.17550000000000002
0.0037
0.0
0.0
0.0
0.0
0.1475
0.0
0.0
0.0065
0.0381
0.1333
0.1077
0.0866
0.164
0.1451
0.1346
0.1308
0.12129999999999999
0.1241
0.1278
0.1464
0.6070000000000001
0.1908
0.1316
0.1226
0.16110000000000002
0.1709
0.4407
0.2874
0.24619999999999997
0.6275999999999999
0.2135
0.201
0.1994
0.2211
0.2524
0.20850000000000002
0.0644
0.0712
0.062
0.0601
0.055400000000000005
0.059199999999999996
0.086
0.0948
0.0969
0.0806
0.047299999999999995
0.042800000000000005
0.9276
1.4753
0.3406
1.3937
1.5550000000000002
0.46020000000000005
0.437
0.8304
0.5138
0.3942
0.2283
0.12669999999999998
0.1921
0.1627
0.1518
0.1469
0.1375
0.1436
0.1501
0.1953
0.2914
0.2326
0.2007
0.18469999999999998
0.1575
0.1825
0.2752
0.3638
0.683
0.6891
0.5972
0.9011
0.34209999999999996
0.3825
0.4464
0.2949
0.4938
0.4082
0.4036
0.3918
0.3728
0.38780000000000003
0.3859
0.4033
0.3836
0.35
0.3593
1.164
2.3043
1.9156
0.67
0.5363
2.0907999999999998
0.9368000000000001
0.5785
0.6191
0.6723
0.575
0.5477
0.5016
0.16970000000000002
0.1397
0.1248
0.1266
0.1147
0.1126
0.0964
0.0854
0.0528
0.0283
0.0748
0.0208
0.027700000000000002
0.030199999999999998
0.0577
0.1037
0.20779999999999998
0.1384
0.783
0.5245
0.1341
0.23270000000000002
0.29869999999999997
0.2147
0.2062
0.1951
0.1981
0.1774
0.1663
0.1807
0.19419999999999998
0.2069
0.21689999999999998
0.2728
0.2496
0.566
0.49129999999999996
0.34709999999999996
0.4935
0.9813999999999999
0.7599
0.2731
0.7269
0.9332
0.3075
0.244
0.18730000000000002
0.193
0.2931
0.2573
0.2447
0.2344
0.22010000000000002
0.2128
0.2137
0.27880000000000005
0.44510000000000005
0.40800000000000003
0.442
0.40490000000000004
0.3498
0.3288
0.35929999999999995
0.3352
0.2626
0.2575
0.4003
0.7265
1.2378
0.7915
0.5933999999999999
0.4294
0.1512
0.1478
0.1382
0.1601
0.17970000000000003
0.1911
0.1859
0.1889
0.1918
0.22910000000000003
0.0948
0.09
0.5689
0.36519999999999997
0.242
0.5393
0.2501
0.1562
0.1278
0.41459999999999997
0.7799
0.28800000000000003
0.2255
0.177
0.0436
0.0357
0.036699999999999997
0.0382
0.0417
0.0573
0.1385
0.3009
0.14579999999999999
0.0318
0.0156
0.0018999999999999998
0.0
0.0072
0.0313
0.0925
0.3616
0.7311000000000001
0.24029999999999999
0.48710000000000003
0.1809
0.1431
0.06620000000000001
0.044
0.0
0.0
0.0
0.0182
0.0048
0.0379
0.0498
0.055
0.016
0.0
0.0043
0.0122
0.1048
0.6093
0.40490000000000004
0.9215
0.2346
0.5047999999999999
0.6643
1.7757
0.6909
0.0
0.0
0.0
0.1049
0.0863
0.0687
0.0905
0.0832
0.11410000000000001
0.2727
0.4446
0.1937
0.10250000000000001
0.6179
2.077
0.5082
0.2099
0.2532
0.26980000000000004
0.21860000000000002
1.101
1.6683
0.49
0.6834
0.2938
0.203
0.1255
0.08
0.059300000000000005
0.058
0.059899999999999995
0.049600000000000005
0.0679
0.312
0.656
0.0528
0.0495
0.0685
0.0686
0.0661
0.0774
0.09670000000000001
0.2149
2.0226
0.7418
0.9333
0.5034000000000001
0.48550000000000004
0.5767
1.5293999999999999
0.5158
0.0747
0.058399999999999994
0.057300000000000004
0.0567
0.0563
0.061900000000000004
0.0826
0.1054
0.11510000000000001
0.1555
0.18359999999999999
0.2147
0.1879
0.455
0.8855999999999999
0.27259999999999995
0.3005
0.29000000000000004
0.6239
0.8339
0.3257
0.1808
0.112
0.0876
0.0
0.0
0.0
0.0
0.0
0.0366
0.0706
0.177
0.44710000000000005
1.0566
0.36319999999999997
0.0746
0.0916
0.2616
0.4831
1.0729
1.9729
0.18969999999999998
0.8027
1.4879
0.0
0.0
0.0
0.0
0.0698
0.0655
0.0638
0.0636
0.0708
0.0937
0.13169999999999998
0.17049999999999998
0.1729
0.1553
0.279
0.4732
0.4884
0.27270000000000005
0.411
0.3412
0.44820000000000004
0.9283
0.2738
0.32689999999999997
0.4034
0.2001
0.0951
0.0697
0.06820000000000001
0.0566
0.058499999999999996
0.0539
0.0515
0.055999999999999994
0.0759
0.1767
0.8397
1.5672
0.3292
0.23879999999999998
0.4184
0.2373
0.2022
0.223
0.2587
0.3345
1.543
0.6103
0.4879
0.4676
0.4447
0.1396
0.35140000000000005
0.3205
0.3155
0.26839999999999997
0.2177
0.1945
0.1934
0.1741
0.1725
0.1666
0.3817
0.2264
0.1795
0.9333
0.9234
0.6121
0.24980000000000002
0.20779999999999998
0.6507000000000001
0.3931
0.37729999999999997
0.4606
0.513
0.39890000000000003
0.1693
0.1411
0.0984
0.0653
0.0509
0.0264
0.017599999999999998
0.0111
0.0
0.0
0.0
0.0065
0.0
0.012400000000000001
0.3285
0.0578
0.09570000000000001
0.6279
0.5192000000000001
0.4234
1.328
0.8815
0.1464
0.16970000000000002
0.4644
0.3336
0.0805
0.0774
0.1081
0.3553
0.26239999999999997
0.1226
0.11929999999999999
1.5616999999999999
0.6197
0.11979999999999999
0.49420000000000003
0.0
0.0
0.0
0.0
0.0
0.0083
0.26639999999999997
0.31930000000000003
0.242
0.1822
0.1262
0.038900000000000004
0.132
0.08560000000000001
0.032100000000000004
0.0473
0.0252
0.8943
0.3828
0.0683
0.1926
0.6665
0.2547
0.1851
0.0453
0.0113
0.012199999999999999
0.0203
0.037
0.4928
0.265
0.1774
0.1046
0.0593
0.045
0.0325
0.032600000000000004
0.0327
0.0315
0.0335
0.037000000000000005
0.1382
0.2612
0.1638
0.271
0.18780000000000002
0.2372
0.1111
0.0958
0.0645
0.0658
0.19019999999999998
0.13019999999999998
0.1604
0.1177
0.24670000000000003
0.1741
0.0735
0.039599999999999996
0.1404
0.13119999999999998
0.1243
0.1184
0.1144
0.1126
0.11499999999999999
0.1283
0.1435
0.1537
0.1417
0.17909999999999998
0.202
0.16160000000000002
0.16549999999999998
0.16549999999999998
0.2617
0.3951
0.4466
0.3062
0.2331
0.1796
0.1497
0.1399
0.0393
0.0334
0.0314
0.029900000000000003
0.0266
0.027499999999999997
0.045399999999999996
0.1506
0.5276
0.4498
0.4036
0.6349
0.5106999999999999
0.2841
0.2803
0.32720000000000005
1.2438
0.8492999999999999
0.3624
0.4005
0.3403
0.22540000000000002
0.1137
0.0528
0.24630000000000002
0.2485
0.2671
0.25870000000000004
0.2555
0.2497
0.2177
0.1989
0.1829
0.29300000000000004
0.5294
0.6818
0.4042
0.8883
0.0
1.3176
0.1443
0.10020000000000001
0.8264
0.1411
0.18780000000000002
0.1792
0.1629
0.1664
0.2469
0.3176
0.3545
0.31
0.3957
0.37270000000000003
0.3297
0.3463
0.35729999999999995
0.8241
0.8740000000000001
1.0977999999999999
1.6682
1.0606
0.3725
0.31489999999999996
0.2185
0.4949
0.6325
0.1123
0.17359999999999998
0.1191
0.1001
0.1227
0.0046
0.0052
0.0099
0.0
0.0
0.0
1.8738000000000001
1.0976
0.5658000000000001
0.6107
0.3549
0.20850000000000002
0.2112
0.27290000000000003
0.1586
0.25680000000000003
0.3487
0.6008
2.7236000000000002
0.2551
0.0
0.0
0.0
0.0
0.10139999999999999
0.1883
0.1714
0.1073
0.083
0.0949
0.0905
0.2809
0.7497
0.18009999999999998
0.5388999999999999
0.0521
0.1129
0.1622
0.442
0.1752
0.1076
0.15439999999999998
0.1563
0.09240000000000001
0.1494
0.16899999999999998
0.1199
0.1208
0.1234
0.1387
0.1648
0.1593
0.1567
0.1567
0.2802
0.3306
1.0377
1.2521
0.7636999999999999
0.20229999999999998
0.2104
0.1323
1.8283
0.8025
0.7122999999999999
0.45730000000000004
0.5978
0.3776
0.09029999999999999
0.0764
0.0837
0.07569999999999999
0.088
0.0716
0.0764
0.0711
0.07150000000000001
0.0755
0.0906
0.1331
0.18280000000000002
0.1976
0.21760000000000002
0.29200000000000004
0.25680000000000003
0.2098
0.242
1.2871
1.5221
0.6028
0.336
0.46009999999999995
0.7473000000000001
0.5121
0.3234
0.1653
0.1183
0.11180000000000001
0.1084
0.11080000000000001
0.1074
0.109
0.1091
0.1057
0.1728
0.5282
0.054599999999999996
0.2727
0.1305
0.1401
0.09939999999999999
0.08280000000000001
0.1061
0.1182
0.1008
0.0418
0.5404
0.1896
0.0986
0.1045
0.030400000000000003
0.0143
0.0115
0.0105
0.0106
0.012199999999999999
0.0164
0.0249
0.0335
0.053
0.1347
0.0905
0.1079
0.1546
0.2306
0.0911
0.061399999999999996
0.12279999999999999
0.0942
0.1127
0.29410000000000003
0.4701
0.1359
0.049100000000000005
0.09
0.08049999999999999
0.0746
0.0711
0.064
0.348
0.47350000000000003
0.0998
0.0949
0.118
0.1162
0.1164
0.1587
0.13240000000000002
0.1343
0.36639999999999995
0.4655
0.32020000000000004
0.3946
0.219
0.1698
0.1619
0.14379999999999998
0.1181
0.9005000000000001
0.5464
0.34040000000000004
0.3317
0.3449
0.46829999999999994
0.7413000000000001
0.5903
0.4563
0.4022
1.0483
0.8479000000000001
0.49839999999999995
0.4768
0.5028
0.5824
0.7677
1.4196
0.7831
0.8277
1.1017
0.3712
0.2852
0.2532
0.1457
0.1389
0.15460000000000002
0.13390000000000002
0.133
0.1548
0.1891
0.20879999999999999
0.6143000000000001
1.2191
0.17200000000000001
0.10200000000000001
0.1163
0.1724
0.62
1.2546
1.7027
1.0467
0.4541
1.1407
0.7135
1.2433
0.3729
0.1738
0.1238
0.12340000000000001
0.121
0.12140000000000001
0.1261
0.1706
0.41800000000000004
0.4682
0.3461
0.26
0.2415
0.2853
0.32820000000000005
0.3368
0.3163
0.3066
0.5922
0.7608
0.4804
0.6919
0.37329999999999997
0.20229999999999998
0.12329999999999999
0.1175
0.11910000000000001
0.08180000000000001
0.0761
0.07869999999999999
0.0744
0.0774
0.097
0.2386
0.3731
0.178
0.2144
0.1903
0.21639999999999998
0.1471
0.105
0.0668
0.052099999999999994
1.3423
0.1451
0.1915
0.3534
0.3789
0.3275
0.153
0.0956
0.0793
0.07600000000000001
0.0759
0.07400000000000001
0.0721
0.0872
0.137
0.1159
0.0651
0.0363
0.3286
0.2567
0.0771
0.0611
0.07769999999999999
0.3286
0.5094000000000001
1.0024
0.5589999999999999
0.38560000000000005
0.1853
0.1514
0.1159
4.0466
1.7103
0.1441
0.0
0.0176
0.0
0.0
0.0
0.0
0.0
0.0
0.0
0.0
0.0
0.0
0.0
0.0
0.0
0.3442
0.0
0.0259
0.1595
0.21050000000000002
2.1513999999999998
0.0654
0.06359999999999999
0.063
0.0646
0.0698
0.0885
0.1353
0.13290000000000002
0.10339999999999999
0.0863
0.0696
0.0863
0.0795
0.0814
0.0723
0.0917
0.1517
0.1184
0.3095
0.23610000000000003
0.1624
0.08710000000000001
0.055
0.0526
0.07100000000000001
0.0697
0.0791
0.0722
0.0787
0.1217
0.6286
0.3117
0.2308
0.8089000000000001
0.37470000000000003
0.3579
0.2218
0.20689999999999997
0.1928
0.5491
0.6301
0.2858
0.1684
0.133
0.1169
0.0746
0.0607
0.0672
0.1161
0.1081
0.1037
0.10189999999999999
0.0995
0.1059
0.11549999999999999
0.15660000000000002
0.1639
0.1315
0.12459999999999999
0.1773
0.1442
0.1404
0.13929999999999998
0.193
0.22
0.2251
0.2587
0.198
0.1966
0.1544
0.12329999999999999
0.1126
0.21939999999999998
0.2162
0.23049999999999998
0.257
0.23220000000000002
0.24509999999999998
0.2674
0.6892
0.2197
0.0826
0.063
0.0497
0.0416
0.0542
0.07339999999999999
0.13019999999999998
0.1621
0.15760000000000002
0.20839999999999997
0.5368999999999999
0.2701
0.26990000000000003
0.2763
0.2434
0.1528
0.1464
0.1426
0.14329999999999998
0.1573
0.21239999999999998
0.40180000000000005
0.41769999999999996
0.2656
0.27290000000000003
0.7881
0.6511
0.3898
0.281
0.2519
0.28600000000000003
0.7086999999999999
1.2466
1.0964
0.5152
0.4881
0.3792
0.2453
0.18680000000000002
0.0348
0.025799999999999997
0.0184
0.0259
0.0221
0.026099999999999998
0.027000000000000003
0.055499999999999994
0.08099999999999999
0.12079999999999999
0.11510000000000001
0.2788
0.24669999999999997
0.4436
0.2201
0.10600000000000001
0.1563
0.40559999999999996
0.3402
0.4543
0.4577
0.4975
0.4478
0.1216
0.2492
0.20129999999999998
0.1379
0.1201
0.109
0.10350000000000001
0.10289999999999999
0.0928
0.1047
0.1587
0.4086
0.188
0.1356
0.30569999999999997
0.1152
0.0902
0.119
0.1916
0.41559999999999997
0.29469999999999996
0.503
0.5605
0.2195
0.1824
0.0
0.0
0.0
0.0
0.0
0.0
0.0
0.0
0.0
0.201
0.0
0.052599999999999994
0.8676999999999999
0.3128
0.0
1.4125
0.1265
0.0443
0.3459
0.0891
0.0977
0.19130000000000003
0.0
0.0
0.134
0.1278
0.0716
0.0657
0.051500000000000004
0.045
0.0406
0.0715
0.0789
0.0624
0.055099999999999996
0.0702
0.0691
0.0708
0.106
0.09459999999999999
0.07869999999999999
0.2565
0.5684
0.5183
0.251
0.2006
0.23260000000000003
0.217
0.0568
0.1248
0.5791999999999999
0.17930000000000001
0.1491
0.2244
0.2224
0.1372
0.09390000000000001
0.3765
0.0688
0.0967
0.2919
0.209
0.6275
0.0255
0.0626
0.128
0.1622
0.08679999999999999
0.2425
0.48640000000000005
0.6546
0.4303
0.0401
0.044
0.0552
0.0471
0.0529
0.0759
0.137
0.2465
0.23199999999999998
0.10200000000000001
0.2331
0.3976
0.4023
0.1493
0.5221
1.1609
0.5707
0.19090000000000001
0.1713
0.1886
0.1136
0.054
0.0362
0.0381
0.06670000000000001
0.061
0.0645
0.0616
0.062299999999999994
0.07189999999999999
0.11249999999999999
0.1878
0.3369
0.5589999999999999
0.4676
0.3661
0.5681
0.7139
0.5484
0.35660000000000003
0.2752
0.29359999999999997
0.3263
0.30900000000000005
0.3083
0.2003
0.11910000000000001
0.0865
0.1341
0.1335
0.1482
0.163
0.2248
0.646
0.5065
0.3746
0.3312
0.2153
0.157
0.18430000000000002
0.2054
0.24109999999999998
0.23359999999999997
0.2141
0.1877
0.2289
0.3274
0.2682
0.3941
0.23570000000000002
0.1367
0.1228
0.1279
0.12179999999999999
0.1164
0.11549999999999999
0.1117
0.1088
0.1109
0.1183
0.12179999999999999
0.15350000000000003
0.1607
0.1851
0.2521
0.20629999999999998
0.1636
0.16310000000000002
0.16299999999999998
0.15810000000000002
0.1731
0.1653
0.1436
0.13419999999999999
0.1288
0.1251
0.1017
0.0668
0.2559
0.0892
0.0785
0.08360000000000001
0.0797
0.0543
0.4544
0.724
0.0
0.3656
0.0351
0.0561
0.0752
0.050699999999999995
0.0656
0.0745
0.5723
0.1358
0.1394
0.058800000000000005
0.0673
0.06520000000000001
0.15489999999999998
0.1604
0.1442
0.135
0.1267
0.135
0.1581
0.1915
0.3983
0.2647
0.5854
0.6098
0.3362
0.22970000000000002
0.16670000000000001
0.11549999999999999
0.129
0.1176
0.1133
0.3228
0.4224
0.2308
0.1748
0.1367
0.2848
0.2207
0.2267
0.2156
0.2098
0.188
0.19669999999999999
0.225
0.2243
0.8845
0.9875
0.6867000000000001
0.7994
0.19979999999999998
0.1298
0.9229
0.8816999999999999
0.26680000000000004
0.1887
0.2202
0.2197
0.2479
0.2341
0.2925
0.0058
0.0
0.0062
0.0044
0.0
0.0
0.0
0.4331
1.0697
0.7012
0.6641
1.3900000000000001
1.0222
0.2632
0.0438
0.076
0.34209999999999996
0.6903999999999999
0.9405
0.5205
0.0277
0.0
0.0
0.0
0.0
0.0
0.0
0.0
0.0
0.0
0.0
0.0
0.0
0.0
0.0
0.1508
0.0
0.9857
0.8556
1.3586
0.3618
1.4060000000000001
0.0
0.0
0.0
0.0
0.0
0.0
0.1234
0.092
0.0969
0.089
0.0834
0.0669
0.08990000000000001
0.1162
0.1104
0.3513
0.9007000000000001
0.0847
0.0639
0.7329
0.5383
0.10850000000000001
0.1692
0.4487
0.2913
0.2843
0.3362
0.504
0.297
0.16199999999999998
0.0
0.0
0.0
0.0
0.0
0.0
0.0479
0.2308
0.0167
0.0155
0.004699999999999999
0.0041
0.025
0.0114
0.001
0.019799999999999998
0.0759
0.6063000000000001
0.9893
0.208
0.2068
0.3058
0.2
0.0255
0.43320000000000003
0.3123
0.27249999999999996
0.2587
0.251
0.2823
0.2835
1.2419
1.1073
0.2127
0.16999999999999998
0.15689999999999998
0.2052
0.242
0.24420000000000003
0.22089999999999999
0.2891
1.8881999999999999
0.28450000000000003
1.0088
0.7655
0.6329
1.2744
0.8936
0.19669999999999999
0.1455
0.1081
0.0829
0.06509999999999999
0.0604
0.0427
0.0482
0.0456
0.044700000000000004
0.1248
0.237
0.0466
0.0692
0.1367
0.0934
0.49239999999999995
1.124
0.35090000000000005
0.11050000000000001
0.12940000000000002
0.14229999999999998
0.1752
0.1993
0.1386
0.1358
0.1361
0.13779999999999998
0.14300000000000002
0.17880000000000001
0.22089999999999999
0.18730000000000002
0.1769
0.201
0.1659
0.1797
0.1814
0.1837
0.1779
0.1948
0.1653
0.1602
0.20879999999999999
0.1889
0.1997
0.18230000000000002
0.1507
0.1377
0.014600000000000002
0.0069
0.0046
0.0071
0.006699999999999999
0.0012
0.0
0.1452
0.23320000000000002
0.37370000000000003
0.0301
0.027499999999999997
0.1556
0.0309
0.0211
0.0413
0.5088999999999999
0.5455
0.11510000000000001
0.0888
0.0764
0.0858
0.0713
0.0314
0.1725
0.17049999999999998
0.1681
0.1608
0.1691
0.2684
0.3438
0.214
0.1386
0.4395
0.1396
0.5284
0.9802
0.1242
0.1612
0.31589999999999996
0.2607
0.1893
0.2222
0.3721
0.3598
0.24170000000000003
0.195
0.1782
0.1867
0.1843
0.1832
0.1724
0.1661
0.176
0.19340000000000002
0.2032
0.2237
0.1795
0.15889999999999999
0.4226
0.2392
0.2501
0.2513
0.4523
0.4693
0.3241
0.20340000000000003
0.17620000000000002
0.193
0.1637
0.1419
0.1376
0.0265
0.022199999999999998
0.0215
0.0199
0.0252
0.0529
0.2399
0.14529999999999998
0.0994
0.16060000000000002
0.11069999999999999
0.0983
0.26
0.1224
0.0669
0.0825
0.7983
0.1424
0.8329
1.0887
0.528
0.1691
0.0822
0.045200000000000004
0.1367
0.12840000000000001
0.1185
0.1157
0.11019999999999999
0.11929999999999999
0.1247
0.1306
0.1773
0.1971
0.179
0.6088
0.1688
0.2312
0.33089999999999997
0.19829999999999998
0.2878
0.3742
0.2872
0.4485
0.4883
0.2303
0.1567
0.13390000000000002
0.1567
0.1488
0.139
0.1397
0.1365
0.1451
0.1757
0.25070000000000003
0.28890000000000005
0.3135
0.5243
0.20579999999999998
0.2682
0.2424
0.2532
0.334
0.9869
0.309
0.2775
0.46499999999999997
0.3667
0.36960000000000004
0.4112
0.2326
0.0686
0.0615
0.0575
0.0518
0.0505
0.0565
0.0744
0.11410000000000001
0.194
0.32089999999999996
0.5626
0.6859
0.2414
0.20850000000000002
0.2299
0.212
0.9155
0.8305
1.1822
0.5604
0.3358
0.1943
0.0994
0.07680000000000001
0.1671
0.1441
0.1353
0.1379
0.1336
0.1429
0.1548
0.3452
0.5048
0.1449
0.1054
0.1895
0.1948
0.14429999999999998
0.1172
0.1279
0.2116
0.9632000000000001
0.36000000000000004
0.1946
0.2786
0.2553
0.2526
0.22039999999999998
0.0945
0.0879
0.087
0.0822
0.0812
0.079
0.298
1.0354
0.1271
0.2877
0.207
0.1704
0.1573
0.1457
0.1362
0.2676
0.3678
0.1611
0.6424
0.2516
0.22610000000000002
0.1985
0.14079999999999998
0.1113
0.07339999999999999
0.0632
0.059800000000000006
0.0584
0.0592
0.06
0.0932
0.1668
0.21589999999999998
0.2017
0.1945
0.2156
0.159
0.14100000000000001
0.12079999999999999
0.1478
0.8491
0.4178
1.0178
0.7644
0.8095
0.2794
0.1485
0.088
0.36829999999999996
0.3386
0.3231
0.3226
0.3187
0.3365
0.3846
0.3988
0.3986
0.4235
0.4556
0.6012
0.7891
0.4607
0.4159
0.42800000000000005
0.4292
1.0368
1.1404
0.8293
1.0172
0.6943
0.5652
0.4531
0.08399999999999999
0.0747
0.0717
0.0688
0.07
0.07550000000000001
0.0841
0.1022
0.1393
0.2173
0.2845
0.48450000000000004
0.6247
0.3337
0.43710000000000004
0.274
0.196
0.1619
0.1879
0.2002
0.1985
0.1837
0.14439999999999997
0.1094
0.1139
0.1105
0.10200000000000001
0.0816
0.08560000000000001
0.0361
1.1834
0.106
0.0709
0.0731
0.0819
0.0726
0.0832
0.1024
0.2825
0.1114
0.0711
0.2595
0.5544
0.20990000000000003
0.6311
0.4114
0.361
0.2671
0.12179999999999999
0.111
0.109
0.1195
0.13840000000000002
0.1439
0.1394
0.1185
0.12279999999999999
0.1318
0.1157
0.1094
0.13
0.20629999999999998
0.2124
0.2435
0.29900000000000004
1.0253
0.6741
0.6665
0.7738
0.3339
0.1605
0.125
0.0521
0.0422
0.042300000000000004
0.0342
0.0314
0.0505
0.0427
0.2798
0.7222999999999999
0.6779
0.2122
0.0012
0.068
0.0075
0.0146
0.0199
0.0555
0.0407
0.0586
0.08810000000000001
0.08360000000000001
0.10139999999999999
0.1275
0.0954
0.0496
0.0298
0.0172
0.0247
0.0127
0.002
0.0
0.0228
0.0949
0.4367
0.7765000000000001
0.3342
1.7316
0.8174
0.385
0.1517
0.0385
0.0047
0.0
0.3473
1.1431
0.0963
0.0106
0.0402
0.4218
1.2823
0.2228
0.20529999999999998
0.19140000000000001
0.2172
0.2804
0.4566
0.4274
0.3801
0.27280000000000004
0.32030000000000003
0.3262
0.27
0.2269
0.23070000000000002
0.235
0.2526
0.43420000000000003
0.4843
0.3792
0.39039999999999997
1.1267
0.3227
0.1149
0.1061
0.09889999999999999
0.0943
0.0902
0.0921
0.09259999999999999
0.15139999999999998
0.3652
0.43189999999999995
0.5237
0.0874
0.0728
0.0695
0.0716
0.0959
0.7121
0.24609999999999999
0.2393
0.2348
0.261
0.24789999999999998
0.2049
0.1375
0.0482
0.045899999999999996
0.039099999999999996
0.0407
0.038900000000000004
0.044300000000000006
0.052099999999999994
0.2982
0.3098
0.1529
0.09290000000000001
0.0508
0.081
0.0943
0.1271
0.22010000000000002
0.4385
0.5279
0.1906
0.15889999999999999
0.1543
0.2424
0.2764
0.1154
0.1472
0.1311
0.1264
0.1232
0.1168
0.2527
0.3443
0.2622
0.26380000000000003
0.3872
0.4882
0.33530000000000004
0.7253000000000001
0.3163
0.5688
0.574
0.4103
0.4572
0.40149999999999997
0.3473
0.354
0.3689
0.3086
0.2062
0.1472
0.2378
0.0456
0.0865
0.1177
0.1266
0.0
0.0
0.0
0.0
0.0
0.0
0.0
0.0
0.0
0.0
0.0
0.0
0.3144
0.26439999999999997
0.7796
0.28900000000000003
0.2257
0.1587
0.1333
0.0827
0.0891
0.0884
0.0703
0.0763
0.08349999999999999
0.06470000000000001
0.0801
0.1055
0.8524
2.2363
0.4916
1.3455000000000001
1.1949
0.5325
0.5811
1.1348
0.4087
0.6997
0.6261
0.5992
0.45330000000000004
0.2419
0.28159999999999996
0.25339999999999996
0.241
0.2396
0.2311
0.2329
0.27180000000000004
0.3388
0.3508
0.4583
0.4294
0.5728
0.33899999999999997
0.3204
0.33440000000000003
0.5314
0.7093
2.2216
0.2575
0.2262
0.2269
0.2262
0.2334
0.2294
0.0204
0.0104
0.0
0.0
0.0
0.0
0.5692
0.3527
0.0
0.0052
0.031
0.009000000000000001
0.0061
0.0253
0.12919999999999998
0.0283
0.0019
0.0139
0.02
0.1094
0.7408
0.2376
0.14900000000000002
0.4062
0.0283
0.0255
0.0358
0.0274
0.0385
0.048799999999999996
0.1004
0.1817
0.2025
0.49319999999999997
0.3023
1.1968
0.5996
0.1634
0.19740000000000002
0.33399999999999996
0.3237
0.22210000000000002
0.09159999999999999
0.0759
0.0835
0.0449
0.042300000000000004
0.0374
0.0
0.0
0.0
0.0
0.0
0.0
0.0
0.1036
0.3645
0.831
2.1249
1.4797
0.38
0.0191
0.049800000000000004
1.4324
1.2888000000000002
0.473
1.4885000000000002
0.6677
0.1756
0.0815
0.0
0.0013
0.0
0.0
0.0
0.0
0.0
0.0
0.0
1.207
0.4506
1.3026
0.7136
0.4003
0.1512
0.1348
0.0511
0.055099999999999996
0.2871
0.0636
0.010499999999999999
0.0586
0.1766
0.0
0.0
0.0
0.0683
0.0145
0.0241
0.028700000000000003
0.0146
0.0074
0.013
0.0175
0.0867
0.1594
0.1246
0.6843
0.36629999999999996
2.7092
1.1717
0.7476
0.0628
0.08510000000000001
0.1719
1.1761
0.7131
0.5233
0.5034
0.2489
0.2685
0.2574
0.2379
0.2377
0.2294
0.2354
0.2454
0.2806
0.607
0.6713
0.4425
0.41059999999999997
0.32989999999999997
0.31310000000000004
0.3564
0.8816
0.37370000000000003
0.3393
0.6285000000000001
0.7444999999999999
1.0668
1.2224
0.31520000000000004
0.2811
0.0822
0.077
0.07189999999999999
0.07089999999999999
0.0733
0.078
0.112
0.2858
0.4215
0.33130000000000004
0.1454
0.1064
0.14200000000000002
0.1333
0.108
0.1186
0.4394
0.5257000000000001
0.3393
0.3517
0.4841
0.47319999999999995
0.23159999999999997
0.0964
0.0568
0.0478
0.0489
0.049
0.0505
0.0471
0.11199999999999999
0.5162
0.5806
0.8278
0.3226
0.1578
0.1357
0.1635
0.18259999999999998
0.19169999999999998
0.6436999999999999
1.1874
1.1324
1.1128
0.6342
0.1983
0.1132
0.0874
0.1701
0.1547
0.1547
0.1497
0.1406
0.1555
0.22099999999999997
0.47459999999999997
1.3558
0.7519
0.7994
0.7139
1.1604
0.7504
0.604
0.8433
1.9285999999999999
0.5138
0.44930000000000003
0.5207999999999999
0.5895
0.5382
0.379
0.23859999999999998
0.22
0.2184
0.2057
0.2026
0.22310000000000002
0.2629
0.34440000000000004
0.3038
0.2996
1.5239
0.1144
0.047799999999999995
0.0383
0.041299999999999996
0.07200000000000001
0.1615
0.5608
0.31689999999999996
0.5295
0.4525
0.4046
0.8785000000000001
0.3547
0.2234
0.1001
0.0883
0.0796
0.07700000000000001
0.0736
0.0687
0.0698
0.06520000000000001
0.0696
0.0628
0.0744
0.0427
0.022699999999999998
0.0264
0.0188
0.0195
0.0252
0.0763
0.08149999999999999
0.1113
0.1812
0.1735
0.09010000000000001
0.07730000000000001
0.2281
0.2049
0.19490000000000002
0.1874
0.1872
0.197
0.2248
0.29259999999999997
0.2623
0.6311
0.3099
0.1904
0.1601
0.14550000000000002
0.135
0.1457
0.2077
0.4748
0.21239999999999998
0.2537
0.2661
0.2661
0.2762
0.241
1.1697
3.3025
1.4512
1.8061
1.6621000000000001
0.243
0.2643
0.4435
0.7477
1.2947000000000002
0.6808000000000001
0.8069999999999999
2.5359999999999996
1.1491
0.17830000000000001
0.217
0.2791
0.37
0.4293
0.2262
0.2558
0.199
0.1439
0.11979999999999999
0.0139
0.0115
0.0127
0.0206
0.0191
0.0237
0.035699999999999996
0.0353
0.0273
0.0018
0.0002
0.0
0.0
0.0026
0.4965
0.1158
0.0572
0.6968
0.0489
0.2256
0.1799
0.10189999999999999
0.0275
0.008199999999999999
2.2652
1.5562999999999998
1.2752
0.3215
0.16
0.1767
0.15139999999999998
0.3153
0.529
1.1894
0.5513
0.2968
0.1968
0.1385
0.1484
0.2356
1.3253
1.9859
7.2007
1.0978999999999999
0.36419999999999997
0.3849
0.5939
0.6267
0.1234
0.12569999999999998
0.13190000000000002
0.1243
0.1121
0.1161
0.1997
0.2969
1.5657
0.9212
0.3146
0.2084
0.16110000000000002
0.2561
0.40449999999999997
0.46799999999999997
1.01
0.9618
1.2684
2.5827
1.2064
0.2112
0.182
0.1439
0.07039999999999999
0.0561
0.0589
0.0561
0.0281
0.0701
0.9959
0.24220000000000003
0.198
0.7819
0.38039999999999996
0.1742
0.9386
0.1832
0.1353
0.1804
1.8196
0.9967
1.4316
0.7394000000000001
0.2852
0.2496
0.1157
0.0867
0.029400000000000003
0.028900000000000002
0.0256
0.0283
0.023
0.0344
0.0487
0.2192
0.15489999999999998
0.275
0.0818
0.1403
0.0774
0.0861
0.2299
0.323
0.0519
0.0617
0.0442
0.0754
0.07869999999999999
0.0504
0.034499999999999996
0.028999999999999998
0.1614
0.1592
0.1562
0.16049999999999998
0.17980000000000002
0.2061
0.2455
0.25070000000000003
0.25129999999999997
0.2493
0.2347
0.24509999999999998
0.4355
0.389
0.3339
0.4153
1.0194
1.3422
1.3469
0.9947999999999999
0.4788
0.2677
0.1635
0.1552
0.068
0.06470000000000001
0.048299999999999996
0.0374
0.0436
0.0402
0.0373
0.1288
1.2168999999999999
0.4508
0.5885
2.5182
0.7456
0.4442
1.2077
0.7302
0.4821
0.7773
1.1091
1.2519
1.2010999999999998
1.2027999999999999
0.7934
0.2677
0.16920000000000002
0.1426
0.1512
0.1469
0.1562
0.17930000000000001
0.236
0.2849
1.5332999999999999
0.1578
0.12
1.3533000000000002
0.3623
0.1245
0.1144
0.1211
0.1478
0.29669999999999996
0.3986
1.1437
0.3874
0.1766
0.1471
0.1187
0.045200000000000004
0.0417
0.039
0.036
0.036500000000000005
0.1507
0.4586
0.1522
0.1356
0.124
0.1685
0.15660000000000002
0.1412
0.15889999999999999
0.1452
0.15889999999999999
0.7984
0.4995
0.748
0.35719999999999996
0.2727
0.135
0.0465
0.044
0.0863
0.0911
0.0888
0.0857
0.08710000000000001
0.1069
0.1602
0.31510000000000005
0.49670000000000003
0.305
0.2092
0.2114
0.3589
0.21610000000000001
0.2116
0.3903
0.9002
0.37429999999999997
0.712
0.382
0.1558
0.0985
0.0754
0.0776
0.0553
0.0417
0.1849
0.0579
0.0373
0.049
0.1251
0.2604
0.0713
0.0366
0.0
0.0026
0.0003
0.0156
0.5787
0.0125
0.0117
0.2272
0.453
0.6276
0.1899
0.1648
0.1254
0.079
0.0197
0.0139
0.0114
0.017
0.0169
0.0106
0.012
0.0341
0.1713
0.1781
0.0819
0.1236
0.3084
0.1166
0.1277
0.0578
0.4863
0.2864
0.1524
0.4642
0.3529
0.2732
0.1509
0.048799999999999996
0.1046
0.0903
0.0789
0.0745
0.07400000000000001
0.0917
0.22260000000000002
0.11549999999999999
0.060399999999999995
0.06920000000000001
0.082
0.0523
0.046700000000000005
0.0447
0.036699999999999997
0.0358
0.034
0.0914
0.2844
0.3165
0.2144
0.1894
0.1419
0.10439999999999999
0.1563
0.14629999999999999
0.1384
0.1348
0.1321
0.13379999999999997
0.1293
0.1405
0.2293
0.45189999999999997
0.3076
0.1629
0.131
0.1564
0.1993
0.4185
0.2226
0.218
0.3264
0.30110000000000003
0.2905
0.2855
0.2116
0.1698
