32
31.9989
30.76
31.9998
31.9998
31.9999
32
31.9992
32
31.9992
31.9962
31.9998
31.9998
32
30.53
31.9997
31.9999
32
31.9988
30.76
32
31.9993
31.9994
32
31.9997
30.53
31.9997
31.9998
32
31.9992
30.76
32
32
31.996
31.9978
31.9998
31.9999
31.9999
30.53
32
32
32
31.5111
32
31.9998
32
31.9998
30.7777
31.9998
31.9925
31.9999
32
31.9997
31.9985
30.76
32
31.9991
32
32
31.9998
32
32
32
31.9992
31.9993
32
31.9998
31.9797
31.9998
31.987
32
31.9987
31.9998
31.9959
31.9993
32
31.9999
31.999
30.886
31.9997
31.9997
32
31.9934
32
31.9999
31.9961
31.9998
31.9992
31.6119
31.9996
31.9996
32
31.9997
32
32
31.9992
30.53
31.9997
32
31.9999
32
30.76
32
31.9993
31.9996
32
31.9991
31.9998
31.9996
31.9993
31.9996
31.9996
32
30.45
31.9951
31.9991
31.9999
31.9991
32
32
31.9998
31.9999
30.5456
31.9999
32
31.9998
31.9997
31.9822
31.9987
31.9916
31.9916
31.9923
31.9984
31.9997
32
32
32
31.6206
31.9964
31.9976
32
31.9924
31.9979
31.9999
31.9999
32
30.53
31.9999
32
31.9697
31.9982
31.9989
31.9989
31.9972
32
31.9993
32
31.9985
32
31.9992
31.9992
31.9997
31.0889
31.9992
32
32
31.9999
31.999
31.9961
30.76
31.9997
31.9974
31.9994
31.9999
32
31.9998
31.9996
31.9998
32
29.818
32
32
31.999
31.9997
31.9999
32
31.9997
31.9994
32
31.9994
31.9994
32
31.9989
31.999
32
32
31.9998
32
32
31.9997
31.9999
31.9997
31.9999
31.1254
31.4652
31.44
31.9757
31.9994
31.9965
32
32
32
31.9986
31.9889
31.9996
31.9996
31.9999
31.9987
31.9995
32
31.9995
31.9999
31.9993
31.9998
31.9997
32
31.9995
32
32
31.9999
31.9789
31.9997
31.9997
31.9998
31.9977
31.9995
31.9998
32
31.993
32
31.9999
31.9999
31.9999
31.9998
31.9981
31.9999
31.9999
32
32
31.9875
30.76
32
31.9939
31.9994
31.9999
31.9999
31.9999
31.9997
31.9873
32
31.0803
31.9995
31.9837
31.9986
31.9996
31.982
31.999
32
31.9998
32
31.9996
31.9996
32
30.45
30.45
31.9995
32
31.9994
31.9986
31.9998
31.9755
31.9991
31.9993
31.9983
31.9999
31.9996
31.9994
31.9999
31.9998
31.9998
32
31.9997
31.9988
31.9994
31.9998
31.9999
31.9894
31.9967
31.9811
31.9997
31.9987
31.9969
32
31.9994
31.9995
30.7605
31.9995
31.9998
31.9999
31.9985
30.76
32
31.9999
31.9997
31.9997
30.7669
31.9999
31.9965
31.9994
31.9992
32
31.9989
30.76
32
31.9945
31.9998
31.9988
31.9999
32
31.9986
31.999
31.9994
32
31.9993
31.9938
30.76
32
31.9985
31.9998
31.9994
31.9999
32
31.9998
31.9999
31.9994
30.76
32
30.8536
31.9987
31.9999
32
31.9999
31.9896
31.9995
31.9903
31.999
31.9976
31.9998
32
31.9998
31.9995
32
30.7534
30.7534
31.9999
31.9929
31.9929
30.6053
32
31.9978
31.9966
32
31.9994
32
31.3675
32
31.9992
32
32
32
31.9996
31.9895
31.9895
31.9997
31.9999
31.9973
31.9998
32
32
31.9998
32
31.9997
31.9999
31.9984
31.9988
31.9891
31.9991
31.9989
31.9984
31.9999
32
31.9995
31.9999
31.9998
32
31.9775
31.9923
31.9856
31.9982
31.9995
31.995
32
31.9994
31.9992
32
31.9972
30.53
31.9998
31.9995
32
31.9992
30.76
31.9999
31.9993
32
31.9995
31.9995
31.9997
31.9986
31.9986
31.9999
31.9994
31.9983
31.9994
32
32
31.9994
30.6385
32
31.9999
32
31.9999
31.9773
31.9999
31.9868
31.9982
31.9998
31.9956
31.999
31.9999
31.9989
32
32
31.9989
31.9953
31.9995
31.9999
32
31.9991
32
32
32
31.9961
31.9992
31.9993
32
32
32
31.5675
31.9998
31.9999
32
31.9998
30.8798
32
31.9997
31.9999
31.9999
30.76
32
31.9978
32
32
31.9998
31.9879
31.9998
31.9999
31.9999
31.9999
32
31.9996
32
31.9992
31.9996
31.9996
31.9999
31.9881
31.9999
31.9999
31.9999
31.9994
31.9998
32
32
32
31.985
31.9984
31.9772
31.9977
31.9997
31.9888
32
32
31.9995
32
31.9999
31.9999
31.9997
31.9942
31.9995
32
30.5205
31.9993
31.9983
31.9999
31.9984
31.9978
32
31.9909
32
31.999
31.999
31.9988
31.9994
31.9999
31.9996
31.9982
32
31.9997
31.9997
31.9995
31.0208
31.9984
31.9988
32
31.9996
30.6033
31.9999
32
32
31.9984
30.76
31.9999
32
31.9996
30.9998
32
31.9999
31.9999
31.9997
30.76
32
31.9952
32
31.9993
30.53
31.9996
31.9999
32
31.9955
30.76
31.9999
32
31.9966
31.9981
31.9999
31.9999
31.9999
30.8987
31.9997
31.9995
32
31.9935
31.9999
31.9985
31.9985
31.9994
31.9954
32
31.9999
31.9962
32
31.9964
31.9964
31.9978
30.45
30.45
31.9999
32
31.9991
30.8462
31.9999
32
32
31.9984
30.76
31.9999
31.9969
32
32
31.9998
30.76
32
31.9996
31.9999
31.9993
31.9998
32
30.8245
31.985
31.9996
31.9999
31.9946
32
31.9996
31.9999
31.9999
30.9575
32
32
32
31.9992
31.9999
31.9999
31.9987
31.9997
32
31.9998
32
32
32
31.9995
30.76
31.9996
32
31.9991
31.9999
31.9979
32
31.9998
31.9913
32
30.45
30.45
31.9994
32
31.8013
31.9999
31.9988
31.9997
31.9996
31.0084
32
31.9998
32
31.9917
31.998
32
31.5186
31.9895
31.9999
32
31.9994
31.999
32
31.9998
32
30.53
32
31.9997
31.9974
31.9998
32
32
32
31.9995
31.9997
32
31.999
31.9998
32
32
31.02
31.9998
31.9983
31.9983
31.9995
31.9998
31.9994
32
31.9999
31.9994
31.9999
31.9977
31.9977
31.9999
31.9954
31.9954
31.9998
31.9996
31.996
31.9996
31.9997
32
31.9979
31.9998
31.9999
31.9999
31.9999
31.999
31.9982
31.9999
31.9999
32
31.9994
31.9962
31.9998
31.9998
31.9998
30.8516
31.9997
31.9997
32
31.9997
31.9989
31.9999
31.9986
31.9986
31.9995
30.45
31.9962
31.9989
31.9999
31.9995
31.9997
32
31.9972
30.53
31.9998
31.9995
32
31.9992
30.76
31.9999
31.9993
32
31.9994
31.9998
31.9993
31.9999
31.9999
32
31.9954
31.9999
31.9999
32
31.9992
32
31.9999
32
31.0989
31.9998
31.9999
31.9994
31.9986
30.76
32
31.9995
31.9995
31.9996
31.9868
31.9868
31.9999
31.9988
31.9995
31.9997
32
32
31.9991
31.9972
32
32
32
32
31.9995
30.76
32
31.5906
31.9997
31.9999
32
31.9966
31.9966
31.9987
31.547
31.9993
31.9989
31.9999
31.8229
31.9998
32
31.9999
31.9998
30.53
32
31.9978
31.9978
31.9999
30.45
30.45
31.9997
31.9999
31.9985
31.9997
31.9996
31.999
31.9996
31.3429
31.9997
32
31.9978
31.9971
31.9997
31.9997
32
31.9998
31.9999
31.9999
32
32
31.9973
31.9998
31.9993
31.9993
31.9994
31.9998
32
31.9997
31.9989
31.9999
31.9989
31.9989
31.9995
30.45
32
31.9993
32
31.999
29.1
32
32
32
31.9989
31.9998
32
31.9993
30.76
32
31.9945
31.9999
31.9999
31.9998
31.9998
31.9986
31.4213
32
31.999
30.76
32
31.9985
31.9999
32
31.9998
31.9998
32
31.9817
32
31.9998
31.9998
31.999
31.9948
31.9948
32
31.9994
31.9996
31.9995
31.9996
31.9999
31.9997
30.9939
32
32
31.9967
31.9996
32
31.9999
32
31.9997
31.9917
31.9985
32
31.9999
32
31.9999
32
31.9998
31.9998
31.9999
31.2536
31.9999
31.9999
31.9997
31.9961
32
31.9999
31.9999
31.9937
31.9972
31.5308
31.9938
31.9998
31.9987
31.9999
31.9998
31.9895
32
31.9976
32
31.9993
31.9993
32
31.9998
32
31.9999
30.45
31.4173
31.9999
31.9999
31.9996
31.9999
32
31.9997
31.9997
32
31.9732
31.9997
31.9871
31.9996
31.997
31.9989
32
31.9997
31.9988
32
32
31.9995
30.45
31.9977
32
32
31.9944
31.9997
31.9997
31.9999
31.999
31.1731
32
32
31.9944
30.76
31.9999
31.9968
31.9993
32
31.9999
31.9999
31.9999
31.9789
32
30.45
31.9954
31.9988
31.9993
31.9991
31.9996
32
31.9996
32
30.53
32
31.9998
32
31.9991
31.9999
31.988
32
32
31.9998
31.9973
30.53
31.9998
31.9998
32
32
32
31.9987
30.8944
31.9995
31.9984
31.9999
31.9993
32
31.9923
31.9923
31.9998
31.9852
31.9979
31.999
32
31.9941
31.9981
32
32
32
31.998
31.998
31.9995
30.45
31.997
31.9995
31.9997
31.9978
31.9998
32
32
31.9991
30.53
31.9998
32
31.9996
31.9995
31.9994
31.9986
31.9998
31.9755
31.9991
31.9993
31.9983
31.9999
31.9996
31.9994
32
32
31.9998
31.9994
32
32
31.9997
31.9836
31.9999
31.9846
31.9987
31.9981
31.9959
32
30.76
31.9998
31.9999
31.9999
32
31.9999
32
31.9997
31.9974
31.9998
32
32
31.9999
31.9998
31.9998
31.9999
31.9917
31.9996
31.9996
31.9999
31.9999
32
32
31.9997
32
32
31.02
31.9999
31.9952
31.9952
31.9997
31.9984
31.9996
31.9999
31.9943
32
31.9994
32
31.9977
31.9996
31.9999
31.9999
31.9992
31.9997
32
31.9999
31.9956
32
32
31.9993
31.9951
32
32
31.9991
31.9999
31.9994
32
31.9999
31.9996
32
32
31.9965
31.9972
31.9942
31.9942
31.9984
31.9999
31.9999
31.9988
30.407
32
30.53
31.9998
31.9999
31.9995
31.9988
30.76
31.9999
31.9997
31.9997
