11.5375
8.02731
10.3897
8.64796
8.79743
8.46844
8.13162
8.50228
8.21799
8.01345
13.8094
16.0175
8.74366
10.3809
17.8646
14.7719
12.7756
12.5105
18.7157
15.6122
8.03336
12.1089
8.08897
9.38534
9.08356
8.16732
10.8537
8.33455
9.79646
8.08301
15.2752
8.31987
12.265
10.3499
8.99743
8.82735
10.2097
8.19333
8.39861
12.5368
19.9538
31.9758
15.0493
15.1407
8.33807
8.92744
8.25764
19.1393
8.00851
10.0436
8.40667
29.6082
13.0768
10.7452
20.9522
19.2631
8.00084
12.9193
8.07814
13.3657
8.846
8.00388
11.1263
10.6707
8.05898
8.02353
8.95678
8.78652
8.00235
26.9693
31.9983
11.5716
8.57721
8.24067
8.14309
8.09461
9.66483
8.07989
8.81418
14.387
8.78122
30.6505
8.17529
8.56957
8.25895
12.8197
8.03878
8.30239
18.6934
9.84557
8.06709
8.99025
16.5697
11.3275
15.2385
26.9935
9.74952
8.07562
8.09353
8.20458
18.618
24.5593
8.38672
8.86243
8.1877
8.54768
9.90677
8.28072
9.01272
8.7534
8.31601
8.04953
10.9018
25.4663
11.216
10.8617
8.78861
9.28202
8.33018
8.39171
8.49757
11.4493
8.15937
9.91915
8.03093
8.44295
9.57403
31.9998
8.73476
31.9718
24.2586
24.977
21.9893
8.55414
31.9975
15.786
14.0337
31.9991
31.994
26.1868
12.2146
22.1397
21.9814
16.5718
8.16327
8.1148
18.392
25.5492
20.8842
30.2
9.38966
31.9699
21.8964
20.6476
14.1499
16.787
12.3645
19.4816
14.9474
20.5142
17.7572
24.8399
29.8134
12.2562
25.4592
9.2038
8.03796
8.12343
31.9984
24.4079
13.8363
19.5873
8.03621
8.08593
8.03431
8.20186
8.05831
8.00766
8.04466
11.4281
8.12007
8.00708
12.1208
10.2349
8.01334
13.7582
10.0825
9.73797
8.11941
8.11363
8.17317
8.03099
8.04446
8.17342
8.78837
8.76093
10.0093
10.2914
11.8894
8.0145
8.09923
8.03719
8.02389
10.0999
8.15686
31.2766
10.2494
18.9341
25.4969
9.30431
10.0771
8.19824
12.6073
8.1416
8.01368
8.37049
9.1277
10.2715
8.2047
8.07506
8.03674
15.9829
12.2767
9.23373
10.4963
8.77684
8.15676
8.02992
16.9136
31.9966
31.9825
21.2761
20.026
9.12069
25.0412
8.12768
14.9602
8.31244
8.67175
8.60306
17.206
12.1013
9.6898
21.7708
31.5042
18.785
9.08368
8.80281
10.8359
8.31257
14.7759
8.44531
8.25643
8.00006
8.27682
8.94672
8.31314
8.67438
27.5501
9.22516
10.0656
8.03029
30.2107
9.30756
10.1557
13.1438
14.5903
12.3696
29.5671
19.7908
8.08354
8.12717
8.12447
20.1441
8.0206
19.3808
8.36866
10.6604
26.417
8.06035
31.9696
10.4594
16.7369
10.678
11.4833
8.37946
25.3176
11.0835
18.2862
8.11014
8.05011
10.344
11.5701
8.36241
8.13775
10.5961
27.8055
8.05598
30.7297
21.7899
31.9842
23.1762
9.07612
9.49604
9.21572
8.09725
10.1883
19.9503
10.9862
16.1351
11.53
9.47301
10.4141
14.2472
12.2589
14.5419
8.23655
8.05053
8.18702
15.8148
14.5628
12.8988
25.2934
8.18277
20.4439
17.9012
9.89168
9.59035
8.74783
10.7277
21.2458
13.132
20.564
15.0716
17.2683
25.5579
8.46752
24.4966
21.3831
8.1578
8.00791
8.52064
18.0216
10.5862
22.0056
20.0963
8.12741
8.17928
11.3604
12.6707
8.52566
8.0718
21.1128
8.07327
31.9962
10.7016
8.11654
10.4706
8.18532
8.44399
8.60038
10.2232
8.16165
8.05564
20.6686
30.415
8.23242
8.00739
11.9235
13.8383
18.3848
8.06999
12.7302
16.6577
16.756
31.99
16.3232
8.41268
8.04375
8.04375
23.1019
31.4537
29.566
18.5454
13.3318
25.685
18.5368
8.86965
12.1767
9.05715
8.02093
15.4199
8.24798
22.7116
8.03369
31.6539
8.20759
8.09356
8.55292
8.46302
12.1015
10.5027
8.12351
9.7602
17.45
21.1676
20.1683
31.9588
31.6264
8.12215
9.40086
17.2067
15.5584
16.3091
10.3222
8.01722
16.8432
12.4664
16.2391
9.65209
27.2393
26.299
20.2437
24.402
8.07856
9.21464
8.0446
13.7098
28.2321
18.9277
10.2236
8.676
8.79326
11.4222
8.09154
9.0127
18.4028
8.22689
30.6009
8.21679
8.08959
9.93588
31.9808
8.20372
31.9873
21.5511
23.6529
28.9202
8.67696
19.6965
8.53635
10.133
8.27775
20.3817
31.9805
24.1044
25.2911
20.5889
30.7741
8.67281
28.1473
8.95142
8.0053
8.6459
8.81902
14.2391
8.24686
8.14789
8.32015
15.7362
8.97446
11.4399
8.00373
8.16433
15.0332
18.8538
10.1461
10.893
8.15862
8.5087
8.03118
8.72078
8.11531
8.54457
8.53009
8.57415
8.03421
8.70704
12.745
8.86043
8.24355
9.1155
12.6377
9.87571
8.54927
8.28161
8.22932
12.9134
8.37403
9.51299
9.46205
8.12105
9.53623
15.3309
21.1937
27.3474
8.33767
31.9957
10.7825
8.24004
8.00811
8.6892
8.28921
8.20321
12.426
12.8459
10.3809
8.12209
10.6466
8.02184
11.8349
26.4992
10.4435
8.15223
9.87685
8.89454
8.14988
10.8008
20.991
8.28282
31.9976
27.6574
19.7566
14.5204
12.0487
8.34191
10.865
8.01674
10.2185
8.09023
11.5344
19.4337
8.88624
8.65562
17.2034
8.30604
9.25071
13.6249
17.6949
8.00165
9.08536
20.2134
12.0891
12.9485
11.2658
8.05758
8.13459
8.35842
8.07144
8.10566
11.3679
8.04994
8.21706
13.1215
28.3489
25.0661
8.15962
9.99501
8.19157
18.4636
18.8507
18.473
8.35779
9.63133
20.7374
8.36243
11.0959
11.4817
11.2629
13.7206
10.6149
8.01153
8.2677
8.76181
27.6674
8.00102
9.95889
13.6953
17.7012
8.35492
25.7695
19.6248
12.7569
8.12602
8.05829
23.4163
8.16459
20.0588
10.6703
12.5152
17.7944
14.6187
30.7398
8.21954
9.99566
23.4825
31.7581
21.1338
8.17738
8.00139
8.19295
10.6911
10.0887
14.3501
9.33463
11.852
14.7983
8.95959
20.587
8.05336
8.05935
11.6743
10.5809
8.5595
8.31901
8.06474
13.1941
10.2032
16.399
8.05944
8.37615
13.1878
8.62109
8.30453
8.44158
8.43491
8.01031
8.15104
13.1222
8.08223
13.5687
14.9476
22.0905
8.58717
8.33725
8.43039
8.03722
11.829
8.06221
8.04828
12.2844
25.8452
26.9888
8.17107
8.16456
8.65484
8.08756
10.0295
8.1237
12.3992
8.54861
25.156
8.09586
15.1034
8.04813
13.3633
8.18014
10.1671
26.0457
10.8012
8.11095
9.5166
9.12813
8.15976
9.10772
8.12953
8.39937
9.38187
9.126
8.11135
12.1312
11.4993
8.06402
9.92263
8.1898
8.95335
11.8186
11.2803
18.602
8.15062
9.23408
8.5734
24.5029
8.22455
31.9808
10.3786
9.56285
8.00165
8.92028
31.9932
26.5611
20.7414
11.3456
15.2083
8.5039
12.5325
30.5364
10.5053
8.02128
14.2925
24.3606
8.41708
8.53011
8.04598
10.1234
8.6187
8.63884
13.6549
8.13913
9.39854
24.7869
9.353
8.05606
10.277
10.4549
8.65208
8.52752
8.98669
13.0762
11.3622
31.9675
18.4181
9.64593
8.00295
11.3507
16.2659
10.2643
8.2558
8.14607
27.4208
8.08997
10.4791
14.847
11.1754
21.7318
10.3412
8.02961
16.8432
12.4658
16.2391
9.65209
27.2393
26.299
20.2437
24.402
16.4178
8.07894
8.54667
18.5948
11.5582
17.5081
18.2527
31.9861
30.5095
11.9212
18.8074
22.4651
8.05293
8.12666
17.0281
25.2798
10.3046
17.4204
14.3858
14.8415
18.0602
17.2517
12.4324
8.02
8.37424
24.9117
26.8079
28.7911
8.99767
19.6146
30.9838
8.72291
14.965
10.7415
11.2472
13.9223
10.9301
18.423
8.17425
8.17162
22.6193
8.03975
8.08934
8.01415
8.12031
8.27552
8.20006
8.02215
13.5837
26.2824
14.1911
8.43449
10.9183
9.92513
8.39731
8.23876
9.6649
8.57011
8.67133
9.0766
23.8244
21.9788
8.15472
29.9236
26.2793
17.4279
10.8365
9.58802
8.02213
8.16441
9.29207
13.5369
9.05714
21.8636
26.879
31.9907
31.9978
27.8856
8.1215
11.9697
8.72349
8.02204
8.02027
8.19445
8.87539
8.39256
8.02466
31.9962
8.21628
8.68187
10.7668
8.1144
8.18889
8.27479
15.382
13.4254
8.06585
12.6912
24.743
19.599
14.6998
8.10871
8.07495
24.5483
9.9799
8.17788
10.5407
8.31004
8.24696
8.4616
23.7608
12.635
8.3581
17.478
8.52432
19.3504
20.1488
11.2209
27.9195
23.8736
9.59599
13.2423
12.9422
8.14177
14.5554
8.05256
8.31406
12.8134
8.07779
8.01928
8.12465
16.5966
19.779
8.19107
14.265
27.6455
29.0854
8.08333
11.4104
18.8223
31.9949
8.19138
8.47565
8.41319
8.01399
8.00515
9.52501
13.8007
8.09885
8.80559
11.9763
18.6024
9.60931
31.9882
12.504
8.00437
8.41803
9.11715
8.16178
9.77437
14.7644
8.07562
8.36102
26.018
16.9001
8.17938
8.31995
8.45097
19.7114
9.34108
12.2149
28.9282
8.12658
28.639
13.98
8.43945
11.7188
20.334
16.3431
31.9916
31.9703
13.2198
8.63696
8.26554
13.8682
8.23099
8.26794
8.26794
9.419
22.4849
8.08462
8.03307
11.0598
9.99822
8.04432
10.8896
8.68973
22.8557
21.8676
30.632
8.035
31.9992
20.9616
31.5846
21.6356
12.9779
11.3933
10.472
9.37081
8.12652
8.60591
19.3837
9.19717
8.50282
11.3636
9.48732
8.06666
8.79405
10.898
14.735
19.8444
8.1746
8.29832
9.77236
8.07221
8.24084
18.854
8.00621
13.917
10.1318
17.2359
31.9966
31.9825
31.9795
19.4992
9.08568
12.9588
9.24366
17.0006
8.86583
8.29212
8.21308
8.01528
16.5148
19.288
9.72625
31.3015
10.8575
8.66812
10.5784
31.9336
8.00112
8.73678
31.9565
18.0219
8.04041
8.17344
12.8235
20.0438
16.7409
24.0299
19.1696
19.3138
10.1331
8.05618
8.02062
31.9754
21.3347
8.75987
16.65
31.9969
31.9961
20.2945
16.2206
15.1055
15.3459
8.05786
8.06241
16.0472
26.1906
22.8424
8.16192
28.6676
31.994
31.9982
9.9883
22.0299
9.29956
8.39322
9.9951
11.5915
13.8649
13.3707
11.4163
8.21251
8.42137
10.6604
26.417
8.06035
31.9696
10.4594
16.7369
10.678
11.4833
8.37946
25.3176
8.69703
8.15242
8.16313
12.0428
8.01032
11.8286
19.3192
29.4098
8.06573
31.9946
15.1744
8.05441
8.06043
9.2983
17.2136
14.3422
31.9981
14.5119
20.8509
15.7185
9.12948
8.11135
12.1312
11.4993
8.06345
8.07386
18.6375
8.09096
8.01383
22.4134
31.9943
18.0809
8.70915
12.13
8.42314
8.05591
8.45962
8.09211
8.5236
8.93376
8.94807
8.13102
31.9844
14.0181
8.75762
12.9041
8.36531
16.0706
11.803
8.21545
8.09847
9.00901
15.5689
8.03938
31.986
18.5956
12.3115
8.10395
19.19
19.0249
14.6431
8.92781
8.76092
8.0008
9.50787
8.18717
8.18603
8.26859
12.1047
8.3048
8.18288
9.60453
8.28155
8.00008
10.7171
16.2259
8.03895
31.9717
16.8599
8.03351
8.04219
14.06
12.4082
8.05463
10.092
24.2665
18.1091
8.12615
8.17118
16.5938
18.2771
8.91971
30.1697
8.00042
