32
31.9984
31.9981
31.9986
31.1998
30.24
31.9995
31.9957
31.9873
29.3
31.9999
31.9976
31.9981
31.9963
31.9936
31.9998
31.2364
31.9997
31.9954
31.9989
31.9866
31.9988
31.9906
31.9997
31.828
31.9987
31.9987
31.9963
31.9999
31.9998
31.9821
29.97
31.9984
31.9989
31.9989
31.9952
31.9997
31.9953
31.9966
31.999
32
31.9996
31.9996
30.9185
31.9999
31.9997
30.8402
29.97
31.9992
30.9787
30.9787
31.9965
31.9999
30.5115
31.9994
29.525
31.995
31.9983
31.9971
31.9832
31.9988
31.9804
31.9994
30.7345
31.9994
31.9955
31.9999
31.9997
31.9997
31.3004
31.0791
31.9981
30.6
31.9995
31.9995
31.9943
31.9997
31.9998
31.9998
31.9963
31.9963
31.04
31.997
31.9946
32
31.9985
29.97
31.9997
31.992
31.992
31.9908
31.9986
31.9986
31.9989
30.5888
31.9986
31.9947
31.9977
31.7181
32
31.976
32
31.9988
31.9947
31.2092
32
30.4741
30.4741
31.9995
30.88
31.9992
30.6
31.9811
31.9811
31.9858
31.9952
31.9998
31.9998
31.2898
31.9914
31.4288
31.9981
30.09
31.9995
31.9903
30.8249
32
31.9985
31.9925
31.9993
31.9993
31.9859
30.9372
31.9976
31.9977
31.9988
31.9996
31.9987
32
31.7657
31.9983
31.9993
30.6304
31.9996
31.9956
30.66
30.15
31.9926
31.09
31.9999
31.9886
31.9994
31.7115
31.9999
31.9937
30.24
31.9986
31.9911
31.9993
29.3
31.9922
31.9962
31.9973
31.9996
31.9928
31.9992
30.5801
31.9969
31.9984
32
31.9778
31.9895
31.3778
30.07
31.9997
30.82
31.9962
31.999
31.9977
31.9995
31.9996
31.9986
30.9218
31.9976
31.9974
31.9964
31.9999
31.9946
31.9998
31.9903
31.9998
31.9949
31.9949
31.9998
31.9972
31.9994
31.9898
31.9898
31.9776
31.9993
31.9886
31.9959
32
32
31.9925
30.83
31.9993
31.9984
31.9984
31.2307
31.9982
31.9995
30.5462
31.9994
31.999
32
31.9996
31.9996
30.4574
31.39
32
31.9994
31.9996
31.9996
31.9914
31.9962
31.9993
31.9958
31.9978
31.9978
31.99
31.9998
31.9995
31.9883
31.9921
31.9995
31.9999
31.9959
30.717
30.15
31.9851
31.09
31.9993
31.9951
31.9998
31.9966
31.9999
30.9026
30.4701
31.9948
31.997
31.9983
29.3
31.9994
31.9985
31.9814
31.9995
31.9902
32
31.9899
31.9989
31.9952
31.9989
30.15
30.24
31.9878
31.9985
31.9992
29.3
31.9855
31.9998
31.9977
31.9997
31.989
31.9977
31.695
31.9998
31.9993
31.9995
31.9995
31.9992
31.9933
31.9982
31.9726
31.9984
31.9984
31.9741
31.9981
31.9989
31.9928
29.97
31.998
31.9785
31.9785
30.7129
31.997
31.9999
31.9995
32
31.989
30.24
31.9791
31.9996
31.9962
29.3
31.9842
31.9998
31.9755
31.9997
31.997
31.9935
31.717
32
31.9984
31.9964
31.9877
31.9991
31.9965
31.9993
31.999
32
32
31.8575
31.9988
31.9981
31.9928
29.97
31.9998
31.9903
31.9903
31.9931
31.9997
31.9981
31.9967
31.9993
31.9989
31.998
31.9997
32
31.9976
31.9976
30.6476
31.9832
31.9917
30.5658
31.9975
30.2978
32
30.32
30.32
30.16
30.55
30.62
31.8394
31.8394
30.2504
31.998
31.9932
31.9995
31.9995
30.8372
31.999
31.9991
31.9973
31.9993
31.9993
31.9895
29.6057
32
31.9962
31.9994
31.9994
31.9933
31.9989
31.9899
31.9899
31.9982
31.423
31.995
31.9968
30.66
30.15
31.9991
31.09
31.9995
32
31.5305
31.9985
30.12
31.9857
31.9996
31.9878
31.9995
31.9961
31.9998
30.2338
31.996
31.9997
31.9997
30.2639
31.9937
31.9772
31.9897
31.9897
30.07
31.9988
31.3952
31.9943
31.999
31.999
31.9936
30.83
31.9876
31.9851
31.9851
30.4949
31.9998
31.22
30.28
31.9998
31.9905
31.9966
30.32
30.32
30.5078
31.9976
30.62
30.14
30.14
30.19
32
31.9986
31.9992
31.9981
31.9981
31.9937
30.9335
31.9999
30.6011
31.9992
31.9992
31.9981
31.9959
31.9977
31.9977
31.9986
31.9996
31.04
31.999
31.9721
31.9997
31.9954
31.9972
31.9971
31.9971
29.96
31.9992
31.9994
31.9994
31.9514
31.9864
31.9988
31.9996
31.9996
30.8694
30.07
31.9904
30.82
31.9986
31.985
31.9838
31.9998
31.9991
31.9998
30.12
31.9991
31.9997
31.9932
31.9989
31.9996
32
32
30.577
31.6317
31.9977
31.9947
29.97
31.9992
31.6581
31.6581
31.9982
31.9995
31.9907
32
31.9969
31.9995
31.1092
31.9999
30.6841
31.9998
31.9919
31.9998
31.9911
31.9979
30.07
31.9998
31.9986
31.9986
31.9998
31.1901
31.9983
30.6
30.8006
30.8006
31.9997
31.9948
31.9999
31.9999
30.6888
31.9914
31.9156
31.9998
31.979
31.9992
32
31.9999
30.12
29.5
31.9997
31.9827
31.9985
31.983
31.9966
29.8
31.9994
31.9903
31.9903
31.9939
31.9936
31.9981
31.769
31.769
31.247
31.9959
31.9786
31.9926
31.999
31.999
31.9967
30.83
31.9999
31.9995
31.9995
30.28
31.9988
31.9831
30.719
31.9996
31.9971
31.9999
31.9954
31.9954
30.4618
32
31.0301
31.9775
31.9775
30.2628
31.9959
31.9996
32
31.9995
32
32
30.33
31.39
31.9995
31.9902
31.9978
31.9978
31.9821
30.906
31.9988
31.999
31.9994
31.9994
31.993
31.9998
31.9957
31.9988
31.9984
31.9996
31.9992
31.9995
30.66
30.15
30.5601
31.09
31.9997
31.9941
31.9999
31.976
31.9994
31.9928
30.7498
31.9995
31.9987
31.9975
29.3
31.9996
31.9977
31.998
32
31.9998
31.994
31.994
30.16
31.9887
31.9891
31.9961
31.9961
30.19
31.9971
32
31.9992
31.9992
31.9976
31.9888
31.9996
31.9986
31.9998
31.9998
30.3484
31.9997
31.9998
30.7301
31.9986
31.9986
31.9976
32
31.9846
31.9998
31.9987
31.9913
31.9991
31.9961
30.66
30.207
31.9972
31.09
31.9992
31.9954
31.9992
31.9973
31.9999
31.9962
30.24
31.9941
32
32
31.9949
31.9998
31.9957
31.9957
31.5518
31.9906
31.7596
31.9977
31.9932
31.9966
31.9999
31.9961
31.9999
31.9999
29.96
31.0363
31.9938
31.9938
31.9916
31.9889
31.9988
31.8954
31.9971
30.8212
30.07
31.9932
30.82
31.9953
31.9938
31.9962
31.9992
31.9828
31.9998
30.12
31.9968
31.999
31.5622
31.9997
31.9957
31.9998
31.9674
31.9995
31.9971
31.9971
31.9796
31.9974
31.9955
31.9846
31.9846
32
31.1539
31.9985
30.12
31.9991
31.9983
31.9973
31.9994
31.9991
31.9995
31.7159
31.9993
31.9771
31.9771
31.9866
31.9978
31.9982
31.8204
31.8204
31.5735
31.997
31.9964
30.8215
31.9989
31.9989
31.9959
30.83
31.9989
31.9987
31.9987
31.9799
31.9949
31.22
31.6001
31.9998
31.9976
32
31.9978
31.9978
30.5818
31.9992
31.9943
31.9994
31.9994
30.2361
32
31.9997
31.9997
30.4793
31.9986
31.9937
31.9989
31.9989
30.3738
31.9998
31.9871
31.9997
31.9997
31.9892
31.39
31.9982
31.996
31.9991
31.9991
31.9775
30.5943
31.9968
31.9996
32
32
31.9953
31.9997
31.9923
31.9961
31.9958
31.9988
31.9971
32
30.66
30.15
31.9953
31.09
31.9997
31.9885
31.9998
31.9957
31.9996
31.9926
30.24
31.9969
31.9895
31.9994
32
31.9949
31.9949
31.7768
31.9998
31.9985
31.9977
31.9998
30.2326
31.9976
31.9987
31.9987
30.16
31.9907
31.9842
31.9994
31.9994
30.19
31.9997
31.9903
31.9994
31.9994
30.33
31.39
31.9983
30.9762
31.9996
31.9996
30.6652
29.6402
31.9997
30.9341
31.9992
31.9992
30.23
31.9995
30.1133
30.284
29.7308
31.9949
31.9987
31.9962
30.66
30.15
30.15
31.09
32
31.9979
31.9979
31.9998
31.9999
31.9979
32
31.9996
31.9987
31.9914
31.9993
31.9991
32
31.9989
31.997
31.9987
31.9997
31.9973
31.999
31.9988
31.9988
31.9962
31.0369
31.9997
30.6
31.996
31.996
31.9994
31.9964
31.9997
31.9997
31.9982
31.9929
31.9228
31.999
31.9974
31.9993
31.9983
31.9782
31.9995
31.9995
29.96
31.9976
31.9988
31.9988
31.3116
32
32
31.9985
31.9985
31.9655
31.58
31.9998
31.9963
31.9963
30.76
30.07
31.9976
30.82
31.9994
31.995
31.9994
32
31.9979
31.9996
30.12
31.9982
31.9999
30.5662
31.9992
31.9983
31.9994
31.9847
31.9996
31.9983
31.9983
31.9977
31.9995
31.9981
31.9894
31.9894
31.997
31.9943
31.9918
31.9981
31.9999
31.9999
31.9979
30.83
31.9992
31.9884
31.9884
31.3316
31.9997
31.9991
32
31.9983
31.9999
31.9977
31.9975
31.9981
31.9999
31.9976
31.9989
31.9885
31.999
30.8007
31.9998
31.9738
31.9998
31.9929
31.9929
31.982
31.9985
31.9999
30.6
31.9898
31.9898
31.9896
31.9993
31.9908
31.9908
31.9965
31.9988
31.04
31.9996
31.9973
31.4124
31.9727
31.9949
31.9985
31.9985
29.96
31.9827
31.9992
31.9992
31.9958
31.9999
32
31.9901
31.9901
30.76
30.07
32
32
31.9851
31.9998
31.9983
31.9997
30.8316
31.9923
31.9999
31.9949
31.995
31.9998
31.9992
31.9998
30.7925
31.9976
31.9976
31.1883
31.997
31.9996
30.5289
29.97
31.9982
31.9906
31.9906
31.999
31.9983
31.9936
32
29.4735
30.6688
31.9994
31.9998
31.9992
31.9968
31.1187
32
30.9899
31.9994
31.9301
31.9998
31.9999
31.9999
29.96
31.9992
31.9999
31.9999
31.4012
31.9829
31.9986
31.994
31.9993
30.843
30.07
31.9943
30.82
32
31.9902
31.9962
31.9978
31.9958
31.9993
30.12
31.998
31.9992
31.9147
31.9982
31.9949
31.9992
31.9783
31.9997
31.9881
31.9881
30.7106
31.9998
31.9992
31.0092
31.0092
31.6588
31.9987
32
31.999
32
31.22
31.9969
31.9992
31.9865
31.9991
30.3552
30.3552
30.6209
31.9996
31.2341
30.14
30.14
30.2564
31.9977
31.9877
32
32
30.33
31.39
31.9892
31.9988
31.9989
31.9989
31.9784
31.376
31.9992
30.32
30.02
30.02
30.23
31.9998
31.9895
31.9896
31.9952
31.9986
30.1343
31.9993
30.66
30.15
30.15
31.09
31.9967
31.999
32
31.9983
31.9951
31.9968
30.1
30.1
31.6568
31.9981
31.9913
31.9978
31.9978
31.9997
31.9867
31.9999
31.9916
31.9995
31.9995
31.9999
30.83
31.9994
31.9995
31.9995
31.4928
31.9989
31.9999
31.9971
31.9996
31.9819
31.9982
31.9993
31.9993
31.0421
31.9975
31.9878
31.9977
31.9977
30.1946
31.9998
31.9963
31.9976
31.9976
31.9628
31.9977
31.9997
31.9993
31.9996
31.9996
31.9918
31.9975
32
31.9982
31.9998
31.9971
31.9964
31.9964
31.9914
31.4942
31.9992
30.6
31.9992
31.9992
31.9878
31.9924
31.9988
31.9988
29.511
31.9991
31.9231
31.9995
31.9896
31.9984
31.08
30.3868
31.9978
31.9978
30.0631
31.9979
31.9929
31.9929
31.9594
31.9829
31.9961
31.9697
31.9977
31.0776
30.07
31.9925
30.82
31.9997
31.9985
31.9993
31.9999
31.9997
31.9995
30.12
31.9941
31.9999
31.9675
31.9984
31.9807
32
31.9997
31.9991
31.9991
31.9732
31.9995
31.7159
31.991
31.9996
31.9994
31.9997
31.9996
31.9996
30.16
30.55
31.8988
31.0434
31.0434
30.19
32
31.9975
32
32
31.9922
31.7535
31.9997
31.9936
31.9999
31.9999
31.5208
30.1746
31.9989
31.9995
31.9999
31.9999
31.9935
31.9997
31.9933
31.9989
31.9919
31.985
31.9925
31.999
30.66
30.15
31.9897
31.09
32
32
30.3474
31.9986
32
32
31.9631
31.9997
31.9992
31.9711
31.9988
30.9483
30.07
31.9955
30.82
31.9994
31.9935
31.9948
32
31.9991
31.9994
30.12
31.9989
32
31.9905
31.9996
31.9943
31.9997
30.6119
31.9991
31.9955
31.9955
30.9615
31.9957
31.9995
31.9977
31.9977
31.9809
31.9988
31.9934
31.9921
31.9992
31.9992
31.6859
30.83
31.9968
31.9918
31.9918
31.8597
32
31.9962
31.9997
31.9997
31.7849
31.9929
31.9996
31.9701
29.97
30.806
30.21
30.21
31.9837
31.999
30.08
31.9971
31.9993
31.9959
31.9997
31.9997
31.9996
31.9988
31.0224
32
31.998
31.9998
31.8361
31.9993
31.9985
31.9985
31.9738
31.9891
31.9991
30.7485
31.9865
31.9865
30.3751
31.9987
31.998
31.998
29.2143
30
31.2333
31.9995
32
31.999
31.999
30.6414
30.9889
31.9999
30.6
31.997
31.997
31.9838
31.9953
31.9913
31.9913
31.9835
31.9953
31.7129
31.9952
31.9917
31.9927
31.9976
31.9997
32
32
29.96
31.9965
31.999
31.999
30.5509
31.995
30.2787
31.9974
31.9974
30.76
30.07
31.0104
30.82
31.9997
31.9964
31.999
31.9995
31.9969
31.9979
30.12
31.999
31.9997
31.827
31.9984
31.7149
31.9996
31.9996
32
30.5026
31.9992
31.9941
31.9901
31.9999
31.9995
31.9795
31.9994
30.06
30.06
31.9835
31.9945
31.9988
30.6759
31.1062
31.1062
31.9739
30.6353
31.9997
31.9997
29.7183
30.0352
31.04
31.9997
30.7041
30.2173
31.9886
28.8
31.9973
31.9973
29.96
30.0833
30.4849
30.4849
31.2652
31.9983
31.9985
31.9846
31.997
31.9796
30.07
30.07
30.82
31.9995
31.9962
31.9998
30.33
30.28
32
31.0046
31.9998
31.9977
31.9997
30.36
31.9993
31.9988
31.9989
30.8899
31.9996
31.9991
31.9999
31.9943
32
32
31.2612
31.9999
31.9985
31.9991
29.97
32
31.9965
31.9965
31.9975
31.998
31.995
31.9989
31.9993
31.9991
31.9953
31.999
31.8162
31.9997
31.9931
32
31.999
30.3477
31.9997
31.9997
30.66
30.15
30.335
31.09
31.9999
31.9977
31.9941
31.9999
31.9982
30.15
30.24
30.24
31.9588
31.9995
29.3
31.9949
31.9988
30.8217
31.9997
31.9865
31.9913
30.9187
31.9993
31.5881
31.9999
31.4915
31.9971
31.9956
31.9979
31.9957
31.9993
31.9993
31.3631
31.9911
31.9996
31.9972
29.97
32
32
31.9821
31.9994
31.9998
31.9996
30.12
31.9751
31.9991
30.3
31.9992
30.5465
31.9991
31.9921
31.9999
31.277
31.277
31.9971
31.9996
31.9994
31.9919
31.9919
31.9945
31.9896
31.9894
31.9949
31.9999
31.9999
30.11
30.83
31.9984
31.9981
31.9981
30.28
31.9999
31.9966
31.998
31.9998
31.9992
31.993
30.3928
30.3928
30.3582
32
31.9995
31.9865
30.5683
31.9988
31.9838
31.9942
29.3
31.9981
31.9991
31.9804
31.9999
31.9775
31.999
31.0637
31.9996
31.9999
31.9997
31.9777
31.9985
31.9975
31.9987
31.1447
31.9992
31.9992
30.8051
31.9841
31.9998
31.9978
29.97
31.9997
31.9962
31.9962
31.9891
31.9997
31.9835
31.9988
31.9991
31.9995
31.9987
32
32
29.96
29.96
31.9969
31.9969
31.9916
31.9979
31.9986
31.6652
31.9916
31.9955
30.07
31.9931
30.82
31.9999
31.9975
31.9978
31.9997
32
31.9992
30.12
31.9849
31.9992
31.9988
31.9996
31.9954
31.9994
31.999
31.9972
31.9783
31.9783
30.1781
31.9938
31.9973
31.9932
31.9932
30.7596
31.9856
31.9999
31.9976
31.9994
31.9994
31.9998
30.83
31.9973
32
32
30.28
32
31.979
31.9996
31.9868
31.9993
31.9993
30.1415
31.9984
31.9963
31.9841
29.97
31.9993
31.9976
31.9976
31.989
31.998
31.8365
31.9981
31.9994
31.9999
31.9956
31.9983
31.9911
31.9989
31.9949
31.9976
31.9867
31.9999
31.9998
31.9994
31.99
31.99
31.9974
31.9933
31.9991
30.6
31.9767
31.9767
31.9928
31.9991
32
30.3365
31.9954
31.9997
31.9896
31.9997
31.9908
31.9999
31.9923
31.999
31.9998
31.9998
31.9702
31.9999
31.9993
31.9862
31.9862
31.9448
31.9996
31.9997
31.9995
31.999
31.999
31.674
30.83
31.9988
31.999
31.999
30.5412
31.9982
31.9997
31.9785
32
31.7259
31.9996
31.448
31.448
30.2377
31.999
31.9942
31.9837
31.9837
30.19
31.9999
31.9881
32
30.28
28.7
30.12
29.5
31.9996
31.997
31.9997
31.9997
31.9989
29.8
31.9979
31.9984
31.9984
30.1244
31.9957
31.9939
31.9716
31.9716
31.9979
31.9993
31.9988
30.3608
31.9956
31.9956
31.9958
30.83
31.9996
31.9925
31.9925
31.9738
31.9993
31.9967
30.8688
31.9984
31.9899
31.9998
31.9989
31.9989
30.9189
31.9986
31.9995
31.9982
31.9982
30.2408
32
32
31.9944
31.9944
31.2331
31.9982
31.264
31.9881
31.9999
31.9904
31.9999
31.9988
31.9988
30.455
31.9999
31.9974
31.9966
31.9966
30.3156
31.9983
31.9988
31.9999
31.9999
31.9656
31.9938
31.9998
31.9966
31.998
31.998
31.8104
29.7133
31.9977
31.9597
31.9995
31.9995
31.9999
31.9995
31.0663
31.9998
31.9796
31.9752
31.9991
31.9668
30.7212
30.15
31.9905
31.09
32
32
31.9693
31.8425
31.9998
31.9984
31.9998
31.9998
31.9439
29.6
31.9998
30.32
31.9994
31.9994
31.9816
31.9983
31.9951
31.9901
31.9985
31.9973
31.9909
31.9998
30.66
30.15
31.9947
31.09
31.9981
31.9999
31.9999
31.9976
31.9999
31.9998
30.24
31.9962
31.9995
31.9997
29.3
31.9931
31.9997
31.9918
31.9989
31.9997
31.9998
31.0473
32
32
31.9998
31.9998
31.9695
31.8297
31.9997
31.9915
31.9997
31.9997
31.9972
32
31.9873
31.9993
31.9959
31.9952
31.9997
31.9946
30.66
30.15
30.4162
31.09
31.9983
31.9984
31.9989
31.9834
31.9985
31.9952
30.24
31.9979
31.9998
31.9961
29.3
31.9959
31.9991
31.9984
31.9999
31.9984
31.9973
30.8253
31.9943
31.9951
32
31.9985
31.9997
31.9995
31.9962
30.7708
32
31.988
31.9995
31.4522
31.9997
31.9937
31.9997
31.9996
31.9985
31.9985
30.5696
31.9993
31.9999
31.9939
29.97
31.9998
31.9993
31.9993
31.9996
31.999
31.9962
32
31.9839
32
31.9989
31.9989
31.9926
31.9996
30.03
31.9982
32
31.9992
31.9997
31.9988
31.9998
31.9978
31.9997
31.9992
31.397
30.9734
31.9992
31.9996
31.9996
31.9992
31.2589
31.9999
30.6
31.9991
31.9991
31.9958
32
31.9977
31.9977
31.9915
31.9874
31.6749
31.9999
31.9654
31.9992
31.9998
30.5037
31.9999
31.9999
29.96
31.9955
31.9997
31.9997
31.9889
31.9887
31.9986
31.9917
31.9917
31.3255
30.07
31.985
30.82
31.9995
31.9878
31.9992
32
31.9998
31.993
31.9947
31.9995
31.9769
31.9998
31.9889
31.9889
31.073
32
31.9966
31.9999
31.9999
31.5559
31.9995
31.6058
31.9996
31.9996
31.9813
31.9978
31.9996
31.9842
32
32
31.9884
30.0444
31.9986
31.9939
31.9989
31.9989
31.9987
31.9996
31.9965
31.9987
31.9994
31.996
31.9954
31.9985
30.66
30.15
31.9959
31.09
31.9986
31.999
32
31.9989
31.9989
31.9575
31.9992
31.9976
31.9769
31.9997
31.3408
30.07
31.9929
30.82
31.9997
31.9999
31.9991
32
31.9879
31.9982
30.8569
31.9994
31.9998
31.9875
31.9983
31.9954
31.9993
31.9997
31.9996
31.9867
31.9867
31.9698
32
31.9995
31.9616
31.9616
31.9617
31.9996
31.9992
31.9975
31.9974
31.9974
31.9869
30.83
31.9994
31.9938
31.9938
31.5475
31.9975
31.8949
31.9905
32
30.6788
31.9855
31.9955
31.9892
31.9999
31.9999
29.96
31.9992
31.9997
31.9997
31.9963
31.9993
31.9974
31.9941
31.9941
30.8388
30.07
31.9949
30.82
31.9996
32
31.9902
31.9995
30.28
31.9997
30.12
31.999
31.9977
31.9941
31.9998
31.9992
31.9992
29.8
31.9994
31.995
31.995
31.9959
31.9986
31.9818
31.9965
31.9965
31.9897
31.9997
31.9895
31.9999
32
31.9983
31.9986
31.9995
31.9995
31.9867
31.9974
31.9992
30.5051
30.5051
31.9977
31.9998
31.4743
30.26
31.9998
31.9998
30.5208
30.83
31.9996
31.9948
31.9948
31.2219
32
31.9947
31.9995
32
31.9987
31.9989
31.5088
31.5088
30.16
31.9998
31.9883
31.9992
31.9992
30.2614
31.9987
31.4281
31.9997
31.9997
31.9941
31.39
31.9998
31.9997
31.9978
31.9978
31.3592
29.6
32
31.998
31.9994
31.9994
31.9991
31.3911
31.9996
31.9992
31.9998
31.9998
31.9806
30.8361
32
31.9954
31.9999
31.9999
31.9971
31.9988
31.3173
31.9998
31.9979
31.9982
31.9989
31.9999
30.66
30.15
31.9902
31.09
31.9988
31.9995
31.9999
31.996
31.9978
31.9968
30.24
31.4533
31.9829
31.9994
29.3
31.9998
31.9995
31.9951
32
31.9988
31.1832
31.9997
31.9986
31.9994
31.998
31.9999
31.9972
31.5858
31.8805
31.9997
31.9997
30.2249
31.865
31.9996
31.9737
29.97
31.9997
31.9945
31.9945
30.6215
31.9999
31.9897
31.9987
31.9745
31.9999
30.5906
31.9992
31.9998
31.9979
31.9979
31.9987
31.972
31.9994
31.9892
32
31.9995
31.9829
31.9984
30.12
31.9992
31.9987
32
31.9991
31.9883
31.9976
31.9971
31.9998
31.9968
31.9968
31.9987
31.9964
31.9996
31.9995
31.9995
31.9912
31.9977
31.9984
31.9998
31.9968
31.9968
30.6025
30.83
31.9897
31.9982
31.9982
31.9002
31.9988
31.9897
31.9987
31.9983
31.9959
31.9997
30.32
30.32
30.498
31.99
31.984
31.9987
31.9987
32
31.997
31.9983
31.9985
31.999
31.9947
30.24
31.8547
31.9978
31.9952
29.3
31.9927
31.9998
31.9939
31.9999
31.9975
31.9994
31.0006
31.9906
31.9905
31.9988
31.9828
31.9987
31.9994
32
31.9985
31.996
31.996
31.2276
31.9895
31.9998
31.9916
29.97
31.9996
31.9994
31.9994
30.9625
30.7675
31.9709
32
31.9967
31.9995
31.9955
31.9988
31.9988
31.995
31.9986
31.9993
31.9986
31.9991
32
31.9997
31.9996
30.6976
30.15
31.9927
31.09
31.9998
31.9969
31.9994
29.2306
31.9999
31.9901
30.24
31.9972
31.9998
31.9956
29.3
31.9974
31.9996
31.9945
31.9991
31.981
31.9994
31.2493
31.9975
31.9895
31.9966
31.9905
31.9999
31.999
32
31.9947
31.9965
30.12
31.9995
31.9994
30.3
31.9991
31.998
31.9999
31.9946
32
31.9799
31.9799
31.9984
31.9987
31.9991
31.986
31.986
30.4718
31.9997
31.9995
31.9901
31.9999
31.9999
30.4365
30.83
31.9998
31.9889
31.9889
31.8363
31.9986
31.9801
31.9889
31.9948
31.9985
31.9999
31.9843
31.9843
30.8956
31.9992
31.9903
31.9916
31.9916
30.1918
32
31.9996
31.9996
31.9996
31.9994
31.9992
31.9965
31.9951
32
31.9986
31.9996
31.9974
31.9991
31.9995
31.9999
30.28
31.9999
31.9889
31.9996
31.9978
31.9978
31.9979
31.1752
31.9978
30.6
31.9954
31.9954
31.9967
31.9987
31.9946
31.9946
31.9926
30.4018
31.6142
31.9998
31.9943
31.9993
31.9996
29.1265
31.9999
31.9999
29.96
31.9885
31.9971
31.9971
32
31.9992
31.9933
31.9999
31.997
31.9998
31.9999
31.9996
31.9962
31.9992
31.9978
31.9997
31.9967
31.9983
31.397
31.9991
30.819
30.819
31.9898
31.0623
31.9997
30.6
31.6874
31.6874
31.9949
31.9994
31.9999
31.9999
31.9901
31.9982
31.7721
31.9999
31.9993
31.9957
31.9982
31.8808
31.9999
31.9999
29.9706
31.9955
32
32
31.9867
31.9707
32
31.997
31.9855
31.9974
31.997
31.9936
31.9998
31.9998
30.66
30.15
31.9967
31.09
32
31.9993
31.9994
31.9994
31.9992
31.7309
30.24
31.9993
31.9802
31.989
29.3
31.9905
31.9983
31.9968
31.999
31.9998
31.9993
30.7546
31.9976
31.994
31.9999
30.5299
31.9999
31.9987
31.9998
31.9684
31.9996
31.9996
31.8927
31.9991
32
29.7583
32
32
29.96
31.9972
31.9992
31.9992
31.7195
31.9865
31.9966
31.9743
31.9998
30.76
30.07
31.9966
30.82
31.9999
31.9988
31.9865
31.9991
31.9926
31.9998
30.12
29.5
31.9996
31.998
31.9987
31.9971
31.9997
31.9986
31.9991
31.9977
31.9977
31.9956
31.9999
31.9996
31.9877
31.9877
31.9625
31.9988
31.9994
31.9999
31.9981
31.9981
31.9968
30.83
32
31.9997
30.4036
31.9965
30.6656
31.9996
31.9989
31.9994
31.9995
31.999
31.9999
31.9998
31.9998
31.8272
31.9878
31.9997
31.9894
29.97
31.9999
31.9997
31.9997
31.9997
31.9993
31.9979
31.9999
31.9923
31.9998
31.9964
31.9991
31.9983
31.9989
31.9943
31.9998
31.9999
31.9997
31.9988
32
32
31.9758
31.9898
31.9996
31.9894
31.9999
31.9999
31.9611
31.9935
31.9995
31.9946
31.9994
31.9994
31.9991
31.999
31.9877
31.9934
32
31.9942
31.9972
31.9999
30.66
30.15
31.9977
31.154
32
32
31.9993
31.9955
31.9997
31.9982
30.24
32
31.9934
31.9894
29.3
31.9986
31.9973
31.9987
31.9982
31.9966
31.9979
31.5125
32
32
31.9956
31.9967
31.9996
31.9995
31.9995
30.3857
31.9984
31.9941
31.9982
31.9998
31.9998
31.9987
30.83
31.9995
31.9897
31.9897
31.9728
31.9985
31.9984
31.9979
31.9998
31.9979
31.9999
31.9993
31.9993
30.3957
31.7119
31.6346
31.9937
31.9937
30.204
31.9995
31.9987
31.9993
31.9993
31.9798
31.924
31.9981
31.8508
31.9978
31.9978
31.9906
30.363
31.9977
31.993
31.9998
32
31.9989
32
32
31.993
31.9999
31.9978
31.9996
31.9997
31.9738
31.9954
31.9984
30.66
30.15
31.9949
31.09
31.9997
31.9966
31.9999
31.9951
31.9976
31.9964
30.24
31.9953
31.9991
31.9957
29.3
31.9949
32
30.0623
31.999
31.9987
31.9889
30.36
31.7951
31.9964
31.9927
31.9956
31.9993
31.9791
31.9993
31.9933
32
30
32
30.9484
30.9484
30.1827
31.9983
31.9919
31.9998
31.9998
30.19
31.9975
31.428
31.9999
31.9999
31.5134
31.9978
31.9983
31.9952
31.9953
31.9953
30.4879
30.0153
31.9993
31.9961
31.9989
31.9989
31.996
31.9995
29.99
31.997
31.9998
31.9879
31.9998
31.9949
30.66
30.1986
31.9953
31.09
31.999
31.9891
31.9999
29.2
31.9999
32
31.9993
31.9953
31.9991
31.2901
31.995
31.9997
31.9939
31.9982
32
31.9981
31.9993
31.9816
31.999
31.9998
31.9998
31.9956
31.1894
31.9996
30.6
31.9987
31.9987
31.9846
31.9997
31.9973
31.9973
31.9682
31.9999
31.346
31.9985
31.9762
31.9957
31.997
31.9939
31.998
31.998
29.96
31.9968
31.9994
31.9994
31.9941
31.9934
31.9911
31.9927
31.9927
31.9958
30.07
31.9919
30.82
32
31.212
31.9991
31.991
31.9997
30.12
31.9927
31.9995
31.9926
31.9996
31.9866
31.9999
31.9814
31.9998
30.1
30.1
31.9943
31.9784
31.9988
31.978
31.978
31.9717
31.9985
31.9949
31.9651
31.9999
31.9999
31.9957
30.83
31.9992
31.9995
31.9995
31.9947
31.9999
31.4191
31.9913
31.9998
31.9997
31.9997
31.9893
31.9893
30.2843
31.9965
31.9994
32
32
30.28
31.9989
31.998
31.9926
31.9997
30
31.9999
31.9904
31.9904
30.3308
31.9978
31.9953
31.9709
31.9709
30.2903
31.9997
31.9961
31.9999
31.9999
31.9829
31.4743
32
31.9972
31.9998
31.9998
31.7543
29.9393
31.999
31.9893
31.9982
31.9982
31.9864
31.996
31.9991
31.9984
31.997
31.9972
31.9935
31.9995
31.1693
30.15
31.9974
31.1263
31.9992
31.0753
32
32
31.9941
30.83
31.9984
31.9997
31.9997
30.4607
31.9999
31.9895
30.28
31.9994
31.9882
31.9994
30.364
30.364
30.4916
31.9977
31.9992
31.9718
31.9718
30.19
31.9986
31.9991
31.9991
31.9991
31.9903
31.9999
31.9998
31.9931
31.9992
31.9992
31.997
31.9975
31.9999
31.9835
31.9991
31.9991
30.4704
31.9999
31.9883
31.9988
31.9975
31.9976
31.9909
32
29.5975
31.9997
31.9928
31.9997
31.631
31.9998
31.9787
31.9926
31.999
31.9991
30.07
31.9907
31.9916
31.9916
31.9603
31.994
31.9976
30.6
31.9997
31.9997
30.08
30.6021
31.9998
31.9998
31.9911
31.9958
31.04
31.9973
31.9816
30.2726
32
31.9989
31.9998
31.9998
29.96
31.9936
31.9993
31.9993
31.0651
31.9866
31.9973
31.9907
31.9907
31.6206
30.07
31.9899
30.82
32
31.9922
31.9992
31.9823
31.9988
31.9994
31.9997
31.9877
31.9981
31.9819
32
31.9841
31.9997
30.8226
31.9996
31.9999
31.9999
31.2129
31.5537
31.9979
31.7158
31.9886
31.9886
31.9821
31.9966
31.9996
31.9996
31.0002
31.9982
31.2856
31.9992
31.9985
31.998
31.9967
31.993
31.9999
31.9999
29.96
31.9993
31.9997
31.9997
30.5212
31.9984
31.9979
31.9893
32
31.4833
30.07
32
31.9971
31.9945
31.9937
31.9977
31.9994
30.66
30.15
31.9988
31.09
31.9997
31.9978
31.9997
31.9992
31.9997
30.9617
30.24
31.9949
31.49
31.9998
29.3
31.9994
31.9988
31.0046
31.9998
31.9977
31.9997
30.36
31.9993
31.9988
31.9989
30.8899
31.9996
31.9991
31.9999
31.9943
32
32
31.2612
31.9999
31.9985
31.9991
29.97
32
31.9994
31.9974
31.9952
31.9985
31.9997
31.9998
30.66
30.15
31.9884
31.2189
31.9999
31.9975
31.9969
31.9792
31.9985
31.9998
30.24
31.9922
31.9906
31.9994
29.3
30.16
31.9999
31.9881
31.9976
31.9861
31.9998
31.4483
31.995
31.9987
31.9989
30.8815
31.9997
31.9941
31.9972
31.9992
31.9995
31.9995
30.12
31.34
31.9994
32
30.0978
31.9999
30.1
30.1
30.07
31.37
30.88
31.9094
31.9094
31.973
31.9948
31.9923
31.9899
31.9998
31.9998
31.7481
30.83
31.9992
31.9986
31.9986
30.9268
32
31.22
31.9999
31.9995
31.999
31.9994
31.9971
31.9971
30.2796
31.9981
31.9946
31.9906
31.9906
30.19
31.9993
31.123
31.9977
31.9977
31.9749
31.9993
31.9993
31.9812
31.9995
31.9995
31.9999
31.9973
32
31.9935
31.9997
31.9971
31.9998
31.9981
31.9994
31.9977
31.9977
31.9728
31.9639
31.9932
30.9999
31.0348
31.0348
30.08
31.9978
31.998
31.998
31.9954
31.9863
31.6735
31.997
31.9981
31.9978
31.9993
31.9932
31.9999
31.9999
29.96
31.2222
31.9982
31.9982
31.9388
31.9995
31.9999
31.9955
31.9955
30.76
30.141
31.9657
30.82
31.9994
31.9999
31.9939
31.9987
31.9982
31.9991
30.12
32
32
31.9977
31.9996
31.9996
30.2451
31.9975
31.9989
31.9989
31.9989
31.9878
31.9813
31.9987
31.9907
31.9989
31.9989
31.9949
31.2013
31.9997
31.8927
31.9998
31.9998
31.988
31.9995
31.2033
31.9997
31.9994
31.491
31.998
31.9997
30.66
30.15
31.9954
31.09
31.9987
30.61
31.9961
31.9967
31.9999
31.1906
30.24
31.9997
31.9948
31.996
29.3
31.9958
32
31.9997
31.9944
31.9999
30.28
31.9982
30.12
29.5677
31.9995
30.485
32
31.9973
31.993
31.9998
31.999
30.1
30.1
30.07
31.8388
31.9993
31.9958
31.9958
31.9699
31.9964
31.9978
31.0917
31.9997
31.9997
31.9903
30.83
31.997
31.6081
31.6081
30.28
31.9999
31.9869
31.7815
31.996
31.9989
31.9998
31.9722
31.9722
30.3349
32
30.6
31.9988
31.9988
31.9781
31.3917
30.97
30.97
30.7381
31.9906
31.382
31.9994
31.9962
31.9996
31.2526
31.8414
31.9996
31.9996
29.96
31.9983
31.9996
31.9996
31.4631
31.9993
31.9985
31.9754
31.9964
31.9965
30.07
31.986
30.82
31.9947
31.9991
31.9825
31.9978
32
31.999
30.1266
31.9995
31.9999
31.9977
31.9992
31.9994
31.9995
31.987
31.9999
30.3404
30.3404
31.9997
31.9989
32
31.9995
31.9993
31.9993
29.96
31.9838
31.9996
31.9996
31.0536
31.9945
31.9967
31.9777
31.9989
31.126
30.07
31.9998
30.82
31.9997
31.9995
31.9892
31.9996
31.9876
31.9994
30.12
31.9991
32
31.9931
31.9999
31.9955
31.9993
30.0662
31.9993
31.9917
31.9917
31.9981
31.9999
31.9996
31.9976
31.9976
31.9958
31.9997
31.9931
31.9952
31.9996
31.9996
31.9993
30.83
31.9994
32
32
31.9921
31.9995
31.9947
31.9955
31.9996
31.9979
32
31.5778
30.66
30.15
31.3141
31.09
31.9982
31.9958
31.9991
31.9752
31.9992
30.15
30.24
31.9881
31.9988
31.9979
29.3
30.3306
31.9993
30.2981
31.9993
31.9972
31.9975
30.6541
31.9997
31.9983
31.9998
31.9981
31.9993
31.9839
31.9954
31.7898
32
32
31.9573
29.9743
31.9975
31.9894
32
32
31.9989
31.9999
31.9912
31.999
31.9935
31.9981
31.997
31.9921
30.66
30.15
31.9819
31.09
31.9995
31.9756
31.9999
31.9807
32
31.996
30.24
31.984
31.9992
31.9868
29.3
31.9964
31.9998
31.9999
31.9993
31.9958
31.9987
30.36
31.9964
31.9882
31.9998
31.9651
32
31.9944
31.9985
31.9908
30.66
30.15
31.996
31.1571
31.998
31.9921
31.9998
31.976
32
31.9976
30.24
31.9914
31.975
31.9983
29.3
31.9954
31.9998
29.99
31.9999
30.09
31.9941
31.1314
31.9976
31.9999
31.9992
31.9984
31.9997
30.16
31.9996
31.9942
31.9984
31.9984
30.12
31.9997
31.9997
29.97
29.97
31.9998
32
31.9877
31.9929
31.9975
31.9961
31.9976
31.9958
30.66
30.15
31.9992
31.09
31.9995
31.9872
32
31.9865
31.9994
31.9895
30.24
31.9983
31.9958
31.9987
29.3
31.9919
31.994
31.9943
31.999
30.09
31.9982
30.36
31.9917
31.992
31.9996
31.996
31.9999
30.16
31.9997
31.9802
31.9934
31.9934
30.12
31.9876
32
31.996
30.12
31.9999
31.9999
31.9874
31.9994
31.9986
32
31.9991
31.9974
31.9974
31.9974
30.828
31.9926
31.9966
31.9976
31.9976
31.9835
31.9954
31.9997
30.26
31.9999
31.9999
31.998
30.83
31.9997
31.9965
31.9965
31.9751
32
31.9966
31.9808
31.9997
31.9874
31.9997
31.9955
31.9955
30.5847
32
31.9974
30.4665
30.4665
30.4892
31.9998
31.992
32
30.28
31.9993
30.2479
31.9923
31.9992
30.7169
31.9992
31.999
31.9994
31.9931
31.9998
31.9944
31.9944
31.9993
31.9999
31.9999
31.9994
31.9994
31.6937
31.9956
31.9947
31.9811
31.9998
31.9998
31.9993
30.83
31.9997
31.9975
31.9975
30.3492
31.9997
31.9932
31.9863
31.9999
31.9994
32
31.9996
31.9996
30.16
31.9998
31.9898
31.9895
31.9895
31.4368
31.9994
32
32
31.9994
31.9994
31.1985
32
31.9982
31.9907
31.9995
30.95
30.07
31.878
30.82
31.9993
31.9946
31.9997
31.9999
31.9928
31.9998
30.12
31.9854
31.9996
31.9995
31.9998
31.9919
31.9994
31.9858
31.9995
31.9944
31.9944
31.9957
31.9973
31.9996
31.9887
31.9887
31.9655
31.9958
31.9924
30.6989
31.9994
31.9994
31.9931
30.83
31.9996
31.9926
31.9926
31.3182
31.9953
31.9983
32
31.9842
32
31.9927
30.07
31.9953
30.82
30.1935
30.42
31.6694
31.9988
31.9881
31.9998
30.12
31.1381
31.9994
31.9986
31.9999
31.998
31.9988
31.9984
31.9993
31.9926
31.9926
31.9968
31.9719
31.9945
31.9951
31.9951
31.9447
31.9979
31.9949
31.403
31.9995
31.9995
31.9995
30.83
31.9998
32
32
31.9748
31.9997
31.9993
31.9984
31.9999
31.9999
32
31.9943
31.9997
31.9881
31.9991
30.7331
31.9979
31.9969
31.9999
31.9909
31.9997
31.9922
31.9945
31.9962
31.9994
31.9994
30.6668
31.9992
31.998
31.9968
29.97
31.9999
30.4075
30.4075
30.19
31.9976
31.997
31.9997
30.761
31.9999
31.9608
30.5915
31.9951
31.9963
30.03
31.9806
32
31.9826
31.9999
31.9996
31.9997
31.9999
31.9999
29.96
31.103
31.9977
31.9977
31.5794
31.9995
31.9999
31.9778
31.9974
31.9732
30.07
31.9999
30.82
31.9993
31.9993
31.9904
32
31.9914
31.9993
30.12
31.9929
31.9998
30.5404
31.9979
31.9962
31.9998
31.9992
31.9963
31.0162
31.0162
31.1463
31.9984
31.9987
31.9748
31.9748
31.9873
31.9991
31.9889
30.3212
31.9993
31.9993
32
31.9999
31.9999
31.9708
31.9946
31.9999
31.9891
31.9998
31.9998
31.3531
30.3103
31.9997
31.9879
31.9999
31.9999
31.9906
32
31.9991
31.9989
31.9996
31.9971
31.9986
31.9998
31.6541
31.0108
31.995
31.2179
31.9987
31.9903
31.998
31.9925
31.9995
31.9991
30.24
31.9931
31.9991
31.9979
29.3
31.9854
31.9998
31.9976
31.9975
31.9962
32
31.989
31.989
31.9672
31.9961
31.9992
30.4504
30.4504
31.9997
31.9972
31.9996
31.993
32
32
31.9992
30.83
31.9985
31.2162
31.2162
30.8197
31.997
31.9908
31.9994
31.9999
30.0612
31.9994
31.9968
31.9968
31.2215
31.9985
31.9874
31.9812
31.9812
30.19
31.9998
31.991
32
32
31.9986
31.7009
31.9998
31.9997
31.9991
31.9991
30.7819
30.14
31.9986
31.9991
31.9935
31.9935
32
31.9987
31.9996
31.9998
31.7547
30.24
31.9815
31.9982
31.9988
29.3
30.4592
31.9981
31.3468
32
31.9914
31.9931
30.6384
31.9992
31.1502
31.992
30.7587
31.9999
30.5915
31.9991
30.145
31.9988
31.9988
30.5407
31.999
31.9974
31.9817
29.97
31.9988
31.9897
31.9897
31.9874
31.9999
30.5345
31.9987
31.9812
32
31.9992
31.9999
31.9969
31.9996
30.12
31.9967
31.9991
31.995
31.9987
31.9968
31.9997
29.8
31.9996
31.9987
31.9987
31.9962
31.9891
31.9938
31.9925
31.9925
31.9789
31.9993
31.9944
31.9794
31.999
31.999
31.9933
30.83
31.9992
31.989
31.989
31.9979
31.9997
31.9976
31.9851
31.9983
31.9984
31.9985
31.9951
31.9951
30.5553
32
31.987
32
30.2367
31.9995
31.9973
31.9973
31.9974
31.997
31.5099
31.9999
31.9784
31.9999
31.9983
31.9999
31.9857
31.9994
31.9948
31.9999
31.9998
31.9998
31.998
31.9995
31.9951
31.9951
31.9704
31.9995
31.9932
31.9993
31.999
31.999
30.584
31.9881
31.9959
31.9959
31.9738
31.996
31.1389
31.9986
31.9899
31.9998
31.9972
31.9959
31.9989
31.9989
29.96
31.9984
32
31.9995
31.9981
31.9995
31.9997
31.9976
29.8728
31.9983
31.9997
31.9997
31.987
31.9939
31.9997
31.9993
31.9993
31.9644
31.9984
31.9997
31.998
31.9997
31.9997
31.989
30.83
31.9988
30.7377
30.7377
31.9902
31.9979
31.9985
31.9975
31.998
31.994
31.9996
31.9989
31.9989
30.16
31.9992
31.9866
31.9877
31.9877
30.19
31.9999
31.9955
31.9985
31.9985
31.9913
31.9991
32
31.9963
31.9958
31.9975
30.66
30.15
31.9565
31.09
31.9989
31.9834
31.9978
30.7514
31.9995
31.9993
30.24
31.9961
31.9853
31.9998
29.3
31.9801
31.9994
31.9992
31.9999
31.9941
31.9964
30.36
31.9991
31.998
31.9973
31.9912
31.9988
31.9995
31.999
31.9668
31.9959
31.9959
31.997
31.9995
31.9985
31.9981
30.7688
31.9998
32
32
31.9948
31.9996
31.9999
31.9948
31.9985
31.9953
31.9994
31.9971
30.66
30.15
31.9817
31.09
31.9999
31.99
31.9999
31.989
31.999
31.988
30.24
31.9976
31.9905
31.9955
29.3
31.8081
32
31.9996
31.999
32
31.9963
31.0968
31.9987
31.68
31.9993
31.9895
31.9983
31.9999
31.999
31.9915
32
32
31.1242
31.9893
32
31.9942
31.9942
31.2406
30.07
31.9953
30.82
31.9993
31.9979
32
31.9997
30.28
31.9999
30.12
31.9933
31.9999
31.9965
31.9999
31.9899
31.9987
31.9988
31.9999
31.994
31.994
31.9988
31.9976
31.9994
30.5365
30.5365
31.9742
31.9998
31.9949
31.9974
31.9992
31.9992
31.9967
30.83
31.995
31.9932
31.9932
31.9882
31.9999
31.9918
31.9818
31.9991
32
31.9997
31.999
31.9979
31.9979
31.9897
31.9935
31.9986
31.9991
30.0372
31.9996
31.0219
31.0219
31.9921
31.9988
31.9834
31.9992
31.9983
31.9984
31.9969
31.9979
31.8459
31.9995
31.9947
31.9994
31.9967
32
31.9892
31.9999
31.9831
31.9831
31.9649
30.9414
31.9946
30.6416
31.9998
31.9998
31.9643
31.9997
31.9983
31.9983
31.9959
32
31.9999
31.9978
31.9997
31.9994
31.9995
31.9924
31.9924
31.9981
31.9906
31.996
31.9976
31.9976
31.9979
31.9985
31.9948
31.9988
32
32
31.9988
30.83
31.9998
31.984
31.984
31.4337
31.999
31.996
31.9988
31.9999
31.9893
31.9996
31.9808
31.9808
31.2492
31.9997
31.9895
31.9984
31.9984
30.3124
31.9995
31.9886
31.9982
31.9982
30.7689
31.39
31.9988
31.9988
32
30.1235
29.99
31.9994
31.9899
31.9993
30.36
31.9991
30.28
31.9996
30.387
31.9991
30.16
31.9988
31.9862
31.9993
31.9993
30.9694
31.9957
31.9995
31.999
29.97
31.9989
31.9998
31.9998
31.333
31.9993
31.996
31.9997
31.9861
32
31.9982
31.9994
30.3006
31.9999
31.9996
