32
32
31.9942
31.9982
31.6772
30.24
31.9846
31.9972
31.9991
29.3
31.9976
31.9996
31.9981
31.9982
31.1861
31.9975
31.6663
31.9982
31.9984
31.9999
31.9935
31.9998
31.9965
31.9985
30.3745
31.9963
31.9963
31.9663
31.9989
31.9999
31.9989
29.97
31.9987
31.9956
31.9956
31.9869
31.9948
31.9902
31.9982
31.9914
32
31.999
31.999
31.6472
31.9927
31.9967
31.0872
29.97
31.9993
31.3317
31.3317
31.9997
31.9992
30.1895
31.9955
29.5658
31.9992
31.9806
31.9981
31.9986
31.9983
31.9871
31.9994
31.6523
31.9997
31.9679
31.9959
31.9996
31.9996
30.5551
30.88
31.9951
31.9985
31.9956
31.9956
31.9768
31.9953
31.9975
31.9975
31.9999
31.9986
31.111
31.9992
31.9972
32
31.9714
29.97
31.9992
31.9617
31.9617
31.9861
31.9986
31.6387
31.9993
29.8736
31.9985
31.9877
31.9938
31.9987
31.9996
32
31.9983
31.9873
31.9996
31.9894
31.9978
31.999
31.999
31.3929
30.88
31.9912
30.6
31.9953
31.9953
31.9992
31.9971
31.9993
31.9993
31.9914
31.8485
31.9027
31.9992
31.6903
31.9834
31.9956
31.9657
32
31.998
31.9986
31.9988
31.9988
31.9635
29.7465
31.9991
31.9858
31.999
31.999
31.9925
31.997
31.9863
31.9185
31.9882
30.28
31.9926
31.9977
30.66
30.15
31.9788
31.09
31.9996
31.986
31.9993
31.9863
31.999
31.979
30.24
31.9885
31.9924
31.9957
29.3
31.9904
31.9992
31.9986
31.9998
31.9964
31.9997
31.8853
31.9898
31.9982
32
31.9981
31.9981
30.9274
30.07
31.9967
30.82
31.9953
31.994
31.9939
32
31.9846
31.9931
30.3411
31.9845
31.9994
31.9983
31.9974
31.9946
31.9977
31.9985
31.9979
31.9627
31.9627
31.9992
31.9987
31.9997
31.9974
31.9974
30.07
31.9957
31.9789
31.9992
31.9927
31.9927
31.9989
30.83
31.9956
31.9995
31.9995
30.28
31.9969
31.9944
30.28
31.9992
31.9864
32
32
32
30.8071
31.39
31.9993
31.9898
31.9999
31.9999
31.9941
31.9846
31.9998
31.9867
31.996
31.996
31.9989
31.9999
31.998
31.9703
31.9977
31.9873
31.996
31.975
30.66
30.15
31.9961
31.09
31.9989
31.9989
32
31.9999
31.9966
31.9785
30.24
31.9967
32
31.9956
29.3
31.9948
31.9878
31.9959
31.9997
30.2588
32
31.9975
31.9999
31.998
31.9959
31.9621
30.24
31.9981
31.9992
31.989
29.3
31.9906
31.9995
31.9967
31.9979
31.9914
31.9982
31.9671
31.999
31.9969
32
31.9991
31.9998
31.9886
31.9997
31.9988
31.9986
31.9986
30.4794
31.9921
31.9993
31.9782
29.97
31.9925
31.9899
31.9899
31.998
31.9991
31.9851
31.998
32
31.9998
30.24
31.9986
31.998
31.9973
29.3
30.4814
31.9985
31.9956
31.9998
31.9985
31.9909
31.9955
31.9952
31.9993
31.9995
30.1485
31.9881
30.5648
31.9999
31.999
31.9996
31.9996
30.8408
31.9905
31.999
31.2388
29.97
31.9974
31.6298
31.6298
31.9932
31.9989
30.9647
31.9982
31.3264
31.9986
31.9973
31.998
32
31.9957
31.9957
30.5755
31.9678
31.987
31.4701
31.9998
31.7506
31.9989
31.8824
31.8824
30.16
30.55
30.62
31.9969
31.9969
31.225
31.9986
31.9934
32
32
31.5419
31.9248
32
31.9926
31.9999
31.9999
31.9861
29.6
31.9949
31.9844
31.9999
31.9999
31.9903
31.9992
31.9996
31.9942
31.9977
31.9876
31.9994
31.9999
30.66
30.15
31.9981
31.09
31.9991
32
31.3025
31.9987
30.12
31.9947
31.9978
31.9996
31.9999
31.9961
31.9972
30.9077
31.9991
31.9813
31.9813
31.9735
31.9999
31.9899
31.9974
31.9974
30.07
31.9918
31.36
31.997
31.9997
31.9997
31.9995
30.83
31.9937
31.9612
31.9612
30.4203
31.995
31.22
30.28
31.9971
31.9996
31.9936
31.9985
31.9985
31.9749
31.9921
30.62
31.9841
31.9841
30.19
32
30.4748
31.9998
31.9994
31.9994
31.9999
30.88
31.9968
30.6
31.969
31.969
31.9924
31.974
31.9975
31.9975
30.3688
31.9729
31.4113
31.9993
31.5098
32
31.9977
29.6847
31.9996
31.9996
29.96
31.8864
31.9998
31.9998
31.8687
31.6996
31.9986
31.9992
31.9992
30.76
30.07
31.2768
30.82
31.9979
31.9876
31.5916
31.9981
31.9936
31.9998
30.12
29.5
31.9992
31.2875
31.9986
31.5043
32
32
30.12
31.5581
31.9991
31.9877
29.97
31.9997
31.9929
31.9929
31.9263
31.9997
31.9999
31.9965
31.9982
31.9985
31.9987
31.9979
31.99
31.9946
31.9924
31.9995
31.9914
31.9965
31.6703
31.9999
31.9741
31.9741
31.1056
30.88
31.9974
30.6
31.9885
31.9885
30.6738
31.1994
31.9998
31.9998
31.9961
31.9999
32
31.9972
31.9897
31.9997
32
31.9998
30.12
29.5
31.9971
31.9951
31.9993
31.9758
31.9976
29.8
31.9998
31.9472
31.9472
31.9989
31.9958
31.9918
31.9995
31.9995
31.9904
31.9873
31.9914
31.9826
31.9972
31.9972
31.6422
30.83
31.9997
31.9863
31.9863
30.28
31.9976
31.9792
30.28
31.9989
31.9926
31.9994
31.9882
31.9882
30.6368
31.9998
30.9798
31.9955
31.9955
30.19
31.9948
31.9997
32
31.9918
31.9998
31.9998
30.33
31.39
31.992
31.9875
31.9912
31.9912
31.9999
30.6757
31.9987
31.974
31.9999
31.9999
31.9651
31.9981
31.9717
31.9706
31.9994
31.9653
31.9934
31.9945
30.66
30.15
30.5098
31.09
31.9932
31.998
31.9982
31.9466
31.9947
31.996
30.6798
31.9996
31.9977
31.999
29.3
31.9895
31.9999
31.9963
32
31.9997
31.9968
31.9968
31.9923
31.9851
31.9851
31.9916
31.9916
30.19
31.9995
31.9732
31.9993
31.9993
31.9513
31.9878
31.9993
31.9763
31.9996
31.9996
30.698
31.9666
31.9982
30.6798
31.9985
31.9985
31.9997
31.993
31.9651
31.9995
31.9981
31.9985
31.9985
31.9986
30.66
30.15
31.9795
31.09
31.9991
31.9961
31.9999
31.9972
31.9978
31.9996
30.24
31.996
32
32
31.9942
31.9959
31.9996
31.9996
31.9578
31.9992
31.9817
31.9964
31.9977
31.9985
31.9977
31.9942
31.9968
31.9968
29.96
31.9973
31.9983
31.9983
31.9779
31.9739
31.9966
31.9925
31.9971
31.9998
30.07
31.998
30.82
31.9983
31.9988
31.9972
31.9933
31.9991
31.9996
30.12
31.9929
31.9996
31.9975
32
31.9935
31.9997
31.9874
31.9992
31.8801
31.8801
31.9764
31.9975
31.9984
30.7413
30.7413
32
31.0651
31.9963
30.12
31.9998
31.9999
31.9927
31.9991
31.9986
31.9998
31.9694
31.9997
31.9895
31.9895
31.9954
31.9966
31.9997
31.9982
31.9982
30.07
31.9998
31.99
31.8618
31.9992
31.9992
31.9979
30.83
31.9999
30.5998
30.5998
31.991
31.9999
31.22
31.9992
31.9999
31.983
32
31.9978
31.9978
31.732
31.9965
31.9995
31.9856
31.9856
30.19
32
31.9925
31.9925
30.16
31.9894
31.9812
31.9918
31.9918
30.3703
31.9948
31.9992
31.9997
31.9997
30.6139
31.39
31.998
31.0822
31.9986
31.9986
31.9946
29.6
31.9988
31.9982
31.9998
31.9998
31.9957
32
32
31.9943
31.9999
31.9959
31.9948
31.9993
30.66
30.15
31.9994
31.09
31.9976
31.9983
31.9996
31.9998
31.9999
31.9964
30.24
31.9576
31.9639
31.9983
32
31.996
31.996
31.9966
31.9966
31.9891
31.9976
31.9979
30.2159
31.9996
31.9952
31.9952
30.16
31.9739
31.9987
31.9998
31.9998
30.19
31.9941
31.9928
31.9991
31.9991
30.6322
31.39
31.9979
31.9997
31.9915
31.9915
30.5517
29.6
31.9991
31.9785
31.9982
31.9982
30.23
31.9994
29.99
31.7335
29.7
31.9965
31.9984
31.992
30.66
30.15
30.15
31.09
32
31.0033
31.0033
31.9881
31.9999
30.4963
31.9961
31.8461
31.9994
29.97
31.9896
30.4688
31.9989
31.9986
31.9969
30.28
31.9996
30.3247
31.9999
31.093
31.093
31.9937
30.88
31.9981
30.6
31.7816
31.7816
31.9971
31.9958
31.9927
31.9927
31.9832
31.9987
31.9808
31.9998
30.09
31.9962
31.9992
29.7875
31.9932
31.9932
29.96
31.3543
31.9967
31.9967
31.0383
32
32
31.9994
31.9994
31.243
31.9835
31.993
31.9988
31.9988
30.76
30.07
31.9986
30.82
31.9908
31.9961
31.9817
31.9947
32
31.9966
30.12
31.2542
31.9981
30.3
31.999
31.9742
31.9998
31.9754
31.9996
31.9974
31.9974
31.9843
31.9996
31.9989
31.9963
31.9963
30.07
31.995
31.9938
31.967
31.9998
31.9998
31.9972
30.83
31.9957
31.9833
31.9833
31.0583
31.9988
31.9917
32
31.9897
31.997
31.946
31.9976
31.9984
31.9985
31.9967
31.9996
31.9998
31.9998
31.6614
31.999
31.9998
31.9989
31.9974
31.9974
31.989
31.9911
31.9987
30.6
31.9986
31.9986
31.9333
31.9962
31.9975
31.9975
31.9914
31.9952
31.04
31.9991
31.994
31.4859
31.9949
31.9988
31.9981
31.9981
30.4004
31.9963
31.9986
31.9986
31.9876
31.9892
31.9991
31.9956
31.9997
30.76
30.07
32
31.9998
31.994
31.9996
31.9783
31.9953
30.9613
31.9949
31.9939
31.9996
31.998
31.996
31.9862
31.999
30.6386
31.9792
31.9792
31.9806
31.992
31.9979
31.0698
29.97
31.9979
31.981
31.981
31.9934
31.9993
31.9799
31.9999
31.9958
31.6093
31.9942
31.996
31.9892
31.9998
31.9721
32
31.5032
31.9999
31.08
30.8592
31.999
31.999
29.96
31.9867
31.9999
31.9999
30.26
31.9895
31.9994
31.9862
31.9958
30.76
30.07
31.9759
30.82
31.9998
31.9916
31.9983
31.9982
31.9987
31.9997
30.12
31.9884
31.9995
31.998
31.9995
31.9658
31.9965
31.9989
31.9944
31.9837
31.9837
31.994
31.995
31.7363
30.2649
30.2649
31.999
31.9987
32
31.9736
32
31.22
31.9809
31.9997
31.9854
31.9999
30.32
30.32
31.9808
31.9825
31.9934
30.14
30.14
30.5954
31.999
31.9874
31.9964
31.9964
30.33
31.39
31.999
31.9941
31.9985
31.9985
31.9465
31.8453
32
30.32
32
32
31.9666
31.996
31.998
31.9964
31.9816
31.9952
30.1226
31.9981
30.66
30.15
30.15
31.09
31.9874
31.9929
32
31.9993
31.9925
31.9987
30.1
30.1
31.9987
31.9995
31.9948
31.6644
31.6644
31.997
31.9958
31.999
31.9987
31.9994
31.9994
31.9932
30.83
31.9932
31.983
31.983
30.2893
31.9989
31.22
31.9972
31.9993
30.7101
31.9998
31.9817
31.9817
31.9919
31.9966
31.9942
31.9976
31.9976
31.2578
31.9988
31.9906
31.9999
31.9999
31.991
31.39
31.9999
31.9904
31.9998
31.9998
31.9835
31.9895
32
31.9998
31.9976
31.9987
31.9994
31.9994
31.9956
30.9241
31.9998
30.6
31.9978
31.9978
31.987
31.9988
31.9968
31.9968
31.9747
31.9996
31.9984
31.9986
31.6408
31.9987
31.08
31.999
32
32
29.96
31.9917
31.9987
31.9987
31.9682
31.9902
31.9987
31.999
31.999
30.76
30.07
31.4035
30.82
31.9991
31.9972
30.5974
31.9999
31.812
31.9993
30.12
31.9988
31.9998
31.9742
31.9982
31.9988
32
31.9956
31.9977
31.9977
31.9661
31.9979
31.9756
31.9912
31.9999
31.9989
31.9984
31.2687
31.2687
30.16
31.9997
31.9822
30.14
30.14
30.19
31.9937
31.9942
31.9997
31.9997
31.9932
31.39
31.9999
31.9561
31.9999
31.9999
31.2094
29.6
31.9998
31.9983
31.9988
31.9988
31.9996
31.9995
31.9974
31.9985
31.9967
31.3219
31.9838
31.9997
30.66
30.15
31.9872
31.09
32
32
29.9603
31.999
31.9991
31.9991
31.9652
31.998
31.9998
31.9911
31.9911
30.76
30.07
31.9985
30.82
31.9988
31.9985
31.9874
31.9995
31.8135
31.9974
30.12
31.9841
31.9998
31.9973
31.9953
31.9931
31.9973
31.9948
31.9997
31.9841
31.9841
31.2245
31.9975
31.9997
31.9996
31.9996
31.9935
31.9974
31.9958
31.6528
31.9994
31.9994
31.2401
30.83
31.9981
31.9716
31.9716
30.5733
32
31.9923
31.9984
31.9984
31.9376
31.9956
31.9969
31.9761
29.97
30.67
30.8722
30.8722
31.9567
31.9971
30.1407
31.9996
31.9787
31.9986
31.9648
32
31.9821
31.9983
31.5402
31.9993
31.9747
31.997
31.9957
31.9968
31.9957
31.9957
31.9398
30.88
31.9973
30.6
31.9941
31.9941
30.08
30.56
31.9094
31.9094
29.1
31.4484
31.04
31.9973
32
31.9989
31.9989
31.9999
30.88
31.9991
30.6
31.9981
31.9981
31.9963
31.9913
31.9989
31.9989
31.9936
31.995
31.04
31.9953
31.9977
31.9996
31.9994
31.9986
31.9974
31.9974
30.0166
31.9985
31.9997
31.9997
30.5253
31.7058
30.8639
31.44
31.9975
31.0279
30.07
31.9969
30.82
31.9983
31.9961
31.9763
31.9988
31.9993
31.9997
30.12
31.9991
31.9999
31.979
31.995
31.9948
31.9972
31.993
32
30.4859
31.9999
31.9803
31.9958
31.9998
31.9975
31.9895
31.9968
30.3622
30.3622
31.9583
31.9976
31.9873
30.6
31.9995
31.9995
31.9646
31.0405
31.9931
31.9931
29.5075
30
31.04
31.998
31.9998
30.1
31.9991
28.8
31.9988
31.9988
29.96
29.96
31.9035
31.9035
31.9397
31.9879
31.998
31.9469
31.998
31.9995
30.07
30.07
30.82
31.997
31.9871
31.9689
31.9994
31.9996
32
31.9768
31.9983
31.9843
31.9953
30.4839
31.9946
31.995
31.9986
31.4032
31.9949
31.9913
31.9996
31.9823
31.9983
31.9983
30.12
31.9714
31.9994
31.9711
29.97
31.9995
31.9937
31.9937
31.996
31.9971
31.9915
31.9967
31.9726
31.9996
31.7083
31.9999
31.9869
31.9901
31.9965
32
31.9972
30.28
31.9955
31.9989
30.66
30.15
30.8153
31.09
31.9995
31.9896
31.9979
31.9892
31.9995
30.15
30.24
30.24
31.9997
31.9993
29.3
31.9996
31.9908
31.9933
31.9976
31.997
31.9993
31.9752
31.9989
31.9983
31.999
31.0672
31.9996
31.9912
31.9978
31.9889
31.9985
31.9985
31.9931
31.9938
31.9983
31.9709
29.97
32
31.9993
31.9975
31.974
31.9995
31.9967
30.12
31.9956
31.9991
30.3
31.9958
30.2174
31.999
31.9936
31.9973
31.9947
31.9947
31.9994
31.9952
31.9957
31.9855
31.9855
31.9575
31.9995
31.9997
31.9713
31.9995
31.9995
30.11
30.83
31.9987
31.9993
31.9993
30.28
31.9988
31.9998
31.2014
31.9998
31.9821
31.9962
30.32
30.32
30.6518
32
31.9998
31.9971
30.24
31.9989
31.9977
31.9992
29.3
31.9983
31.9999
31.9964
31.9997
31.9935
31.9978
31.285
31.9998
31.9948
31.9989
31.9916
31.9971
31.9936
31.9954
31.619
31.9997
31.9997
30.7222
31.34
31.9997
31.9999
29.97
31.9998
31.9912
31.9912
30.1913
31.9986
31.9972
31.9999
31.9957
31.9996
31.9843
32
32
29.96
29.96
31.9986
31.9986
31.8506
31.46
31.9934
31.9954
31.9954
31.6917
30.07
31.9946
30.82
31.9979
31.987
31.9965
31.9936
31.963
30.976
30.12
31.9995
31.9993
31.0101
31.9999
31.9875
31.9998
31.9974
31.9997
31.9911
31.9911
30.8162
31.9999
31.9942
31.9942
31.9942
30.8908
31.9895
31.9883
31.9997
31.9998
31.9998
31.9971
30.83
31.9987
31.9863
31.9863
31.9752
32
31.9849
31.9998
31.9917
31.9978
31.9978
30.2087
31.9918
31.9995
31.9713
29.97
31.9992
31.9996
31.9996
31.9881
31.9993
31.0913
31.9987
31.9946
31.9992
31.9939
31.9959
31.997
31.9996
31.9891
31.9999
31.998
31.9971
31.9346
31.9965
31.9994
31.9994
31.9783
31.0349
31.9993
30.6
31.9723
31.9723
31.9562
31.9982
32
30.12
31.9949
31.9985
31.9659
31.9984
31.9995
31.9945
31.9778
31.998
31.9766
31.9766
30.2388
31.9971
31.9994
31.9936
31.9936
31.9713
31.9987
31.9998
31.9998
31.9995
31.9995
30.2948
30.83
31.9994
31.9876
31.9876
30.3624
31.9997
31.314
31.9676
31.9994
31.9739
31.9983
31.9991
31.9991
30.16
31.9985
30.8188
31.9689
31.9689
30.8078
31.9992
31.9983
32
30.28
31.9998
30.12
31.9768
31.9954
31.9997
31.982
31.9997
31.9976
29.8
31.9827
31.9993
31.9993
30.07
31.9976
31.9984
31.9857
31.9857
31.9859
31.9826
31.9996
30.26
31.9985
31.9985
31.997
30.83
31.9998
31.998
31.998
31.983
31.9993
31.979
30.28
31.9974
31.9908
31.9984
31.9964
31.9964
31.9578
31.9982
31.9612
31.9929
31.9929
30.501
31.9995
32
31.9929
31.9929
31.9986
31.9978
31.9982
31.9741
31.9997
31.9432
31.9993
31.9776
31.9776
31.9649
31.996
31.9971
31.9997
31.9997
30.19
31.997
31.9979
31.9978
31.9978
31.9853
31.9989
31.9994
31.9372
31.9986
31.9986
31.9466
29.6
31.9985
31.9999
31.9991
31.9991
31.9929
31.9998
31.9989
31.9979
31.9987
31.9601
31.9805
31.9975
30.66
30.15
31.9994
31.09
32
32
31.8888
31.4407
31.9983
31.9933
31.9988
31.9988
30.22
29.6
31.9986
30.32
31.9984
31.9984
30.7337
31.9998
31.7263
31.9991
31.9998
31.9891
31.9968
31.9995
30.66
30.15
30.15
31.09
31.9979
30.7784
31.9992
30.4529
31.9985
31.9963
30.24
31.9783
31.9923
31.9965
29.3
31.9999
31.9961
31.39
31.9997
31.0556
31.9885
31.9809
32
31.9964
32
32
31.9703
29.6
31.9988
31.9936
31.9998
31.9998
31.9965
31.9999
31.9992
31.9904
31.9954
31.9904
31.5872
31.987
30.66
30.15
30.15
31.09
31.9975
31.9811
31.9997
31.9829
31.9979
31.9981
30.24
31.9822
31.9848
31.9959
29.3
31.9931
31.9999
31.9683
31.9994
31.9772
31.8488
30.924
31.9988
31.9633
32
30.1265
31.9994
31.0815
31.9821
31.1522
31.9785
31.883
31.9997
29.99
31.9923
30.7095
31.9998
31.9979
31.9974
31.9974
30.5096
31.34
31.9996
31.9423
29.97
31.9993
31.9888
31.9888
31.996
31.9933
31.9948
31.9993
31.9973
31.9975
31.9968
31.9989
31.9988
31.9999
30.03
31.9954
32
31.9995
31.9997
31.9991
31.9999
31.9995
31.9988
31.2287
31.9998
30.07
31.9984
31.988
31.988
31.9729
30.9052
31.9996
30.6
31.9997
31.9997
31.9842
31.9831
31.9996
31.9996
31.9848
31.9818
31.9947
31.9974
31.0794
31.9996
31.9997
30.6135
31.9993
31.9993
29.96
31.9883
31.9994
31.9994
31.9662
31.9965
31.9999
31.9884
31.9962
30.76
30.07
31.1119
30.82
31.9989
31.9958
31.9928
32
31.9998
31.9976
31.9964
31.9981
31.9963
31.9998
31.9848
31.9848
31.9681
31.9989
31.9961
31.9959
31.9959
31.212
31.9978
31.9969
31.9986
31.9986
31.9655
31.9902
31.9998
31.9987
31.9998
31.9998
31.985
30.1464
31.9973
31.9828
31.9999
31.9999
31.9971
31.9985
31.9689
31.9979
31.9878
31.9685
31.9984
31.9955
30.66
30.15
31.9667
31.09
32
31.9996
32
31.9957
31.9957
31.9902
31.9989
31.9997
31.9766
31.998
30.76
30.07
31.9892
30.82
31.9983
31.994
31.9935
31.9974
31.9915
31.9922
30.12
31.9952
31.9997
31.9965
31.9996
31.9896
31.9998
31.997
31.9984
30.1013
30.1013
31.9996
31.9999
31.9998
31.9972
31.9972
31.9992
31.9974
31.9992
30.6235
32
32
31.9957
30.83
32
31.3274
31.3274
31.3576
31.9992
31.22
30.9652
32
30.09
31.9994
31.9865
31.3551
31.9988
31.9988
29.96
31.9992
31.9994
31.9994
31.9502
31.9991
31.9992
31.9995
31.9995
30.76
30.07
30.07
30.82
31.6528
31.8684
31.9918
31.9987
31.9936
31.9994
30.12
31.9991
31.9935
31.9911
31.9991
30.11
31.9984
29.8
31.9983
30.6037
30.6037
31.9861
31.9975
31.999
31.9463
31.9463
31.9786
31.9994
31.9999
31.9821
32
31.9992
31.9971
31.9721
31.9721
31.9947
31.9992
31.9998
30.21
30.21
30.5146
31.5413
31.36
31.7084
31.9985
31.9985
30.11
30.83
31.9998
31.9741
31.9741
30.28
31.9997
31.9938
31.986
31.9976
31.5587
31.9993
30.7936
30.7936
30.16
31.9998
31.9948
31.9615
31.9615
30.2706
31.9989
31.9977
31.9991
31.9991
31.9933
31.39
31.9966
31.9947
31.9984
31.9984
31.9968
29.6
32
31.9908
31.9993
31.9993
31.313
31.39
31.9987
31.9984
31.9972
31.9972
31.9832
30.7926
31.9948
31.9952
31.9984
31.9984
31.9945
31.9995
30.5113
31.9958
31.99
31.9994
31.9954
31.9995
30.66
30.15
30.2286
31.09
31.999
31.9897
31.9995
31.993
31.9965
31.9959
30.24
31.8001
31.9946
31.9958
29.3
31.9886
31.9992
32
32
31.999
31.954
31.9999
31.9984
31.998
31.9815
31.9998
31.9809
31.8849
31.609
31.9983
31.9983
30.9674
31.996
31.9969
31.9995
29.97
31.9995
31.9977
31.9977
30.2995
31.9884
31.964
31.9935
31.998
31.9989
30.8132
31.9992
31.9989
31.9994
31.9791
31.9989
31.998
31.9992
31.9911
32
31.9997
30.9901
31.9998
30.12
31.655
31.996
31.9976
31.9984
31.9818
31.9999
31.7689
31.9992
31.9992
31.9992
31.9966
31.9846
31.9892
31.9894
31.9894
31.9944
31.9991
31.9898
31.9867
31.9981
31.9981
30.8479
30.83
31.9997
31.9894
31.9894
31.9805
31.9958
31.9947
31.9988
31.9976
31.9874
31.9976
30.32
30.32
31.7752
31.9987
31.9992
31.9928
31.9928
32
31.9921
31.9976
31.9955
31.9998
31.9885
30.24
31.994
31.9975
31.9952
29.3
31.9964
31.9873
31.9724
31.9996
31.9958
31.9998
31.2269
31.9996
30.9194
31.99
31.9934
31.9996
31.9802
31.9948
31.9969
31.9998
31.9998
30.9639
31.9992
31.9999
31.9936
29.97
31.9995
31.999
31.999
30.8086
30.57
31.9948
32
31.9676
31.9995
31.9994
31.9988
31.9988
31.9901
31.9998
31.9765
31.9759
31.9817
31.9753
31.9884
31.9866
30.66
30.3265
31.9968
31.09
31.9999
31.9974
31.9994
29.3295
31.9999
31.985
30.24
31.9982
31.994
31.9994
29.3
31.991
32
31.993
31.9996
31.9965
31.9993
31.9936
31.9974
31.9986
31.9982
31.9956
31.9995
31.0736
32
31.9424
31.9998
30.12
31.9791
31.999
30.6757
31.9985
31.9872
31.998
31.9699
31.9979
31.9846
31.9846
31.9789
31.9984
31.9879
31.9474
31.9474
31.9942
31.9993
31.9945
31.964
31.9999
31.9999
30.4641
30.83
31.9942
31.9968
31.9968
31.9929
31.9998
31.7236
31.9689
31.9994
31.9664
31.9989
31.9909
31.9909
31.9803
31.9998
31.9994
31.9625
31.9625
30.19
32
31.9999
31.9999
31.9689
31.9853
31.9894
31.9995
31.966
31.9999
31.9666
31.9992
31.9924
31.9997
31.9755
31.9992
30.6557
31.9989
31.9472
31.9932
31.9995
31.9995
31.9497
30.9626
31.9981
30.6
31.992
31.992
31.9889
31.9984
31.9903
31.9903
31.9984
31.9972
31.9919
31.9924
31.9896
31.9998
31.997
29.1541
31.9988
31.9988
29.9999
31.9888
31.9996
31.9996
32
31.9943
31.9804
31.9999
31.9981
31.9989
31.9844
31.9998
31.9945
31.9987
31.9939
31.9992
31.9949
31.9631
31.9744
31.9984
31.9962
31.9962
31.994
30.88
31.9997
30.6
31.9997
31.9997
31.9906
31.9987
31.9916
31.9916
31.9425
31.9914
31.9806
31.9997
31.9878
31.994
31.999
31.9997
31.9942
31.9942
30.357
31.9969
31.9993
31.9993
31.9595
31.9996
32
31.9986
31.9701
31.9943
31.9973
31.9894
31.9946
31.9978
30.66
30.2249
31.9993
31.5146
31.9992
31.9912
31.9986
31.9997
31.9986
31.9909
30.24
31.9969
31.9896
31.9967
29.3
31.954
31.9997
31.9907
31.998
31.9747
31.9985
30.5593
31.9998
31.9939
31.9992
31.9765
31.9998
31.9895
31.9996
31.9903
31.9965
31.9965
31.9879
31.9958
32
30.2086
31.9975
31.9975
29.96
31.9992
31.9997
31.9997
31.9561
31.9933
31.9988
31.9946
31.9946
30.76
30.07
31.933
30.82
31.998
31.994
31.9972
31.9994
31.9801
31.9995
30.12
29.5
31.9997
31.9981
31.9998
31.9835
31.9991
31.9934
31.9998
31.9984
31.9984
31.9868
31.9999
31.9991
31.9922
31.9922
31.984
31.9976
31.9719
31.9973
31.9996
31.9996
31.9975
30.83
32
31.7997
30.36
31.9984
30.28
31.99
31.9785
31.998
31.9884
31.9996
31.9992
31.9973
31.9973
30.8125
31.4975
31.9926
31.1812
29.97
31.9999
31.9906
31.9906
31.9979
31.9999
31.9947
31.9993
31.9968
31.9992
31.9959
31.9973
31.986
31.9996
31.9978
31.9932
31.9836
31.9908
31.9736
32
32
31.9937
31.9917
31.9999
30.3514
31.9967
31.9967
31.9877
30.398
31.9994
31.9995
31.9991
31.9991
31.9978
31.9998
30.1485
30.4871
31.9915
30.6848
32
31.9995
30.66
30.15
31.999
31.09
31.9976
31.9915
31.9994
30.4688
31.9993
31.5698
30.24
31.988
31.9908
31.9956
29.3
31.0447
31.9991
31.9164
31.9983
31.9998
31.9994
31.3223
32
32
31.9977
31.9941
31.9981
31.9766
31.9766
30.07
31.9991
31.9995
31.9999
31.9976
31.9976
31.9956
30.83
31.9978
31.9975
31.9975
31.9702
31.9985
31.9996
31.8592
30.9594
31.9781
31.9986
30.32
30.32
30.16
31.9979
31.9762
30.4954
30.4954
30.19
31.9984
31.999
31.996
31.996
31.9877
31.39
31.9921
31.9819
31.9942
31.9942
31.9832
30.0717
31.99
31.9998
31.9975
31.9975
31.9766
32
32
31.9992
31.9999
31.993
31.9983
31.9991
31.9905
31.9899
31.9986
30.66
30.15
31.9961
31.09
31.9975
31.9996
31.9986
31.9978
31.9984
31.9897
30.24
31.9981
31.9877
31.9985
29.3
31.9963
31.9969
29.99
31.9968
31.9997
31.9982
30.36
31.49
31.995
31.9988
31.9987
31.9996
31.9989
31.9996
31.9913
32
30
31.9986
31.5078
31.5078
31.9456
31.9958
31.9996
31.9975
31.9975
30.6558
31.9983
31.9957
31.9982
31.9982
31.0591
31.9877
31.9979
31.9984
31.9986
31.9986
30.22
29.6
31.998
31.9999
32
32
31.9226
31.9996
29.99
31.9626
31.9949
31.998
31.9979
31.9964
30.8436
30.15
31.9962
31.09
31.9944
31.9979
31.9992
29.2
31.9987
32
31.9996
29.6998
31.9975
31.9988
32
31.9793
31.9977
31.9982
31.996
31.9947
31.9976
31.9989
31.9986
31.9972
31.9972
31.672
30.88
31.9982
30.6
31.9991
31.9991
31.9735
31.9998
31.999
31.999
31.9956
31.9976
31.9922
31.9966
31.9996
31.9888
31.9992
31.9892
31.9997
31.9997
29.96
31.9917
31.9956
31.9956
31.9775
31.9996
31.9924
31.9815
31.9884
31.557
30.07
31.9948
30.82
32
31.9978
31.9997
31.9746
31.9995
30.12
31.9999
31.9944
31.2877
31.9977
31.9931
31.9979
31.9988
31.9989
30.1
30.1
31.9718
31.9974
31.9992
31.9822
31.9822
31.9252
31.9942
31.9864
31.9635
31.9993
31.9993
31.9836
30.83
31.9991
31.997
31.997
31.9355
31.9987
31.3517
31.9871
31.9996
31.9997
31.9993
31.9987
31.9987
30.4043
31.9999
31.0506
32
32
30.4405
31.9979
31.9598
31.9801
31.9936
30
31.9999
31.9908
31.9908
30.16
31.9998
31.9643
31.9727
31.9727
30.19
31.9996
31.9639
32
32
31.9882
31.7737
31.9997
31.9839
31.9997
31.9997
31.9715
30.2205
31.9991
31.9987
32
32
31.9979
31.9975
31.993
31.9925
31.9977
31.9995
31.9993
31.9941
30.66
30.15
31.997
31.09
31.9988
30.28
32
32
31.9993
30.83
32
31.9926
31.9926
30.28
31.999
31.9909
30.28
31.9996
31.9994
31.9888
31.9991
31.9991
31.9576
31.9931
31.9863
31.9586
31.9586
30.8047
31.9987
31.9983
31.9967
31.9967
31.9903
31.9969
31.9978
31.9749
31.999
31.999
31.9348
31.9933
31.9997
31.9999
31.9989
31.9989
30.926
31.9983
31.9915
31.9998
31.9973
31.9985
31.9959
32
29.4
31.9981
31.9968
31.9996
30.7556
31.9985
31.9949
31.9995
31.9561
31.9998
30.07
31.998
31.9591
31.9591
31.9877
31.9974
31.995
31.1535
31.9946
31.9946
30.08
31.9915
31.9983
31.9983
31.9919
31.983
31.04
31.9943
31.996
30.3925
31.9986
31.995
31.9957
31.9957
29.96
31.9874
31.9981
31.9981
31.9928
31.9861
31.9961
31.9739
31.9886
31.4402
30.07
31.9778
30.82
32
31.9988
31.9984
31.9761
31.9995
31.9942
31.9993
31.9661
31.9984
31.9989
31.9999
31.9995
31.9958
31.7466
31.9986
31.9984
31.9984
30.14
30.88
31.9864
31.4799
31.9959
31.9959
31.9992
31.9903
31.9992
31.9992
29.2688
31.9996
31.2491
31.9976
31.9987
31.9988
31.9975
31.9994
31.6232
31.6232
29.96
31.9779
31.9967
31.9967
30.3424
31.9949
31.9992
31.9978
31.9978
30.76
30.07
32
31.9974
31.4691
31.9909
31.9985
31.9979
30.66
30.15
31.9723
31.09
31.9986
31.9973
31.9983
31.9996
31.9978
30.15
30.24
31.9826
32
31.9918
29.3
31.7583
31.996
31.9768
31.9983
31.9843
31.9953
30.4839
31.9946
31.995
31.9986
31.4032
31.9949
31.9913
31.9996
31.9823
31.9983
31.9983
30.12
31.9714
31.9994
31.9711
29.97
32
31.2316
31.9971
31.9969
31.9706
31.9994
31.9982
30.66
30.15
31.6426
31.2851
31.9981
31.9926
32
31.6774
31.9998
31.9854
30.24
31.8679
31.9988
31.9995
29.3
31.1179
31.9997
31.9887
31.9996
30.5089
31.9981
31.9778
31.9988
31.044
31.9999
31.1445
31.9998
31.9946
31.9999
31.9991
31.9972
31.9972
30.12
31.34
32
32
31.5506
31.9961
31.6624
31.6624
30.07
31.37
30.88
31.9994
31.9994
31.9691
31.9969
31.9969
31.9866
32
32
31.9867
30.83
31.9999
31.993
31.993
31.9842
31.9999
31.22
31.9822
31.9961
31.9934
31.9998
31.9946
31.9946
31.0412
31.9971
31.9909
31.9957
31.9957
30.19
31.9933
31.919
31.9998
31.9998
31.9934
31.39
31.9992
31.9428
31.9979
31.9979
31.9718
31.9888
32
31.9977
31.9976
31.9863
31.9947
31.998
31.9993
31.9977
31.9977
31.9387
31.5253
31.9975
31.9994
30.9555
30.9555
31.9482
31.9974
31.9973
31.9973
31.9372
31.9893
31.9515
31.9954
31.9959
31.9913
31.9977
31.9987
31.9996
31.9996
30.2877
31.9243
31.9999
31.9999
31.9802
31.999
31.9984
31.9999
31.9999
30.76
30.07
31.9975
30.82
31.9967
31.9999
31.9962
31.998
31.9624
31.9897
30.12
31.9921
32
31.9992
31.0247
31.0247
30.8617
31.9951
31.9064
31.9986
31.9986
31.9934
31.39
31.9984
31.2368
31.9995
31.9995
31.7042
29.6
31.9972
31.9957
31.9994
31.9994
30.8051
31.9992
31.5501
31.9999
31.9974
31.9877
31.9917
31.9996
30.66
30.15
31.4911
31.09
32
30.28
31.9989
29.2
31.9994
30.15
30.24
31.9968
31.9953
31.9973
29.3
31.9973
32
31.9921
31.9586
31.9999
30.28
32
30.12
29.5
31.9978
30.9653
32
31.9892
31.9865
31.9919
31.9997
30.1
30.1
30.07
31.9992
31.9983
31.9992
31.9992
31.9586
31.9978
31.9919
31.9979
31.9967
31.9967
31.9502
30.83
31.9998
31.9982
31.9982
30.28
31.9958
31.9961
31.3572
31.9977
31.9955
31.9976
31.9932
31.9932
31.9991
32
31.0417
31.9902
31.9902
31.9958
31.9946
31.9823
31.9823
31.1015
31.9596
31.9757
31.9941
31.9998
31.9974
31.3725
31.9556
31.9964
31.9964
29.96
31.9534
31.9996
31.9996
31.9509
31.9907
31.9855
31.9525
31.9877
31.9947
30.07
31.999
30.82
31.9955
31.9991
31.948
31.9991
31.9966
31.9986
30.12
31.9999
31.9998
31.9766
31.9997
31.972
31.9994
31.9951
31.998
30.796
30.796
31.9954
31.998
32
31.9942
31.9993
31.9993
29.96
31.9972
31.9998
31.9998
31.9806
31.9866
31.3681
31.9784
31.9987
30.76
30.07
31.9923
30.82
31.9997
31.9957
31.9752
31.9999
31.9861
31.9964
30.12
31.9839
31.9976
31.9998
31.9965
31.8642
31.9986
29.8
31.999
31.9903
31.9903
31.103
31.9966
31.9997
31.9791
31.9791
31.6916
31.9925
31.9718
31.9945
31.9981
31.9981
31.9898
30.83
31.9993
32
32
31.9996
31.9994
31.9959
31.9992
31.9968
31.9982
31.9962
31.9997
30.66
30.15
30.15
31.09
31.9998
31.9942
31.9982
31.9944
31.9986
30.9423
30.24
31.9837
31.9958
31.9972
29.3
30.16
31.9987
30.0436
31.9989
30.1861
31.9981
31.8605
31.997
31.9969
31.9983
31.9702
31.9992
31.9728
31.9987
30.9172
32
32
31.9978
29.6
31.9972
31.9953
31.9992
31.9992
31.9878
31.9991
31.9947
31.9991
30.3367
30.9002
31.9994
31.9984
30.66
30.15
31.9737
31.09
31.9998
31.9989
31.9999
31.9829
31.9976
31.993
30.24
31.9922
31.9807
31.9995
29.3
31.9906
31.9984
31.9907
31.9995
31.9935
31.9998
30.6183
31.9999
31.9889
31.9979
31.9968
32
30.9074
31.9933
31.9987
30.66
30.15
31.682
31.09
32
31.9985
31.9998
31.9711
32
31.9861
30.24
31.9993
31.997
31.9888
29.3
31.9919
31.9997
29.99
31.9986
30.301
31.998
31.9587
31.9908
31.9988
31.998
31.9961
31.9986
30.16
31.9983
31.9904
31.9991
31.9991
31.9858
31.9968
31.9984
29.97
29.97
31.9998
32
31.9976
31.9925
31.9983
31.9908
31.9997
31.9997
30.66
30.15
31.9978
31.09
31.9937
31.9975
31.9999
31.9971
31.9954
31.9922
30.24
31.9628
31.9989
31.9984
29.3
31.9931
31.9877
31.9945
31.9992
30.09
31.9979
30.36
31.9982
31.9603
32
31.9935
31.9998
30.16
31.9906
31.9775
31.988
31.988
31.983
31.986
32
31.9979
30.12
31.9865
31.9992
31.9688
31.9992
31.9838
31.9999
31.983
31.9923
31.9661
31.9661
31.9877
31.9993
31.9976
31.9776
31.9776
31.995
31.999
31.9925
30.6357
31.9958
31.9958
31.9872
30.83
31.9981
31.9998
31.9998
31.9603
31.9999
31.22
31.9849
31.9998
31.9818
31.9948
31.975
31.975
31.5434
31.9999
31.9948
30.4941
30.4941
31.177
31.9974
31.9975
32
30.28
31.9993
30.12
32
31.9993
31.3614
31.9935
31.9988
31.9966
31.9711
31.9995
31.9964
31.9964
31.9853
31.9996
31.9952
31.9874
31.9874
31.9911
31.9984
31.9987
31.9725
32
32
31.9948
30.83
31.9995
31.9895
31.9895
30.7747
31.9965
31.3583
31.9972
31.9984
31.9976
31.9995
31.9781
31.9781
30.16
31.9992
31.9926
31.999
31.999
31.988
31.999
32
32
31.9993
31.9993
31.9808
31.9974
31.9944
31.9898
31.999
30.76
30.07
30.4245
30.82
32
31.6723
31.9738
31.9991
31.9997
31.9998
30.12
31.9986
31.9985
31.9945
31.9999
31.9968
31.9974
31.9948
31.9997
31.9971
31.9971
31.9839
31.9999
31.9977
31.9875
31.9875
31.9664
31.9974
31.9985
30.6063
31.9945
31.9945
31.8954
30.83
31.9932
31.9993
31.9993
31.9777
31.99
31.9907
32
31.9931
31.9931
31.9978
30.07
31.9995
30.82
31.9979
30.42
31.9974
31.9969
31.9881
32
30.12
31.5015
31.9949
31.993
31.9999
31.9826
31.9984
31.9908
31.9996
31.9988
31.9988
31.9857
31.9927
31.9992
31.9998
31.9998
31.9542
31.9971
31.9914
31.9676
31.9975
31.9975
31.9581
30.83
31.9987
31.9581
31.9581
31.9678
31.9985
31.9973
31.9863
31.9982
31.9699
32
31.9988
31.9992
31.9793
31.0834
30.5659
31.9998
31.9966
31.9978
31.9736
31.998
31.9904
31.9998
31.9859
31.9999
31.9999
31.9931
31.9882
31.993
31.9983
29.97
31.9996
30.21
30.21
30.19
31.9953
31.9981
31.9978
29.8856
31.9984
31.9996
31.9973
31.9461
32
30.03
31.9983
32
31.9995
31.9831
31.9988
31.999
31.9972
31.9972
29.96
31.899
31.997
31.997
31.9849
31.9946
31.9863
31.9975
31.9975
31.9963
30.07
31.9828
30.82
32
31.997
31.982
31.9995
31.9948
32
30.12
31.9955
31.9994
30.996
31.9995
31.9636
31.9989
31.9698
31.9996
31.9959
31.9959
31.9996
31.9996
31.9986
31.9992
31.9992
31.9697
31.9987
31.9915
31.992
31.9996
31.9996
32
31.9981
31.9981
31.9902
31.9985
31.9941
31.9972
31.9998
31.9998
30.2455
29.6
31.9981
31.9929
31.9999
31.9999
31.9934
31.9956
31.9928
31.9975
31.9957
30.3793
31.9936
31.9961
30.66
30.15
31.9975
31.5038
31.9997
31.9985
31.9992
31.0215
31.9998
31.3916
30.24
31.9874
31.9967
31.9991
29.3
31.9986
31.9996
31.4826
31.9992
31.9998
32
31.9998
31.9998
31.9772
31.9989
31.9984
30.906
30.906
31.9954
31.9984
31.9933
31.9656
31.9993
31.9993
31.9763
30.83
31.9978
31.9975
31.9975
31.6813
31.9991
31.9983
31.9997
31.9999
31.9903
31.9994
31.9671
31.9671
31.9869
31.9941
31.99
31.9852
31.9852
30.19
31.9962
31.9986
31.9992
31.9992
31.9939
31.7955
31.9995
31.9999
31.999
31.999
31.9521
29.6
31.9998
31.955
31.9996
31.9996
32
31.9987
31.9937
31.9977
31.9998
30.24
31.985
31.9972
31.9994
29.3
31.0366
31.9997
31.3663
31.9991
31.994
31.9991
31.6165
31.9964
31.3972
31.9985
31.1117
31.9994
30.2695
31.9946
30.1858
31.9983
31.9983
31.1429
31.9563
31.9952
31.9905
29.97
31.9978
31.9587
31.9587
31.9914
31.9994
31.4523
32
31.9369
32
31.791
31.9977
31.9992
31.9997
30.12
31.311
31.9999
31.9939
31.9997
31.9938
31.9983
29.8
31.9997
31.9706
31.9706
31.9846
31.9998
31.9973
31.9857
31.9857
31.9926
31.9985
31.9954
31.9742
31.9994
31.9994
31.6996
30.83
31.9997
31.9979
31.9979
31.9771
31.9985
31.5683
30.9675
31.9999
31.999
31.9993
31.9682
31.9682
31.9291
31.9979
31.9958
32
29.97
32
31.9945
31.9945
31.9993
31.9963
30.5106
31.9997
31.9512
31.9991
31.9777
31.998
31.9902
31.9994
31.9961
31.9987
31.9879
31.999
31.9984
31.9983
31.9926
31.9926
31.9851
31.4868
31.9897
31.032
31.9991
31.9991
30.2086
31.9835
31.9974
31.9974
31.9917
30
31.0963
31.9759
30.1567
31.9932
31.9991
30.0091
31.9953
31.9953
30.1196
31.9934
32
31.9965
31.2214
31.9996
31.9769
31.9949
29.8
31.9992
30.5442
30.5442
31.9997
31.9677
31.9987
31.9857
31.9857
31.9664
31.9998
31.9998
31.9988
31.9974
31.9974
31.9981
30.83
31.9956
31.0998
31.0998
31.9692
31.9999
31.9502
30.5182
31.999
31.6481
32
31.9988
31.9988
31.9619
31.9984
31.9969
31.9981
31.9981
30.19
31.9991
31.9945
31.9964
31.9964
31.9945
31.999
32
31.9966
30.9572
31.9913
30.66
30.15
31.9677
31.09
31.9995
31.9698
31.9973
31.7863
31.9994
31.9879
30.24
31.979
31.9977
31.9996
29.3
31.9952
31.9998
31.9966
31.9997
31.9987
31.9984
30.431
31.9994
31.9848
31.999
30.1686
31.9974
31.932
31.9999
31.997
31.9997
31.9997
31.9246
31.9941
31.9994
31.9873
29.97
31.9992
32
32
31.8516
31.9979
31.9903
31.9989
31.9962
30.28
31.9894
31.9926
30.66
30.15
31.1375
31.09
31.9974
31.6743
31.9973
30.4523
31.9992
31.3383
30.24
31.973
31.9988
31.9934
29.3
31.0688
31.9999
31.9987
31.9976
31.9951
31.9974
31.4878
31.9996
30.8124
31.9986
31.9961
31.9999
31.9884
31.9955
31.9972
32
32
31.5247
31.9997
31.9972
31.989
31.999
30.76
30.07
31.7071
30.82
32
31.998
31.9748
31.9983
30.6557
31.9979
30.12
31.9647
31.9937
31.978
31.9986
31.9946
31.9994
31.9651
31.9987
31.9996
31.9996
31.9797
31.9999
31.9978
30.5641
30.5641
31.9845
31.9935
31.9925
31.9915
31.9998
31.9998
31.9815
30.83
31.9987
31.966
31.966
31.9849
31.9988
31.9783
31.9977
31.9998
32
32
31.9971
31.9997
31.9997
30.7816
31.9978
31.9977
31.9952
29.97
31.9963
31.9957
31.9957
30.954
31.9999
31.9641
31.9997
31.9997
31.9996
31.3628
31.9991
31.4001
31.9977
32
31.9994
31.9963
31.9984
31.9635
31.9991
31.9833
31.9833
31.9948
30.88
31.9998
30.6
30.7802
30.7802
31.9955
31.9969
31.9959
31.9959
31.9807
32
31.999
32
31.9997
30.0839
31.998
31.1522
31.1522
31.996
31.9993
31.9995
31.9959
31.9959
31.9976
31.9972
31.9984
31.9909
31.9955
31.9955
31.981
30.83
31.9998
31.9983
31.9983
31.996
31.9996
31.3826
31.9959
31.9993
31.9953
31.9983
31.9977
31.9977
31.9865
31.9999
31.9951
31.9957
31.9957
31.131
31.9979
31.9802
31.9975
31.9975
30.6763
31.39
31.9998
31.8154
32
31.9987
29.99
31.9974
31.9933
31.9913
30.4322
31.9996
31.9925
31.9888
29.99
31.999
30.16
31.9984
31.9484
31.9999
31.9999
31.9599
31.9993
31.9895
31.9898
29.97
31.9981
31.9861
31.9861
31.9968
31.9899
31.9804
31.9946
31.9985
31.9958
31.9978
31.9996
30.3995
31.9994
31.984
