32
31.9996
30.76
32
31.9879
31.9994
31.9999
31.9996
31.9996
31.9998
31.9968
32
32
32
30.53
31.9993
32
31.9999
31.9949
30.76
31.9999
31.9981
31.9987
32
31.9999
30.6854
32
31.9999
31.9996
31.9987
30.76
31.9999
32
31.9982
31.9998
31.9999
31.9998
32
30.541
32
31.9998
32
31.9789
31.9999
31.9997
32
31.9982
30.9633
31.9999
31.9989
31.9999
32
31.9999
31.9943
30.76
31.9997
31.9991
31.9989
32
31.9998
32
32
31.9999
31.9998
32
31.9999
32
32
31.9987
31.9808
32
31.9998
31.9998
31.9998
31.9993
31.9996
31.9999
31.9997
30.5885
31.9998
31.9999
32
31.9918
31.9998
32
32
32
31.9994
31.7762
31.9999
31.9999
31.9996
31.9998
32
31.9998
31.9999
30.53
32
32
31.9998
31.995
30.76
32
32
31.9999
31.9998
31.9994
31.9999
32
31.9961
31.9995
31.9995
32
30.45
31.9994
31.9995
31.9999
31.9993
31.9996
32
31.9998
31.9993
31.1642
31.9995
32
31.999
31.9996
31.9842
31.9829
31.9929
31.9984
31.9841
31.9916
31.9999
31.9996
31.9996
32
31.9997
31.9997
31.9993
31.9974
31.9951
31.9937
31.9998
32
31.9986
30.53
31.9998
32
31.999
31.9929
31.9961
31.9961
31.9873
31.999
31.9998
32
31.9988
32
31.9979
31.9979
31.9989
30.7316
31.9983
32
32
32
32
31.9972
30.76
31.9999
31.9962
31.9992
32
32
31.9995
32
32
31.9998
31.996
32
32
31.9999
32
31.9999
32
31.9979
31.9993
31.9997
31.9995
31.9995
31.9985
31.976
31.9995
32
31.9996
31.9992
32
31.9998
31.9998
31.9993
32
31.9997
31.02
31.9988
31.44
31.9997
31.9996
31.9977
32
31.9999
31.9999
31.9988
31.9775
31.9998
31.9999
31.9999
31.9992
31.9997
32
31.9999
31.9998
31.9995
32
31.9999
31.9993
31.9996
31.9996
32
31.9979
31.9836
32
32
32
32
31.9994
31.9999
32
31.9985
31.9967
31.9996
31.9991
31.9991
31.9996
31.9876
32
32
32
32
31.9985
30.76
31.9998
31.9991
31.9998
31.9999
31.9991
31.9999
31.9994
31.6969
32
31.9999
31.9999
31.9724
31.9973
32
31.9858
32
31.9999
31.9818
32
31.9976
31.9994
31.9997
30.45
30.45
31.9766
32
31.9999
31.9781
31.9998
31.9764
31.9999
31.9999
31.9921
32
31.9994
31.9992
31.9999
31.9971
31.9971
32
32
31.9996
32
32
32
31.9997
31.9998
31.9852
31.9982
31.9986
31.9995
32
31.9992
31.9993
30.53
31.9984
32
31.9999
32
30.76
32
31.9999
32
31.9993
30.76
32
31.9991
32
31.9995
32
31.9992
30.76
31.9999
31.991
31.9998
32
32
32
31.9998
31.9939
31.9996
32
31.9999
31.9827
30.76
31.9995
31.9995
31.9996
31.9998
31.9995
32
31.9998
31.9999
32
30.76
32
30.83
31.9996
31.9982
32
31.9997
31.9964
31.9989
31.9727
31.995
31.9999
31.9995
31.9998
31.9995
31.9977
32
31.9996
31.9999
31.998
31.9977
31.9977
31.916
31.9996
31.9988
31.9984
31.9997
32
31.997
31.3225
32
31.997
32
31.9997
31.9997
31.9992
31.9942
31.9998
31.9975
31.9957
31.9756
32
31.9997
32
32
31.9996
31.9999
31.9999
31.9825
31.999
31.9961
31.9961
32
31.9991
31.9996
32
32
32
32
31.9999
31.9847
31.9993
31.9837
31.994
31.9999
31.9987
31.9999
31.9998
31.997
32
31.999
30.53
31.9993
31.9998
31.9997
31.9999
30.76
31.9999
31.9982
32
31.9997
31.9997
31.9994
31.9937
32
31.9999
31.9997
31.9956
31.9984
31.9999
31.9999
31.9998
30.53
32
31.9994
32
31.9998
31.9934
31.9988
31.9719
31.9945
31.9989
31.9973
32
32
31.9992
32
32
31.9945
31.9816
31.9808
31.9969
32
31.999
31.9999
32
31.9999
31.9993
31.9998
31.9996
31.999
31.9996
31.9999
31.9854
31.9998
31.9998
32
31.9998
31.8806
31.9994
31.9999
31.9999
31.9997
30.76
31.9997
31.9984
31.9973
32
32
31.9865
31.9997
31.9997
31.9999
31.9954
31.9994
31.9991
32
31.9994
31.999
31.999
31.9994
31.9991
31.9998
31.9998
32
31.9961
32
32
31.9998
32
31.9823
31.9997
31.996
31.9999
32
31.9997
31.9998
31.9998
31.9993
32
32
31.9994
31.9999
31.9989
31.9989
31.9999
30.45
31.679
31.9999
31.9991
31.9988
31.9975
32
31.975
31.9967
31.9894
31.9974
31.9798
31.9997
31.9997
31.9996
31.9986
32
31.9796
31.9998
31.9999
30.6451
31.9998
31.9997
32
31.998
30.53
31.9997
32
31.9997
31.9998
30.8814
31.9997
32
32
31.6145
31.9998
31.9999
32
31.9987
30.7812
31.9989
31.9991
32
32
30.53
31.9998
31.9999
31.9999
31.9993
30.76
31.9993
32
31.9822
31.9992
31.9999
32
31.9999
30.8163
31.9999
31.9996
32
31.9957
31.9994
31.9919
31.9995
31.9998
31.9955
31.9999
31.9999
32
31.9998
31.9987
31.9987
31.9976
30.45
30.4804
31.9972
32
31.9991
30.5996
31.9995
31.9993
31.9999
31.9818
30.76
32
31.998
32
31.9995
31.9995
30.76
32
31.9999
31.9974
31.9994
31.9978
32
30.45
31.9992
31.9993
31.9999
31.9058
31.9998
31.9996
31.9996
31.9995
30.996
31.9999
32
31.9994
31.9993
31.9993
31.9959
31.7362
31.9998
31.9998
31.9999
31.9998
32
32
31.9994
30.76
32
31.9991
31.9996
32
32
32
31.9994
31.9871
32
30.45
30.45
31.9985
31.9999
31.9994
31.9998
31.9998
31.9999
31.9999
30.53
31.9999
32
32
32
32
31.9979
31.9955
31.9987
31.9998
31.9997
31.9987
31.9993
31.9998
31.9999
32
30.53
32
31.9997
31.9739
31.9997
31.9997
31.9999
32
31.9995
31.9999
32
31.9988
31.9996
32
31.9999
31.998
31.9996
31.976
31.9992
31.9999
31.9999
31.9999
32
31.9999
31.9999
31.9999
31.9969
31.9969
31.9989
31.9986
31.9986
31.9998
31.9987
31.9885
31.9985
31.9994
32
31.9998
31.9999
31.9998
31.9978
31.9995
31.999
31.9996
32
32
32
31.9999
31.9982
32
32
31.998
31.2202
31.999
31.9999
32
32
31.9995
31.9999
31.994
31.994
31.9992
30.45
31.7704
31.9996
31.9999
31.9991
31.9999
32
31.999
30.53
31.9993
31.9998
31.9997
31.9999
30.76
31.9999
31.9982
32
31.9988
31.994
31.9996
31.9997
31.9997
31.9887
31.9923
31.9999
32
32
31.9978
32
31.9996
31.9999
31.5802
31.9999
31.9998
31.9999
31.9991
30.76
32
31.9976
31.9976
32
31.1171
31.9998
32
31.9991
31.9976
31.9999
31.9998
31.9999
31.9997
31.9958
31.9998
32
32
31.9998
31.9995
30.8413
32
31.9998
32
31.9997
32
31.9965
31.9985
31.9985
30.5849
31.0414
31.9998
32
31.9999
31.9994
32
31.9998
32
31.99
32
31.9969
31.9969
32
30.45
30.5921
31.9955
31.9999
31.9939
31.9999
31.9999
31.9988
31.9991
31.2638
31.997
32
31.9996
31.9962
31.9999
32
31.9999
31.9962
32
32
32
31.9999
31.9801
31.9998
31.9887
31.9996
31.9985
31.9862
32
31.9987
31.999
31.9997
31.9999
31.9999
31.9984
30.7649
32
31.9994
31.9999
31.999
29.1196
31.9998
31.9998
32
31.9994
31.9997
32
31.9962
30.76
32
31.9973
31.9993
31.9962
31.995
32
31.9994
30.704
32
31.9967
30.76
31.9998
31.9991
31.9964
31.9999
31.9988
32
32
31.9928
32
31.9981
31.9981
31.9983
31.9927
31.9927
31.9999
31.9996
31.9988
31.9999
31.9997
32
31.9999
30.53
31.9998
32
31.9987
32
32
31.9991
31.9991
32
31.9992
31.999
31.9997
32
32
31.9997
31.9994
31.9994
31.9997
32
31.8324
31.9964
31.9996
32
31.9993
32
31.9998
31.9999
31.9974
31.9989
31.5457
31.9895
32
31.9998
31.9992
31.9997
31.9987
32
31.9998
31.9998
31.9994
31.9973
31.9993
31.9999
31.9999
31.9999
31.4225
31.9886
31.9999
31.9998
31.9982
31.9995
32
31.9996
32
32
31.9987
31.9992
31.9943
31.9999
31.9996
31.993
32
31.9997
32
32
32
31.9996
31.7147
31.9989
31.9991
31.9978
31.9838
31.9991
31.9998
32
31.9986
31.4242
31.999
32
31.9998
30.76
32
31.9975
31.9999
31.9988
31.9989
31.9989
31.9979
31.9836
32
30.45
31.9968
31.9988
31.9999
31.9961
31.9993
31.9998
31.9998
31.9975
30.5603
31.9998
31.9999
32
31.9983
31.9997
31.9997
31.9963
32
31.9999
31.9998
30.53
31.9995
32
32
31.9997
31.9997
31.9968
30.76
31.9999
31.9989
31.9999
31.9999
32
31.9949
31.9996
31.9998
31.9997
31.9997
31.9995
31.9996
31.9956
31.9999
31.9993
32
32
31.9992
31.9992
31.9998
30.45
31.9998
31.9998
31.9999
31.999
31.9963
32
31.9999
31.9991
30.53
31.9998
32
31.9996
31.9999
31.9999
31.9781
31.9998
31.9764
31.9999
31.9999
31.9921
32
31.9994
31.9992
32
32
31.9999
31.9972
31.9998
31.9994
31.9999
31.9928
31.9999
31.9903
31.9903
31.9991
31.9951
32
30.76
32
31.9971
31.9998
31.9999
32
32
31.9997
31.9739
31.9997
31.9997
32
31.9988
31.9994
31.9994
31.9999
31.9881
31.9998
32
31.9999
31.9991
31.9997
32
31.9996
31.9991
31.9996
31.9975
31.9948
31.9516
31.999
31.9996
31.9991
32
31.9996
31.9996
32
31.9996
31.9997
31.9985
31.9996
31.9615
31.9983
31.9994
31.9999
31.9999
32
31.9987
32
32
31.9987
31.9806
31.9997
32
31.9999
31.9999
32
32
31.9994
31.9999
31.9987
31.9997
31.999
31.9998
31.989
31.9982
31.9997
31.9985
31.9996
31.9994
29.9983
32
30.53
31.9992
32
31.9998
31.9995
30.76
31.9998
31.9985
32
