8.0457
8.02876
8.4862
8.04616
8.28778
8.03828
8.19186
10.3705
11.1665
11.1665
16.0063
16.0063
16.4894
8.28716
25.9121
19.6072
20.3261
17.3774
9.0497
9.0497
9.63576
8.17914
8.17914
8.47134
9.53861
9.48952
8.19037
8.19037
8.94147
8.29495
8.07182
8.49994
9.173
9.173
8.97922
8.04023
10.2637
10.2637
8.2364
8.21568
9.133
8.4974
31.9981
8.03214
8.87394
8.87394
8.49695
9.79766
9.79766
9.32827
9.32827
8.0918
8.12847
8.12847
8.41839
8.66634
8.47809
8.47809
8.35308
8.20943
15.3525
8.95167
8.28471
8.28471
8.23446
9.44105
8.34903
8.09133
8.09133
8.68111
8.62816
9.05348
8.79507
8.79507
8.01687
8.67786
8.53908
8.61085
8.25899
9.07542
8.46125
8.46382
8.46382
9.14341
8.22832
8.38636
13.9128
8.21237
9.24333
8.91541
8.91541
8.38137
8.02951
9.09948
9.0525
27.9074
8.19369
8.19369
8.39875
8.48455
30.3383
10.1931
9.00586
10.8427
9.07392
28.904
11.907
8.40376
8.16247
9.27409
9.27409
10.825
12.2176
8.65983
8.0018
11.8411
15.7574
15.7574
8.97778
10.2131
19.1052
19.1052
23.7233
23.2216
13.2788
8.84868
8.21508
8.21508
14.1396
16.4569
28.5077
28.5077
11.8493
8.47847
8.47847
12.5174
8.25702
9.05087
14.8684
14.8684
17.9761
8.0738
8.37852
8.37852
11.0871
8.29198
8.43661
8.23528
16.8771
8.13773
16.1882
12.8603
8.05924
18.6608
18.6608
14.4065
18.1345
18.1345
20.0894
8.22143
8.22143
14.4885
14.0507
11.3474
10.2826
8.38252
13.2084
8.23774
8.23774
8.00398
8.28852
8.12735
23.3363
8.81529
8.81529
8.17203
17.3741
8.45785
16.1345
18.8916
18.8916
12.6518
8.52934
8.2164
20.8772
20.8772
14.6364
14.7532
8.63576
8.04895
8.04369
8.04369
32
8.57514
8.57514
9.02692
8.17474
8.0696
8.14
9.24401
8.03218
8.45508
8.32855
8.12694
8.12694
8.59921
8.49591
8.4628
8.14024
8.28253
8.28253
9.21002
9.47583
8.11174
8.17376
9.15919
8.2482
8.1321
8.04992
8.12874
8.12874
8.983
8.31849
8.29633
8.03431
8.1853
8.31465
8.0405
8.43889
8.19251
8.37378
8.07483
8.56492
8.56492
8.33281
8.33281
8.00891
8.0293
21.0403
8.2983
8.88055
8.11319
8.34139
8.34139
8.51011
8.26747
8.26747
8.63824
8.60529
8.28102
9.50891
9.50891
8.41228
8.45564
8.39017
9.73291
8.37831
8.37831
8.82492
8.28769
10.4227
10.4227
10.5996
9.28792
8.63021
8.17245
26.5247
8.30885
8.98487
8.98487
8.10285
8.64224
8.64224
8.51771
8.51771
8.67792
8.52363
8.52363
8.18078
9.06797
8.2304
8.2304
8.24583
8.25291
16.3016
8.66003
8.29424
8.29424
9.79814
9.04808
8.02126
9.14135
8.12263
8.60065
8.63869
8.63754
8.14707
8.28133
8.93606
8.27121
8.27121
9.52843
9.52843
8.11365
8.07312
18.7452
8.15554
8.10642
10.3471
8.55147
8.55147
8.33017
8.30632
8.30632
9.30387
9.02512
8.14541
8.00338
8.00338
8.11925
8.07004
8.69021
10.2605
9.173
9.173
8.55958
8.11519
8.73826
8.73826
8.58252
8.60945
8.40841
8.25078
29.1418
8.07506
10.2669
10.2669
9.87473
8.5626
8.5626
8.10988
8.10988
8.01362
8.41896
8.41896
8.31573
9.24356
9.37803
9.37803
8.31316
8.17946
15.8566
9.47872
8.13898
8.13898
8.37834
9.99445
9.84102
8.10545
8.10545
8.01792
8.97629
8.89706
8.90743
8.90743
8.07274
8.14133
8.39134
8.03267
8.44908
9.19519
8.0323
8.36971
8.36971
8.02107
8.19901
8.77792
8.50338
8.30307
8.58704
8.6931
8.6931
8.01375
8.75703
8.09837
9.21303
18.5997
9.43514
9.43514
8.08249
9.27689
8.29428
28.0685
8.01199
9.70648
14.7998
8.56884
8.00485
8.47419
8.21914
8.21914
12.0787
11.8506
8.16168
8.29833
8.03328
8.03328
8.00407
8.46073
8.11129
8.08188
8.00651
8.70174
13.231
8.06126
8.6598
8.6598
8.67371
8.69222
8.16835
8.26788
8.55597
8.46999
8.18725
9.51028
8.32094
8.29562
8.85386
8.13884
8.13884
9.02809
9.02809
8.14673
8.6893
22.9063
8.12341
8.48785
8.77843
8.11278
8.11278
8.34439
8.64917
8.64917
9.31012
8.47088
8.1607
8.02873
8.02873
8.33497
8.73981
8.0073
8.17062
8.57071
8.57071
8.21169
8.56662
8.24404
8.24404
8.17987
8.08398
8.12314
8.16028
24.5889
9.12502
8.41789
8.41789
8.08778
8.39543
8.39543
8.3496
8.3496
8.13531
8.54485
8.54485
9.33025
15.8263
14.2434
14.2434
17.5333
8.09965
26.8849
20.872
17.8581
17.8581
9.1797
8.29323
8.18631
8.54561
8.54561
8.24499
8.02105
8.07047
32
8.17019
10.1222
10.1222
11.4001
9.91729
9.80754
8.01591
10.9618
11.2825
18.2129
21.506
8.0714
9.54672
8.00416
8.00416
8.23145
9.03881
8.41577
8.41577
18.98
11.3953
11.5571
21.5987
8.05444
11.7671
9.9465
20.0693
8.16565
8.16565
17.6282
15.3215
8.22841
9.82156
21.5074
21.5074
18.2913
21.7484
8.25463
17.8232
20.2448
19.1847
19.1938
8.19388
16.4968
16.4968
18.1198
8.80908
8.25476
8.25668
8.35299
8.11581
8.47758
8.65157
8.28291
10.6872
22.7094
18.4765
18.4765
11.2526
11.2526
9.86198
8.04756
29.88
20.2806
17.7606
18.223
10.7391
10.7391
24.8782
8.04505
8.04505
8.5081
8.18284
8.77529
8.22315
8.22315
8.25483
8.07953
8.06273
12.0987
13.1592
13.1592
14.471
8.15742
8.06407
8.06407
9.02133
8.03904
8.56604
27.5663
27.5663
8.80067
8.51447
8.77424
9.02428
23.8824
9.39245
9.39245
8.5945
8.05261
8.06252
9.16985
8.31665
8.05243
8.83261
8.3957
8.67769
8.8108
8.37544
8.37544
8.50085
8.6925
24.677
8.0675
15.0157
15.0157
15.5377
8.29605
8.31606
8.23
8.64107
8.64107
9.11037
8.33123
8.00138
8.66232
8.03236
8.03236
8.51033
8.08333
8.00102
8.00102
8.02959
8.3891
8.3891
8.16852
8.36257
8.24157
8.25954
9.0431
8.38521
8.062
8.843
8.0431
8.46694
8.46694
8.47772
8.77403
9.074
8.1517
8.26649
8.91808
9.86394
9.86394
8.71268
8.05678
8.81856
8.02311
8.27066
9.75109
23.5056
8.00894
8.20879
9.76
8.59191
8.59191
8.11248
10.1427
8.41679
8.40613
8.48326
8.47962
8.47962
8.02772
8.05289
8.85297
8.85297
10.3645
11.072
10.6261
8.29736
8.17514
8.31199
8.31199
8.4743
8.20157
8.5199
8.2438
8.2438
8.19419
8.04664
12.0085
12.1292
29.2741
8.13587
8.39069
8.39069
8.1885
8.65073
8.65073
8.11711
8.55993
8.82396
8.82396
8.35221
14.9265
14.9265
23.8186
8.44748
8.09203
8.21511
8.19835
8.11722
8.12822
8.18327
8.13225
8.13225
8.46241
8.71647
8.55032
8.74458
8.18582
8.99809
8.21362
8.61806
8.33072
8.44085
8.49131
8.49131
9.143
8.37598
8.27182
8.27182
9.47492
8.07873
8.05592
8.31474
8.24964
8.17437
8.29243
8.02424
8.29262
8.29262
8.36956
8.5627
8.1068
8.63187
8.16314
8.16314
8.61223
8.03876
8.14306
8.64543
8.10097
8.045
8.27808
8.0284
15.4534
15.4534
19.0667
14.5872
14.0359
8.08297
8.13323
8.03685
8.4406
9.09318
31.4579
8.59167
8.2066
23.3197
8.64388
8.79505
8.79505
9.44315
14.9649
14.9649
9.54918
9.54918
8.01749
8.08619
8.08619
11.994
11.8616
10.9653
10.9653
8.23268
8.03571
15.3494
12.4121
11.8098
11.8098
14.9318
19.3042
10.4053
8.08911
8.08911
19.3973
9.48168
9.33833
11.1747
11.1747
12.7966
8.57056
10.6141
8.37252
9.10326
20.1143
8.43139
14.7017
14.7017
8.26951
12.1567
13.5372
11.3381
20.4275
25.6621
16.2479
16.2479
19.4845
15.7637
8.25265
19.0321
25.2847
14.9544
14.9544
11.492
8.37341
8.15218
13.2797
18.8911
9.88145
16.418
8.04157
11.3152
11.3684
8.83341
8.83341
9.14356
8.3918
29.86
16.1622
11.0755
11.0755
12.5122
13.8464
8.40777
14.2553
8.35042
8.35042
8.70129
11.3905
8.4335
12.9384
17.1977
17.1977
8.33711
14.9248
8.31919
8.31919
9.88973
11.8897
11.8897
15.1579
19.6894
23.6647
8.79655
8.34694
18.7127
18.7127
14.7254
8.25955
13.0524
15.8806
20.457
15.0016
28.6394
18.9863
8.2472
11.1391
8.32539
8.32539
13.0344
10.9919
10.0802
13.5014
19.7837
11.2562
11.2562
8.6273
21.7031
17.0237
17.0237
15.7562
12.9939
18.1123
8.49925
8.13008
8.13008
12.6166
12.1669
8.4257
8.4257
13.1327
8.37401
8.37401
14.3309
9.88929
13.427
11.4467
11.4467
10.754
8.49874
9.06139
9.06139
11.9655
9.14646
8.51279
8.24218
12.5719
11.9102
8.70567
8.06146
8.01055
8.32889
8.32889
8.78768
8.49088
8.49088
8.12715
8.3203
8.3203
12.4654
9.65639
8.40733
8.59142
8.37701
8.63711
11.4583
11.4583
16.4209
8.13622
8.38712
12.1155
8.03943
8.03943
9.14584
8.53771
8.07649
8.28792
9.56355
9.56355
8.86346
8.32229
8.37174
10.8909
10.8909
28.1767
8.30241
8.0038
8.12783
8.61044
8.61044
8.02884
8.47384
9.61629
9.61629
8.7423
8.0371
8.0371
8.17151
8.13203
8.27972
8.39598
8.39598
8.56999
8.78863
8.1507
8.1507
8.09528
9.1482
8.05909
8.17055
8.18243
8.826
9.23531
8.7092
8.54724
8.52614
8.52614
8.06314
9.16154
9.16154
9.49966
8.28495
8.28495
8.21449
8.22917
8.04952
8.02808
8.01964
15.2914
17.5822
17.5822
15.7056
14.0059
8.01509
8.71926
8.11685
8.11685
8.05884
8.24061
8.11571
8.10354
8.31661
8.31661
8.08871
8.55995
8.10581
8.39654
8.39654
8.13552
10.4009
10.4137
8.46825
8.21891
8.21891
8.15885
9.30864
9.30864
9.18394
8.22273
8.26419
8.2518
10.192
10.192
8.79771
8.46839
8.46839
8.28364
9.06809
8.13465
8.13465
8.52084
8.96471
8.49401
8.10135
8.10135
8.00133
9.67676
18.3087
8.18319
9.64625
8.07618
8.09386
8.09386
8.03832
9.58704
9.58704
8.39874
8.09552
8.09552
9.38177
8.10385
8.87243
8.28467
8.13087
8.34037
8.43148
8.43148
8.92472
8.29942
8.0807
8.25942
8.22263
8.22263
8.54065
8.0793
8.13231
8.81319
8.27224
8.27224
9.03606
8.22121
8.13734
9.60795
9.60795
8.77431
8.3341
9.253
8.04393
8.07831
8.07831
9.21067
8.95512
8.95512
10.7539
8.14663
8.03479
9.47792
8.39021
8.39021
10.3705
9.83435
9.83435
8.03702
8.09275
8.81826
8.81826
8.33209
8.00792
8.34651
8.87215
8.87215
8.11617
8.0619
9.31643
8.0802
23.061
8.07489
9.09148
9.09148
8.26126
9.4176
9.4176
8.06293
8.07978
8.03173
8.03173
8.10706
10.1508
10.1508
10.0345
8.22701
9.4757
8.05792
8.25358
8.1078
8.21029
8.04616
8.01763
8.01763
9.48239
31.5413
8.01399
19.3013
15.5868
8.70662
17.7851
8.58799
17.5209
19.5652
20.4334
20.4334
23.3065
23.3065
14.8848
8.29721
27.5892
17.9419
13.0255
11.1636
22.0766
22.0766
18.4024
8.17544
8.17544
26.2953
26.5597
24.1289
18.6984
18.6984
14.2933
8.16412
11.0367
8.08748
16.2237
16.2237
9.97362
8.40095
13.1592
13.1592
10.0175
8.29394
8.36439
8.4895
27.6378
12.2997
10.4319
10.4319
18.4153
18.9542
18.9542
15.621
15.621
13.694
8.10845
8.10845
12.9693
13.9993
16.8541
16.8541
8.0552
8.00171
31.9804
19.0599
8.40626
8.40626
8.26042
15.6615
12.9828
8.0707
8.0707
9.46098
10.9389
10.1373
11.1702
11.1702
8.57348
11.5173
10.0964
10.7416
16.4299
21.596
8.0641
13.6173
13.6173
8.43495
8.01395
8.73562
9.50096
8.30202
20.0372
11.4147
11.4147
13.2425
21.4987
8.38142
10.0365
29.5844
20.3761
20.3761
8.09596
17.7282
9.86724
29.2895
13.5263
8.45874
8.45874
14.6628
11.6436
13.3066
8.39288
8.39288
10.2122
8.02259
8.48241
10.3803
10.3803
9.16827
8.20045
18.2835
17.2432
16.761
13.5464
8.09259
15.1854
15.1854
16.4911
8.01699
8.34512
10.4911
8.44358
8.26961
17.2551
17.2551
13.1628
19.196
8.60159
13.6323
28.6639
15.4043
15.4043
10.5075
10.5176
8.38805
10.9216
16.4899
20.3282
21.9901
8.10346
8.38495
8.26045
10.2456
10.2456
21.1879
8.04409
26.7933
17.6132
14.9211
14.9211
19.7798
23.5276
8.19976
19.7893
8.26598
8.26598
17.6482
17.7502
8.11003
21.6079
19.5765
19.5765
20.7284
10.0729
8.24379
8.24379
20.4066
20.3807
20.3807
19.3038
14.5993
9.30995
16.2728
18.0098
10.3291
8.3713
8.51106
8.28995
8.09676
8.09676
8.02167
8.08547
14.6024
8.49741
11.4702
11.4702
14.6376
17.7367
17.7367
8.77247
13.617
17.6996
12.3405
14.5497
14.5497
20.8669
14.9663
14.9663
8.49174
8.96975
12.2562
12.2562
17.4218
8.00361
8.00075
15.5424
15.5424
18.0312
11.6371
8.50089
9.3422
29.98
8.22425
10.2437
10.2437
17.082
20.0186
20.0186
8.97847
8.33958
22.2001
22.2001
8.78445
8.05648
8.05648
9.66672
8.02209
21.2179
14.7998
8.84111
18.47
13.7322
8.11462
8.39896
8.39896
11.8364
8.84313
17.8001
8.05636
8.38333
16.4471
11.6166
21.3574
8.16756
12.3078
17.2653
17.2653
17.7915
20.1066
8.04228
8.04228
15.8982
11.7868
15.3139
19.7129
11.3483
8.34712
13.8157
21.5096
8.50531
8.50531
8.14581
8.08678
8.15741
18.0645
19.0817
19.0817
9.45248
21.6167
8.30127
9.64309
8.44446
20.7371
17.9406
31.8634
8.2353
8.64236
13.1557
13.1557
15.0016
8.55149
8.55149
8.32207
8.08678
8.08678
8.13565
8.54861
8.2458
15.1216
8.0428
8.13229
12.7215
12.7215
15.4273
20.5625
8.21128
8.93476
8.08104
8.08104
8.1475
8.73067
8.09306
8.1836
9.18428
9.18428
8.09822
8.7145
8.54258
8.56928
8.56928
9.20985
8.39665
8.08243
8.44035
8.37658
8.37658
8.73171
8.75012
8.75012
8.01379
8.49732
8.3659
8.28965
8.26117
8.26117
14.2915
15.497
15.497
8.41721
8.133
8.37517
8.37517
8.08476
9.01037
8.52779
8.27783
8.27783
8.46468
8.98329
8.37116
8.52009
25.5932
8.44068
8.77183
8.77183
8.02904
8.6691
8.6691
8.10852
8.22957
8.3595
8.3595
8.86544
9.08305
9.08305
8.102
8.32906
9.71086
9.30338
8.13819
8.21119
9.44543
8.16271
8.18649
8.18649
8.18047
9.64394
21.0283
21.0283
8.76062
8.45682
8.26083
8.64696
8.1297
8.03092
8.30627
8.43757
8.43757
8.07438
8.86338
8.28173
8.52427
8.12621
9.053
8.45777
8.45777
8.06182
8.19319
8.03859
8.19917
19.5711
8.34655
8.34655
8.11187
8.11275
8.60898
8.24901
8.53428
8.39428
8.01389
8.24731
8.24045
8.2494
8.19012
8.19012
8.22506
8.34807
24.2109
10.1212
8.09618
8.09618
9.53031
8.52837
8.02144
8.28605
8.01534
8.01534
8.05496
9.72671
8.13476
8.61972
8.59324
8.59324
8.10494
10.1965
8.02929
8.02929
8.14668
9.68779
9.68779
9.203
8.30608
8.05166
8.34194
8.48485
8.69559
8.00323
8.89442
8.32651
8.10345
8.10345
8.39632
8.55323
8.18323
8.78813
8.30975
8.55633
8.87451
8.87451
8.38216
8.22079
8.15905
8.88048
10.5015
8.26969
25.339
8.03944
8.27616
8.23037
8.6894
8.65656
8.20916
9.07961
8.75186
8.75186
8.30974
8.29564
8.82088
8.07243
8.04184
10.3248
8.36149
8.36149
8.46885
8.39321
8.07484
8.16321
18.4037
9.08945
9.08945
8.79467
8.31118
8.13279
8.27179
8.95809
9.54176
8.86759
8.31436
8.17903
8.10819
8.03624
8.03624
9.89894
8.01368
22.941
8.2496
9.50187
9.50187
8.22656
8.44186
8.32293
8.94542
9.04523
9.04523
8.87697
9.55589
8.29498
8.14126
8.42789
8.42789
8.16544
8.62772
8.21141
8.21141
8.68041
8.39173
8.39173
9.04909
8.23522
9.71416
8.21108
8.25455
8.88582
8.05855
9.32658
8.15587
8.34401
8.34401
8.58499
15.4712
8.1403
8.27256
8.48065
8.68011
8.48523
8.48523
8.04464
8.36063
8.67906
8.68909
8.31806
8.14662
24.3162
8.69013
8.07528
28.1643
8.46484
8.00044
8.00044
8.11223
8.17499
8.17499
8.19762
8.75906
8.68909
8.22806
8.22806
10.1663
8.12408
14.6554
14.7735
10.7422
10.7422
8.03732
8.12017
16.5302
16.5302
16.0769
18.6385
8.45376
8.18648
31.1607
11.7166
11.9719
11.9719
8.41009
14.9752
14.9752
12.4712
12.4712
9.68597
8.08406
8.08406
22.1866
25.4555
25.1372
25.1372
21.0666
8.21998
27.3351
18.331
13.6126
13.6126
8.49323
8.40681
8.92777
8.15708
8.15708
15.5927
15.1232
24.0435
16.337
16.337
8.66342
8.01741
12.3573
9.08414
16.8284
14.7785
8.0113
8.04842
8.04842
14.1733
8.39443
8.88778
8.75002
8.74231
8.29799
9.88399
9.88399
9.38924
9.0142
8.12269
8.04504
28.6184
18.9024
18.9024
8.89145
8.86412
8.5638
8.00601
12.5332
13.4987
8.24836
8.38528
8.61125
10.9833
15.0914
15.0914
13.6367
8.27822
25.1116
16.9179
11.647
11.647
11.154
8.87497
8.87497
8.27551
8.37699
9.25629
8.06689
8.06689
8.395
8.04132
8.25085
8.25085
8.12758
8.13594
8.76921
8.39004
8.2007
8.25873
9.0438
8.80017
8.11188
8.48071
8.48071
8.836
8.384
8.384
8.22956
8.56724
8.56724
8.48614
8.13314
8.40223
8.23923
8.25875
8.53543
8.21097
8.21097
8.06952
8.19808
8.08561
15.6634
19.2309
19.2309
15.7656
14.0421
8.02796
8.59926
8.44631
8.44631
8.87566
8.07295
8.23571
8.22354
8.22354
8.02499
8.21916
8.13182
8.22735
8.30974
8.30974
8.50028
8.30134
8.30134
8.38243
8.1264
8.57429
8.18354
8.18885
8.18885
8.41321
9.22732
9.22732
8.10584
8.00848
10.3225
10.3225
8.20771
8.70686
8.63634
8.32024
8.32024
8.76471
8.16176
9.06759
8.18471
25.5406
8.2846
10.6737
10.6737
8.2068
9.91894
9.91894
8.62111
21.171
9.04788
8.50922
8.03883
23.5748
8.09494
8.48726
8.48726
8.65598
8.00925
8.00925
9.10806
8.50211
8.02767
8.02767
8.29474
8.23676
8.23676
8.08116
9.33831
8.48188
8.73435
8.45353
8.07224
8.47296
8.00215
9.55966
9.55966
8.54676
8.52789
8.30111
8.03468
8.02808
8.23787
11.1765
15.9106
8.178
13.9676
21.431
21.431
18.279
9.1297
8.0024
8.0024
8.74318
9.15075
9.51952
8.2346
9.01361
8.63165
8.01697
8.42386
9.13483
9.13483
8.81186
8.00601
8.11744
8.50365
8.45825
8.45825
8.01741
8.963
8.14119
8.18078
8.02162
8.33861
8.16321
8.18354
8.51839
8.51839
8.1817
8.17809
8.15308
8.12215
8.99471
9.49435
8.27532
8.72883
8.03843
8.82047
9.03816
8.91348
8.91348
8.90507
8.90507
8.04687
8.69608
17.4083
8.26925
29.2217
31.9957
13.8932
10.7046
10.7046
10.6327
9.54973
9.54973
10.1631
10.1631
19.3546
8.00044
8.00044
11.7165
12.3687
9.34535
9.34535
14.1068
8.32418
31.3319
9.60963
16.0143
16.0143
9.30815
11.1512
8.07641
8.5653
8.5653
8.41498
9.40654
17.4664
20.854
20.854
10.0038
8.0724
11.2335
8.57748
12.9034
8.54879
8.56687
13.0157
13.0157
14.8016
8.37323
8.41035
9.30429
8.55253
8.64703
8.0162
8.0162
8.5858
15.3916
8.01041
8.00245
28.5471
14.3682
14.3682
15.5173
19.1924
8.53075
8.06417
8.07104
8.4575
8.46067
8.50789
8.03075
9.16428
8.75652
8.75652
8.02285
8.04106
24.2089
15.758
11.9908
11.9908
8.17665
8.14127
8.43524
8.48658
8.82171
8.82171
8.60012
8.50544
8.78393
8.14965
8.0525
8.0525
11.8689
15.427
8.33333
8.33333
8.233
8.16121
8.16121
8.11794
8.93037
8.56766
8.57783
15.7669
8.05773
8.05773
9.3157
8.30697
8.27444
8.17964
8.51943
8.51943
10.3291
8.13064
8.05989
8.84789
9.244
8.03445
8.23632
8.69772
8.52036
8.52036
9.14602
8.45177
8.68662
8.21408
8.59703
9.90982
8.1258
8.97244
8.1049
8.19557
8.32664
8.10779
8.10779
8.86503
8.86503
10.6631
8.01862
19.7121
8.20828
8.19884
8.98747
8.40889
8.40889
8.04416
8.00011
8.00011
8.472
9.28155
8.913
8.09892
8.09892
8.81224
8.40034
8.49136
8.39447
8.62277
8.62277
8.55895
8.36053
8.02379
8.02379
8.13301
8.1836
13.0331
8.30825
25.2515
8.03104
16.6693
16.6693
9.00337
8.3514
8.3514
9.3657
9.3657
18.8928
8.03967
8.03967
8.81935
8.05117
10.1225
10.1225
19.4373
8.05903
24.7497
12.6882
14.3418
14.3418
8.24356
9.14832
10.7341
8.04828
8.04828
9.26518
8.81275
12.0057
14.8917
14.8917
8.17691
8.62153
8.63156
9.64577
21.7508
15.687
8.58632
8.21186
9.19792
8.0309
8.0921
8.88844
8.88844
8.38874
9.57338
8.18162
8.41633
9.09243
9.09243
9.51315
8.12866
8.06001
8.28148
8.08675
8.08675
8.23942
9.07492
8.04538
8.25281
8.25281
8.77065
8.08484
8.68754
8.00852
8.37323
8.37323
8.04161
8.9083
8.9083
8.29583
8.03782
8.35185
8.12571
8.1041
8.1041
9.133
8.58147
8.58147
8.74148
8.13779
8.96512
8.96512
10.0639
8.09338
8.0312
8.0231
8.0231
8.45419
9.08048
9.96435
8.33469
27.5529
8.04076
8.21771
8.21771
8.81252
8.23792
8.23792
8.45651
8.62694
8.04583
8.04583
10.0647
10.0544
10.0544
8.04328
8.67044
8.14985
9.42356
8.30521
8.12235
8.19533
8.18816
8.29834
8.29834
9.78445
10.3762
10.453
8.347
8.02358
8.96678
8.25029
8.36943
8.35503
9.61239
29.7478
9.14777
11.8363
8.05457
16.9418
24.2494
16.457
16.457
14.7409
8.02889
8.07297
15.1932
12.4534
9.67711
27.8649
13.9617
8.13241
10.3233
9.60126
9.60126
9.28819
13.3105
8.73826
8.55671
11.2189
10.9072
10.9072
8.979
8.44809
8.52241
8.52241
13.6675
8.03604
10.1739
9.367
8.36754
8.36754
12.4932
15.1458
8.04875
8.04875
9.11829
8.41781
8.41781
10.5299
14.4814
15.241
11.9255
11.9255
8.24243
8.26595
11.287
11.287
9.65134
8.27248
8.45081
8.153
9.29576
8.5903
8.39995
10.3956
8.15483
14.3138
14.3138
8.35012
13.3902
13.3902
16.2415
8.16149
8.16149
8.01015
8.18512
8.64332
10.057
8.29359
8.95831
8.06752
8.06752
8.39719
8.16176
8.47678
8.6265
8.49789
8.49789
8.97513
8.68269
8.0258
9.80769
9.00219
9.00219
9.19018
8.27337
8.27337
8.00322
9.80654
8.07929
8.5839
8.5839
8.54056
8.18716
8.15804
8.15804
8.0633
9.86245
8.57286
8.07365
8.16207
8.51915
8.57554
9.39672
8.2611
8.77757
8.77757
8.33616
8.19517
8.19517
8.76578
8.91806
8.91806
8.66451
8.26216
8.56189
8.46987
8.16195
9.17704
9.28471
9.28471
9.41752
8.73331
8.03897
8.34916
8.21143
8.21143
8.75592
8.23244
8.06391
8.02264
9.95025
9.95025
8.19352
8.29917
8.27626
8.62391
8.62391
8.09475
8.60891
8.46907
8.32225
12.0773
12.0773
8.78913
8.12357
8.12357
8.43468
8.84438
17.3434
14.7882
8.69463
8.69463
16.3443
18.347
18.347
8.40759
18.9476
8.90494
8.90494
9.47833
8.20023
8.06917
8.42746
8.42746
14.0314
19.1605
22.4721
9.9677
28.9705
8.21456
8.03881
8.03881
8.09981
9.95297
9.95297
19.0412
8.13958
8.34389
8.853
8.11176
8.19464
23.6231
8.10172
8.01142
9.82782
8.07807
8.07807
8.23216
9.07673
8.27674
8.14249
8.33347
8.09589
8.09589
9.25498
8.13591
8.09966
8.09966
8.1753
9.27092
8.1121
8.04375
8.00828
8.00828
8.15269
8.28907
8.8739
8.8739
10.1475
8.11864
8.11864
8.31608
8.43656
9.43286
8.63044
8.63044
8.56793
8.14815
8.89442
8.89442
9.35389
9.38857
8.60872
8.23116
8.16323
8.93069
8.45899
9.50312
8.50798
8.20216
8.20216
8.19753
8.02397
8.02397
8.26793
8.42861
8.42861
8.08588
8.13711
8.19559
8.04623
8.06006
8.07283
9.13994
9.13994
8.28801
8.0411
8.45962
9.86025
8.51614
8.51614
8.14917
9.74041
8.41392
8.67102
8.334
8.334
8.21556
13.1044
8.2797
8.03249
8.03249
8.28724
8.32468
8.23535
8.21441
12.453
8.02336
9.53905
8.49677
8.14476
8.14476
10.1545
8.47511
8.47511
8.04598
8.04913
8.04913
8.0824
8.6244
10.4077
9.21473
8.18758
8.4539
8.09394
8.09394
10.8892
8.07209
8.34573
9.7588
8.41981
8.41981
9.33394
8.61527
8.05904
9.25719
9.49507
9.49507
9.45661
9.7331
8.107
8.07436
8.07436
9.78969
9.3627
8.9281
8.13104
9.7072
9.7072
8.38792
8.90917
8.90917
9.8843
8.06727
8.15148
9.44013
8.11835
8.11835
8.01784
10.6241
10.6241
8.28027
8.13056
8.31701
8.31701
8.07262
8.20166
8.23404
8.35976
8.35976
10.2778
9.09643
8.97083
8.00654
24.0554
9.35402
8.62919
8.62919
8.18837
9.09419
9.09419
8.22656
8.26608
8.04334
8.04334
8.38828
9.37149
9.37149
8.07482
8.07629
8.41802
8.02851
8.42149
8.37163
10.6546
8.07936
10.3127
10.3127
8.32985
9.01282
8.40395
8.40395
8.13788
8.60596
8.47306
8.08024
8.0618
8.19559
8.14776
8.19792
8.21745
8.47367
8.47367
8.31539
8.44736
8.44736
8.35559
8.67817
8.67817
8.0797
8.02658
8.55696
8.38587
8.15485
8.15172
8.11085
8.11085
8.05438
8.40587
8.10988
8.45163
9.053
9.053
8.4275
8.04074
9.09805
8.54187
8.124
8.124
8.21873
8.23187
8.25815
8.46019
8.46019
8.28901
8.61428
8.42428
8.2202
9.52464
9.52464
8.09436
8.1894
8.1894
8.08416
8.22213
8.38271
9.193
8.22674
8.22674
8.02618
8.40843
8.40843
8.06559
10.0646
9.23761
9.23761
8.40119
8.25087
8.06783
9.77575
9.77575
9.38375
8.24046
9.54629
10.1972
23.061
8.26255
8.02783
8.02783
8.12668
9.96779
9.96779
9.143
8.1633
8.70044
8.70044
8.1023
8.06665
8.06665
8.04323
8.39618
30.4629
8.02458
8.43858
8.54632
8.09167
8.61988
8.07805
9.40359
9.40359
9.08178
8.75712
8.94831
8.4229
8.73354
8.3971
8.83664
8.59894
8.25437
10.3072
14.5228
8.95107
8.95107
10.0077
10.0077
9.03565
8.03333
25.4381
9.4354
8.9227
8.10988
8.07736
8.07736
8.16773
8.21359
8.21359
8.40206
15.9853
8.26357
9.62723
9.62723
10.0978
8.07891
16.9529
18.1146
8.02537
8.02537
8.02227
8.15078
8.54024
8.54024
8.20492
8.51655
15.2562
8.27088
26.9406
8.14776
8.26337
8.26337
17.2698
9.56265
9.56265
8.44392
8.44392
11.4714
8.05062
8.05062
9.13426
8.15424
8.16128
8.16128
8.20566
8.11103
24.6763
8.50867
8.2682
8.2682
8.16464
8.64369
8.44513
8.11158
8.11158
9.06691
8.4811
8.20318
8.15952
8.15952
9.00293
8.46047
8.10396
8.32939
8.57147
8.00895
8.14262
8.66375
8.66375
8.12654
8.34664
8.45489
12.6379
8.10681
8.25392
8.26529
23.7804
8.17082
8.20737
8.28101
10.1478
10.1478
10.4064
9.85609
8.27853
8.47493
8.01883
8.37599
8.37599
8.15636
9.33129
8.19489
8.19489
8.3995
8.05094
8.35828
8.19718
8.02266
8.02266
8.06551
8.51802
8.04851
8.04851
9.33058
8.16446
8.16446
8.29887
8.35956
9.3675
8.39985
8.39985
8.24737
8.6257
8.38231
8.38231
9.38118
8.37048
8.31012
8.21761
8.08824
9.31921
8.30002
8.29528
8.01088
10.5772
10.5772
10.8126
8.29013
8.29013
8.05059
8.18771
8.18771
8.14372
9.65526
17.5725
9.77525
8.37905
9.93775
17.3953
17.3953
17.9185
16.2251
8.22056
8.43955
11.6588
11.6588
11.1532
8.8244
8.00038
9.79565
8.53247
8.53247
9.37409
10.735
8.10128
8.49843
8.49843
10.6402
16.9443
9.42918
8.22861
27.1287
27.1287
23.7146
19.1149
15.2508
8.51248
8.17565
14.5205
17.0941
8.19147
19.4436
19.4436
8.27376
11.4528
8.38539
8.2183
15.0675
16.6563
20.0537
20.0537
14.0231
8.20434
25.7535
20.6766
17.5525
13.3565
28.8062
18.9361
8.48196
8.10949
8.78777
8.78777
12.7666
10.8469
8.40744
14.9953
24.3216
16.167
16.167
13.1593
8.19261
8.11545
8.11545
15.2547
12.2734
10.1742
10.8655
8.11735
8.11735
8.83332
10.6078
14.6305
14.6305
9.09477
8.58737
8.58737
9.10216
8.3442
8.12269
8.60296
8.60296
8.59973
8.11807
8.13604
8.13604
8.50412
10.167
8.21622
8.00666
8.63687
8.03159
8.12403
10.2448
8.44807
15.1214
15.1214
13.5767
8.99551
8.99551
8.90964
8.39123
8.39123
11.294
8.44765
8.0563
9.15355
8.35924
8.05978
8.08479
8.08479
10.0744
8.22887
32
18.4108
17.3104
8.7292
9.09692
9.09692
8.35938
8.18914
8.6268
8.19692
8.29508
8.27855
8.38795
8.61921
8.4201
8.97426
8.32253
8.32253
9.31002
8.48359
8.09478
8.09478
8.01895
9.12007
9.43029
8.17832
8.03235
8.05846
8.17874
8.05576
8.78177
8.78177
8.06511
8.24727
8.23362
8.3703
8.51465
8.51465
8.54205
8.19889
8.22001
9.13409
8.30483
8.27942
8.18281
8.60057
8.84198
8.84198
8.3728
8.32135
8.06224
8.45522
8.66401
8.14258
8.48795
9.87891
8.04245
8.43017
8.21123
8.31831
8.31831
8.5648
8.5648
8.04354
8.26815
17.3617
8.09139
10.5096
8.62792
8.34419
8.34419
8.36395
8.02248
8.02248
8.0666
8.28069
8.58224
8.22159
8.22159
8.3762
8.11652
11.0469
8.38664
9.29951
9.29951
8.07154
8.4569
8.8876
8.8876
9.79814
8.04872
25.6699
11.5774
9.61504
8.68343
8.933
8.3164
8.20875
8.77777
8.36134
8.37277
8.37277
8.82505
8.43709
14.9418
8.00785
10.8987
14.3547
13.5339
13.5339
13.7928
8.49873
8.6014
10.3757
14.8518
19.5607
29.69
9.02976
8.03587
11.2625
19.9352
19.9352
13.5758
8.02833
10.6822
8.61849
12.3924
12.3056
12.3056
9.77677
8.01236
8.47057
8.47057
10.4608
12.5256
8.55951
12.1567
8.0506
8.0506
21.7605
25.8721
16.5879
16.5879
18.3031
8.54112
8.54112
18.9672
19.1387
9.83783
12.559
12.559
8.49112
8.28145
12.0872
12.0872
8.3633
14.9575
8.0726
8.27979
8.57576
13.8368
11.3078
8.11381
8.54438
13.9198
13.9198
12.0209
8.29761
8.29761
12.4722
8.14787
8.14787
8.37222
13.0019
8.15379
8.01176
8.00989
12.7029
13.0998
13.0998
15.3869
8.62104
25.3551
28.1133
19.062
17.1532
17.1532
12.1785
15.7253
8.2397
15.5968
8.29048
8.29048
16.3526
13.8149
8.54598
19.7652
20.3634
20.3634
22.0065
14.8222
8.10763
8.10763
13.3655
13.0751
13.0751
21.6378
17.5446
9.43853
27.9106
26.1897
24.2397
18.1646
17.4542
8.66016
8.5636
8.5636
14.6128
13.2298
14.5933
8.00396
11.7107
8.07732
8.48241
8.48241
11.0085
8.13514
18.5735
17.1732
16.701
11.9764
29.69
10.6362
8.54182
15.1254
17.9641
17.9641
8.51388
8.74512
10.871
8.42045
8.24042
17.2951
17.2951
12.9228
18.1234
8.53008
8.53008
11.4279
9.62729
10.7275
9.05759
8.22818
8.22818
10.8216
18.3529
21.746
21.746
19.0949
8.14243
8.14243
8.41495
8.22648
10.0956
21.9348
21.9348
11.2071
8.14452
11.3347
11.3347
11.4171
19.3198
19.6299
8.33175
32
16.0834
19.4372
19.5486
19.5486
8.35464
8.03021
8.07048
8.37002
16.469
8.1648
8.1648
8.93261
8.63617
8.35951
8.35951
8.50523
8.1808
8.02446
8.08262
12.7215
12.7215
12.1537
13.3313
8.45989
8.45989
14.3153
8.56514
8.56514
8.28055
8.37392
8.04484
8.49785
8.49785
8.30461
9.44376
8.05281
8.05281
16.4341
12.6336
8.10067
8.03469
8.2382
21.6593
8.29071
8.12839
8.03862
8.23366
8.23366
8.29939
8.23372
8.23372
8.16527
8.01303
8.01303
8.81981
8.16388
8.20984
8.22223
8.11134
8.5375
8.22219
8.22219
8.10698
8.12873
8.05209
8.0544
8.05883
8.05883
8.7894
8.3045
8.06024
8.2118
8.18905
8.18905
8.0908
8.07142
8.04504
9.12059
9.12059
8.38539
9.73309
8.30398
8.6713
8.22954
8.22954
8.25083
8.49493
8.49493
8.3797
8.18455
13.0725
8.19864
9.94779
8.23804
25.5418
8.45899
8.31078
8.31078
8.04263
8.52485
8.52485
8.21924
8.21924
8.12539
8.26816
8.26816
8.30122
8.13557
8.0161
8.0161
8.19843
9.01649
18.5802
8.05315
8.14578
8.14578
9.23545
8.41975
8.74421
8.57724
8.57724
8.22008
8.26223
9.05529
9.16048
9.16048
8.33169
8.35291
8.03389
9.06858
8.55923
9.85478
8.11916
8.07216
8.07216
8.30512
9.47299
9.79817
8.25719
8.11899
8.17344
9.56041
9.56041
8.68045
8.17346
8.47537
8.35556
23.9952
18.2047
18.2047
14.2659
8.70683
8.66289
8.30468
8.02535
8.75642
11.4377
8.41726
17.0138
20.0801
12.9605
12.9605
19.8487
8.3224
24.4394
8.32004
8.59613
8.59613
8.19122
8.32661
8.453
10.8077
14.9309
14.9309
12.3783
8.12642
8.12554
19.2119
17.1807
17.1807
20.7937
21.7825
18.4574
18.4574
23.3651
16.6723
16.6723
14.9625
30.9901
14.692
14.692
15.3418
27.1877
8.41651
9.47856
8.27924
13.4767
13.4767
8.33816
8.19087
8.06181
8.06181
8.06117
8.27852
12.4763
8.5298
8.27242
8.27242
20.8153
18.1759
8.33773
8.33773
13.3917
8.06444
8.06444
18.7408
18.0208
16.0013
21.0645
21.0645
25.4569
8.04793
8.98262
8.98262
13.0179
12.3282
9.09223
8.34245
23.5155
15.5134
8.34153
8.00249
8.12716
21.8321
21.8321
22.6672
8.93516
8.93516
8.12203
8.31097
8.31097
8.48087
15.3374
18.3786
13.2305
8.06689
18.6604
20.9072
20.9072
14.3464
14.6432
8.04668
8.54019
8.22369
8.22369
17.4713
8.3834
27.0701
21.0226
25.6172
25.6172
19.1379
18.4635
8.31708
8.17348
8.17348
8.20831
16.609
9.3289
8.56707
12.4323
12.4323
8.10653
8.02106
8.02106
8.05776
18.1391
19.2778
24.011
24.2031
24.2031
28.7805
8.02728
8.53667
22.9194
17.3065
11.0294
8.02696
21.3992
21.3992
17.9206
15.923
15.923
14.5193
8.13639
8.13639
8.29176
9.0743
8.16404
8.39173
8.07094
8.42514
12.1685
12.1685
12.5606
16.2685
8.06043
8.12407
8.55073
8.55073
8.08408
8.7328
8.65255
8.56174
16.8365
16.8365
23.6186
16.1017
8.54262
8.13511
8.13511
8.07805
8.83128
8.29822
8.20161
8.08225
8.08225
9.17028
8.17923
8.17923
8.74099
8.76158
8.00408
8.31089
8.10384
8.10384
8.22362
8.26863
8.26863
8.10433
8.47151
8.42278
8.42278
8.12386
9.42762
8.30004
8.08823
8.08823
8.2907
8.18897
8.01767
9.30017
24.201
8.24545
8.1967
8.1967
8.46175
8.47188
8.47188
8.63435
8.5604
8.12398
8.12398
8.18314
8.34441
8.34441
8.03985
8.1165
8.33449
8.0029
8.34156
8.25884
8.0388
31.0598
9.22355
9.4864
8.31169
8.31169
8.75911
8.03193
8.03193
8.13972
8.45887
8.74958
8.92185
8.92185
12.9306
8.10856
16.5668
8.3197
8.89055
8.89055
8.5183
8.47231
10.3081
10.3081
9.45359
9.10382
8.8258
8.82831
25.4969
8.25194
8.07176
8.07176
8.78354
8.07402
8.07402
8.63664
8.63664
8.4965
8.3438
8.3438
8.43269
8.51616
13.4128
13.4128
8.60674
8.1955
21.5544
8.37495
11.5792
11.5792
11.7309
10.6769
8.6433
8.58416
8.58416
8.31885
8.03347
17.1354
8.54357
8.54357
12.6691
8.01597
8.43687
16.6829
18.0746
8.49469
8.00358
8.27684
8.27684
8.86169
8.45854
8.66204
8.02646
8.81163
8.16871
8.66215
8.66215
17.4398
10.58
8.49469
9.78855
25.7648
13.811
13.811
8.17395
8.03566
8.20432
8.29094
9.0682
8.38464
8.2915
8.16296
12.4096
9.09691
8.28465
8.28465
8.08318
8.73854
25.6395
9.22663
8.23191
8.23191
29.6777
8.78598
19.7646
17.5309
29.7294
8.08397
11.8944
11.8944
11.7584
9.74047
9.74047
11.4089
8.23077
8.21176
8.21176
9.82772
8.18333
8.18333
12.5748
8.09311
8.15918
13.6359
12.4344
8.20848
10.7127
8.05792
19.7694
19.7694
12.8532
11.8724
11.5672
8.13044
16.0649
10.8339
16.8943
9.32815
8.29875
8.32252
8.74092
8.74092
8.3781
8.38231
8.54909
8.54909
8.0962
8.54024
11.2435
8.13566
8.0364
8.40748
8.05881
8.37952
12.5157
12.5157
14.9316
8.87323
8.60722
8.7424
8.13837
8.13837
8.13565
8.36861
8.24525
17.0391
12.7363
8.09245
11.8289
8.22883
10.3587
10.3587
8.11999
9.47596
9.14036
8.74644
8.25607
8.72837
8.47242
9.19284
8.10368
8.29918
8.36286
8.67628
8.67628
9.30985
9.30985
8.11731
8.20073
21.4882
13.5179
23.7218
9.21692
8.51474
8.52401
8.07002
8.75684
8.04164
8.21226
8.21226
8.39795
8.1511
22.941
8.42684
8.27868
8.27868
8.01253
9.84619
8.04213
8.01571
8.49551
8.49551
9.26007
8.06673
8.06566
8.0236
8.64307
8.64307
8.27214
9.70849
8.12879
8.12879
8.27866
8.1053
8.1053
8.41034
8.34205
8.17852
8.29142
8.00365
8.93409
8.02382
8.11372
8.15263
8.35754
8.35754
9.90503
9.18055
8.68319
8.31418
8.06583
8.62401
8.42258
8.42258
8.10255
8.10521
8.84147
8.2652
9.63291
8.61906
24.4345
8.11363
8.1105
8.43068
10.1727
10.1727
8.05202
8.49772
8.00014
9.60657
9.17469
9.0866
9.0866
8.34362
8.47126
8.53366
8.53366
8.24651
8.07078
8.52664
8.1304
8.1909
8.1909
8.24634
9.31424
10.0581
10.0581
8.78006
8.19125
8.19125
8.0763
10.0165
23.6688
8.88809
8.88809
9.35629
8.09689
8.00648
8.17291
26.8514
8.05746
8.20131
8.20131
9.003
8.33598
8.33598
8.46087
8.46087
9.2167
8.21221
8.21221
8.20528
8.04767
8.36835
8.36835
8.02034
8.5389
21.7459
8.49675
8.006
8.006
8.32188
8.03612
8.37353
8.61439
8.61439
8.31807
8.21355
8.13985
8.77676
8.77676
8.28508
8.28383
8.68676
8.13952
8.00502
8.00955
8.05421
19.1209
19.1209
15.7306
12.5799
19.2531
8.83209
8.12889
8.24631
8.84566
8.84566
8.21229
9.38075
8.8337
8.15661
18.3402
8.13473
8.13473
8.43995
8.26386
8.57081
8.09552
8.0353
8.37243
8.0664
8.02286
8.12903
9.36864
9.00394
9.00394
8.62695
8.02259
24.4944
8.44272
8.86771
8.86771
8.68686
8.59634
8.07207
9.30176
8.98759
8.98759
9.06471
9.70435
8.30988
8.0268
9.80894
9.80894
8.08911
9.01816
8.67372
8.67372
8.6781
13.6113
8.22258
8.22258
8.25045
8.31918
23.019
9.0194
8.40017
8.40017
9.61291
8.6651
8.09371
8.15338
10.2727
10.2727
11.0458
9.73772
8.21413
9.24469
9.10487
9.10487
8.62419
8.56224
8.55366
8.55366
8.56651
10.7269
10.7269
9.20797
8.96951
8.0609
10.0452
9.13988
8.7476
9.90814
9.20677
8.3298
8.1463
8.1463
8.06533
9.28886
8.30383
8.32097
10.3462
8.00401
8.55287
8.55287
9.5757
8.31205
8.93743
9.20826
10.2091
9.71872
24.5857
8.11342
8.82068
8.56789
9.014
9.014
8.46779
8.24297
8.63776
8.20896
8.09007
9.28246
9.28246
9.10057
8.72946
8.11408
8.11408
8.08721
9.82511
9.8772
8.81663
8.10104
8.10104
8.33299
8.92836
8.27944
8.27944
8.223
8.08724
8.08724
9.15853
8.18108
8.2405
8.50889
8.50889
8.59075
8.01035
8.34122
8.34122
8.78155
8.503
12.4822
8.65016
8.80024
9.41895
8.25808
8.923
8.923
8.25635
9.47905
8.58971
8.05722
8.08031
9.58473
8.11687
10.2565
8.36756
8.1319
11.5494
11.5494
9.69
8.953
8.08021
8.08021
9.27394
9.31937
10.0911
8.76532
8.39517
8.50159
9.50661
8.2538
8.04976
8.04976
8.18895
8.10805
8.19449
8.74695
8.8481
8.8481
8.09834
9.97089
8.3183
8.89917
8.14855
8.37814
8.70851
8.25518
8.16335
8.16335
8.22918
10.2671
8.46386
8.15299
8.48262
8.25166
10.7702
8.51239
8.16244
8.02061
8.0117
8.01954
8.01954
8.64995
8.64995
8.77087
8.04887
21.7071
8.11611
8.94566
10.1334
10.705
10.705
8.3202
8.44974
8.44974
8.23444
8.68714
9.31911
8.03145
8.03145
9.70082
9.40326
8.78755
9.023
10.7446
10.7446
9.03739
8.22854
8.52985
8.52985
8.45879
30.5921
8.16082
26.917
20.4196
8.55667
22.186
18.325
18.325
10.7366
8.01934
8.01934
8.33626
20.7971
17.7006
18.713
18.713
18.8272
8.12221
8.21514
8.27176
9.68394
9.68394
8.85322
8.73354
8.31419
8.31419
8.37514
11.5332
12.8406
8.06853
30.3181
8.03014
8.40474
8.40474
8.17383
8.93133
8.93133
8.26792
8.26792
8.10175
8.54281
8.54281
8.63396
8.58174
15.3265
15.3265
23.9086
8.31456
20.396
8.1204
8.26063
8.26063
8.14512
8.04805
8.13569
8.1332
8.1332
8.47956
8.58725
9.56028
8.13923
8.13923
8.40193
8.08123
8.62073
8.34551
8.19384
8.20362
8.02117
8.29529
8.29529
8.19151
8.21305
8.90921
8.32941
8.049
8.87366
8.2307
8.2307
8.36873
8.05211
8.238
8.71686
19.8121
8.18134
8.18134
8.706
8.37524
8.73835
8.49296
8.48614
8.21314
8.60355
8.16229
8.11716
8.71543
8.13917
8.13917
8.34952
31.2497
8.01365
8.44213
8.34383
22.9372
22.9372
23.7989
8.45537
8.35989
12.773
8.64989
8.02557
22.771
13.8001
8.4615
8.02484
8.37785
8.37785
8.64995
8.16651
12.7447
16.1487
13.6964
8.1327
8.1327
8.08784
8.64765
8.5608
8.5608
8.02042
8.1557
8.11747
8.13825
8.08961
8.08961
8.74167
8.01842
8.03292
8.03292
8.37115
8.16335
8.16335
8.22984
8.35692
8.63336
8.08261
8.08261
8.32288
8.0099
8.61093
8.61093
8.31482
8.19943
8.5937
8.18484
8.0185
8.29258
8.60963
8.3481
8.00739
8.2208
8.2208
8.08142
8.23066
8.23066
8.38406
8.09739
8.09739
9.65309
8.19398
8.6204
8.19544
8.38575
8.37493
8.73587
8.73587
8.17436
9.01327
8.00143
8.07151
8.44587
8.44587
9.01383
8.52815
8.06489
8.57777
8.19074
8.19074
8.13995
8.2421
26.0692
8.02928
8.19799
8.31246
14.8721
14.8721
8.26072
8.66928
8.16403
18.2976
18.2976
8.1177
8.31094
9.2782
8.47484
8.49358
8.49358
11.3997
13.5492
13.5492
9.09691
8.19445
10.4405
8.6813
8.41487
8.41487
8.1297
8.25838
8.25838
8.28319
8.64044
8.78563
8.78563
8.0673
8.64375
8.08024
8.1477
8.1477
9.11855
8.11615
8.0945
18.8102
28.9826
8.01457
8.46752
8.46752
8.29313
9.32692
9.32692
8.06805
8.04894
9.21831
9.21831
8.8066
8.14716
8.14716
8.31226
8.02827
8.66125
8.6512
9.01426
8.25644
9.25002
8.26742
8.15618
8.15618
8.44551
9.27007
8.47725
8.19559
9.40338
8.38874
9.123
9.36177
8.2279
8.05866
8.05494
8.05494
8.48465
8.24037
8.10743
8.10743
8.86492
8.02378
8.10483
8.66492
8.34263
8.05397
8.01624
8.14761
8.25919
8.25919
31.218
31.218
8.3626
16.026
9.21422
8.02747
9.09447
8.5115
8.37513
8.37513
8.79358
12.2873
8.54644
8.04318
23.6371
11.8114
11.8114
8.38489
8.03517
8.0097
8.69147
8.25392
8.71044
8.43563
8.04572
8.58187
8.46542
8.06907
8.06907
8.64902
8.00935
27.7489
21.7105
15.7559
15.7559
9.63905
8.05313
8.31154
8.60288
8.62342
8.62342
8.35953
8.7966
8.40872
8.15947
9.11725
9.11725
8.08843
8.2412
8.14045
8.14045
8.08625
8.31632
8.31632
8.23158
8.07618
8.0861
8.0225
8.00105
8.65844
8.64874
9.40338
8.23321
8.30531
8.30531
8.99243
8.23351
8.0093
8.22615
8.23889
8.98472
8.01575
8.01575
9.27492
8.05694
8.25281
10.0924
8.0518
8.04156
24.9499
8.01289
8.26249
8.35139
8.93606
8.93606
8.31121
8.31155
8.04805
8.1973
9.65891
8.15642
8.15642
24.9218
8.19582
8.19582
8.36384
9.63387
8.2943
8.40819
8.33529
8.37085
8.37085
8.17278
8.98726
8.40261
8.40261
8.22016
8.0507
8.35873
8.37488
8.07391
8.07391
8.15062
8.66071
8.02424
8.02424
8.41367
8.02621
8.02621
8.24296
8.30215
8.01807
8.74355
8.74355
8.44364
8.22738
8.13716
8.13716
8.22543
8.222
9.77598
8.2865
15.6477
15.5634
18.1209
14.7922
8.04775
9.2597
9.2597
8.25323
9.18585
9.18585
8.00884
8.03495
8.03495
8.0646
8.9094
8.50656
8.56311
8.97824
8.58021
8.42654
8.42654
8.49028
8.14134
8.70365
10.4348
8.39891
8.39891
8.20885
8.06339
8.28594
8.11321
8.3118
8.3118
8.64519
8.72771
8.12432
8.27308
8.27308
9.05809
9.44176
9.23084
8.55436
8.39883
8.39883
8.37267
8.1468
8.1468
9.99894
8.16601
8.1606
8.85507
9.19187
9.19187
29.3149
8.33797
8.34085
8.34085
8.17059
8.03073
8.52783
8.1771
16.2697
9.96694
8.00731
8.01602
8.47832
19.6419
16.0651
11.1772
11.1772
13.5742
13.5742
12.2495
8.06516
21.5769
16.6106
8.6344
8.3524
13.7526
13.7526
9.66457
8.63513
8.63513
8.36409
8.76465
11.6444
13.2033
13.2033
8.50336
8.10708
15.1825
9.19918
11.3431
11.3431
23.497
16.6309
23.9275
23.9275
13.1188
8.76448
8.12402
8.39898
28.4251
9.58733
16.1307
16.1307
27.5876
8.34952
8.34952
13.5143
13.5143
8.6908
8.1017
8.1017
8.25816
9.21087
13.6384
13.6384
17.8499
8.44165
25.3074
8.12469
13.2279
13.2279
9.1615
10.6938
12.9466
8.01433
8.01433
8.25082
15.0063
12.884
8.39879
8.39879
16.6261
8.15115
14.2037
18.7935
20.2094
22.2723
8.00945
15.5745
15.5745
10.1612
9.08262
8.0195
8.30725
14.4784
8.09774
8.06256
8.06256
8.83054
15.465
23.8084
23.8084
8.33512
9.94962
8.07243
8.26513
8.41241
9.85041
8.63045
8.08346
8.35631
8.29556
14.6547
14.6547
14.4659
8.55683
8.90554
8.90554
8.05468
8.59612
8.50412
15.6411
9.9501
15.4421
18.4277
20.1101
12.3505
12.3505
19.7187
16.0759
8.03245
8.41269
8.56613
8.56613
8.33122
9.59441
8.37582
8.85653
14.1407
10.795
8.1944
8.01725
19.1119
19.1119
15.8646
21.5565
21.9925
18.1753
23.0651
16.7723
14.9884
13.9592
8.00713
20.4582
14.5086
9.28152
9.28152
15.7649
15.7649
8.97889
8.02197
29.2242
18.5536
18.5742
19.6634
24.3428
24.3428
14.42
8.35109
8.35109
13.1384
13.3555
10.6118
22.5807
22.5807
19.49
8.18048
27.5453
26.3397
25.2136
25.2136
16.4946
8.1255
11.5416
11.5416
8.1082
14.1916
11.6636
8.0007
31.9783
15.5721
13.1901
13.1901
10.0122
8.43276
8.22045
8.67431
8.02096
10.8371
8.05628
8.4951
8.5548
8.42586
8.42586
10.6539
8.14924
22.941
8.43248
8.70021
8.70021
10.1405
9.92435
8.03142
8.712
8.58826
8.58826
8.81209
8.26792
8.49651
8.00697
10.3869
10.3869
8.22643
8.4826
8.38599
8.38599
8.29872
9.18883
9.18883
9.38356
8.16183
8.3585
8.50407
8.26383
8.41097
8.04624
9.72445
8.10779
9.2357
9.2357
8.30057
8.13818
8.66678
8.31055
8.17064
8.00763
8.36267
8.36267
8.72908
8.42761
8.30632
8.1779
8.07107
8.11597
22.771
8.44058
8.20731
8.52662
8.45878
8.45878
8.13786
8.03474
8.10547
9.20932
8.75244
9.08303
9.08303
8.4427
8.5284
8.60779
8.60779
8.55503
8.56015
8.31138
8.39741
8.03578
8.03578
8.61359
9.03488
8.94437
8.94437
8.15772
8.10815
8.10815
9.0358
9.0358
15.2651
12.4564
10.2668
10.5614
10.5614
8.4083
8.25038
8.88356
17.6823
16.7213
13.9498
8.24599
14.0096
14.0096
9.46047
9.9089
8.55143
10.4921
8.39307
11.2605
8.40476
8.40476
12.5948
15.5841
8.02573
15.1795
29.81
16.5032
16.5032
8.80848
10.7335
8.02785
18.0827
13.0133
12.0624
13.1817
8.01538
13.5794
10.8539
16.8243
16.8243
9.43815
8.20875
27.5502
9.66053
8.73092
8.73092
8.1381
9.95654
8.54909
8.2262
8.61024
8.61024
11.3835
8.10566
8.0464
8.10881
8.15952
8.15952
8.74395
14.5429
8.05694
8.05694
10.2047
9.09925
9.09925
8.79703
8.24861
8.67966
8.62956
16.7491
12.6188
8.16169
12.3715
8.34883
10.3287
10.3287
8.09
8.98476
9.01036
8.68644
8.30607
8.66837
8.84767
8.84767
8.00544
8.32316
20.9397
8.0924
8.0924
8.6144
8.2459
22.941
8.75861
10.2479
10.2479
10.334
8.15373
8.07171
9.70259
8.10661
8.10661
10.3448
8.54981
8.35789
8.32627
9.92201
9.92201
9.22607
9.07507
8.41339
8.41339
8.06529
8.2479
8.2479
8.11436
9.48969
8.04266
8.4142
9.88089
8.27723
9.9472
8.36021
8.15928
8.73591
8.73591
8.49501
9.46013
8.10709
8.08335
8.04744
8.7752
8.23056
8.23056
8.59392
8.24953
8.04366
8.25101
8.41974
8.79643
22.771
8.95553
8.08568
8.28995
8.95766
8.95766
9.46769
8.23026
8.20643
8.20334
10.231
9.81288
9.81288
8.24094
8.54725
8.27062
8.27062
8.46062
9.25617
8.41802
8.51803
8.02792
8.02792
8.07224
8.23127
8.74072
8.74072
9.2887
8.23973
8.23973
8.00733
8.52516
8.08272
8.46337
8.46337
8.43881
8.14299
9.63552
9.63552
8.11955
8.24848
14.0784
14.0784
8.18802
8.18802
8.32353
8.08125
18.0315
8.53358
10.3445
10.672
10.6609
10.6609
8.10159
8.07569
8.07569
8.77261
9.76136
8.853
8.0208
8.0208
8.15915
8.1357
9.52895
8.38811
8.23476
8.23476
8.52448
8.39377
8.08844
8.08844
8.74418
9.81349
8.6144
8.23131
24.0161
8.62906
10.1565
10.1565
10.0479
8.3139
8.3139
8.18651
8.18651
8.1319
8.45194
8.45194
8.853
8.21661
9.06484
9.06484
9.02468
8.32789
11.6474
9.48078
8.59746
8.59746
9.88201
10.1819
9.23507
8.04508
8.04508
8.01529
8.40805
8.34104
10.0043
10.0043
8.0703
8.0733
9.88089
8.23723
9.8172
8.63792
8.26644
8.00386
8.00386
8.41501
8.86639
8.33363
8.08363
8.08461
8.47386
9.7686
9.7686
8.15056
8.44392
8.28889
10.6581
18.6379
9.61721
9.61721
8.00692
10.3564
8.08777
9.57155
8.07883
9.53769
8.05636
8.20643
10.655
10.0829
8.12552
8.12552
8.32828
14.0784
8.02772
10.254
10.254
8.27915
9.07446
9.24555
8.73956
8.14061
8.45131
9.75261
9.75261
9.69945
9.113
8.25424
8.6291
17.8161
8.52733
8.52733
8.30811
9.85769
8.39906
9.54905
9.38971
8.30906
9.64349
8.15782
8.49864
10.4665
10.0979
10.0979
10.564
8.02394
22.941
9.64703
9.92259
9.92259
10.6458
9.5888
8.02468
9.44451
8.22627
8.22627
9.90201
10.2519
8.13222
8.79029
10.2192
10.2192
9.78605
8.21872
8.13544
8.13544
9.9413
9.88089
9.88089
8.00844
9.6772
8.14669
8.74458
8.06814
8.57851
8.65501
9.09013
8.16932
8.20181
8.20181
8.05066
10.0586
8.05252
8.00701
10.0833
8.22239
8.87405
8.87405
8.11903
8.09188
9.51501
8.25995
8.01412
8.35281
25.2726
8.45197
8.05971
9.40127
10.685
10.685
8.3402
8.60513
8.13143
11.8308
11.8308
8.46665
8.18493
8.18493
8.12432
8.34055
8.11224
8.8208
8.23643
8.55863
8.01866
8.52856
14.7357
14.7357
15.0556
8.32729
12.5626
8.11168
8.53107
8.06261
8.27123
8.1886
9.24946
8.37116
8.07736
8.07736
8.08173
8.59891
8.6062
8.6062
8.3691
8.39909
8.35479
8.00698
8.00573
8.05129
8.42521
8.12504
8.49929
8.49929
8.0631
8.18574
8.6691
8.18268
8.4514
8.4514
9.40543
8.19276
8.07315
8.10407
9.69394
8.10161
10.0686
8.10235
8.12311
8.12311
8.33066
9.65109
8.00042
8.18226
8.00198
9.55091
9.25009
8.17851
8.0953
8.31534
8.21358
8.26353
8.26353
11.6018
11.6018
8.94906
8.198
18.371
8.21481
10.7009
8.01219
10.1521
10.1521
8.01061
8.54533
8.54533
9.52614
8.31453
8.61184
8.14104
8.14104
8.75677
30.3383
9.92306
12.6404
11.1626
9.17392
8.06318
8.33031
8.33031
9.78489
8.36035
8.36035
11.6544
8.23177
8.23177
10.5402
15.1325
9.00918
11.0131
17.6613
23.8433
24.0175
24.0175
12.9688
8.77448
8.44121
15.002
16.2469
16.2469
27.4955
8.02818
8.58195
13.5567
8.65816
8.65816
9.10087
13.284
8.03389
8.22846
8.22846
12.4563
9.2815
12.3832
8.16819
17.7841
17.7841
8.66533
17.4182
17.4182
12.864
12.8416
16.6033
17.3057
15.9815
15.9815
19.0035
22.3981
22.3981
8.08063
18.3127
14.7921
14.7921
9.8312
9.2969
9.21787
25.8037
25.8037
13.1384
8.24153
8.17256
8.41307
28.6555
8.07961
21.7163
21.7163
9.0097
8.41203
8.41203
17.4141
8.31193
16.1345
16.1345
17.3827
11.7305
11.7305
8.03284
8.35058
19.9397
13.0532
12.0759
8.11909
18.8912
8.48843
24.8092
8.26907
8.96162
8.96162
8.05675
8.72456
16.4498
14.3279
9.71905
9.17994
8.21666
8.56288
8.56288
8.44507
9.25497
8.16375
8.30886
8.50092
8.15947
8.27221
8.27221
8.67125
8.31538
8.19045
8.62359
22.1515
9.3462
9.3462
8.32186
9.45792
8.17895
8.06832
8.41086
8.75874
9.39338
8.19321
8.07633
8.00799
9.65315
9.65315
8.04247
8.08001
25.2325
8.22897
8.02335
8.02335
8.00999
8.12365
8.0111
8.15263
10.1924
10.1924
8.1518
8.61754
8.03852
8.07224
8.22161
8.22161
8.50547
9.11843
8.16223
8.16223
8.18571
8.0841
8.0841
8.24781
8.07823
8.31017
8.04148
8.1948
8.74512
10.6339
8.39068
8.24014
8.42021
8.42021
10.1905
10.1444
9.10469
8.12967
8.39159
8.70209
8.33792
8.33792
8.53841
8.48957
8.16583
9.13643
8.8602
32
18.7362
18.7362
17.3433
9.29436
23.327
8.03965
8.08082
8.34157
8.02366
8.01107
8.08523
12.604
12.604
12.7806
13.2985
13.2985
15.4866
8.19243
8.19243
8.54073
8.31408
8.26604
8.16595
8.19591
13.1753
24.5836
24.5836
15.8917
11.1875
8.0514
8.28835
8.76128
8.76128
8.48391
8.09375
8.12263
8.60241
8.25923
8.25923
8.0528
8.56995
8.22399
8.94809
8.94809
8.23362
8.71806
8.08054
8.18269
8.15131
8.15131
8.863
8.59598
8.59598
8.08925
8.57042
8.95711
8.54528
9.9938
9.9938
8.23474
8.29001
8.29001
8.26864
8.916
8.45524
8.45524
8.06752
8.01804
9.2609
9.75683
9.75683
8.09807
8.41704
8.02789
8.20953
23.061
8.46893
8.0496
8.0496
8.095
8.11186
8.11186
8.16787
8.71746
17.4322
17.4322
16.0506
12.3359
12.3359
20.8631
8.19169
8.22685
27.1262
8.04879
8.07492
8.07492
8.60421
8.12467
8.12467
8.06202
8.35871
8.59215
17.5291
17.5291
8.64414
8.01919
13.6544
8.35183
8.77928
8.77928
8.33164
8.16503
8.0777
8.0777
8.52272
8.35471
8.29464
8.3815
31.9964
8.05715
12.0973
12.0973
12.5896
8.77691
8.77691
8.74378
8.74378
8.41527
8.0829
8.0829
8.04595
9.19741
8.06296
8.06296
9.08006
8.28525
26.1859
8.23878
8.60837
8.60837
8.5273
8.83375
8.12036
8.62363
8.62363
9.03162
8.13695
19.3754
19.3376
19.3376
12.1591
8.00016
8.93994
9.09692
8.27474
8.07839
8.7367
8.5566
8.5566
8.38775
8.08125
8.35034
8.1221
8.80728
8.4612
8.86426
8.86426
8.28253
9.28002
8.04518
9.44792
23.548
9.7508
9.7508
9.18007
8.1682
8.24404
8.4261
8.64307
9.223
9.70849
8.02757
8.08485
8.58615
8.39465
8.39465
8.06331
8.19111
25.6081
9.36421
8.34378
8.34378
8.29455
12.4883
8.64045
8.11468
29.5668
9.09019
8.40891
8.40891
8.21907
10.8839
10.8839
13.0017
13.0017
9.65998
8.45707
8.45707
8.3412
8.69732
8.36267
8.36267
8.86412
8.28326
24.8112
10.724
16.337
16.337
17.2132
18.9464
11.221
8.22131
8.22131
8.24055
8.00123
8.64613
8.46889
8.46889
8.02495
8.45547
21.2197
9.25525
15.0021
13.2542
8.0344
9.74297
9.74297
19.6115
14.5246
20.3747
16.9213
24.994
29.1643
24.0359
24.0359
15.7461
17.0632
8.28696
15.0157
27.4414
21.4121
21.4121
14.4407
8.44048
8.56444
16.5917
16.5144
18.8842
20.1521
8.11666
18.4036
15.2732
16.481
16.481
12.2733
8.73147
29.1655
21.3811
27.941
27.941
26.2197
25.0336
8.03827
16.5191
11.3916
11.3916
8.08748
16.2337
8.3644
16.0068
13.3101
13.3101
8.95749
8.12394
8.55363
8.55363
16.6504
10.3819
10.3819
18.6153
18.8774
31.1246
8.08398
12.2226
10.4439
15.3212
15.3212
12.885
8.46352
8.68465
11.6444
11.631
11.753
27.0125
9.71024
8.22855
8.92778
11.0231
11.0231
25.207
25.2617
20.9704
24.2454
14.1973
8.72448
8.72448
8.10364
8.08133
8.71
8.71
27.5155
8.17952
14.8488
8.05899
8.16214
8.16214
9.49611
15.1584
19.2533
19.2533
13.8731
8.25884
8.25884
9.0115
11.5732
14.983
8.65062
8.65062
25.712
8.29025
17.0882
17.0882
12.374
8.39126
15.7932
8.56421
18.7614
22.5569
21.1023
16.9174
8.09125
11.5974
11.5974
9.4469
8.21669
8.21669
10.2366
8.83876
8.83876
8.19398
8.80054
15.185
19.1409
8.0505
8.09172
19.2058
19.2058
8.32415
11.1623
8.04738
13.5505
8.54245
8.54245
8.17768
16.9938
8.10797
14.6732
9.33712
9.33712
16.3333
14.8702
10.9759
13.572
9.60983
10.2972
10.2972
8.15269
8.13907
8.6039
8.02636
8.02636
9.203
8.11664
8.19166
8.11345
8.11345
8.01813
8.43712
8.08986
8.37915
8.63935
8.17321
8.10451
8.63757
8.63757
8.13616
8.49755
8.05899
8.77535
8.1772
8.51594
8.62234
8.62234
8.00779
8.0127
8.17853
9.21704
19.5845
8.69178
8.69178
9.50752
8.82331
8.41534
8.12729
8.20143
9.06592
8.25271
8.03858
8.33634
9.93025
8.51614
8.51614
8.02772
8.37494
27.7568
14.8714
8.15475
8.15475
8.38891
8.25556
8.44321
12.1873
8.18498
8.18498
8.16724
8.38468
8.19106
15.5281
8.84463
8.84463
14.9995
18.277
8.26573
8.26573
17.1755
8.85139
8.85139
8.24055
8.12023
8.05636
8.07357
13.9214
19.5196
21.4597
10.029
8.21114
8.02293
8.02293
8.80622
8.10506
19.0719
8.16878
31.4774
31.4774
8.6244
8.98296
12.0372
8.63947
9.26409
8.73465
13.3976
13.3933
8.0171
13.9955
9.38918
9.38918
9.58386
25.007
15.841
15.841
23.3466
12.9988
8.64448
8.20402
8.31878
13.1486
16.2107
28.5099
8.15156
8.15156
14.6743
8.55899
8.27886
8.00506
12.1195
12.1195
13.264
17.5699
8.39932
11.5071
8.93198
9.57661
13.0466
8.12905
8.02508
8.02508
15.5463
12.6603
8.28526
8.10228
14.2837
21.0645
21.5381
22.3623
8.24632
15.8645
11.1364
11.028
11.028
8.39773
8.39773
11.7741
8.9327
26.1403
8.15427
8.05256
8.23105
14.304
14.304
14.7959
15.3468
15.3468
9.16195
8.28172
17.1241
8.30415
8.30415
10.2237
8.02066
17.3827
13.6147
8.05284
8.05284
8.73207
8.18613
14.702
14.702
12.0059
9.08712
17.5939
8.17128
31.9986
8.63537
18.2169
18.2169
8.85258
32
32
14.7407
8.78008
8.12924
13.3567
8.37212
17.6599
17.9685
17.9685
8.01287
8.07846
8.00528
15.243
8.31564
8.31564
20.7253
17.0871
8.1203
8.28526
18.508
18.508
18.8408
17.1757
8.56002
22.3276
22.3276
16.6984
13.4399
18.4127
8.1414
8.51487
8.51487
10.2366
25.1594
25.1594
13.9365
8.21986
10.6306
12.5624
19.1846
19.1846
20.6773
23.0763
23.0763
8.39461
8.62415
11.3323
11.3323
8.63827
15.1174
8.72064
8.16889
8.16889
8.74446
15.7338
20.3993
19.8572
28.35
8.50627
16.2706
16.2706
15.0402
8.20444
8.20444
8.20355
8.83298
28.0418
28.0418
25.0336
19.3226
19.3226
25.1126
8.00244
8.47774
8.09607
8.16695
8.42319
16.569
8.65881
8.61506
8.61506
11.7453
8.25095
8.35042
8.27642
22.5313
24.5817
24.446
12.9868
8.16945
32
8.23087
16.2705
19.1221
18.2753
18.2142
13.2401
8.00027
15.8237
15.8237
8.53762
13.1964
18.0911
8.25437
10.9732
10.6308
13.8968
12.3878
8.1941
16.7713
14.0498
14.0498
12.0909
9.31342
8.09195
8.09195
12.0408
8.21222
12.7419
8.48106
8.19181
8.06359
15.2608
15.7341
12.3284
12.3284
15.558
8.53711
8.13732
9.12459
10.8035
10.8035
9.67973
9.11738
8.10854
12.0024
12.4093
8.8471
13.9568
8.02058
16.7243
16.7243
9.28815
12.4861
8.12641
8.74367
8.16498
9.93654
19.0272
20.924
8.08736
13.3542
8.54837
15.0186
15.0186
8.00115
8.00115
8.06171
8.50129
21.9966
15.7757
13.1961
10.8515
8.68385
8.68385
8.39375
8.59286
8.59286
8.8446
8.3362
8.43279
15.1116
15.1116
12.2144
8.23127
8.24169
11.7589
16.8558
16.8558
17.5324
28.7692
9.42173
8.18236
8.3905
8.65359
8.65359
8.24269
8.51437
8.43889
8.43889
8.08545
8.13892
8.13892
8.08326
12.1556
8.49373
9.31674
8.0313
8.25533
9.55315
14.8949
8.0738
10.8187
10.8187
12.8531
12.5714
12.1353
8.59939
9.40222
12.4223
16.1094
16.1094
19.446
8.01085
10.5464
19.0473
13.3458
9.32913
28.919
14.9043
8.03639
10.9601
12.1956
12.1956
8.58403
8.91279
9.5351
9.03628
13.1528
14.7217
14.7217
8.18522
14.0356
8.0189
8.0189
21.6905
24.89
17.2417
14.6151
8.67763
8.67763
19.1172
19.9587
10.1978
10.1978
10.0543
8.28145
8.28145
11.3784
14.5402
17.3223
10.8411
10.8411
13.6784
8.07979
10.2608
10.2608
11.2352
9.31346
8.11599
8.0144
12.6545
14.1119
9.81553
14.4828
8.12787
8.41105
8.41105
12.91
8.5412
8.5412
8.48477
24.0431
19.6793
19.6793
8.51598
18.9134
8.13235
11.9248
8.31555
21.0484
18.3613
22.9785
8.4257
18.4565
18.4565
20.1148
20.7207
20.0984
8.03769
17.412
19.4119
12.2728
12.2728
8.5213
8.34775
8.56299
8.05581
8.05456
8.27079
28.0456
12.1295
8.18983
8.55078
22.696
22.696
17.4569
11.3294
8.12696
8.23251
21.2992
18.8386
18.8386
17.5389
9.90906
8.10639
8.10639
8.06199
8.45459
8.0031
8.56846
8.86853
8.86853
8.16099
12.784
13.2492
13.2492
14.4768
8.04742
8.04742
8.02383
8.23068
9.32792
8.6028
8.6028
8.04214
8.04214
8.36174
8.36174
12.881
23.1086
15.0817
8.44313
8.03512
8.72564
8.3321
8.577
8.16407
8.13464
8.13464
9.38028
8.59248
8.59248
8.37099
8.73843
8.73843
8.06884
8.35384
8.28091
8.20863
8.19794
8.46085
8.43278
8.43278
26.6992
26.6992
8.52354
8.33987
27.1891
12.8803
8.03974
8.35708
14.4686
14.4686
8.46183
8.04708
8.04708
8.36128
8.20566
17.236
10.5042
10.5042
8.14061
8.09186
8.72369
8.43645
8.79358
8.79358
9.9797
8.67644
8.05318
8.05318
8.02952
8.4913
8.65487
8.55282
25.6329
8.22874
8.51147
8.51147
8.21392
8.47657
8.47657
8.50582
8.50582
8.02598
8.31712
8.31712
8.61187
8.29542
9.29895
9.29895
9.07162
8.00381
27.9274
19.6482
16.4704
16.4704
14.4079
9.84905
8.05313
8.02509
8.02509
8.13083
8.11342
8.58953
8.22797
8.22797
8.21966
8.57016
8.46921
8.99725
8.48125
8.31538
8.22045
9.45583
9.45583
8.31632
10.1484
8.8032
8.08895
8.21133
8.0921
8.61844
8.61844
8.70874
8.4361
8.07874
8.34633
16.3856
9.43393
9.43393
9.54315
8.12866
8.02812
8.33889
8.1179
8.32999
10.1365
8.08452
8.41096
8.05559
8.01484
8.01484
8.56754
21.6661
8.24484
8.10549
8.42562
8.5367
8.5367
8.51842
8.0117
8.2118
8.14192
8.00745
8.49406
8.57526
8.59367
8.30973
8.13006
8.20544
8.63248
8.63248
8.3579
8.3579
8.56811
8.33227
19.4671
9.0596
8.91327
8.33673
8.88177
8.88177
9.36854
9.38576
9.38576
8.98434
8.07661
8.47087
8.02537
8.02537
9.42846
9.2738
8.27319
8.2021
8.01154
8.01154
8.09707
9.19454
8.11275
8.11275
8.46337
8.5372
8.37952
8.27885
29.1488
8.60823
8.00916
8.00916
9.11694
8.73452
8.73452
8.69085
8.69085
8.09644
8.1107
8.1107
8.52182
8.28807
10.1077
10.1077
9.243
8.25433
13.1861
9.51083
9.74614
9.74614
8.38965
10.0936
8.38791
8.11357
8.11357
8.4453
8.97092
8.2021
9.53375
9.53375
8.44605
8.03907
8.02269
8.03224
8.29168
8.24005
8.00314
8.02545
8.02545
8.00348
8.17286
8.47668
8.84677
8.62344
9.10442
8.00381
8.00381
8.23321
32
8.06857
8.21252
8.21252
15.406
8.47538
8.47538
9.26222
8.45749
8.45749
10.4318
8.11714
10.2429
11.2225
8.28868
8.82679
12.8547
12.8547
8.09356
11.1103
8.4402
20.1643
9.12961
9.12961
9.22223
10.6086
8.09487
15.5677
8.29129
8.29129
8.84626
21.8308
8.21074
12.2869
12.2869
16.2447
19.9912
20.0907
8.59428
8.61273
8.61273
8.79231
15.2477
15.2477
11.7584
8.29634
14.2596
15.2551
15.6334
15.6334
10.1468
10.3314
10.3314
8.39458
9.16356
19.9146
19.9146
16.2813
12.6845
9.21682
10.0534
10.0534
11.5142
8.43047
13.3626
9.15027
29.98
8.15592
9.75047
9.75047
8.04261
15.4108
15.4108
12.7929
8.60954
15.1295
15.1295
12.5306
9.12459
9.12459
10.7827
8.17158
18.1427
13.1932
11.9124
11.6672
10.6634
8.07858
10.5439
10.5439
13.9639
9.33815
10.2812
27.7633
27.7633
8.44703
8.1562
8.63991
8.63991
14.5018
9.78269
31.9987
10.4499
8.06428
8.06428
11.7389
15.6873
19.0824
8.59542
8.59542
8.97476
8.54036
8.4875
8.76067
8.76067
9.09068
8.49342
8.46767
8.91284
8.68652
8.00285
8.39965
8.50628
8.50628
8.93985
8.01951
8.06609
8.60075
8.01272
8.06834
8.79171
8.79171
8.75012
8.43544
8.50393
8.18965
19.8818
9.48547
9.48547
14.1015
15.2494
8.48457
8.083
8.33121
8.4977
8.86569
8.99517
8.30468
8.84232
8.04236
8.04236
8.11654
8.50318
24.8215
11.2762
8.21986
8.21986
8.4191
8.99436
8.23019
9.81134
9.1231
9.1231
8.50138
8.132
8.13913
8.08845
8.58694
8.58694
8.06419
8.39403
8.70087
8.70087
8.19708
8.13649
8.13649
8.14407
9.45394
8.10176
8.93592
10.324
8.61856
8.13179
8.72183
8.20084
8.923
8.923
19.2519
8.01337
8.00902
8.4962
8.96616
8.96616
8.04702
8.23828
8.00312
8.00312
8.01711
9.22025
15.9263
13.8814
8.17368
8.17368
20.7131
18.8781
9.4397
9.4397
9.0545
8.25994
8.25994
9.12075
8.08834
8.48105
8.03354
8.03354
9.03428
8.19043
8.00386
8.00386
8.87982
8.00299
8.10718
8.13488
8.1264
8.03741
9.59536
8.39575
8.1224
8.57695
8.57695
8.01324
8.46379
8.46379
8.8141
8.04964
8.04964
8.2417
8.1941
8.00179
8.62471
8.27365
8.40603
8.42621
8.42621
8.37883
8.03133
8.26511
9.34816
8.85348
8.85348
8.913
9.08427
8.52184
9.07245
8.19564
8.19564
8.28858
9.77125
8.00753
8.02887
8.02887
8.17531
8.4029
8.63789
8.03667
8.09582
8.09582
8.07137
8.60041
8.60041
8.75173
8.0447
8.53493
8.17045
8.32867
8.32867
8.51455
8.82582
8.82582
22.7909
22.7909
9.003
8.25249
9.16689
8.15728
8.15728
8.01963
8.68173
8.26898
9.07681
9.07681
8.29902
8.00343
8.64488
10.213
8.42934
8.35983
8.57914
8.03875
8.03875
10.9346
8.04891
8.3201
8.29447
8.98424
8.27709
14.9749
14.9749
10.8792
8.02385
8.26288
12.4514
24.8063
18.4667
18.4667
8.07252
14.4806
8.30594
15.0318
19.2568
10.6118
8.79935
8.04017
9.86168
9.26345
12.9072
12.9072
13.6235
8.43584
29.1391
13.1252
10.1728
10.1728
18.2607
9.05518
8.3154
8.37951
14.9456
14.9456
15.0172
8.22366
8.06086
16.3779
19.9644
19.9644
9.91449
16.7984
8.38002
8.38002
9.37517
13.2402
13.2402
8.47341
8.74261
8.31501
8.99315
15.3875
8.9926
15.1751
15.108
8.22626
12.2878
12.2878
8.73341
8.343
19.6446
8.05405
10.8755
15.7528
31.675
31.675
9.26326
18.3107
8.05802
8.05802
12.6111
8.27951
13.3967
16.5427
11.0542
20.0889
25.5912
16.5879
19.3644
19.3644
14.5013
15.2447
8.2552
18.0387
13.3301
13.3301
11.592
8.70273
8.19165
8.79655
15.5975
9.2126
15.1551
8.01732
12.9319
12.9319
11.0829
8.15518
8.173
8.19973
11.9211
10.8455
12.3944
14.2504
8.41964
14.5053
8.25017
8.79129
8.79129
9.87772
9.87772
10.7218
8.07718
29.88
14.6006
15.4469
8.01175
14.9742
14.9742
11.3237
8.01436
8.01436
8.57973
8.70073
14.8084
19.6794
19.6794
15.7918
8.06093
8.8571
13.908
15.8259
15.8259
12.1994
8.65607
14.1413
14.1413
8.08641
9.00309
8.404
8.1401
31.9872
9.76051
19.9085
19.9085
19.5237
9.17913
9.17913
8.40246
8.40246
14.8304
8.58704
8.58704
12.7855
8.63525
8.71819
8.71819
8.29881
8.23949
17.6777
17.0907
12.3279
12.3279
8.46207
8.17562
22.9108
17.751
10.7297
8.10098
8.04203
8.69148
8.58337
8.39689
8.39689
8.55597
8.48956
8.00901
8.21385
8.50995
8.42559
9.00073
9.00073
8.28884
8.03319
8.63922
8.10291
8.27529
8.59442
25.2912
8.33364
8.20901
8.75868
8.81806
8.81806
8.33715
8.56492
8.34099
8.2731
8.05964
8.19714
8.19714
8.55686
8.6967
8.19093
8.19093
8.34817
8.10785
8.55296
9.7437
8.15594
8.15594
8.5162
8.75789
8.06813
8.06813
8.20642
8.09312
8.09312
8.49331
10.4965
15.7906
15.4734
15.4734
20.9004
8.31187
20.764
20.764
17.2784
8.6197
8.57838
8.45994
9.18861
8.32865
8.60642
8.49099
8.2248
8.02075
8.02075
8.02883
8.29855
8.29855
8.29974
8.05205
8.05205
8.32825
8.11741
8.833
8.28149
8.07283
8.29984
9.74302
9.74302
8.00646
8.0718
19.0413
19.0413
8.03204
8.40802
8.40802
8.06147
8.164
8.04049
8.04049
8.16127
8.09093
8.09093
9.78275
8.17973
8.31733
8.78231
8.06006
8.85061
8.11191
8.16187
8.68827
8.68827
8.40864
8.21812
8.5494
8.13516
8.80332
11.777
8.32447
8.21059
8.25078
8.17984
11.346
11.346
16.4597
8.2947
8.28102
8.28102
11.2461
16.6189
14.6388
17.0525
12.9666
10.9289
8.3034
10.2931
12.0204
12.0204
10.9227
8.1524
8.43477
9.24398
8.42031
8.42031
9.75489
10.635
8.00363
8.49843
9.57927
14.1455
9.13778
8.10265
27.2087
27.2087
23.8346
22.2675
14.2573
8.49402
10.6169
15.5688
15.2507
28.4499
8.70298
8.52924
13.3667
8.51816
8.51816
8.1385
8.1385
14.0465
8.66759
24.8223
8.00955
8.44852
12.3587
8.72198
8.72198
8.3863
8.29969
8.29969
19.7553
8.86589
8.94442
8.71935
8.19937
8.22706
8.18586
8.34616
8.34616
8.94069
8.22079
8.22079
9.09545
8.52798
8.52798
8.16216
8.26753
9.51827
8.66223
8.17392
9.14471
8.33397
8.33397
8.01389
8.21623
8.43804
8.18283
8.89592
8.89592
8.04216
8.06391
8.14072
9.74025
8.49352
8.49352
8.07344
8.10735
8.38199
8.79102
8.79102
8.62891
8.33907
14.6947
8.40386
8.06839
8.06839
8.00724
8.80732
8.80732
8.21535
9.08346
17.1604
8.35478
16.987
16.987
17.3489
19.7578
19.7578
8.20494
9.13139
8.22055
8.22055
8.59346
8.31613
8.36889
11.228
11.228
19.5396
20.1897
10.219
15.0823
26.6017
8.05178
8.02479
8.02479
8.12506
20.1435
20.1435
16.0246
8.00157
29.0413
29.0413
28.9422
22.4559
22.4559
15.7261
8.03576
16.3141
14.6753
17.9532
13.8407
9.25152
19.0498
19.0498
8.57817
9.59664
8.15729
8.30254
30.5268
8.84589
8.35512
8.35512
9.91962
8.08042
8.08042
8.77784
8.77784
8.27337
8.2194
8.2194
9.49041
8.7099
8.06481
8.06481
8.70538
8.37127
12.9742
9.08782
13.6847
13.6847
14.3259
12.0304
8.02995
8.08187
8.08187
8.27377
8.06412
14.1486
15.6081
15.6081
8.14098
8.18062
18.6987
11.1495
19.6987
18.918
8.24058
8.33613
8.33613
8.16122
8.10986
13.9701
9.59152
10.0165
15.0309
11.3209
11.3209
8.11642
8.21293
8.06561
17.2307
29.81
22.5275
22.5275
21.1168
14.6352
24.8882
15.6761
15.8115
12.4985
15.5586
8.20944
13.3625
8.57048
17.6351
17.6351
12.6014
8.48598
29.86
20.3293
20.5234
20.5234
22.963
15.0008
8.03935
16.411
11.7736
11.7736
22.0019
17.8846
8.13283
26.6914
25.0836
25.0836
16.0124
17.4442
8.02767
8.02767
8.07041
15.9237
15.9237
32
8.07498
8.00673
8.67412
11.8074
11.8074
14.4482
8.14543
8.41534
13.0702
20.5
20.5
16.8459
8.82494
8.14055
8.37889
8.58661
8.58661
14.0014
20.3805
8.0978
11.5609
11.5609
8.08642
8.22293
8.09969
8.01957
22.9865
22.9865
21.0202
15.9514
15.9514
28.9134
14.1497
18.6428
14.9483
13.6492
13.6492
16.0865
15.5406
15.5406
8.06066
9.32152
16.9573
16.9573
12.0114
14.6019
8.65827
20.8774
20.8774
19.6347
21.9065
15.0408
18.3193
29.2119
8.52824
10.3636
10.3636
21.6678
17.8592
17.8592
17.4098
14.478
25.0603
25.0603
18.2446
15.9542
15.9542
19.0425
8.34695
14.8228
11.7736
13.3866
8.85434
16.0559
8.02769
8.14685
8.14685
9.29851
14.8076
17.8457
8.34857
18.2176
13.6486
14.7797
22.2839
8.26916
8.64617
9.03848
9.03848
12.2216
8.55197
8.38727
8.38727
10.3895
8.11423
8.55962
8.02772
10.264
11.2551
9.47446
10.9055
8.26307
8.11061
9.68261
9.63945
9.63945
9.243
9.243
8.2575
8.04873
19.1822
9.17138
10.7571
8.29703
9.62769
9.62769
8.51906
8.08351
8.08351
8.77753
8.11293
8.59418
8.30566
8.30566
8.07663
8.18243
8.18687
10.2565
10.2179
10.2179
8.87398
8.17164
11.0565
11.0565
9.003
8.15661
10.4548
8.70468
22.8288
8.113
9.38451
9.38451
8.55532
9.02385
9.02385
9.12607
9.12607
8.1768
8.54826
8.54826
8.59029
9.86558
9.58605
9.58605
8.15436
8.20597
14.3049
9.23663
10.4742
10.4742
10.0109
8.42723
9.71561
8.02385
8.02385
8.00184
8.05851
8.79501
9.38013
9.38013
8.20036
8.02468
8.15181
8.02066
8.8452
8.09056
8.06701
10.0233
10.0233
8.18239
8.20532
8.01794
8.23254
8.26498
9.40501
8.32995
8.32995
8.20883
9.42769
8.05584
32
10.9618
8.36226
22.066
22.066
8.54445
8.26718
13.5873
8.03209
21.9648
15.3515
9.02111
9.02111
19.39
8.31096
20.7499
8.18749
13.2855
8.4865
29.4644
17.8979
8.03548
17.4341
8.39333
8.39333
13.9022
10.4366
16.9423
22.6484
15.733
13.1386
13.1386
12.8267
17.5648
8.06077
8.06077
12.7486
14.2852
12.0668
14.0786
8.04879
8.04879
8.06474
14.071
21.5096
21.5096
8.53441
8.14853
8.14853
12.3902
19.1645
17.5254
8.01266
8.01266
28.4731
8.31466
8.52997
8.52997
9.24763
8.0385
19.5971
8.65648
24.177
10.139
8.14371
8.32788
8.41414
8.24012
8.24012
8.18878
8.34953
8.34953
8.02099
8.0631
8.0631
15.6761
8.44085
8.31474
8.83694
8.32637
8.37595
8.11188
8.11188
8.3406
8.53174
8.62806
11.3375
8.69004
8.69004
8.60371
8.07511
8.53965
8.31118
8.31118
8.56839
8.60634
8.1841
8.03308
25.5135
8.27678
8.90084
8.90084
9.04471
9.55592
9.55592
8.07532
8.07532
8.32134
8.44988
8.44988
8.46443
8.54111
8.32874
8.32874
8.28641
8.21916
15.1886
9.01771
8.07648
8.07648
8.66908
8.80085
8.51562
8.0598
8.0598
8.23006
9.66792
8.27101
9.19292
9.19292
9.03722
8.24745
8.03587
8.02698
8.20582
8.32137
8.22636
8.33522
8.33522
8.09576
8.18919
8.10762
8.57809
8.38864
9.43636
8.18596
8.18596
8.22606
8.21305
8.47729
8.3203
22.2408
9.77811
9.77811
8.25686
8.041
8.01987
8.75771
8.37967
8.5599
8.22591
8.43558
8.09754
8.02853
18.5127
18.5127
14.5954
8.15735
25.3213
21.3756
18.7274
18.7274
20.437
16.4516
8.10564
11.2391
8.42539
8.42539
12.9044
12.2319
8.15879
19.8537
15.2173
15.2173
8.29863
22.4931
10.301
29.0744
17.172
19.096
11.9072
8.83935
8.83935
8.52073
8.01284
8.01284
8.98168
9.27345
8.62679
14.9318
14.9318
10.6155
8.31849
8.62403
9.16532
20.1897
20.1897
8.47386
8.37834
8.35522
8.35522
13.5167
14.1922
8.17366
8.31272
31.9894
27.3008
17.7314
17.7314
19.3145
12.0369
12.0369
14.9447
14.9447
18.46
8.723
8.723
8.97517
10.8308
8.48427
8.48427
8.14158
8.1807
20.6322
19.1596
19.9958
19.9958
9.66145
15.1751
13.0064
8.0879
8.0879
10.0735
8.51599
9.26356
19.8646
19.8646
13.7412
8.19307
8.94125
12.5322
11.7024
9.70047
8.26715
8.25609
8.25609
8.49477
8.27772
8.24301
14.1176
9.38137
17.1866
8.53104
8.53104
13.5754
14.729
8.15336
11.4131
28.6108
19.41
19.41
17.9227
13.0793
8.31789
13.9668
12.5173
13.9794
10.4539
8.63972
8.67476
8.0682
8.324
8.324
8.66092
8.44909
29.86
14.8051
14.8051
8.46094
8.2843
9.12808
8.00985
9.4376
9.4376
9.92654
8.16846
8.09173
8.09173
8.45097
8.23488
10.0145
8.28701
22.0382
9.0835
9.2357
9.2357
8.35057
8.09358
8.09358
8.26305
8.26305
8.47775
8.35203
8.35203
9.08591
8.05984
8.32239
8.32239
8.77492
8.11028
12.8954
8.39257
8.07382
8.07382
8.42971
8.26107
8.10701
8.18404
8.18404
8.84662
8.04878
8.23786
8.89971
8.89971
8.11464
8.37327
8.64244
8.4226
8.983
8.25249
8.3315
8.1691
8.1691
8.06017
8.65001
8.29741
8.12761
9.6605
8.58889
9.22269
9.22269
10.463
8.01457
8.67129
8.12253
24.4591
8.69786
8.69786
11.0046
8.38467
8.29554
8.97505
9.48315
17.9152
12.4836
8.14593
11.964
12.5914
15.4711
15.4711
8.26252
8.23182
26.8853
18.9253
16.0843
16.0843
19.0942
12.5572
8.04691
20.9797
9.99168
9.99168
9.10833
13.0372
29.6777
9.16716
8.44973
14.1222
10.9155
10.9155
9.06376
13.6864
8.51057
8.51057
13.1119
8.14106
8.14106
8.05972
11.0505
8.99868
13.5919
11.2093
15.4969
8.10918
14.9442
8.45275
9.55973
9.55973
9.10738
17.442
19.7594
8.3275
10.5834
14.8495
15.9059
15.9059
14.0194
8.68551
11.1983
8.70476
8.88515
9.09858
28.6264
8.00381
8.08125
19.8556
20.574
20.574
8.77927
8.50246
9.33068
8.59673
14.8886
8.53525
8.53525
8.78364
8.48477
8.13318
8.13318
9.66323
8.55385
8.22562
8.59474
8.20837
8.20837
8.4158
15.5416
10.3862
10.3862
14.6191
8.00559
8.00559
15.4273
19.9991
8.08727
10.3787
10.3787
8.6305
8.47328
9.20465
9.20465
8.37067
8.48874
8.72982
8.00518
8.03822
8.7145
8.66583
8.09143
8.18421
8.35665
8.35665
8.80461
8.76343
8.76343
9.13152
32
8.97258
28.0281
17.0311
25.2372
25.2372
19.0479
19.8686
19.8686
8.43464
10.3479
9.33314
8.13806
16.379
16.379
9.2089
8.90261
8.90261
8.11071
8.37095
8.04874
8.04874
8.13796
8.36213
10.9638
25.0463
25.0463
24.2137
10.9797
13.1102
8.146
27.5378
8.39822
8.2864
8.2864
8.05533
8.70772
8.70772
8.19695
8.54876
8.01519
8.01519
8.661
16.0359
16.0359
13.3471
8.16095
8.35947
8.5882
20.3632
8.69071
8.74583
8.37765
8.07366
8.07366
8.24896
8.77167
8.86001
8.05157
8.18793
8.19757
8.49984
8.19866
8.03427
8.5175
8.19471
8.19471
8.1457
8.06873
8.03446
8.03446
8.15705
8.02548
8.0085
8.36892
8.11402
8.34803
8.1718
8.19905
8.22784
8.22784
8.01142
8.22444
8.21997
8.42377
8.41539
8.41539
9.65309
8.01398
8.66433
8.2779
8.67164
28.3612
8.08009
8.08009
8.62837
12.6755
8.59879
8.61819
8.06023
8.06023
14.9316
13.3479
8.35177
8.35177
8.54382
8.01381
8.01381
8.25861
8.10237
15.1816
10.0822
10.0822
23.2784
8.02504
12.3715
12.3715
15.3173
18.539
8.42198
8.0281
8.99036
8.2975
8.8919
9.00019
8.72258
9.07284
9.07284
8.77652
8.03802
8.03802
8.00081
8.01147
8.01147
9.10985
8.41665
8.56461
8.00678
8.35021
8.00224
8.7708
8.7708
8.17544
8.54927
8.16208
8.32918
14.8657
14.8657
15.5477
8.40605
8.27065
8.23517
8.16794
8.16794
8.98569
8.21123
8.04138
8.77232
8.77232
8.13236
8.10654
8.19173
8.14771
8.74907
8.74907
8.3791
8.13852
8.13852
8.05741
8.08059
10.323
9.3631
8.37138
8.37138
8.082
8.903
8.903
8.01168
8.69694
8.24819
8.24819
8.41119
9.28543
13.9869
8.52285
8.78592
8.36939
8.32669
9.46597
8.00206
8.11059
8.11059
8.58298
8.01837
8.88012
8.40786
10.0151
8.38865
8.06602
8.06602
8.42399
8.35954
15.0764
8.97675
13.2542
14.2846
27.0395
8.18936
8.13738
8.6044
8.8624
8.8624
12.9472
13.5633
8.44343
9.63178
11.5945
13.2376
13.2376
11.641
11.4916
8.35223
8.35223
8.97778
9.18386
25.217
24.4901
14.4674
14.4674
13.1188
8.48428
8.20397
8.20397
8.16158
8.59543
8.59543
27.4355
8.15156
16.3139
9.38899
9.38899
8.02446
8.39893
8.98617
8.98617
12.964
17.0499
15.1731
8.03274
8.74198
12.1932
14.7306
8.41327
8.21025
17.3282
17.3282
12.704
8.05217
8.05217
16.6132
8.02382
8.02382
18.9114
20.3694
21.9923
18.1174
8.40891
10.1022
10.6326
10.6326
8.49487
12.1951
8.15307
8.12335
8.23775
20.7836
8.04725
8.04401
8.57655
8.45866
8.45866
8.22506
8.03896
8.03896
9.07673
8.34433
8.52428
9.46031
9.46031
8.12669
8.05897
10.1046
8.32605
9.03119
9.03119
8.07066
8.09525
9.50375
9.50375
8.56972
9.51629
8.28322
8.07269
20.7093
9.81942
8.05005
8.05005
8.4217
8.6092
8.6092
9.2651
9.2651
8.3533
8.16818
8.16818
8.51044
8.67485
8.11924
8.11924
8.32355
8.01633
15.0226
8.35416
8.44769
8.44769
8.18345
8.06843
8.33323
8.45079
8.45079
8.37269
8.13226
8.89633
8.02916
8.02916
8.39645
8.4427
8.27793
8.72529
8.30379
8.11586
8.27572
9.08858
9.08858
8.44923
8.23664
8.31981
8.12332
8.36452
8.01391
8.00733
8.00733
8.36451
8.87772
8.14337
9.73041
17.9969
9.02704
9.02704
8.00346
8.56538
8.32995
13.1444
14.3659
12.1404
8.57957
8.24316
8.39427
8.85412
15.4811
15.4811
14.7282
28.4146
14.5018
14.5018
8.36934
8.75446
8.07583
16.2653
14.5832
14.5832
8.40576
18.9912
8.19131
17.5678
8.89258
8.89258
26.5483
27.8463
9.29152
9.29152
19.4379
19.5686
19.5686
8.4084
8.15774
8.04177
8.36912
15.6482
8.1648
8.45235
8.02168
8.50951
8.64258
8.64258
8.3908
8.26286
8.55158
12.1011
12.9808
12.9813
8.83448
8.83448
14.3932
8.46401
8.36107
8.52453
8.30132
8.49653
25.1174
8.01021
9.51667
8.09281
17.5459
17.5459
13.3471
8.53849
8.22859
8.35988
8.00236
21.5629
21.5629
8.0921
8.21449
8.24508
8.24508
8.49208
8.08896
8.09602
8.39283
8.10556
8.10556
8.77981
8.28388
8.49631
8.49631
8.70105
9.1478
9.1478
8.0199
8.11446
8.67093
8.08873
8.08873
8.26171
8.28013
8.40395
8.40395
8.13788
8.60596
8.47306
8.08024
8.0618
8.19559
8.34581
11.0365
18.1429
21.406
21.406
21.5249
8.70445
8.4624
8.12045
23.9576
20.529
20.529
20.9979
14.6598
8.16876
13.1725
19.9198
20.812
8.16749
8.01238
8.13598
19.3034
17.6202
17.6202
10.059
8.01122
29.86
19.5175
23.3385
23.3385
14.154
13.1686
8.02897
20.4907
20.1384
20.1384
13.9225
16.9677
8.01825
10.4191
8.3013
8.3013
8.20141
13.641
8.06583
8.06583
8.52246
8.32157
8.32157
12.7402
19.5645
10.9385
23.8336
17.2653
10.9726
8.15656
11.0058
8.03573
18.7974
18.7974
14.6093
25.0752
8.82958
8.49679
8.33404
8.30315
8.0731
8.0731
8.37878
8.10399
12.8706
15.881
15.5466
8.02283
22.771
13.3738
8.78281
9.29665
8.4828
8.4828
8.40075
8.11082
8.22518
14.6919
24.3736
16.8678
16.8678
10.7788
8.53685
32
17.6885
8.20884
9.1615
12.0432
16.0406
16.0406
8.52564
8.2163
15.7263
12.484
8.16526
16.798
29.69
15.4366
8.01227
20.9745
22.3481
22.3481
21.1199
17.2174
8.01251
12.6436
11.4974
10.4026
10.4026
8.08773
11.2422
8.8069
8.8069
8.07256
8.01852
13.4534
16.5485
9.4505
9.4505
8.26203
19.258
8.73415
8.73415
9.16632
8.26684
8.26684
13.4447
8.60272
8.66446
18.5561
18.5561
26.1073
8.27533
14.4732
14.4732
8.82712
15.8233
13.8502
8.26022
8.1734
27.8381
26.6384
24.0353
8.02161
19.7786
19.7786
8.27464
8.4634
8.4634
8.0531
8.45182
8.45182
9.1189
8.01014
8.61377
8.53506
8.51122
8.4908
8.24286
8.24286
8.28383
22.6972
8.43888
13.2402
8.63448
8.63448
14.0432
8.50567
8.69855
8.71453
8.30695
8.30695
8.47785
8.55995
9.07178
9.07178
8.47737
8.3687
8.11883
8.0135
8.13683
8.13683
8.15243
8.54825
8.47568
8.47568
8.39536
9.33664
9.33664
8.80394
8.06006
9.78766
8.04321
8.04321
8.24354
8.24354
8.40839
8.40839
8.34634
9.17809
8.20825
8.17943
8.2213
9.58435
8.27105
10.0521
8.35267
8.67047
8.67047
10.0995
8.27928
8.27928
8.863
8.55139
8.55139
8.02043
8.83085
9.51177
8.9424
8.48725
8.30147
8.05887
8.05887
8.26675
8.10126
8.22224
9.35333
8.27582
8.27582
8.12137
8.53041
9.29948
9.0025
8.21044
8.21044
8.40875
8.44455
8.40898
8.05535
8.05535
8.19606
8.22305
8.67401
8.43544
8.05047
8.05047
8.17686
8.111
8.111
8.10515
9.88599
8.8855
8.04587
8.2299
8.2299
8.09051
8.41906
8.41906
8.28015
8.58694
18.6427
18.6427
14.0054
14.6735
8.05075
9.96025
22.771
8.19844
8.54412
8.05662
8.34839
8.34839
8.23906
8.25637
8.15782
8.36393
8.01438
10.1965
10.1965
8.933
10.3812
8.01073
8.01073
8.08883
8.743
10.9058
8.96484
8.60981
8.60981
9.46451
8.81532
8.12218
8.12218
9.37347
8.0668
8.0668
8.45976
9.61924
8.34222
8.35872
8.35872
8.20544
8.20544
9.5313
9.5313
9.75089
8.16622
8.76561
8.07385
8.08814
8.12386
8.18935
8.61894
8.02932
8.36181
8.36181
8.11744
8.02976
8.02976
8.11204
8.19392
8.19392
10.1233
8.45239
8.45405
10.1378
8.17195
9.40501
8.59995
8.59995
8.17809
8.42599
8.15026
9.68127
10.301
10.301
8.1002
8.10334
8.01039
8.15859
8.78062
8.78062
9.46617
8.31802
8.13638
10.091
10.091
8.21224
8.09127
8.73072
9.1998
9.27818
9.27818
8.01733
8.71231
8.71231
8.2738
14.8941
8.04718
8.27311
29.9909
8.16601
8.12186
8.12186
8.08319
8.58488
8.58488
8.55658
8.55658
8.20575
8.87696
8.87696
8.44382
8.07275
8.13609
8.13609
8.7772
8.68184
11.8097
8.29572
8.06065
8.06065
8.0402
9.22694
8.81452
8.02775
8.02775
8.05998
8.11182
8.16614
8.56811
8.56811
8.12449
8.08846
9.50031
8.27347
8.36965
10.0936
8.2798
8.27087
8.27087
9.41671
8.17092
8.33017
8.17051
9.23746
8.19837
8.07269
8.07269
8.19907
8.42168
8.16716
9.093
21.5978
8.22758
8.22758
8.07348
8.08345
8.08659
8.05602
8.49915
8.87935
8.28122
8.3611
8.16323
8.12725
8.92069
8.92069
8.23832
8.85614
22.941
8.75036
8.32216
8.32216
8.02753
8.01008
8.15181
10.5615
9.04471
9.04471
8.01711
8.07062
8.01669
8.23916
8.20143
8.20143
8.35157
8.25271
8.28512
8.28512
8.23264
9.44875
9.44875
8.44352
8.07917
16.7337
8.19338
10.1109
10.1109
8.25243
8.5433
9.193
8.36891
8.46885
8.46885
9.07466
8.09213
8.17321
8.17321
8.0618
8.69519
8.79771
8.10149
19.1966
8.72027
8.09179
8.09179
8.91809
8.75565
8.75565
8.1577
8.1577
8.3613
8.29773
8.29773
8.20903
8.08133
9.94663
9.94663
8.16714
8.04368
14.5816
9.18955
8.07559
8.07559
9.30187
8.43656
8.44186
8.18148
8.18148
8.53858
8.53523
9.10697
8.16006
8.16006
8.78683
8.07226
8.1529
8.30789
8.2416
8.21052
8.29141
9.12675
9.12675
8.39173
8.0454
8.91736
13.4633
8.18304
8.43455
8.84582
8.84582
8.11855
8.06376
8.29758
8.00232
28.4219
12.392
12.392
14.4172
8.3303
8.34166
8.58065
8.76345
8.45523
9.13322
8.38297
8.33906
9.06909
8.44806
8.44806
8.02486
8.25392
29.86
19.3686
10.7722
10.7722
8.61142
14.0826
8.09169
18.0213
19.4736
19.4736
8.34376
30.5199
12.4372
12.4372
8.10714
8.01982
8.01982
18.1373
10.2817
8.88345
12.6872
12.6872
13.3037
8.47086
10.9341
8.47252
10.1207
10.1207
16.7854
8.53139
14.8617
14.8617
8.25522
13.5167
15.1272
8.1597
31.9775
22.8778
25.5112
25.5112
17.0817
16.495
16.495
9.81449
9.81449
18.6398
8.33945
8.33945
17.9676
9.18517
11.329
11.329
8.51341
8.30777
20.423
15.8515
14.3402
14.3402
18.8511
9.77145
15.0551
8.03228
8.03228
11.6952
9.31346
9.03341
8.263
8.263
22.6854
8.36675
11.8411
8.99125
12.5922
14.1604
8.36105
14.2153
14.2153
8.14106
8.16511
8.17772
12.402
10.0386
12.9384
17.0777
17.0777
8.26196
15.2048
8.38035
9.72973
27.0035
14.9509
14.9509
14.8979
18.0827
8.47934
8.7671
13.9068
12.6973
16.0549
8.00171
10.8583
8.31641
9.01515
9.01515
8.404
8.22793
29.86
16.78
20.924
20.924
8.46364
8.2362
