0.3821
0.4219
0.3922
0.4085
0.4325
0.4185
0.4061
1.1219000000000001
0.1382
0.2722
0.2996
0.46140000000000003
0.5394
0.4104
0.40890000000000004
0.23160000000000003
0.1622
0.1764
0.1437
0.3148
0.3781
0.1832
0.1893
0.16699999999999998
0.47
0.4602
0.6156999999999999
0.9319
0.21800000000000003
0.6163000000000001
1.8377
0.7065
0.602
0.5471
0.6067
0.5933999999999999
0.5818000000000001
0.5498000000000001
0.6767000000000001
0.6086
2.0077
1.2465
0.5960000000000001
0.5045
0.34619999999999995
0.2692
0.24
0.2714
0.1358
0.136
0.1416
0.1368
0.10969999999999999
0.0644
0.0207
0.0239
0.0178
0.019200000000000002
0.0204
0.0068
0.030100000000000002
0.0292
0.0414
0.0187
0.0118
0.0102
0.0
0.4196
0.07
0.3933
0.2027
0.1336
5.7922
4.8285
3.964
1.2189999999999999
0.1252
0.12819999999999998
0.1071
0.1731
0.2193
0.2067
0.2186
0.1997
0.19390000000000002
0.1652
0.2187
0.4857
0.4387
0.5389
0.8472
1.521
0.8903000000000001
0.4283
0.3982
3.9463999999999997
5.9059
5.859
5.0006
4.7318
1.1526999999999998
0.0183
0.0351
0.0485
0.0404
0.0348
0.048100000000000004
0.0417
0.0354
0.037599999999999995
0.030199999999999998
0.0266
0.0194
0.0016
0.0016
0.074
0.7910999999999999
1.0612
0.9991
0.8244
0.7339
1.0455
1.2995999999999999
1.8296000000000001
1.6003
0.45289999999999997
0.028499999999999998
0.0559
0.0329
0.0892
0.40159999999999996
0.2653
0.1105
0.043899999999999995
0.0276
0.028
0.0233
0.012400000000000001
0.0
0.0
0.0082
0.030000000000000002
0.1558
0.39590000000000003
0.8842000000000001
0.3254
0.1496
0.1466
0.1633
0.2031
0.239
0.2943
0.3162
0.3597
0.4552
0.6612
0.8659
0.5589
0.5446
0.5045
0.8041
1.1298
1.3326
1.3702
1.4503
1.6203
1.8234
1.5899999999999999
0.3821
0.4219
0.3922
0.4085
0.4325
0.4185
0.4061
1.1219000000000001
0.1382
0.2722
0.2996
0.46140000000000003
0.5394
0.4104
0.40890000000000004
0.23160000000000003
0.1622
0.1764
0.1437
0.3148
0.3781
0.1832
0.1893
0.16699999999999998
0.47
0.4602
0.6156999999999999
0.9319
0.21800000000000003
0.6163000000000001
1.8377
0.7065
0.602
0.5471
0.6067
0.5933999999999999
0.5818000000000001
0.5498000000000001
0.6767000000000001
0.6086
2.0077
1.2465
0.5960000000000001
0.5045
0.34619999999999995
0.2692
0.24
0.2714
0.1358
0.136
0.1416
0.1368
0.10969999999999999
0.0644
0.0207
0.0239
0.0178
0.019200000000000002
0.0204
0.0068
0.030100000000000002
0.0292
0.0414
0.0187
0.0118
0.0102
0.0
0.4196
0.07
0.3933
0.2027
0.1336
5.7922
4.8285
3.964
1.2189999999999999
0.1252
0.12819999999999998
0.1071
0.1731
0.2193
0.2067
0.2186
0.1997
0.19390000000000002
0.1652
0.2187
0.4857
0.4387
0.5389
0.8472
1.521
0.8903000000000001
0.4283
0.3982
3.9463999999999997
5.9059
5.859
5.0006
4.7318
1.1526999999999998
0.0183
0.0351
0.0485
0.0404
0.0348
0.048100000000000004
0.0417
0.0354
0.037599999999999995
0.030199999999999998
0.0266
0.0194
0.0016
0.0016
0.074
0.7910999999999999
1.0612
0.9991
0.8244
0.7339
1.0455
1.2995999999999999
1.8296000000000001
1.6003
0.45289999999999997
0.028499999999999998
0.0559
0.0329
0.0892
0.40159999999999996
0.2653
0.1105
0.043899999999999995
0.0276
0.028
0.0233
0.012400000000000001
0.0
0.0
0.0082
0.030000000000000002
0.1558
0.39590000000000003
0.8842000000000001
0.3254
0.1496
0.1466
0.1633
0.2031
0.239
0.2943
0.3162
0.3597
0.4552
0.6612
0.8659
0.5589
0.5446
0.5045
0.8041
1.1298
1.3326
1.3702
1.4503
1.6203
1.8234
1.5899999999999999
0.3821
0.4219
0.3922
0.4085
0.4325
0.4185
0.4061
1.1219000000000001
0.1382
0.2722
0.2996
0.46140000000000003
0.5394
0.4104
0.40890000000000004
0.23160000000000003
0.1622
0.1764
0.1437
0.3148
0.3781
0.1832
0.1893
0.16699999999999998
0.47
0.4602
0.6156999999999999
0.9319
0.21800000000000003
0.6163000000000001
1.8377
0.7065
0.602
0.5471
0.6067
0.5933999999999999
0.5818000000000001
0.5498000000000001
0.6767000000000001
0.6086
2.0077
1.2465
0.5960000000000001
0.5045
0.34619999999999995
0.2692
0.24
0.2714
0.1358
0.136
0.1416
0.1368
0.10969999999999999
0.0644
0.0207
0.0239
0.0178
0.019200000000000002
0.0204
0.0068
0.030100000000000002
0.0292
0.0414
0.0187
0.0118
0.0102
0.0
0.4196
0.07
0.3933
0.2027
0.1336
5.7922
4.8285
3.964
1.2189999999999999
0.1252
0.12819999999999998
0.1071
0.1731
0.2193
0.2067
0.2186
0.1997
0.19390000000000002
0.1652
0.2187
0.4857
0.4387
0.5389
0.8472
1.521
0.8903000000000001
0.4283
0.3982
3.9463999999999997
5.9059
5.859
5.0006
4.7318
1.1526999999999998
0.0183
0.0351
0.0485
0.0404
0.0348
0.048100000000000004
0.0417
0.0354
0.037599999999999995
0.030199999999999998
0.0266
0.0194
0.0016
0.0016
0.074
0.7910999999999999
1.0612
0.9991
0.8244
0.7339
1.0455
1.2995999999999999
1.8296000000000001
1.6003
0.45289999999999997
0.028499999999999998
0.0559
0.0329
0.0892
0.40159999999999996
0.2653
0.1105
0.043899999999999995
0.0276
0.028
0.0233
0.012400000000000001
0.0
0.0
0.0082
0.030000000000000002
0.1558
0.39590000000000003
0.8842000000000001
0.3254
0.1496
0.1466
0.1633
0.2031
0.239
0.2943
0.3162
0.3597
0.4552
0.6612
0.8659
0.5589
0.5446
0.5045
0.8041
1.1298
1.3326
1.3702
1.4503
1.6203
1.8234
1.5899999999999999
0.3821
0.4219
0.3922
0.4085
0.4325
0.4185
0.4061
1.1219000000000001
0.1382
0.2722
0.2996
0.46140000000000003
0.5394
0.4104
0.40890000000000004
0.23160000000000003
0.1622
0.1764
0.1437
0.3148
0.3781
0.1832
0.1893
0.16699999999999998
0.47
0.4602
0.6156999999999999
0.9319
0.21800000000000003
0.6163000000000001
1.8377
0.7065
0.602
0.5471
0.6067
0.5933999999999999
0.5818000000000001
0.5498000000000001
0.6767000000000001
0.6086
2.0077
1.2465
0.5960000000000001
0.5045
0.34619999999999995
0.2692
0.24
0.2714
0.1358
0.136
0.1416
0.1368
0.10969999999999999
0.0644
0.0207
0.0239
0.0178
0.019200000000000002
0.0204
0.0068
0.030100000000000002
0.0292
0.0414
0.0187
0.0118
0.0102
0.0
0.4196
0.07
0.3933
0.2027
0.1336
5.7922
4.8285
3.964
1.2189999999999999
0.1252
0.12819999999999998
0.1071
0.1731
0.2193
0.2067
0.2186
0.1997
0.19390000000000002
0.1652
0.2187
0.4857
0.4387
0.5389
0.8472
1.521
0.8903000000000001
0.4283
0.3982
3.9463999999999997
5.9059
5.859
5.0006
4.7318
1.1526999999999998
0.0183
0.0351
0.0485
0.0404
0.0348
0.048100000000000004
0.0417
0.0354
0.037599999999999995
0.030199999999999998
0.0266
0.0194
0.0016
0.0016
0.074
0.7910999999999999
1.0612
0.9991
0.8244
0.7339
1.0455
1.2995999999999999
1.8296000000000001
1.6003
0.45289999999999997
0.028499999999999998
0.0559
0.0329
0.0892
0.40159999999999996
0.2653
0.1105
0.043899999999999995
0.0276
0.028
0.0233
0.012400000000000001
0.0
0.0
0.0082
0.030000000000000002
0.1558
0.39590000000000003
0.8842000000000001
0.3254
0.1496
0.1466
0.1633
0.2031
0.239
0.2943
0.3162
0.3597
0.4552
0.6612
0.8659
0.5589
0.5446
0.5045
0.8041
1.1298
1.3326
1.3702
1.4503
1.6203
1.8234
1.5899999999999999
0.3821
0.4219
0.3922
0.4085
0.4325
0.4185
0.4061
1.1219000000000001
0.1382
0.2722
0.2996
0.46140000000000003
0.5394
0.4104
0.40890000000000004
0.23160000000000003
0.1622
0.1764
0.1437
0.3148
0.3781
0.1832
0.1893
0.16699999999999998
0.47
0.4602
0.6156999999999999
0.9319
0.21800000000000003
0.6163000000000001
1.8377
0.7065
0.602
0.5471
0.6067
0.5933999999999999
0.5818000000000001
0.5498000000000001
0.6767000000000001
0.6086
2.0077
1.2465
0.5960000000000001
0.5045
0.34619999999999995
0.2692
0.24
0.2714
0.1358
0.136
0.1416
0.1368
0.10969999999999999
0.0644
0.0207
0.0239
0.0178
0.019200000000000002
0.0204
0.0068
0.030100000000000002
0.0292
0.0414
0.0187
0.0118
0.0102
0.0
0.4196
0.07
0.3933
0.2027
0.1336
2.3403
2.8605
2.9791
1.2672
0.28569999999999995
0.3136
0.3574
0.4396
1.3009
1.8319999999999999
1.758
1.0843
0.9099999999999999
0.7026
1.1617
4.5047
1.5865
1.8597000000000001
2.5021
0.8940999999999999
0.4665
0.443
0.4306
4.1877
1.7184
0.4003
0.361
0.29979999999999996
0.17880000000000001
0.11580000000000001
0.0685
0.0371
0.0144
0.0
0.0723
0.5781
0.12240000000000001
0.0
0.0246
0.0348
0.8195
0.1414
0.241
0.5196
1.4175
0.8847
0.3
0.2319
0.9160999999999999
0.9067
0.9026000000000001
0.8487
0.7085
0.4485
0.7041
1.1267
0.0292
0.0742
0.1266
0.20240000000000002
0.2132
0.12940000000000002
0.1977
0.9318000000000001
0.8038000000000001
0.0632
0.12869999999999998
0.161
0.0019
0.10450000000000001
0.0191
0.1533
3.1662000000000003
6.035299999999999
2.3173
0.7754000000000001
0.2635
0.0608
0.0556
0.0458
0.0446
0.0599
0.061700000000000005
0.061200000000000004
0.0495
0.065
0.083
0.6667000000000001
0.4716
0.2085
0.2912
0.4573
0.6868
0.9624
0.7512000000000001
0.5332
0.1498
0.0376
1.0576
7.129
6.829000000000001
3.7318000000000002
0.6325000000000001
0.4948
0.7009000000000001
0.7208
0.7299
0.8234
1.68
2.8185000000000002
1.1134
0.8431
0.5207
0.44989999999999997
0.5223
0.6113999999999999
0.7057
1.1983
1.1874
0.4506
2.0321
2.3543000000000003
2.5286
1.9183
0.1119
0.1019
0.1056
0.1406
0.1805
0.2004
0.2176
0.31599999999999995
0.4306
0.8130999999999999
0.8996999999999999
0.5827
0.8846
1.3037
1.3511
1.4784000000000002
1.5203
0.9487
0.46799999999999997
1.5179
0.0
0.1773
2.0699
2.3878
1.4916
0.0049
0.0828
0.6623
0.1189
0.2076
0.2268
0.3529
0.3267
0.3774
0.7962
0.4969
0.0351
0.059699999999999996
0.12840000000000001
0.3889
0.2934
0.0
0.0
0.0094
2.3403
2.8605
2.9791
1.2672
0.28569999999999995
0.3136
0.3574
0.4396
1.3009
1.8319999999999999
1.758
1.0843
0.9099999999999999
0.7026
1.1617
4.5047
1.5865
1.8597000000000001
2.5021
0.8940999999999999
0.4665
0.443
0.4306
4.1877
1.7184
0.4003
0.361
0.29979999999999996
0.17880000000000001
0.11580000000000001
0.0685
0.0371
0.0144
0.0
0.0723
0.5781
0.12240000000000001
0.0
0.0246
0.0348
0.8195
0.1414
0.241
0.5196
1.4175
0.8847
0.3
0.2319
0.9160999999999999
0.9067
0.9026000000000001
0.8487
0.7085
0.4485
0.7041
1.1267
0.0292
0.0742
0.1266
0.20240000000000002
0.2132
0.12940000000000002
0.1977
0.9318000000000001
0.8038000000000001
0.0632
0.12869999999999998
0.161
0.0019
0.10450000000000001
0.0191
0.1533
3.1662000000000003
6.035299999999999
2.3173
0.7754000000000001
0.2635
0.0608
0.0556
0.0458
0.0446
0.0599
0.061700000000000005
0.061200000000000004
0.0495
0.065
0.083
0.6667000000000001
0.4716
0.2085
0.2912
0.4573
0.6868
0.9624
0.7512000000000001
0.5332
0.1498
0.0376
1.0576
7.129
6.829000000000001
3.7318000000000002
0.6325000000000001
0.4948
0.7009000000000001
0.7208
0.7299
0.8234
1.68
2.8185000000000002
1.1134
0.8431
0.5207
0.44989999999999997
0.5223
0.6113999999999999
0.7057
1.1983
1.1874
0.4506
2.0321
2.3543000000000003
2.5286
1.9183
0.1119
0.1019
0.1056
0.1406
0.1805
0.2004
0.2176
0.31599999999999995
0.4306
0.8130999999999999
0.8996999999999999
0.5827
0.8846
1.3037
1.3511
1.4784000000000002
1.5203
0.9487
0.46799999999999997
1.5179
0.0
0.1773
2.0699
2.3878
1.4916
0.0049
0.0828
0.6623
0.1189
0.2076
0.2268
0.3529
0.3267
0.3774
0.7962
0.4969
0.0351
0.059699999999999996
0.12840000000000001
0.3889
0.2934
0.0
0.0
0.0094
2.3403
2.8605
2.9791
1.2672
0.28569999999999995
0.3136
0.3574
0.4396
1.3009
1.8319999999999999
1.758
1.0843
0.9099999999999999
0.7026
1.1617
4.5047
1.5865
1.8597000000000001
2.5021
0.8940999999999999
0.4665
0.443
0.4306
4.1877
1.7184
0.4003
0.361
0.29979999999999996
0.17880000000000001
0.11580000000000001
0.0685
0.0371
0.0144
0.0
0.0723
0.5781
0.12240000000000001
0.0
0.0246
0.0348
0.8195
0.1414
0.241
0.5196
1.4175
0.8847
0.3
0.2319
0.9160999999999999
0.9067
0.9026000000000001
0.8487
0.7085
0.4485
0.7041
1.1267
0.0292
0.0742
0.1266
0.20240000000000002
0.2132
0.12940000000000002
0.1977
0.9318000000000001
0.8038000000000001
0.0632
0.12869999999999998
0.161
0.0019
0.10450000000000001
0.0191
0.1533
3.1662000000000003
6.035299999999999
2.3173
0.7754000000000001
0.2635
0.0608
0.0556
0.0458
0.0446
0.0599
0.061700000000000005
0.061200000000000004
0.0495
0.065
0.083
0.6667000000000001
0.4716
0.2085
0.2912
0.4573
0.6868
0.9624
0.7512000000000001
0.5332
0.1498
0.0376
1.0576
7.129
6.829000000000001
3.7318000000000002
0.6325000000000001
0.4948
0.7009000000000001
0.7208
0.7299
0.8234
1.68
2.8185000000000002
1.1134
0.8431
0.5207
0.44989999999999997
0.5223
0.6113999999999999
0.7057
1.1983
1.1874
0.4506
2.0321
2.3543000000000003
2.5286
1.9183
0.1119
0.1019
0.1056
0.1406
0.1805
0.2004
0.2176
0.31599999999999995
0.4306
0.8130999999999999
0.8996999999999999
0.5827
0.8846
1.3037
1.3511
1.4784000000000002
1.5203
0.9487
0.46799999999999997
1.5179
0.0
0.1773
2.0699
2.3878
1.4916
0.0049
0.0828
0.6623
0.1189
0.2076
0.2268
0.3529
0.3267
0.3774
0.7962
0.4969
0.0351
0.059699999999999996
0.12840000000000001
0.3889
0.2934
0.0
0.0
0.0094
2.3403
2.8605
2.9791
1.2672
0.28569999999999995
0.3136
0.3574
0.4396
1.3009
1.8319999999999999
1.758
1.0843
0.9099999999999999
0.7026
1.1617
4.5047
1.5865
1.8597000000000001
2.5021
0.8940999999999999
0.4665
0.443
0.4306
4.1877
1.7184
0.4003
0.361
0.29979999999999996
0.17880000000000001
0.11580000000000001
0.0685
0.0371
0.0144
0.0
0.0723
0.5781
0.12240000000000001
0.0
0.0246
0.0348
0.8195
0.1414
0.241
0.5196
1.4175
0.8847
0.3
0.2319
0.9160999999999999
0.9067
0.9026000000000001
0.8487
0.7085
0.4485
0.7041
1.1267
0.0292
0.0742
0.1266
0.20240000000000002
0.2132
0.12940000000000002
0.1977
0.9318000000000001
0.8038000000000001
0.0632
0.12869999999999998
0.161
0.0019
0.10450000000000001
0.0191
0.1533
3.1662000000000003
6.035299999999999
2.3173
0.7754000000000001
0.2635
0.0608
0.0556
0.0458
0.0446
0.0599
0.061700000000000005
0.061200000000000004
0.0495
0.065
0.083
0.6667000000000001
0.4716
0.2085
0.2912
0.4573
0.6868
0.9624
0.7512000000000001
0.5332
0.1498
0.0376
1.0576
7.129
6.829000000000001
3.7318000000000002
0.6325000000000001
0.4948
0.7009000000000001
0.7208
0.7299
0.8234
1.68
2.8185000000000002
1.1134
0.8431
0.5207
0.44989999999999997
0.5223
0.6113999999999999
0.7057
1.1983
1.1874
0.4506
2.0321
2.3543000000000003
2.5286
1.9183
0.1119
0.1019
0.1056
0.1406
0.1805
0.2004
0.2176
0.31599999999999995
0.4306
0.8130999999999999
0.8996999999999999
0.5827
0.8846
1.3037
1.3511
1.4784000000000002
1.5203
0.9487
0.46799999999999997
1.5179
0.0
0.1773
2.0699
2.3878
1.4916
0.0049
0.0828
0.6623
0.1189
0.2076
0.2268
0.3529
0.3267
0.3774
0.7962
0.4969
0.0351
0.059699999999999996
0.12840000000000001
0.3889
0.2934
0.0
0.0
0.0094
0.8473999999999999
0.0435
0.0621
0.057300000000000004
0.0398
0.0477
0.0567
0.0388
0.0369
0.0403
0.0363
0.039900000000000005
0.036000000000000004
0.0339
0.0342
0.045
0.0353
0.0579
0.0892
0.0524
0.042300000000000004
0.032299999999999995
0.0299
2.3228
0.25560000000000005
0.266
0.2691
0.272
0.26180000000000003
0.2049
0.15639999999999998
0.22119999999999998
0.046799999999999994
0.0503
0.0381
0.0329
0.0347
0.0292
0.0376
0.0327
0.0279
0.036500000000000005
0.197
0.2661
0.16749999999999998
0.15539999999999998
0.1671
0.182
1.8729
1.6783
0.3333
0.19490000000000002
0.1122
0.12519999999999998
0.0728
0.0627
0.0698
0.1042
0.12569999999999998
0.7098
1.0584
0.1643
0.0942
0.12129999999999999
0.2438
1.9175999999999997
0.7905
0.6737
0.8456
1.3315000000000001
1.5609000000000002
1.1136
0.1606
0.1517
0.1469
0.14529999999999998
0.153
0.37320000000000003
0.1194
0.2287
0.1592
0.5156000000000001
0.16160000000000002
0.2114
0.18
0.1385
0.1303
0.1371
0.15389999999999998
0.2207
0.1901
0.22660000000000002
0.2631
0.2564
0.2314
0.1995
0.14550000000000002
0.1588
0.1751
0.17099999999999999
0.1815
0.197
0.2797
0.3674
0.33420000000000005
0.33540000000000003
0.2973
0.2962
0.21810000000000002
0.1985
1.4243
0.1387
0.1112
0.0477
0.0
0.0
0.0
0.0
0.0
0.0
2.0526999999999997
0.8676
2.1084
1.6012
0.9297
1.8185
1.2927
1.4223
1.8275000000000001
0.5565
0.5534
0.567
0.751
0.4038
0.1243
0.0
0.0
0.0
0.0251
0.24270000000000003
0.0996
0.0
0.0
0.0
4.0758
0.8391
0.1323
0.1163
0.1269
0.1563
0.1928
0.2246
0.1563
0.1167
0.1007
0.08410000000000001
0.07350000000000001
0.0645
0.0553
0.060899999999999996
0.0469
0.2593
0.7436
0.3527
0.6374
0.4415
0.1469
1.3194000000000001
0.8473999999999999
0.0435
0.0621
0.057300000000000004
0.0398
0.0477
0.0567
0.0388
0.0369
0.0403
0.0363
0.039900000000000005
0.036000000000000004
0.0339
0.0342
0.045
0.0353
0.0579
0.0892
0.0524
0.042300000000000004
0.032299999999999995
0.0299
2.3228
0.25560000000000005
0.266
0.2691
0.272
0.26180000000000003
0.2049
0.15639999999999998
0.22119999999999998
0.046799999999999994
0.0503
0.0381
0.0329
0.0347
0.0292
0.0376
0.0327
0.0279
0.036500000000000005
0.197
0.2661
0.16749999999999998
0.15539999999999998
0.1671
0.182
1.8729
1.6783
0.3333
0.19490000000000002
0.1122
0.12519999999999998
0.0728
0.0627
0.0698
0.1042
0.12569999999999998
0.7098
1.0584
0.1643
0.0942
0.12129999999999999
0.2438
1.9175999999999997
0.7905
0.6737
0.8456
1.3315000000000001
1.5609000000000002
1.1136
0.1606
0.1517
0.1469
0.14529999999999998
0.153
0.37320000000000003
0.1194
0.2287
0.1592
0.5156000000000001
0.16160000000000002
0.2114
0.18
0.1385
0.1303
0.1371
0.15389999999999998
0.2207
0.1901
0.22660000000000002
0.2631
0.2564
0.2314
0.1995
0.14550000000000002
0.1588
0.1751
0.17099999999999999
0.1815
0.197
0.2797
0.3674
0.33420000000000005
0.33540000000000003
0.2973
0.2962
0.21810000000000002
0.1985
1.4243
0.1387
0.1112
0.0477
0.0
0.0
0.0
0.0
0.0
0.0
2.0526999999999997
0.8676
2.1084
1.6012
0.9297
1.8185
1.2927
1.4223
1.8275000000000001
0.5565
0.5534
0.567
0.751
0.4038
0.1243
0.0
0.0
0.0
0.0251
0.24270000000000003
0.0996
0.0
0.0
0.0
4.0758
0.8391
0.1323
0.1163
0.1269
0.1563
0.1928
0.2246
0.1563
0.1167
0.1007
0.08410000000000001
0.07350000000000001
0.0645
0.0553
0.060899999999999996
0.0469
0.2593
0.7436
0.3527
0.6374
0.4415
0.1469
1.3194000000000001
0.8473999999999999
0.0435
0.0621
0.057300000000000004
0.0398
0.0477
0.0567
0.0388
0.0369
0.0403
0.0363
0.039900000000000005
0.036000000000000004
0.0339
0.0342
0.045
0.0353
0.0579
0.0892
0.0524
0.042300000000000004
0.032299999999999995
0.0299
2.3228
0.25560000000000005
0.266
0.2691
0.272
0.26180000000000003
0.2049
0.15639999999999998
0.22119999999999998
0.046799999999999994
0.0503
0.0381
0.0329
0.0347
0.0292
0.0376
0.0327
0.0279
0.036500000000000005
0.197
0.2661
0.16749999999999998
0.15539999999999998
0.1671
0.182
1.8729
1.6783
0.3333
0.19490000000000002
0.1122
0.12519999999999998
0.0728
0.0627
0.0698
0.1042
0.12569999999999998
0.7098
1.0584
0.1643
0.0942
0.12129999999999999
0.2438
1.9175999999999997
0.7905
0.6737
0.8456
1.3315000000000001
1.5609000000000002
1.1136
0.1606
0.1517
0.1469
0.14529999999999998
0.153
0.37320000000000003
0.1194
0.2287
0.1592
0.5156000000000001
0.16160000000000002
0.2114
0.18
0.1385
0.1303
0.1371
0.15389999999999998
0.2207
0.1901
0.22660000000000002
0.2631
0.2564
0.2314
0.1995
0.14550000000000002
0.1588
0.1751
0.17099999999999999
0.1815
0.197
0.2797
0.3674
0.33420000000000005
0.33540000000000003
0.2973
0.2962
0.21810000000000002
0.1985
1.4243
0.1387
0.1112
0.0477
0.0
0.0
0.0
0.0
0.0
0.0
2.0526999999999997
0.8676
2.1084
1.6012
0.9297
1.8185
1.2927
1.4223
1.8275000000000001
0.5565
0.5534
0.567
0.751
0.4038
0.1243
0.0
0.0
0.0
0.0251
0.24270000000000003
0.0996
0.0
0.0
0.0
4.0758
0.8391
0.1323
0.1163
0.1269
0.1563
0.1928
0.2246
0.1563
0.1167
0.1007
0.08410000000000001
0.07350000000000001
0.0645
0.0553
0.060899999999999996
0.0469
0.2593
0.7436
0.3527
0.6374
0.4415
0.1469
1.3194000000000001
0.8473999999999999
0.0435
0.0621
0.057300000000000004
0.0398
0.0477
0.0567
0.0388
0.0369
0.0403
0.0363
0.039900000000000005
0.036000000000000004
0.0339
0.0342
0.045
0.0353
0.0579
0.0892
0.0524
0.042300000000000004
0.032299999999999995
0.0299
2.3228
0.25560000000000005
0.266
0.2691
0.272
0.26180000000000003
0.2049
0.15639999999999998
0.22119999999999998
0.046799999999999994
0.0503
0.0381
0.0329
0.0347
0.0292
0.0376
0.0327
0.0279
0.036500000000000005
0.197
0.2661
0.16749999999999998
0.15539999999999998
0.1671
0.182
1.8729
1.6783
0.3333
0.19490000000000002
0.1122
0.12519999999999998
0.0728
0.0627
0.0698
0.1042
0.12569999999999998
0.7098
1.0584
0.1643
0.0942
0.12129999999999999
0.2438
1.9175999999999997
0.7905
0.6737
0.8456
1.3315000000000001
1.5609000000000002
1.1136
0.1606
0.1517
0.1469
0.14529999999999998
0.153
0.37320000000000003
0.1194
0.2287
0.1592
0.5156000000000001
0.16160000000000002
0.2114
0.18
0.1385
0.1303
0.1371
0.15389999999999998
0.2207
0.1901
0.22660000000000002
0.2631
0.2564
0.2314
0.1995
0.14550000000000002
0.1588
0.1751
0.17099999999999999
0.1815
0.197
0.2797
0.3674
0.33420000000000005
0.33540000000000003
0.2973
0.2962
0.21810000000000002
0.1985
1.4243
0.1387
0.1112
0.0477
0.0
0.0
0.0
0.0
0.0
0.0
2.0526999999999997
0.8676
2.1084
1.6012
0.9297
1.8185
1.2927
1.4223
1.8275000000000001
0.5565
0.5534
0.567
0.751
0.4038
0.1243
0.0
0.0
0.0
0.0251
0.24270000000000003
0.0996
0.0
0.0
0.0
4.0758
0.8391
0.1323
0.1163
0.1269
0.1563
0.1928
0.2246
0.1563
0.1167
0.1007
0.08410000000000001
0.07350000000000001
0.0645
0.0553
0.060899999999999996
0.0469
0.2593
0.7436
0.3527
0.6374
0.4415
0.1469
1.3194000000000001
0.8473999999999999
0.0435
0.0621
0.057300000000000004
0.0398
0.0477
0.0567
0.0388
0.0369
0.0403
0.0363
0.039900000000000005
0.036000000000000004
0.0339
0.0342
0.045
0.0353
0.0579
0.0892
0.0524
0.042300000000000004
0.032299999999999995
0.0299
2.3228
0.25560000000000005
0.266
0.2691
0.272
0.26180000000000003
0.2049
0.15639999999999998
0.22119999999999998
0.046799999999999994
0.0503
0.0381
0.0329
0.0347
0.0292
0.0376
0.0327
0.0279
0.036500000000000005
0.197
0.2661
0.16749999999999998
0.15539999999999998
0.1671
0.182
1.8729
1.6783
0.3333
0.19490000000000002
0.1122
0.12519999999999998
0.0728
0.0627
0.0698
0.1042
0.12569999999999998
0.7098
1.0584
0.1643
0.0942
0.12129999999999999
0.2438
1.9175999999999997
0.7905
0.6737
0.8456
1.3315000000000001
1.5609000000000002
1.1136
0.1439
0.1285
0.1192
0.1015
0.1197
0.1965
0.4417
0.4917
0.2251
2.1851000000000003
0.2649
0.1613
0.1904
0.149
1.3669
1.1372
0.322
0.2392
1.4865
1.0176
2.0718
0.6834
0.1084
0.0983
0.1241
0.1117
0.1066
0.1032
0.0978
0.08760000000000001
0.0896
0.07830000000000001
0.0708
0.15489999999999998
0.1699
0.2167
0.1431
0.09809999999999999
0.10289999999999999
0.1003
0.2363
0.1237
0.2043
0.0809
0.1501
0.175
0.21000000000000002
0.1531
3.2348
3.0273000000000003
2.6449
3.0868
3.0496
1.2381
0.3117
0.7733000000000001
0.1131
0.0
0.0127
0.045899999999999996
0.0159
0.0135
0.019700000000000002
0.008
0.0061
0.0528
0.1855
0.41269999999999996
0.9091
1.3662
1.5169
1.5023
1.4516
0.0148
0.0187
0.0354
0.0324
0.0379
0.039099999999999996
0.055900000000000005
0.047
0.044
0.0398
0.0455
0.0353
0.033699999999999994
0.03319999999999999
0.0347
0.030600000000000002
0.046799999999999994
0.048
0.0589
0.06889999999999999
0.0653
0.08829999999999999
2.0445
0.5378000000000001
0.21939999999999998
0.1893
0.1624
0.1583
0.1666
0.20490000000000003
0.2336
0.2538
0.24380000000000002
0.25870000000000004
0.3104
0.4118
1.308
0.48240000000000005
0.246
0.25229999999999997
0.8619
0.6297
0.7166
0.44
0.0426
0.0324
3.4043
0.1553
0.1483
0.14529999999999998
0.1452
0.1431
0.1346
0.1114
0.11510000000000001
0.17759999999999998
0.1427
0.11510000000000001
0.0996
0.10289999999999999
0.10070000000000001
0.1113
0.1196
0.1479
0.1386
0.1261
0.1207
0.1206
0.1364
0.18130000000000002
0.1879
0.2192
0.2224
0.27390000000000003
0.22599999999999998
0.24009999999999998
0.2476
0.22959999999999997
0.1595
0.10300000000000001
0.0633
0.0779
0.1502
0.1489
0.0544
1.9343
0.0438
0.117
1.2562
0.199
0.3131
0.4989
0.0214
0.0
0.0
0.1439
0.1285
0.1192
0.1015
0.1197
0.1965
0.4417
0.4917
0.2251
2.1851000000000003
0.2649
0.1613
0.1904
0.149
1.3669
1.1372
0.322
0.2392
1.4865
1.0176
2.0718
0.6834
0.1084
0.0983
0.1241
0.1117
0.1066
0.1032
0.0978
0.08760000000000001
0.0896
0.07830000000000001
0.0708
0.15489999999999998
0.1699
0.2167
0.1431
0.09809999999999999
0.10289999999999999
0.1003
0.2363
0.1237
0.2043
0.0809
0.1501
0.175
0.21000000000000002
0.1531
3.2348
3.0273000000000003
2.6449
3.0868
3.0496
1.2381
0.3117
0.7733000000000001
0.1131
0.0
0.0127
0.045899999999999996
0.0159
0.0135
0.019700000000000002
0.008
0.0061
0.0528
0.1855
0.41269999999999996
0.9091
1.3662
1.5169
1.5023
1.4516
0.0148
0.0187
0.0354
0.0324
0.0379
0.039099999999999996
0.055900000000000005
0.047
0.044
0.0398
0.0455
0.0353
0.033699999999999994
0.03319999999999999
0.0347
0.030600000000000002
0.046799999999999994
0.048
0.0589
0.06889999999999999
0.0653
0.08829999999999999
2.0445
0.5378000000000001
0.21939999999999998
0.1893
0.1624
0.1583
0.1666
0.20490000000000003
0.2336
0.2538
0.24380000000000002
0.25870000000000004
0.3104
0.4118
1.308
0.48240000000000005
0.246
0.25229999999999997
0.8619
0.6297
0.7166
0.44
0.0426
0.0324
3.4043
0.1553
0.1483
0.14529999999999998
0.1452
0.1431
0.1346
0.1114
0.11510000000000001
0.17759999999999998
0.1427
0.11510000000000001
0.0996
0.10289999999999999
0.10070000000000001
0.1113
0.1196
0.1479
0.1386
0.1261
0.1207
0.1206
0.1364
0.18130000000000002
0.1879
0.2192
0.2224
0.27390000000000003
0.22599999999999998
0.24009999999999998
0.2476
0.22959999999999997
0.1595
0.10300000000000001
0.0633
0.0779
0.1502
0.1489
0.0544
1.9343
0.0438
0.117
1.2562
0.199
0.3131
0.4989
0.0214
0.0
0.0
0.1439
0.1285
0.1192
0.1015
0.1197
0.1965
0.4417
0.4917
0.2251
2.1851000000000003
0.2649
0.1613
0.1904
0.149
1.3669
1.1372
0.322
0.2392
1.4865
1.0176
2.0718
0.6834
0.1084
0.0983
0.1241
0.1117
0.1066
0.1032
0.0978
0.08760000000000001
0.0896
0.07830000000000001
0.0708
0.15489999999999998
0.1699
0.2167
0.1431
0.09809999999999999
0.10289999999999999
0.1003
0.2363
0.1237
0.2043
0.0809
0.1501
0.175
0.21000000000000002
0.1531
3.2348
3.0273000000000003
2.6449
3.0868
3.0496
1.2381
0.3117
0.7733000000000001
0.1131
0.0
0.0127
0.045899999999999996
0.0159
0.0135
0.019700000000000002
0.008
0.0061
0.0528
0.1855
0.41269999999999996
0.9091
1.3662
1.5169
1.5023
1.4516
0.0148
0.0187
0.0354
0.0324
0.0379
0.039099999999999996
0.055900000000000005
0.047
0.044
0.0398
0.0455
0.0353
0.033699999999999994
0.03319999999999999
0.0347
0.030600000000000002
0.046799999999999994
0.048
0.0589
0.06889999999999999
0.0653
0.08829999999999999
2.0445
0.5378000000000001
0.21939999999999998
0.1893
0.1624
0.1583
0.1666
0.20490000000000003
0.2336
0.2538
0.24380000000000002
0.25870000000000004
0.3104
0.4118
1.308
0.48240000000000005
0.246
0.25229999999999997
0.8619
0.6297
0.7166
0.44
0.0426
0.0324
3.4043
0.1553
0.1483
0.14529999999999998
0.1452
0.1431
0.1346
0.1114
0.11510000000000001
0.17759999999999998
0.1427
0.11510000000000001
0.0996
0.10289999999999999
0.10070000000000001
0.1113
0.1196
0.1479
0.1386
0.1261
0.1207
0.1206
0.1364
0.18130000000000002
0.1879
0.2192
0.2224
0.27390000000000003
0.22599999999999998
0.24009999999999998
0.2476
0.22959999999999997
0.1595
0.10300000000000001
0.0633
0.0779
0.1502
0.1489
0.0544
1.9343
0.0438
0.117
1.2562
0.199
0.3131
0.4989
0.0214
0.0
0.0
0.1439
0.1285
0.1192
0.1015
0.1197
0.1965
0.4417
0.4917
0.2251
2.1851000000000003
0.2649
0.1613
0.1904
0.149
1.3669
1.1372
0.322
0.2392
1.4865
1.0176
2.0718
0.6834
0.1084
0.0983
0.1241
0.1117
0.1066
0.1032
0.0978
0.08760000000000001
0.0896
0.07830000000000001
0.0708
0.15489999999999998
0.1699
0.2167
0.1431
0.09809999999999999
0.10289999999999999
0.1003
0.2363
0.1237
0.2043
0.0809
0.1501
0.175
0.21000000000000002
0.1531
3.2348
3.0273000000000003
2.6449
3.0868
3.0496
1.2381
0.3117
0.7733000000000001
0.1131
0.0
0.0127
0.045899999999999996
0.0159
0.0135
0.019700000000000002
0.008
0.0061
0.0528
0.1855
0.41269999999999996
0.9091
1.3662
1.5169
1.5023
1.4516
0.0148
0.0187
0.0354
0.0324
0.0379
0.039099999999999996
0.055900000000000005
0.047
0.044
0.0398
0.0455
0.0353
0.033699999999999994
0.03319999999999999
0.0347
0.030600000000000002
0.046799999999999994
0.048
0.0589
0.06889999999999999
0.0653
0.08829999999999999
2.0445
0.5378000000000001
0.21939999999999998
0.1893
0.1624
0.1583
0.1666
0.20490000000000003
0.2336
0.2538
0.24380000000000002
0.25870000000000004
0.3104
0.4118
1.308
0.48240000000000005
0.246
0.25229999999999997
0.8619
0.6297
0.7166
0.44
0.0426
0.0324
3.4043
0.1553
0.1483
0.14529999999999998
0.1452
0.1431
0.1346
0.1114
0.11510000000000001
0.17759999999999998
0.1427
0.11510000000000001
0.0996
0.10289999999999999
0.10070000000000001
0.1113
0.1196
0.1479
0.1386
0.1261
0.1207
0.1206
0.1364
0.18130000000000002
0.1879
0.2192
0.2224
0.27390000000000003
0.22599999999999998
0.24009999999999998
0.2476
0.22959999999999997
0.1595
0.10300000000000001
0.0633
0.0779
0.1502
0.1489
0.0544
1.9343
0.0438
0.117
1.2562
0.199
0.3131
0.4989
0.0214
0.0
0.0
0.1439
0.1285
0.1192
0.1015
0.1197
0.1965
0.4417
0.4917
0.2251
2.1851000000000003
0.2649
0.1613
0.1904
0.149
1.3669
1.1372
0.322
0.2392
1.4865
1.0176
2.0718
0.6834
0.1084
0.0983
0.1241
0.1117
0.1066
0.1032
0.0978
0.08760000000000001
0.0896
0.07830000000000001
0.0708
0.15489999999999998
0.1699
0.2167
0.1431
0.09809999999999999
0.10289999999999999
0.1003
0.2363
0.1237
0.2043
0.0809
0.1501
0.175
0.21000000000000002
0.1531
0.3584
1.1594
0.31720000000000004
0.2337
0.1912
0.1782
0.9148
0.7339
0.1198
0.1307
0.1327
0.136
0.121
0.12990000000000002
0.2264
0.8163
0.2099
0.23249999999999998
0.1525
0.0451
0.0521
0.11230000000000001
0.15839999999999999
0.1462
6.9125
6.6357
6.409
3.5269
0.7198
0.31579999999999997
0.14600000000000002
0.118
0.057999999999999996
0.0505
0.054
0.031
0.03
0.0171
0.0287
0.0482
0.101
0.22349999999999998
1.6480000000000001
0.9461999999999999
0.8311999999999999
0.8255
0.766
0.6446000000000001
3.3966000000000003
3.3777
3.3535
1.0885
0.2593
0.2786
0.3191
0.5338
0.8605
0.6692
0.40759999999999996
0.33440000000000003
0.309
0.3009
0.3176
0.3978
0.8744999999999999
1.0001
1.1379000000000001
1.1623999999999999
1.279
1.4792999999999998
1.5518
1.5972
2.0518
1.722
1.7547000000000001
1.0088000000000001
0.0893
0.10250000000000001
2.0101
0.6852
0.0
0.0287
0.0406
0.0548
0.0419
0.0286
0.045700000000000005
0.0203
0.0225
0.3009
0.3138
0.315
0.2366
0.1834
0.1583
0.383
2.7343
2.6464
2.8802
3.2853
3.2306999999999997
0.3743
1.0706
0.2817
0.0386
0.0326
0.0269
0.0443
0.0445
0.0351
0.060700000000000004
0.3716
1.4426999999999999
1.1783000000000001
1.2576
1.1973
0.48030000000000006
0.1876
0.1429
0.4608
0.2746
0.2636
0.281
0.2793
0.28700000000000003
0.4033
0.6427
0.3677
0.2915
0.2863
0.2263
0.1877
0.1904
0.1711
0.2563
0.47109999999999996
0.0636
0.0511
0.0043
0.0159
0.3716
0.0371
0.0413
0.0156
3.3907999999999996
6.516
5.1655
1.0605
0.3011
0.0538
0.0115
0.0
0.0006
0.0183
0.029400000000000003
0.056900000000000006
0.056999999999999995
0.0744
0.09129999999999999
0.0506
0.048600000000000004
0.048799999999999996
0.039
0.0193
0.0345
0.0146
0.0008
0.0
0.3584
1.1594
0.31720000000000004
0.2337
0.1912
0.1782
0.9148
0.7339
0.1198
0.1307
0.1327
0.136
0.121
0.12990000000000002
0.2264
0.8163
0.2099
0.23249999999999998
0.1525
0.0451
0.0521
0.11230000000000001
0.15839999999999999
0.1462
6.9125
6.6357
6.409
3.5269
0.7198
0.31579999999999997
0.14600000000000002
0.118
0.057999999999999996
0.0505
0.054
0.031
0.03
0.0171
0.0287
0.0482
0.101
0.22349999999999998
1.6480000000000001
0.9461999999999999
0.8311999999999999
0.8255
0.766
0.6446000000000001
3.3966000000000003
3.3777
3.3535
1.0885
0.2593
0.2786
0.3191
0.5338
0.8605
0.6692
0.40759999999999996
0.33440000000000003
0.309
0.3009
0.3176
0.3978
0.8744999999999999
1.0001
1.1379000000000001
1.1623999999999999
1.279
1.4792999999999998
1.5518
1.5972
2.0518
1.722
1.7547000000000001
1.0088000000000001
0.0893
0.10250000000000001
2.0101
0.6852
0.0
0.0287
0.0406
0.0548
0.0419
0.0286
0.045700000000000005
0.0203
0.0225
0.3009
0.3138
0.315
0.2366
0.1834
0.1583
0.383
2.7343
2.6464
2.8802
3.2853
3.2306999999999997
0.3743
1.0706
0.2817
0.0386
0.0326
0.0269
0.0443
0.0445
0.0351
0.060700000000000004
0.3716
1.4426999999999999
1.1783000000000001
1.2576
1.1973
0.48030000000000006
0.1876
0.1429
0.4608
0.2746
0.2636
0.281
0.2793
0.28700000000000003
0.4033
0.6427
0.3677
0.2915
0.2863
0.2263
0.1877
0.1904
0.1711
0.2563
0.47109999999999996
0.0636
0.0511
0.0043
0.0159
0.3716
0.0371
0.0413
0.0156
3.3907999999999996
6.516
5.1655
1.0605
0.3011
0.0538
0.0115
0.0
0.0006
0.0183
0.029400000000000003
0.056900000000000006
0.056999999999999995
0.0744
0.09129999999999999
0.0506
0.048600000000000004
0.048799999999999996
0.039
0.0193
0.0345
0.0146
0.0008
0.0
0.3584
1.1594
0.31720000000000004
0.2337
0.1912
0.1782
0.9148
0.7339
0.1198
0.1307
0.1327
0.136
0.121
0.12990000000000002
0.2264
0.8163
0.2099
0.23249999999999998
0.1525
0.0451
0.0521
0.11230000000000001
0.15839999999999999
0.1462
6.9125
6.6357
6.409
3.5269
0.7198
0.31579999999999997
0.14600000000000002
0.118
0.057999999999999996
0.0505
0.054
0.031
0.03
0.0171
0.0287
0.0482
0.101
0.22349999999999998
1.6480000000000001
0.9461999999999999
0.8311999999999999
0.8255
0.766
0.6446000000000001
3.3966000000000003
3.3777
3.3535
1.0885
0.2593
0.2786
0.3191
0.5338
0.8605
0.6692
0.40759999999999996
0.33440000000000003
0.309
0.3009
0.3176
0.3978
0.8744999999999999
1.0001
1.1379000000000001
1.1623999999999999
1.279
1.4792999999999998
1.5518
1.5972
2.0518
1.722
1.7547000000000001
1.0088000000000001
0.0893
0.10250000000000001
2.0101
0.6852
0.0
0.0287
0.0406
0.0548
0.0419
0.0286
0.045700000000000005
0.0203
0.0225
0.3009
0.3138
0.315
0.2366
0.1834
0.1583
0.383
2.7343
2.6464
2.8802
3.2853
3.2306999999999997
0.3743
1.0706
0.2817
0.0386
0.0326
0.0269
0.0443
0.0445
0.0351
0.060700000000000004
0.3716
1.4426999999999999
1.1783000000000001
1.2576
1.1973
0.48030000000000006
0.1876
0.1429
0.4608
0.2746
0.2636
0.281
0.2793
0.28700000000000003
0.4033
0.6427
0.3677
0.2915
0.2863
0.2263
0.1877
0.1904
0.1711
0.2563
0.47109999999999996
0.0636
0.0511
0.0043
0.0159
0.3716
0.0371
0.0413
0.0156
3.3907999999999996
6.516
5.1655
1.0605
0.3011
0.0538
0.0115
0.0
0.0006
0.0183
0.029400000000000003
0.056900000000000006
0.056999999999999995
0.0744
0.09129999999999999
0.0506
0.048600000000000004
0.048799999999999996
0.039
0.0193
0.0345
0.0146
0.0008
0.0
0.3584
1.1594
0.31720000000000004
0.2337
0.1912
0.1782
0.9148
0.7339
0.1198
0.1307
0.1327
0.136
0.121
0.12990000000000002
0.2264
0.8163
0.2099
0.23249999999999998
0.1525
0.0451
0.0521
0.11230000000000001
0.15839999999999999
0.1462
6.9125
6.6357
6.409
3.5269
0.7198
0.31579999999999997
0.14600000000000002
0.118
0.057999999999999996
0.0505
0.054
0.031
0.03
0.0171
0.0287
0.0482
0.101
0.22349999999999998
1.6480000000000001
0.9461999999999999
0.8311999999999999
0.8255
0.766
0.6446000000000001
3.3966000000000003
3.3777
3.3535
1.0885
0.2593
0.2786
0.3191
0.5338
0.8605
0.6692
0.40759999999999996
0.33440000000000003
0.309
0.3009
0.3176
0.3978
0.8744999999999999
1.0001
1.1379000000000001
1.1623999999999999
1.279
1.4792999999999998
1.5518
1.5972
2.0518
1.722
1.7547000000000001
1.0088000000000001
0.0893
0.10250000000000001
2.0101
0.6852
0.0
0.0287
0.0406
0.0548
0.0419
0.0286
0.045700000000000005
0.0203
0.0225
0.3009
0.3138
0.315
0.2366
0.1834
0.1583
0.383
2.7343
2.6464
2.8802
3.2853
3.2306999999999997
0.3743
1.0706
0.2817
0.0386
0.0326
0.0269
0.0443
0.0445
0.0351
0.060700000000000004
0.3716
1.4426999999999999
1.1783000000000001
1.2576
1.1973
0.48030000000000006
0.1876
0.1429
0.4608
0.2746
0.2636
0.281
0.2793
0.28700000000000003
0.4033
0.6427
0.3677
0.2915
0.2863
0.2263
0.1877
0.1904
0.1711
0.2563
0.47109999999999996
0.0636
0.0511
0.0043
0.0159
0.3716
0.0371
0.0413
0.0156
3.3907999999999996
6.516
5.1655
1.0605
0.3011
0.0538
0.0115
0.0
0.0006
0.0183
0.029400000000000003
0.056900000000000006
0.056999999999999995
0.0744
0.09129999999999999
0.0506
0.048600000000000004
0.048799999999999996
0.039
0.0193
0.0345
0.0146
0.0008
0.0
0.3584
1.1594
0.31720000000000004
0.2337
0.1912
0.1782
0.9148
0.7339
0.1198
0.1307
0.1327
0.136
0.121
0.12990000000000002
0.2264
0.8163
0.2099
0.23249999999999998
0.1525
0.0451
0.0521
0.11230000000000001
0.15839999999999999
0.1462
6.9125
6.6357
6.409
3.5269
0.7198
0.31579999999999997
0.14600000000000002
0.118
0.057999999999999996
0.0505
0.054
0.031
0.03
0.0171
0.0287
0.0482
0.101
0.22349999999999998
1.6480000000000001
0.9461999999999999
0.8311999999999999
0.8255
0.766
0.6446000000000001
3.3966000000000003
3.3777
3.3535
1.0885
0.2593
0.2786
0.3191
0.5338
0.8605
0.6692
0.40759999999999996
0.33440000000000003
0.309
0.3009
0.3176
0.3978
0.8744999999999999
1.0001
1.1379000000000001
1.1623999999999999
1.279
1.4792999999999998
1.5518
1.5972
2.6254
2.6966
2.6711
1.6267
0.3609
0.2723
0.3508
0.3415
0.0619
0.0131
0.0241
0.0166
0.0148
0.018099999999999998
0.0202
0.11449999999999999
0.2754
0.31889999999999996
0.5194
0.7649999999999999
1.0076
1.0974
1.2015
1.9268999999999998
0.1421
0.1432
0.1386
0.1324
0.0815
0.0004
0.0
0.0
0.494
0.05
0.0601
0.0582
0.1505
0.0624
0.0247
0.0
0.0
0.126
1.1502
0.3594
0.5307
0.4294
0.1865
0.1142
0.002
0.0108
0.0104
0.0106
0.0162
0.0335
0.0279
0.0252
0.0068
0.0093
0.0238
0.032799999999999996
0.0388
0.020999999999999998
0.050199999999999995
0.010700000000000001
0.013000000000000001
0.0173
0.1186
0.0211
0.0278
0.0023
0.0108
0.0056
1.6007
2.0162
1.9966
0.8706
0.1296
0.1057
0.2337
0.5443
0.1879
0.0426
0.0352
0.025800000000000003
0.0315
0.0501
0.0512
0.08360000000000001
0.5454
0.3022
0.6156
1.3395000000000001
2.0278
1.1051
0.44220000000000004
2.4112
1.9327999999999999
2.2544
2.9084
3.3364000000000003
2.4462
0.1513
0.1232
0.1771
0.49019999999999997
0.4171
0.19519999999999998
0.20340000000000003
0.1963
0.18330000000000002
0.1809
0.1486
0.1078
0.07619999999999999
0.0461
0.07100000000000001
0.099
0.126
0.10600000000000001
4.1218
0.0124
0.026500000000000003
0.035699999999999996
0.0265
0.0344
0.0386
0.07200000000000001
0.0385
0.0036
0.0
0.0028
0.0021
0.0152
0.1589
1.3832
0.0
0.0065
0.2142
0.09000000000000001
0.0072
0.0
0.0
0.0
0.0
0.0207
0.0094
0.0301
0.0232
0.0157
0.0162
0.15889999999999999
0.3025
1.0133
0.1679
0.23809999999999998
0.3156
0.4171
2.2372
1.2389999999999999
0.052899999999999996
0.1937
1.2042
0.0145
0.043199999999999995
0.0
0.0
0.0
0.0
2.6254
2.6966
2.6711
1.6267
0.3609
0.2723
0.3508
0.3415
0.0619
0.0131
0.0241
0.0166
0.0148
0.018099999999999998
0.0202
0.11449999999999999
0.2754
0.31889999999999996
0.5194
0.7649999999999999
1.0076
1.0974
1.2015
1.9268999999999998
0.1421
0.1432
0.1386
0.1324
0.0815
0.0004
0.0
0.0
0.494
0.05
0.0601
0.0582
0.1505
0.0624
0.0247
0.0
0.0
0.126
1.1502
0.3594
0.5307
0.4294
0.1865
0.1142
0.002
0.0108
0.0104
0.0106
0.0162
0.0335
0.0279
0.0252
0.0068
0.0093
0.0238
0.032799999999999996
0.0388
0.020999999999999998
0.050199999999999995
0.010700000000000001
0.013000000000000001
0.0173
0.1186
0.0211
0.0278
0.0023
0.0108
0.0056
1.6007
2.0162
1.9966
0.8706
0.1296
0.1057
0.2337
0.5443
0.1879
0.0426
0.0352
0.025800000000000003
0.0315
0.0501
0.0512
0.08360000000000001
0.5454
0.3022
0.6156
1.3395000000000001
2.0278
1.1051
0.44220000000000004
2.4112
1.9327999999999999
2.2544
2.9084
3.3364000000000003
2.4462
0.1513
0.1232
0.1771
0.49019999999999997
0.4171
0.19519999999999998
0.20340000000000003
0.1963
0.18330000000000002
0.1809
0.1486
0.1078
0.07619999999999999
0.0461
0.07100000000000001
0.099
0.126
0.10600000000000001
4.1218
0.0124
0.026500000000000003
0.035699999999999996
0.0265
0.0344
0.0386
0.07200000000000001
0.0385
0.0036
0.0
0.0028
0.0021
0.0152
0.1589
1.3832
0.0
0.0065
0.2142
0.09000000000000001
0.0072
0.0
0.0
0.0
0.0
0.0207
0.0094
0.0301
0.0232
0.0157
0.0162
0.15889999999999999
0.3025
1.0133
0.1679
0.23809999999999998
0.3156
0.4171
2.2372
1.2389999999999999
0.052899999999999996
0.1937
1.2042
0.0145
0.043199999999999995
0.0
0.0
0.0
0.0
2.6254
2.6966
2.6711
1.6267
0.3609
0.2723
0.3508
0.3415
0.0619
0.0131
0.0241
0.0166
0.0148
0.018099999999999998
0.0202
0.11449999999999999
0.2754
0.31889999999999996
0.5194
0.7649999999999999
1.0076
1.0974
1.2015
1.9268999999999998
0.1421
0.1432
0.1386
0.1324
0.0815
0.0004
0.0
0.0
0.494
0.05
0.0601
0.0582
0.1505
0.0624
0.0247
0.0
0.0
0.126
1.1502
0.3594
0.5307
0.4294
0.1865
0.1142
0.002
0.0108
0.0104
0.0106
0.0162
0.0335
0.0279
0.0252
0.0068
0.0093
0.0238
0.032799999999999996
0.0388
0.020999999999999998
0.050199999999999995
0.010700000000000001
0.013000000000000001
0.0173
0.1186
0.0211
0.0278
0.0023
0.0108
0.0056
1.6007
2.0162
1.9966
0.8706
0.1296
0.1057
0.2337
0.5443
0.1879
0.0426
0.0352
0.025800000000000003
0.0315
0.0501
0.0512
0.08360000000000001
0.5454
0.3022
0.6156
1.3395000000000001
2.0278
1.1051
0.44220000000000004
2.4112
1.9327999999999999
2.2544
2.9084
3.3364000000000003
2.4462
0.1513
0.1232
0.1771
0.49019999999999997
0.4171
0.19519999999999998
0.20340000000000003
0.1963
0.18330000000000002
0.1809
0.1486
0.1078
0.07619999999999999
0.0461
0.07100000000000001
0.099
0.126
0.10600000000000001
4.1218
0.0124
0.026500000000000003
0.035699999999999996
0.0265
0.0344
0.0386
0.07200000000000001
0.0385
0.0036
0.0
0.0028
0.0021
0.0152
0.1589
1.3832
0.0
0.0065
0.2142
0.09000000000000001
0.0072
0.0
0.0
0.0
0.0
0.0207
0.0094
0.0301
0.0232
0.0157
0.0162
0.15889999999999999
0.3025
1.0133
0.1679
0.23809999999999998
0.3156
0.4171
2.2372
1.2389999999999999
0.052899999999999996
0.1937
1.2042
0.0145
0.043199999999999995
0.0
0.0
0.0
0.0
2.6254
2.6966
2.6711
1.6267
0.3609
0.2723
0.3508
0.3415
0.0619
0.0131
0.0241
0.0166
0.0148
0.018099999999999998
0.0202
0.11449999999999999
0.2754
0.31889999999999996
0.5194
0.7649999999999999
1.0076
1.0974
1.2015
1.9268999999999998
0.1421
0.1432
0.1386
0.1324
0.0815
0.0004
0.0
0.0
0.494
0.05
0.0601
0.0582
0.1505
0.0624
0.0247
0.0
0.0
0.126
1.1502
0.3594
0.5307
0.4294
0.1865
0.1142
0.002
0.0108
0.0104
0.0106
0.0162
0.0335
0.0279
0.0252
0.0068
0.0093
0.0238
0.032799999999999996
0.0388
0.020999999999999998
0.050199999999999995
0.010700000000000001
0.013000000000000001
0.0173
0.1186
0.0211
0.0278
0.0023
0.0108
0.0056
1.6007
2.0162
1.9966
0.8706
0.1296
0.1057
0.2337
0.5443
0.1879
0.0426
0.0352
0.025800000000000003
0.0315
0.0501
0.0512
0.08360000000000001
0.5454
0.3022
0.6156
1.3395000000000001
2.0278
1.1051
0.44220000000000004
2.4112
1.9327999999999999
2.2544
2.9084
3.3364000000000003
2.4462
0.1513
0.1232
0.1771
0.49019999999999997
0.4171
0.19519999999999998
0.20340000000000003
0.1963
0.18330000000000002
0.1809
0.1486
0.1078
0.07619999999999999
0.0461
0.07100000000000001
0.099
0.126
0.10600000000000001
4.1218
0.0124
0.026500000000000003
0.035699999999999996
0.0265
0.0344
0.0386
0.07200000000000001
0.0385
0.0036
0.0
0.0028
0.0021
0.0152
0.1589
1.3832
0.0
0.0065
0.2142
0.09000000000000001
0.0072
0.0
0.0
0.0
0.0
0.0207
0.0094
0.0301
0.0232
0.0157
0.0162
0.15889999999999999
0.3025
1.0133
0.1679
0.23809999999999998
0.3156
0.4171
2.2372
1.2389999999999999
0.052899999999999996
0.1937
1.2042
0.0145
0.043199999999999995
0.0
0.0
0.0
0.0
2.6254
2.6966
2.6711
1.6267
0.3609
0.2723
0.3508
0.3415
0.0619
0.0131
0.0241
0.0166
0.0148
0.018099999999999998
0.0202
0.11449999999999999
0.2754
0.31889999999999996
0.5194
0.7649999999999999
1.0076
1.0974
1.2015
1.9268999999999998
0.1421
0.1432
0.1386
0.1324
0.0815
0.0004
0.0
0.0
0.494
0.05
0.0601
0.0582
0.1505
0.0624
0.0247
0.0
0.0
0.126
1.1502
0.3594
0.5307
0.4294
0.1865
0.1142
0.9618
0.3635
1.1209
0.7964
0.0815
0.006
0.0323
0.027200000000000002
0.0258
0.19369999999999998
0.3438
0.0324
0.0444
0.10350000000000001
0.0615
0.0716
0.0422
0.0543
0.0672
0.0715
0.0413
0.0499
0.0336
0.8271
0.0042
0.010499999999999999
0.0019
0.0068000000000000005
0.0155
0.0
0.0455
0.0948
0.0543
0.1431
0.09920000000000001
0.1215
0.101
0.09090000000000001
0.0865
0.1294
0.10569999999999999
0.032100000000000004
0.012199999999999999
0.0129
0.0036
0.0
0.0
0.0039
1.9028
4.350099999999999
1.0966
1.6267
0.4962
0.0077
0.0442
0.07930000000000001
0.1305
0.10289999999999999
0.10339999999999999
0.1313
0.1485
0.1492
0.1379
0.12079999999999999
0.10930000000000001
0.1124
0.12340000000000001
0.124
0.0895
0.1046
0.1716
0.1867
0.06420000000000001
0.1012
0.093
0.0959
0.0692
0.055
0.0302
0.0298
0.0207
0.025500000000000002
0.025
0.0258
0.0274
0.025099999999999997
0.027700000000000002
0.0221
0.0867
0.0104
0.0167
0.022899999999999997
0.0365
0.041999999999999996
0.0603
1.4915
1.3927
0.09240000000000001
0.10769999999999999
0.1632
0.1728
0.2344
0.5921000000000001
0.5083
0.4006
0.233
0.18109999999999998
0.1948
0.19269999999999998
0.1906
0.1185
1.2738
0.38580000000000003
1.4558
0.546
0.42010000000000003
0.5720000000000001
1.2843
1.496
0.5915
2.945
4.6097
4.6209
0.2696
0.3489
0.6495
0.7324999999999999
0.605
0.0607
0.0936
0.13190000000000002
0.159
0.1735
0.1842
0.1577
0.0964
0.051199999999999996
0.0003
1.0967
0.6664
0.19090000000000001
0.4949
0.7118
0.45699999999999996
0.0446
0.0562
0.0614
0.0757
0.09490000000000001
0.18130000000000002
0.3043
0.1842
0.4693
0.9307000000000001
0.8511
0.2123
0.011899999999999999
0.0
0.0
0.0
0.0
0.0022
0.0
0.6505
0.0581
0.2126
0.087
0.0591
0.9618
0.3635
1.1209
0.7964
0.0815
0.006
0.0323
0.027200000000000002
0.0258
0.19369999999999998
0.3438
0.0324
0.0444
0.10350000000000001
0.0615
0.0716
0.0422
0.0543
0.0672
0.0715
0.0413
0.0499
0.0336
0.8271
0.0042
0.010499999999999999
0.0019
0.0068000000000000005
0.0155
0.0
0.0455
0.0948
0.0543
0.1431
0.09920000000000001
0.1215
0.101
0.09090000000000001
0.0865
0.1294
0.10569999999999999
0.032100000000000004
0.012199999999999999
0.0129
0.0036
0.0
0.0
0.0039
1.9028
4.350099999999999
1.0966
1.6267
0.4962
0.0077
0.0442
0.07930000000000001
0.1305
0.10289999999999999
0.10339999999999999
0.1313
0.1485
0.1492
0.1379
0.12079999999999999
0.10930000000000001
0.1124
0.12340000000000001
0.124
0.0895
0.1046
0.1716
0.1867
0.06420000000000001
0.1012
0.093
0.0959
0.0692
0.055
0.0302
0.0298
0.0207
0.025500000000000002
0.025
0.0258
0.0274
0.025099999999999997
0.027700000000000002
0.0221
0.0867
0.0104
0.0167
0.022899999999999997
0.0365
0.041999999999999996
0.0603
1.4915
1.3927
0.09240000000000001
0.10769999999999999
0.1632
0.1728
0.2344
0.5921000000000001
0.5083
0.4006
0.233
0.18109999999999998
0.1948
0.19269999999999998
0.1906
0.1185
1.2738
0.38580000000000003
1.4558
0.546
0.42010000000000003
0.5720000000000001
1.2843
1.496
0.5915
2.945
4.6097
4.6209
0.2696
0.3489
0.6495
0.7324999999999999
0.605
0.0607
0.0936
0.13190000000000002
0.159
0.1735
0.1842
0.1577
0.0964
0.051199999999999996
0.0003
1.0967
0.6664
0.19090000000000001
0.4949
0.7118
0.45699999999999996
0.0446
0.0562
0.0614
0.0757
0.09490000000000001
0.18130000000000002
0.3043
0.1842
0.4693
0.9307000000000001
0.8511
0.2123
0.011899999999999999
0.0
0.0
0.0
0.0
0.0022
0.0
0.6505
0.0581
0.2126
0.087
0.0591
0.9618
0.3635
1.1209
0.7964
0.0815
0.006
0.0323
0.027200000000000002
0.0258
0.19369999999999998
0.3438
0.0324
0.0444
0.10350000000000001
0.0615
0.0716
0.0422
0.0543
0.0672
0.0715
0.0413
0.0499
0.0336
0.8271
0.0042
0.010499999999999999
0.0019
0.0068000000000000005
0.0155
0.0
0.0455
0.0948
0.0543
0.1431
0.09920000000000001
0.1215
0.101
0.09090000000000001
0.0865
0.1294
0.10569999999999999
0.032100000000000004
0.012199999999999999
0.0129
0.0036
0.0
0.0
0.0039
1.9028
4.350099999999999
1.0966
1.6267
0.4962
0.0077
0.0442
0.07930000000000001
0.1305
0.10289999999999999
0.10339999999999999
0.1313
0.1485
0.1492
0.1379
0.12079999999999999
0.10930000000000001
0.1124
0.12340000000000001
0.124
0.0895
0.1046
0.1716
0.1867
0.06420000000000001
0.1012
0.093
0.0959
0.0692
0.055
0.0302
0.0298
0.0207
0.025500000000000002
0.025
0.0258
0.0274
0.025099999999999997
0.027700000000000002
0.0221
0.0867
0.0104
0.0167
0.022899999999999997
0.0365
0.041999999999999996
0.0603
1.4915
1.3927
0.09240000000000001
0.10769999999999999
0.1632
0.1728
0.2344
0.5921000000000001
0.5083
0.4006
0.233
0.18109999999999998
0.1948
0.19269999999999998
0.1906
0.1185
1.2738
0.38580000000000003
1.4558
0.546
0.42010000000000003
0.5720000000000001
1.2843
1.496
0.5915
2.945
4.6097
4.6209
0.2696
0.3489
0.6495
0.7324999999999999
0.605
0.0607
0.0936
0.13190000000000002
0.159
0.1735
0.1842
0.1577
0.0964
0.051199999999999996
0.0003
1.0967
0.6664
0.19090000000000001
0.4949
0.7118
0.45699999999999996
0.0446
0.0562
0.0614
0.0757
0.09490000000000001
0.18130000000000002
0.3043
0.1842
0.4693
0.9307000000000001
0.8511
0.2123
0.011899999999999999
0.0
0.0
0.0
0.0
0.0022
0.0
0.6505
0.0581
0.2126
0.087
0.0591
0.9618
0.3635
1.1209
0.7964
0.0815
0.006
0.0323
0.027200000000000002
0.0258
0.19369999999999998
0.3438
0.0324
0.0444
0.10350000000000001
0.0615
0.0716
0.0422
0.0543
0.0672
0.0715
0.0413
0.0499
0.0336
0.8271
0.0042
0.010499999999999999
0.0019
0.0068000000000000005
0.0155
0.0
0.0455
0.0948
0.0543
0.1431
0.09920000000000001
0.1215
0.101
0.09090000000000001
0.0865
0.1294
0.10569999999999999
0.032100000000000004
0.012199999999999999
0.0129
0.0036
0.0
0.0
0.0039
1.9028
4.350099999999999
1.0966
1.6267
0.4962
0.0077
0.0442
0.07930000000000001
0.1305
0.10289999999999999
0.10339999999999999
0.1313
0.1485
0.1492
0.1379
0.12079999999999999
0.10930000000000001
0.1124
0.12340000000000001
0.124
0.0895
0.1046
0.1716
0.1867
0.06420000000000001
0.1012
0.093
0.0959
0.0692
0.055
0.0302
0.0298
0.0207
0.025500000000000002
0.025
0.0258
0.0274
0.025099999999999997
0.027700000000000002
0.0221
0.0867
0.0104
0.0167
0.022899999999999997
0.0365
0.041999999999999996
0.0603
1.4915
1.3927
0.09240000000000001
0.10769999999999999
0.1632
0.1728
0.2344
0.5921000000000001
0.5083
0.4006
0.233
0.18109999999999998
0.1948
0.19269999999999998
0.1906
0.1185
1.2738
0.38580000000000003
1.4558
0.546
0.42010000000000003
0.5720000000000001
1.2843
1.496
0.5915
2.945
4.6097
4.6209
0.2696
0.3489
0.6495
0.7324999999999999
0.605
0.0607
0.0936
0.13190000000000002
0.159
0.1735
0.1842
0.1577
0.0964
0.051199999999999996
0.0003
1.0967
0.6664
0.19090000000000001
0.4949
0.7118
0.45699999999999996
0.0446
0.0562
0.0614
0.0757
0.09490000000000001
0.18130000000000002
0.3043
0.1842
0.4693
0.9307000000000001
0.8511
0.2123
0.011899999999999999
0.0
0.0
0.0
0.0
0.0022
0.0
0.6505
0.0581
0.2126
0.087
0.0591
0.9618
0.3635
1.1209
0.7964
0.0815
0.006
0.0323
0.027200000000000002
0.0258
0.19369999999999998
0.3438
0.0324
0.0444
0.10350000000000001
0.0615
0.0716
0.0422
0.0543
0.0672
0.0715
0.0413
0.0499
0.0336
0.8271
0.0042
0.010499999999999999
0.0019
0.0068000000000000005
0.0155
0.0
0.0455
0.0948
0.0543
0.1431
0.09920000000000001
0.1215
0.101
0.09090000000000001
0.0865
0.1294
0.10569999999999999
0.032100000000000004
0.012199999999999999
0.0129
0.0036
0.0
0.0
0.0039
1.9028
4.350099999999999
1.0966
1.6267
0.4962
0.0077
0.0442
0.07930000000000001
0.1305
0.10289999999999999
0.10339999999999999
0.1313
0.1485
0.1492
0.1379
0.12079999999999999
0.10930000000000001
0.1124
0.12340000000000001
0.124
0.0895
0.1046
0.1716
0.1867
4.5945
4.588699999999999
4.8495
1.8801999999999999
0.1338
0.1643
0.2124
0.2656
0.42710000000000004
0.5603
0.7466
0.6244000000000001
0.2822
0.2348
0.22349999999999998
0.267
0.3118
0.3785
1.2538
0.66
0.6866
1.3585
1.6501
0.8821
0.0
0.007
0.029200000000000004
0.0271
0.019100000000000002
1.2563
0.25630000000000003
0.2494
0.509
0.041
0.0331
0.1124
0.0925
0.2636
0.29710000000000003
0.0
0.0
0.0
0.0
0.0
0.0
0.0
0.0
0.0
4.8053
0.108
0.0105
0.035500000000000004
0.046799999999999994
0.06309999999999999
0.0765
0.0748
0.097
0.1085
0.1005
0.0883
0.5345
0.35009999999999997
0.0722
0.0291
0.0
1.0426
0.0
0.0007
0.0263
0.0654
0.1036
0.10650000000000001
0.1051
0.0999
0.10039999999999999
0.09920000000000001
0.0869
0.0572
0.0461
0.0365
0.0178
0.0579
0.0313
0.0253
0.0293
0.0286
0.031100000000000003
0.0303
0.0215
0.0221
0.181
0.078
0.11
0.1072
0.106
0.1037
1.206
0.9469000000000001
0.0173
0.0
0.0
0.0
0.1155
0.1081
0.0318
0.2837
0.7376
0.0053
0.08460000000000001
0.159
0.12359999999999999
0.0232
0.0015
0.0
0.0
0.0408
0.055
0.0937
0.0292
0.0
3.9664
3.76
0.8033
0.3746
0.157
0.032
0.0329
0.0161
0.006500000000000001
0.0205
0.0201
0.0
0.0159
0.0358
0.0784
0.0319
0.016399999999999998
0.0
0.0
0.0
0.0
0.053200000000000004
0.2172
0.3351
0.4698
0.7948
0.1517
0.0937
0.1319
0.24730000000000002
0.22999999999999998
0.0872
0.0421
0.0199
0.0425
0.0331
0.0408
0.041800000000000004
0.121
0.2352
0.563
0.7145
0.1618
0.1422
0.1172
0.13999999999999999
0.5171
0.6818
4.5945
4.588699999999999
4.8495
1.8801999999999999
0.1338
0.1643
0.2124
0.2656
0.42710000000000004
0.5603
0.7466
0.6244000000000001
0.2822
0.2348
0.22349999999999998
0.267
0.3118
0.3785
1.2538
0.66
0.6866
1.3585
1.6501
0.8821
0.0
0.007
0.029200000000000004
0.0271
0.019100000000000002
1.2563
0.25630000000000003
0.2494
0.509
0.041
0.0331
0.1124
0.0925
0.2636
0.29710000000000003
0.0
0.0
0.0
0.0
0.0
0.0
0.0
0.0
0.0
4.8053
0.108
0.0105
0.035500000000000004
0.046799999999999994
0.06309999999999999
0.0765
0.0748
0.097
0.1085
0.1005
0.0883
0.5345
0.35009999999999997
0.0722
0.0291
0.0
1.0426
0.0
0.0007
0.0263
0.0654
0.1036
0.10650000000000001
0.1051
0.0999
0.10039999999999999
0.09920000000000001
0.0869
0.0572
0.0461
0.0365
0.0178
0.0579
0.0313
0.0253
0.0293
0.0286
0.031100000000000003
0.0303
0.0215
0.0221
0.181
0.078
0.11
0.1072
0.106
0.1037
1.206
0.9469000000000001
0.0173
0.0
0.0
0.0
0.1155
0.1081
0.0318
0.2837
0.7376
0.0053
0.08460000000000001
0.159
0.12359999999999999
0.0232
0.0015
0.0
0.0
0.0408
0.055
0.0937
0.0292
0.0
3.9664
3.76
0.8033
0.3746
0.157
0.032
0.0329
0.0161
0.006500000000000001
0.0205
0.0201
0.0
0.0159
0.0358
0.0784
0.0319
0.016399999999999998
0.0
0.0
0.0
0.0
0.053200000000000004
0.2172
0.3351
0.4698
0.7948
0.1517
0.0937
0.1319
0.24730000000000002
0.22999999999999998
0.0872
0.0421
0.0199
0.0425
0.0331
0.0408
0.041800000000000004
0.121
0.2352
0.563
0.7145
0.1618
0.1422
0.1172
0.13999999999999999
0.5171
0.6818
4.5945
4.588699999999999
4.8495
1.8801999999999999
0.1338
0.1643
0.2124
0.2656
0.42710000000000004
0.5603
0.7466
0.6244000000000001
0.2822
0.2348
0.22349999999999998
0.267
0.3118
0.3785
1.2538
0.66
0.6866
1.3585
1.6501
0.8821
0.0
0.007
0.029200000000000004
0.0271
0.019100000000000002
1.2563
0.25630000000000003
0.2494
0.509
0.041
0.0331
0.1124
0.0925
0.2636
0.29710000000000003
0.0
0.0
0.0
0.0
0.0
0.0
0.0
0.0
0.0
4.8053
0.108
0.0105
0.035500000000000004
0.046799999999999994
0.06309999999999999
0.0765
0.0748
0.097
0.1085
0.1005
0.0883
0.5345
0.35009999999999997
0.0722
0.0291
0.0
1.0426
0.0
0.0007
0.0263
0.0654
0.1036
0.10650000000000001
0.1051
0.0999
0.10039999999999999
0.09920000000000001
0.0869
0.0572
0.0461
0.0365
0.0178
0.0579
0.0313
0.0253
0.0293
0.0286
0.031100000000000003
0.0303
0.0215
0.0221
0.181
0.078
0.11
0.1072
0.106
0.1037
1.206
0.9469000000000001
0.0173
0.0
0.0
0.0
0.1155
0.1081
0.0318
0.2837
0.7376
0.0053
0.08460000000000001
0.159
0.12359999999999999
0.0232
0.0015
0.0
0.0
0.0408
0.055
0.0937
0.0292
0.0
3.9664
3.76
0.8033
0.3746
0.157
0.032
0.0329
0.0161
0.006500000000000001
0.0205
0.0201
0.0
0.0159
0.0358
0.0784
0.0319
0.016399999999999998
0.0
0.0
0.0
0.0
0.053200000000000004
0.2172
0.3351
0.4698
0.7948
0.1517
0.0937
0.1319
0.24730000000000002
0.22999999999999998
0.0872
0.0421
0.0199
0.0425
0.0331
0.0408
0.041800000000000004
0.121
0.2352
0.563
0.7145
0.1618
0.1422
0.1172
0.13999999999999999
0.5171
0.6818
4.5945
4.588699999999999
4.8495
1.8801999999999999
0.1338
0.1643
0.2124
0.2656
0.42710000000000004
0.5603
0.7466
0.6244000000000001
0.2822
0.2348
0.22349999999999998
0.267
0.3118
0.3785
1.2538
0.66
0.6866
1.3585
1.6501
0.8821
0.0
0.007
0.029200000000000004
0.0271
0.019100000000000002
1.2563
0.25630000000000003
0.2494
0.509
0.041
0.0331
0.1124
0.0925
0.2636
0.29710000000000003
0.0
0.0
0.0
0.0
0.0
0.0
0.0
0.0
0.0
4.8053
0.108
0.0105
0.035500000000000004
0.046799999999999994
0.06309999999999999
0.0765
0.0748
0.097
0.1085
0.1005
0.0883
0.5345
0.35009999999999997
0.0722
0.0291
0.0
1.0426
0.0
0.0007
0.0263
0.0654
0.1036
0.10650000000000001
0.1051
0.0999
0.10039999999999999
0.09920000000000001
0.0869
0.0572
0.0461
0.0365
0.0178
0.0579
0.0313
0.0253
0.0293
0.0286
0.031100000000000003
0.0303
0.0215
0.0221
0.181
0.078
0.11
0.1072
0.106
0.1037
1.206
0.9469000000000001
0.0173
0.0
0.0
0.0
0.1155
0.1081
0.0318
0.2837
0.7376
0.0053
0.08460000000000001
0.159
0.12359999999999999
0.0232
0.0015
0.0
0.0
0.0408
0.055
0.0937
0.0292
0.0
3.9664
3.76
0.8033
0.3746
0.157
0.032
0.0329
0.0161
0.006500000000000001
0.0205
0.0201
0.0
0.0159
0.0358
0.0784
0.0319
0.016399999999999998
0.0
0.0
0.0
0.0
0.053200000000000004
0.2172
0.3351
0.4698
0.7948
0.1517
0.0937
0.1319
0.24730000000000002
0.22999999999999998
0.0872
0.0421
0.0199
0.0425
0.0331
0.0408
0.041800000000000004
0.121
0.2352
0.563
0.7145
0.1618
0.1422
0.1172
0.13999999999999999
0.5171
0.6818
4.5945
4.588699999999999
4.8495
1.8801999999999999
0.1338
0.1643
0.2124
0.2656
0.42710000000000004
0.5603
0.7466
0.6244000000000001
0.2822
0.2348
0.22349999999999998
0.267
0.3118
0.3785
1.2538
0.66
0.6866
1.3585
1.6501
0.8821
0.0
0.007
0.029200000000000004
0.0271
0.019100000000000002
1.2563
0.25630000000000003
0.2494
0.509
0.041
0.0331
0.1124
0.0925
0.2636
0.29710000000000003
0.0
0.0
0.0
0.0
0.0
0.0
0.0
0.0
0.0
4.8053
0.108
0.0105
0.035500000000000004
0.046799999999999994
0.06309999999999999
0.0765
0.0748
0.097
0.1085
0.1005
0.0883
0.5345
0.35009999999999997
0.0722
0.0291
0.0
1.0426
0.0
0.0007
0.0263
0.0654
0.1036
0.10650000000000001
0.2514
0.25370000000000004
0.2448
0.1972
0.19940000000000002
0.1964
0.061
0.5682
0.0
0.0
0.0
0.0
0.1076
0.5887
0.0265
0.0
0.3948
0.3307
1.6913999999999998
0.2156
0.5135
0.1897
0.0949
0.1056
1.2583
0.20590000000000003
0.2178
0.2096
0.1407
0.1666
0.2747
0.6138
0.268
0.2274
0.2635
0.3026
0.1718
2.2432
0.8859999999999999
0.2379
0.0681
0.0579
0.0263
0.0228
0.006
0.0087
0.08199999999999999
0.101
0.4553
0.2794
0.2424
0.23
0.2611
0.2919
0.3618
0.387
0.3689
0.39380000000000004
0.382
0.4415
0.5084
0.6304000000000001
0.7466999999999999
0.942
0.9012
0.8047
0.9881
2.5162
3.2891000000000004
0.6745
0.2761
3.5096
6.9894
6.3104
1.6451
0.0623
0.0
0.0189
0.0089
0.0
0.01
0.018
0.0552
0.0438
0.1093
0.2489
0.0842
0.0039000000000000003
0.0
0.0
0.0
0.732
0.1594
0.10519999999999999
0.0591
0.5705
0.9571000000000001
1.4234
3.5021000000000004
0.5519000000000001
0.07819999999999999
0.0524
0.0392
0.0541
0.0788
0.032100000000000004
0.0558
0.0336
0.024300000000000002
0.0324
0.074
0.0601
0.0171
0.0202
0.023
0.0439
0.0484
0.0404
0.0134
0.013
0.0416
0.1941
0.2677
0.2975
0.07050000000000001
0.0532
0.0358
0.0221
0.0286
0.0306
0.0262
0.0268
0.0234
0.022
0.0291
0.0296
0.031
0.0295
0.0267
0.0331
0.0382
0.0424
0.0505
1.5436
3.3582
1.4014
0.3024
0.3418
0.0
0.0736
0.038099999999999995
0.0322
0.0127
0.3254
0.0598
0.0502
0.0183
0.033
0.0344
0.0711
0.09359999999999999
0.1019
0.0907
0.1029
0.1062
0.1143
0.0259
1.0366
0.2514
0.25370000000000004
0.2448
0.1972
0.19940000000000002
0.1964
0.061
0.5682
0.0
0.0
0.0
0.0
0.1076
0.5887
0.0265
0.0
0.3948
0.3307
1.6913999999999998
0.2156
0.5135
0.1897
0.0949
0.1056
1.2583
0.20590000000000003
0.2178
0.2096
0.1407
0.1666
0.2747
0.6138
0.268
0.2274
0.2635
0.3026
0.1718
2.2432
0.8859999999999999
0.2379
0.0681
0.0579
0.0263
0.0228
0.006
0.0087
0.08199999999999999
0.101
0.4553
0.2794
0.2424
0.23
0.2611
0.2919
0.3618
0.387
0.3689
0.39380000000000004
0.382
0.4415
0.5084
0.6304000000000001
0.7466999999999999
0.942
0.9012
0.8047
0.9881
2.5162
3.2891000000000004
0.6745
0.2761
3.5096
6.9894
6.3104
1.6451
0.0623
0.0
0.0189
0.0089
0.0
0.01
0.018
0.0552
0.0438
0.1093
0.2489
0.0842
0.0039000000000000003
0.0
0.0
0.0
0.732
0.1594
0.10519999999999999
0.0591
0.5705
0.9571000000000001
1.4234
3.5021000000000004
0.5519000000000001
0.07819999999999999
0.0524
0.0392
0.0541
0.0788
0.032100000000000004
0.0558
0.0336
0.024300000000000002
0.0324
0.074
0.0601
0.0171
0.0202
0.023
0.0439
0.0484
0.0404
0.0134
0.013
0.0416
0.1941
0.2677
0.2975
0.07050000000000001
0.0532
0.0358
0.0221
0.0286
0.0306
0.0262
0.0268
0.0234
0.022
0.0291
0.0296
0.031
0.0295
0.0267
0.0331
0.0382
0.0424
0.0505
1.5436
3.3582
1.4014
0.3024
0.3418
0.0
0.0736
0.038099999999999995
0.0322
0.0127
0.3254
0.0598
0.0502
0.0183
0.033
0.0344
0.0711
0.09359999999999999
0.1019
0.0907
0.1029
0.1062
0.1143
0.0259
1.0366
0.2514
0.25370000000000004
0.2448
0.1972
0.19940000000000002
0.1964
0.061
0.5682
0.0
0.0
0.0
0.0
0.1076
0.5887
0.0265
0.0
0.3948
0.3307
1.6913999999999998
0.2156
0.5135
0.1897
0.0949
0.1056
1.2583
0.20590000000000003
0.2178
0.2096
0.1407
0.1666
0.2747
0.6138
0.268
0.2274
0.2635
0.3026
0.1718
2.2432
0.8859999999999999
0.2379
0.0681
0.0579
0.0263
0.0228
0.006
0.0087
0.08199999999999999
0.101
0.4553
0.2794
0.2424
0.23
0.2611
0.2919
0.3618
0.387
0.3689
0.39380000000000004
0.382
0.4415
0.5084
0.6304000000000001
0.7466999999999999
0.942
0.9012
0.8047
0.9881
2.5162
3.2891000000000004
0.6745
0.2761
3.5096
6.9894
6.3104
1.6451
0.0623
0.0
0.0189
0.0089
0.0
0.01
0.018
0.0552
0.0438
0.1093
0.2489
0.0842
0.0039000000000000003
0.0
0.0
0.0
0.732
0.1594
0.10519999999999999
0.0591
0.5705
0.9571000000000001
1.4234
3.5021000000000004
0.5519000000000001
0.07819999999999999
0.0524
0.0392
0.0541
0.0788
0.032100000000000004
0.0558
0.0336
0.024300000000000002
0.0324
0.074
0.0601
0.0171
0.0202
0.023
0.0439
0.0484
0.0404
0.0134
0.013
0.0416
0.1941
0.2677
0.2975
0.07050000000000001
0.0532
0.0358
0.0221
0.0286
0.0306
0.0262
0.0268
0.0234
0.022
0.0291
0.0296
0.031
0.0295
0.0267
0.0331
0.0382
0.0424
0.0505
1.5436
3.3582
1.4014
0.3024
0.3418
0.0
0.0736
0.038099999999999995
0.0322
0.0127
0.3254
0.0598
0.0502
0.0183
0.033
0.0344
0.0711
0.09359999999999999
0.1019
0.0907
0.1029
0.1062
0.1143
0.0259
1.0366
0.2514
0.25370000000000004
0.2448
0.1972
0.19940000000000002
0.1964
0.061
0.5682
0.0
0.0
0.0
0.0
0.1076
0.5887
0.0265
0.0
0.3948
0.3307
1.6913999999999998
0.2156
0.5135
0.1897
0.0949
0.1056
1.2583
0.20590000000000003
0.2178
0.2096
0.1407
0.1666
0.2747
0.6138
0.268
0.2274
0.2635
0.3026
0.1718
2.2432
0.8859999999999999
0.2379
0.0681
0.0579
0.0263
0.0228
0.006
0.0087
0.08199999999999999
0.101
0.4553
0.2794
0.2424
0.23
0.2611
0.2919
0.3618
0.387
0.3689
0.39380000000000004
0.382
0.4415
0.5084
0.6304000000000001
0.7466999999999999
0.942
0.9012
0.8047
0.9881
2.5162
3.2891000000000004
0.6745
0.2761
3.5096
6.9894
6.3104
1.6451
0.0623
0.0
0.0189
0.0089
0.0
0.01
0.018
0.0552
0.0438
0.1093
0.2489
0.0842
0.0039000000000000003
0.0
0.0
0.0
0.732
0.1594
0.10519999999999999
0.0591
0.5705
0.9571000000000001
1.4234
3.5021000000000004
0.5519000000000001
0.07819999999999999
0.0524
0.0392
0.0541
0.0788
0.032100000000000004
0.0558
0.0336
0.024300000000000002
0.0324
0.074
0.0601
0.0171
0.0202
0.023
0.0439
0.0484
0.0404
0.0134
0.013
0.0416
0.1941
0.2677
0.2975
0.07050000000000001
0.0532
0.0358
0.0221
0.0286
0.0306
0.0262
0.0268
0.0234
0.022
0.0291
0.0296
0.031
0.0295
0.0267
0.0331
0.0382
0.0424
0.0505
1.5436
3.3582
1.4014
0.3024
0.3418
0.0
0.0736
0.038099999999999995
0.0322
0.0127
0.3254
0.0598
0.0502
0.0183
0.033
0.0344
0.0711
0.09359999999999999
0.1019
0.0907
0.1029
0.1062
0.1143
0.0259
1.0366
0.2514
0.25370000000000004
0.2448
0.1972
0.19940000000000002
0.1964
0.061
0.5682
0.0
0.0
0.0
0.0
0.1076
0.5887
0.0265
0.0
0.3948
0.3307
1.6913999999999998
0.2156
0.5135
0.1897
0.0949
0.1056
1.2583
0.20590000000000003
0.2178
0.2096
0.1407
0.1666
0.2747
0.6138
0.268
0.2274
0.2635
0.3026
0.1718
2.2432
0.8859999999999999
0.2379
0.0681
0.0579
0.0263
0.0228
0.006
0.0087
0.08199999999999999
0.101
4.9648
4.7267
4.6513
1.1941
0.388
0.4306
0.4515
0.389
0.32530000000000003
0.3063
0.259
0.45109999999999995
1.4072
0.1489
0.2097
0.2054
0.2049
1.0298
0.24769999999999998
0.2469
0.2616
0.5945
1.1097
3.3129
0.1112
0.1283
0.1319
0.10469999999999999
0.0755
0.0559
0.10300000000000001
0.0986
0.055900000000000005
0.0426
0.0973
0.1396
0.215
0.6607999999999999
0.0806
0.0
1.1935
0.0
1.4054
1.3703
1.4567
0.2027
0.0
0.007600000000000001
0.37360000000000004
0.3992
0.3709
2.125
3.1591
1.1360000000000001
0.864
0.5625
0.4661
0.4077
0.425
0.3892
0.4106
0.42789999999999995
2.2192
0.9164
1.1796
2.5957
1.8305
1.6417000000000002
0.9977
0.48340000000000005
0.31820000000000004
0.31420000000000003
0.1493
0.14350000000000002
0.1524
0.1242
0.1112
0.1526
0.4637
0.7894000000000001
1.0572
0.2791
0.36260000000000003
0.4942
0.5478000000000001
1.2896
1.7923
0.2752
0.2354
0.5128
0.6790999999999999
1.073
1.1659000000000002
0.0082
0.0
0.0
1.314
3.7896
1.6314000000000002
0.7881
0.3403
0.1772
0.2062
0.3086
0.288
0.2313
0.2197
0.2023
0.20129999999999998
0.1864
0.1946
0.2298
0.37070000000000003
0.6605000000000001
0.9881
1.1528
0.7717
0.7218
0.847
0.898
4.3465
4.486800000000001
4.1922
4.4830000000000005
0.8968999999999999
0.1027
0.0411
0.0494
0.0326
0.1365
0.0806
0.09140000000000001
0.064
0.0832
0.06920000000000001
0.06509999999999999
0.0708
0.0718
0.0968
0.1131
0.09970000000000001
0.1341
0.2133
1.066
1.3619
2.0658
7.6977
8.187999999999999
5.6907
2.3895
4.7265
2.8235
2.3327
1.6576
1.6592
1.5393
1.6951999999999998
2.0356
7.1212
1.4121000000000001
0.6658999999999999
0.5879
0.6345000000000001
0.9897
1.8691
1.0836999999999999
0.5029
0.3647
4.9648
4.7267
4.6513
1.1941
0.388
0.4306
0.4515
0.389
0.32530000000000003
0.3063
0.259
0.45109999999999995
1.4072
0.1489
0.2097
0.2054
0.2049
1.0298
0.24769999999999998
0.2469
0.2616
0.5945
1.1097
3.3129
0.1112
0.1283
0.1319
0.10469999999999999
0.0755
0.0559
0.10300000000000001
0.0986
0.055900000000000005
0.0426
0.0973
0.1396
0.215
0.6607999999999999
0.0806
0.0
1.1935
0.0
1.4054
1.3703
1.4567
0.2027
0.0
0.007600000000000001
0.37360000000000004
0.3992
0.3709
2.125
3.1591
1.1360000000000001
0.864
0.5625
0.4661
0.4077
0.425
0.3892
0.4106
0.42789999999999995
2.2192
0.9164
1.1796
2.5957
1.8305
1.6417000000000002
0.9977
0.48340000000000005
0.31820000000000004
0.31420000000000003
0.1493
0.14350000000000002
0.1524
0.1242
0.1112
0.1526
0.4637
0.7894000000000001
1.0572
0.2791
0.36260000000000003
0.4942
0.5478000000000001
1.2896
1.7923
0.2752
0.2354
0.5128
0.6790999999999999
1.073
1.1659000000000002
0.0082
0.0
0.0
1.314
3.7896
1.6314000000000002
0.7881
0.3403
0.1772
0.2062
0.3086
0.288
0.2313
0.2197
0.2023
0.20129999999999998
0.1864
0.1946
0.2298
0.37070000000000003
0.6605000000000001
0.9881
1.1528
0.7717
0.7218
0.847
0.898
4.3465
4.486800000000001
4.1922
4.4830000000000005
0.8968999999999999
0.1027
0.0411
0.0494
0.0326
0.1365
0.0806
0.09140000000000001
0.064
0.0832
0.06920000000000001
0.06509999999999999
0.0708
0.0718
0.0968
0.1131
0.09970000000000001
0.1341
0.2133
1.066
1.3619
2.0658
7.6977
8.187999999999999
5.6907
2.3895
4.7265
2.8235
2.3327
1.6576
1.6592
1.5393
1.6951999999999998
2.0356
7.1212
1.4121000000000001
0.6658999999999999
0.5879
0.6345000000000001
0.9897
1.8691
1.0836999999999999
0.5029
0.3647
4.9648
4.7267
4.6513
1.1941
0.388
0.4306
0.4515
0.389
0.32530000000000003
0.3063
0.259
0.45109999999999995
1.4072
0.1489
0.2097
0.2054
0.2049
1.0298
0.24769999999999998
0.2469
0.2616
0.5945
1.1097
3.3129
0.1112
0.1283
0.1319
0.10469999999999999
0.0755
0.0559
0.10300000000000001
0.0986
0.055900000000000005
0.0426
0.0973
0.1396
0.215
0.6607999999999999
0.0806
0.0
1.1935
0.0
1.4054
1.3703
1.4567
0.2027
0.0
0.007600000000000001
0.37360000000000004
0.3992
0.3709
2.125
3.1591
1.1360000000000001
0.864
0.5625
0.4661
0.4077
0.425
0.3892
0.4106
0.42789999999999995
2.2192
0.9164
1.1796
2.5957
1.8305
1.6417000000000002
0.9977
0.48340000000000005
0.31820000000000004
0.31420000000000003
0.1493
0.14350000000000002
0.1524
0.1242
0.1112
0.1526
0.4637
0.7894000000000001
1.0572
0.2791
0.36260000000000003
0.4942
0.5478000000000001
1.2896
1.7923
0.2752
0.2354
0.5128
0.6790999999999999
1.073
1.1659000000000002
0.0082
0.0
0.0
1.314
3.7896
1.6314000000000002
0.7881
0.3403
0.1772
0.2062
0.3086
0.288
0.2313
0.2197
0.2023
0.20129999999999998
0.1864
0.1946
0.2298
0.37070000000000003
0.6605000000000001
0.9881
1.1528
0.7717
0.7218
0.847
0.898
4.3465
4.486800000000001
4.1922
4.4830000000000005
0.8968999999999999
0.1027
0.0411
0.0494
0.0326
0.1365
0.0806
0.09140000000000001
0.064
0.0832
0.06920000000000001
0.06509999999999999
0.0708
0.0718
0.0968
0.1131
0.09970000000000001
0.1341
0.2133
1.066
1.3619
2.0658
7.6977
8.187999999999999
5.6907
2.3895
4.7265
2.8235
2.3327
1.6576
1.6592
1.5393
1.6951999999999998
2.0356
7.1212
1.4121000000000001
0.6658999999999999
0.5879
0.6345000000000001
0.9897
1.8691
1.0836999999999999
0.5029
0.3647
4.9648
4.7267
4.6513
1.1941
0.388
0.4306
0.4515
0.389
0.32530000000000003
0.3063
0.259
0.45109999999999995
1.4072
0.1489
0.2097
0.2054
0.2049
1.0298
0.24769999999999998
0.2469
0.2616
0.5945
1.1097
3.3129
0.1112
0.1283
0.1319
0.10469999999999999
0.0755
0.0559
0.10300000000000001
0.0986
0.055900000000000005
0.0426
0.0973
0.1396
0.215
0.6607999999999999
0.0806
0.0
1.1935
0.0
1.4054
1.3703
1.4567
0.2027
0.0
0.007600000000000001
0.37360000000000004
0.3992
0.3709
2.125
3.1591
1.1360000000000001
0.864
0.5625
0.4661
0.4077
0.425
0.3892
0.4106
0.42789999999999995
2.2192
0.9164
1.1796
2.5957
1.8305
1.6417000000000002
0.9977
0.48340000000000005
0.31820000000000004
0.31420000000000003
0.1493
0.14350000000000002
0.1524
0.1242
0.1112
0.1526
0.4637
0.7894000000000001
1.0572
0.2791
0.36260000000000003
0.4942
0.5478000000000001
1.2896
1.7923
0.2752
0.2354
0.5128
0.6790999999999999
1.073
1.1659000000000002
0.0082
0.0
0.0
1.314
3.7896
1.6314000000000002
0.7881
0.3403
0.1772
0.2062
0.3086
0.288
0.2313
0.2197
0.2023
0.20129999999999998
0.1864
0.1946
0.2298
0.37070000000000003
0.6605000000000001
0.9881
1.1528
0.7717
0.7218
0.847
0.898
4.3465
4.486800000000001
4.1922
4.4830000000000005
0.8968999999999999
0.1027
0.0411
0.0494
0.0326
0.1365
0.0806
0.09140000000000001
0.064
0.0832
0.06920000000000001
0.06509999999999999
0.0708
0.0718
0.0968
0.1131
0.09970000000000001
0.1341
0.2133
1.066
1.3619
2.0658
7.6977
8.187999999999999
5.6907
2.3895
4.7265
2.8235
2.3327
1.6576
1.6592
1.5393
1.6951999999999998
2.0356
7.1212
1.4121000000000001
0.6658999999999999
0.5879
0.6345000000000001
0.9897
1.8691
1.0836999999999999
0.5029
0.3647
4.9648
4.7267
4.6513
1.1941
0.388
0.4306
0.4515
0.389
0.32530000000000003
0.3063
0.259
0.45109999999999995
1.4072
0.1489
0.2097
0.2054
0.2049
1.0298
0.24769999999999998
0.2469
0.2616
0.5945
1.1097
3.3129
0.1112
0.1283
0.1319
0.10469999999999999
0.0755
0.0559
0.10300000000000001
0.0986
0.055900000000000005
0.0426
0.0973
0.1396
0.215
0.6607999999999999
0.0806
0.0
1.1935
0.0
1.4054
1.3703
1.4567
0.2027
0.0
0.007600000000000001
0.37360000000000004
0.3992
0.3709
2.125
3.1591
1.1360000000000001
0.864
0.5625
0.4661
0.4077
0.425
0.3892
0.4106
0.42789999999999995
2.2192
0.9164
1.1796
2.5957
1.8305
1.6417000000000002
0.9977
0.48340000000000005
0.31820000000000004
0.31420000000000003
0.33099999999999996
4.2541
4.108499999999999
0.9878
0.2972
0.13
0.1275
0.13979999999999998
0.1564
0.1659
0.18
0.22089999999999999
0.2496
0.3103
0.394
0.31320000000000003
0.2721
0.3287
0.3628
0.3558
0.3397
0.34099999999999997
0.3378
0.3015
0.0
0.0
0.0
0.0
0.003
0.0251
0.172
0.0776
0.048299999999999996
0.0497
0.0514
0.0394
0.06609999999999999
0.6507000000000001
0.0
0.0097
0.4046
0.1293
0.4337
0.34409999999999996
0.6648000000000001
0.7786
0.0874
0.0
0.0963
0.14129999999999998
0.1232
0.0928
0.0814
0.1154
1.0974
0.7365999999999999
0.24730000000000002
3.3876999999999997
0.2599
0.35760000000000003
0.3249
0.9301
1.6903000000000001
0.4163
0.1913
0.2094
1.4818
0.3214
0.11399999999999999
0.019299999999999998
0.052
0.0309
0.0182
0.0318
0.0614
0.0333
0.0305
0.0469
0.108
0.068
0.0
0.0766
0.46399999999999997
0.0939
0.2032
0.8863
3.6105
0.692
1.7252
1.1159
0.24409999999999998
0.1593
0.0
0.0
0.0
0.0
1.3323999999999998
2.2718999999999996
2.4653
2.5825
0.0447
0.0878
0.0378
0.0475
0.3006
0.3336
0.41200000000000003
0.9342999999999999
0.4791
0.4052
0.46540000000000004
0.2754
0.2137
0.2152
0.1708
0.14350000000000002
0.1493
0.1767
0.3076
0.367
0.1767
0.23370000000000002
0.2037
0.138
0.1925
0.24810000000000001
0.345
0.3171
0.4354
0.26239999999999997
0.3967
0.38980000000000004
0.39849999999999997
0.4546
0.4696
0.4019
0.3917
0.379
0.3729
0.30569999999999997
0.2831
0.2349
0.2379
0.1577
2.1791
1.82
1.6885
1.3334
0.2191
0.21339999999999998
0.2222
0.3003
0.36629999999999996
0.3487
0.389
0.3896
0.4183
0.32999999999999996
1.1941
2.9065000000000003
0.2832
0.2518
0.2508
0.2653
0.2788
0.258
0.268
0.9655
0.33099999999999996
4.2541
4.108499999999999
0.9878
0.2972
0.13
0.1275
0.13979999999999998
0.1564
0.1659
0.18
0.22089999999999999
0.2496
0.3103
0.394
0.31320000000000003
0.2721
0.3287
0.3628
0.3558
0.3397
0.34099999999999997
0.3378
0.3015
0.0
0.0
0.0
0.0
0.003
0.0251
0.172
0.0776
0.048299999999999996
0.0497
0.0514
0.0394
0.06609999999999999
0.6507000000000001
0.0
0.0097
0.4046
0.1293
0.4337
0.34409999999999996
0.6648000000000001
0.7786
0.0874
0.0
0.0963
0.14129999999999998
0.1232
0.0928
0.0814
0.1154
1.0974
0.7365999999999999
0.24730000000000002
3.3876999999999997
0.2599
0.35760000000000003
0.3249
0.9301
1.6903000000000001
0.4163
0.1913
0.2094
1.4818
0.3214
0.11399999999999999
0.019299999999999998
0.052
0.0309
0.0182
0.0318
0.0614
0.0333
0.0305
0.0469
0.108
0.068
0.0
0.0766
0.46399999999999997
0.0939
0.2032
0.8863
3.6105
0.692
1.7252
1.1159
0.24409999999999998
0.1593
0.0
0.0
0.0
0.0
1.3323999999999998
2.2718999999999996
2.4653
2.5825
0.0447
0.0878
0.0378
0.0475
0.3006
0.3336
0.41200000000000003
0.9342999999999999
0.4791
0.4052
0.46540000000000004
0.2754
0.2137
0.2152
0.1708
0.14350000000000002
0.1493
0.1767
0.3076
0.367
0.1767
0.23370000000000002
0.2037
0.138
0.1925
0.24810000000000001
0.345
0.3171
0.4354
0.26239999999999997
0.3967
0.38980000000000004
0.39849999999999997
0.4546
0.4696
0.4019
0.3917
0.379
0.3729
0.30569999999999997
0.2831
0.2349
0.2379
0.1577
2.1791
1.82
1.6885
1.3334
0.2191
0.21339999999999998
0.2222
0.3003
0.36629999999999996
0.3487
0.389
0.3896
0.4183
0.32999999999999996
1.1941
2.9065000000000003
0.2832
0.2518
0.2508
0.2653
0.2788
0.258
0.268
0.9655
0.33099999999999996
4.2541
4.108499999999999
0.9878
0.2972
0.13
0.1275
0.13979999999999998
0.1564
0.1659
0.18
0.22089999999999999
0.2496
0.3103
0.394
0.31320000000000003
0.2721
0.3287
0.3628
0.3558
0.3397
0.34099999999999997
0.3378
0.3015
0.0
0.0
0.0
0.0
0.003
0.0251
0.172
0.0776
0.048299999999999996
0.0497
0.0514
0.0394
0.06609999999999999
0.6507000000000001
0.0
0.0097
0.4046
0.1293
0.4337
0.34409999999999996
0.6648000000000001
0.7786
0.0874
0.0
0.0963
0.14129999999999998
0.1232
0.0928
0.0814
0.1154
1.0974
0.7365999999999999
0.24730000000000002
3.3876999999999997
0.2599
0.35760000000000003
0.3249
0.9301
1.6903000000000001
0.4163
0.1913
0.2094
1.4818
0.3214
0.11399999999999999
0.019299999999999998
0.052
0.0309
0.0182
0.0318
0.0614
0.0333
0.0305
0.0469
0.108
0.068
0.0
0.0766
0.46399999999999997
0.0939
0.2032
0.8863
3.6105
0.692
1.7252
1.1159
0.24409999999999998
0.1593
0.0
0.0
0.0
0.0
1.3323999999999998
2.2718999999999996
2.4653
2.5825
0.0447
0.0878
0.0378
0.0475
0.3006
0.3336
0.41200000000000003
0.9342999999999999
0.4791
0.4052
0.46540000000000004
0.2754
0.2137
0.2152
0.1708
0.14350000000000002
0.1493
0.1767
0.3076
0.367
0.1767
0.23370000000000002
0.2037
0.138
0.1925
0.24810000000000001
0.345
0.3171
0.4354
0.26239999999999997
0.3967
0.38980000000000004
0.39849999999999997
0.4546
0.4696
0.4019
0.3917
0.379
0.3729
0.30569999999999997
0.2831
0.2349
0.2379
0.1577
2.1791
1.82
1.6885
1.3334
0.2191
0.21339999999999998
0.2222
0.3003
0.36629999999999996
0.3487
0.389
0.3896
0.4183
0.32999999999999996
1.1941
2.9065000000000003
0.2832
0.2518
0.2508
0.2653
0.2788
0.258
0.268
0.9655
0.33099999999999996
4.2541
4.108499999999999
0.9878
0.2972
0.13
0.1275
0.13979999999999998
0.1564
0.1659
0.18
0.22089999999999999
0.2496
0.3103
0.394
0.31320000000000003
0.2721
0.3287
0.3628
0.3558
0.3397
0.34099999999999997
0.3378
0.3015
0.0
0.0
0.0
0.0
0.003
0.0251
0.172
0.0776
0.048299999999999996
0.0497
0.0514
0.0394
0.06609999999999999
0.6507000000000001
0.0
0.0097
0.4046
0.1293
0.4337
0.34409999999999996
0.6648000000000001
0.7786
0.0874
0.0
0.0963
0.14129999999999998
0.1232
0.0928
0.0814
0.1154
1.0974
0.7365999999999999
0.24730000000000002
3.3876999999999997
0.2599
0.35760000000000003
0.3249
0.9301
1.6903000000000001
0.4163
0.1913
0.2094
1.4818
0.3214
0.11399999999999999
0.019299999999999998
0.052
0.0309
0.0182
0.0318
0.0614
0.0333
0.0305
0.0469
0.108
0.068
0.0
0.0766
0.46399999999999997
0.0939
0.2032
0.8863
3.6105
0.692
1.7252
1.1159
0.24409999999999998
0.1593
0.0
0.0
0.0
0.0
1.3323999999999998
2.2718999999999996
2.4653
2.5825
0.0447
0.0878
0.0378
0.0475
0.3006
0.3336
0.41200000000000003
0.9342999999999999
0.4791
0.4052
0.46540000000000004
0.2754
0.2137
0.2152
0.1708
0.14350000000000002
0.1493
0.1767
0.3076
0.367
0.1767
0.23370000000000002
0.2037
0.138
0.1925
0.24810000000000001
0.345
0.3171
0.4354
0.26239999999999997
0.3967
0.38980000000000004
0.39849999999999997
0.4546
0.4696
0.4019
0.3917
0.379
0.3729
0.30569999999999997
0.2831
0.2349
0.2379
0.1577
2.1791
1.82
1.6885
1.3334
0.2191
0.21339999999999998
0.2222
0.3003
0.36629999999999996
0.3487
0.389
0.3896
0.4183
0.32999999999999996
1.1941
2.9065000000000003
0.2832
0.2518
0.2508
0.2653
0.2788
0.258
0.268
0.9655
0.33099999999999996
4.2541
4.108499999999999
0.9878
0.2972
0.13
0.1275
0.13979999999999998
0.1564
0.1659
0.18
0.22089999999999999
0.2496
0.3103
0.394
0.31320000000000003
0.2721
0.3287
0.3628
0.3558
0.3397
0.34099999999999997
0.3378
0.3015
0.0
0.0
0.0
0.0
0.003
0.0251
0.172
0.0776
0.048299999999999996
0.0497
0.0514
0.0394
0.06609999999999999
0.6507000000000001
0.0
0.0097
0.4046
0.1293
0.4337
0.34409999999999996
0.6648000000000001
0.7786
0.0874
0.0
0.4598
0.4229
0.3915
0.3875
0.3537
0.2575
0.1613
0.1532
0.0837
0.0476
0.0581
0.1042
0.1814
0.1743
0.16099999999999998
0.0879
1.2789
1.0760999999999998
1.9823
0.5809
0.7497
0.743
0.9841
0.698
1.8043
4.6585
4.6328
4.7181
1.224
0.0915
0.1136
0.1258
0.1001
0.0646
0.0518
0.0431
0.0527
0.0601
0.0794
0.1002
0.2555
1.1857
2.1769
1.3844
0.4773
0.5056
0.5351
0.5007999999999999
0.135
0.1343
0.1316
0.13040000000000002
0.11950000000000001
0.0922
0.06409999999999999
0.0371
0.1698
0.07669999999999999
0.0838
0.0732
0.07
0.06709999999999999
0.0758
0.133
0.1763
0.1661
0.1449
0.1581
0.15610000000000002
0.123
0.1073
0.1117
1.6406999999999998
4.5725999999999996
8.398
2.8631
1.0769
1.0192999999999999
0.1739
0.0
0.0
0.0069
0.013999999999999999
0.0052
0.0327
0.0343
0.0178
0.0319
0.039400000000000004
0.0156
0.0075
0.020900000000000002
0.032799999999999996
0.0317
0.12890000000000001
0.3096
0.2744
0.2299
0.1992
0.19140000000000001
0.1984
0.21089999999999998
0.2024
0.6005
1.6775000000000002
0.32030000000000003
0.3409
0.4041
0.4482
0.46809999999999996
0.4516
0.4476
0.5497000000000001
1.0884
1.9126
1.3721
1.1915
1.1049
1.0331
0.6403000000000001
1.7370999999999999
2.7799
2.8453
2.9048
1.1797
0.23320000000000002
0.4256
0.7134
0.3994
0.292
0.2609
0.2541
0.26439999999999997
0.2572
0.26439999999999997
0.2768
0.42189999999999994
1.0023
0.5847
0.7729
0.815
0.5641
0.3518
0.2606
0.0824
0.0837
0.1027
0.0881
0.0875
0.1701
0.4405
0.3175
0.2452
0.2163
0.21489999999999998
0.2286
0.1795
1.0319
0.2634
0.188
0.1515
0.2984
1.8787
0.9776
0.1722
0.0
0.0
0.0116
0.4598
0.4229
0.3915
0.3875
0.3537
0.2575
0.1613
0.1532
0.0837
0.0476
0.0581
0.1042
0.1814
0.1743
0.16099999999999998
0.0879
1.2789
1.0760999999999998
1.9823
0.5809
0.7497
0.743
0.9841
0.698
1.8043
4.6585
4.6328
4.7181
1.224
0.0915
0.1136
0.1258
0.1001
0.0646
0.0518
0.0431
0.0527
0.0601
0.0794
0.1002
0.2555
1.1857
2.1769
1.3844
0.4773
0.5056
0.5351
0.5007999999999999
0.135
0.1343
0.1316
0.13040000000000002
0.11950000000000001
0.0922
0.06409999999999999
0.0371
0.1698
0.07669999999999999
0.0838
0.0732
0.07
0.06709999999999999
0.0758
0.133
0.1763
0.1661
0.1449
0.1581
0.15610000000000002
0.123
0.1073
0.1117
1.6406999999999998
4.5725999999999996
8.398
2.8631
1.0769
1.0192999999999999
0.1739
0.0
0.0
0.0069
0.013999999999999999
0.0052
0.0327
0.0343
0.0178
0.0319
0.039400000000000004
0.0156
0.0075
0.020900000000000002
0.032799999999999996
0.0317
0.12890000000000001
0.3096
0.2744
0.2299
0.1992
0.19140000000000001
0.1984
0.21089999999999998
0.2024
0.6005
1.6775000000000002
0.32030000000000003
0.3409
0.4041
0.4482
0.46809999999999996
0.4516
0.4476
0.5497000000000001
1.0884
1.9126
1.3721
1.1915
1.1049
1.0331
0.6403000000000001
1.7370999999999999
2.7799
2.8453
2.9048
1.1797
0.23320000000000002
0.4256
0.7134
0.3994
0.292
0.2609
0.2541
0.26439999999999997
0.2572
0.26439999999999997
0.2768
0.42189999999999994
1.0023
0.5847
0.7729
0.815
0.5641
0.3518
0.2606
0.0824
0.0837
0.1027
0.0881
0.0875
0.1701
0.4405
0.3175
0.2452
0.2163
0.21489999999999998
0.2286
0.1795
1.0319
0.2634
0.188
0.1515
0.2984
1.8787
0.9776
0.1722
0.0
0.0
0.0116
0.4598
0.4229
0.3915
0.3875
0.3537
0.2575
0.1613
0.1532
0.0837
0.0476
0.0581
0.1042
0.1814
0.1743
0.16099999999999998
0.0879
1.2789
1.0760999999999998
1.9823
0.5809
0.7497
0.743
0.9841
0.698
1.8043
4.6585
4.6328
4.7181
1.224
0.0915
0.1136
0.1258
0.1001
0.0646
0.0518
0.0431
0.0527
0.0601
0.0794
0.1002
0.2555
1.1857
2.1769
1.3844
0.4773
0.5056
0.5351
0.5007999999999999
0.135
0.1343
0.1316
0.13040000000000002
0.11950000000000001
0.0922
0.06409999999999999
0.0371
0.1698
0.07669999999999999
0.0838
0.0732
0.07
0.06709999999999999
0.0758
0.133
0.1763
0.1661
0.1449
0.1581
0.15610000000000002
0.123
0.1073
0.1117
1.6406999999999998
4.5725999999999996
8.398
2.8631
1.0769
1.0192999999999999
0.1739
0.0
0.0
0.0069
0.013999999999999999
0.0052
0.0327
0.0343
0.0178
0.0319
0.039400000000000004
0.0156
0.0075
0.020900000000000002
0.032799999999999996
0.0317
0.12890000000000001
0.3096
0.2744
0.2299
0.1992
0.19140000000000001
0.1984
0.21089999999999998
0.2024
0.6005
1.6775000000000002
0.32030000000000003
0.3409
0.4041
0.4482
0.46809999999999996
0.4516
0.4476
0.5497000000000001
1.0884
1.9126
1.3721
1.1915
1.1049
1.0331
0.6403000000000001
1.7370999999999999
2.7799
2.8453
2.9048
1.1797
0.23320000000000002
0.4256
0.7134
0.3994
0.292
0.2609
0.2541
0.26439999999999997
0.2572
0.26439999999999997
0.2768
0.42189999999999994
1.0023
0.5847
0.7729
0.815
0.5641
0.3518
0.2606
0.0824
0.0837
0.1027
0.0881
0.0875
0.1701
0.4405
0.3175
0.2452
0.2163
0.21489999999999998
0.2286
0.1795
1.0319
0.2634
0.188
0.1515
0.2984
1.8787
0.9776
0.1722
0.0
0.0
0.0116
0.4598
0.4229
0.3915
0.3875
0.3537
0.2575
0.1613
0.1532
0.0837
0.0476
0.0581
0.1042
0.1814
0.1743
0.16099999999999998
0.0879
1.2789
1.0760999999999998
1.9823
0.5809
0.7497
0.743
0.9841
0.698
1.8043
4.6585
4.6328
4.7181
1.224
0.0915
0.1136
0.1258
0.1001
0.0646
0.0518
0.0431
0.0527
0.0601
0.0794
0.1002
0.2555
1.1857
2.1769
1.3844
0.4773
0.5056
0.5351
0.5007999999999999
0.135
0.1343
0.1316
0.13040000000000002
0.11950000000000001
0.0922
0.06409999999999999
0.0371
0.1698
0.07669999999999999
0.0838
0.0732
0.07
0.06709999999999999
0.0758
0.133
0.1763
0.1661
0.1449
0.1581
0.15610000000000002
0.123
0.1073
0.1117
1.6406999999999998
4.5725999999999996
8.398
2.8631
1.0769
1.0192999999999999
0.1739
0.0
0.0
0.0069
0.013999999999999999
0.0052
0.0327
0.0343
0.0178
0.0319
0.039400000000000004
0.0156
0.0075
0.020900000000000002
0.032799999999999996
0.0317
0.12890000000000001
0.3096
0.2744
0.2299
0.1992
0.19140000000000001
0.1984
0.21089999999999998
0.2024
0.6005
1.6775000000000002
0.32030000000000003
0.3409
0.4041
0.4482
0.46809999999999996
0.4516
0.4476
0.5497000000000001
1.0884
1.9126
1.3721
1.1915
1.1049
1.0331
0.6403000000000001
1.7370999999999999
2.7799
2.8453
2.9048
1.1797
0.23320000000000002
0.4256
0.7134
0.3994
0.292
0.2609
0.2541
0.26439999999999997
0.2572
0.26439999999999997
0.2768
0.42189999999999994
1.0023
0.5847
0.7729
0.815
0.5641
0.3518
0.2606
0.0824
0.0837
0.1027
0.0881
0.0875
0.1701
0.4405
0.3175
0.2452
0.2163
0.21489999999999998
0.2286
0.1795
1.0319
0.2634
0.188
0.1515
0.2984
1.8787
0.9776
0.1722
0.0
0.0
0.0116
0.4598
0.4229
0.3915
0.3875
0.3537
0.2575
0.1613
0.1532
0.0837
0.0476
0.0581
0.1042
0.1814
0.1743
0.16099999999999998
0.0879
1.2789
1.0760999999999998
1.9823
0.5809
0.7497
0.743
0.9841
0.698
1.8043
4.6585
4.6328
4.7181
1.224
0.0915
0.1136
0.1258
0.1001
0.0646
0.0518
0.0431
0.0527
0.0601
0.0794
0.1002
0.2555
1.1857
2.1769
1.3844
0.4773
0.5056
0.5351
0.5007999999999999
0.135
0.1343
0.1316
0.13040000000000002
0.11950000000000001
0.0922
0.06409999999999999
0.0371
0.1698
0.07669999999999999
0.0838
0.0732
0.07
0.06709999999999999
0.0758
0.133
0.1763
0.1661
0.1449
0.1581
0.15610000000000002
0.123
0.1073
0.1117
