0.0603
0.054
0.054400000000000004
0.055400000000000005
0.045
0.023899999999999998
0.0218
0.0753
0.1166
0.014199999999999999
0.0253
0.0432
0.0329
0.0145
0.0265
0.0205
0.0293
0.041400000000000006
0.0194
0.0701
0.1144
0.15889999999999999
0.1296
0.0826
4.344799999999999
0.8945
0.4083
0.2841
0.2454
0.242
0.2586
0.3951
0.6799999999999999
0.494
0.2512
0.16770000000000002
0.1265
0.1255
0.1225
0.18409999999999999
0.6990000000000001
0.4504
0.4305
0.4023
0.4427
0.6914
1.5372
1.6395
0.0
0.0
0.0
0.0
0.0
0.0
0.0
0.0
0.0
0.0
0.0
0.0
0.0
0.0
3.3564
0.0
0.4219
0.1844
0.159
0.3822
0.6242
0.9735
0.5926
0.8841
5.2745999999999995
5.287699999999999
5.1376
0.8018
0.4082
0.3674
0.3301
0.3042
0.1416
0.0696
0.0474
0.030199999999999998
0.0371
0.0302
0.049
0.23
1.074
0.3724
0.41000000000000003
0.4783
0.513
0.6524000000000001
0.8135
1.2614999999999998
2.6146000000000003
2.4468
2.2344
0.6039
0.4363
0.45020000000000004
0.368
0.15789999999999998
0.11900000000000001
0.09440000000000001
0.0969
0.0901
0.1045
0.1131
0.1595
0.2348
0.3487
0.5621
0.767
1.1722
1.0812
0.7632
0.6017
2.1092
0.0632
0.0559
0.0525
0.0567
0.0499
0.043800000000000006
0.0234
0.4381
0.3035
0.1679
0.15439999999999998
0.1405
0.1164
0.0902
0.0897
0.09459999999999999
0.08660000000000001
0.1397
0.0809
0.0733
0.0712
0.0953
0.1169
0.1001
0.19929999999999998
0.1955
0.186
0.1986
0.1943
0.24180000000000001
0.6277999999999999
0.1202
0.0465
0.0561
0.043
0.036000000000000004
0.0354
0.028499999999999998
0.0413
0.0397
0.038000000000000006
0.047299999999999995
0.08310000000000001
0.29800000000000004
0.27290000000000003
0.2233
0.1996
0.2072
0.0603
0.054
0.054400000000000004
0.055400000000000005
0.045
0.023899999999999998
0.0218
0.0753
0.1166
0.014199999999999999
0.0253
0.0432
0.0329
0.0145
0.0265
0.0205
0.0293
0.041400000000000006
0.0194
0.0701
0.1144
0.15889999999999999
0.1296
0.0826
4.344799999999999
0.8945
0.4083
0.2841
0.2454
0.242
0.2586
0.3951
0.6799999999999999
0.494
0.2512
0.16770000000000002
0.1265
0.1255
0.1225
0.18409999999999999
0.6990000000000001
0.4504
0.4305
0.4023
0.4427
0.6914
1.5372
1.6395
0.0
0.0
0.0
0.0
0.0
0.0
0.0
0.0
0.0
0.0
0.0
0.0
0.0
0.0
3.3564
0.0
0.4219
0.1844
0.159
0.3822
0.6242
0.9735
0.5926
0.8841
5.2745999999999995
5.287699999999999
5.1376
0.8018
0.4082
0.3674
0.3301
0.3042
0.1416
0.0696
0.0474
0.030199999999999998
0.0371
0.0302
0.049
0.23
1.074
0.3724
0.41000000000000003
0.4783
0.513
0.6524000000000001
0.8135
1.2614999999999998
2.6146000000000003
2.4468
2.2344
0.6039
0.4363
0.45020000000000004
0.368
0.15789999999999998
0.11900000000000001
0.09440000000000001
0.0969
0.0901
0.1045
0.1131
0.1595
0.2348
0.3487
0.5621
0.767
1.1722
1.0812
0.7632
0.6017
2.1092
0.0632
0.0559
0.0525
0.0567
0.0499
0.043800000000000006
0.0234
0.4381
0.3035
0.1679
0.15439999999999998
0.1405
0.1164
0.0902
0.0897
0.09459999999999999
0.08660000000000001
0.1397
0.0809
0.0733
0.0712
0.0953
0.1169
0.1001
0.19929999999999998
0.1955
0.186
0.1986
0.1943
0.24180000000000001
0.6277999999999999
0.1202
0.0465
0.0561
0.043
0.036000000000000004
0.0354
0.028499999999999998
0.0413
0.0397
0.038000000000000006
0.047299999999999995
0.08310000000000001
0.29800000000000004
0.27290000000000003
0.2233
0.1996
0.2072
0.0603
0.054
0.054400000000000004
0.055400000000000005
0.045
0.023899999999999998
0.0218
0.0753
0.1166
0.014199999999999999
0.0253
0.0432
0.0329
0.0145
0.0265
0.0205
0.0293
0.041400000000000006
0.0194
0.0701
0.1144
0.15889999999999999
0.1296
0.0826
4.344799999999999
0.8945
0.4083
0.2841
0.2454
0.242
0.2586
0.3951
0.6799999999999999
0.494
0.2512
0.16770000000000002
0.1265
0.1255
0.1225
0.18409999999999999
0.6990000000000001
0.4504
0.4305
0.4023
0.4427
0.6914
1.5372
1.6395
0.0
0.0
0.0
0.0
0.0
0.0
0.0
0.0
0.0
0.0
0.0
0.0
0.0
0.0
3.3564
0.0
0.4219
0.1844
0.159
0.3822
0.6242
0.9735
0.5926
0.8841
5.2745999999999995
5.287699999999999
5.1376
0.8018
0.4082
0.3674
0.3301
0.3042
0.1416
0.0696
0.0474
0.030199999999999998
0.0371
0.0302
0.049
0.23
1.074
0.3724
0.41000000000000003
0.4783
0.513
0.6524000000000001
0.8135
1.2614999999999998
2.6146000000000003
2.4468
2.2344
0.6039
0.4363
0.45020000000000004
0.368
0.15789999999999998
0.11900000000000001
0.09440000000000001
0.0969
0.0901
0.1045
0.1131
0.1595
0.2348
0.3487
0.5621
0.767
1.1722
1.0812
0.7632
0.6017
2.1092
0.0632
0.0559
0.0525
0.0567
0.0499
0.043800000000000006
0.0234
0.4381
0.3035
0.1679
0.15439999999999998
0.1405
0.1164
0.0902
0.0897
0.09459999999999999
0.08660000000000001
0.1397
0.0809
0.0733
0.0712
0.0953
0.1169
0.1001
0.19929999999999998
0.1955
0.186
0.1986
0.1943
0.24180000000000001
0.6277999999999999
0.1202
0.0465
0.0561
0.043
0.036000000000000004
0.0354
0.028499999999999998
0.0413
0.0397
0.038000000000000006
0.047299999999999995
0.08310000000000001
0.29800000000000004
0.27290000000000003
0.2233
0.1996
0.2072
0.0603
0.054
0.054400000000000004
0.055400000000000005
0.045
0.023899999999999998
0.0218
0.0753
0.1166
0.014199999999999999
0.0253
0.0432
0.0329
0.0145
0.0265
0.0205
0.0293
0.041400000000000006
0.0194
0.0701
0.1144
0.15889999999999999
0.1296
0.0826
4.344799999999999
0.8945
0.4083
0.2841
0.2454
0.242
0.2586
0.3951
0.6799999999999999
0.494
0.2512
0.16770000000000002
0.1265
0.1255
0.1225
0.18409999999999999
0.6990000000000001
0.4504
0.4305
0.4023
0.4427
0.6914
1.5372
1.6395
0.0
0.0
0.0
0.0
0.0
0.0
0.0
0.0
0.0
0.0
0.0
0.0
0.0
0.0
3.3564
0.0
0.4219
0.1844
0.159
0.3822
0.6242
0.9735
0.5926
0.8841
5.2745999999999995
5.287699999999999
5.1376
0.8018
0.4082
0.3674
0.3301
0.3042
0.1416
0.0696
0.0474
0.030199999999999998
0.0371
0.0302
0.049
0.23
1.074
0.3724
0.41000000000000003
0.4783
0.513
0.6524000000000001
0.8135
1.2614999999999998
2.6146000000000003
2.4468
2.2344
0.6039
0.4363
0.45020000000000004
0.368
0.15789999999999998
0.11900000000000001
0.09440000000000001
0.0969
0.0901
0.1045
0.1131
0.1595
0.2348
0.3487
0.5621
0.767
1.1722
1.0812
0.7632
0.6017
2.1092
0.0632
0.0559
0.0525
0.0567
0.0499
0.043800000000000006
0.0234
0.4381
0.3035
0.1679
0.15439999999999998
0.1405
0.1164
0.0902
0.0897
0.09459999999999999
0.08660000000000001
0.1397
0.0809
0.0733
0.0712
0.0953
0.1169
0.1001
0.19929999999999998
0.1955
0.186
0.1986
0.1943
0.24180000000000001
0.6277999999999999
0.1202
0.0465
0.0561
0.043
0.036000000000000004
0.0354
0.028499999999999998
0.0413
0.0397
0.038000000000000006
0.047299999999999995
0.08310000000000001
0.29800000000000004
0.27290000000000003
0.2233
0.1996
0.2072
0.0603
0.054
0.054400000000000004
0.055400000000000005
0.045
0.023899999999999998
0.0218
0.0753
0.1166
0.014199999999999999
0.0253
0.0432
0.0329
0.0145
0.0265
0.0205
0.0293
0.041400000000000006
0.0194
0.0701
0.1144
0.15889999999999999
0.1296
0.0826
4.344799999999999
0.8945
0.4083
0.2841
0.2454
0.242
0.2586
0.3951
0.6799999999999999
0.494
0.2512
0.16770000000000002
0.1265
0.1255
0.1225
0.18409999999999999
0.6990000000000001
0.4504
0.4305
0.4023
0.4427
0.6914
1.5372
1.6395
0.0
0.0
0.0
0.0
0.0
0.0
0.0
0.0
0.0
0.0
0.0
0.0
0.0
0.0
3.3564
0.0
0.4219
0.1844
0.159
0.3822
0.6242
0.9735
0.5926
0.8841
0.0
0.0
0.0
0.0
0.0
0.0
0.005
0.4524
0.12329999999999999
0.024300000000000002
0.0133
0.0068
0.0126
0.018
0.0206
0.1855
0.2546
0.0071
0.0
0.0
0.0222
0.10880000000000001
0.1177
0.13369999999999999
1.1511
1.2859
1.3456000000000001
0.4175
0.3165
0.3935
0.4817
0.1402
0.0728
0.052199999999999996
0.0566
0.0509
0.057800000000000004
0.0582
0.0628
0.10450000000000001
0.2178
0.6087
2.4475
0.4861
0.40769999999999995
0.3866
0.3508
0.3346
0.0246
0.0173
0.0093
0.0171
0.0109
0.0109
0.1325
1.5637999999999999
2.1249000000000002
0.9380000000000001
0.1542
0.2124
0.2034
0.4205
0.3972
0.1517
0.183
0.2877
0.2132
0.2561
0.24080000000000001
0.2218
0.075
0.0156
0.3856
0.38870000000000005
0.3427
0.3744
1.9426999999999999
1.4262000000000001
1.185
0.5393
0.4306
0.4074
0.3931
0.4051
0.4064
0.45399999999999996
1.0319
1.2276
2.1808
1.6196
1.5856
2.4387
2.138
0.10930000000000001
0.1375
0.2487
0.0153
0.039599999999999996
0.054599999999999996
0.0627
0.0687
0.0463
0.20400000000000001
0.33220000000000005
1.5983
0.0108
0.0561
0.3253
0.4834
0.8996
1.4052
0.2038
0.0668
0.4363
0.7624
0.7498
0.2313
0.0
0.0
0.0
0.9366
0.9538
2.4783999999999997
1.0102
0.8903
0.8437
1.1326999999999998
0.9742
0.9224
0.8889
0.8831
0.8778
0.9245
0.8995
0.9004
1.5851000000000002
0.6211
0.5723
0.6255
0.5976
0.4264
0.3003
0.2315
0.19240000000000002
1.3767
2.7028999999999996
0.4124
0.32289999999999996
0.2149
0.3064
0.4516
0.2722
0.2152
0.183
0.1643
0.16010000000000002
0.1866
0.2767
0.37370000000000003
0.3808
0.34099999999999997
1.3419
1.4992
0.5981000000000001
3.3864
10.4969
8.2775
3.3432
0.0
0.0
0.0
0.0
0.0
0.0
0.005
0.4524
0.12329999999999999
0.024300000000000002
0.0133
0.0068
0.0126
0.018
0.0206
0.1855
0.2546
0.0071
0.0
0.0
0.0222
0.10880000000000001
0.1177
0.13369999999999999
1.1511
1.2859
1.3456000000000001
0.4175
0.3165
0.3935
0.4817
0.1402
0.0728
0.052199999999999996
0.0566
0.0509
0.057800000000000004
0.0582
0.0628
0.10450000000000001
0.2178
0.6087
2.4475
0.4861
0.40769999999999995
0.3866
0.3508
0.3346
0.0246
0.0173
0.0093
0.0171
0.0109
0.0109
0.1325
1.5637999999999999
2.1249000000000002
0.9380000000000001
0.1542
0.2124
0.2034
0.4205
0.3972
0.1517
0.183
0.2877
0.2132
0.2561
0.24080000000000001
0.2218
0.075
0.0156
0.3856
0.38870000000000005
0.3427
0.3744
1.9426999999999999
1.4262000000000001
1.185
0.5393
0.4306
0.4074
0.3931
0.4051
0.4064
0.45399999999999996
1.0319
1.2276
2.1808
1.6196
1.5856
2.4387
2.138
0.10930000000000001
0.1375
0.2487
0.0153
0.039599999999999996
0.054599999999999996
0.0627
0.0687
0.0463
0.20400000000000001
0.33220000000000005
1.5983
0.0108
0.0561
0.3253
0.4834
0.8996
1.4052
0.2038
0.0668
0.4363
0.7624
0.7498
0.2313
0.0
0.0
0.0
0.9366
0.9538
2.4783999999999997
1.0102
0.8903
0.8437
1.1326999999999998
0.9742
0.9224
0.8889
0.8831
0.8778
0.9245
0.8995
0.9004
1.5851000000000002
0.6211
0.5723
0.6255
0.5976
0.4264
0.3003
0.2315
0.19240000000000002
1.3767
2.7028999999999996
0.4124
0.32289999999999996
0.2149
0.3064
0.4516
0.2722
0.2152
0.183
0.1643
0.16010000000000002
0.1866
0.2767
0.37370000000000003
0.3808
0.34099999999999997
1.3419
1.4992
0.5981000000000001
3.3864
10.4969
8.2775
3.3432
0.0
0.0
0.0
0.0
0.0
0.0
0.005
0.4524
0.12329999999999999
0.024300000000000002
0.0133
0.0068
0.0126
0.018
0.0206
0.1855
0.2546
0.0071
0.0
0.0
0.0222
0.10880000000000001
0.1177
0.13369999999999999
1.1511
1.2859
1.3456000000000001
0.4175
0.3165
0.3935
0.4817
0.1402
0.0728
0.052199999999999996
0.0566
0.0509
0.057800000000000004
0.0582
0.0628
0.10450000000000001
0.2178
0.6087
2.4475
0.4861
0.40769999999999995
0.3866
0.3508
0.3346
0.0246
0.0173
0.0093
0.0171
0.0109
0.0109
0.1325
1.5637999999999999
2.1249000000000002
0.9380000000000001
0.1542
0.2124
0.2034
0.4205
0.3972
0.1517
0.183
0.2877
0.2132
0.2561
0.24080000000000001
0.2218
0.075
0.0156
0.3856
0.38870000000000005
0.3427
0.3744
1.9426999999999999
1.4262000000000001
1.185
0.5393
0.4306
0.4074
0.3931
0.4051
0.4064
0.45399999999999996
1.0319
1.2276
2.1808
1.6196
1.5856
2.4387
2.138
0.10930000000000001
0.1375
0.2487
0.0153
0.039599999999999996
0.054599999999999996
0.0627
0.0687
0.0463
0.20400000000000001
0.33220000000000005
1.5983
0.0108
0.0561
0.3253
0.4834
0.8996
1.4052
0.2038
0.0668
0.4363
0.7624
0.7498
0.2313
0.0
0.0
0.0
0.9366
0.9538
2.4783999999999997
1.0102
0.8903
0.8437
1.1326999999999998
0.9742
0.9224
0.8889
0.8831
0.8778
0.9245
0.8995
0.9004
1.5851000000000002
0.6211
0.5723
0.6255
0.5976
0.4264
0.3003
0.2315
0.19240000000000002
1.3767
2.7028999999999996
0.4124
0.32289999999999996
0.2149
0.3064
0.4516
0.2722
0.2152
0.183
0.1643
0.16010000000000002
0.1866
0.2767
0.37370000000000003
0.3808
0.34099999999999997
1.3419
1.4992
0.5981000000000001
3.3864
10.4969
8.2775
3.3432
0.0
0.0
0.0
0.0
0.0
0.0
0.005
0.4524
0.12329999999999999
0.024300000000000002
0.0133
0.0068
0.0126
0.018
0.0206
0.1855
0.2546
0.0071
0.0
0.0
0.0222
0.10880000000000001
0.1177
0.13369999999999999
1.1511
1.2859
1.3456000000000001
0.4175
0.3165
0.3935
0.4817
0.1402
0.0728
0.052199999999999996
0.0566
0.0509
0.057800000000000004
0.0582
0.0628
0.10450000000000001
0.2178
0.6087
2.4475
0.4861
0.40769999999999995
0.3866
0.3508
0.3346
0.0246
0.0173
0.0093
0.0171
0.0109
0.0109
0.1325
1.5637999999999999
2.1249000000000002
0.9380000000000001
0.1542
0.2124
0.2034
0.4205
0.3972
0.1517
0.183
0.2877
0.2132
0.2561
0.24080000000000001
0.2218
0.075
0.0156
0.3856
0.38870000000000005
0.3427
0.3744
1.9426999999999999
1.4262000000000001
1.185
0.5393
0.4306
0.4074
0.3931
0.4051
0.4064
0.45399999999999996
1.0319
1.2276
2.1808
1.6196
1.5856
2.4387
2.138
0.10930000000000001
0.1375
0.2487
0.0153
0.039599999999999996
0.054599999999999996
0.0627
0.0687
0.0463
0.20400000000000001
0.33220000000000005
1.5983
0.0108
0.0561
0.3253
0.4834
0.8996
1.4052
0.2038
0.0668
0.4363
0.7624
0.7498
0.2313
0.0
0.0
0.0
0.9366
0.9538
2.4783999999999997
1.0102
0.8903
0.8437
1.1326999999999998
0.9742
0.9224
0.8889
0.8831
0.8778
0.9245
0.8995
0.9004
1.5851000000000002
0.6211
0.5723
0.6255
0.5976
0.4264
0.3003
0.2315
0.19240000000000002
1.3767
2.7028999999999996
0.4124
0.32289999999999996
0.2149
0.3064
0.4516
0.2722
0.2152
0.183
0.1643
0.16010000000000002
0.1866
0.2767
0.37370000000000003
0.3808
0.34099999999999997
1.3419
1.4992
0.5981000000000001
3.3864
10.4969
8.2775
3.3432
0.0
0.0
0.0
0.0
0.0
0.0
0.0052
0.0
0.0
0.0
0.0351
0.37050000000000005
0.19369999999999998
0.0421
2.7488
0.0126
0.0224
0.8564
0.0
0.9231
0.677
0.11
0.0
0.0
1.2273
1.3679999999999999
1.3362
1.4735
1.2995999999999999
0.3798
0.94
0.5776
0.0
0.012799999999999999
0.0432
0.0561
0.042800000000000005
0.0377
0.028999999999999998
0.019200000000000002
0.0434
0.2919
0.8584
0.6146
0.47050000000000003
0.3874
0.3366
1.7127
2.2595
3.3005
1.2546
0.2817
0.2341
0.1412
0.1651
0.21810000000000002
0.2723
0.3522
0.41359999999999997
0.5026
0.5494
0.5791999999999999
0.7303999999999999
0.7832
0.756
2.4455
2.0643
1.7410999999999999
1.5502
1.294
0.9144
0.6125
0.8495
1.0608
1.9133
1.3923
0.39339999999999997
0.0504
0.0417
0.0296
0.0675
0.06129999999999999
0.055299999999999995
0.0944
0.0643
0.0635
0.0746
0.0687
0.0963
0.2821
0.2882
0.1547
0.0883
0.0638
0.0879
0.1625
0.3425
0.3095
0.2595
0.2404
0.2019
0.0769
0.027299999999999998
0.0178
0.0
0.0
0.0
0.3632
0.9864999999999999
0.782
0.7821
0.3156
0.7291
1.4263
0.9661
0.9291
0.8198
0.6821
0.8555
2.2067
0.9798
0.296
0.4938
2.4625
1.6258
0.3282
0.7217
1.8978000000000002
0.0203
0.18880000000000002
0.2019
0.2153
0.2723
0.3129
0.28190000000000004
0.2051
0.0891
0.0821
0.4238
0.3466
1.9196
3.2533000000000003
3.1865
4.0721
0.0359
0.1033
0.11680000000000001
0.0885
0.06670000000000001
0.1716
0.4004
0.5474
0.8956
0.0
0.0397
0.0728
0.0784
0.126
0.43620000000000003
0.0256
0.0112
0.0
0.8170999999999999
0.058
0.0382
0.0
0.0
0.0
0.0
0.0
0.0
0.0
0.0
0.0
0.0052
0.0
0.0
0.0
0.0351
0.37050000000000005
0.19369999999999998
0.0421
2.7488
0.0126
0.0224
0.8564
0.0
0.9231
0.677
0.11
0.0
0.0
1.2273
1.3679999999999999
1.3362
1.4735
1.2995999999999999
0.3798
0.94
0.5776
0.0
0.012799999999999999
0.0432
0.0561
0.042800000000000005
0.0377
0.028999999999999998
0.019200000000000002
0.0434
0.2919
0.8584
0.6146
0.47050000000000003
0.3874
0.3366
1.7127
2.2595
3.3005
1.2546
0.2817
0.2341
0.1412
0.1651
0.21810000000000002
0.2723
0.3522
0.41359999999999997
0.5026
0.5494
0.5791999999999999
0.7303999999999999
0.7832
0.756
2.4455
2.0643
1.7410999999999999
1.5502
1.294
0.9144
0.6125
0.8495
1.0608
1.9133
1.3923
0.39339999999999997
0.0504
0.0417
0.0296
0.0675
0.06129999999999999
0.055299999999999995
0.0944
0.0643
0.0635
0.0746
0.0687
0.0963
0.2821
0.2882
0.1547
0.0883
0.0638
0.0879
0.1625
0.3425
0.3095
0.2595
0.2404
0.2019
0.0769
0.027299999999999998
0.0178
0.0
0.0
0.0
0.3632
0.9864999999999999
0.782
0.7821
0.3156
0.7291
1.4263
0.9661
0.9291
0.8198
0.6821
0.8555
2.2067
0.9798
0.296
0.4938
2.4625
1.6258
0.3282
0.7217
1.8978000000000002
0.0203
0.18880000000000002
0.2019
0.2153
0.2723
0.3129
0.28190000000000004
0.2051
0.0891
0.0821
0.4238
0.3466
1.9196
3.2533000000000003
3.1865
4.0721
0.0359
0.1033
0.11680000000000001
0.0885
0.06670000000000001
0.1716
0.4004
0.5474
0.8956
0.0
0.0397
0.0728
0.0784
0.126
0.43620000000000003
0.0256
0.0112
0.0
0.8170999999999999
0.058
0.0382
0.0
0.0
0.0
0.0
0.0
0.0
0.0
0.0
0.0
0.0052
0.0
0.0
0.0
0.0351
0.37050000000000005
0.19369999999999998
0.0421
2.7488
0.0126
0.0224
0.8564
0.0
0.9231
0.677
0.11
0.0
0.0
1.2273
1.3679999999999999
1.3362
1.4735
1.2995999999999999
0.3798
0.94
0.5776
0.0
0.012799999999999999
0.0432
0.0561
0.042800000000000005
0.0377
0.028999999999999998
0.019200000000000002
0.0434
0.2919
0.8584
0.6146
0.47050000000000003
0.3874
0.3366
1.7127
2.2595
3.3005
1.2546
0.2817
0.2341
0.1412
0.1651
0.21810000000000002
0.2723
0.3522
0.41359999999999997
0.5026
0.5494
0.5791999999999999
0.7303999999999999
0.7832
0.756
2.4455
2.0643
1.7410999999999999
1.5502
1.294
0.9144
0.6125
0.8495
1.0608
1.9133
1.3923
0.39339999999999997
0.0504
0.0417
0.0296
0.0675
0.06129999999999999
0.055299999999999995
0.0944
0.0643
0.0635
0.0746
0.0687
0.0963
0.2821
0.2882
0.1547
0.0883
0.0638
0.0879
0.1625
0.3425
0.3095
0.2595
0.2404
0.2019
0.0769
0.027299999999999998
0.0178
0.0
0.0
0.0
0.3632
0.9864999999999999
0.782
0.7821
0.3156
0.7291
1.4263
0.9661
0.9291
0.8198
0.6821
0.8555
2.2067
0.9798
0.296
0.4938
2.4625
1.6258
0.3282
0.7217
1.8978000000000002
0.0203
0.18880000000000002
0.2019
0.2153
0.2723
0.3129
0.28190000000000004
0.2051
0.0891
0.0821
0.4238
0.3466
1.9196
3.2533000000000003
3.1865
4.0721
0.0359
0.1033
0.11680000000000001
0.0885
0.06670000000000001
0.1716
0.4004
0.5474
0.8956
0.0
0.0397
0.0728
0.0784
0.126
0.43620000000000003
0.0256
0.0112
0.0
0.8170999999999999
0.058
0.0382
0.0
0.0
0.0
0.0
0.0
0.0
0.0
0.0
0.0
0.0052
0.0
0.0
0.0
0.0351
0.37050000000000005
0.19369999999999998
0.0421
2.7488
0.0126
0.0224
0.8564
0.0
0.9231
0.677
0.11
0.0
0.0
1.2273
1.3679999999999999
1.3362
1.4735
1.2995999999999999
0.3798
0.94
0.5776
0.0
0.012799999999999999
0.0432
0.0561
0.042800000000000005
0.0377
0.028999999999999998
0.019200000000000002
0.0434
0.2919
0.8584
0.6146
0.47050000000000003
0.3874
0.3366
1.7127
2.2595
3.3005
1.2546
0.2817
0.2341
0.1412
0.1651
0.21810000000000002
0.2723
0.3522
0.41359999999999997
0.5026
0.5494
0.5791999999999999
0.7303999999999999
0.7832
0.756
2.4455
2.0643
1.7410999999999999
1.5502
1.294
0.9144
0.6125
0.8495
1.0608
1.9133
1.3923
0.39339999999999997
0.0504
0.0417
0.0296
0.0675
0.06129999999999999
0.055299999999999995
0.0944
0.0643
0.0635
0.0746
0.0687
0.0963
0.2821
0.2882
0.1547
0.0883
0.0638
0.0879
0.1625
0.3425
0.3095
0.2595
0.2404
0.2019
0.0769
0.027299999999999998
0.0178
0.0
0.0
0.0
0.3632
0.9864999999999999
0.782
0.7821
0.3156
0.7291
1.4263
0.9661
0.9291
0.8198
0.6821
0.8555
2.2067
0.9798
0.296
0.4938
2.4625
1.6258
0.3282
0.7217
1.8978000000000002
0.0203
0.18880000000000002
0.2019
0.2153
0.2723
0.3129
0.28190000000000004
0.2051
0.0891
0.0821
0.4238
0.3466
1.9196
3.2533000000000003
3.1865
4.0721
0.0359
0.1033
0.11680000000000001
0.0885
0.06670000000000001
0.1716
0.4004
0.5474
0.8956
0.0
0.0397
0.0728
0.0784
0.126
0.43620000000000003
0.0256
0.0112
0.0
0.8170999999999999
0.058
0.0382
0.0
0.0
0.0
0.0
0.0
0.0
0.0
0.0
0.0
0.0052
0.0
0.0
0.0
0.0351
0.37050000000000005
0.19369999999999998
0.0421
2.7488
0.0126
0.0224
0.8564
0.0
0.9231
0.677
0.11
0.0
0.0
1.2273
1.3679999999999999
1.3362
1.4735
1.2995999999999999
0.3798
0.94
0.5776
0.0
0.012799999999999999
0.0432
0.0561
0.042800000000000005
0.0377
0.028999999999999998
0.019200000000000002
0.0434
0.2919
0.8584
0.6146
0.47050000000000003
0.3874
0.3366
1.7127
2.2595
3.3005
1.2546
0.2817
0.2341
0.1412
0.1651
0.21810000000000002
0.2723
0.3522
0.41359999999999997
0.5026
0.5494
0.5791999999999999
0.7303999999999999
0.7832
0.756
2.4455
2.0643
1.7410999999999999
1.5502
1.294
0.9144
0.6125
0.5354
0.4014
0.3887
0.3038
0.23399999999999999
0.1417
0.1147
0.1406
0.2496
0.252
0.1516
0.10439999999999999
0.034
0.0204
0.0112
0.0029
0.0104
0.047400000000000005
0.38820000000000005
0.4369
0.2782
0.2384
0.2294
3.5525
0.032
0.0329
0.0319
0.0322
0.0298
0.0257
0.0184
0.0116
0.0
0.023
0.026000000000000002
0.039900000000000005
0.0335
0.027200000000000002
0.0331
0.023
0.0271
0.0
0.1345
0.0322
0.0748
0.0458
0.042300000000000004
0.0348
0.1023
0.11410000000000001
0.11649999999999999
0.1158
0.1144
0.1081
0.1704
0.0654
0.0062
0.043800000000000006
0.0388
0.0245
0.0387
0.0382
0.039400000000000004
0.0764
0.036500000000000005
0.0558
0.0414
0.0094
0.0
0.0
0.0
0.0
8.1725
8.2868
4.5936
0.0225
0.0249
0.0087
0.0237
0.0383
0.029699999999999997
0.0307
0.0503
0.0299
0.0219
0.020499999999999997
0.0166
0.0106
0.0
0.0
0.0
1.2181
0.0
0.0238
0.0045
1.5337
0.8091
1.9156
3.6263
2.9386
1.3147
0.2903
1.8127
0.0
0.0077
0.0066
0.0066
0.0189
0.024300000000000002
0.0073
0.0032
0.0
0.0108
0.0108
0.0065
0.0376
0.0204
0.0102
0.044899999999999995
0.0528
0.7511
0.9663999999999999
0.6134999999999999
0.2999
0.3163
0.4111
0.4352
0.5432
0.5031
0.5485
0.5621
0.6732
0.4498
0.3258
0.27669999999999995
0.25229999999999997
0.5352
0.222
0.2122
0.197
0.1736
0.3386
1.0708
1.4165
0.1437
0.1012
0.1069
0.0874
0.0939
0.154
0.2707
0.6735
0.6489
0.5524
0.3976
0.3246
0.26049999999999995
1.2161
3.0907
0.5375
0.9052
0.5679000000000001
0.4258
0.3407
1.4684
2.2395
1.3447
1.5937
0.5354
0.4014
0.3887
0.3038
0.23399999999999999
0.1417
0.1147
0.1406
0.2496
0.252
0.1516
0.10439999999999999
0.034
0.0204
0.0112
0.0029
0.0104
0.047400000000000005
0.38820000000000005
0.4369
0.2782
0.2384
0.2294
3.5525
0.032
0.0329
0.0319
0.0322
0.0298
0.0257
0.0184
0.0116
0.0
0.023
0.026000000000000002
0.039900000000000005
0.0335
0.027200000000000002
0.0331
0.023
0.0271
0.0
0.1345
0.0322
0.0748
0.0458
0.042300000000000004
0.0348
0.1023
0.11410000000000001
0.11649999999999999
0.1158
0.1144
0.1081
0.1704
0.0654
0.0062
0.043800000000000006
0.0388
0.0245
0.0387
0.0382
0.039400000000000004
0.0764
0.036500000000000005
0.0558
0.0414
0.0094
0.0
0.0
0.0
0.0
8.1725
8.2868
4.5936
0.0225
0.0249
0.0087
0.0237
0.0383
0.029699999999999997
0.0307
0.0503
0.0299
0.0219
0.020499999999999997
0.0166
0.0106
0.0
0.0
0.0
1.2181
0.0
0.0238
0.0045
1.5337
0.8091
1.9156
3.6263
2.9386
1.3147
0.2903
1.8127
0.0
0.0077
0.0066
0.0066
0.0189
0.024300000000000002
0.0073
0.0032
0.0
0.0108
0.0108
0.0065
0.0376
0.0204
0.0102
0.044899999999999995
0.0528
0.7511
0.9663999999999999
0.6134999999999999
0.2999
0.3163
0.4111
0.4352
0.5432
0.5031
0.5485
0.5621
0.6732
0.4498
0.3258
0.27669999999999995
0.25229999999999997
0.5352
0.222
0.2122
0.197
0.1736
0.3386
1.0708
1.4165
0.1437
0.1012
0.1069
0.0874
0.0939
0.154
0.2707
0.6735
0.6489
0.5524
0.3976
0.3246
0.26049999999999995
1.2161
3.0907
0.5375
0.9052
0.5679000000000001
0.4258
0.3407
1.4684
2.2395
1.3447
1.5937
0.5354
0.4014
0.3887
0.3038
0.23399999999999999
0.1417
0.1147
0.1406
0.2496
0.252
0.1516
0.10439999999999999
0.034
0.0204
0.0112
0.0029
0.0104
0.047400000000000005
0.38820000000000005
0.4369
0.2782
0.2384
0.2294
3.5525
0.032
0.0329
0.0319
0.0322
0.0298
0.0257
0.0184
0.0116
0.0
0.023
0.026000000000000002
0.039900000000000005
0.0335
0.027200000000000002
0.0331
0.023
0.0271
0.0
0.1345
0.0322
0.0748
0.0458
0.042300000000000004
0.0348
0.1023
0.11410000000000001
0.11649999999999999
0.1158
0.1144
0.1081
0.1704
0.0654
0.0062
0.043800000000000006
0.0388
0.0245
0.0387
0.0382
0.039400000000000004
0.0764
0.036500000000000005
0.0558
0.0414
0.0094
0.0
0.0
0.0
0.0
8.1725
8.2868
4.5936
0.0225
0.0249
0.0087
0.0237
0.0383
0.029699999999999997
0.0307
0.0503
0.0299
0.0219
0.020499999999999997
0.0166
0.0106
0.0
0.0
0.0
1.2181
0.0
0.0238
0.0045
1.5337
0.8091
1.9156
3.6263
2.9386
1.3147
0.2903
1.8127
0.0
0.0077
0.0066
0.0066
0.0189
0.024300000000000002
0.0073
0.0032
0.0
0.0108
0.0108
0.0065
0.0376
0.0204
0.0102
0.044899999999999995
0.0528
0.7511
0.9663999999999999
0.6134999999999999
0.2999
0.3163
0.4111
0.4352
0.5432
0.5031
0.5485
0.5621
0.6732
0.4498
0.3258
0.27669999999999995
0.25229999999999997
0.5352
0.222
0.2122
0.197
0.1736
0.3386
1.0708
1.4165
0.1437
0.1012
0.1069
0.0874
0.0939
0.154
0.2707
0.6735
0.6489
0.5524
0.3976
0.3246
0.26049999999999995
1.2161
3.0907
0.5375
0.9052
0.5679000000000001
0.4258
0.3407
1.4684
2.2395
1.3447
1.5937
0.5354
0.4014
0.3887
0.3038
0.23399999999999999
0.1417
0.1147
0.1406
0.2496
0.252
0.1516
0.10439999999999999
0.034
0.0204
0.0112
0.0029
0.0104
0.047400000000000005
0.38820000000000005
0.4369
0.2782
0.2384
0.2294
3.5525
0.032
0.0329
0.0319
0.0322
0.0298
0.0257
0.0184
0.0116
0.0
0.023
0.026000000000000002
0.039900000000000005
0.0335
0.027200000000000002
0.0331
0.023
0.0271
0.0
0.1345
0.0322
0.0748
0.0458
0.042300000000000004
0.0348
0.1023
0.11410000000000001
0.11649999999999999
0.1158
0.1144
0.1081
0.1704
0.0654
0.0062
0.043800000000000006
0.0388
0.0245
0.0387
0.0382
0.039400000000000004
0.0764
0.036500000000000005
0.0558
0.0414
0.0094
0.0
0.0
0.0
0.0
8.1725
8.2868
4.5936
0.0225
0.0249
0.0087
0.0237
0.0383
0.029699999999999997
0.0307
0.0503
0.0299
0.0219
0.020499999999999997
0.0166
0.0106
0.0
0.0
0.0
1.2181
0.0
0.0238
0.0045
1.5337
0.8091
1.9156
3.6263
2.9386
1.3147
0.2903
1.8127
0.0
0.0077
0.0066
0.0066
0.0189
0.024300000000000002
0.0073
0.0032
0.0
0.0108
0.0108
0.0065
0.0376
0.0204
0.0102
0.044899999999999995
0.0528
0.7511
0.9663999999999999
0.6134999999999999
0.2999
0.3163
0.4111
0.4352
0.5432
0.5031
0.5485
0.5621
0.6732
0.4498
0.3258
0.27669999999999995
0.25229999999999997
0.5352
0.222
0.2122
0.197
0.1736
0.3386
1.0708
1.4165
0.1437
0.1012
0.1069
0.0874
0.0939
0.154
0.2707
0.6735
0.6489
0.5524
0.3976
0.3246
0.26049999999999995
1.2161
3.0907
0.5375
0.9052
0.5679000000000001
0.4258
0.3407
1.4684
2.2395
1.3447
1.5937
0.5354
0.4014
0.3887
0.3038
0.23399999999999999
0.1417
0.1147
0.1406
0.2496
0.252
0.1516
0.10439999999999999
0.034
0.0204
0.0112
0.0029
0.0104
0.047400000000000005
0.38820000000000005
0.4369
0.2782
0.2384
0.2294
3.5525
0.032
0.0329
0.0319
0.0322
0.0298
0.0257
0.0184
0.0116
0.0
0.023
0.026000000000000002
0.039900000000000005
0.0335
0.027200000000000002
0.0331
0.023
0.0271
0.0
0.1345
0.0322
0.0748
0.0458
0.042300000000000004
0.0348
0.3781
0.3593
0.34550000000000003
0.3285
0.3217
0.34330000000000005
0.388
0.43679999999999997
0.5434
0.5478
0.4222
1.7275999999999998
0.4623
0.4562
0.9887
1.2531
0.6408
0.9478
0.9713
0.9297
0.9877
1.1089
1.1758000000000002
0.7814
1.6850999999999998
3.0554
3.026
1.8538999999999999
0.9168000000000001
1.5263
0.4102
0.3358
0.3257
0.3306
0.3207
0.3202
0.3123
0.30300000000000005
0.3052
0.3056
0.2729
0.2615
0.8873000000000001
0.5155000000000001
0.31920000000000004
0.3198
0.3296
0.3441
0.1332
0.1602
0.1562
0.1484
0.1242
0.1
0.056
0.0375
0.0281
0.0325
0.0286
0.0266
0.0269
0.0239
0.026799999999999997
0.0252
0.0245
0.048799999999999996
0.05
0.061
0.0766
0.0779
0.0939
0.5311
3.8946000000000005
2.3064
2.8499
2.0659
1.5089000000000001
0.2601
0.033100000000000004
0.0303
0.046200000000000005
0.07450000000000001
0.0685
0.0854
0.0824
0.0884
0.0683
0.047
0.0728
0.053
0.0504
0.07650000000000001
0.06080000000000001
0.0532
0.0385
0.777
1.4773
0.4265
4.2613
0.0337
0.0209
0.0406
0.0415
0.0119
0.0233
0.024399999999999998
0.025099999999999997
0.0344
0.058300000000000005
0.1293
0.06420000000000001
0.0379
0.0112
0.0091
0.022600000000000002
0.0571
0.0576
0.033
0.0
0.0
4.2923
1.8517
0.0
0.0
0.0112
0.0665
0.0763
0.096
0.091
0.0857
0.0852
0.07139999999999999
0.07050000000000001
0.1037
0.09240000000000001
0.0678
0.088
0.061900000000000004
0.0789
0.1116
0.1099
0.10189999999999999
0.0233
0.9508
0.0764
0.0692
0.0683
0.0658
0.0585
0.0437
0.027700000000000002
0.0194
0.0138
0.046
0.028900000000000002
0.0264
0.0276
0.0236
0.022699999999999998
0.032600000000000004
0.0378
0.06420000000000001
0.19779999999999998
0.050699999999999995
0.129
0.133
0.12190000000000001
0.0883
0.3781
0.3593
0.34550000000000003
0.3285
0.3217
0.34330000000000005
0.388
0.43679999999999997
0.5434
0.5478
0.4222
1.7275999999999998
0.4623
0.4562
0.9887
1.2531
0.6408
0.9478
0.9713
0.9297
0.9877
1.1089
1.1758000000000002
0.7814
1.6850999999999998
3.0554
3.026
1.8538999999999999
0.9168000000000001
1.5263
0.4102
0.3358
0.3257
0.3306
0.3207
0.3202
0.3123
0.30300000000000005
0.3052
0.3056
0.2729
0.2615
0.8873000000000001
0.5155000000000001
0.31920000000000004
0.3198
0.3296
0.3441
0.1332
0.1602
0.1562
0.1484
0.1242
0.1
0.056
0.0375
0.0281
0.0325
0.0286
0.0266
0.0269
0.0239
0.026799999999999997
0.0252
0.0245
0.048799999999999996
0.05
0.061
0.0766
0.0779
0.0939
0.5311
3.8946000000000005
2.3064
2.8499
2.0659
1.5089000000000001
0.2601
0.033100000000000004
0.0303
0.046200000000000005
0.07450000000000001
0.0685
0.0854
0.0824
0.0884
0.0683
0.047
0.0728
0.053
0.0504
0.07650000000000001
0.06080000000000001
0.0532
0.0385
0.777
1.4773
0.4265
4.2613
0.0337
0.0209
0.0406
0.0415
0.0119
0.0233
0.024399999999999998
0.025099999999999997
0.0344
0.058300000000000005
0.1293
0.06420000000000001
0.0379
0.0112
0.0091
0.022600000000000002
0.0571
0.0576
0.033
0.0
0.0
4.2923
1.8517
0.0
0.0
0.0112
0.0665
0.0763
0.096
0.091
0.0857
0.0852
0.07139999999999999
0.07050000000000001
0.1037
0.09240000000000001
0.0678
0.088
0.061900000000000004
0.0789
0.1116
0.1099
0.10189999999999999
0.0233
0.9508
0.0764
0.0692
0.0683
0.0658
0.0585
0.0437
0.027700000000000002
0.0194
0.0138
0.046
0.028900000000000002
0.0264
0.0276
0.0236
0.022699999999999998
0.032600000000000004
0.0378
0.06420000000000001
0.19779999999999998
0.050699999999999995
0.129
0.133
0.12190000000000001
0.0883
0.3781
0.3593
0.34550000000000003
0.3285
0.3217
0.34330000000000005
0.388
0.43679999999999997
0.5434
0.5478
0.4222
1.7275999999999998
0.4623
0.4562
0.9887
1.2531
0.6408
0.9478
0.9713
0.9297
0.9877
1.1089
1.1758000000000002
0.7814
1.6850999999999998
3.0554
3.026
1.8538999999999999
0.9168000000000001
1.5263
0.4102
0.3358
0.3257
0.3306
0.3207
0.3202
0.3123
0.30300000000000005
0.3052
0.3056
0.2729
0.2615
0.8873000000000001
0.5155000000000001
0.31920000000000004
0.3198
0.3296
0.3441
0.1332
0.1602
0.1562
0.1484
0.1242
0.1
0.056
0.0375
0.0281
0.0325
0.0286
0.0266
0.0269
0.0239
0.026799999999999997
0.0252
0.0245
0.048799999999999996
0.05
0.061
0.0766
0.0779
0.0939
0.5311
3.8946000000000005
2.3064
2.8499
2.0659
1.5089000000000001
0.2601
0.033100000000000004
0.0303
0.046200000000000005
0.07450000000000001
0.0685
0.0854
0.0824
0.0884
0.0683
0.047
0.0728
0.053
0.0504
0.07650000000000001
0.06080000000000001
0.0532
0.0385
0.777
1.4773
0.4265
4.2613
0.0337
0.0209
0.0406
0.0415
0.0119
0.0233
0.024399999999999998
0.025099999999999997
0.0344
0.058300000000000005
0.1293
0.06420000000000001
0.0379
0.0112
0.0091
0.022600000000000002
0.0571
0.0576
0.033
0.0
0.0
4.2923
1.8517
0.0
0.0
0.0112
0.0665
0.0763
0.096
0.091
0.0857
0.0852
0.07139999999999999
0.07050000000000001
0.1037
0.09240000000000001
0.0678
0.088
0.061900000000000004
0.0789
0.1116
0.1099
0.10189999999999999
0.0233
0.9508
0.0764
0.0692
0.0683
0.0658
0.0585
0.0437
0.027700000000000002
0.0194
0.0138
0.046
0.028900000000000002
0.0264
0.0276
0.0236
0.022699999999999998
0.032600000000000004
0.0378
0.06420000000000001
0.19779999999999998
0.050699999999999995
0.129
0.133
0.12190000000000001
0.0883
0.3781
0.3593
0.34550000000000003
0.3285
0.3217
0.34330000000000005
0.388
0.43679999999999997
0.5434
0.5478
0.4222
1.7275999999999998
0.4623
0.4562
0.9887
1.2531
0.6408
0.9478
0.9713
0.9297
0.9877
1.1089
1.1758000000000002
0.7814
1.6850999999999998
3.0554
3.026
1.8538999999999999
0.9168000000000001
1.5263
0.4102
0.3358
0.3257
0.3306
0.3207
0.3202
0.3123
0.30300000000000005
0.3052
0.3056
0.2729
0.2615
0.8873000000000001
0.5155000000000001
0.31920000000000004
0.3198
0.3296
0.3441
0.1332
0.1602
0.1562
0.1484
0.1242
0.1
0.056
0.0375
0.0281
0.0325
0.0286
0.0266
0.0269
0.0239
0.026799999999999997
0.0252
0.0245
0.048799999999999996
0.05
0.061
0.0766
0.0779
0.0939
0.5311
3.8946000000000005
2.3064
2.8499
2.0659
1.5089000000000001
0.2601
0.033100000000000004
0.0303
0.046200000000000005
0.07450000000000001
0.0685
0.0854
0.0824
0.0884
0.0683
0.047
0.0728
0.053
0.0504
0.07650000000000001
0.06080000000000001
0.0532
0.0385
0.777
1.4773
0.4265
4.2613
0.0337
0.0209
0.0406
0.0415
0.0119
0.0233
0.024399999999999998
0.025099999999999997
0.0344
0.058300000000000005
0.1293
0.06420000000000001
0.0379
0.0112
0.0091
0.022600000000000002
0.0571
0.0576
0.033
0.0
0.0
4.2923
1.8517
0.0
0.0
0.0112
0.0665
0.0763
0.096
0.091
0.0857
0.0852
0.07139999999999999
0.07050000000000001
0.1037
0.09240000000000001
0.0678
0.088
0.061900000000000004
0.0789
0.1116
0.1099
0.10189999999999999
0.0233
0.9508
0.0764
0.0692
0.0683
0.0658
0.0585
0.0437
0.027700000000000002
0.0194
0.0138
0.046
0.028900000000000002
0.0264
0.0276
0.0236
0.022699999999999998
0.032600000000000004
0.0378
0.06420000000000001
0.19779999999999998
0.050699999999999995
0.129
0.133
0.12190000000000001
0.0883
0.3781
0.3593
0.34550000000000003
0.3285
0.3217
0.34330000000000005
0.388
0.43679999999999997
0.5434
0.5478
0.4222
1.7275999999999998
0.4623
0.4562
0.9887
1.2531
0.6408
0.9478
0.9713
0.9297
0.9877
1.1089
1.1758000000000002
0.7814
1.6850999999999998
3.0554
3.026
1.8538999999999999
0.9168000000000001
1.5263
0.4102
0.3358
0.3257
0.3306
0.3207
0.3202
0.3123
0.30300000000000005
0.3052
0.3056
0.2729
0.2615
0.8873000000000001
0.5155000000000001
0.31920000000000004
0.3198
0.3296
0.3441
0.1332
0.1602
0.1562
0.1484
0.1242
0.1
0.056
0.0375
0.0281
0.0325
0.0286
0.0266
0.0269
0.0239
0.026799999999999997
0.0252
0.0245
0.048799999999999996
0.05
0.061
0.0766
0.0779
0.0939
0.5311
1.2652
0.0
0.0
0.0
0.0
0.0
0.025599999999999998
0.0167
0.035
0.0
0.0053
0.0039
0.0
0.0137
1.6827
0.2606
0.0
0.0
1.4475
0.0537
0.0506
0.0
0.0
1.2086
1.1168999999999998
1.4217
1.5091999999999999
1.9776
1.8933
2.0797
2.5349000000000004
0.0392
0.2278
0.24509999999999998
0.27390000000000003
0.4014
0.497
0.3526
0.615
0.3254
0.218
0.2783
0.7355
0.3386
0.14300000000000002
0.2499
0.3247
0.628
0.0538
0.0095
0.017
0.0086
0.0012
0.0
0.0
0.0117
0.0426
0.022600000000000002
0.0129
0.0431
0.1452
3.1572
1.2047
0.1152
0.174
0.9771000000000001
0.5658
0.5807
1.6671
1.0408
0.0515
2.0040999999999998
0.3035
0.2895
0.2895
0.2782
0.28800000000000003
0.3356
0.4345
0.5514
0.5711999999999999
0.6121000000000001
0.586
0.6115999999999999
0.5512
0.4808
1.3725999999999998
0.5196
1.0013
1.0705
0.5843
0.9773000000000001
1.1347
0.6925
0.2894
0.2898
1.6472
1.9543
0.6339
0.7256
0.3359
0.0943
0.0767
0.0676
0.0947
0.0919
0.09820000000000001
0.1153
0.1369
0.28859999999999997
0.2152
0.0951
0.1243
0.14379999999999998
0.1594
0.1796
0.1619
0.15100000000000002
0.1188
0.1114
4.8812
2.2853
1.2757
0.3909
0.07919999999999999
0.0764
0.7172
0.3682
0.0449
0.0928
0.1023
0.0819
0.07719999999999999
0.07250000000000001
0.07869999999999999
0.039099999999999996
0.0717
0.0738
0.0414
1.6738
0.1413
0.134
0.14250000000000002
3.9795
0.0
0.0
0.0
0.0059
0.014599999999999998
0.0654
0.2057
0.294
0.6536
0.0
0.0
0.0
0.0497
2.3478
1.0377
0.0
0.1581
1.4738
0.1394
0.1023
0.0
0.0
0.0
0.0078
1.2652
0.0
0.0
0.0
0.0
0.0
0.025599999999999998
0.0167
0.035
0.0
0.0053
0.0039
0.0
0.0137
1.6827
0.2606
0.0
0.0
1.4475
0.0537
0.0506
0.0
0.0
1.2086
1.1168999999999998
1.4217
1.5091999999999999
1.9776
1.8933
2.0797
2.5349000000000004
0.0392
0.2278
0.24509999999999998
0.27390000000000003
0.4014
0.497
0.3526
0.615
0.3254
0.218
0.2783
0.7355
0.3386
0.14300000000000002
0.2499
0.3247
0.628
0.0538
0.0095
0.017
0.0086
0.0012
0.0
0.0
0.0117
0.0426
0.022600000000000002
0.0129
0.0431
0.1452
3.1572
1.2047
0.1152
0.174
0.9771000000000001
0.5658
0.5807
1.6671
1.0408
0.0515
2.0040999999999998
0.3035
0.2895
0.2895
0.2782
0.28800000000000003
0.3356
0.4345
0.5514
0.5711999999999999
0.6121000000000001
0.586
0.6115999999999999
0.5512
0.4808
1.3725999999999998
0.5196
1.0013
1.0705
0.5843
0.9773000000000001
1.1347
0.6925
0.2894
0.2898
1.6472
1.9543
0.6339
0.7256
0.3359
0.0943
0.0767
0.0676
0.0947
0.0919
0.09820000000000001
0.1153
0.1369
0.28859999999999997
0.2152
0.0951
0.1243
0.14379999999999998
0.1594
0.1796
0.1619
0.15100000000000002
0.1188
0.1114
4.8812
2.2853
1.2757
0.3909
0.07919999999999999
0.0764
0.7172
0.3682
0.0449
0.0928
0.1023
0.0819
0.07719999999999999
0.07250000000000001
0.07869999999999999
0.039099999999999996
0.0717
0.0738
0.0414
1.6738
0.1413
0.134
0.14250000000000002
3.9795
0.0
0.0
0.0
0.0059
0.014599999999999998
0.0654
0.2057
0.294
0.6536
0.0
0.0
0.0
0.0497
2.3478
1.0377
0.0
0.1581
1.4738
0.1394
0.1023
0.0
0.0
0.0
0.0078
1.2652
0.0
0.0
0.0
0.0
0.0
0.025599999999999998
0.0167
0.035
0.0
0.0053
0.0039
0.0
0.0137
1.6827
0.2606
0.0
0.0
1.4475
0.0537
0.0506
0.0
0.0
1.2086
1.1168999999999998
1.4217
1.5091999999999999
1.9776
1.8933
2.0797
2.5349000000000004
0.0392
0.2278
0.24509999999999998
0.27390000000000003
0.4014
0.497
0.3526
0.615
0.3254
0.218
0.2783
0.7355
0.3386
0.14300000000000002
0.2499
0.3247
0.628
0.0538
0.0095
0.017
0.0086
0.0012
0.0
0.0
0.0117
0.0426
0.022600000000000002
0.0129
0.0431
0.1452
3.1572
1.2047
0.1152
0.174
0.9771000000000001
0.5658
0.5807
1.6671
1.0408
0.0515
2.0040999999999998
0.3035
0.2895
0.2895
0.2782
0.28800000000000003
0.3356
0.4345
0.5514
0.5711999999999999
0.6121000000000001
0.586
0.6115999999999999
0.5512
0.4808
1.3725999999999998
0.5196
1.0013
1.0705
0.5843
0.9773000000000001
1.1347
0.6925
0.2894
0.2898
1.6472
1.9543
0.6339
0.7256
0.3359
0.0943
0.0767
0.0676
0.0947
0.0919
0.09820000000000001
0.1153
0.1369
0.28859999999999997
0.2152
0.0951
0.1243
0.14379999999999998
0.1594
0.1796
0.1619
0.15100000000000002
0.1188
0.1114
4.8812
2.2853
1.2757
0.3909
0.07919999999999999
0.0764
0.7172
0.3682
0.0449
0.0928
0.1023
0.0819
0.07719999999999999
0.07250000000000001
0.07869999999999999
0.039099999999999996
0.0717
0.0738
0.0414
1.6738
0.1413
0.134
0.14250000000000002
3.9795
0.0
0.0
0.0
0.0059
0.014599999999999998
0.0654
0.2057
0.294
0.6536
0.0
0.0
0.0
0.0497
2.3478
1.0377
0.0
0.1581
1.4738
0.1394
0.1023
0.0
0.0
0.0
0.0078
1.2652
0.0
0.0
0.0
0.0
0.0
0.025599999999999998
0.0167
0.035
0.0
0.0053
0.0039
0.0
0.0137
1.6827
0.2606
0.0
0.0
1.4475
0.0537
0.0506
0.0
0.0
1.2086
1.1168999999999998
1.4217
1.5091999999999999
1.9776
1.8933
2.0797
2.5349000000000004
0.0392
0.2278
0.24509999999999998
0.27390000000000003
0.4014
0.497
0.3526
0.615
0.3254
0.218
0.2783
0.7355
0.3386
0.14300000000000002
0.2499
0.3247
0.628
0.0538
0.0095
0.017
0.0086
0.0012
0.0
0.0
0.0117
0.0426
0.022600000000000002
0.0129
0.0431
0.1452
3.1572
1.2047
0.1152
0.174
0.9771000000000001
0.5658
0.5807
1.6671
1.0408
0.0515
2.0040999999999998
0.3035
0.2895
0.2895
0.2782
0.28800000000000003
0.3356
0.4345
0.5514
0.5711999999999999
0.6121000000000001
0.586
0.6115999999999999
0.5512
0.4808
1.3725999999999998
0.5196
1.0013
1.0705
0.5843
0.9773000000000001
1.1347
0.6925
0.2894
0.2898
1.6472
1.9543
0.6339
0.7256
0.3359
0.0943
0.0767
0.0676
0.0947
0.0919
0.09820000000000001
0.1153
0.1369
0.28859999999999997
0.2152
0.0951
0.1243
0.14379999999999998
0.1594
0.1796
0.1619
0.15100000000000002
0.1188
0.1114
4.8812
2.2853
1.2757
0.3909
0.07919999999999999
0.0764
0.7172
0.3682
0.0449
0.0928
0.1023
0.0819
0.07719999999999999
0.07250000000000001
0.07869999999999999
0.039099999999999996
0.0717
0.0738
0.0414
1.6738
0.1413
0.134
0.14250000000000002
3.9795
0.0
0.0
0.0
0.0059
0.014599999999999998
0.0654
0.2057
0.294
0.6536
0.0
0.0
0.0
0.0497
2.3478
1.0377
0.0
0.1581
1.4738
0.1394
0.1023
0.0
0.0
0.0
0.0078
1.2652
0.0
0.0
0.0
0.0
0.0
0.025599999999999998
0.0167
0.035
0.0
0.0053
0.0039
0.0
0.0137
1.6827
0.2606
0.0
0.0
1.4475
0.0537
0.0506
0.0
0.0
1.2086
1.1168999999999998
1.4217
1.5091999999999999
1.9776
1.8933
2.0797
2.5349000000000004
0.0392
0.2278
0.24509999999999998
0.27390000000000003
0.4014
0.497
0.3526
0.615
0.3254
0.218
0.2783
0.7355
0.3386
0.14300000000000002
0.2499
0.3247
0.628
1.015
1.2384
0.3176
0.24209999999999998
0.08
0.036199999999999996
0.0362
0.0948
0.1226
0.1625
0.11710000000000001
0.118
0.1047
0.0805
0.0814
0.0681
0.07600000000000001
0.0749
0.06620000000000001
0.058499999999999996
0.0505
0.0512
0.1504
0.2798
2.6118
2.5393
0.8867
0.5973999999999999
0.6101000000000001
0.6351
1.3693
0.8431
0.09770000000000001
0.022699999999999998
0.032100000000000004
0.034699999999999995
0.0291
0.0403
0.033100000000000004
0.0968
0.322
0.6942
1.1108
1.8719000000000001
1.7233
1.178
0.8684000000000001
3.1529
0.0413
0.0399
0.04
0.0416
0.0424
0.0348
0.0247
0.023100000000000002
0.018000000000000002
0.0368
0.0308
0.029900000000000003
0.0269
0.0313
0.0338
0.032100000000000004
0.0313
0.0363
0.038400000000000004
0.0527
0.045899999999999996
0.0406
0.0518
0.057499999999999996
0.2675
0.3434
0.1971
0.1619
0.1159
0.083
0.0527
0.049199999999999994
0.0315
0.0382
0.029
0.024
0.0217
0.0217
0.021199999999999997
0.0189
0.0149
0.048
0.0473
0.0562
0.0458
0.0287
0.0293
0.034699999999999995
0.1354
0.0471
0.09240000000000001
0.0781
0.09079999999999999
0.1484
0.126
0.1123
0.0056
0.0
0.0
0.0286
0.7623
1.5432
0.5795
0.0
0.0212
0.0651
0.0599
0.114
0.1404
0.21250000000000002
0.1338
0.1183
0.5176
3.9587999999999997
3.0180000000000002
0.276
0.14079999999999998
0.2198
0.6496999999999999
0.1691
0.19340000000000002
0.19119999999999998
0.2109
0.2136
0.22749999999999998
0.2454
0.4417
0.5032
0.38739999999999997
0.24209999999999998
0.22649999999999998
0.2403
0.1525
0.10439999999999999
0.12459999999999999
0.1247
2.2882000000000002
2.6974
0.6811
0.6038
0.43700000000000006
0.32020000000000004
0.25270000000000004
0.2299
0.2676
0.24559999999999998
0.2529
0.2395
0.2342
0.23149999999999998
0.2263
0.7755000000000001
0.23120000000000002
0.1855
0.19140000000000001
0.2426
0.3453
0.5436000000000001
0.5054000000000001
0.3488
1.015
1.2384
0.3176
0.24209999999999998
0.08
0.036199999999999996
0.0362
0.0948
0.1226
0.1625
0.11710000000000001
0.118
0.1047
0.0805
0.0814
0.0681
0.07600000000000001
0.0749
0.06620000000000001
0.058499999999999996
0.0505
0.0512
0.1504
0.2798
2.6118
2.5393
0.8867
0.5973999999999999
0.6101000000000001
0.6351
1.3693
0.8431
0.09770000000000001
0.022699999999999998
0.032100000000000004
0.034699999999999995
0.0291
0.0403
0.033100000000000004
0.0968
0.322
0.6942
1.1108
1.8719000000000001
1.7233
1.178
0.8684000000000001
3.1529
0.0413
0.0399
0.04
0.0416
0.0424
0.0348
0.0247
0.023100000000000002
0.018000000000000002
0.0368
0.0308
0.029900000000000003
0.0269
0.0313
0.0338
0.032100000000000004
0.0313
0.0363
0.038400000000000004
0.0527
0.045899999999999996
0.0406
0.0518
0.057499999999999996
0.2675
0.3434
0.1971
0.1619
0.1159
0.083
0.0527
0.049199999999999994
0.0315
0.0382
0.029
0.024
0.0217
0.0217
0.021199999999999997
0.0189
0.0149
0.048
0.0473
0.0562
0.0458
0.0287
0.0293
0.034699999999999995
0.1354
0.0471
0.09240000000000001
0.0781
0.09079999999999999
0.1484
0.126
0.1123
0.0056
0.0
0.0
0.0286
0.7623
1.5432
0.5795
0.0
0.0212
0.0651
0.0599
0.114
0.1404
0.21250000000000002
0.1338
0.1183
0.5176
3.9587999999999997
3.0180000000000002
0.276
0.14079999999999998
0.2198
0.6496999999999999
0.1691
0.19340000000000002
0.19119999999999998
0.2109
0.2136
0.22749999999999998
0.2454
0.4417
0.5032
0.38739999999999997
0.24209999999999998
0.22649999999999998
0.2403
0.1525
0.10439999999999999
0.12459999999999999
0.1247
2.2882000000000002
2.6974
0.6811
0.6038
0.43700000000000006
0.32020000000000004
0.25270000000000004
0.2299
0.2676
0.24559999999999998
0.2529
0.2395
0.2342
0.23149999999999998
0.2263
0.7755000000000001
0.23120000000000002
0.1855
0.19140000000000001
0.2426
0.3453
0.5436000000000001
0.5054000000000001
0.3488
1.015
1.2384
0.3176
0.24209999999999998
0.08
0.036199999999999996
0.0362
0.0948
0.1226
0.1625
0.11710000000000001
0.118
0.1047
0.0805
0.0814
0.0681
0.07600000000000001
0.0749
0.06620000000000001
0.058499999999999996
0.0505
0.0512
0.1504
0.2798
2.6118
2.5393
0.8867
0.5973999999999999
0.6101000000000001
0.6351
1.3693
0.8431
0.09770000000000001
0.022699999999999998
0.032100000000000004
0.034699999999999995
0.0291
0.0403
0.033100000000000004
0.0968
0.322
0.6942
1.1108
1.8719000000000001
1.7233
1.178
0.8684000000000001
3.1529
0.0413
0.0399
0.04
0.0416
0.0424
0.0348
0.0247
0.023100000000000002
0.018000000000000002
0.0368
0.0308
0.029900000000000003
0.0269
0.0313
0.0338
0.032100000000000004
0.0313
0.0363
0.038400000000000004
0.0527
0.045899999999999996
0.0406
0.0518
0.057499999999999996
0.2675
0.3434
0.1971
0.1619
0.1159
0.083
0.0527
0.049199999999999994
0.0315
0.0382
0.029
0.024
0.0217
0.0217
0.021199999999999997
0.0189
0.0149
0.048
0.0473
0.0562
0.0458
0.0287
0.0293
0.034699999999999995
0.1354
0.0471
0.09240000000000001
0.0781
0.09079999999999999
0.1484
0.126
0.1123
0.0056
0.0
0.0
0.0286
0.7623
1.5432
0.5795
0.0
0.0212
0.0651
0.0599
0.114
0.1404
0.21250000000000002
0.1338
0.1183
0.5176
3.9587999999999997
3.0180000000000002
0.276
0.14079999999999998
0.2198
0.6496999999999999
0.1691
0.19340000000000002
0.19119999999999998
0.2109
0.2136
0.22749999999999998
0.2454
0.4417
0.5032
0.38739999999999997
0.24209999999999998
0.22649999999999998
0.2403
0.1525
0.10439999999999999
0.12459999999999999
0.1247
2.2882000000000002
2.6974
0.6811
0.6038
0.43700000000000006
0.32020000000000004
0.25270000000000004
0.2299
0.2676
0.24559999999999998
0.2529
0.2395
0.2342
0.23149999999999998
0.2263
0.7755000000000001
0.23120000000000002
0.1855
0.19140000000000001
0.2426
0.3453
0.5436000000000001
0.5054000000000001
0.3488
1.015
1.2384
0.3176
0.24209999999999998
0.08
0.036199999999999996
0.0362
0.0948
0.1226
0.1625
0.11710000000000001
0.118
0.1047
0.0805
0.0814
0.0681
0.07600000000000001
0.0749
0.06620000000000001
0.058499999999999996
0.0505
0.0512
0.1504
0.2798
2.6118
2.5393
0.8867
0.5973999999999999
0.6101000000000001
0.6351
1.3693
0.8431
0.09770000000000001
0.022699999999999998
0.032100000000000004
0.034699999999999995
0.0291
0.0403
0.033100000000000004
0.0968
0.322
0.6942
1.1108
1.8719000000000001
1.7233
1.178
0.8684000000000001
3.1529
0.0413
0.0399
0.04
0.0416
0.0424
0.0348
0.0247
0.023100000000000002
0.018000000000000002
0.0368
0.0308
0.029900000000000003
0.0269
0.0313
0.0338
0.032100000000000004
0.0313
0.0363
0.038400000000000004
0.0527
0.045899999999999996
0.0406
0.0518
0.057499999999999996
0.2675
0.3434
0.1971
0.1619
0.1159
0.083
0.0527
0.049199999999999994
0.0315
0.0382
0.029
0.024
0.0217
0.0217
0.021199999999999997
0.0189
0.0149
0.048
0.0473
0.0562
0.0458
0.0287
0.0293
0.034699999999999995
0.1354
0.0471
0.09240000000000001
0.0781
0.09079999999999999
0.1484
0.126
0.1123
0.0056
0.0
0.0
0.0286
0.7623
1.5432
0.5795
0.0
0.0212
0.0651
0.0599
0.114
0.1404
0.21250000000000002
0.1338
0.1183
0.5176
3.9587999999999997
3.0180000000000002
0.276
0.14079999999999998
0.2198
0.6496999999999999
0.1691
0.19340000000000002
0.19119999999999998
0.2109
0.2136
0.22749999999999998
0.2454
0.4417
0.5032
0.38739999999999997
0.24209999999999998
0.22649999999999998
0.2403
0.1525
0.10439999999999999
0.12459999999999999
0.1247
2.2882000000000002
2.6974
0.6811
0.6038
0.43700000000000006
0.32020000000000004
0.25270000000000004
0.2299
0.2676
0.24559999999999998
0.2529
0.2395
0.2342
0.23149999999999998
0.2263
0.7755000000000001
0.23120000000000002
0.1855
0.19140000000000001
0.2426
0.3453
0.5436000000000001
0.5054000000000001
0.3488
1.015
1.2384
0.3176
0.24209999999999998
0.08
0.036199999999999996
0.0362
0.0948
0.1226
0.1625
0.11710000000000001
0.118
0.1047
0.0805
0.0814
0.0681
0.07600000000000001
0.0749
0.06620000000000001
0.058499999999999996
0.0505
0.0512
0.1504
0.2798
2.6118
2.5393
0.8867
0.5973999999999999
0.6101000000000001
0.6351
1.3693
0.8431
0.09770000000000001
0.022699999999999998
0.032100000000000004
0.034699999999999995
0.0291
0.0403
0.033100000000000004
0.0968
0.322
0.6942
1.1108
1.8719000000000001
1.7233
1.178
0.8684000000000001
3.1529
0.0413
0.0399
0.04
0.0416
0.0424
0.0348
0.0247
0.023100000000000002
0.018000000000000002
0.0368
0.0308
0.029900000000000003
0.0269
0.0313
0.0338
0.032100000000000004
0.0313
0.0363
0.038400000000000004
0.0527
0.045899999999999996
0.0406
0.0518
0.057499999999999996
0.6705000000000001
0.0393
0.076
0.0088
0.0019
0.0
0.032100000000000004
0.0453
0.0159
0.0034
0.024399999999999998
0.0351
0.0211
0.30289999999999995
2.7609999999999997
0.0
0.002
0.2291
0.4773
0.0317
0.0
0.0
0.0
0.9017
0.0524
0.0432
0.0442
0.042
0.028999999999999998
0.0275
0.0222
0.0202
0.0179
0.0332
0.0308
0.0358
0.0219
0.0266
0.030899999999999997
0.0503
0.0404
0.1853
0.0633
0.0305
0.0385
0.034
0.0595
0.06420000000000001
0.1128
0.1118
0.1051
0.10850000000000001
0.10389999999999999
0.1129
0.053599999999999995
0.0347
0.040999999999999995
0.0429
0.0464
0.028499999999999998
0.0258
0.0182
0.026799999999999997
0.0218
0.0259
0.08510000000000001
0.174
0.1464
0.158
0.1567
0.1656
0.1658
0.0504
0.0511
0.0511
0.0543
0.0556
0.053
0.0634
0.1505
0.2918
0.0283
0.0631
0.0684
0.079
0.0716
0.0996
0.057800000000000004
0.0303
0.019200000000000002
0.0047
0.0368
0.0591
0.0928
0.0633
0.0545
0.057300000000000004
0.042499999999999996
0.0482
0.048100000000000004
0.045899999999999996
0.0552
0.08560000000000001
0.0917
0.027700000000000002
0.025500000000000002
0.0388
0.0621
0.09720000000000001
1.394
0.4224
0.08639999999999999
0.41650000000000004
0.5008
0.30469999999999997
0.3799
0.44589999999999996
0.4794
0.3161
1.1191
2.8888
2.2203999999999997
1.767
0.8017000000000001
0.6883
0.7921
0.303
0.0815
0.0464
0.0353
0.0377
0.022899999999999997
0.0296
0.0337
0.1138
0.47550000000000003
0.152
0.1136
0.17909999999999998
0.30410000000000004
0.7816
1.3104
0.7791
3.1931
1.7854
0.8493999999999999
0.6099
0.391
0.1076
0.0482
0.0334
0.044
0.0163
0.2343
0.2768
0.0686
0.0308
0.0395
0.030699999999999998
0.0172
0.015
0.0166
0.0097
0.0219
0.1567
0.515
0.8315
2.3223
0.6705000000000001
0.0393
0.076
0.0088
0.0019
0.0
0.032100000000000004
0.0453
0.0159
0.0034
0.024399999999999998
0.0351
0.0211
0.30289999999999995
2.7609999999999997
0.0
0.002
0.2291
0.4773
0.0317
0.0
0.0
0.0
0.9017
0.0524
0.0432
0.0442
0.042
0.028999999999999998
0.0275
0.0222
0.0202
0.0179
0.0332
0.0308
0.0358
0.0219
0.0266
0.030899999999999997
0.0503
0.0404
0.1853
0.0633
0.0305
0.0385
0.034
0.0595
0.06420000000000001
0.1128
0.1118
0.1051
0.10850000000000001
0.10389999999999999
0.1129
0.053599999999999995
0.0347
0.040999999999999995
0.0429
0.0464
0.028499999999999998
0.0258
0.0182
0.026799999999999997
0.0218
0.0259
0.08510000000000001
0.174
0.1464
0.158
0.1567
0.1656
0.1658
0.0504
0.0511
0.0511
0.0543
0.0556
0.053
0.0634
0.1505
0.2918
0.0283
0.0631
0.0684
0.079
0.0716
0.0996
0.057800000000000004
0.0303
0.019200000000000002
0.0047
0.0368
0.0591
0.0928
0.0633
0.0545
0.057300000000000004
0.042499999999999996
0.0482
0.048100000000000004
0.045899999999999996
0.0552
0.08560000000000001
0.0917
0.027700000000000002
0.025500000000000002
0.0388
0.0621
0.09720000000000001
1.394
0.4224
0.08639999999999999
0.41650000000000004
0.5008
0.30469999999999997
0.3799
0.44589999999999996
0.4794
0.3161
1.1191
2.8888
2.2203999999999997
1.767
0.8017000000000001
0.6883
0.7921
0.303
0.0815
0.0464
0.0353
0.0377
0.022899999999999997
0.0296
0.0337
0.1138
0.47550000000000003
0.152
0.1136
0.17909999999999998
0.30410000000000004
0.7816
1.3104
0.7791
3.1931
1.7854
0.8493999999999999
0.6099
0.391
0.1076
0.0482
0.0334
0.044
0.0163
0.2343
0.2768
0.0686
0.0308
0.0395
0.030699999999999998
0.0172
0.015
0.0166
0.0097
0.0219
0.1567
0.515
0.8315
2.3223
0.6705000000000001
0.0393
0.076
0.0088
0.0019
0.0
0.032100000000000004
0.0453
0.0159
0.0034
0.024399999999999998
0.0351
0.0211
0.30289999999999995
2.7609999999999997
0.0
0.002
0.2291
0.4773
0.0317
0.0
0.0
0.0
0.9017
0.0524
0.0432
0.0442
0.042
0.028999999999999998
0.0275
0.0222
0.0202
0.0179
0.0332
0.0308
0.0358
0.0219
0.0266
0.030899999999999997
0.0503
0.0404
0.1853
0.0633
0.0305
0.0385
0.034
0.0595
0.06420000000000001
0.1128
0.1118
0.1051
0.10850000000000001
0.10389999999999999
0.1129
0.053599999999999995
0.0347
0.040999999999999995
0.0429
0.0464
0.028499999999999998
0.0258
0.0182
0.026799999999999997
0.0218
0.0259
0.08510000000000001
0.174
0.1464
0.158
0.1567
0.1656
0.1658
0.0504
0.0511
0.0511
0.0543
0.0556
0.053
0.0634
0.1505
0.2918
0.0283
0.0631
0.0684
0.079
0.0716
0.0996
0.057800000000000004
0.0303
0.019200000000000002
0.0047
0.0368
0.0591
0.0928
0.0633
0.0545
0.057300000000000004
0.042499999999999996
0.0482
0.048100000000000004
0.045899999999999996
0.0552
0.08560000000000001
0.0917
0.027700000000000002
0.025500000000000002
0.0388
0.0621
0.09720000000000001
1.394
0.4224
0.08639999999999999
0.41650000000000004
0.5008
0.30469999999999997
0.3799
0.44589999999999996
0.4794
0.3161
1.1191
2.8888
2.2203999999999997
1.767
0.8017000000000001
0.6883
0.7921
0.303
0.0815
0.0464
0.0353
0.0377
0.022899999999999997
0.0296
0.0337
0.1138
0.47550000000000003
0.152
0.1136
0.17909999999999998
0.30410000000000004
0.7816
1.3104
0.7791
3.1931
1.7854
0.8493999999999999
0.6099
0.391
0.1076
0.0482
0.0334
0.044
0.0163
0.2343
0.2768
0.0686
0.0308
0.0395
0.030699999999999998
0.0172
0.015
0.0166
0.0097
0.0219
0.1567
0.515
0.8315
2.3223
0.6705000000000001
0.0393
0.076
0.0088
0.0019
0.0
0.032100000000000004
0.0453
0.0159
0.0034
0.024399999999999998
0.0351
0.0211
0.30289999999999995
2.7609999999999997
0.0
0.002
0.2291
0.4773
0.0317
0.0
0.0
0.0
0.9017
0.0524
0.0432
0.0442
0.042
0.028999999999999998
0.0275
0.0222
0.0202
0.0179
0.0332
0.0308
0.0358
0.0219
0.0266
0.030899999999999997
0.0503
0.0404
0.1853
0.0633
0.0305
0.0385
0.034
0.0595
0.06420000000000001
0.1128
0.1118
0.1051
0.10850000000000001
0.10389999999999999
0.1129
0.053599999999999995
0.0347
0.040999999999999995
0.0429
0.0464
0.028499999999999998
0.0258
0.0182
0.026799999999999997
0.0218
0.0259
0.08510000000000001
0.174
0.1464
0.158
0.1567
0.1656
0.1658
0.0504
0.0511
0.0511
0.0543
0.0556
0.053
0.0634
0.1505
0.2918
0.0283
0.0631
0.0684
0.079
0.0716
0.0996
0.057800000000000004
0.0303
0.019200000000000002
0.0047
0.0368
0.0591
0.0928
0.0633
0.0545
0.057300000000000004
0.042499999999999996
0.0482
0.048100000000000004
0.045899999999999996
0.0552
0.08560000000000001
0.0917
0.027700000000000002
0.025500000000000002
0.0388
0.0621
0.09720000000000001
1.394
0.4224
0.08639999999999999
0.41650000000000004
0.5008
0.30469999999999997
0.3799
0.44589999999999996
0.4794
0.3161
1.1191
2.8888
2.2203999999999997
1.767
0.8017000000000001
0.6883
0.7921
0.303
0.0815
0.0464
0.0353
0.0377
0.022899999999999997
0.0296
0.0337
0.1138
0.47550000000000003
0.152
0.1136
0.17909999999999998
0.30410000000000004
0.7816
1.3104
0.7791
3.1931
1.7854
0.8493999999999999
0.6099
0.391
0.1076
0.0482
0.0334
0.044
0.0163
0.2343
0.2768
0.0686
0.0308
0.0395
0.030699999999999998
0.0172
0.015
0.0166
0.0097
0.0219
0.1567
0.515
0.8315
2.3223
0.6705000000000001
0.0393
0.076
0.0088
0.0019
0.0
0.032100000000000004
0.0453
0.0159
0.0034
0.024399999999999998
0.0351
0.0211
0.30289999999999995
2.7609999999999997
0.0
0.002
0.2291
0.4773
0.0317
0.0
0.0
0.0
0.9017
0.0524
0.0432
0.0442
0.042
0.028999999999999998
0.0275
0.0222
0.0202
0.0179
0.0332
0.0308
0.0358
0.0219
0.0266
0.030899999999999997
0.0503
0.0404
0.1853
0.0633
0.0305
0.0385
0.034
0.0595
0.06420000000000001
0.1128
0.1118
0.1051
0.10850000000000001
0.10389999999999999
0.1129
0.053599999999999995
0.0347
0.040999999999999995
0.0429
0.0464
0.028499999999999998
0.0258
0.0182
0.026799999999999997
0.0218
0.0259
0.08510000000000001
0.174
0.1464
0.158
0.1567
0.1656
0.1658
8.9622
3.0454999999999997
5.4879999999999995
0.1393
0.0407
0.0629
0.0376
0.1278
0.1382
0.1264
0.15139999999999998
0.2192
0.26239999999999997
0.1526
0.1261
0.1218
0.1067
0.1197
0.1516
0.1388
0.0707
0.06470000000000001
0.1041
4.543699999999999
0.12639999999999998
0.0849
0.0712
0.0796
0.0533
0.0625
0.0445
0.049
0.0386
0.0411
0.0383
0.0371
0.034699999999999995
0.0287
0.0313
0.033299999999999996
0.0295
0.0424
0.047200000000000006
0.0325
0.0315
0.007
0.0112
2.3489
0.0605
0.05740000000000001
0.0608
0.0929
0.3044
0.16620000000000001
0.1422
0.0853
0.0588
0.0636
0.0492
0.0392
0.042
0.0339
0.036000000000000004
0.027700000000000002
0.0324
0.0267
0.0249
0.0613
0.1045
0.08940000000000001
0.0755
0.0707
3.3693
3.0581
2.8728
1.6759000000000002
0.3174
0.2396
0.1526
0.0912
0.0404
0.030400000000000003
0.037
0.0325
0.033100000000000004
0.0263
0.0325
0.0216
0.0282
0.5836
0.2988
0.4729
0.567
0.4874
0.3442
2.6220999999999997
0.087
0.08729999999999999
0.0859
0.0866
0.0781
0.0449
0.014799999999999999
0.0174
0.0406
0.048600000000000004
0.0382
0.044
0.034
0.0361
0.034
0.031
0.0327
0.0453
0.0487
0.0458
0.039599999999999996
0.0417
0.0646
0.0875
0.1594
0.15439999999999998
0.1507
0.1514
0.1481
0.1391
0.118
0.1369
0.1761
0.1478
0.13429999999999997
0.1568
0.1486
0.14090000000000003
0.14600000000000002
0.1451
0.1918
0.18569999999999998
0.155
0.1356
0.1326
0.1404
0.16899999999999998
0.1775
0.7303999999999999
0.8898
0.8586
0.7991
0.7028
0.6113999999999999
0.4028
0.23629999999999998
0.1361
0.1345
0.1268
0.126
0.1382
0.13390000000000002
0.14579999999999999
0.16110000000000002
0.1971
0.6955
0.5931
0.8813
1.1813
1.2046000000000001
1.1249
1.6416
8.9622
3.0454999999999997
5.4879999999999995
0.1393
0.0407
0.0629
0.0376
0.1278
0.1382
0.1264
0.15139999999999998
0.2192
0.26239999999999997
0.1526
0.1261
0.1218
0.1067
0.1197
0.1516
0.1388
0.0707
0.06470000000000001
0.1041
4.543699999999999
0.12639999999999998
0.0849
0.0712
0.0796
0.0533
0.0625
0.0445
0.049
0.0386
0.0411
0.0383
0.0371
0.034699999999999995
0.0287
0.0313
0.033299999999999996
0.0295
0.0424
0.047200000000000006
0.0325
0.0315
0.007
0.0112
2.3489
0.0605
0.05740000000000001
0.0608
0.0929
0.3044
0.16620000000000001
0.1422
0.0853
0.0588
0.0636
0.0492
0.0392
0.042
0.0339
0.036000000000000004
0.027700000000000002
0.0324
0.0267
0.0249
0.0613
0.1045
0.08940000000000001
0.0755
0.0707
3.3693
3.0581
2.8728
1.6759000000000002
0.3174
0.2396
0.1526
0.0912
0.0404
0.030400000000000003
0.037
0.0325
0.033100000000000004
0.0263
0.0325
0.0216
0.0282
0.5836
0.2988
0.4729
0.567
0.4874
0.3442
2.6220999999999997
0.087
0.08729999999999999
0.0859
0.0866
0.0781
0.0449
0.014799999999999999
0.0174
0.0406
0.048600000000000004
0.0382
0.044
0.034
0.0361
0.034
0.031
0.0327
0.0453
0.0487
0.0458
0.039599999999999996
0.0417
0.0646
0.0875
0.1594
0.15439999999999998
0.1507
0.1514
0.1481
0.1391
0.118
0.1369
0.1761
0.1478
0.13429999999999997
0.1568
0.1486
0.14090000000000003
0.14600000000000002
0.1451
0.1918
0.18569999999999998
0.155
0.1356
0.1326
0.1404
0.16899999999999998
0.1775
0.7303999999999999
0.8898
0.8586
0.7991
0.7028
0.6113999999999999
0.4028
0.23629999999999998
0.1361
0.1345
0.1268
0.126
0.1382
0.13390000000000002
0.14579999999999999
0.16110000000000002
0.1971
0.6955
0.5931
0.8813
1.1813
1.2046000000000001
1.1249
1.6416
8.9622
3.0454999999999997
5.4879999999999995
0.1393
0.0407
0.0629
0.0376
0.1278
0.1382
0.1264
0.15139999999999998
0.2192
0.26239999999999997
0.1526
0.1261
0.1218
0.1067
0.1197
0.1516
0.1388
0.0707
0.06470000000000001
0.1041
4.543699999999999
0.12639999999999998
0.0849
0.0712
0.0796
0.0533
0.0625
0.0445
0.049
0.0386
0.0411
0.0383
0.0371
0.034699999999999995
0.0287
0.0313
0.033299999999999996
0.0295
0.0424
0.047200000000000006
0.0325
0.0315
0.007
0.0112
2.3489
0.0605
0.05740000000000001
0.0608
0.0929
0.3044
0.16620000000000001
0.1422
0.0853
0.0588
0.0636
0.0492
0.0392
0.042
0.0339
0.036000000000000004
0.027700000000000002
0.0324
0.0267
0.0249
0.0613
0.1045
0.08940000000000001
0.0755
0.0707
3.3693
3.0581
2.8728
1.6759000000000002
0.3174
0.2396
0.1526
0.0912
0.0404
0.030400000000000003
0.037
0.0325
0.033100000000000004
0.0263
0.0325
0.0216
0.0282
0.5836
0.2988
0.4729
0.567
0.4874
0.3442
2.6220999999999997
0.087
0.08729999999999999
0.0859
0.0866
0.0781
0.0449
0.014799999999999999
0.0174
0.0406
0.048600000000000004
0.0382
0.044
0.034
0.0361
0.034
0.031
0.0327
0.0453
0.0487
0.0458
0.039599999999999996
0.0417
0.0646
0.0875
0.1594
0.15439999999999998
0.1507
0.1514
0.1481
0.1391
0.118
0.1369
0.1761
0.1478
0.13429999999999997
0.1568
0.1486
0.14090000000000003
0.14600000000000002
0.1451
0.1918
0.18569999999999998
0.155
0.1356
0.1326
0.1404
0.16899999999999998
0.1775
0.7303999999999999
0.8898
0.8586
0.7991
0.7028
0.6113999999999999
0.4028
0.23629999999999998
0.1361
0.1345
0.1268
0.126
0.1382
0.13390000000000002
0.14579999999999999
0.16110000000000002
0.1971
0.6955
0.5931
0.8813
1.1813
1.2046000000000001
1.1249
1.6416
8.9622
3.0454999999999997
5.4879999999999995
0.1393
0.0407
0.0629
0.0376
0.1278
0.1382
0.1264
0.15139999999999998
0.2192
0.26239999999999997
0.1526
0.1261
0.1218
0.1067
0.1197
0.1516
0.1388
0.0707
0.06470000000000001
0.1041
4.543699999999999
0.12639999999999998
0.0849
0.0712
0.0796
0.0533
0.0625
0.0445
0.049
0.0386
0.0411
0.0383
0.0371
0.034699999999999995
0.0287
0.0313
0.033299999999999996
0.0295
0.0424
0.047200000000000006
0.0325
0.0315
0.007
0.0112
2.3489
0.0605
0.05740000000000001
0.0608
0.0929
0.3044
0.16620000000000001
0.1422
0.0853
0.0588
0.0636
0.0492
0.0392
0.042
0.0339
0.036000000000000004
0.027700000000000002
0.0324
0.0267
0.0249
0.0613
0.1045
0.08940000000000001
0.0755
0.0707
3.3693
3.0581
2.8728
1.6759000000000002
0.3174
0.2396
0.1526
0.0912
0.0404
0.030400000000000003
0.037
0.0325
0.033100000000000004
0.0263
0.0325
0.0216
0.0282
0.5836
0.2988
0.4729
0.567
0.4874
0.3442
2.6220999999999997
0.087
0.08729999999999999
0.0859
0.0866
0.0781
0.0449
0.014799999999999999
0.0174
0.0406
0.048600000000000004
0.0382
0.044
0.034
0.0361
0.034
0.031
0.0327
0.0453
0.0487
0.0458
0.039599999999999996
0.0417
0.0646
0.0875
0.1594
0.15439999999999998
0.1507
0.1514
0.1481
0.1391
0.118
0.1369
0.1761
0.1478
0.13429999999999997
0.1568
0.1486
0.14090000000000003
0.14600000000000002
0.1451
0.1918
0.18569999999999998
0.155
0.1356
0.1326
0.1404
0.16899999999999998
0.1775
0.7303999999999999
0.8898
0.8586
0.7991
0.7028
0.6113999999999999
0.4028
0.23629999999999998
0.1361
0.1345
0.1268
0.126
0.1382
0.13390000000000002
0.14579999999999999
0.16110000000000002
0.1971
0.6955
0.5931
0.8813
1.1813
1.2046000000000001
1.1249
1.6416
8.9622
3.0454999999999997
5.4879999999999995
0.1393
0.0407
0.0629
0.0376
0.1278
0.1382
0.1264
0.15139999999999998
0.2192
0.26239999999999997
0.1526
0.1261
0.1218
0.1067
0.1197
0.1516
0.1388
0.0707
0.06470000000000001
0.1041
4.543699999999999
0.12639999999999998
0.0849
0.0712
0.0796
0.0533
0.0625
0.0445
0.049
0.0386
0.0411
0.0383
0.0371
0.034699999999999995
0.0287
0.0313
0.033299999999999996
0.0295
0.0424
0.047200000000000006
0.0325
0.0315
0.007
0.0112
2.3489
0.16060000000000002
0.1747
0.1784
0.1751
0.17459999999999998
0.2103
0.3397
0.5849
0.35309999999999997
0.2852
0.2539
0.2269
0.5766
0.43100000000000005
0.19540000000000002
0.1931
0.248
1.1733
0.1463
1.7359
1.1667
0.5425
0.1759
0.15749999999999997
3.4085
2.6676
2.4534000000000002
1.3195999999999999
0.26380000000000003
0.1535
0.10300000000000001
0.1199
0.1168
0.0988
0.1189
0.1654
0.2217
0.3355
0.6026
0.9996
0.5199
0.7129
0.8402000000000001
0.7425999999999999
0.6207
0.7141
0.9614
0.9724
1.1774
0.9423
0.5959
0.4454
0.4455
0.4635
0.4884
0.5522
0.6780999999999999
0.8836999999999999
1.2924
1.5372
0.83
0.6507000000000001
0.6521
0.7086
1.8049
2.3125
1.7415
1.0427
0.9596
0.9483999999999999
0.9205
0.8077000000000001
0.5082
0.47959999999999997
0.4748
0.4536
0.4397
0.3861
0.316
1.1574
0.4544
0.4884
0.6822999999999999
1.2717
0.6007
0.4503
0.4897
0.4834
0.453
0.4768
1.1586
1.4865
1.2129
0.9886999999999999
1.0991
2.1187
4.6025
1.0529
0.0306
0.0048
0.0
0.0
0.0022
0.0058
0.0031
0.0
0.012199999999999999
0.049
0.0022
0.0317
0.0597
0.0041
0.5347999999999999
0.0127
0.0
0.0
0.0
0.0073
0.8323
0.865
0.0
0.0
0.0
0.0
0.0077
0.0
0.0071
0.0318
0.0083
0.0233
0.0195
0.0257
0.0208
0.0369
0.0513
0.0886
0.0484
0.0371
0.018799999999999997
0.0187
0.0118
0.0056
0.0063
0.011
4.7145
3.7453000000000003
4.5384
0.1239
0.0
0.0027
0.0076
0.0059
0.0216
0.030600000000000002
0.0336
0.057999999999999996
0.052199999999999996
0.0528
0.0293
0.0434
0.0228
0.0071
0.0025
0.0
0.0
0.0
0.0025
0.4085
0.16060000000000002
0.1747
0.1784
0.1751
0.17459999999999998
0.2103
0.3397
0.5849
0.35309999999999997
0.2852
0.2539
0.2269
0.5766
0.43100000000000005
0.19540000000000002
0.1931
0.248
1.1733
0.1463
1.7359
1.1667
0.5425
0.1759
0.15749999999999997
3.4085
2.6676
2.4534000000000002
1.3195999999999999
0.26380000000000003
0.1535
0.10300000000000001
0.1199
0.1168
0.0988
0.1189
0.1654
0.2217
0.3355
0.6026
0.9996
0.5199
0.7129
0.8402000000000001
0.7425999999999999
0.6207
0.7141
0.9614
0.9724
1.1774
0.9423
0.5959
0.4454
0.4455
0.4635
0.4884
0.5522
0.6780999999999999
0.8836999999999999
1.2924
1.5372
0.83
0.6507000000000001
0.6521
0.7086
1.8049
2.3125
1.7415
1.0427
0.9596
0.9483999999999999
0.9205
0.8077000000000001
0.5082
0.47959999999999997
0.4748
0.4536
0.4397
0.3861
0.316
1.1574
0.4544
0.4884
0.6822999999999999
1.2717
0.6007
0.4503
0.4897
0.4834
0.453
0.4768
1.1586
1.4865
1.2129
0.9886999999999999
1.0991
2.1187
4.6025
1.0529
0.0306
0.0048
0.0
0.0
0.0022
0.0058
0.0031
0.0
0.012199999999999999
0.049
0.0022
0.0317
0.0597
0.0041
0.5347999999999999
0.0127
0.0
0.0
0.0
0.0073
0.8323
0.865
0.0
0.0
0.0
0.0
0.0077
0.0
0.0071
0.0318
0.0083
0.0233
0.0195
0.0257
0.0208
0.0369
0.0513
0.0886
0.0484
0.0371
0.018799999999999997
0.0187
0.0118
0.0056
0.0063
0.011
4.7145
3.7453000000000003
4.5384
0.1239
0.0
0.0027
0.0076
0.0059
0.0216
0.030600000000000002
0.0336
0.057999999999999996
0.052199999999999996
0.0528
0.0293
0.0434
0.0228
0.0071
0.0025
0.0
0.0
0.0
0.0025
0.4085
0.16060000000000002
0.1747
0.1784
0.1751
0.17459999999999998
0.2103
0.3397
0.5849
0.35309999999999997
0.2852
0.2539
0.2269
0.5766
0.43100000000000005
0.19540000000000002
0.1931
0.248
1.1733
0.1463
1.7359
1.1667
0.5425
0.1759
0.15749999999999997
3.4085
2.6676
2.4534000000000002
1.3195999999999999
0.26380000000000003
0.1535
0.10300000000000001
0.1199
0.1168
0.0988
0.1189
0.1654
0.2217
0.3355
0.6026
0.9996
0.5199
0.7129
0.8402000000000001
0.7425999999999999
0.6207
0.7141
0.9614
0.9724
1.1774
0.9423
0.5959
0.4454
0.4455
0.4635
0.4884
0.5522
0.6780999999999999
0.8836999999999999
1.2924
1.5372
0.83
0.6507000000000001
0.6521
0.7086
1.8049
2.3125
1.7415
1.0427
0.9596
0.9483999999999999
0.9205
0.8077000000000001
0.5082
0.47959999999999997
0.4748
0.4536
0.4397
0.3861
0.316
1.1574
0.4544
0.4884
0.6822999999999999
1.2717
0.6007
0.4503
0.4897
0.4834
0.453
0.4768
1.1586
1.4865
1.2129
0.9886999999999999
1.0991
2.1187
4.6025
1.0529
0.0306
0.0048
0.0
0.0
0.0022
0.0058
0.0031
0.0
0.012199999999999999
0.049
0.0022
0.0317
0.0597
0.0041
0.5347999999999999
0.0127
0.0
0.0
0.0
0.0073
0.8323
0.865
0.0
0.0
0.0
0.0
0.0077
0.0
0.0071
0.0318
0.0083
0.0233
0.0195
0.0257
0.0208
0.0369
0.0513
0.0886
0.0484
0.0371
0.018799999999999997
0.0187
0.0118
0.0056
0.0063
0.011
4.7145
3.7453000000000003
4.5384
0.1239
0.0
0.0027
0.0076
0.0059
0.0216
0.030600000000000002
0.0336
0.057999999999999996
0.052199999999999996
0.0528
0.0293
0.0434
0.0228
0.0071
0.0025
0.0
0.0
0.0
0.0025
0.4085
0.16060000000000002
0.1747
0.1784
0.1751
0.17459999999999998
0.2103
0.3397
0.5849
0.35309999999999997
0.2852
0.2539
0.2269
0.5766
0.43100000000000005
0.19540000000000002
0.1931
0.248
1.1733
0.1463
1.7359
1.1667
0.5425
0.1759
0.15749999999999997
3.4085
2.6676
2.4534000000000002
1.3195999999999999
0.26380000000000003
0.1535
0.10300000000000001
0.1199
0.1168
0.0988
0.1189
0.1654
0.2217
0.3355
0.6026
0.9996
0.5199
0.7129
0.8402000000000001
0.7425999999999999
0.6207
0.7141
0.9614
0.9724
1.1774
0.9423
0.5959
0.4454
0.4455
0.4635
0.4884
0.5522
0.6780999999999999
0.8836999999999999
1.2924
1.5372
0.83
0.6507000000000001
0.6521
0.7086
1.8049
2.3125
1.7415
1.0427
0.9596
0.9483999999999999
0.9205
0.8077000000000001
0.5082
0.47959999999999997
0.4748
0.4536
0.4397
0.3861
0.316
1.1574
0.4544
0.4884
0.6822999999999999
1.2717
0.6007
0.4503
0.4897
0.4834
0.453
0.4768
1.1586
1.4865
1.2129
0.9886999999999999
1.0991
2.1187
4.6025
1.0529
0.0306
0.0048
0.0
0.0
0.0022
0.0058
0.0031
0.0
0.012199999999999999
0.049
0.0022
0.0317
0.0597
0.0041
0.5347999999999999
0.0127
0.0
0.0
0.0
0.0073
0.8323
0.865
0.0
0.0
0.0
0.0
0.0077
0.0
0.0071
0.0318
0.0083
0.0233
0.0195
0.0257
0.0208
0.0369
0.0513
0.0886
0.0484
0.0371
0.018799999999999997
0.0187
0.0118
0.0056
0.0063
0.011
4.7145
3.7453000000000003
4.5384
0.1239
0.0
0.0027
0.0076
0.0059
0.0216
0.030600000000000002
0.0336
0.057999999999999996
0.052199999999999996
0.0528
0.0293
0.0434
0.0228
0.0071
0.0025
0.0
0.0
0.0
0.0025
0.4085
0.16060000000000002
0.1747
0.1784
0.1751
0.17459999999999998
0.2103
0.3397
0.5849
0.35309999999999997
0.2852
0.2539
0.2269
0.5766
0.43100000000000005
0.19540000000000002
0.1931
0.248
1.1733
0.1463
1.7359
1.1667
0.5425
0.1759
0.15749999999999997
3.4085
2.6676
2.4534000000000002
1.3195999999999999
0.26380000000000003
0.1535
0.10300000000000001
0.1199
0.1168
0.0988
0.1189
0.1654
0.2217
0.3355
0.6026
0.9996
0.5199
0.7129
0.8402000000000001
0.7425999999999999
0.6207
0.7141
0.9614
0.9724
1.1774
0.9423
0.5959
0.4454
0.4455
0.4635
0.4884
0.5522
0.6780999999999999
0.8836999999999999
1.2924
1.5372
0.83
0.6507000000000001
0.6521
0.7086
1.8049
2.3125
1.7415
1.0427
0.9596
0.9483999999999999
0.9205
0.8077000000000001
0.30720000000000003
0.3117
0.4004
1.1626
1.1463999999999999
0.29259999999999997
0.1665
0.0682
0.0465
0.0318
0.0345
0.0283
0.042300000000000004
0.052
0.0934
0.1945
0.41400000000000003
0.6248
0.5734
0.4296
0.3715
0.3741
0.3938
0.3857
1.5185
0.6873
0.1816
0.0382
0.0
0.0
0.0
0.0105
0.0026
0.0
0.0
0.0
0.0065
0.0087
0.7619
0.7974
0.0273
0.0001
0.0329
0.0601
0.0068
0.0
0.0
1.982
1.8941
4.353
4.0885
3.776
1.3049
0.0984
0.089
0.07719999999999999
0.0809
0.11030000000000001
0.1652
0.7619
0.7441
0.2649
0.2059
0.2152
0.27190000000000003
0.3266
0.3341
0.34319999999999995
0.3629
0.495
1.2528000000000001
1.3359
0.0
0.0
0.0
0.0
0.0
0.0
0.0
0.1212
0.2238
0.2182
0.1647
0.1744
0.1442
2.1334
0.6247
0.2112
0.2219
0.2017
0.0526
1.4183
0.8325
0.2647
0.0
0.0
0.20429999999999998
0.1918
0.18780000000000002
0.1846
0.19569999999999999
0.2551
0.5532
0.38449999999999995
0.2842
0.24080000000000001
0.22139999999999999
0.2236
0.23
0.24710000000000001
0.2573
0.2954
0.3336
0.428
0.5122
0.6009
1.2648
0.7411
0.538
0.2999
0.5488999999999999
0.7363999999999999
0.778
0.6973
0.5296000000000001
0.35619999999999996
0.2037
0.26439999999999997
0.1189
0.1124
0.13440000000000002
0.1251
0.2397
0.6037
0.48040000000000005
0.275
0.2737
0.7908999999999999
0.66
1.19
1.7526000000000002
1.7671999999999999
1.7258
2.0719
0.0894
0.7648999999999999
1.3380999999999998
0.0158
0.0024
0.0
0.0
0.0
0.008
0.0191
0.034
0.0294
0.045200000000000004
0.026799999999999997
0.0341
0.036000000000000004
0.0385
0.3649
0.4036
0.2619
0.4477
0.9283999999999999
1.0516999999999999
0.6506000000000001
0.30720000000000003
0.3117
0.4004
1.1626
1.1463999999999999
0.29259999999999997
0.1665
0.0682
0.0465
0.0318
0.0345
0.0283
0.042300000000000004
0.052
0.0934
0.1945
0.41400000000000003
0.6248
0.5734
0.4296
0.3715
0.3741
0.3938
0.3857
1.5185
0.6873
0.1816
0.0382
0.0
0.0
0.0
0.0105
0.0026
0.0
0.0
0.0
0.0065
0.0087
0.7619
0.7974
0.0273
0.0001
0.0329
0.0601
0.0068
0.0
0.0
1.982
1.8941
4.353
4.0885
3.776
1.3049
0.0984
0.089
0.07719999999999999
0.0809
0.11030000000000001
0.1652
0.7619
0.7441
0.2649
0.2059
0.2152
0.27190000000000003
0.3266
0.3341
0.34319999999999995
0.3629
0.495
1.2528000000000001
1.3359
0.0
0.0
0.0
0.0
0.0
0.0
0.0
0.1212
0.2238
0.2182
0.1647
0.1744
0.1442
2.1334
0.6247
0.2112
0.2219
0.2017
0.0526
1.4183
0.8325
0.2647
0.0
0.0
0.20429999999999998
0.1918
0.18780000000000002
0.1846
0.19569999999999999
0.2551
0.5532
0.38449999999999995
0.2842
0.24080000000000001
0.22139999999999999
0.2236
0.23
0.24710000000000001
0.2573
0.2954
0.3336
0.428
0.5122
0.6009
1.2648
0.7411
0.538
0.2999
0.5488999999999999
0.7363999999999999
0.778
0.6973
0.5296000000000001
0.35619999999999996
0.2037
0.26439999999999997
0.1189
0.1124
0.13440000000000002
0.1251
0.2397
0.6037
0.48040000000000005
0.275
0.2737
0.7908999999999999
0.66
1.19
1.7526000000000002
1.7671999999999999
1.7258
2.0719
0.0894
0.7648999999999999
1.3380999999999998
0.0158
0.0024
0.0
0.0
0.0
0.008
0.0191
0.034
0.0294
0.045200000000000004
0.026799999999999997
0.0341
0.036000000000000004
0.0385
0.3649
0.4036
0.2619
0.4477
0.9283999999999999
1.0516999999999999
0.6506000000000001
0.30720000000000003
0.3117
0.4004
1.1626
1.1463999999999999
0.29259999999999997
0.1665
0.0682
0.0465
0.0318
0.0345
0.0283
0.042300000000000004
0.052
0.0934
0.1945
0.41400000000000003
0.6248
0.5734
0.4296
0.3715
0.3741
0.3938
0.3857
1.5185
0.6873
0.1816
0.0382
0.0
0.0
0.0
0.0105
0.0026
0.0
0.0
0.0
0.0065
0.0087
0.7619
0.7974
0.0273
0.0001
0.0329
0.0601
0.0068
0.0
0.0
1.982
1.8941
4.353
4.0885
3.776
1.3049
0.0984
0.089
0.07719999999999999
0.0809
0.11030000000000001
0.1652
0.7619
0.7441
0.2649
0.2059
0.2152
0.27190000000000003
0.3266
0.3341
0.34319999999999995
0.3629
0.495
1.2528000000000001
1.3359
0.0
0.0
0.0
0.0
0.0
0.0
0.0
0.1212
0.2238
0.2182
0.1647
0.1744
0.1442
2.1334
0.6247
0.2112
0.2219
0.2017
0.0526
1.4183
0.8325
0.2647
0.0
0.0
0.20429999999999998
0.1918
0.18780000000000002
0.1846
0.19569999999999999
0.2551
0.5532
0.38449999999999995
0.2842
0.24080000000000001
0.22139999999999999
0.2236
0.23
0.24710000000000001
0.2573
0.2954
0.3336
0.428
0.5122
0.6009
1.2648
0.7411
0.538
0.2999
0.5488999999999999
0.7363999999999999
0.778
0.6973
0.5296000000000001
0.35619999999999996
0.2037
0.26439999999999997
0.1189
0.1124
0.13440000000000002
0.1251
0.2397
0.6037
0.48040000000000005
0.275
0.2737
0.7908999999999999
0.66
1.19
1.7526000000000002
1.7671999999999999
1.7258
2.0719
0.0894
0.7648999999999999
1.3380999999999998
0.0158
0.0024
0.0
0.0
0.0
0.008
0.0191
0.034
0.0294
0.045200000000000004
0.026799999999999997
0.0341
0.036000000000000004
0.0385
0.3649
0.4036
0.2619
0.4477
0.9283999999999999
1.0516999999999999
0.6506000000000001
0.30720000000000003
0.3117
0.4004
1.1626
1.1463999999999999
0.29259999999999997
0.1665
0.0682
0.0465
0.0318
0.0345
0.0283
0.042300000000000004
0.052
0.0934
0.1945
0.41400000000000003
0.6248
0.5734
0.4296
0.3715
0.3741
0.3938
0.3857
1.5185
0.6873
0.1816
0.0382
0.0
0.0
0.0
0.0105
0.0026
0.0
0.0
0.0
0.0065
0.0087
0.7619
0.7974
0.0273
0.0001
0.0329
0.0601
0.0068
0.0
0.0
1.982
1.8941
4.353
4.0885
3.776
1.3049
0.0984
0.089
0.07719999999999999
0.0809
0.11030000000000001
0.1652
0.7619
0.7441
0.2649
0.2059
0.2152
0.27190000000000003
0.3266
0.3341
0.34319999999999995
0.3629
0.495
1.2528000000000001
1.3359
0.0
0.0
0.0
0.0
0.0
0.0
0.0
0.1212
0.2238
0.2182
0.1647
0.1744
0.1442
2.1334
0.6247
0.2112
0.2219
0.2017
0.0526
1.4183
0.8325
0.2647
0.0
0.0
0.20429999999999998
0.1918
0.18780000000000002
0.1846
0.19569999999999999
0.2551
0.5532
0.38449999999999995
0.2842
0.24080000000000001
0.22139999999999999
0.2236
0.23
0.24710000000000001
0.2573
0.2954
0.3336
0.428
0.5122
0.6009
1.2648
0.7411
0.538
0.2999
0.5488999999999999
0.7363999999999999
0.778
0.6973
0.5296000000000001
0.35619999999999996
0.2037
0.26439999999999997
0.1189
0.1124
0.13440000000000002
0.1251
0.2397
0.6037
0.48040000000000005
0.275
0.2737
0.7908999999999999
0.66
1.19
1.7526000000000002
1.7671999999999999
1.7258
2.0719
0.0894
0.7648999999999999
1.3380999999999998
0.0158
0.0024
0.0
0.0
0.0
0.008
0.0191
0.034
0.0294
0.045200000000000004
0.026799999999999997
0.0341
0.036000000000000004
0.0385
0.3649
0.4036
0.2619
0.4477
0.9283999999999999
1.0516999999999999
0.6506000000000001
0.30720000000000003
0.3117
0.4004
1.1626
1.1463999999999999
0.29259999999999997
0.1665
0.0682
0.0465
0.0318
0.0345
0.0283
0.042300000000000004
0.052
0.0934
0.1945
0.41400000000000003
0.6248
0.5734
0.4296
0.3715
0.3741
0.3938
0.3857
1.5185
0.6873
0.1816
0.0382
0.0
0.0
0.0
0.0105
0.0026
0.0
0.0
0.0
0.0065
0.0087
0.7619
0.7974
0.0273
0.0001
0.0329
0.0601
0.0068
0.0
0.0
1.982
0.0874
0.0818
0.0821
0.0852
0.0828
0.07239999999999999
0.0686
0.08940000000000001
0.06409999999999999
0.0797
0.0625
0.0553
0.0548
0.045200000000000004
0.049
0.053
0.05
0.0747
0.0838
0.0794
0.0745
0.0742
0.0876
0.0969
0.1647
0.1654
0.1711
0.1701
0.15660000000000002
0.1406
0.1464
0.2543
0.0757
0.0477
0.0224
0.0196
0.0228
0.022600000000000002
0.0317
0.0414
0.0656
0.201
0.10289999999999999
0.0781
0.0802
0.0794
0.08910000000000001
0.1126
1.9519
2.151
2.0549
2.0149
1.5178
0.37729999999999997
0.36560000000000004
0.3769
0.38849999999999996
0.3952
0.4098
0.4499
0.5497000000000001
0.6992
0.7181
0.5277
0.5150999999999999
0.5463
0.5755
1.3163
1.1146
1.0476999999999999
1.0588
1.0270000000000001
0.7071
0.7978000000000001
0.8429
0.8319
0.7315
0.7156
0.3983
0.34940000000000004
0.3049
0.2791
0.2842
0.5721
0.8557
0.4583
0.43
0.3821
0.3772
0.42869999999999997
1.0183
1.0981
0.7368
0.7174
0.8348
1.5278999999999998
4.4335
4.032
3.8973
2.234
0.0597
0.0131
1.5491
0.0475
0.0
0.0199
0.0411
0.0409
0.0242
0.0155
0.026000000000000002
0.0085
0.3697
0.15009999999999998
0.0289
0.050699999999999995
0.066
0.0484
0.0632
1.3431000000000002
0.1673
0.1619
0.1637
0.162
0.1594
0.156
0.1453
0.103
0.0249
0.046299999999999994
0.0291
0.0271
0.0288
0.027
0.035699999999999996
0.047799999999999995
0.0707
0.1962
0.29910000000000003
0.1127
0.1412
0.14579999999999999
0.1614
0.1701
0.1115
0.09309999999999999
0.08960000000000001
0.0848
0.0697
0.052599999999999994
0.0409
0.0328
0.0331
0.0587
0.0499
0.028200000000000003
0.0267
0.0247
0.0233
0.1778
0.0794
0.1734
0.1713
0.136
0.2562
0.2597
0.20340000000000003
0.1386
0.0874
0.0818
0.0821
0.0852
0.0828
0.07239999999999999
0.0686
0.08940000000000001
0.06409999999999999
0.0797
0.0625
0.0553
0.0548
0.045200000000000004
0.049
0.053
0.05
0.0747
0.0838
0.0794
0.0745
0.0742
0.0876
0.0969
0.1647
0.1654
0.1711
0.1701
0.15660000000000002
0.1406
0.1464
0.2543
0.0757
0.0477
0.0224
0.0196
0.0228
0.022600000000000002
0.0317
0.0414
0.0656
0.201
0.10289999999999999
0.0781
0.0802
0.0794
0.08910000000000001
0.1126
1.9519
2.151
2.0549
2.0149
1.5178
0.37729999999999997
0.36560000000000004
0.3769
0.38849999999999996
0.3952
0.4098
0.4499
0.5497000000000001
0.6992
0.7181
0.5277
0.5150999999999999
0.5463
0.5755
1.3163
1.1146
1.0476999999999999
1.0588
1.0270000000000001
0.7071
0.7978000000000001
0.8429
0.8319
0.7315
0.7156
0.3983
0.34940000000000004
0.3049
0.2791
0.2842
0.5721
0.8557
0.4583
0.43
0.3821
0.3772
0.42869999999999997
1.0183
1.0981
0.7368
0.7174
0.8348
1.5278999999999998
4.4335
4.032
3.8973
2.234
0.0597
0.0131
1.5491
0.0475
0.0
0.0199
0.0411
0.0409
0.0242
0.0155
0.026000000000000002
0.0085
0.3697
0.15009999999999998
0.0289
0.050699999999999995
0.066
0.0484
0.0632
1.3431000000000002
0.1673
0.1619
0.1637
0.162
0.1594
0.156
0.1453
0.103
0.0249
0.046299999999999994
0.0291
0.0271
0.0288
0.027
0.035699999999999996
0.047799999999999995
0.0707
0.1962
0.29910000000000003
0.1127
0.1412
0.14579999999999999
0.1614
0.1701
0.1115
0.09309999999999999
0.08960000000000001
0.0848
0.0697
0.052599999999999994
0.0409
0.0328
0.0331
0.0587
0.0499
0.028200000000000003
0.0267
0.0247
0.0233
0.1778
0.0794
0.1734
0.1713
0.136
0.2562
0.2597
0.20340000000000003
0.1386
0.0874
0.0818
0.0821
0.0852
0.0828
0.07239999999999999
0.0686
0.08940000000000001
0.06409999999999999
0.0797
0.0625
0.0553
0.0548
0.045200000000000004
0.049
0.053
0.05
0.0747
0.0838
0.0794
0.0745
0.0742
0.0876
0.0969
0.1647
0.1654
0.1711
0.1701
0.15660000000000002
0.1406
0.1464
0.2543
0.0757
0.0477
0.0224
0.0196
0.0228
0.022600000000000002
0.0317
0.0414
0.0656
0.201
0.10289999999999999
0.0781
0.0802
0.0794
0.08910000000000001
0.1126
1.9519
2.151
2.0549
2.0149
1.5178
0.37729999999999997
0.36560000000000004
0.3769
0.38849999999999996
0.3952
0.4098
0.4499
0.5497000000000001
0.6992
0.7181
0.5277
0.5150999999999999
0.5463
0.5755
1.3163
1.1146
1.0476999999999999
1.0588
1.0270000000000001
0.7071
0.7978000000000001
0.8429
0.8319
0.7315
0.7156
0.3983
0.34940000000000004
0.3049
0.2791
0.2842
0.5721
0.8557
0.4583
0.43
0.3821
0.3772
0.42869999999999997
1.0183
1.0981
0.7368
0.7174
0.8348
1.5278999999999998
4.4335
4.032
3.8973
2.234
0.0597
0.0131
1.5491
0.0475
0.0
0.0199
0.0411
0.0409
0.0242
0.0155
0.026000000000000002
0.0085
0.3697
0.15009999999999998
0.0289
0.050699999999999995
0.066
0.0484
0.0632
1.3431000000000002
0.1673
0.1619
0.1637
0.162
0.1594
0.156
0.1453
0.103
0.0249
0.046299999999999994
0.0291
0.0271
0.0288
0.027
0.035699999999999996
0.047799999999999995
0.0707
0.1962
0.29910000000000003
0.1127
0.1412
0.14579999999999999
0.1614
0.1701
0.1115
0.09309999999999999
0.08960000000000001
0.0848
0.0697
0.052599999999999994
0.0409
0.0328
0.0331
0.0587
0.0499
0.028200000000000003
0.0267
0.0247
0.0233
0.1778
0.0794
0.1734
0.1713
0.136
0.2562
0.2597
0.20340000000000003
0.1386
0.0874
0.0818
0.0821
0.0852
0.0828
0.07239999999999999
0.0686
0.08940000000000001
0.06409999999999999
0.0797
0.0625
0.0553
0.0548
0.045200000000000004
0.049
0.053
0.05
0.0747
0.0838
0.0794
0.0745
0.0742
0.0876
0.0969
0.1647
0.1654
0.1711
0.1701
0.15660000000000002
0.1406
0.1464
0.2543
0.0757
0.0477
0.0224
0.0196
0.0228
0.022600000000000002
0.0317
0.0414
0.0656
0.201
0.10289999999999999
0.0781
0.0802
0.0794
0.08910000000000001
0.1126
1.9519
2.151
2.0549
2.0149
1.5178
0.37729999999999997
0.36560000000000004
0.3769
0.38849999999999996
0.3952
0.4098
0.4499
0.5497000000000001
0.6992
0.7181
0.5277
0.5150999999999999
0.5463
0.5755
1.3163
1.1146
1.0476999999999999
1.0588
1.0270000000000001
0.7071
0.7978000000000001
0.8429
0.8319
0.7315
0.7156
0.3983
0.34940000000000004
0.3049
0.2791
0.2842
0.5721
0.8557
0.4583
0.43
0.3821
0.3772
0.42869999999999997
1.0183
1.0981
0.7368
0.7174
0.8348
1.5278999999999998
4.4335
4.032
3.8973
2.234
0.0597
0.0131
1.5491
0.0475
0.0
0.0199
0.0411
0.0409
0.0242
0.0155
0.026000000000000002
0.0085
0.3697
0.15009999999999998
0.0289
0.050699999999999995
0.066
0.0484
0.0632
1.3431000000000002
0.1673
0.1619
0.1637
0.162
0.1594
0.156
0.1453
0.103
0.0249
0.046299999999999994
0.0291
0.0271
0.0288
0.027
0.035699999999999996
0.047799999999999995
0.0707
0.1962
0.29910000000000003
0.1127
0.1412
0.14579999999999999
0.1614
0.1701
0.1115
0.09309999999999999
0.08960000000000001
0.0848
0.0697
0.052599999999999994
0.0409
0.0328
0.0331
0.0587
0.0499
0.028200000000000003
0.0267
0.0247
0.0233
0.1778
0.0794
0.1734
0.1713
0.136
0.2562
0.2597
0.20340000000000003
0.1386
0.0874
0.0818
0.0821
0.0852
0.0828
0.07239999999999999
0.0686
0.08940000000000001
0.06409999999999999
0.0797
0.0625
0.0553
0.0548
0.045200000000000004
0.049
0.053
0.05
0.0747
0.0838
0.0794
0.0745
0.0742
0.0876
0.0969
0.1647
0.1654
0.1711
0.1701
0.15660000000000002
0.1406
0.1464
0.2543
0.0757
0.0477
0.0224
0.0196
0.0228
0.022600000000000002
0.0317
0.0414
0.0656
0.201
0.10289999999999999
0.0781
0.0802
0.0794
0.08910000000000001
0.1126
1.9519
2.151
2.0549
2.0149
1.5178
0.37729999999999997
0.36560000000000004
0.3769
0.38849999999999996
0.3952
0.4098
0.4499
0.5497000000000001
0.6992
0.7181
0.5277
0.5150999999999999
0.5463
0.5755
1.3163
1.1146
1.0476999999999999
1.0588
1.0270000000000001
