1.5601
1.6442
1.7993000000000001
1.8168
1.6035
2.347
7.4612
1.6332
1.5485
6.0424
1.0139
1.439
2.4707
0.4099
0.3852
0.1795
0.1474
0.1383
0.0092
0.0218
0.099
0.2535
0.43279999999999996
0.38149999999999995
0.1577
0.1542
0.1604
0.2539
0.5526
0.2799
0.34650000000000003
0.2323
0.1553
0.12890000000000001
0.1124
0.1032
0.1049
0.0838
0.0897
0.0857
0.0989
0.1417
0.0896
0.135
0.1575
0.1512
0.1295
0.13879999999999998
0.2576
0.2427
0.2397
0.24380000000000002
0.2385
0.2143
0.1784
0.2945
0.2119
0.1037
0.06720000000000001
0.0576
0.050699999999999995
0.0436
0.055400000000000005
0.0659
0.11729999999999999
0.2006
0.148
0.1839
0.2296
0.28559999999999997
0.3637
0.32889999999999997
0.4649
0.8499
4.2334
2.1752000000000002
0.6217
0.5619
0.2862
0.2827
0.29469999999999996
0.30069999999999997
0.2874
0.29300000000000004
0.2653
0.242
0.2318
0.2017
0.1846
0.5187999999999999
0.1758
0.2647
0.2796
0.2182
0.1868
0.1956
0.1434
0.1515
0.15539999999999998
0.16
0.14850000000000002
0.1064
0.25479999999999997
0.3344
0.1258
0.14229999999999998
0.1061
0.091
0.0797
0.06470000000000001
0.07200000000000001
0.0692
0.0755
0.0618
0.0523
0.0503
0.0513
0.03
0.0328
0.0408
5.6524
5.8186
3.9632
0.16410000000000002
0.1444
0.1405
0.033600000000000005
0.016300000000000002
0.0202
0.0199
0.0317
0.033299999999999996
0.022699999999999998
0.0345
0.0113
0.015
0.0291
0.0518
1.4679
0.0068
0.0
0.2024
1.2229999999999999
0.7091000000000001
0.0
0.0235
0.0233
0.0081
0.0074
0.0546
0.2012
0.7551
0.5215000000000001
0.0254
0.0444
0.08549999999999999
0.1051
0.3763
0.37849999999999995
0.0633
0.0429
1.0025
0.3224
1.2461
1.8371
0.0013
0.0
0.0
1.5601
1.6442
1.7993000000000001
1.8168
1.6035
2.347
7.4612
1.6332
1.5485
6.0424
1.0139
1.439
2.4707
0.4099
0.3852
0.1795
0.1474
0.1383
0.0092
0.0218
0.099
0.2535
0.43279999999999996
0.38149999999999995
0.1577
0.1542
0.1604
0.2539
0.5526
0.2799
0.34650000000000003
0.2323
0.1553
0.12890000000000001
0.1124
0.1032
0.1049
0.0838
0.0897
0.0857
0.0989
0.1417
0.0896
0.135
0.1575
0.1512
0.1295
0.13879999999999998
0.2576
0.2427
0.2397
0.24380000000000002
0.2385
0.2143
0.1784
0.2945
0.2119
0.1037
0.06720000000000001
0.0576
0.050699999999999995
0.0436
0.055400000000000005
0.0659
0.11729999999999999
0.2006
0.148
0.1839
0.2296
0.28559999999999997
0.3637
0.32889999999999997
0.4649
0.8499
4.2334
2.1752000000000002
0.6217
0.5619
0.2862
0.2827
0.29469999999999996
0.30069999999999997
0.2874
0.29300000000000004
0.2653
0.242
0.2318
0.2017
0.1846
0.5187999999999999
0.1758
0.2647
0.2796
0.2182
0.1868
0.1956
0.1434
0.1515
0.15539999999999998
0.16
0.14850000000000002
0.1064
0.25479999999999997
0.3344
0.1258
0.14229999999999998
0.1061
0.091
0.0797
0.06470000000000001
0.07200000000000001
0.0692
0.0755
0.0618
0.0523
0.0503
0.0513
0.03
0.0328
0.0408
5.6524
5.8186
3.9632
0.16410000000000002
0.1444
0.1405
0.033600000000000005
0.016300000000000002
0.0202
0.0199
0.0317
0.033299999999999996
0.022699999999999998
0.0345
0.0113
0.015
0.0291
0.0518
1.4679
0.0068
0.0
0.2024
1.2229999999999999
0.7091000000000001
0.0
0.0235
0.0233
0.0081
0.0074
0.0546
0.2012
0.7551
0.5215000000000001
0.0254
0.0444
0.08549999999999999
0.1051
0.3763
0.37849999999999995
0.0633
0.0429
1.0025
0.3224
1.2461
1.8371
0.0013
0.0
0.0
1.5601
1.6442
1.7993000000000001
1.8168
1.6035
2.347
7.4612
1.6332
1.5485
6.0424
1.0139
1.439
2.4707
0.4099
0.3852
0.1795
0.1474
0.1383
0.0092
0.0218
0.099
0.2535
0.43279999999999996
0.38149999999999995
0.1577
0.1542
0.1604
0.2539
0.5526
0.2799
0.34650000000000003
0.2323
0.1553
0.12890000000000001
0.1124
0.1032
0.1049
0.0838
0.0897
0.0857
0.0989
0.1417
0.0896
0.135
0.1575
0.1512
0.1295
0.13879999999999998
0.2576
0.2427
0.2397
0.24380000000000002
0.2385
0.2143
0.1784
0.2945
0.2119
0.1037
0.06720000000000001
0.0576
0.050699999999999995
0.0436
0.055400000000000005
0.0659
0.11729999999999999
0.2006
0.148
0.1839
0.2296
0.28559999999999997
0.3637
0.32889999999999997
0.4649
0.8499
4.2334
2.1752000000000002
0.6217
0.5619
0.2862
0.2827
0.29469999999999996
0.30069999999999997
0.2874
0.29300000000000004
0.2653
0.242
0.2318
0.2017
0.1846
0.5187999999999999
0.1758
0.2647
0.2796
0.2182
0.1868
0.1956
0.1434
0.1515
0.15539999999999998
0.16
0.14850000000000002
0.1064
0.25479999999999997
0.3344
0.1258
0.14229999999999998
0.1061
0.091
0.0797
0.06470000000000001
0.07200000000000001
0.0692
0.0755
0.0618
0.0523
0.0503
0.0513
0.03
0.0328
0.0408
5.6524
5.8186
3.9632
0.16410000000000002
0.1444
0.1405
0.033600000000000005
0.016300000000000002
0.0202
0.0199
0.0317
0.033299999999999996
0.022699999999999998
0.0345
0.0113
0.015
0.0291
0.0518
1.4679
0.0068
0.0
0.2024
1.2229999999999999
0.7091000000000001
0.0
0.0235
0.0233
0.0081
0.0074
0.0546
0.2012
0.7551
0.5215000000000001
0.0254
0.0444
0.08549999999999999
0.1051
0.3763
0.37849999999999995
0.0633
0.0429
1.0025
0.3224
1.2461
1.8371
0.0013
0.0
0.0
1.5601
1.6442
1.7993000000000001
1.8168
1.6035
2.347
7.4612
1.6332
1.5485
6.0424
1.0139
1.439
2.4707
0.4099
0.3852
0.1795
0.1474
0.1383
0.0092
0.0218
0.099
0.2535
0.43279999999999996
0.38149999999999995
0.1577
0.1542
0.1604
0.2539
0.5526
0.2799
0.34650000000000003
0.2323
0.1553
0.12890000000000001
0.1124
0.1032
0.1049
0.0838
0.0897
0.0857
0.0989
0.1417
0.0896
0.135
0.1575
0.1512
0.1295
0.13879999999999998
0.2576
0.2427
0.2397
0.24380000000000002
0.2385
0.2143
0.1784
0.2945
0.2119
0.1037
0.06720000000000001
0.0576
0.050699999999999995
0.0436
0.055400000000000005
0.0659
0.11729999999999999
0.2006
0.148
0.1839
0.2296
0.28559999999999997
0.3637
0.32889999999999997
0.4649
0.8499
4.2334
2.1752000000000002
0.6217
0.5619
0.2862
0.2827
0.29469999999999996
0.30069999999999997
0.2874
0.29300000000000004
0.2653
0.242
0.2318
0.2017
0.1846
0.5187999999999999
0.1758
0.2647
0.2796
0.2182
0.1868
0.1956
0.1434
0.1515
0.15539999999999998
0.16
0.14850000000000002
0.1064
0.25479999999999997
0.3344
0.1258
0.14229999999999998
0.1061
0.091
0.0797
0.06470000000000001
0.07200000000000001
0.0692
0.0755
0.0618
0.0523
0.0503
0.0513
0.03
0.0328
0.0408
5.6524
5.8186
3.9632
0.16410000000000002
0.1444
0.1405
0.033600000000000005
0.016300000000000002
0.0202
0.0199
0.0317
0.033299999999999996
0.022699999999999998
0.0345
0.0113
0.015
0.0291
0.0518
1.4679
0.0068
0.0
0.2024
1.2229999999999999
0.7091000000000001
0.0
0.0235
0.0233
0.0081
0.0074
0.0546
0.2012
0.7551
0.5215000000000001
0.0254
0.0444
0.08549999999999999
0.1051
0.3763
0.37849999999999995
0.0633
0.0429
1.0025
0.3224
1.2461
1.8371
0.0013
0.0
0.0
1.5601
1.6442
1.7993000000000001
1.8168
1.6035
2.347
7.4612
1.6332
1.5485
6.0424
1.0139
1.439
2.4707
0.4099
0.3852
0.1795
0.1474
0.1383
0.0092
0.0218
0.099
0.2535
0.43279999999999996
0.38149999999999995
0.1577
0.1542
0.1604
0.2539
0.5526
0.2799
0.34650000000000003
0.2323
0.1553
0.12890000000000001
0.1124
0.1032
0.1049
0.0838
0.0897
0.0857
0.0989
0.1417
0.0896
0.135
0.1575
0.1512
0.1295
0.13879999999999998
0.2576
0.2427
0.2397
0.24380000000000002
0.2385
0.2143
0.1784
0.2945
0.2119
0.1037
0.06720000000000001
0.0576
0.050699999999999995
0.0436
0.055400000000000005
0.0659
0.11729999999999999
0.2006
0.148
0.1839
0.2296
0.28559999999999997
0.3637
0.32889999999999997
1.6493
2.3067
1.7437
0.0
3.9415
2.8422
1.1322
0.2123
0.27549999999999997
0.10289999999999999
0.0553
0.0
0.0
0.0811
0.4903
0.8179000000000001
2.9876
0.3759
0.2114
6.9368
7.776999999999999
11.7956
5.394
0.4777
1.3997000000000002
1.0517
0.6971999999999999
1.6442
0.2819
0.15999999999999998
0.2173
0.9371
0.0
0.0093
0.0736
0.1012
0.11499999999999999
0.1174
0.1238
0.1215
0.0727
0.0493
0.11710000000000001
0.29969999999999997
1.0173
1.0911
0.5318
0.32130000000000003
0.4871
0.3464
6.1046
7.493
4.272
0.0812
0.2016
0.1516
0.2822
0.2026
2.5041
0.5530999999999999
0.3219
0.4758
0.2307
0.0053
0.0
0.0
0.0
0.0291
0.0638
0.089
0.0399
0.0
0.0411
0.0854
0.0737
0.05
0.0375
0.1738
1.2946
1.9891999999999999
0.45620000000000005
0.5522
0.5096
2.7679
0.3873
0.7286
0.9823
0.6731
0.26949999999999996
0.1154
0.071
0.1245
0.1736
0.27849999999999997
0.2108
0.183
0.0878
0.1041
0.6903999999999999
4.7356
1.2766
0.1159
0.2203
0.313
0.3777
0.3851
0.3699
0.37229999999999996
0.3695
0.4637
1.0911
0.8254
1.1404999999999998
0.6016
0.5307
1.0062
1.6964
0.2568
0.052500000000000005
0.1027
5.9779
3.8004999999999995
3.8007
1.2753999999999999
0.32060000000000005
0.0493
0.021200000000000004
0.009
0.0274
0.038900000000000004
0.0322
0.0358
0.031
0.041499999999999995
0.0411
0.0437
0.0263
0.0461
0.0225
0.0227
0.0106
0.0527
0.0274
2.0814
5.6393
5.3420000000000005
2.7689
0.0138
0.0293
0.018500000000000003
0.028499999999999998
0.0536
0.049100000000000005
0.0614
0.0693
0.06820000000000001
0.0509
0.0408
0.0431
0.044899999999999995
0.049600000000000005
0.0639
0.11
0.0835
0.0857
0.0592
0.077
1.3971
1.6493
2.3067
1.7437
0.0
3.9415
2.8422
1.1322
0.2123
0.27549999999999997
0.10289999999999999
0.0553
0.0
0.0
0.0811
0.4903
0.8179000000000001
2.9876
0.3759
0.2114
6.9368
7.776999999999999
11.7956
5.394
0.4777
1.3997000000000002
1.0517
0.6971999999999999
1.6442
0.2819
0.15999999999999998
0.2173
0.9371
0.0
0.0093
0.0736
0.1012
0.11499999999999999
0.1174
0.1238
0.1215
0.0727
0.0493
0.11710000000000001
0.29969999999999997
1.0173
1.0911
0.5318
0.32130000000000003
0.4871
0.3464
6.1046
7.493
4.272
0.0812
0.2016
0.1516
0.2822
0.2026
2.5041
0.5530999999999999
0.3219
0.4758
0.2307
0.0053
0.0
0.0
0.0
0.0291
0.0638
0.089
0.0399
0.0
0.0411
0.0854
0.0737
0.05
0.0375
0.1738
1.2946
1.9891999999999999
0.45620000000000005
0.5522
0.5096
2.7679
0.3873
0.7286
0.9823
0.6731
0.26949999999999996
0.1154
0.071
0.1245
0.1736
0.27849999999999997
0.2108
0.183
0.0878
0.1041
0.6903999999999999
4.7356
1.2766
0.1159
0.2203
0.313
0.3777
0.3851
0.3699
0.37229999999999996
0.3695
0.4637
1.0911
0.8254
1.1404999999999998
0.6016
0.5307
1.0062
1.6964
0.2568
0.052500000000000005
0.1027
5.9779
3.8004999999999995
3.8007
1.2753999999999999
0.32060000000000005
0.0493
0.021200000000000004
0.009
0.0274
0.038900000000000004
0.0322
0.0358
0.031
0.041499999999999995
0.0411
0.0437
0.0263
0.0461
0.0225
0.0227
0.0106
0.0527
0.0274
2.0814
5.6393
5.3420000000000005
2.7689
0.0138
0.0293
0.018500000000000003
0.028499999999999998
0.0536
0.049100000000000005
0.0614
0.0693
0.06820000000000001
0.0509
0.0408
0.0431
0.044899999999999995
0.049600000000000005
0.0639
0.11
0.0835
0.0857
0.0592
0.077
1.3971
1.6493
2.3067
1.7437
0.0
3.9415
2.8422
1.1322
0.2123
0.27549999999999997
0.10289999999999999
0.0553
0.0
0.0
0.0811
0.4903
0.8179000000000001
2.9876
0.3759
0.2114
6.9368
7.776999999999999
11.7956
5.394
0.4777
1.3997000000000002
1.0517
0.6971999999999999
1.6442
0.2819
0.15999999999999998
0.2173
0.9371
0.0
0.0093
0.0736
0.1012
0.11499999999999999
0.1174
0.1238
0.1215
0.0727
0.0493
0.11710000000000001
0.29969999999999997
1.0173
1.0911
0.5318
0.32130000000000003
0.4871
0.3464
6.1046
7.493
4.272
0.0812
0.2016
0.1516
0.2822
0.2026
2.5041
0.5530999999999999
0.3219
0.4758
0.2307
0.0053
0.0
0.0
0.0
0.0291
0.0638
0.089
0.0399
0.0
0.0411
0.0854
0.0737
0.05
0.0375
0.1738
1.2946
1.9891999999999999
0.45620000000000005
0.5522
0.5096
2.7679
0.3873
0.7286
0.9823
0.6731
0.26949999999999996
0.1154
0.071
0.1245
0.1736
0.27849999999999997
0.2108
0.183
0.0878
0.1041
0.6903999999999999
4.7356
1.2766
0.1159
0.2203
0.313
0.3777
0.3851
0.3699
0.37229999999999996
0.3695
0.4637
1.0911
0.8254
1.1404999999999998
0.6016
0.5307
1.0062
1.6964
0.2568
0.052500000000000005
0.1027
5.9779
3.8004999999999995
3.8007
1.2753999999999999
0.32060000000000005
0.0493
0.021200000000000004
0.009
0.0274
0.038900000000000004
0.0322
0.0358
0.031
0.041499999999999995
0.0411
0.0437
0.0263
0.0461
0.0225
0.0227
0.0106
0.0527
0.0274
2.0814
5.6393
5.3420000000000005
2.7689
0.0138
0.0293
0.018500000000000003
0.028499999999999998
0.0536
0.049100000000000005
0.0614
0.0693
0.06820000000000001
0.0509
0.0408
0.0431
0.044899999999999995
0.049600000000000005
0.0639
0.11
0.0835
0.0857
0.0592
0.077
1.3971
1.6493
2.3067
1.7437
0.0
3.9415
2.8422
1.1322
0.2123
0.27549999999999997
0.10289999999999999
0.0553
0.0
0.0
0.0811
0.4903
0.8179000000000001
2.9876
0.3759
0.2114
6.9368
7.776999999999999
11.7956
5.394
0.4777
1.3997000000000002
1.0517
0.6971999999999999
1.6442
0.2819
0.15999999999999998
0.2173
0.9371
0.0
0.0093
0.0736
0.1012
0.11499999999999999
0.1174
0.1238
0.1215
0.0727
0.0493
0.11710000000000001
0.29969999999999997
1.0173
1.0911
0.5318
0.32130000000000003
0.4871
0.3464
6.1046
7.493
4.272
0.0812
0.2016
0.1516
0.2822
0.2026
2.5041
0.5530999999999999
0.3219
0.4758
0.2307
0.0053
0.0
0.0
0.0
0.0291
0.0638
0.089
0.0399
0.0
0.0411
0.0854
0.0737
0.05
0.0375
0.1738
1.2946
1.9891999999999999
0.45620000000000005
0.5522
0.5096
2.7679
0.3873
0.7286
0.9823
0.6731
0.26949999999999996
0.1154
0.071
0.1245
0.1736
0.27849999999999997
0.2108
0.183
0.0878
0.1041
0.6903999999999999
4.7356
1.2766
0.1159
0.2203
0.313
0.3777
0.3851
0.3699
0.37229999999999996
0.3695
0.4637
1.0911
0.8254
1.1404999999999998
0.6016
0.5307
1.0062
1.6964
0.2568
0.052500000000000005
0.1027
5.9779
3.8004999999999995
3.8007
1.2753999999999999
0.32060000000000005
0.0493
0.021200000000000004
0.009
0.0274
0.038900000000000004
0.0322
0.0358
0.031
0.041499999999999995
0.0411
0.0437
0.0263
0.0461
0.0225
0.0227
0.0106
0.0527
0.0274
2.0814
5.6393
5.3420000000000005
2.7689
0.0138
0.0293
0.018500000000000003
0.028499999999999998
0.0536
0.049100000000000005
0.0614
0.0693
0.06820000000000001
0.0509
0.0408
0.0431
0.044899999999999995
0.049600000000000005
0.0639
0.11
0.0835
0.0857
0.0592
0.077
1.3971
3.4497999999999998
2.7636000000000003
5.128
1.8898
0.0504
0.0473
0.9636
0.0271
0.0474
0.0592
0.06559999999999999
0.0711
0.0615
0.0571
0.0516
0.0636
0.0775
0.1093
0.0877
0.09989999999999999
0.0853
0.07089999999999999
0.0794
0.0852
1.3145
1.4649
0.4885
1.1898
1.8653
2.8402
1.1156
0.10039999999999999
0.1565
0.08460000000000001
0.1041
0.1006
0.09709999999999999
0.1647
1.1414
0.5121
0.0066
0.077
0.1704
0.0964
0.0
0.0
0.0
0.0
3.4919000000000002
10.3869
10.6504
10.1322
6.7435
0.7454000000000001
0.0844
0.0737
0.039
0.0
0.0002
0.018
0.0537
0.1642
2.1866
1.833
2.894
0.43579999999999997
0.5393
0.6122
0.7776000000000001
1.166
1.5133
1.3443
0.024599999999999997
0.024300000000000002
0.0247
0.0269
0.031100000000000003
0.0308
0.0271
0.0257
0.020700000000000003
0.037000000000000005
0.0306
0.0312
0.0278
0.0324
0.035500000000000004
0.035500000000000004
0.0346
0.0343
0.029199999999999997
0.0351
0.029900000000000003
0.021900000000000003
0.0294
0.0352
0.1114
0.0772
1.0126
0.0689
0.0538
0.07980000000000001
0.3444
0.2016
0.06459999999999999
0.061900000000000004
0.0506
0.0482
0.0288
0.0337
0.046700000000000005
0.0907
0.2833
0.2735
0.0445
0.0087
0.0
0.0028
0.010599999999999998
0.0567
1.042
0.5748
0.5215
0.3679
0.3611
0.2965
0.1933
0.0917
0.1748
0.23070000000000002
0.5894
1.1022
0.5041
0.1471
4.0096
0.20340000000000003
0.1775
0.06520000000000001
0.0308
3.6338
4.1092
4.7758
3.773
0.0579
1.2572999999999999
3.9627
4.6279
0.2263
0.0
0.0761
0.08360000000000001
0.0015
0.021099999999999997
0.0562
0.036699999999999997
0.0926
0.0861
0.0662
0.0693
0.047299999999999995
0.038599999999999995
0.040499999999999994
0.07869999999999999
0.0854
0.0727
0.0401
0.0019
0.0
3.4497999999999998
2.7636000000000003
5.128
1.8898
0.0504
0.0473
0.9636
0.0271
0.0474
0.0592
0.06559999999999999
0.0711
0.0615
0.0571
0.0516
0.0636
0.0775
0.1093
0.0877
0.09989999999999999
0.0853
0.07089999999999999
0.0794
0.0852
1.3145
1.4649
0.4885
1.1898
1.8653
2.8402
1.1156
0.10039999999999999
0.1565
0.08460000000000001
0.1041
0.1006
0.09709999999999999
0.1647
1.1414
0.5121
0.0066
0.077
0.1704
0.0964
0.0
0.0
0.0
0.0
3.4919000000000002
10.3869
10.6504
10.1322
6.7435
0.7454000000000001
0.0844
0.0737
0.039
0.0
0.0002
0.018
0.0537
0.1642
2.1866
1.833
2.894
0.43579999999999997
0.5393
0.6122
0.7776000000000001
1.166
1.5133
1.3443
0.024599999999999997
0.024300000000000002
0.0247
0.0269
0.031100000000000003
0.0308
0.0271
0.0257
0.020700000000000003
0.037000000000000005
0.0306
0.0312
0.0278
0.0324
0.035500000000000004
0.035500000000000004
0.0346
0.0343
0.029199999999999997
0.0351
0.029900000000000003
0.021900000000000003
0.0294
0.0352
0.1114
0.0772
1.0126
0.0689
0.0538
0.07980000000000001
0.3444
0.2016
0.06459999999999999
0.061900000000000004
0.0506
0.0482
0.0288
0.0337
0.046700000000000005
0.0907
0.2833
0.2735
0.0445
0.0087
0.0
0.0028
0.010599999999999998
0.0567
1.042
0.5748
0.5215
0.3679
0.3611
0.2965
0.1933
0.0917
0.1748
0.23070000000000002
0.5894
1.1022
0.5041
0.1471
4.0096
0.20340000000000003
0.1775
0.06520000000000001
0.0308
3.6338
4.1092
4.7758
3.773
0.0579
1.2572999999999999
3.9627
4.6279
0.2263
0.0
0.0761
0.08360000000000001
0.0015
0.021099999999999997
0.0562
0.036699999999999997
0.0926
0.0861
0.0662
0.0693
0.047299999999999995
0.038599999999999995
0.040499999999999994
0.07869999999999999
0.0854
0.0727
0.0401
0.0019
0.0
3.4497999999999998
2.7636000000000003
5.128
1.8898
0.0504
0.0473
0.9636
0.0271
0.0474
0.0592
0.06559999999999999
0.0711
0.0615
0.0571
0.0516
0.0636
0.0775
0.1093
0.0877
0.09989999999999999
0.0853
0.07089999999999999
0.0794
0.0852
1.3145
1.4649
0.4885
1.1898
1.8653
2.8402
1.1156
0.10039999999999999
0.1565
0.08460000000000001
0.1041
0.1006
0.09709999999999999
0.1647
1.1414
0.5121
0.0066
0.077
0.1704
0.0964
0.0
0.0
0.0
0.0
3.4919000000000002
10.3869
10.6504
10.1322
6.7435
0.7454000000000001
0.0844
0.0737
0.039
0.0
0.0002
0.018
0.0537
0.1642
2.1866
1.833
2.894
0.43579999999999997
0.5393
0.6122
0.7776000000000001
1.166
1.5133
1.3443
0.024599999999999997
0.024300000000000002
0.0247
0.0269
0.031100000000000003
0.0308
0.0271
0.0257
0.020700000000000003
0.037000000000000005
0.0306
0.0312
0.0278
0.0324
0.035500000000000004
0.035500000000000004
0.0346
0.0343
0.029199999999999997
0.0351
0.029900000000000003
0.021900000000000003
0.0294
0.0352
0.1114
0.0772
1.0126
0.0689
0.0538
0.07980000000000001
0.3444
0.2016
0.06459999999999999
0.061900000000000004
0.0506
0.0482
0.0288
0.0337
0.046700000000000005
0.0907
0.2833
0.2735
0.0445
0.0087
0.0
0.0028
0.010599999999999998
0.0567
1.042
0.5748
0.5215
0.3679
0.3611
0.2965
0.1933
0.0917
0.1748
0.23070000000000002
0.5894
1.1022
0.5041
0.1471
4.0096
0.20340000000000003
0.1775
0.06520000000000001
0.0308
3.6338
4.1092
4.7758
3.773
0.0579
1.2572999999999999
3.9627
4.6279
0.2263
0.0
0.0761
0.08360000000000001
0.0015
0.021099999999999997
0.0562
0.036699999999999997
0.0926
0.0861
0.0662
0.0693
0.047299999999999995
0.038599999999999995
0.040499999999999994
0.07869999999999999
0.0854
0.0727
0.0401
0.0019
0.0
3.4497999999999998
2.7636000000000003
5.128
1.8898
0.0504
0.0473
0.9636
0.0271
0.0474
0.0592
0.06559999999999999
0.0711
0.0615
0.0571
0.0516
0.0636
0.0775
0.1093
0.0877
0.09989999999999999
0.0853
0.07089999999999999
0.0794
0.0852
1.3145
1.4649
0.4885
1.1898
1.8653
2.8402
1.1156
0.10039999999999999
0.1565
0.08460000000000001
0.1041
0.1006
0.09709999999999999
0.1647
1.1414
0.5121
0.0066
0.077
0.1704
0.0964
0.0
0.0
0.0
0.0
3.4919000000000002
10.3869
10.6504
10.1322
6.7435
0.7454000000000001
0.0844
0.0737
0.039
0.0
0.0002
0.018
0.0537
0.1642
2.1866
1.833
2.894
0.43579999999999997
0.5393
0.6122
0.7776000000000001
1.166
1.5133
1.3443
0.024599999999999997
0.024300000000000002
0.0247
0.0269
0.031100000000000003
0.0308
0.0271
0.0257
0.020700000000000003
0.037000000000000005
0.0306
0.0312
0.0278
0.0324
0.035500000000000004
0.035500000000000004
0.0346
0.0343
0.029199999999999997
0.0351
0.029900000000000003
0.021900000000000003
0.0294
0.0352
0.1114
0.0772
1.0126
0.0689
0.0538
0.07980000000000001
0.3444
0.2016
0.06459999999999999
0.061900000000000004
0.0506
0.0482
0.0288
0.0337
0.046700000000000005
0.0907
0.2833
0.2735
0.0445
0.0087
0.0
0.0028
0.010599999999999998
0.0567
1.042
0.5748
0.5215
0.3679
0.3611
0.2965
0.1933
0.0917
0.1748
0.23070000000000002
0.5894
1.1022
0.5041
0.1471
4.0096
0.20340000000000003
0.1775
0.06520000000000001
0.0308
3.6338
4.1092
4.7758
3.773
0.0579
1.2572999999999999
3.9627
4.6279
0.2263
0.0
0.0761
0.08360000000000001
0.0015
0.021099999999999997
0.0562
0.036699999999999997
0.0926
0.0861
0.0662
0.0693
0.047299999999999995
0.038599999999999995
0.040499999999999994
0.07869999999999999
0.0854
0.0727
0.0401
0.0019
0.0
3.4497999999999998
2.7636000000000003
5.128
1.8898
0.0504
0.0473
0.9636
0.0271
0.0474
0.0592
0.06559999999999999
0.0711
0.0615
0.0571
0.0516
0.0636
0.0775
0.1093
0.0877
0.09989999999999999
0.0853
0.07089999999999999
0.0794
0.0852
1.3145
1.4649
0.4885
1.1898
1.8653
2.8402
1.1156
0.10039999999999999
0.1565
0.08460000000000001
0.1041
0.1006
0.09709999999999999
0.1647
1.1414
0.5121
0.0066
0.077
0.1704
0.0964
0.0
0.0
0.0
0.0
3.4919000000000002
10.3869
10.6504
10.1322
6.7435
0.7454000000000001
0.0844
0.0737
0.039
0.0
0.0002
0.018
0.0537
0.1642
2.1866
1.833
2.894
0.43579999999999997
0.5393
0.6122
0.7776000000000001
1.166
1.5133
1.3443
0.8674999999999999
4.0318000000000005
0.0781
0.0334
0.09079999999999999
0.10869999999999999
0.1879
0.30600000000000005
0.32230000000000003
0.3397
0.291
0.29710000000000003
0.2962
0.2808
0.2871
0.27549999999999997
1.0476999999999999
0.1931
0.2034
0.186
0.13579999999999998
0.12489999999999998
0.1058
0.0811
1.8673
0.1123
0.12680000000000002
0.1109
0.0819
0.08130000000000001
0.0641
0.0615
0.0627
0.06570000000000001
0.0565
0.0604
0.0525
0.0493
0.048799999999999996
0.0495
0.048
0.0818
0.07
0.0726
0.0802
0.08560000000000001
0.1112
0.8216
0.040999999999999995
0.0483
0.0472
0.0499
0.052
0.0369
0.0274
0.1615
0.117
0.1596
0.0502
0.07
0.06129999999999999
0.0446
0.042300000000000004
0.0332
0.0293
0.045899999999999996
0.17880000000000001
0.1807
0.088
0.0691
0.0619
0.0635
0.11460000000000001
0.1137
0.10880000000000001
0.1147
0.11099999999999999
0.1005
0.0369
0.657
0.2386
0.0108
0.015300000000000001
0.0242
0.0279
0.0239
0.035500000000000004
0.0569
0.0862
0.1015
0.0732
0.132
0.1374
0.11019999999999999
0.0868
0.1094
4.01
3.4829
3.177
1.6891
0.3667
0.203
0.20489999999999997
0.4797
0.3043
0.5372
0.8512
0.0414
0.015300000000000001
0.0339
0.0216
0.0308
0.055499999999999994
0.0942
0.1109
0.1179
0.0997
0.0748
0.2553
2.0603
3.2175
3.5714
2.7801
3.0723000000000003
2.1079
0.5192
1.2730000000000001
0.2514
0.024
0.0371
0.0463
0.0464
0.0375
0.024399999999999998
0.0293
0.0397
0.0322
0.0759
0.1383
0.263
0.4643
0.7566999999999999
0.6878
1.557
5.289
4.4611
4.2936
2.8862
0.3293
0.0969
0.09659999999999999
0.09809999999999999
0.1009
0.1
0.099
0.09190000000000001
0.0879
0.061700000000000005
0.0592
0.0803
0.0588
0.0713
0.0648
0.0701
0.0562
0.0882
0.1683
4.3923
0.8674999999999999
4.0318000000000005
0.0781
0.0334
0.09079999999999999
0.10869999999999999
0.1879
0.30600000000000005
0.32230000000000003
0.3397
0.291
0.29710000000000003
0.2962
0.2808
0.2871
0.27549999999999997
1.0476999999999999
0.1931
0.2034
0.186
0.13579999999999998
0.12489999999999998
0.1058
0.0811
1.8673
0.1123
0.12680000000000002
0.1109
0.0819
0.08130000000000001
0.0641
0.0615
0.0627
0.06570000000000001
0.0565
0.0604
0.0525
0.0493
0.048799999999999996
0.0495
0.048
0.0818
0.07
0.0726
0.0802
0.08560000000000001
0.1112
0.8216
0.040999999999999995
0.0483
0.0472
0.0499
0.052
0.0369
0.0274
0.1615
0.117
0.1596
0.0502
0.07
0.06129999999999999
0.0446
0.042300000000000004
0.0332
0.0293
0.045899999999999996
0.17880000000000001
0.1807
0.088
0.0691
0.0619
0.0635
0.11460000000000001
0.1137
0.10880000000000001
0.1147
0.11099999999999999
0.1005
0.0369
0.657
0.2386
0.0108
0.015300000000000001
0.0242
0.0279
0.0239
0.035500000000000004
0.0569
0.0862
0.1015
0.0732
0.132
0.1374
0.11019999999999999
0.0868
0.1094
4.01
3.4829
3.177
1.6891
0.3667
0.203
0.20489999999999997
0.4797
0.3043
0.5372
0.8512
0.0414
0.015300000000000001
0.0339
0.0216
0.0308
0.055499999999999994
0.0942
0.1109
0.1179
0.0997
0.0748
0.2553
2.0603
3.2175
3.5714
2.7801
3.0723000000000003
2.1079
0.5192
1.2730000000000001
0.2514
0.024
0.0371
0.0463
0.0464
0.0375
0.024399999999999998
0.0293
0.0397
0.0322
0.0759
0.1383
0.263
0.4643
0.7566999999999999
0.6878
1.557
5.289
4.4611
4.2936
2.8862
0.3293
0.0969
0.09659999999999999
0.09809999999999999
0.1009
0.1
0.099
0.09190000000000001
0.0879
0.061700000000000005
0.0592
0.0803
0.0588
0.0713
0.0648
0.0701
0.0562
0.0882
0.1683
4.3923
0.8674999999999999
4.0318000000000005
0.0781
0.0334
0.09079999999999999
0.10869999999999999
0.1879
0.30600000000000005
0.32230000000000003
0.3397
0.291
0.29710000000000003
0.2962
0.2808
0.2871
0.27549999999999997
1.0476999999999999
0.1931
0.2034
0.186
0.13579999999999998
0.12489999999999998
0.1058
0.0811
1.8673
0.1123
0.12680000000000002
0.1109
0.0819
0.08130000000000001
0.0641
0.0615
0.0627
0.06570000000000001
0.0565
0.0604
0.0525
0.0493
0.048799999999999996
0.0495
0.048
0.0818
0.07
0.0726
0.0802
0.08560000000000001
0.1112
0.8216
0.040999999999999995
0.0483
0.0472
0.0499
0.052
0.0369
0.0274
0.1615
0.117
0.1596
0.0502
0.07
0.06129999999999999
0.0446
0.042300000000000004
0.0332
0.0293
0.045899999999999996
0.17880000000000001
0.1807
0.088
0.0691
0.0619
0.0635
0.11460000000000001
0.1137
0.10880000000000001
0.1147
0.11099999999999999
0.1005
0.0369
0.657
0.2386
0.0108
0.015300000000000001
0.0242
0.0279
0.0239
0.035500000000000004
0.0569
0.0862
0.1015
0.0732
0.132
0.1374
0.11019999999999999
0.0868
0.1094
4.01
3.4829
3.177
1.6891
0.3667
0.203
0.20489999999999997
0.4797
0.3043
0.5372
0.8512
0.0414
0.015300000000000001
0.0339
0.0216
0.0308
0.055499999999999994
0.0942
0.1109
0.1179
0.0997
0.0748
0.2553
2.0603
3.2175
3.5714
2.7801
3.0723000000000003
2.1079
0.5192
1.2730000000000001
0.2514
0.024
0.0371
0.0463
0.0464
0.0375
0.024399999999999998
0.0293
0.0397
0.0322
0.0759
0.1383
0.263
0.4643
0.7566999999999999
0.6878
1.557
5.289
4.4611
4.2936
2.8862
0.3293
0.0969
0.09659999999999999
0.09809999999999999
0.1009
0.1
0.099
0.09190000000000001
0.0879
0.061700000000000005
0.0592
0.0803
0.0588
0.0713
0.0648
0.0701
0.0562
0.0882
0.1683
4.3923
0.8674999999999999
4.0318000000000005
0.0781
0.0334
0.09079999999999999
0.10869999999999999
0.1879
0.30600000000000005
0.32230000000000003
0.3397
0.291
0.29710000000000003
0.2962
0.2808
0.2871
0.27549999999999997
1.0476999999999999
0.1931
0.2034
0.186
0.13579999999999998
0.12489999999999998
0.1058
0.0811
1.8673
0.1123
0.12680000000000002
0.1109
0.0819
0.08130000000000001
0.0641
0.0615
0.0627
0.06570000000000001
0.0565
0.0604
0.0525
0.0493
0.048799999999999996
0.0495
0.048
0.0818
0.07
0.0726
0.0802
0.08560000000000001
0.1112
0.8216
0.040999999999999995
0.0483
0.0472
0.0499
0.052
0.0369
0.0274
0.1615
0.117
0.1596
0.0502
0.07
0.06129999999999999
0.0446
0.042300000000000004
0.0332
0.0293
0.045899999999999996
0.17880000000000001
0.1807
0.088
0.0691
0.0619
0.0635
0.11460000000000001
0.1137
0.10880000000000001
0.1147
0.11099999999999999
0.1005
0.0369
0.657
0.2386
0.0108
0.015300000000000001
0.0242
0.0279
0.0239
0.035500000000000004
0.0569
0.0862
0.1015
0.0732
0.132
0.1374
0.11019999999999999
0.0868
0.1094
4.01
3.4829
3.177
1.6891
0.3667
0.203
0.20489999999999997
0.4797
0.3043
0.5372
0.8512
0.0414
0.015300000000000001
0.0339
0.0216
0.0308
0.055499999999999994
0.0942
0.1109
0.1179
0.0997
0.0748
0.2553
2.0603
3.2175
3.5714
2.7801
3.0723000000000003
2.1079
0.5192
1.2730000000000001
0.2514
0.024
0.0371
0.0463
0.0464
0.0375
0.024399999999999998
0.0293
0.0397
0.0322
0.0759
0.1383
0.263
0.4643
0.7566999999999999
0.6878
1.557
5.289
4.4611
4.2936
2.8862
0.3293
0.0969
0.09659999999999999
0.09809999999999999
0.1009
0.1
0.099
0.09190000000000001
0.0879
0.061700000000000005
0.0592
0.0803
0.0588
0.0713
0.0648
0.0701
0.0562
0.0882
0.1683
4.3923
0.8674999999999999
4.0318000000000005
0.0781
0.0334
0.09079999999999999
0.10869999999999999
0.1879
0.30600000000000005
0.32230000000000003
0.3397
0.291
0.29710000000000003
0.2962
0.2808
0.2871
0.27549999999999997
1.0476999999999999
0.1931
0.2034
0.186
0.13579999999999998
0.12489999999999998
0.1058
0.0811
1.8673
0.1123
0.12680000000000002
0.1109
0.0819
0.08130000000000001
0.0641
0.0615
0.0627
0.06570000000000001
0.0565
0.0604
0.0525
0.0493
0.048799999999999996
0.0495
0.048
0.0818
0.07
0.0726
0.0802
0.08560000000000001
0.1112
0.8216
3.9985999999999997
2.0286
0.4277
0.0
0.0
0.015
0.0221
0.0
0.0149
0.0199
0.0497
0.1116
0.06470000000000001
0.0529
0.13620000000000002
0.0878
0.0196
0.0006
0.0002
0.0215
0.0
0.0
0.0
0.0
0.5128
0.5547
0.5529
0.4603
0.3967
0.2721
0.08499999999999999
1.0913
0.49770000000000003
0.28
0.1533
0.0887
0.0935
0.0774
0.0739
0.0241
0.0
0.0193
0.5625
1.3494
1.3533
1.1503
1.4131
1.7764000000000002
6.1303
6.114800000000001
5.9056999999999995
6.3413
5.2768
0.017
0.7741
0.0004
0.016300000000000002
0.0382
0.0455
0.049
0.046200000000000005
0.0592
0.0636
0.0332
0.001
0.0015
0.0
0.058399999999999994
0.0677
0.028900000000000002
0.0446
0.0482
0.0534
1.2771
0.2287
0.1627
0.0611
0.0031
0.0127
0.021900000000000003
0.0236
0.0285
0.0313
0.0
0.015
0.0586
0.2108
0.46749999999999997
0.0538
0.0347
0.0017
0.0
0.0013
0.034499999999999996
0.059399999999999994
0.058300000000000005
0.3091
0.31020000000000003
0.30269999999999997
0.2808
0.2528
0.10930000000000001
0.020700000000000003
0.0322
0.0531
0.0536
0.0281
0.0153
0.0276
0.0233
0.0305
0.0271
0.01
0.0013
0.0212
0.1917
1.4563
0.7007
1.0826
2.1753
0.5089
0.5002
0.4789
0.4456
0.4028
0.2592
0.10420000000000001
0.0877
0.09359999999999999
0.0898
0.09609999999999999
0.10519999999999999
0.1243
0.1345
0.3881
0.6302
0.0505
0.0
0.0206
0.1627
0.7554000000000001
1.0634000000000001
0.7347
0.4768
0.21189999999999998
2.4648
0.6940999999999999
0.8215
0.28990000000000005
0.0216
0.0
0.0
0.0
0.0
0.04530000000000001
0.2061
0.1365
0.026799999999999997
0.0605
0.8388
0.0171
0.053399999999999996
0.19790000000000002
0.41500000000000004
0.607
0.403
0.3053
0.28569999999999995
3.9985999999999997
2.0286
0.4277
0.0
0.0
0.015
0.0221
0.0
0.0149
0.0199
0.0497
0.1116
0.06470000000000001
0.0529
0.13620000000000002
0.0878
0.0196
0.0006
0.0002
0.0215
0.0
0.0
0.0
0.0
0.5128
0.5547
0.5529
0.4603
0.3967
0.2721
0.08499999999999999
1.0913
0.49770000000000003
0.28
0.1533
0.0887
0.0935
0.0774
0.0739
0.0241
0.0
0.0193
0.5625
1.3494
1.3533
1.1503
1.4131
1.7764000000000002
6.1303
6.114800000000001
5.9056999999999995
6.3413
5.2768
0.017
0.7741
0.0004
0.016300000000000002
0.0382
0.0455
0.049
0.046200000000000005
0.0592
0.0636
0.0332
0.001
0.0015
0.0
0.058399999999999994
0.0677
0.028900000000000002
0.0446
0.0482
0.0534
1.2771
0.2287
0.1627
0.0611
0.0031
0.0127
0.021900000000000003
0.0236
0.0285
0.0313
0.0
0.015
0.0586
0.2108
0.46749999999999997
0.0538
0.0347
0.0017
0.0
0.0013
0.034499999999999996
0.059399999999999994
0.058300000000000005
0.3091
0.31020000000000003
0.30269999999999997
0.2808
0.2528
0.10930000000000001
0.020700000000000003
0.0322
0.0531
0.0536
0.0281
0.0153
0.0276
0.0233
0.0305
0.0271
0.01
0.0013
0.0212
0.1917
1.4563
0.7007
1.0826
2.1753
0.5089
0.5002
0.4789
0.4456
0.4028
0.2592
0.10420000000000001
0.0877
0.09359999999999999
0.0898
0.09609999999999999
0.10519999999999999
0.1243
0.1345
0.3881
0.6302
0.0505
0.0
0.0206
0.1627
0.7554000000000001
1.0634000000000001
0.7347
0.4768
0.21189999999999998
2.4648
0.6940999999999999
0.8215
0.28990000000000005
0.0216
0.0
0.0
0.0
0.0
0.04530000000000001
0.2061
0.1365
0.026799999999999997
0.0605
0.8388
0.0171
0.053399999999999996
0.19790000000000002
0.41500000000000004
0.607
0.403
0.3053
0.28569999999999995
3.9985999999999997
2.0286
0.4277
0.0
0.0
0.015
0.0221
0.0
0.0149
0.0199
0.0497
0.1116
0.06470000000000001
0.0529
0.13620000000000002
0.0878
0.0196
0.0006
0.0002
0.0215
0.0
0.0
0.0
0.0
0.5128
0.5547
0.5529
0.4603
0.3967
0.2721
0.08499999999999999
1.0913
0.49770000000000003
0.28
0.1533
0.0887
0.0935
0.0774
0.0739
0.0241
0.0
0.0193
0.5625
1.3494
1.3533
1.1503
1.4131
1.7764000000000002
6.1303
6.114800000000001
5.9056999999999995
6.3413
5.2768
0.017
0.7741
0.0004
0.016300000000000002
0.0382
0.0455
0.049
0.046200000000000005
0.0592
0.0636
0.0332
0.001
0.0015
0.0
0.058399999999999994
0.0677
0.028900000000000002
0.0446
0.0482
0.0534
1.2771
0.2287
0.1627
0.0611
0.0031
0.0127
0.021900000000000003
0.0236
0.0285
0.0313
0.0
0.015
0.0586
0.2108
0.46749999999999997
0.0538
0.0347
0.0017
0.0
0.0013
0.034499999999999996
0.059399999999999994
0.058300000000000005
0.3091
0.31020000000000003
0.30269999999999997
0.2808
0.2528
0.10930000000000001
0.020700000000000003
0.0322
0.0531
0.0536
0.0281
0.0153
0.0276
0.0233
0.0305
0.0271
0.01
0.0013
0.0212
0.1917
1.4563
0.7007
1.0826
2.1753
0.5089
0.5002
0.4789
0.4456
0.4028
0.2592
0.10420000000000001
0.0877
0.09359999999999999
0.0898
0.09609999999999999
0.10519999999999999
0.1243
0.1345
0.3881
0.6302
0.0505
0.0
0.0206
0.1627
0.7554000000000001
1.0634000000000001
0.7347
0.4768
0.21189999999999998
2.4648
0.6940999999999999
0.8215
0.28990000000000005
0.0216
0.0
0.0
0.0
0.0
0.04530000000000001
0.2061
0.1365
0.026799999999999997
0.0605
0.8388
0.0171
0.053399999999999996
0.19790000000000002
0.41500000000000004
0.607
0.403
0.3053
0.28569999999999995
3.9985999999999997
2.0286
0.4277
0.0
0.0
0.015
0.0221
0.0
0.0149
0.0199
0.0497
0.1116
0.06470000000000001
0.0529
0.13620000000000002
0.0878
0.0196
0.0006
0.0002
0.0215
0.0
0.0
0.0
0.0
0.5128
0.5547
0.5529
0.4603
0.3967
0.2721
0.08499999999999999
1.0913
0.49770000000000003
0.28
0.1533
0.0887
0.0935
0.0774
0.0739
0.0241
0.0
0.0193
0.5625
1.3494
1.3533
1.1503
1.4131
1.7764000000000002
6.1303
6.114800000000001
5.9056999999999995
6.3413
5.2768
0.017
0.7741
0.0004
0.016300000000000002
0.0382
0.0455
0.049
0.046200000000000005
0.0592
0.0636
0.0332
0.001
0.0015
0.0
0.058399999999999994
0.0677
0.028900000000000002
0.0446
0.0482
0.0534
1.2771
0.2287
0.1627
0.0611
0.0031
0.0127
0.021900000000000003
0.0236
0.0285
0.0313
0.0
0.015
0.0586
0.2108
0.46749999999999997
0.0538
0.0347
0.0017
0.0
0.0013
0.034499999999999996
0.059399999999999994
0.058300000000000005
0.3091
0.31020000000000003
0.30269999999999997
0.2808
0.2528
0.10930000000000001
0.020700000000000003
0.0322
0.0531
0.0536
0.0281
0.0153
0.0276
0.0233
0.0305
0.0271
0.01
0.0013
0.0212
0.1917
1.4563
0.7007
1.0826
2.1753
0.5089
0.5002
0.4789
0.4456
0.4028
0.2592
0.10420000000000001
0.0877
0.09359999999999999
0.0898
0.09609999999999999
0.10519999999999999
0.1243
0.1345
0.3881
0.6302
0.0505
0.0
0.0206
0.1627
0.7554000000000001
1.0634000000000001
0.7347
0.4768
0.21189999999999998
2.4648
0.6940999999999999
0.8215
0.28990000000000005
0.0216
0.0
0.0
0.0
0.0
0.04530000000000001
0.2061
0.1365
0.026799999999999997
0.0605
0.8388
0.0171
0.053399999999999996
0.19790000000000002
0.41500000000000004
0.607
0.403
0.3053
0.28569999999999995
3.9985999999999997
2.0286
0.4277
0.0
0.0
0.015
0.0221
0.0
0.0149
0.0199
0.0497
0.1116
0.06470000000000001
0.0529
0.13620000000000002
0.0878
0.0196
0.0006
0.0002
0.0215
0.0
0.0
0.0
0.0
0.5128
0.5547
0.5529
0.4603
0.3967
0.2721
0.08499999999999999
1.0913
0.49770000000000003
0.28
0.1533
0.0887
0.0935
0.0774
0.0739
0.0241
0.0
0.0193
0.5625
1.3494
1.3533
1.1503
1.4131
1.7764000000000002
6.1303
6.114800000000001
5.9056999999999995
6.3413
5.2768
0.017
0.7741
0.0004
0.016300000000000002
0.0382
0.0455
0.049
0.046200000000000005
0.0592
0.0636
0.0332
0.001
0.0015
0.0
0.058399999999999994
0.0677
0.028900000000000002
0.0446
0.0482
0.1286
0.1266
0.1261
0.1276
0.1251
0.1148
0.0968
0.1095
0.1493
0.1247
0.1071
0.1042
0.103
0.0936
0.09870000000000001
0.0993
0.1066
0.0829
0.0745
0.0739
0.07680000000000001
0.0857
0.10669999999999999
0.12229999999999999
0.7586999999999999
0.8069
0.8387
0.782
0.6959
1.5205000000000002
2.4004
0.2261
0.0865
0.0727
0.057499999999999996
0.0581
0.049699999999999994
0.033299999999999996
0.1263
0.2404
0.1532
0.2677
0.5248999999999999
0.7093
0.0408
0.0
0.0
0.0
0.0483
0.0637
0.0484
0.0387
0.0372
0.3778
0.0514
0.057300000000000004
0.0259
0.0631
0.0404
0.0702
0.07
0.1122
0.1688
0.05790000000000001
0.0233
0.0215
0.0007
0.0087
0.0
0.0
0.0
0.0
0.1794
0.17459999999999998
0.1737
0.16949999999999998
0.1718
0.5127999999999999
0.2466
0.2626
0.2109
0.1729
0.12229999999999999
0.0939
0.092
0.08149999999999999
0.09620000000000001
0.10220000000000001
0.10600000000000001
0.1394
0.18259999999999998
0.1653
0.1434
0.1191
0.1148
0.1264
2.2435
1.9712
0.2876
0.0186
0.0
0.0
0.0067
0.0154
0.0361
0.0308
0.0424
0.0492
0.039099999999999996
0.0368
0.033699999999999994
0.0116
0.0191
0.1571
0.0
0.0142
0.111
0.398
0.4338
2.0935
3.5954
3.6759000000000004
3.7750000000000004
4.0221
1.705
0.1543
0.5846
0.9611
0.1667
0.0635
0.0616
0.0622
0.0639
0.061399999999999996
0.0588
0.0528
0.1048
0.8275
0.7033
1.0772
1.2698
0.6968000000000001
0.3146
2.4074999999999998
0.0123
0.0165
0.017
0.0172
0.0246
0.022600000000000002
0.0277
0.0138
0.0
0.0209
0.0329
0.0337
0.031
0.0279
0.031100000000000003
0.0218
0.0276
0.024599999999999997
0.019700000000000002
0.0285
0.023
0.0007999999999999999
0.0082
0.003
0.1286
0.1266
0.1261
0.1276
0.1251
0.1148
0.0968
0.1095
0.1493
0.1247
0.1071
0.1042
0.103
0.0936
0.09870000000000001
0.0993
0.1066
0.0829
0.0745
0.0739
0.07680000000000001
0.0857
0.10669999999999999
0.12229999999999999
0.7586999999999999
0.8069
0.8387
0.782
0.6959
1.5205000000000002
2.4004
0.2261
0.0865
0.0727
0.057499999999999996
0.0581
0.049699999999999994
0.033299999999999996
0.1263
0.2404
0.1532
0.2677
0.5248999999999999
0.7093
0.0408
0.0
0.0
0.0
0.0483
0.0637
0.0484
0.0387
0.0372
0.3778
0.0514
0.057300000000000004
0.0259
0.0631
0.0404
0.0702
0.07
0.1122
0.1688
0.05790000000000001
0.0233
0.0215
0.0007
0.0087
0.0
0.0
0.0
0.0
0.1794
0.17459999999999998
0.1737
0.16949999999999998
0.1718
0.5127999999999999
0.2466
0.2626
0.2109
0.1729
0.12229999999999999
0.0939
0.092
0.08149999999999999
0.09620000000000001
0.10220000000000001
0.10600000000000001
0.1394
0.18259999999999998
0.1653
0.1434
0.1191
0.1148
0.1264
2.2435
1.9712
0.2876
0.0186
0.0
0.0
0.0067
0.0154
0.0361
0.0308
0.0424
0.0492
0.039099999999999996
0.0368
0.033699999999999994
0.0116
0.0191
0.1571
0.0
0.0142
0.111
0.398
0.4338
2.0935
3.5954
3.6759000000000004
3.7750000000000004
4.0221
1.705
0.1543
0.5846
0.9611
0.1667
0.0635
0.0616
0.0622
0.0639
0.061399999999999996
0.0588
0.0528
0.1048
0.8275
0.7033
1.0772
1.2698
0.6968000000000001
0.3146
2.4074999999999998
0.0123
0.0165
0.017
0.0172
0.0246
0.022600000000000002
0.0277
0.0138
0.0
0.0209
0.0329
0.0337
0.031
0.0279
0.031100000000000003
0.0218
0.0276
0.024599999999999997
0.019700000000000002
0.0285
0.023
0.0007999999999999999
0.0082
0.003
0.1286
0.1266
0.1261
0.1276
0.1251
0.1148
0.0968
0.1095
0.1493
0.1247
0.1071
0.1042
0.103
0.0936
0.09870000000000001
0.0993
0.1066
0.0829
0.0745
0.0739
0.07680000000000001
0.0857
0.10669999999999999
0.12229999999999999
0.7586999999999999
0.8069
0.8387
0.782
0.6959
1.5205000000000002
2.4004
0.2261
0.0865
0.0727
0.057499999999999996
0.0581
0.049699999999999994
0.033299999999999996
0.1263
0.2404
0.1532
0.2677
0.5248999999999999
0.7093
0.0408
0.0
0.0
0.0
0.0483
0.0637
0.0484
0.0387
0.0372
0.3778
0.0514
0.057300000000000004
0.0259
0.0631
0.0404
0.0702
0.07
0.1122
0.1688
0.05790000000000001
0.0233
0.0215
0.0007
0.0087
0.0
0.0
0.0
0.0
0.1794
0.17459999999999998
0.1737
0.16949999999999998
0.1718
0.5127999999999999
0.2466
0.2626
0.2109
0.1729
0.12229999999999999
0.0939
0.092
0.08149999999999999
0.09620000000000001
0.10220000000000001
0.10600000000000001
0.1394
0.18259999999999998
0.1653
0.1434
0.1191
0.1148
0.1264
2.2435
1.9712
0.2876
0.0186
0.0
0.0
0.0067
0.0154
0.0361
0.0308
0.0424
0.0492
0.039099999999999996
0.0368
0.033699999999999994
0.0116
0.0191
0.1571
0.0
0.0142
0.111
0.398
0.4338
2.0935
3.5954
3.6759000000000004
3.7750000000000004
4.0221
1.705
0.1543
0.5846
0.9611
0.1667
0.0635
0.0616
0.0622
0.0639
0.061399999999999996
0.0588
0.0528
0.1048
0.8275
0.7033
1.0772
1.2698
0.6968000000000001
0.3146
2.4074999999999998
0.0123
0.0165
0.017
0.0172
0.0246
0.022600000000000002
0.0277
0.0138
0.0
0.0209
0.0329
0.0337
0.031
0.0279
0.031100000000000003
0.0218
0.0276
0.024599999999999997
0.019700000000000002
0.0285
0.023
0.0007999999999999999
0.0082
0.003
0.1286
0.1266
0.1261
0.1276
0.1251
0.1148
0.0968
0.1095
0.1493
0.1247
0.1071
0.1042
0.103
0.0936
0.09870000000000001
0.0993
0.1066
0.0829
0.0745
0.0739
0.07680000000000001
0.0857
0.10669999999999999
0.12229999999999999
0.7586999999999999
0.8069
0.8387
0.782
0.6959
1.5205000000000002
2.4004
0.2261
0.0865
0.0727
0.057499999999999996
0.0581
0.049699999999999994
0.033299999999999996
0.1263
0.2404
0.1532
0.2677
0.5248999999999999
0.7093
0.0408
0.0
0.0
0.0
0.0483
0.0637
0.0484
0.0387
0.0372
0.3778
0.0514
0.057300000000000004
0.0259
0.0631
0.0404
0.0702
0.07
0.1122
0.1688
0.05790000000000001
0.0233
0.0215
0.0007
0.0087
0.0
0.0
0.0
0.0
0.1794
0.17459999999999998
0.1737
0.16949999999999998
0.1718
0.5127999999999999
0.2466
0.2626
0.2109
0.1729
0.12229999999999999
0.0939
0.092
0.08149999999999999
0.09620000000000001
0.10220000000000001
0.10600000000000001
0.1394
0.18259999999999998
0.1653
0.1434
0.1191
0.1148
0.1264
2.2435
1.9712
0.2876
0.0186
0.0
0.0
0.0067
0.0154
0.0361
0.0308
0.0424
0.0492
0.039099999999999996
0.0368
0.033699999999999994
0.0116
0.0191
0.1571
0.0
0.0142
0.111
0.398
0.4338
2.0935
3.5954
3.6759000000000004
3.7750000000000004
4.0221
1.705
0.1543
0.5846
0.9611
0.1667
0.0635
0.0616
0.0622
0.0639
0.061399999999999996
0.0588
0.0528
0.1048
0.8275
0.7033
1.0772
1.2698
0.6968000000000001
0.3146
2.4074999999999998
0.0123
0.0165
0.017
0.0172
0.0246
0.022600000000000002
0.0277
0.0138
0.0
0.0209
0.0329
0.0337
0.031
0.0279
0.031100000000000003
0.0218
0.0276
0.024599999999999997
0.019700000000000002
0.0285
0.023
0.0007999999999999999
0.0082
0.003
0.1286
0.1266
0.1261
0.1276
0.1251
0.1148
0.0968
0.1095
0.1493
0.1247
0.1071
0.1042
0.103
0.0936
0.09870000000000001
0.0993
0.1066
0.0829
0.0745
0.0739
0.07680000000000001
0.0857
0.10669999999999999
0.12229999999999999
0.7586999999999999
0.8069
0.8387
0.782
0.6959
1.5205000000000002
2.4004
0.2261
0.0865
0.0727
0.057499999999999996
0.0581
0.049699999999999994
0.033299999999999996
0.1263
0.2404
0.1532
0.2677
0.5248999999999999
0.7093
0.0408
0.0
0.0
0.0
0.18569999999999998
0.7377
0.3618
0.0595
0.07
0.0537
0.024
0.0327
0.0281
0.0731
0.0914
0.2167
0.1979
0.07050000000000001
0.0315
0.0283
0.0085
0.0048000000000000004
0.0211
0.0682
0.8694000000000001
0.6515
0.8081
0.5206
1.3278
0.2291
0.0172
0.0
0.074
0.1193
0.076
0.0343
0.0597
0.0619
0.0986
0.07239999999999999
0.11510000000000001
0.0933
0.9274
0.0191
0.0115
0.0
0.7461
0.3694
0.22319999999999998
0.4007
0.20429999999999998
1.4271
0.3862
0.6435
0.3772
0.5441
0.6804
0.4061
0.10519999999999999
0.0647
0.0675
0.060700000000000004
0.062299999999999994
0.0781
0.0707
0.08960000000000001
0.0916
0.0993
0.0727
0.0464
0.06129999999999999
0.0584
0.0505
0.0561
0.1825
3.23
3.5266
2.6041
3.0605
1.6318000000000001
0.8313999999999999
0.22399999999999998
0.0
0.0055
0.025599999999999998
0.044399999999999995
0.0331
0.0338
0.037500000000000006
0.043
0.033100000000000004
0.0218
0.047799999999999995
0.039400000000000004
0.0417
0.05840000000000001
0.0298
0.0275
0.0268
1.5448
8.468
8.5564
1.7773
0.32289999999999996
0.3518
0.2871
0.4346
0.316
3.4579
0.0892
0.2162
0.254
0.27359999999999995
0.2425
0.2387
0.3339
0.5337000000000001
0.7517
0.8302
0.771
0.8327
4.3281
5.8842
8.0968
3.5659
2.2241999999999997
1.9833
0.40859999999999996
0.306
0.0795
0.0519
0.060399999999999995
0.0464
0.0498
0.0564
0.033100000000000004
0.0426
0.0528
0.0524
0.0197
0.0288
0.0043
0.0
1.4399
0.1305
0.6425000000000001
1.2204
1.0561
0.0
0.0
0.0
0.0
0.0116
0.0046
0.0213
0.0286
0.0043
0.0024
0.018500000000000003
0.0204
0.0216
0.0523
0.09240000000000001
0.1716
0.0992
0.0053
0.0035
0.0091
0.0012
0.0
0.0
0.0019
0.18569999999999998
0.7377
0.3618
0.0595
0.07
0.0537
0.024
0.0327
0.0281
0.0731
0.0914
0.2167
0.1979
0.07050000000000001
0.0315
0.0283
0.0085
0.0048000000000000004
0.0211
0.0682
0.8694000000000001
0.6515
0.8081
0.5206
1.3278
0.2291
0.0172
0.0
0.074
0.1193
0.076
0.0343
0.0597
0.0619
0.0986
0.07239999999999999
0.11510000000000001
0.0933
0.9274
0.0191
0.0115
0.0
0.7461
0.3694
0.22319999999999998
0.4007
0.20429999999999998
1.4271
0.3862
0.6435
0.3772
0.5441
0.6804
0.4061
0.10519999999999999
0.0647
0.0675
0.060700000000000004
0.062299999999999994
0.0781
0.0707
0.08960000000000001
0.0916
0.0993
0.0727
0.0464
0.06129999999999999
0.0584
0.0505
0.0561
0.1825
3.23
3.5266
2.6041
3.0605
1.6318000000000001
0.8313999999999999
0.22399999999999998
0.0
0.0055
0.025599999999999998
0.044399999999999995
0.0331
0.0338
0.037500000000000006
0.043
0.033100000000000004
0.0218
0.047799999999999995
0.039400000000000004
0.0417
0.05840000000000001
0.0298
0.0275
0.0268
1.5448
8.468
8.5564
1.7773
0.32289999999999996
0.3518
0.2871
0.4346
0.316
3.4579
0.0892
0.2162
0.254
0.27359999999999995
0.2425
0.2387
0.3339
0.5337000000000001
0.7517
0.8302
0.771
0.8327
4.3281
5.8842
8.0968
3.5659
2.2241999999999997
1.9833
0.40859999999999996
0.306
0.0795
0.0519
0.060399999999999995
0.0464
0.0498
0.0564
0.033100000000000004
0.0426
0.0528
0.0524
0.0197
0.0288
0.0043
0.0
1.4399
0.1305
0.6425000000000001
1.2204
1.0561
0.0
0.0
0.0
0.0
0.0116
0.0046
0.0213
0.0286
0.0043
0.0024
0.018500000000000003
0.0204
0.0216
0.0523
0.09240000000000001
0.1716
0.0992
0.0053
0.0035
0.0091
0.0012
0.0
0.0
0.0019
0.18569999999999998
0.7377
0.3618
0.0595
0.07
0.0537
0.024
0.0327
0.0281
0.0731
0.0914
0.2167
0.1979
0.07050000000000001
0.0315
0.0283
0.0085
0.0048000000000000004
0.0211
0.0682
0.8694000000000001
0.6515
0.8081
0.5206
1.3278
0.2291
0.0172
0.0
0.074
0.1193
0.076
0.0343
0.0597
0.0619
0.0986
0.07239999999999999
0.11510000000000001
0.0933
0.9274
0.0191
0.0115
0.0
0.7461
0.3694
0.22319999999999998
0.4007
0.20429999999999998
1.4271
0.3862
0.6435
0.3772
0.5441
0.6804
0.4061
0.10519999999999999
0.0647
0.0675
0.060700000000000004
0.062299999999999994
0.0781
0.0707
0.08960000000000001
0.0916
0.0993
0.0727
0.0464
0.06129999999999999
0.0584
0.0505
0.0561
0.1825
3.23
3.5266
2.6041
3.0605
1.6318000000000001
0.8313999999999999
0.22399999999999998
0.0
0.0055
0.025599999999999998
0.044399999999999995
0.0331
0.0338
0.037500000000000006
0.043
0.033100000000000004
0.0218
0.047799999999999995
0.039400000000000004
0.0417
0.05840000000000001
0.0298
0.0275
0.0268
1.5448
8.468
8.5564
1.7773
0.32289999999999996
0.3518
0.2871
0.4346
0.316
3.4579
0.0892
0.2162
0.254
0.27359999999999995
0.2425
0.2387
0.3339
0.5337000000000001
0.7517
0.8302
0.771
0.8327
4.3281
5.8842
8.0968
3.5659
2.2241999999999997
1.9833
0.40859999999999996
0.306
0.0795
0.0519
0.060399999999999995
0.0464
0.0498
0.0564
0.033100000000000004
0.0426
0.0528
0.0524
0.0197
0.0288
0.0043
0.0
1.4399
0.1305
0.6425000000000001
1.2204
1.0561
0.0
0.0
0.0
0.0
0.0116
0.0046
0.0213
0.0286
0.0043
0.0024
0.018500000000000003
0.0204
0.0216
0.0523
0.09240000000000001
0.1716
0.0992
0.0053
0.0035
0.0091
0.0012
0.0
0.0
0.0019
0.18569999999999998
0.7377
0.3618
0.0595
0.07
0.0537
0.024
0.0327
0.0281
0.0731
0.0914
0.2167
0.1979
0.07050000000000001
0.0315
0.0283
0.0085
0.0048000000000000004
0.0211
0.0682
0.8694000000000001
0.6515
0.8081
0.5206
1.3278
0.2291
0.0172
0.0
0.074
0.1193
0.076
0.0343
0.0597
0.0619
0.0986
0.07239999999999999
0.11510000000000001
0.0933
0.9274
0.0191
0.0115
0.0
0.7461
0.3694
0.22319999999999998
0.4007
0.20429999999999998
1.4271
0.3862
0.6435
0.3772
0.5441
0.6804
0.4061
0.10519999999999999
0.0647
0.0675
0.060700000000000004
0.062299999999999994
0.0781
0.0707
0.08960000000000001
0.0916
0.0993
0.0727
0.0464
0.06129999999999999
0.0584
0.0505
0.0561
0.1825
3.23
3.5266
2.6041
3.0605
1.6318000000000001
0.8313999999999999
0.22399999999999998
0.0
0.0055
0.025599999999999998
0.044399999999999995
0.0331
0.0338
0.037500000000000006
0.043
0.033100000000000004
0.0218
0.047799999999999995
0.039400000000000004
0.0417
0.05840000000000001
0.0298
0.0275
0.0268
1.5448
8.468
8.5564
1.7773
0.32289999999999996
0.3518
0.2871
0.4346
0.316
3.4579
0.0892
0.2162
0.254
0.27359999999999995
0.2425
0.2387
0.3339
0.5337000000000001
0.7517
0.8302
0.771
0.8327
4.3281
5.8842
8.0968
3.5659
2.2241999999999997
1.9833
0.40859999999999996
0.306
0.0795
0.0519
0.060399999999999995
0.0464
0.0498
0.0564
0.033100000000000004
0.0426
0.0528
0.0524
0.0197
0.0288
0.0043
0.0
1.4399
0.1305
0.6425000000000001
1.2204
1.0561
0.0
0.0
0.0
0.0
0.0116
0.0046
0.0213
0.0286
0.0043
0.0024
0.018500000000000003
0.0204
0.0216
0.0523
0.09240000000000001
0.1716
0.0992
0.0053
0.0035
0.0091
0.0012
0.0
0.0
0.0019
0.18569999999999998
0.7377
0.3618
0.0595
0.07
0.0537
0.024
0.0327
0.0281
0.0731
0.0914
0.2167
0.1979
0.07050000000000001
0.0315
0.0283
0.0085
0.0048000000000000004
0.0211
0.0682
0.8694000000000001
0.6515
0.8081
0.5206
1.3278
0.2291
0.0172
0.0
0.074
0.1193
0.076
0.0343
0.0597
0.0619
0.0986
0.07239999999999999
0.11510000000000001
0.0933
0.9274
0.0191
0.0115
0.0
0.7461
0.3694
0.22319999999999998
0.4007
0.20429999999999998
1.4271
0.3862
0.6435
0.3772
0.5441
0.6804
0.4061
0.10519999999999999
0.0647
0.0675
0.060700000000000004
0.062299999999999994
0.0781
0.0707
0.08960000000000001
0.0916
0.0993
0.0727
0.0464
0.06129999999999999
0.0584
0.0505
0.0561
0.1825
3.23
0.5514
0.8285
0.8447
0.9718
0.5487
0.17930000000000001
0.158
0.3461
0.6652
0.751
0.7289
0.38670000000000004
0.2353
0.2011
0.2011
0.20679999999999998
0.2125
0.2373
1.278
1.3382
1.279
1.1783000000000001
0.8782
1.3514
2.4291
3.5198
3.5625999999999998
1.9396
0.1055
0.0509
0.0212
0.0402
0.2915
0.2579
0.1159
0.0521
0.0435
0.0242
0.0173
0.0114
0.1456
1.0008
0.2778
0.29479999999999995
0.32120000000000004
0.4401
0.7622
1.3719
2.3337
0.0599
0.0
0.0
0.0
0.0
0.0
0.0024
0.0
0.0132
0.045899999999999996
0.027299999999999998
0.0123
0.0036
0.0159
0.0
0.963
2.2676
2.3933999999999997
3.9099
6.412800000000001
7.1533
2.3142
6.2882
1.5587
1.3247
1.3921999999999999
1.7683
0.8879
0.1493
0.0702
0.0687
0.0166
0.0
0.0
0.7054
2.8296
1.059
0.8888
2.9124
1.2842
0.6706
0.7466
1.4123999999999999
2.1618
2.308
2.0419
5.0008
1.4534
0.0
0.2494
0.1014
0.0
0.0073
0.012499999999999999
0.021400000000000002
0.018000000000000002
0.024300000000000002
0.027
0.0312
0.0314
0.0335
0.014499999999999999
0.0225
0.024399999999999998
0.0294
0.0156
0.033100000000000004
0.0314
0.018
0.0
1.0343
0.08099999999999999
0.0936
0.0745
0.0647
0.0567
0.0353
0.0151
0.0037
0.009
0.0245
0.0095
0.0523
0.0184
0.0372
0.0535
0.020999999999999998
0.0174
0.024
0.0552
0.029900000000000003
0.0109
0.0003
0.006999999999999999
0.0128
0.1855
0.19269999999999998
0.19240000000000002
0.1894
0.1719
0.0993
0.0283
0.0191
0.0076
0.0421
0.0327
0.0283
0.0283
0.025599999999999998
0.027299999999999998
0.031
0.0294
0.006
0.0749
0.0772
0.1298
0.1273
0.1205
0.1281
0.5514
0.8285
0.8447
0.9718
0.5487
0.17930000000000001
0.158
0.3461
0.6652
0.751
0.7289
0.38670000000000004
0.2353
0.2011
0.2011
0.20679999999999998
0.2125
0.2373
1.278
1.3382
1.279
1.1783000000000001
0.8782
1.3514
2.4291
3.5198
3.5625999999999998
1.9396
0.1055
0.0509
0.0212
0.0402
0.2915
0.2579
0.1159
0.0521
0.0435
0.0242
0.0173
0.0114
0.1456
1.0008
0.2778
0.29479999999999995
0.32120000000000004
0.4401
0.7622
1.3719
2.3337
0.0599
0.0
0.0
0.0
0.0
0.0
0.0024
0.0
0.0132
0.045899999999999996
0.027299999999999998
0.0123
0.0036
0.0159
0.0
0.963
2.2676
2.3933999999999997
3.9099
6.412800000000001
7.1533
2.3142
6.2882
1.5587
1.3247
1.3921999999999999
1.7683
0.8879
0.1493
0.0702
0.0687
0.0166
0.0
0.0
0.7054
2.8296
1.059
0.8888
2.9124
1.2842
0.6706
0.7466
1.4123999999999999
2.1618
2.308
2.0419
5.0008
1.4534
0.0
0.2494
0.1014
0.0
0.0073
0.012499999999999999
0.021400000000000002
0.018000000000000002
0.024300000000000002
0.027
0.0312
0.0314
0.0335
0.014499999999999999
0.0225
0.024399999999999998
0.0294
0.0156
0.033100000000000004
0.0314
0.018
0.0
1.0343
0.08099999999999999
0.0936
0.0745
0.0647
0.0567
0.0353
0.0151
0.0037
0.009
0.0245
0.0095
0.0523
0.0184
0.0372
0.0535
0.020999999999999998
0.0174
0.024
0.0552
0.029900000000000003
0.0109
0.0003
0.006999999999999999
0.0128
0.1855
0.19269999999999998
0.19240000000000002
0.1894
0.1719
0.0993
0.0283
0.0191
0.0076
0.0421
0.0327
0.0283
0.0283
0.025599999999999998
0.027299999999999998
0.031
0.0294
0.006
0.0749
0.0772
0.1298
0.1273
0.1205
0.1281
0.5514
0.8285
0.8447
0.9718
0.5487
0.17930000000000001
0.158
0.3461
0.6652
0.751
0.7289
0.38670000000000004
0.2353
0.2011
0.2011
0.20679999999999998
0.2125
0.2373
1.278
1.3382
1.279
1.1783000000000001
0.8782
1.3514
2.4291
3.5198
3.5625999999999998
1.9396
0.1055
0.0509
0.0212
0.0402
0.2915
0.2579
0.1159
0.0521
0.0435
0.0242
0.0173
0.0114
0.1456
1.0008
0.2778
0.29479999999999995
0.32120000000000004
0.4401
0.7622
1.3719
2.3337
0.0599
0.0
0.0
0.0
0.0
0.0
0.0024
0.0
0.0132
0.045899999999999996
0.027299999999999998
0.0123
0.0036
0.0159
0.0
0.963
2.2676
2.3933999999999997
3.9099
6.412800000000001
7.1533
2.3142
6.2882
1.5587
1.3247
1.3921999999999999
1.7683
0.8879
0.1493
0.0702
0.0687
0.0166
0.0
0.0
0.7054
2.8296
1.059
0.8888
2.9124
1.2842
0.6706
0.7466
1.4123999999999999
2.1618
2.308
2.0419
5.0008
1.4534
0.0
0.2494
0.1014
0.0
0.0073
0.012499999999999999
0.021400000000000002
0.018000000000000002
0.024300000000000002
0.027
0.0312
0.0314
0.0335
0.014499999999999999
0.0225
0.024399999999999998
0.0294
0.0156
0.033100000000000004
0.0314
0.018
0.0
1.0343
0.08099999999999999
0.0936
0.0745
0.0647
0.0567
0.0353
0.0151
0.0037
0.009
0.0245
0.0095
0.0523
0.0184
0.0372
0.0535
0.020999999999999998
0.0174
0.024
0.0552
0.029900000000000003
0.0109
0.0003
0.006999999999999999
0.0128
0.1855
0.19269999999999998
0.19240000000000002
0.1894
0.1719
0.0993
0.0283
0.0191
0.0076
0.0421
0.0327
0.0283
0.0283
0.025599999999999998
0.027299999999999998
0.031
0.0294
0.006
0.0749
0.0772
0.1298
0.1273
0.1205
0.1281
0.5514
0.8285
0.8447
0.9718
0.5487
0.17930000000000001
0.158
0.3461
0.6652
0.751
0.7289
0.38670000000000004
0.2353
0.2011
0.2011
0.20679999999999998
0.2125
0.2373
1.278
1.3382
1.279
1.1783000000000001
0.8782
1.3514
2.4291
3.5198
3.5625999999999998
1.9396
0.1055
0.0509
0.0212
0.0402
0.2915
0.2579
0.1159
0.0521
0.0435
0.0242
0.0173
0.0114
0.1456
1.0008
0.2778
0.29479999999999995
0.32120000000000004
0.4401
0.7622
1.3719
2.3337
0.0599
0.0
0.0
0.0
0.0
0.0
0.0024
0.0
0.0132
0.045899999999999996
0.027299999999999998
0.0123
0.0036
0.0159
0.0
0.963
2.2676
2.3933999999999997
3.9099
6.412800000000001
7.1533
2.3142
6.2882
1.5587
1.3247
1.3921999999999999
1.7683
0.8879
0.1493
0.0702
0.0687
0.0166
0.0
0.0
0.7054
2.8296
1.059
0.8888
2.9124
1.2842
0.6706
0.7466
1.4123999999999999
2.1618
2.308
2.0419
5.0008
1.4534
0.0
0.2494
0.1014
0.0
0.0073
0.012499999999999999
0.021400000000000002
0.018000000000000002
0.024300000000000002
0.027
0.0312
0.0314
0.0335
0.014499999999999999
0.0225
0.024399999999999998
0.0294
0.0156
0.033100000000000004
0.0314
0.018
0.0
1.0343
0.08099999999999999
0.0936
0.0745
0.0647
0.0567
0.0353
0.0151
0.0037
0.009
0.0245
0.0095
0.0523
0.0184
0.0372
0.0535
0.020999999999999998
0.0174
0.024
0.0552
0.029900000000000003
0.0109
0.0003
0.006999999999999999
0.0128
0.1855
0.19269999999999998
0.19240000000000002
0.1894
0.1719
0.0993
0.0283
0.0191
0.0076
0.0421
0.0327
0.0283
0.0283
0.025599999999999998
0.027299999999999998
0.031
0.0294
0.006
0.0749
0.0772
0.1298
0.1273
0.1205
0.1281
0.5514
0.8285
0.8447
0.9718
0.5487
0.17930000000000001
0.158
0.3461
0.6652
0.751
0.7289
0.38670000000000004
0.2353
0.2011
0.2011
0.20679999999999998
0.2125
0.2373
1.278
1.3382
1.279
1.1783000000000001
0.8782
1.3514
2.4291
3.5198
3.5625999999999998
1.9396
0.1055
0.0509
0.0212
0.0402
0.2915
0.2579
0.1159
0.0521
0.0435
0.0242
0.0173
0.0114
0.1456
1.0008
0.2778
0.29479999999999995
0.32120000000000004
0.4401
0.7622
1.3719
2.3337
0.0599
0.0
0.0
0.0
0.0
0.0
0.0024
0.0
0.0132
0.045899999999999996
0.027299999999999998
0.0123
0.0036
0.0159
0.0
0.963
2.2676
2.3933999999999997
3.9099
6.412800000000001
7.1533
2.3142
6.2882
0.2651
0.5203
2.4757
0.2054
0.16410000000000002
0.1264
0.22440000000000002
0.3065
0.2623
0.20879999999999999
0.2748
0.2602
0.2657
1.7295
1.5951
0.1431
0.0535
0.5989
0.0289
0.0685
0.0
0.0
0.0
0.0
0.0191
0.0201
0.019799999999999998
0.0221
0.0279
0.0249
0.0267
0.0246
0.0057
0.0305
0.0281
0.0296
0.0275
0.0246
0.0256
0.022
0.0228
0.0253
0.0233
0.0284
0.0266
0.0105
0.016300000000000002
0.0203
0.10300000000000001
0.1101
0.1006
0.1895
0.191
0.1095
0.11280000000000001
0.0951
0.059899999999999995
0.0867
0.093
0.0523
0.035
0.0149
0.0187
0.002
0.0
0.0
0.0612
0.11449999999999999
0.26639999999999997
0.2299
0.1318
0.11249999999999999
0.38870000000000005
0.3043
0.2195
0.1743
0.1375
0.12440000000000001
0.0911
0.07730000000000001
0.0499
0.0477
0.0706
0.3856
0.5332
0.1169
0.0608
0.067
0.1109
0.2354
0.5579000000000001
1.3016
0.7346999999999999
0.7916
1.033
2.1207
1.9555
0.0
0.4776
0.0
0.0082
0.1059
0.237
0.0102
0.0035
0.0285
0.038599999999999995
0.0435
0.0365
0.0364
0.0215
0.0046
0.1219
0.1541
0.0611
0.0465
0.01
0.009
0.0825
1.9649
0.0
0.0
0.0
0.1371
0.9141999999999999
0.0
0.05739999999999999
0.3383
0.1976
0.3251
0.7676000000000001
0.4041
0.33899999999999997
0.31989999999999996
0.2146
0.3169
0.3451
1.3751000000000002
4.7001
4.2791
2.3834
1.0165
0.4693
0.269
0.1407
0.1235
0.1242
0.10400000000000001
0.0749
0.0823
0.06180000000000001
0.051500000000000004
0.0287
0.030699999999999998
0.027200000000000002
0.024300000000000002
0.0282
0.0256
0.027700000000000002
0.0288
0.0371
0.0443
0.0431
0.06340000000000001
0.0708
0.0649
0.0692
1.9674
0.2651
0.5203
2.4757
0.2054
0.16410000000000002
0.1264
0.22440000000000002
0.3065
0.2623
0.20879999999999999
0.2748
0.2602
0.2657
1.7295
1.5951
0.1431
0.0535
0.5989
0.0289
0.0685
0.0
0.0
0.0
0.0
0.0191
0.0201
0.019799999999999998
0.0221
0.0279
0.0249
0.0267
0.0246
0.0057
0.0305
0.0281
0.0296
0.0275
0.0246
0.0256
0.022
0.0228
0.0253
0.0233
0.0284
0.0266
0.0105
0.016300000000000002
0.0203
0.10300000000000001
0.1101
0.1006
0.1895
0.191
0.1095
0.11280000000000001
0.0951
0.059899999999999995
0.0867
0.093
0.0523
0.035
0.0149
0.0187
0.002
0.0
0.0
0.0612
0.11449999999999999
0.26639999999999997
0.2299
0.1318
0.11249999999999999
0.38870000000000005
0.3043
0.2195
0.1743
0.1375
0.12440000000000001
0.0911
0.07730000000000001
0.0499
0.0477
0.0706
0.3856
0.5332
0.1169
0.0608
0.067
0.1109
0.2354
0.5579000000000001
1.3016
0.7346999999999999
0.7916
1.033
2.1207
1.9555
0.0
0.4776
0.0
0.0082
0.1059
0.237
0.0102
0.0035
0.0285
0.038599999999999995
0.0435
0.0365
0.0364
0.0215
0.0046
0.1219
0.1541
0.0611
0.0465
0.01
0.009
0.0825
1.9649
0.0
0.0
0.0
0.1371
0.9141999999999999
0.0
0.05739999999999999
0.3383
0.1976
0.3251
0.7676000000000001
0.4041
0.33899999999999997
0.31989999999999996
0.2146
0.3169
0.3451
1.3751000000000002
4.7001
4.2791
2.3834
1.0165
0.4693
0.269
0.1407
0.1235
0.1242
0.10400000000000001
0.0749
0.0823
0.06180000000000001
0.051500000000000004
0.0287
0.030699999999999998
0.027200000000000002
0.024300000000000002
0.0282
0.0256
0.027700000000000002
0.0288
0.0371
0.0443
0.0431
0.06340000000000001
0.0708
0.0649
0.0692
1.9674
0.2651
0.5203
2.4757
0.2054
0.16410000000000002
0.1264
0.22440000000000002
0.3065
0.2623
0.20879999999999999
0.2748
0.2602
0.2657
1.7295
1.5951
0.1431
0.0535
0.5989
0.0289
0.0685
0.0
0.0
0.0
0.0
0.0191
0.0201
0.019799999999999998
0.0221
0.0279
0.0249
0.0267
0.0246
0.0057
0.0305
0.0281
0.0296
0.0275
0.0246
0.0256
0.022
0.0228
0.0253
0.0233
0.0284
0.0266
0.0105
0.016300000000000002
0.0203
0.10300000000000001
0.1101
0.1006
0.1895
0.191
0.1095
0.11280000000000001
0.0951
0.059899999999999995
0.0867
0.093
0.0523
0.035
0.0149
0.0187
0.002
0.0
0.0
0.0612
0.11449999999999999
0.26639999999999997
0.2299
0.1318
0.11249999999999999
0.38870000000000005
0.3043
0.2195
0.1743
0.1375
0.12440000000000001
0.0911
0.07730000000000001
0.0499
0.0477
0.0706
0.3856
0.5332
0.1169
0.0608
0.067
0.1109
0.2354
0.5579000000000001
1.3016
0.7346999999999999
0.7916
1.033
2.1207
1.9555
0.0
0.4776
0.0
0.0082
0.1059
0.237
0.0102
0.0035
0.0285
0.038599999999999995
0.0435
0.0365
0.0364
0.0215
0.0046
0.1219
0.1541
0.0611
0.0465
0.01
0.009
0.0825
1.9649
0.0
0.0
0.0
0.1371
0.9141999999999999
0.0
0.05739999999999999
0.3383
0.1976
0.3251
0.7676000000000001
0.4041
0.33899999999999997
0.31989999999999996
0.2146
0.3169
0.3451
1.3751000000000002
4.7001
4.2791
2.3834
1.0165
0.4693
0.269
0.1407
0.1235
0.1242
0.10400000000000001
0.0749
0.0823
0.06180000000000001
0.051500000000000004
0.0287
0.030699999999999998
0.027200000000000002
0.024300000000000002
0.0282
0.0256
0.027700000000000002
0.0288
0.0371
0.0443
0.0431
0.06340000000000001
0.0708
0.0649
0.0692
1.9674
0.2651
0.5203
2.4757
0.2054
0.16410000000000002
0.1264
0.22440000000000002
0.3065
0.2623
0.20879999999999999
0.2748
0.2602
0.2657
1.7295
1.5951
0.1431
0.0535
0.5989
0.0289
0.0685
0.0
0.0
0.0
0.0
0.0191
0.0201
0.019799999999999998
0.0221
0.0279
0.0249
0.0267
0.0246
0.0057
0.0305
0.0281
0.0296
0.0275
0.0246
0.0256
0.022
0.0228
0.0253
0.0233
0.0284
0.0266
0.0105
0.016300000000000002
0.0203
0.10300000000000001
0.1101
0.1006
0.1895
0.191
0.1095
0.11280000000000001
0.0951
0.059899999999999995
0.0867
0.093
0.0523
0.035
0.0149
0.0187
0.002
0.0
0.0
0.0612
0.11449999999999999
0.26639999999999997
0.2299
0.1318
0.11249999999999999
0.38870000000000005
0.3043
0.2195
0.1743
0.1375
0.12440000000000001
0.0911
0.07730000000000001
0.0499
0.0477
0.0706
0.3856
0.5332
0.1169
0.0608
0.067
0.1109
0.2354
0.5579000000000001
1.3016
0.7346999999999999
0.7916
1.033
2.1207
1.9555
0.0
0.4776
0.0
0.0082
0.1059
0.237
0.0102
0.0035
0.0285
0.038599999999999995
0.0435
0.0365
0.0364
0.0215
0.0046
0.1219
0.1541
0.0611
0.0465
0.01
0.009
0.0825
1.9649
0.0
0.0
0.0
0.1371
0.9141999999999999
0.0
0.05739999999999999
0.3383
0.1976
0.3251
0.7676000000000001
0.4041
0.33899999999999997
0.31989999999999996
0.2146
0.3169
0.3451
1.3751000000000002
4.7001
4.2791
2.3834
1.0165
0.4693
0.269
0.1407
0.1235
0.1242
0.10400000000000001
0.0749
0.0823
0.06180000000000001
0.051500000000000004
0.0287
0.030699999999999998
0.027200000000000002
0.024300000000000002
0.0282
0.0256
0.027700000000000002
0.0288
0.0371
0.0443
0.0431
0.06340000000000001
0.0708
0.0649
0.0692
1.9674
0.2651
0.5203
2.4757
0.2054
0.16410000000000002
0.1264
0.22440000000000002
0.3065
0.2623
0.20879999999999999
0.2748
0.2602
0.2657
1.7295
1.5951
0.1431
0.0535
0.5989
0.0289
0.0685
0.0
0.0
0.0
0.0
0.0191
0.0201
0.019799999999999998
0.0221
0.0279
0.0249
0.0267
0.0246
0.0057
0.0305
0.0281
0.0296
0.0275
0.0246
0.0256
0.022
0.0228
0.0253
0.0233
0.0284
0.0266
0.0105
0.016300000000000002
0.0203
0.3657
0.1547
0.1311
0.4762
0.6048
1.033
0.3349
0.5348999999999999
0.0741
0.1418
0.2149
0.2146
0.1804
0.258
0.1567
0.0
0.0
0.0
0.0
0.0226
0.0
0.0
0.0
0.0
0.2404
2.176
3.2742
2.9238999999999997
0.5791999999999999
0.105
0.2381
0.0635
0.058800000000000005
0.022699999999999998
0.0528
0.0864
0.0726
0.5444
0.8901
0.0
0.0
0.0
0.0
0.0974
0.0801
0.0
0.0
0.0
1.8740999999999999
5.6368
0.45809999999999995
0.47509999999999997
0.3286
0.1547
0.0915
0.0563
0.0498
0.0417
0.0616
0.0534
0.0507
0.0636
0.06820000000000001
0.0832
0.0927
0.13419999999999999
1.4172
0.3042
0.2316
0.4461
1.403
0.8255
2.0885
3.7218
3.8359
1.7614
0.0696
0.0263
0.0381
0.3855
0.3937
0.13140000000000002
0.058899999999999994
0.07
0.07930000000000001
0.0914
0.08460000000000001
0.0249
1.0470000000000002
0.22149999999999997
0.2521
0.387
0.7637
1.2738999999999998
1.3449
0.92
0.2974
0.74
0.06570000000000001
0.09630000000000001
0.1061
0.39089999999999997
0.9152
0.0068
0.0218
0.0446
0.0427
0.055900000000000005
0.0502
0.0014
0.17200000000000001
0.9097
0.24659999999999999
0.2333
0.30010000000000003
0.394
0.21810000000000002
0.0884
0.103
0.1305
1.0935000000000001
3.849
3.1748000000000003
0.205
0.0056
0.0226
0.0392
0.052099999999999994
0.041999999999999996
0.05
0.0509
0.0346
0.0586
0.06180000000000001
0.0633
0.0369
0.0524
0.0218
0.017099999999999997
0.0
0.36860000000000004
1.3418999999999999
1.178
0.9162999999999999
0.1058
0.1096
0.1111
0.10650000000000001
0.0925
0.06570000000000001
0.031
0.2072
0.0157
0.0555
0.0476
0.051000000000000004
0.0407
0.028999999999999998
0.034100000000000005
0.0364
0.0378
0.22349999999999998
0.0819
0.0737
0.1117
0.0834
0.0803
0.0887
0.3657
0.1547
0.1311
0.4762
0.6048
1.033
0.3349
0.5348999999999999
0.0741
0.1418
0.2149
0.2146
0.1804
0.258
0.1567
0.0
0.0
0.0
0.0
0.0226
0.0
0.0
0.0
0.0
0.2404
2.176
3.2742
2.9238999999999997
0.5791999999999999
0.105
0.2381
0.0635
0.058800000000000005
0.022699999999999998
0.0528
0.0864
0.0726
0.5444
0.8901
0.0
0.0
0.0
0.0
0.0974
0.0801
0.0
0.0
0.0
1.8740999999999999
5.6368
0.45809999999999995
0.47509999999999997
0.3286
0.1547
0.0915
0.0563
0.0498
0.0417
0.0616
0.0534
0.0507
0.0636
0.06820000000000001
0.0832
0.0927
0.13419999999999999
1.4172
0.3042
0.2316
0.4461
1.403
0.8255
2.0885
3.7218
3.8359
1.7614
0.0696
0.0263
0.0381
0.3855
0.3937
0.13140000000000002
0.058899999999999994
0.07
0.07930000000000001
0.0914
0.08460000000000001
0.0249
1.0470000000000002
0.22149999999999997
0.2521
0.387
0.7637
1.2738999999999998
1.3449
0.92
0.2974
0.74
0.06570000000000001
0.09630000000000001
0.1061
0.39089999999999997
0.9152
0.0068
0.0218
0.0446
0.0427
0.055900000000000005
0.0502
0.0014
0.17200000000000001
0.9097
0.24659999999999999
0.2333
0.30010000000000003
0.394
0.21810000000000002
0.0884
0.103
0.1305
1.0935000000000001
3.849
3.1748000000000003
0.205
0.0056
0.0226
0.0392
0.052099999999999994
0.041999999999999996
0.05
0.0509
0.0346
0.0586
0.06180000000000001
0.0633
0.0369
0.0524
0.0218
0.017099999999999997
0.0
0.36860000000000004
1.3418999999999999
1.178
0.9162999999999999
0.1058
0.1096
0.1111
0.10650000000000001
0.0925
0.06570000000000001
0.031
0.2072
0.0157
0.0555
0.0476
0.051000000000000004
0.0407
0.028999999999999998
0.034100000000000005
0.0364
0.0378
0.22349999999999998
0.0819
0.0737
0.1117
0.0834
0.0803
0.0887
0.3657
0.1547
0.1311
0.4762
0.6048
1.033
0.3349
0.5348999999999999
0.0741
0.1418
0.2149
0.2146
0.1804
0.258
0.1567
0.0
0.0
0.0
0.0
0.0226
0.0
0.0
0.0
0.0
0.2404
2.176
3.2742
2.9238999999999997
0.5791999999999999
0.105
0.2381
0.0635
0.058800000000000005
0.022699999999999998
0.0528
0.0864
0.0726
0.5444
0.8901
0.0
0.0
0.0
0.0
0.0974
0.0801
0.0
0.0
0.0
1.8740999999999999
5.6368
0.45809999999999995
0.47509999999999997
0.3286
0.1547
0.0915
0.0563
0.0498
0.0417
0.0616
0.0534
0.0507
0.0636
0.06820000000000001
0.0832
0.0927
0.13419999999999999
1.4172
0.3042
0.2316
0.4461
1.403
0.8255
2.0885
3.7218
3.8359
1.7614
0.0696
0.0263
0.0381
0.3855
0.3937
0.13140000000000002
0.058899999999999994
0.07
0.07930000000000001
0.0914
0.08460000000000001
0.0249
1.0470000000000002
0.22149999999999997
0.2521
0.387
0.7637
1.2738999999999998
1.3449
0.92
0.2974
0.74
0.06570000000000001
0.09630000000000001
0.1061
0.39089999999999997
0.9152
0.0068
0.0218
0.0446
0.0427
0.055900000000000005
0.0502
0.0014
0.17200000000000001
0.9097
0.24659999999999999
0.2333
0.30010000000000003
0.394
0.21810000000000002
0.0884
0.103
0.1305
1.0935000000000001
3.849
3.1748000000000003
0.205
0.0056
0.0226
0.0392
0.052099999999999994
0.041999999999999996
0.05
0.0509
0.0346
0.0586
0.06180000000000001
0.0633
0.0369
0.0524
0.0218
0.017099999999999997
0.0
0.36860000000000004
1.3418999999999999
1.178
0.9162999999999999
0.1058
0.1096
0.1111
0.10650000000000001
0.0925
0.06570000000000001
0.031
0.2072
0.0157
0.0555
0.0476
0.051000000000000004
0.0407
0.028999999999999998
0.034100000000000005
0.0364
0.0378
0.22349999999999998
0.0819
0.0737
0.1117
0.0834
0.0803
0.0887
0.3657
0.1547
0.1311
0.4762
0.6048
1.033
0.3349
0.5348999999999999
0.0741
0.1418
0.2149
0.2146
0.1804
0.258
0.1567
0.0
0.0
0.0
0.0
0.0226
0.0
0.0
0.0
0.0
0.2404
2.176
3.2742
2.9238999999999997
0.5791999999999999
0.105
0.2381
0.0635
0.058800000000000005
0.022699999999999998
0.0528
0.0864
0.0726
0.5444
0.8901
0.0
0.0
0.0
0.0
0.0974
0.0801
0.0
0.0
0.0
1.8740999999999999
5.6368
0.45809999999999995
0.47509999999999997
0.3286
0.1547
0.0915
0.0563
0.0498
0.0417
0.0616
0.0534
0.0507
0.0636
0.06820000000000001
0.0832
0.0927
0.13419999999999999
1.4172
0.3042
0.2316
0.4461
1.403
0.8255
2.0885
3.7218
3.8359
1.7614
0.0696
0.0263
0.0381
0.3855
0.3937
0.13140000000000002
0.058899999999999994
0.07
0.07930000000000001
0.0914
0.08460000000000001
0.0249
1.0470000000000002
0.22149999999999997
0.2521
0.387
0.7637
1.2738999999999998
1.3449
0.92
0.2974
0.74
0.06570000000000001
0.09630000000000001
0.1061
0.39089999999999997
0.9152
0.0068
0.0218
0.0446
0.0427
0.055900000000000005
0.0502
0.0014
0.17200000000000001
0.9097
0.24659999999999999
0.2333
0.30010000000000003
0.394
0.21810000000000002
0.0884
0.103
0.1305
1.0935000000000001
3.849
3.1748000000000003
0.205
0.0056
0.0226
0.0392
0.052099999999999994
0.041999999999999996
0.05
0.0509
0.0346
0.0586
0.06180000000000001
0.0633
0.0369
0.0524
0.0218
0.017099999999999997
0.0
0.36860000000000004
1.3418999999999999
1.178
0.9162999999999999
0.1058
0.1096
0.1111
0.10650000000000001
0.0925
0.06570000000000001
0.031
0.2072
0.0157
0.0555
0.0476
0.051000000000000004
0.0407
0.028999999999999998
0.034100000000000005
0.0364
0.0378
0.22349999999999998
0.0819
0.0737
0.1117
0.0834
0.0803
0.0887
0.3657
0.1547
0.1311
0.4762
0.6048
1.033
0.3349
0.5348999999999999
0.0741
0.1418
0.2149
0.2146
0.1804
0.258
0.1567
0.0
0.0
0.0
0.0
0.0226
0.0
0.0
0.0
0.0
0.2404
2.176
3.2742
2.9238999999999997
0.5791999999999999
0.105
0.2381
0.0635
0.058800000000000005
0.022699999999999998
0.0528
0.0864
0.0726
0.5444
0.8901
0.0
0.0
0.0
0.0
0.0974
0.0801
0.0
0.0
0.0
1.8740999999999999
5.6368
0.45809999999999995
0.47509999999999997
0.3286
0.1547
0.0915
0.0563
0.0498
0.0417
0.0616
0.0534
0.0507
0.0636
0.06820000000000001
0.0832
0.0927
0.13419999999999999
1.4172
0.3042
0.2316
0.4461
1.403
0.8255
0.36819999999999997
0.3956
0.45940000000000003
0.38280000000000003
0.09820000000000001
0.0746
0.1048
0.0512
0.044399999999999995
0.0556
0.059
0.0477
0.0572
0.059
0.0553
0.0712
0.0673
0.0621
0.20750000000000002
0.37829999999999997
0.7731
0.22110000000000002
0.0297
0.061
0.4619
0.4665
0.4415
0.3758
0.361
0.31679999999999997
0.4359
0.5383
0.1724
0.26080000000000003
0.29979999999999996
0.3519
0.3653
0.3565
0.4144
0.4274
0.3493
0.3962
0.46210000000000007
1.4804
0.8246
0.6094999999999999
0.5669
0.6314
5.552
4.7221
3.9973
1.0571000000000002
0.6022000000000001
0.6740999999999999
0.7601
0.7318
0.6989
0.6498999999999999
0.6412
0.6663
0.708
0.6998
0.755
1.4102999999999999
4.1502
4.1166
3.1719
2.3194999999999997
1.6861000000000002
1.2936999999999999
1.0332
5.5907
0.7839
1.209
1.3274
3.2304
1.7155
0.0259
3.1385
0.2312
0.19469999999999998
0.1743
0.1867
0.1856
0.1814
0.1357
0.3427
1.7919
0.6727000000000001
0.3981
0.07579999999999999
0.0451
0.0252
0.0721
0.0829
0.0659
0.3918
0.3406
0.29510000000000003
0.26480000000000004
0.2507
0.2574
0.3689
0.6809
0.5925
0.5982000000000001
0.6086
0.8192
0.8312
0.5607
0.577
0.6017999999999999
1.8766
1.4018
1.0179
1.0145
1.1167
0.9121999999999999
0.5493
0.3788
4.1651
5.7544
5.1058
3.2645
2.0658000000000003
0.7594000000000001
0.0061
0.0
0.0062
0.0323
0.045399999999999996
0.0493
0.0608
0.0603
0.0509
0.0514
0.0513
0.0363
0.0224
0.0537
0.0
0.2362
0.3218
0.1765
0.1634
3.1379
4.734400000000001
4.0672
1.8801999999999999
0.15710000000000002
0.1311
0.14650000000000002
0.1797
0.18159999999999998
0.2279
0.3456
0.19140000000000001
0.0986
0.0732
0.028499999999999998
0.0332
0.045200000000000004
0.023899999999999998
0.4546
0.389
0.3326
0.2375
0.1797
0.36819999999999997
0.3956
0.45940000000000003
0.38280000000000003
0.09820000000000001
0.0746
0.1048
0.0512
0.044399999999999995
0.0556
0.059
0.0477
0.0572
0.059
0.0553
0.0712
0.0673
0.0621
0.20750000000000002
0.37829999999999997
0.7731
0.22110000000000002
0.0297
0.061
0.4619
0.4665
0.4415
0.3758
0.361
0.31679999999999997
0.4359
0.5383
0.1724
0.26080000000000003
0.29979999999999996
0.3519
0.3653
0.3565
0.4144
0.4274
0.3493
0.3962
0.46210000000000007
1.4804
0.8246
0.6094999999999999
0.5669
0.6314
5.552
4.7221
3.9973
1.0571000000000002
0.6022000000000001
0.6740999999999999
0.7601
0.7318
0.6989
0.6498999999999999
0.6412
0.6663
0.708
0.6998
0.755
1.4102999999999999
4.1502
4.1166
3.1719
2.3194999999999997
1.6861000000000002
1.2936999999999999
1.0332
5.5907
0.7839
1.209
1.3274
3.2304
1.7155
0.0259
3.1385
0.2312
0.19469999999999998
0.1743
0.1867
0.1856
0.1814
0.1357
0.3427
1.7919
0.6727000000000001
0.3981
0.07579999999999999
0.0451
0.0252
0.0721
0.0829
0.0659
0.3918
0.3406
0.29510000000000003
0.26480000000000004
0.2507
0.2574
0.3689
0.6809
0.5925
0.5982000000000001
0.6086
0.8192
0.8312
0.5607
0.577
0.6017999999999999
1.8766
1.4018
1.0179
1.0145
1.1167
0.9121999999999999
0.5493
0.3788
4.1651
5.7544
5.1058
3.2645
2.0658000000000003
0.7594000000000001
0.0061
0.0
0.0062
0.0323
0.045399999999999996
0.0493
0.0608
0.0603
0.0509
0.0514
0.0513
0.0363
0.0224
0.0537
0.0
0.2362
0.3218
0.1765
0.1634
3.1379
4.734400000000001
4.0672
1.8801999999999999
0.15710000000000002
0.1311
0.14650000000000002
0.1797
0.18159999999999998
0.2279
0.3456
0.19140000000000001
0.0986
0.0732
0.028499999999999998
0.0332
0.045200000000000004
0.023899999999999998
0.4546
0.389
0.3326
0.2375
0.1797
0.36819999999999997
0.3956
0.45940000000000003
0.38280000000000003
0.09820000000000001
0.0746
0.1048
0.0512
0.044399999999999995
0.0556
0.059
0.0477
0.0572
0.059
0.0553
0.0712
0.0673
0.0621
0.20750000000000002
0.37829999999999997
0.7731
0.22110000000000002
0.0297
0.061
0.4619
0.4665
0.4415
0.3758
0.361
0.31679999999999997
0.4359
0.5383
0.1724
0.26080000000000003
0.29979999999999996
0.3519
0.3653
0.3565
0.4144
0.4274
0.3493
0.3962
0.46210000000000007
1.4804
0.8246
0.6094999999999999
0.5669
0.6314
5.552
4.7221
3.9973
1.0571000000000002
0.6022000000000001
0.6740999999999999
0.7601
0.7318
0.6989
0.6498999999999999
0.6412
0.6663
0.708
0.6998
0.755
1.4102999999999999
4.1502
4.1166
3.1719
2.3194999999999997
1.6861000000000002
1.2936999999999999
1.0332
5.5907
0.7839
1.209
1.3274
3.2304
1.7155
0.0259
3.1385
0.2312
0.19469999999999998
0.1743
0.1867
0.1856
0.1814
0.1357
0.3427
1.7919
0.6727000000000001
0.3981
0.07579999999999999
0.0451
0.0252
0.0721
0.0829
0.0659
0.3918
0.3406
0.29510000000000003
0.26480000000000004
0.2507
0.2574
0.3689
0.6809
0.5925
0.5982000000000001
0.6086
0.8192
0.8312
0.5607
0.577
0.6017999999999999
1.8766
1.4018
1.0179
1.0145
1.1167
0.9121999999999999
0.5493
0.3788
4.1651
5.7544
5.1058
3.2645
2.0658000000000003
0.7594000000000001
0.0061
0.0
0.0062
0.0323
0.045399999999999996
0.0493
0.0608
0.0603
0.0509
0.0514
0.0513
0.0363
0.0224
0.0537
0.0
0.2362
0.3218
0.1765
0.1634
3.1379
4.734400000000001
4.0672
1.8801999999999999
0.15710000000000002
0.1311
0.14650000000000002
0.1797
0.18159999999999998
0.2279
0.3456
0.19140000000000001
0.0986
0.0732
0.028499999999999998
0.0332
0.045200000000000004
0.023899999999999998
0.4546
0.389
0.3326
0.2375
0.1797
0.36819999999999997
0.3956
0.45940000000000003
0.38280000000000003
0.09820000000000001
0.0746
0.1048
0.0512
0.044399999999999995
0.0556
0.059
0.0477
0.0572
0.059
0.0553
0.0712
0.0673
0.0621
0.20750000000000002
0.37829999999999997
0.7731
0.22110000000000002
0.0297
0.061
0.4619
0.4665
0.4415
0.3758
0.361
0.31679999999999997
0.4359
0.5383
0.1724
0.26080000000000003
0.29979999999999996
0.3519
0.3653
0.3565
0.4144
0.4274
0.3493
0.3962
0.46210000000000007
1.4804
0.8246
0.6094999999999999
0.5669
0.6314
5.552
4.7221
3.9973
1.0571000000000002
0.6022000000000001
0.6740999999999999
0.7601
0.7318
0.6989
0.6498999999999999
0.6412
0.6663
0.708
0.6998
0.755
1.4102999999999999
4.1502
4.1166
3.1719
2.3194999999999997
1.6861000000000002
1.2936999999999999
1.0332
5.5907
0.7839
1.209
1.3274
3.2304
1.7155
0.0259
3.1385
0.2312
0.19469999999999998
0.1743
0.1867
0.1856
0.1814
0.1357
0.3427
1.7919
0.6727000000000001
0.3981
0.07579999999999999
0.0451
0.0252
0.0721
0.0829
0.0659
0.3918
0.3406
0.29510000000000003
0.26480000000000004
0.2507
0.2574
0.3689
0.6809
0.5925
0.5982000000000001
0.6086
0.8192
0.8312
0.5607
0.577
0.6017999999999999
1.8766
1.4018
1.0179
1.0145
1.1167
0.9121999999999999
0.5493
0.3788
4.1651
5.7544
5.1058
3.2645
2.0658000000000003
0.7594000000000001
0.0061
0.0
0.0062
0.0323
0.045399999999999996
0.0493
0.0608
0.0603
0.0509
0.0514
0.0513
0.0363
0.0224
0.0537
0.0
0.2362
0.3218
0.1765
0.1634
3.1379
4.734400000000001
4.0672
1.8801999999999999
0.15710000000000002
0.1311
0.14650000000000002
0.1797
0.18159999999999998
0.2279
0.3456
0.19140000000000001
0.0986
0.0732
0.028499999999999998
0.0332
0.045200000000000004
0.023899999999999998
0.4546
0.389
0.3326
0.2375
0.1797
0.36819999999999997
0.3956
0.45940000000000003
0.38280000000000003
0.09820000000000001
0.0746
0.1048
0.0512
0.044399999999999995
0.0556
0.059
0.0477
0.0572
0.059
0.0553
0.0712
0.0673
0.0621
0.20750000000000002
0.37829999999999997
0.7731
0.22110000000000002
0.0297
0.061
0.4619
0.4665
0.4415
0.3758
0.361
0.31679999999999997
0.4359
0.5383
0.1724
0.26080000000000003
0.29979999999999996
0.3519
0.3653
0.3565
0.4144
0.4274
0.3493
0.3962
0.46210000000000007
1.4804
0.8246
0.6094999999999999
0.5669
0.6314
5.556800000000001
4.8442
4.3192
2.627
0.12940000000000002
0.09820000000000001
0.0945
0.1112
0.1241
0.1315
0.13419999999999999
0.125
0.1385
0.1198
0.11069999999999999
0.1132
0.1018
0.1116
0.1014
0.5442
0.1597
0.1719
0.1597
0.8465
2.94
1.4523000000000001
1.6152
1.0272999999999999
0.628
0.5222
0.4292
0.4415
0.4768
0.4202
0.3785
0.3301
0.3247
0.3015
0.30720000000000003
0.35619999999999996
0.5428
0.9781000000000001
1.4756
1.7138
0.8433999999999999
0.5423
0.4595
3.3609
0.0148
8.0905
7.7875
2.3240999999999996
0.4076
0.0655
0.1196
0.1122
0.09159999999999999
0.0819
0.09659999999999999
0.1122
0.11
0.254
1.1299
0.1588
0.0767
0.1152
0.1785
0.1817
0.2598
0.2203
0.1633
0.1126
3.688
3.5084
3.0695
0.7457
0.3977
0.3337
0.377
0.3286
0.2447
0.3231
0.8573
1.0464
0.2451
0.1679
0.1592
0.1647
0.1709
0.18309999999999998
0.1768
0.1431
0.18330000000000002
0.2119
0.2618
1.0887
0.4359
0.0477
0.6235999999999999
0.1935
0.0
0.0008
0.0241
0.0178
0.0141
0.019
0.0322
0.0326
0.036
0.0155
0.0293
0.0116
0.0095
0.6705
0.0291
0.0508
0.0001
0.0042
0.0108
0.1474
0.7056
1.063
1.2005
1.499
1.3952
0.30779999999999996
0.45030000000000003
0.9679
0.0303
0.0023
0.0349
0.0473
0.0408
0.042499999999999996
0.0576
0.0691
0.058300000000000005
0.0537
0.3357
1.1234
0.0352
0.0934
0.09920000000000001
0.1217
0.9617
0.439
0.1639
0.12059999999999998
0.058399999999999994
1.2858
1.6808
0.2223
0.2089
0.2475
0.241
0.2082
0.18780000000000002
0.1402
1.017
0.5944
1.411
0.6604000000000001
0.652
0.569
0.9394
1.8639000000000001
1.3446
1.6706
5.556800000000001
4.8442
4.3192
2.627
0.12940000000000002
0.09820000000000001
0.0945
0.1112
0.1241
0.1315
0.13419999999999999
0.125
0.1385
0.1198
0.11069999999999999
0.1132
0.1018
0.1116
0.1014
0.5442
0.1597
0.1719
0.1597
0.8465
2.94
1.4523000000000001
1.6152
1.0272999999999999
0.628
0.5222
0.4292
0.4415
0.4768
0.4202
0.3785
0.3301
0.3247
0.3015
0.30720000000000003
0.35619999999999996
0.5428
0.9781000000000001
1.4756
1.7138
0.8433999999999999
0.5423
0.4595
3.3609
0.0148
8.0905
7.7875
2.3240999999999996
0.4076
0.0655
0.1196
0.1122
0.09159999999999999
0.0819
0.09659999999999999
0.1122
0.11
0.254
1.1299
0.1588
0.0767
0.1152
0.1785
0.1817
0.2598
0.2203
0.1633
0.1126
3.688
3.5084
3.0695
0.7457
0.3977
0.3337
0.377
0.3286
0.2447
0.3231
0.8573
1.0464
0.2451
0.1679
0.1592
0.1647
0.1709
0.18309999999999998
0.1768
0.1431
0.18330000000000002
0.2119
0.2618
1.0887
0.4359
0.0477
0.6235999999999999
0.1935
0.0
0.0008
0.0241
0.0178
0.0141
0.019
0.0322
0.0326
0.036
0.0155
0.0293
0.0116
0.0095
0.6705
0.0291
0.0508
0.0001
0.0042
0.0108
0.1474
0.7056
1.063
1.2005
1.499
1.3952
0.30779999999999996
0.45030000000000003
0.9679
0.0303
0.0023
0.0349
0.0473
0.0408
0.042499999999999996
0.0576
0.0691
0.058300000000000005
0.0537
0.3357
1.1234
0.0352
0.0934
0.09920000000000001
0.1217
0.9617
0.439
0.1639
0.12059999999999998
0.058399999999999994
1.2858
1.6808
0.2223
0.2089
0.2475
0.241
0.2082
0.18780000000000002
0.1402
1.017
0.5944
1.411
0.6604000000000001
0.652
0.569
0.9394
1.8639000000000001
1.3446
1.6706
5.556800000000001
4.8442
4.3192
2.627
0.12940000000000002
0.09820000000000001
0.0945
0.1112
0.1241
0.1315
0.13419999999999999
0.125
0.1385
0.1198
0.11069999999999999
0.1132
0.1018
0.1116
0.1014
0.5442
0.1597
0.1719
0.1597
0.8465
2.94
1.4523000000000001
1.6152
1.0272999999999999
0.628
0.5222
0.4292
0.4415
0.4768
0.4202
0.3785
0.3301
0.3247
0.3015
0.30720000000000003
0.35619999999999996
0.5428
0.9781000000000001
1.4756
1.7138
0.8433999999999999
0.5423
0.4595
3.3609
0.0148
8.0905
7.7875
2.3240999999999996
0.4076
0.0655
0.1196
0.1122
0.09159999999999999
0.0819
0.09659999999999999
0.1122
0.11
0.254
1.1299
0.1588
0.0767
0.1152
0.1785
0.1817
0.2598
0.2203
0.1633
0.1126
3.688
3.5084
3.0695
0.7457
0.3977
0.3337
0.377
0.3286
0.2447
0.3231
0.8573
1.0464
0.2451
0.1679
0.1592
0.1647
0.1709
0.18309999999999998
0.1768
0.1431
0.18330000000000002
0.2119
0.2618
1.0887
0.4359
0.0477
0.6235999999999999
0.1935
0.0
0.0008
0.0241
0.0178
0.0141
0.019
0.0322
0.0326
0.036
0.0155
0.0293
0.0116
0.0095
0.6705
0.0291
0.0508
0.0001
0.0042
0.0108
0.1474
0.7056
1.063
1.2005
1.499
1.3952
0.30779999999999996
0.45030000000000003
0.9679
0.0303
0.0023
0.0349
0.0473
0.0408
0.042499999999999996
0.0576
0.0691
0.058300000000000005
0.0537
0.3357
1.1234
0.0352
0.0934
0.09920000000000001
0.1217
0.9617
0.439
0.1639
0.12059999999999998
0.058399999999999994
1.2858
1.6808
0.2223
0.2089
0.2475
0.241
0.2082
0.18780000000000002
0.1402
1.017
0.5944
1.411
0.6604000000000001
0.652
0.569
0.9394
1.8639000000000001
1.3446
1.6706
5.556800000000001
4.8442
4.3192
2.627
0.12940000000000002
0.09820000000000001
0.0945
0.1112
0.1241
0.1315
0.13419999999999999
0.125
0.1385
0.1198
0.11069999999999999
0.1132
0.1018
0.1116
0.1014
0.5442
0.1597
0.1719
0.1597
0.8465
2.94
1.4523000000000001
1.6152
1.0272999999999999
0.628
0.5222
0.4292
0.4415
0.4768
0.4202
0.3785
0.3301
0.3247
0.3015
0.30720000000000003
0.35619999999999996
0.5428
0.9781000000000001
1.4756
1.7138
0.8433999999999999
0.5423
0.4595
3.3609
0.0148
8.0905
7.7875
2.3240999999999996
0.4076
0.0655
0.1196
0.1122
0.09159999999999999
0.0819
0.09659999999999999
0.1122
0.11
0.254
1.1299
0.1588
0.0767
0.1152
0.1785
0.1817
0.2598
0.2203
0.1633
0.1126
3.688
3.5084
3.0695
0.7457
0.3977
0.3337
0.377
0.3286
0.2447
0.3231
0.8573
1.0464
0.2451
0.1679
0.1592
0.1647
0.1709
0.18309999999999998
0.1768
0.1431
0.18330000000000002
0.2119
0.2618
1.0887
0.4359
0.0477
0.6235999999999999
0.1935
0.0
0.0008
0.0241
0.0178
0.0141
0.019
0.0322
0.0326
0.036
0.0155
0.0293
0.0116
0.0095
0.6705
0.0291
0.0508
0.0001
0.0042
0.0108
0.1474
0.7056
1.063
1.2005
1.499
1.3952
0.30779999999999996
0.45030000000000003
0.9679
0.0303
0.0023
0.0349
0.0473
0.0408
0.042499999999999996
0.0576
0.0691
0.058300000000000005
0.0537
0.3357
1.1234
0.0352
0.0934
0.09920000000000001
0.1217
0.9617
0.439
0.1639
0.12059999999999998
0.058399999999999994
1.2858
1.6808
0.2223
0.2089
0.2475
0.241
0.2082
0.18780000000000002
0.1402
1.017
0.5944
1.411
0.6604000000000001
0.652
0.569
0.9394
1.8639000000000001
1.3446
1.6706
5.556800000000001
4.8442
4.3192
2.627
0.12940000000000002
0.09820000000000001
0.0945
0.1112
0.1241
0.1315
0.13419999999999999
0.125
0.1385
0.1198
0.11069999999999999
0.1132
0.1018
0.1116
0.1014
0.5442
0.1597
0.1719
0.1597
0.8465
2.94
1.4523000000000001
1.6152
1.0272999999999999
0.628
0.5222
0.4292
0.4415
0.4768
0.4202
0.3785
0.3301
0.3247
0.3015
0.30720000000000003
0.35619999999999996
0.5428
0.9781000000000001
1.4756
1.7138
0.8433999999999999
0.5423
0.4595
3.3609
0.0148
8.0905
7.7875
2.3240999999999996
0.4076
0.0655
0.1196
0.1122
0.09159999999999999
0.0819
0.09659999999999999
0.1122
0.11
0.254
1.1299
0.1588
0.0767
0.1152
0.1785
0.1817
0.2598
0.2203
0.1633
0.1126
